00|02|0|270|8.7|26.2|225|30.1|45.5|0.02|0.14|42.9352|15.501
00|03|0|270|10.2|26.2|225|29.3|46.1|0.02|0.14|42.9383|15.5945
00|04|0|270|10.2|26.2|225|28.8|46.5|0.01|0.14|42.9424|14.7936
00|07|0|270|8.7|26.2|225|28.2|47.1|0.01|0.14|42.9465|15.657
00|08|0|270|7.3|26.2|225|28.2|47.0|0.01|0.14|42.9454|15.657
00|09|0|315|11.6|26.2|225|28.2|47.0|0.01|0.14|42.9517|15.657
00|10|0|315|5.8|26.2|225|28.2|46.5|0.01|0.14|42.9486|14.7936
00|12|0|270|11.6|26.2|225|28.9|45.2|0.01|0.14|42.9481|13.9299
00|19|0|315|10.2|27.6|315|35.2|44.5|0.01|0.14|42.9466|18.1696
00|22|0|315|8.7|27.6|315|33.7|45.2|0.01|0.14|42.9463|17.6913
00|23|0|315|11.3|27.6|315|33.2|45.5|0.01|0.14|42.9501|17.6913
00|24|0|270|16.0|27.6|315|32.8|45.7|0.01|0.14|42.9531|16.9816
00|25|0|270|10.2|27.6|315|32.5|46.0|0.01|0.14|42.9592|17.8582
00|26|0|270|5.8|27.6|315|32.1|46.1|0.01|0.14|42.9655|17.8582
00|28|0|270|22.6|27.6|315|34.2|46.2|0.01|0.14|42.9649|19.2648
00|29|0|225|6.4|27.6|315|34.3|46.2|0.01|0.14|42.9679|19.2648
00|33|0|270|4.4|27.6|315|33.1|46.5|0.01|0.14|42.967|18.571
00|34|0|315|7.3|27.6|315|32.6|46.4|0.01|0.14|42.9724|17.8582
00|35|0|315|13.1|27.6|315|31.1|46.0|0.01|0.14|42.9701|17.1254
00|37|0|315|5.8|27.6|315|30.4|44.8|0.01|0.15|42.9689|14.6304
00|39|0|315|4.4|27.6|315|30.5|44.2|0.01|0.15|42.9729|14.6304
00|41|0|270|4.4|27.6|315|31.5|43.0|0.01|0.15|42.9813|14.5041
00|42|0|270|3.2|27.6|315|31.8|42.7|0.01|0.15|42.9827|13.6299
00|44|0|225|4.4|27.6|315|32.2|42.0|0.01|0.15|42.9806|14.3503
00|45|0|225|1.5|27.6|315|32.8|41.8|0.01|0.15|42.9783|13.4726
00|46|0|225|1.6|27.6|315|33.5|41.7|0.01|0.15|42.9772|14.1703
00|49|0|270|1.6|27.6|315|34.9|41.5|0.01|0.15|42.9725|14.8495
00|50|0|270|0.0|27.6|315|35.3|41.6|0.01|0.15|42.9723|15.511
00|51|0|270|1.5|27.6|315|35.6|41.5|0.01|0.15|42.9714|15.511
00|52|0|270|1.5|27.6|315|35.7|41.5|0.01|0.15|42.9719|15.511
00|54|0|270|2.9|27.6|315|36.6|41.5|0.01|0.15|42.9755|16.1561
00|56|0|270|0.0|27.6|315|36.8|41.5|0.01|0.15|42.9759|16.1561
00|59|0|203|1.5|27.6|315|36.8|41.5|0.01|0.15|42.9797|16.1561
01|01|0|315|2.9|27.6|315|37.7|41.5|0.01|0.15|42.9807|16.7853
01|05|0|225|1.6|27.6|315|38.9|41.6|0.01|0.15|42.9827|17.3997
01|07|0|315|4.4|27.6|315|38.9|41.6|0.01|0.15|42.9826|17.3997
01|10|0|315|4.4|27.6|315|37.9|41.2|0.01|0.15|42.9846|16.7853
01|11|0|315|3.2|27.6|315|37.8|41.1|0.01|0.15|42.9901|16.7853
01|12|0|270|1.5|27.6|315|37.9|41.1|0.02|0.17|42.9889|16.7853
01|19|0|315|1.6|27.6|315|37.7|41.0|0.03|0.18|42.9939|16.7853
01|20|0|270|0.0|27.6|315|38.0|40.9|0.03|0.18|42.9955|16.5049
01|21|0|225|1.6|27.6|315|38.1|40.8|0.03|0.18|42.9942|16.5049
01|23|0|180|1.5|27.6|315|38.2|40.5|0.03|0.18|42.9942|16.5049
01|24|0|180|0.0|27.6|315|38.4|40.5|0.03|0.18|42.9952|16.5049
01|25|0|225|1.6|27.6|315|38.6|40.4|0.03|0.18|42.9966|16.5049
01|26|0|225|1.6|27.6|315|38.9|40.4|0.03|0.18|42.997|16.5049
01|27|0|225|1.6|27.6|315|39.3|40.3|0.03|0.18|42.9954|17.1024
01|28|0|225|0.0|27.6|315|39.5|40.3|0.03|0.18|42.9972|17.1024
01|29|0|225|0.0|27.6|315|39.5|40.3|0.03|0.18|42.9968|17.1024
01|30|0|225|1.5|27.6|315|39.5|40.3|0.03|0.18|42.9964|17.1024
01|31|0|225|1.6|27.6|315|39.7|40.3|0.03|0.18|42.9987|17.1024
01|32|0|180|2.9|27.6|315|40.1|40.2|0.03|0.18|42.9955|17.6865
01|33|0|180|1.5|27.6|315|40.6|40.2|0.03|0.18|42.9964|17.6865
01|35|0|180|2.9|27.6|315|41.6|40.1|0.03|0.18|42.9952|18.2578
01|37|0|180|2.9|27.6|315|42.0|40.1|0.02|0.18|42.9971|18.8168
01|38|0|225|2.9|27.6|315|42.6|40.0|0.02|0.18|42.9963|18.8168
01|39|0|158|4.4|27.6|315|42.9|40.0|0.02|0.18|42.9962|18.8168
01|40|0|180|4.4|27.6|315|43.1|40.0|0.02|0.18|42.9953|19.3642
01|41|0|158|4.8|27.6|315|43.3|40.0|0.02|0.18|42.9953|19.3642
01|42|0|225|4.4|27.6|315|43.3|40.1|0.02|0.18|42.9933|19.3642
01|43|0|135|3.2|27.6|315|43.3|40.1|0.02|0.18|42.9932|19.3642
01|44|0|135|4.4|27.6|315|43.3|40.2|0.02|0.18|42.9923|19.3642
01|46|0|180|2.9|27.6|315|43.1|40.4|0.02|0.18|42.9949|19.3642
01|49|0|135|4.8|27.6|315|43.0|40.5|0.02|0.18|42.9946|19.3642
01|52|0|180|1.6|27.6|315|42.8|40.7|0.02|0.18|42.9958|18.8168
01|55|0|135|3.2|27.6|315|42.7|40.7|0.02|0.18|42.9948|18.8168
01|56|0|180|4.4|27.6|315|42.7|40.7|0.02|0.18|42.9941|18.8168
01|57|0|135|4.4|27.6|315|42.8|40.7|0.02|0.18|42.9942|18.8168
01|59|0|180|2.9|27.6|315|42.8|40.7|0.02|0.18|42.9951|18.8168
02|00|0|180|2.9|27.6|315|42.8|40.7|0.02|0.18|42.994|18.8168
02|02|0|180|1.5|27.6|315|42.8|40.7|0.02|0.18|42.9936|18.8168
02|04|0|180|4.4|27.6|315|42.7|40.7|0.02|0.18|42.9939|18.8168
02|11|0|135|1.5|27.6|315|42.0|41.5|0.02|0.18|42.986|19.7217
02|12|0|135|2.9|27.6|315|41.8|41.5|0.01|0.18|42.9851|19.1602
02|15|0|135|1.5|27.6|315|41.6|41.3|0.01|0.18|42.9906|19.1602
02|18|0|225|1.5|27.6|315|41.6|41.2|0.00|0.18|42.9931|19.1602
02|20|0|180|2.9|27.6|315|41.7|41.1|0.00|0.18|42.9949|19.1602
02|21|0|180|2.9|27.6|315|41.8|41.0|0.00|0.18|42.9971|19.1602
02|22|0|158|2.9|27.6|315|41.9|40.9|0.00|0.18|42.9953|18.2578
02|23|0|135|4.4|27.6|315|42.0|40.9|0.00|0.18|42.9963|18.8168
02|24|0|135|5.8|27.6|315|42.1|40.8|0.00|0.18|42.9977|18.8168
02|25|0|180|2.9|27.6|315|42.2|40.5|0.00|0.18|42.9968|18.8168
02|26|0|180|1.6|27.6|315|42.4|40.4|0.00|0.18|42.9979|18.8168
02|27|0|180|3.2|27.6|315|42.5|40.3|0.00|0.18|42.9962|18.8168
02|28|0|180|2.9|27.6|315|42.6|40.3|0.00|0.18|42.9963|18.8168
02|32|0|180|3.2|27.6|315|42.7|40.3|0.00|0.18|42.9923|18.8168
02|33|0|180|0.0|27.6|315|42.7|40.3|0.00|0.18|42.9932|18.8168
02|35|0|180|1.5|27.6|315|42.7|40.3|0.00|0.18|42.9898|18.8168
02|36|0|180|1.5|27.6|315|42.7|40.2|0.00|0.18|42.9873|18.8168
02|37|0|180|0.0|27.6|315|42.7|40.2|0.00|0.18|42.9897|18.8168
02|41|0|315|1.5|27.6|315|42.0|39.9|0.00|0.18|42.9884|17.9117
02|43|0|0|1.5|27.6|315|42.3|39.5|0.00|0.18|42.9941|17.9117
02|44|0|0|0.0|27.6|315|42.6|39.3|0.00|0.18|42.9954|17.9117
02|45|0|315|3.2|27.6|315|43.0|39.1|0.00|0.18|42.9969|18.4567
02|46|0|315|1.5|27.6|315|43.4|38.7|0.00|0.18|43.0025|17.549
02|49|0|0|1.6|27.6|315|44.4|38.2|0.00|0.18|43.0017|18.0804
02|50|0|0|3.2|27.6|315|44.7|38.0|0.00|0.18|43.0012|18.0804
02|52|0|0|1.6|27.6|315|44.9|37.6|0.00|0.18|43.0032|17.1702
02|53|0|0|1.6|27.6|315|45.1|37.4|0.00|0.18|43.0052|17.6887
02|54|0|315|1.6|27.6|315|45.1|37.3|0.00|0.18|43.0055|17.6887
02|56|0|315|1.5|27.6|315|45.4|37.0|0.01|0.19|43.0047|17.6887
02|59|0|270|0.0|27.6|315|45.9|36.7|0.01|0.19|43.0081|16.776
03|01|0|90|1.5|27.6|315|46.0|36.6|0.01|0.19|43.0146|17.2822
03|02|0|90|0.0|27.6|315|46.3|36.5|0.01|0.19|43.016|17.2822
03|03|0|225|2.9|27.6|315|46.3|36.4|0.01|0.19|43.0161|17.2822
03|06|0|315|2.9|27.6|315|47.2|36.4|0.01|0.19|43.015|17.7787
03|08|0|180|2.9|27.6|315|47.2|36.5|0.01|0.19|43.0161|17.7787
03|09|0|180|1.5|27.6|315|47.1|36.5|0.01|0.19|43.0172|17.7787
03|12|0|225|0.0|27.6|315|46.1|36.7|0.01|0.19|43.0149|17.2822
03|13|0|315|1.5|27.6|315|45.5|36.8|0.01|0.19|43.0132|16.776
03|14|0|315|1.5|27.6|315|45.2|36.7|0.01|0.19|43.0128|16.776
03|16|0|315|1.5|27.6|315|45.3|36.7|0.01|0.19|43.0134|16.776
03|17|0|315|0.0|27.6|315|45.2|36.8|0.01|0.19|43.0134|16.776
03|18|0|270|2.9|27.6|315|45.6|36.7|0.01|0.19|43.0151|16.776
03|22|0|0|2.9|27.6|315|45.2|36.5|0.01|0.19|43.0222|16.776
03|23|0|315|4.4|27.6|315|44.3|36.4|0.01|0.19|43.0238|16.2598
03|24|0|315|6.4|27.6|315|43.4|36.2|0.01|0.19|43.0264|15.733
03|26|0|315|7.3|27.6|315|42.9|35.9|0.01|0.19|43.0296|14.2892
03|27|0|0|4.4|27.6|315|42.8|35.8|0.01|0.19|43.0302|14.2892
03|28|0|0|4.4|27.6|315|42.8|35.8|0.01|0.19|43.028|14.2892
03|31|0|315|5.8|27.6|315|43.1|35.9|0.01|0.19|43.0252|14.8247
03|35|0|23|5.8|27.6|315|44.2|36.5|0.02|0.20|43.0207|16.2598
03|36|0|0|5.8|27.6|315|43.7|36.8|0.02|0.20|43.0162|15.733
03|37|0|0|8.7|27.6|315|43.4|37.2|0.02|0.20|43.016|16.6411
03|38|0|0|4.4|27.6|315|43.1|37.5|0.02|0.20|43.0193|16.6411
03|40|0|0|7.3|27.6|315|42.7|38.1|0.03|0.21|43.0185|17.0064
03|41|0|338|6.4|27.6|315|42.7|38.3|0.03|0.21|43.0177|17.0064
03|42|0|0|9.7|27.6|315|42.7|38.4|0.03|0.21|43.0154|17.0064
03|44|0|0|6.4|27.6|315|42.3|38.6|0.03|0.21|43.0177|17.0064
03|46|0|0|6.4|27.6|315|42.0|38.7|0.03|0.21|43.0189|17.0064
03|48|0|0|5.8|27.6|315|43.6|38.9|0.03|0.21|43.0197|17.549
03|49|0|23|11.6|27.6|315|44.1|38.9|0.03|0.21|43.0155|18.0804
03|50|0|0|8.0|27.6|315|44.6|38.9|0.03|0.21|43.0208|18.0804
03|54|0|0|5.8|27.6|315|45.0|38.7|0.03|0.21|43.0201|18.6013
03|59|0|338|11.3|27.6|315|45.6|38.3|0.02|0.21|43.024|18.6013
04|00|0|0|16.0|27.6|315|45.6|38.1|0.02|0.21|43.0272|18.6013
04|01|0|0|8.7|27.6|315|46.1|37.8|0.02|0.21|43.0275|18.1971
04|06|0|0|7.3|27.6|315|49.7|37.2|0.02|0.21|43.0286|19.6656
04|07|0|315|5.8|27.6|315|50.1|37.1|0.02|0.21|43.0288|20.1374
04|08|0|315|5.8|27.6|315|50.4|37.0|0.02|0.21|43.0345|20.1374
04|09|0|0|7.3|27.6|315|51.6|36.7|0.02|0.21|43.0354|19.6752
04|11|0|0|6.4|27.6|315|52.6|36.6|0.02|0.21|43.0372|20.1287
04|12|0|0|8.7|27.6|315|53.5|36.5|0.02|0.21|43.0365|20.5744
04|13|0|0|6.4|27.6|315|55.5|36.4|0.02|0.21|43.0354|21.444
04|14|0|0|4.8|27.6|315|57.0|36.3|0.02|0.21|43.0352|22.286
04|16|0|0|9.7|27.6|315|59.8|35.9|0.02|0.21|43.0321|22.1611
04|18|0|0|8.0|27.6|315|61.3|35.8|0.02|0.21|43.0329|22.9495
04|20|0|0|5.8|27.6|315|62.0|35.7|0.02|0.21|43.0311|23.3352
04|22|0|0|10.2|27.6|315|62.7|35.7|0.02|0.21|43.0279|23.3352
04|23|0|0|5.8|27.6|315|63.5|35.6|0.02|0.21|43.0289|23.7154
04|25|0|0|5.8|27.6|315|64.9|35.6|0.02|0.21|43.028|24.0903
04|27|0|315|3.2|27.6|315|65.7|35.6|0.02|0.21|43.0302|24.46
04|28|0|0|4.8|27.6|315|65.7|35.7|0.02|0.21|43.0297|24.46
04|29|0|0|3.2|27.6|315|65.7|35.6|0.02|0.21|43.0284|24.46
04|30|0|0|5.8|27.6|315|65.9|35.6|0.02|0.21|43.026|24.46
04|33|0|315|5.8|27.6|315|66.4|35.6|0.02|0.21|43.0297|24.8247
04|34|0|0|3.2|27.6|315|66.5|35.7|0.01|0.21|43.0305|24.8247
04|39|0|315|4.4|27.6|315|66.7|35.8|0.00|0.21|43.0327|24.8247
04|40|0|315|4.4|27.6|315|66.7|35.8|0.00|0.21|43.0333|24.8247
04|41|0|315|4.4|27.6|315|66.6|35.6|0.00|0.21|43.0301|24.8247
04|46|0|315|2.9|27.6|315|66.3|35.4|0.00|0.21|43.0326|24.8247
04|48|0|315|1.6|27.6|315|66.2|35.5|0.00|0.21|43.0349|24.8247
04|52|0|0|2.9|27.6|315|65.6|35.8|0.00|0.21|43.0355|24.46
04|54|0|0|1.6|27.6|315|64.9|35.8|0.00|0.21|43.0354|24.0903
04|55|0|315|1.5|27.6|315|64.8|35.7|0.00|0.21|43.0363|24.0903
04|56|0|225|1.5|27.6|315|64.7|35.8|0.00|0.21|43.037|24.0903
04|57|0|270|1.5|27.6|315|64.9|35.8|0.00|0.21|43.0391|24.0903
04|58|0|270|2.9|27.6|315|64.9|35.7|0.00|0.21|43.0403|24.0903
05|00|0|270|3.2|27.6|315|65.8|35.6|0.00|0.21|43.0395|24.46
05|01|0|270|1.5|27.6|315|66.2|35.6|0.01|0.22|43.0391|24.8247
05|07|0|270|0.0|27.6|315|67.9|35.5|0.01|0.22|43.0399|25.1846
05|08|0|270|0.0|27.6|315|67.8|35.5|0.01|0.22|43.0396|25.1846
05|10|0|270|0.0|27.6|315|68.5|35.4|0.01|0.22|43.0405|25.5397
05|11|0|270|1.5|27.6|315|68.8|35.4|0.01|0.22|43.0401|25.5397
05|12|0|315|1.5|27.6|315|69.5|35.3|0.01|0.22|43.0396|25.8902
05|17|0|270|4.8|27.6|315|72.5|34.7|0.01|0.22|43.0441|25.9526
05|19|0|270|1.5|27.6|315|73.8|34.4|0.01|0.22|43.0431|26.2844
05|23|0|270|1.5|27.6|315|75.4|34.0|0.01|0.22|43.0435|26.9362
05|28|0|315|3.2|27.6|315|77.3|33.9|0.02|0.23|43.04|26.6024
05|29|0|315|1.6|27.6|315|77.4|33.9|0.02|0.23|43.0397|26.6024
05|30|0|270|1.5|27.6|315|77.5|33.8|0.03|0.24|43.0421|26.6024
05|34|0|270|2.9|27.6|315|78.9|33.5|0.03|0.24|43.0461|26.9137
05|35|0|315|4.4|27.6|315|79.4|33.2|0.03|0.24|43.0431|27.2216
05|37|0|270|6.4|27.6|315|80.7|32.9|0.03|0.24|43.0424|26.5514
05|38|0|315|5.8|27.6|315|81.3|32.8|0.03|0.24|43.0427|26.851
05|39|0|315|2.9|27.6|315|81.6|32.6|0.03|0.24|43.042|26.851
05|41|0|315|4.4|27.6|315|81.8|32.5|0.03|0.24|43.0412|26.851
05|44|0|270|1.6|27.6|315|82.3|32.5|0.03|0.24|43.0479|27.1475
05|47|0|225|1.5|27.6|315|82.7|32.5|0.03|0.24|43.0514|27.1475
05|48|0|270|4.4|27.6|315|82.7|32.6|0.03|0.24|43.052|27.1475
05|49|0|270|1.5|27.6|315|82.7|32.5|0.03|0.24|43.0502|27.1475
05|50|0|270|1.5|27.6|315|82.8|32.5|0.03|0.24|43.0502|27.1475
05|52|0|270|2.9|27.6|315|83.3|32.3|0.03|0.24|43.0502|27.4407
05|55|0|315|2.9|27.6|315|84.1|32.1|0.03|0.24|43.0495|27.7308
05|58|0|315|2.9|27.6|315|84.3|32.0|0.03|0.24|43.0493|27.7308
05|59|0|315|2.9|27.6|315|84.4|32.0|0.03|0.24|43.0483|27.7308
06|00|0|270|3.2|27.6|315|84.7|31.9|0.03|0.24|43.0482|26.7507
06|02|0|225|2.9|27.6|315|85.0|31.9|0.02|0.24|43.0485|27.0364
06|05|0|270|4.4|27.6|315|85.5|31.8|0.02|0.24|43.0463|27.0364
06|06|0|270|4.4|27.6|315|85.5|31.8|0.02|0.24|43.0448|27.0364
06|07|0|270|5.8|27.6|315|85.4|31.8|0.02|0.24|43.0439|27.0364
06|09|0|270|3.2|27.6|315|85.5|31.8|0.02|0.24|43.0454|27.0364
06|11|0|270|5.8|27.6|315|85.3|31.8|0.02|0.24|43.043|27.0364
06|12|0|270|4.4|27.6|315|85.4|31.8|0.02|0.24|43.0441|27.0364
06|17|0|270|4.8|27.6|315|84.8|31.7|0.02|0.24|43.0426|26.7507
06|20|0|315|2.9|27.6|315|84.1|31.8|0.02|0.24|43.0453|26.7507
06|21|0|315|4.4|27.6|315|83.7|31.9|0.02|0.24|43.0466|26.4619
06|22|0|270|2.9|27.6|315|83.6|31.9|0.02|0.24|43.0462|26.4619
06|28|0|270|3.2|27.6|315|82.8|32.0|0.01|0.24|43.0492|27.1475
06|32|0|315|1.5|27.6|315|82.3|32.0|0.00|0.24|43.051|27.1475
06|37|0|315|2.9|27.6|315|82.2|32.2|0.00|0.24|43.0567|27.1475
06|39|0|315|5.8|27.6|315|82.8|32.1|0.00|0.24|43.0541|27.1475
06|40|0|315|2.9|27.6|315|83.6|32.0|0.00|0.24|43.0527|27.4407
06|42|0|315|3.2|27.6|315|84.7|31.9|0.01|0.25|43.0547|26.7507
06|43|0|270|3.2|27.6|315|85.0|31.9|0.01|0.25|43.0561|27.0364
06|45|0|315|7.3|27.6|315|85.4|31.9|0.01|0.25|43.0577|27.0364
06|46|0|315|5.8|27.6|315|86.0|31.9|0.01|0.25|43.0579|27.3192
06|47|0|315|1.5|27.6|315|86.1|31.9|0.01|0.25|43.0606|27.3192
06|48|0|270|1.6|27.6|315|86.3|31.9|0.01|0.25|43.0598|27.3192
06|49|0|315|1.5|27.6|315|86.4|31.9|0.01|0.25|43.062|27.3192
06|50|0|180|1.5|27.6|315|86.5|31.9|0.01|0.25|43.0604|27.3192
06|51|0|315|2.9|27.6|315|86.5|31.9|0.01|0.25|43.0619|27.3192
06|52|0|270|2.9|27.6|315|86.5|31.9|0.01|0.25|43.0628|27.3192
06|53|0|270|3.2|27.6|315|86.5|31.9|0.01|0.25|43.0634|27.3192
06|57|0|315|4.4|27.6|315|86.8|32.2|0.01|0.25|43.0658|28.302
06|58|0|270|0.0|27.6|315|86.7|32.2|0.01|0.25|43.0665|28.302
06|59|0|315|2.9|27.6|315|86.4|32.3|0.01|0.25|43.0651|28.302
07|04|0|315|2.9|27.6|315|86.2|32.3|0.02|0.26|43.0657|28.302
07|06|0|315|1.5|27.6|315|86.0|32.3|0.02|0.26|43.0659|28.302
07|10|0|315|3.2|27.6|315|85.7|32.3|0.02|0.26|43.0648|28.0179
07|11|0|0|1.6|27.6|315|85.6|32.3|0.02|0.26|43.0651|28.0179
07|12|0|315|1.5|27.6|315|85.6|32.3|0.02|0.26|43.0652|28.0179
07|13|0|315|1.5|27.6|315|85.6|32.3|0.02|0.26|43.0666|28.0179
07|14|0|315|3.2|27.6|315|85.6|32.2|0.02|0.26|43.0646|28.0179
07|17|0|315|3.2|27.6|315|86.1|32.0|0.02|0.26|43.0605|28.302
07|21|0|0|1.5|27.6|315|86.1|32.1|0.02|0.26|43.0644|28.302
07|22|0|0|1.5|27.6|315|86.1|32.1|0.02|0.26|43.0645|28.302
07|23|0|315|1.6|27.6|315|86.1|32.1|0.02|0.26|43.063|28.302
07|26|0|0|1.5|27.6|315|86.1|32.2|0.02|0.26|43.0618|28.302
07|27|0|0|0.0|27.6|315|86.1|32.3|0.02|0.26|43.0633|28.302
07|28|0|315|2.9|27.6|315|85.9|32.5|0.02|0.26|43.0613|28.0179
07|29|0|315|2.9|27.6|315|85.9|32.5|0.02|0.26|43.0618|28.0179
07|30|0|315|1.6|27.6|315|86.0|32.3|0.02|0.26|43.0609|28.302
07|31|0|0|1.5|27.6|315|86.1|32.3|0.02|0.26|43.0578|28.302
07|32|0|315|1.5|27.6|315|86.1|32.3|0.02|0.26|43.0584|28.302
07|33|0|315|2.9|27.6|315|86.2|32.2|0.02|0.26|43.0571|28.302
07|34|0|315|2.9|27.6|315|86.2|32.2|0.02|0.26|43.0593|28.302
07|36|0|225|0.0|27.6|315|86.3|32.2|0.02|0.26|43.0617|28.302
07|37|0|225|1.5|27.6|315|86.2|32.2|0.02|0.26|43.0606|28.302
07|38|0|225|2.9|27.6|315|86.3|32.2|0.02|0.26|43.0611|28.302
07|39|0|225|2.9|27.6|315|86.3|32.2|0.02|0.26|43.0612|28.302
07|40|0|225|1.6|27.6|315|86.2|32.2|0.01|0.26|43.0614|28.302
07|41|0|225|1.5|27.6|315|86.1|32.2|0.01|0.26|43.0627|28.302
07|42|0|180|2.9|27.6|315|86.3|32.2|0.01|0.26|43.0617|28.302
07|43|0|180|2.9|27.6|315|86.4|32.2|0.01|0.26|43.0626|28.302
07|45|0|180|1.6|27.6|315|86.4|32.2|0.01|0.26|43.0653|28.302
07|46|0|180|2.9|27.6|315|86.4|32.2|0.01|0.26|43.0672|28.302
07|47|0|180|1.5|27.6|315|86.5|32.2|0.01|0.26|43.0654|28.302
07|48|0|180|0.0|27.6|315|86.5|32.2|0.01|0.26|43.0623|28.302
07|49|0|180|0.0|27.6|315|86.4|32.3|0.01|0.26|43.0636|28.302
07|50|0|180|0.0|27.6|315|86.2|32.3|0.01|0.26|43.0634|28.302
07|51|0|180|0.0|27.6|315|86.1|32.3|0.01|0.26|43.0649|28.302
07|53|0|180|0.0|27.6|315|85.9|32.5|0.01|0.26|43.0695|28.0179
07|54|0|180|0.0|27.6|315|85.9|32.5|0.01|0.26|43.071|28.0179
07|55|0|180|1.5|27.6|315|85.8|32.6|0.01|0.26|43.0719|28.0179
07|56|0|180|0.0|27.6|315|85.7|32.6|0.01|0.26|43.0728|28.0179
07|57|0|180|0.0|27.6|315|85.7|32.6|0.01|0.26|43.0737|28.0179
07|58|0|180|0.0|27.6|315|85.6|32.6|0.01|0.26|43.0759|28.0179
08|00|0|180|0.0|27.6|315|85.4|32.7|0.01|0.26|43.0772|28.0179
08|01|0|180|1.6|27.6|315|85.4|32.7|0.00|0.26|43.0764|28.0179
08|02|0|180|1.5|27.6|315|85.4|32.7|0.00|0.26|43.0763|28.0179
08|04|0|180|0.0|27.6|315|85.4|32.8|0.00|0.26|43.0772|28.0179
08|05|0|180|0.0|27.6|315|85.4|32.8|0.00|0.26|43.0766|28.0179
08|06|0|180|1.5|27.6|315|85.3|32.8|0.00|0.26|43.0769|28.0179
08|07|0|180|0.0|27.6|315|85.3|32.8|0.00|0.26|43.0794|28.0179
08|08|0|180|0.0|27.6|315|85.2|32.8|0.00|0.26|43.0777|28.0179
08|09|0|180|0.0|27.6|315|85.2|32.8|0.00|0.26|43.0772|28.0179
08|10|0|180|0.0|27.6|315|85.2|32.9|0.00|0.26|43.0785|28.0179
08|11|0|180|0.0|27.6|315|85.1|32.9|0.00|0.26|43.0778|28.0179
08|12|0|180|0.0|27.6|315|85.1|32.9|0.00|0.26|43.0796|28.0179
08|13|0|180|0.0|27.6|315|85.1|32.9|0.00|0.26|43.0806|28.0179
08|14|0|180|1.5|27.6|315|85.2|33.0|0.00|0.26|43.0841|28.9993
08|16|0|180|1.6|27.6|315|85.2|33.0|0.00|0.26|43.0865|28.9993
08|17|0|180|0.0|27.6|315|85.1|33.0|0.00|0.26|43.0871|28.9993
08|18|0|180|2.9|27.6|315|85.1|33.0|0.00|0.26|43.0895|28.9993
08|19|0|180|1.6|27.6|315|85.1|33.0|0.00|0.26|43.0899|28.9993
08|20|0|180|2.9|27.6|315|85.0|33.0|0.00|0.26|43.0888|28.9993
08|21|0|180|2.9|27.6|315|85.0|33.0|0.00|0.26|43.089|28.9993
08|22|0|180|1.6|27.6|315|85.0|33.0|0.00|0.26|43.0908|28.9993
08|23|0|180|2.9|27.6|315|85.0|33.0|0.00|0.26|43.0921|28.9993
08|25|0|180|3.2|27.6|315|85.0|33.0|0.00|0.26|43.0918|28.9993
08|26|0|180|1.5|27.6|315|85.1|33.0|0.00|0.26|43.0945|28.9993
08|27|0|203|1.5|27.6|315|85.0|33.0|0.00|0.26|43.0926|28.9993
08|28|0|203|0.0|27.6|315|85.0|33.0|0.00|0.26|43.0938|28.9993
08|29|0|203|2.9|27.6|315|84.9|33.0|0.00|0.26|43.0959|28.7109
08|30|0|135|2.9|27.6|315|84.9|33.0|0.00|0.26|43.0975|28.7109
08|31|0|135|1.5|27.6|315|84.9|33.0|0.00|0.26|43.0959|28.7109
08|32|0|180|3.2|27.6|315|84.9|32.9|0.00|0.26|43.0967|27.7308
08|33|0|180|1.5|27.6|315|84.8|32.9|0.00|0.26|43.0977|27.7308
08|34|0|180|1.5|27.6|315|84.8|33.0|0.00|0.26|43.0984|28.7109
08|35|0|180|0.0|27.6|315|84.8|32.9|0.00|0.26|43.0981|27.7308
08|36|0|180|1.5|27.6|315|84.9|32.9|0.00|0.26|43.0965|27.7308
08|37|0|158|4.4|27.6|315|84.9|32.9|0.00|0.26|43.0968|27.7308
08|38|0|180|2.9|27.6|315|85.0|32.9|0.00|0.26|43.0985|28.0179
08|39|0|135|1.5|27.6|315|85.0|32.9|0.00|0.26|43.099|28.0179
08|42|0|135|1.6|27.6|315|85.2|32.8|0.00|0.26|43.0993|28.0179
08|43|0|135|2.9|27.6|315|85.2|32.8|0.00|0.26|43.0998|28.0179
08|46|0|135|1.6|27.6|315|85.2|32.8|0.00|0.26|43.0997|28.0179
08|47|0|135|0.0|27.6|315|85.2|32.8|0.00|0.26|43.0992|28.0179
08|48|0|45|1.6|27.6|315|85.1|32.8|0.00|0.26|43.0955|28.0179
08|49|0|179|1.5|27.6|315|85.1|32.8|0.00|0.26|43.0949|28.0179
08|50|0|0|2.9|27.6|315|85.2|32.8|0.00|0.26|43.0915|28.0179
08|51|0|45|3.2|27.6|315|85.2|32.7|0.00|0.26|43.0855|28.0179
08|52|0|45|4.4|27.6|315|85.4|32.7|0.00|0.26|43.0831|28.0179
08|53|0|0|3.2|27.6|315|85.6|32.6|0.00|0.26|43.0791|28.0179
08|54|0|45|2.9|27.6|315|86.0|32.5|0.00|0.26|43.0751|28.302
08|55|0|0|4.4|27.6|315|86.4|32.3|0.00|0.26|43.0743|28.302
08|56|0|0|2.9|27.6|315|86.7|32.3|0.00|0.26|43.0737|28.302
08|57|0|0|4.4|27.6|315|87.0|32.2|0.00|0.26|43.0751|28.5832
08|58|0|45|1.5|27.6|315|87.1|32.3|0.00|0.26|43.0813|28.5832
08|59|0|0|0.0|27.6|315|87.1|32.3|0.01|0.28|43.0865|28.5832
09|00|0|0|0.0|27.6|315|87.0|32.3|0.01|0.28|43.0922|28.5832
09|01|0|225|2.9|27.6|315|86.9|32.3|0.01|0.28|43.0962|28.302
09|02|0|225|1.5|27.6|315|86.9|32.3|0.01|0.28|43.1002|28.302
09|04|0|135|1.5|27.6|315|87.0|32.3|0.01|0.28|43.1054|28.5832
09|05|0|135|1.5|27.6|315|86.9|32.3|0.01|0.28|43.103|28.302
09|06|0|135|0.0|27.6|315|86.9|32.3|0.01|0.28|43.1025|28.302
09|08|0|135|0.0|27.6|315|86.8|32.3|0.01|0.28|43.1023|28.302
09|09|0|135|0.0|27.6|315|86.8|32.3|0.01|0.28|43.1022|28.302
09|10|0|135|0.0|27.6|315|86.7|32.3|0.01|0.28|43.1027|28.302
09|11|0|180|1.5|27.6|315|86.7|32.3|0.01|0.28|43.1029|28.302
09|12|0|180|1.5|27.6|315|86.7|32.3|0.01|0.28|43.1044|28.302
09|13|0|180|1.6|27.6|315|86.8|32.3|0.01|0.28|43.1067|28.302
09|14|0|135|2.9|27.6|315|87.0|32.2|0.01|0.28|43.109|28.5832
09|15|0|158|2.9|27.6|315|87.1|32.2|0.01|0.28|43.1108|28.5832
09|16|0|158|0.0|27.6|315|87.3|32.2|0.01|0.28|43.1094|28.5832
09|17|0|180|1.5|27.6|315|87.3|32.2|0.01|0.28|43.1086|28.5832
09|18|0|180|1.5|27.6|315|87.4|32.2|0.01|0.28|43.1061|28.5832
09|19|0|180|0.0|27.6|315|87.4|32.2|0.01|0.28|43.1055|28.5832
09|20|0|180|0.0|27.6|315|87.4|32.2|0.01|0.28|43.1042|28.5832
09|21|0|180|1.5|27.6|315|87.4|32.2|0.01|0.28|43.1064|28.5832
09|22|0|180|0.0|27.6|315|87.5|32.2|0.01|0.28|43.1062|28.5832
09|23|0|135|2.9|27.6|315|87.6|32.2|0.01|0.28|43.1084|28.5832
09|24|0|135|3.2|27.6|315|87.8|32.1|0.01|0.28|43.1072|28.5832
09|25|0|180|2.9|27.6|315|88.1|32.1|0.01|0.28|43.1095|28.8615
09|26|0|135|2.9|27.6|315|88.3|32.1|0.01|0.28|43.1117|28.8615
09|27|0|180|1.6|27.6|315|88.4|32.1|0.01|0.28|43.1126|28.8615
09|29|0|180|4.4|27.6|315|88.5|32.1|0.01|0.28|43.1126|28.8615
09|30|0|225|1.6|27.6|315|88.7|32.1|0.01|0.28|43.1124|28.8615
09|31|0|135|2.9|27.6|315|88.7|32.1|0.01|0.28|43.1107|28.8615
09|32|0|135|2.9|27.6|315|88.8|32.2|0.01|0.28|43.11|28.8615
09|33|0|135|1.5|27.6|315|88.8|32.2|0.01|0.28|43.1094|28.8615
09|34|0|135|2.9|27.6|315|88.8|32.3|0.01|0.28|43.1134|28.8615
09|35|0|135|1.5|27.6|315|88.8|32.3|0.02|0.29|43.1128|28.8615
09|37|0|135|2.9|27.6|315|88.7|32.3|0.02|0.29|43.1188|28.8615
09|38|0|135|3.2|27.6|315|88.7|32.3|0.02|0.29|43.1206|28.8615
09|39|0|135|4.4|27.6|315|88.7|32.2|0.02|0.29|43.122|28.8615
09|40|0|180|4.8|27.6|315|88.8|32.3|0.02|0.29|43.1249|28.8615
09|41|0|180|4.4|27.6|315|88.8|32.3|0.02|0.29|43.1244|28.8615
09|42|0|203|2.9|27.6|315|88.9|32.3|0.02|0.29|43.1244|28.8615
09|43|0|180|4.8|27.6|315|89.0|32.3|0.02|0.29|43.1259|29.1371
09|44|0|180|2.9|27.6|315|89.0|32.3|0.02|0.29|43.1251|29.1371
09|45|0|203|3.2|27.6|315|89.0|32.5|0.02|0.29|43.1262|29.1371
09|46|0|135|2.9|27.6|315|89.0|32.6|0.02|0.29|43.1261|29.1371
09|47|0|180|2.9|27.6|315|88.9|32.6|0.02|0.29|43.1272|28.8615
09|48|0|180|1.5|27.6|315|88.9|32.7|0.02|0.29|43.1292|28.8615
09|50|0|225|1.5|27.6|315|88.8|32.7|0.02|0.29|43.1298|28.8615
09|51|0|180|1.6|27.6|315|88.8|32.8|0.02|0.29|43.1309|28.8615
09|52|0|180|1.5|27.6|315|88.8|32.8|0.02|0.29|43.1316|28.8615
09|53|0|180|2.9|27.6|315|88.7|32.8|0.02|0.29|43.1323|28.8615
09|54|0|180|3.2|27.6|315|88.7|32.8|0.02|0.29|43.1294|28.8615
09|55|0|135|2.9|27.6|315|88.7|32.8|0.02|0.29|43.1312|28.8615
09|56|0|180|2.9|27.6|315|88.7|32.8|0.02|0.29|43.131|28.8615
09|57|0|180|2.9|27.6|315|88.6|32.8|0.02|0.29|43.1347|28.8615
09|58|0|135|4.4|27.6|315|88.5|32.8|0.03|0.30|43.1321|28.8615
09|59|0|180|2.9|27.6|315|88.2|32.9|0.02|0.30|43.1303|28.8615
10|00|0|180|4.4|27.6|315|88.1|32.9|0.02|0.30|43.1289|28.8615
10|01|0|180|2.9|27.6|315|88.0|33.0|0.02|0.30|43.1279|29.8469
10|02|0|180|2.9|27.6|315|87.8|33.0|0.02|0.30|43.129|29.5672
10|03|0|135|2.9|27.6|315|87.4|33.1|0.02|0.30|43.1309|29.5672
10|04|0|180|3.2|27.6|315|87.1|33.1|0.02|0.30|43.1319|29.5672
10|05|0|135|4.8|27.6|315|86.7|33.2|0.02|0.30|43.1338|29.2847
10|06|0|135|2.9|27.6|315|85.9|33.2|0.02|0.30|43.1337|28.9993
10|07|0|135|2.9|27.6|315|85.6|33.3|0.02|0.30|43.1343|28.9993
10|08|0|180|4.4|27.6|315|85.0|33.5|0.02|0.30|43.1341|28.9993
10|11|0|135|1.5|27.6|315|83.2|33.6|0.02|0.30|43.1341|28.4194
10|13|0|135|1.6|27.6|315|82.3|33.8|0.02|0.30|43.1341|28.1248
10|16|0|90|2.9|27.6|315|80.7|34.1|0.02|0.30|43.1393|28.5006
10|17|0|90|4.4|27.6|315|80.3|34.2|0.02|0.30|43.1411|28.5006
10|18|0|90|2.9|27.6|315|78.8|34.2|0.02|0.30|43.1453|27.8855
10|19|0|90|2.9|27.6|315|78.6|34.2|0.02|0.30|43.142|27.8855
10|20|0|90|1.5|27.6|315|79.0|34.4|0.02|0.30|43.1426|28.1947
10|21|0|90|5.8|27.6|315|77.6|34.4|0.02|0.30|43.1426|27.5727
10|22|0|90|4.8|27.6|315|75.1|34.4|0.02|0.30|43.144|26.9362
10|24|0|90|5.8|27.6|315|75.4|34.5|0.02|0.30|43.1453|26.9362
10|25|0|135|4.4|27.6|315|75.3|34.6|0.02|0.30|43.1428|26.9362
10|26|0|179|3.2|27.6|315|74.7|34.6|0.02|0.30|43.1442|26.6123
10|27|0|45|5.8|27.6|315|74.4|34.6|0.02|0.30|43.1436|26.6123
10|28|0|68|5.8|27.6|315|73.8|34.6|0.02|0.30|43.1429|26.2844
10|29|0|90|3.2|27.6|315|72.4|34.6|0.02|0.30|43.1427|25.9526
10|30|0|90|4.4|27.6|315|72.8|34.6|0.02|0.30|43.1438|25.9526
10|31|0|90|6.5|27.6|315|73.1|34.6|0.02|0.30|43.1438|26.2844
10|32|0|90|5.8|27.6|315|73.0|34.7|0.03|0.31|43.1456|26.2844
10|33|0|90|4.8|27.6|315|73.1|34.7|0.03|0.31|43.1456|26.2844
10|34|0|135|2.9|27.6|315|72.6|34.7|0.02|0.31|43.1478|25.9526
10|35|0|90|1.5|27.6|315|72.2|34.7|0.02|0.31|43.1449|25.9526
10|36|0|135|3.2|27.6|315|73.0|34.8|0.02|0.31|43.148|26.2844
10|37|0|113|4.4|27.6|315|72.7|34.8|0.02|0.31|43.1492|25.9526
10|38|0|90|3.2|27.6|315|71.4|34.8|0.02|0.31|43.1506|25.6167
10|39|0|90|4.4|27.6|315|70.5|34.7|0.02|0.31|43.1495|25.2765
10|40|0|113|1.6|27.6|315|71.5|34.8|0.02|0.31|43.1503|25.6167
10|42|0|135|1.6|27.6|315|71.1|34.9|0.02|0.31|43.153|25.6167
10|44|0|90|3.2|27.6|315|70.6|35.0|0.03|0.32|43.1557|26.2363
10|45|0|90|1.5|27.6|315|69.8|35.2|0.03|0.32|43.1546|25.8902
10|46|0|135|1.6|27.6|315|70.2|35.3|0.03|0.32|43.1562|26.2363
10|48|0|158|1.5|27.6|315|69.3|35.4|0.03|0.32|43.1596|25.8902
10|49|0|135|2.9|27.6|315|69.8|35.5|0.03|0.32|43.1596|25.8902
10|50|0|90|1.5|27.6|315|68.9|35.5|0.03|0.32|43.1606|25.5397
10|51|0|135|1.5|27.6|315|69.2|35.6|0.03|0.32|43.1595|25.8902
10|52|0|135|2.9|27.6|315|69.1|35.7|0.03|0.32|43.1572|25.8902
10|53|0|135|2.9|27.6|315|69.7|35.7|0.03|0.32|43.1567|25.8902
10|54|0|135|2.9|27.6|315|70.7|35.8|0.03|0.32|43.1568|26.2363
10|55|0|90|1.5|27.6|315|69.9|35.8|0.03|0.32|43.1538|25.8902
10|58|0|90|7.3|27.6|315|65.4|35.8|0.02|0.32|43.1539|24.46
10|59|0|113|5.8|27.6|315|64.9|35.8|0.02|0.32|43.1543|24.0903
11|00|0|90|7.3|27.6|315|64.4|35.8|0.02|0.32|43.1543|24.0903
11|01|0|90|1.5|27.6|315|63.4|35.7|0.02|0.32|43.1581|23.7154
11|02|0|0|4.8|27.6|315|64.0|35.8|0.02|0.32|43.1574|24.0903
11|04|0|45|10.2|27.6|315|63.6|35.7|0.02|0.32|43.1622|23.7154
11|05|0|90|5.8|27.6|315|62.7|35.6|0.02|0.32|43.1627|23.3352
11|06|0|90|5.8|27.6|315|63.0|35.7|0.02|0.32|43.1626|23.7154
11|07|0|45|2.9|27.6|315|62.5|35.6|0.03|0.33|43.1642|23.3352
11|08|0|135|2.9|27.6|315|60.8|35.4|0.03|0.33|43.1624|22.5582
11|09|0|90|10.2|27.6|315|60.9|35.3|0.03|0.33|43.1602|22.5582
11|10|0|90|4.8|27.6|315|61.2|35.3|0.03|0.33|43.1578|22.9495
11|11|0|45|5.8|27.6|315|62.0|35.3|0.03|0.33|43.1595|23.3352
11|12|0|90|5.8|27.6|315|62.5|35.4|0.03|0.33|43.1593|23.3352
11|13|0|90|4.8|27.6|315|62.7|35.5|0.03|0.33|43.1493|23.3352
11|14|0|90|4.4|27.6|315|62.9|35.7|0.03|0.33|43.1484|23.3352
11|15|0|90|3.2|27.6|315|61.8|35.9|0.03|0.33|43.1438|22.9495
11|16|0|90|2.9|27.6|315|62.4|36.3|0.03|0.33|43.1471|24.2816
11|17|0|68|6.4|27.6|315|62.7|36.8|0.03|0.33|43.1475|24.2816
11|18|0|90|10.2|27.6|315|60.5|37.1|0.03|0.33|43.1449|24.4439
11|21|0|90|8.0|27.6|315|59.5|37.6|0.03|0.33|43.1499|24.0432
11|22|0|45|4.4|27.6|315|58.3|38.0|0.03|0.33|43.1536|24.5755
11|23|0|0|4.4|27.6|315|60.0|38.3|0.03|0.33|43.1572|25.3866
11|24|0|135|7.3|27.6|315|61.2|38.4|0.03|0.33|43.1548|25.7832
11|25|0|135|1.5|27.6|315|60.0|38.5|0.03|0.33|43.1546|25.3866
11|26|0|90|2.9|27.6|315|60.2|38.7|0.03|0.33|43.155|25.3866
11|27|0|0|5.8|27.6|315|58.7|38.6|0.03|0.33|43.1576|24.5755
11|28|0|90|7.3|27.6|315|57.8|38.5|0.03|0.33|43.1616|24.1605
11|29|0|45|5.8|27.6|315|56.3|38.2|0.03|0.33|43.1557|23.7391
11|30|0|23|2.9|27.6|315|55.6|38.2|0.03|0.33|43.155|23.311
11|31|0|90|2.9|27.6|315|56.8|38.3|0.02|0.33|43.149|23.7391
11|32|0|90|4.4|27.6|315|56.8|38.4|0.02|0.33|43.1458|23.7391
11|33|0|90|2.9|27.6|315|56.4|38.7|0.02|0.33|43.1452|23.7391
11|34|0|0|2.9|27.6|315|56.1|38.7|0.02|0.33|43.1507|23.7391
11|36|0|90|4.8|27.6|315|54.9|38.4|0.02|0.33|43.1547|22.8759
11|37|0|203|5.8|27.6|315|55.1|38.3|0.02|0.33|43.1584|23.311
11|38|0|90|5.8|27.6|315|55.8|38.2|0.02|0.33|43.1625|23.311
11|39|0|68|9.7|27.6|315|54.8|37.6|0.02|0.33|43.1578|21.9444
11|40|0|90|5.8|27.6|315|55.7|37.5|0.02|0.33|43.1622|22.3776
11|41|0|180|4.8|27.6|315|55.7|37.2|0.02|0.33|43.1618|22.3776
11|42|0|179|7.3|27.6|315|55.7|37.1|0.01|0.33|43.1636|22.3776
11|43|0|135|8.0|27.6|315|56.3|37.1|0.01|0.33|43.1608|22.8038
11|44|0|45|3.2|27.6|315|56.1|37.1|0.01|0.33|43.1665|22.8038
11|45|0|135|3.2|27.6|315|56.5|37.1|0.01|0.33|43.1676|22.8038
11|46|0|113|2.9|27.6|315|56.9|37.2|0.01|0.33|43.1695|22.8038
11|47|0|45|3.2|27.6|315|57.1|37.1|0.01|0.33|43.172|23.2233
11|48|0|68|2.9|27.6|315|57.3|37.2|0.01|0.33|43.1741|23.2233
11|49|0|45|2.9|27.6|315|56.3|37.1|0.01|0.33|43.1751|22.8038
11|50|0|45|4.8|27.6|315|55.2|37.1|0.01|0.33|43.1757|22.3776
11|51|0|90|5.8|27.6|315|54.7|36.7|0.01|0.33|43.1725|21.0128
11|52|0|45|6.4|27.6|315|55.3|36.6|0.01|0.33|43.1696|21.444
11|54|0|90|3.2|27.6|315|55.4|36.2|0.01|0.33|43.1731|21.444
11|55|0|113|7.3|27.6|315|55.6|36.0|0.01|0.33|43.1773|21.444
11|57|0|90|2.9|27.6|315|56.4|35.9|0.01|0.33|43.1786|20.9328
11|58|0|90|1.5|27.6|315|56.7|36.0|0.01|0.33|43.1805|21.8684
11|59|0|45|1.5|27.6|315|57.1|36.0|0.01|0.33|43.1846|22.286
12|01|0|68|4.8|27.6|315|56.3|36.2|0.01|0.33|43.1874|21.8684
12|02|0|90|5.8|27.6|315|55.0|35.9|0.01|0.33|43.1902|20.5103
12|03|0|90|4.8|27.6|315|55.4|35.9|0.01|0.33|43.1909|20.5103
12|04|0|90|4.4|27.6|315|55.2|35.8|0.01|0.33|43.1933|20.5103
12|05|0|135|2.9|27.6|315|54.6|35.7|0.01|0.33|43.1902|20.081
12|06|0|45|2.9|27.6|315|54.7|35.8|0.01|0.33|43.1912|20.081
12|07|0|90|2.9|27.6|315|55.0|35.9|0.00|0.33|43.1949|20.5103
12|08|0|90|3.2|27.6|315|55.4|35.9|0.00|0.33|43.1937|20.5103
12|09|0|135|3.2|27.6|315|56.3|35.9|0.00|0.33|43.1933|20.9328
12|10|0|135|1.5|27.6|315|56.1|36.0|0.00|0.33|43.1931|21.8684
12|13|0|0|1.5|27.6|315|56.0|36.2|0.00|0.33|43.1953|21.8684
12|13|0|225|1.6|27.6|315|56.1|36.2|0.00|0.33|43.1962|21.8684
12|14|0|90|4.4|27.6|315|56.1|36.3|0.00|0.33|43.1952|21.8684
12|15|0|90|2.9|27.6|315|55.3|36.4|0.00|0.33|43.1952|21.444
12|17|0|90|4.4|27.6|315|54.0|36.4|0.00|0.33|43.1956|21.0128
12|18|0|135|1.6|27.6|315|54.5|36.5|0.00|0.33|43.1971|21.0128
12|19|0|45|2.9|27.6|315|54.0|36.5|0.00|0.33|43.1973|21.0128
12|20|0|135|1.6|27.6|315|54.1|36.6|0.00|0.33|43.1958|21.0128
12|21|0|135|2.9|27.6|315|53.4|36.6|0.00|0.33|43.1977|20.5744
12|22|0|180|0.0|27.6|315|52.6|36.7|0.00|0.33|43.1977|20.1287
12|23|0|135|3.2|27.6|315|53.6|36.8|0.00|0.33|43.1989|20.5744
12|24|0|225|1.5|27.6|315|53.2|37.0|0.00|0.33|43.1997|21.5041
12|25|0|180|4.8|27.6|315|53.6|37.0|0.00|0.33|43.2013|21.5041
12|26|0|135|2.9|27.6|315|53.8|36.8|0.00|0.33|43.202|20.5744
12|27|0|135|5.8|27.6|315|54.3|36.8|0.00|0.33|43.203|21.0128
12|28|0|90|4.4|27.6|315|54.5|36.8|0.00|0.33|43.2056|21.0128
12|29|0|135|1.5|27.6|315|55.2|36.8|0.00|0.33|43.2043|21.444
12|31|0|135|2.9|27.6|315|55.2|36.8|0.00|0.33|43.2052|21.444
12|33|0|135|1.5|27.6|315|53.2|37.1|0.00|0.33|43.2072|21.5041
12|34|0|180|2.9|27.6|315|51.7|37.0|0.00|0.33|43.2049|20.6008
12|35|0|0|4.4|27.6|315|51.3|37.1|0.00|0.33|43.2085|20.6008
12|36|0|135|1.5|27.6|315|51.9|37.1|0.00|0.33|43.2087|20.6008
12|37|0|90|1.5|27.6|315|51.2|37.2|0.00|0.33|43.2093|20.6008
12|39|0|90|3.2|27.6|315|51.5|37.2|0.00|0.33|43.2122|20.6008
12|40|0|113|7.3|27.6|315|51.5|37.1|0.00|0.33|43.2084|20.6008
12|41|0|45|2.9|27.6|315|50.4|37.0|0.00|0.33|43.2078|20.1374
12|42|0|90|4.4|27.6|315|50.9|37.0|0.00|0.33|43.209|20.1374
12|43|0|90|8.7|27.6|315|50.7|36.6|0.00|0.33|43.2103|19.2138
12|44|0|90|7.3|27.6|315|50.7|36.4|0.00|0.33|43.2112|19.2138
12|45|0|90|2.9|27.6|315|50.8|36.4|0.00|0.33|43.2123|19.2138
12|46|0|45|3.2|27.6|315|51.1|36.2|0.00|0.33|43.2074|19.6752
12|47|0|45|2.9|27.6|315|52.1|36.4|0.00|0.33|43.2037|20.1287
12|48|0|0|2.9|27.6|315|52.4|36.5|0.00|0.33|43.2099|20.1287
12|49|0|90|2.9|27.6|315|52.3|36.5|0.00|0.33|43.2101|20.1287
12|50|0|45|2.9|27.6|315|52.1|36.5|0.01|0.34|43.2055|20.1287
12|51|0|45|3.2|27.6|315|51.2|36.6|0.01|0.34|43.2046|19.6752
12|52|0|45|4.4|27.6|315|51.4|36.7|0.01|0.34|43.2008|19.6752
12|53|0|68|2.9|27.6|315|50.5|36.8|0.01|0.34|43.2054|19.2138
12|54|0|90|4.8|27.6|315|49.9|37.0|0.01|0.34|43.2091|19.6656
12|56|0|90|3.2|27.6|315|49.8|36.6|0.01|0.34|43.2167|18.7441
12|57|0|45|3.2|27.6|315|50.4|36.7|0.01|0.34|43.2161|19.2138
12|59|0|135|2.9|27.6|315|51.5|36.8|0.01|0.34|43.2148|19.6752
13|00|0|135|1.5|27.6|315|52.5|36.8|0.01|0.34|43.2171|20.1287
13|01|0|90|2.9|27.6|315|52.0|37.0|0.01|0.34|43.2186|21.0563
13|03|0|90|1.5|27.6|315|51.2|37.2|0.01|0.34|43.2213|20.6008
13|04|0|90|1.5|27.6|315|51.4|37.2|0.01|0.34|43.2195|20.6008
13|05|0|45|2.9|27.6|315|51.4|37.3|0.01|0.34|43.2221|20.6008
13|07|0|90|1.6|27.6|315|51.3|37.4|0.01|0.34|43.2254|20.6008
13|08|0|135|1.5|27.6|315|50.7|37.5|0.01|0.34|43.2256|20.1374
13|09|0|135|2.9|27.6|315|49.8|37.5|0.01|0.34|43.2284|19.6656
13|10|0|135|2.9|27.6|315|50.7|37.5|0.01|0.34|43.2281|20.1374
13|11|0|135|2.9|27.6|315|50.5|37.6|0.01|0.34|43.2245|20.1374
13|12|0|90|0.0|27.6|315|50.2|37.7|0.01|0.34|43.2239|20.1374
13|13|0|135|4.4|27.6|315|50.4|38.0|0.01|0.34|43.2181|21.0608
13|14|0|135|1.5|27.6|315|49.1|38.3|0.01|0.34|43.2172|20.5869
13|15|0|68|2.9|27.6|315|49.8|38.4|0.01|0.34|43.2191|20.5869
13|16|0|45|2.9|27.6|315|49.8|38.6|0.01|0.34|43.2217|20.5869
13|17|0|0|0.0|27.6|315|48.6|38.7|0.01|0.34|43.2188|20.1044
13|18|0|0|2.9|27.6|315|48.5|38.9|0.01|0.34|43.2209|20.1044
13|20|0|90|4.8|27.6|315|49.7|38.9|0.01|0.34|43.2226|20.5869
13|21|0|90|1.5|27.6|315|49.1|38.7|0.01|0.34|43.222|20.5869
13|22|0|90|3.2|27.6|315|48.9|38.6|0.01|0.34|43.2249|20.1044
13|23|0|45|1.5|27.6|315|48.9|38.5|0.01|0.34|43.227|20.1044
13|24|0|90|1.5|27.6|315|49.5|38.6|0.01|0.34|43.2284|20.5869
13|25|0|90|8.7|27.6|315|50.0|38.4|0.01|0.34|43.2291|21.0608
13|26|0|90|4.4|27.6|315|49.9|38.2|0.01|0.34|43.2316|20.5869
13|27|0|90|3.2|27.6|315|50.2|38.2|0.01|0.34|43.2322|21.0608
13|28|0|90|7.3|27.6|315|50.6|38.1|0.01|0.34|43.2356|21.0608
13|29|0|45|2.9|27.6|315|50.5|38.0|0.01|0.34|43.2348|21.0608
13|30|0|135|4.4|27.6|315|50.7|37.7|0.01|0.34|43.2336|20.1374
13|31|0|135|2.9|27.6|315|51.5|38.0|0.01|0.34|43.2314|21.5263
13|32|0|180|3.2|27.6|315|50.8|38.2|0.01|0.34|43.2323|21.0608
13|33|0|135|1.6|27.6|315|51.7|38.3|0.01|0.34|43.2298|21.5263
13|34|0|225|2.9|27.6|315|51.8|38.5|0.01|0.34|43.2286|21.5263
13|35|0|135|8.1|27.6|315|50.7|38.5|0.01|0.34|43.2307|21.0608
13|36|0|90|4.4|27.6|315|49.8|38.4|0.01|0.34|43.2341|20.5869
13|38|0|90|4.4|27.6|315|49.8|38.4|0.01|0.34|43.2386|20.5869
13|40|0|135|1.5|27.6|315|49.8|38.4|0.01|0.34|43.2376|20.5869
13|41|0|135|2.9|27.6|315|50.2|38.3|0.01|0.34|43.2391|21.0608
13|42|0|90|2.9|27.6|315|50.4|38.3|0.01|0.34|43.2434|21.0608
13|43|0|90|2.9|27.6|315|50.7|38.3|0.01|0.34|43.2432|21.0608
13|44|0|135|2.9|27.6|315|51.2|38.3|0.01|0.34|43.2434|21.5263
13|45|0|90|4.4|27.6|315|51.3|38.3|0.01|0.34|43.2465|21.5263
13|47|0|90|2.9|27.6|315|50.8|38.2|0.01|0.34|43.2496|21.0608
13|48|0|135|2.9|27.6|315|51.6|38.3|0.01|0.34|43.2481|21.5263
13|50|0|135|4.4|27.6|315|50.7|38.3|0.00|0.34|43.2473|21.0608
13|51|0|90|4.4|27.6|315|51.1|38.2|0.00|0.34|43.2457|21.5263
13|53|0|135|4.4|27.6|315|51.2|38.3|0.00|0.34|43.2437|21.5263
13|53|0|90|2.9|27.6|315|50.7|38.3|0.00|0.34|43.2451|21.0608
13|54|0|90|1.6|27.6|315|50.5|38.4|0.00|0.34|43.2456|21.0608
13|55|0|135|5.8|27.6|315|50.9|38.5|0.00|0.34|43.2439|21.0608
13|56|0|135|4.8|27.6|315|51.3|38.5|0.00|0.34|43.2433|21.5263
13|58|0|158|5.8|27.6|315|51.4|38.5|0.00|0.34|43.2474|21.5263
13|59|0|135|1.6|27.6|315|50.9|38.6|0.00|0.34|43.2542|21.0608
14|00|0|90|1.5|27.6|315|50.4|38.6|0.00|0.34|43.2546|21.0608
14|02|0|135|5.8|27.6|315|50.4|38.7|0.00|0.34|43.2535|21.0608
14|03|0|45|4.4|27.6|315|49.4|38.6|0.00|0.34|43.2563|20.5869
14|04|0|135|1.5|27.6|315|48.8|38.5|0.00|0.34|43.2547|20.1044
14|05|0|113|2.9|27.6|315|49.3|38.5|0.00|0.34|43.257|20.5869
14|06|0|90|4.4|27.6|315|48.7|38.3|0.00|0.34|43.2543|20.1044
14|08|0|90|1.5|27.6|315|48.9|38.1|0.00|0.34|43.2603|20.1044
14|09|0|90|4.4|27.6|315|49.2|38.1|0.00|0.34|43.2584|20.5869
14|10|0|113|4.8|27.6|315|49.5|38.0|0.00|0.34|43.2608|20.5869
14|11|0|90|4.4|27.6|315|49.9|37.8|0.00|0.34|43.2621|19.6656
14|12|0|68|3.2|27.6|315|49.4|37.6|0.00|0.34|43.2642|19.6656
14|13|0|90|4.4|27.6|315|50.2|37.6|0.00|0.34|43.2632|20.1374
14|14|0|90|4.4|27.6|315|50.3|37.6|0.00|0.34|43.263|20.1374
14|16|0|90|5.8|27.6|315|49.9|37.5|0.00|0.34|43.2651|19.6656
14|17|0|68|5.8|27.6|315|50.2|37.5|0.00|0.34|43.2661|20.1374
14|18|0|90|4.8|27.6|315|49.8|37.4|0.00|0.34|43.2693|19.6656
14|19|0|135|7.3|27.6|315|50.0|37.2|0.00|0.34|43.2722|20.1374
14|20|0|90|8.7|27.6|315|49.8|36.8|0.00|0.34|43.2727|18.7441
14|21|0|90|8.7|27.6|315|49.7|36.6|0.00|0.34|43.272|18.7441
14|22|0|90|7.3|27.6|315|50.2|36.6|0.00|0.34|43.2705|19.2138
14|23|0|90|6.4|27.6|315|50.3|36.5|0.00|0.34|43.2721|19.2138
14|24|0|90|4.4|27.6|315|50.2|36.4|0.00|0.34|43.2693|19.2138
14|26|0|113|5.8|27.6|315|50.8|36.5|0.00|0.34|43.2694|19.2138
14|27|0|90|4.8|27.6|315|50.8|36.7|0.00|0.34|43.2698|19.2138
14|28|0|90|8.1|27.6|315|50.3|37.1|0.00|0.34|43.2656|20.1374
14|29|0|90|5.8|27.6|315|50.0|37.3|0.00|0.34|43.2689|20.1374
14|30|0|113|6.4|27.6|315|49.8|37.5|0.00|0.34|43.2714|19.6656
14|31|0|68|4.4|27.6|315|49.5|37.4|0.00|0.34|43.2741|19.6656
14|32|0|90|4.4|27.6|315|49.8|37.6|0.00|0.34|43.2737|19.6656
14|33|0|45|2.9|27.6|315|49.1|37.7|0.00|0.34|43.2764|19.6656
14|34|0|90|7.3|27.6|315|49.2|37.7|0.00|0.34|43.2793|19.6656
14|36|0|90|6.4|27.6|315|49.0|37.6|0.00|0.34|43.2843|19.6656
14|37|0|135|4.4|27.6|315|48.7|37.4|0.00|0.34|43.2886|19.1852
14|38|0|90|4.4|27.6|315|49.2|37.3|0.00|0.34|43.2868|19.6656
14|39|0|113|4.8|27.6|315|49.8|37.3|0.00|0.34|43.2859|19.6656
14|40|0|90|7.3|27.6|315|50.2|37.3|0.00|0.34|43.289|20.1374
14|41|0|45|4.8|27.6|315|49.6|37.1|0.00|0.34|43.2912|19.6656
14|42|0|90|5.8|27.6|315|49.9|37.1|0.00|0.34|43.2934|19.6656
14|43|0|90|5.8|27.6|315|49.9|37.0|0.00|0.34|43.2943|19.6656
14|44|0|68|3.2|27.6|315|50.0|37.0|0.00|0.34|43.2953|20.1374
14|46|0|135|3.2|27.6|315|49.7|37.0|0.00|0.34|43.2972|19.6656
14|47|0|90|7.3|27.6|315|49.5|36.8|0.00|0.34|43.2982|18.7441
14|48|0|90|4.8|27.6|315|49.1|36.7|0.00|0.34|43.3007|18.7441
14|49|0|68|4.8|27.6|315|49.4|36.7|0.00|0.34|43.3015|18.7441
14|50|0|90|2.9|27.6|315|49.5|36.6|0.00|0.34|43.3019|18.7441
14|51|0|90|3.2|27.6|315|49.5|36.6|0.00|0.34|43.302|18.7441
14|52|0|90|7.3|27.6|315|49.5|36.5|0.00|0.34|43.3036|18.7441
14|53|0|90|6.4|27.6|315|49.6|36.4|0.00|0.34|43.3027|18.7441
14|54|0|45|2.9|27.6|315|49.7|36.4|0.00|0.34|43.3031|18.7441
14|55|0|45|2.9|27.6|315|50.0|36.4|0.00|0.34|43.3052|19.2138
14|57|0|90|4.8|27.6|315|50.1|36.4|0.00|0.34|43.3068|19.2138
14|58|0|90|4.4|27.6|315|50.2|36.3|0.00|0.34|43.306|19.2138
14|59|0|90|4.8|27.6|315|50.5|36.3|0.00|0.34|43.3059|19.2138
15|00|0|90|7.3|27.6|315|50.5|36.3|0.00|0.34|43.3066|19.2138
15|03|0|90|4.4|27.6|315|50.5|36.2|0.00|0.34|43.3083|19.2138
15|04|0|45|5.8|27.6|315|50.6|36.2|0.00|0.34|43.3071|19.2138
15|05|0|45|7.3|27.6|315|50.7|36.0|0.00|0.34|43.31|19.2138
15|06|0|90|4.4|27.6|315|51.1|35.9|0.00|0.34|43.3135|18.7494
15|07|0|135|11.6|27.6|315|50.7|35.8|0.00|0.34|43.3131|18.2901
15|09|0|23|2.9|27.6|315|50.7|35.6|0.00|0.34|43.313|18.2901
15|10|0|45|4.4|27.6|315|51.1|35.5|0.00|0.34|43.3129|18.7494
15|11|0|45|2.9|27.6|315|51.3|35.4|0.00|0.34|43.3133|18.7494
15|12|0|45|3.2|27.6|315|51.5|35.3|0.00|0.34|43.3139|18.7494
15|13|0|45|4.4|27.6|315|51.9|35.3|0.00|0.34|43.3117|18.7494
15|14|0|90|8.7|27.6|315|51.6|35.0|0.01|0.35|43.3157|18.7494
15|15|0|90|4.8|27.6|315|51.3|34.9|0.01|0.35|43.3194|17.8235
15|17|0|90|4.8|27.6|315|51.7|34.7|0.01|0.35|43.3189|17.8235
15|19|0|45|8.1|27.6|315|52.2|34.7|0.01|0.35|43.3222|18.2729
15|20|0|45|2.9|27.6|315|52.1|34.6|0.01|0.35|43.3207|18.2729
15|21|0|45|4.4|27.6|315|52.4|34.6|0.01|0.35|43.3236|18.2729
15|22|0|45|8.0|27.6|315|52.4|34.4|0.01|0.35|43.3245|18.2729
15|23|0|45|7.3|27.6|315|52.4|34.4|0.01|0.35|43.3278|18.2729
15|24|0|90|5.8|27.6|315|52.6|34.4|0.01|0.35|43.3293|18.2729
15|25|0|45|3.2|27.6|315|52.4|34.2|0.01|0.35|43.3281|18.2729
15|27|0|90|5.8|27.6|315|52.0|34.0|0.01|0.35|43.3298|18.2729
15|28|0|113|8.7|27.6|315|52.2|34.0|0.01|0.35|43.3305|18.2729
15|29|0|90|8.7|27.6|315|52.4|33.9|0.01|0.35|43.3318|17.3447
15|30|0|45|7.3|27.6|315|52.6|33.8|0.01|0.35|43.3324|17.3447
15|31|0|45|4.4|27.6|315|52.6|33.8|0.01|0.35|43.333|17.3447
15|32|0|45|3.2|27.6|315|52.8|33.9|0.01|0.35|43.3355|17.3447
15|33|0|90|7.3|27.6|315|52.9|33.8|0.01|0.35|43.3323|17.3447
15|34|0|45|2.9|27.6|315|52.9|33.7|0.01|0.35|43.3348|17.3447
15|35|0|90|6.4|27.6|315|53.1|33.7|0.01|0.35|43.3335|17.7846
15|37|0|68|5.8|27.6|315|52.9|33.6|0.01|0.35|43.3344|17.3447
15|38|0|45|2.9|27.6|315|53.1|33.6|0.01|0.35|43.3351|17.7846
15|40|0|45|4.4|7.3|45|53.6|33.6|0.01|0.00|43.3395|17.7846
15|43|0|45|5.8|11.6|90|53.7|33.3|0.01|0.00|43.3412|17.7846
15|44|0|45|4.4|11.6|90|53.7|33.3|0.01|0.00|43.3411|17.7846
15|45|0|45|2.9|11.6|90|53.8|33.3|0.01|0.00|43.3425|17.7846
15|46|0|68|7.3|11.6|90|53.6|33.3|0.01|0.00|43.3412|17.7846
15|47|0|0|5.8|11.6|90|53.9|33.3|0.01|0.00|43.343|17.7846
15|48|0|45|2.9|11.6|90|54.0|33.2|0.01|0.00|43.3407|18.2171
15|49|0|90|4.4|11.6|90|54.1|33.3|0.01|0.00|43.344|18.2171
15|50|0|45|3.2|11.6|90|53.7|33.3|0.01|0.00|43.342|17.7846
15|51|0|45|1.5|11.6|90|53.8|33.3|0.01|0.00|43.3455|17.7846
15|52|0|45|4.4|11.6|90|53.7|33.3|0.01|0.00|43.3458|17.7846
15|53|0|45|3.2|11.6|90|53.3|33.3|0.01|0.00|43.3465|17.7846
15|54|0|45|1.6|11.6|90|52.5|33.3|0.01|0.00|43.3472|17.3447
15|55|0|45|4.4|11.6|90|52.7|33.3|0.01|0.00|43.3481|17.3447
15|56|0|0|4.8|11.6|90|52.6|33.2|0.01|0.00|43.3489|17.3447
15|58|0|45|1.5|11.6|90|52.9|33.2|0.01|0.00|43.3499|17.3447
15|59|0|45|3.2|11.6|90|52.8|33.1|0.01|0.00|43.3519|17.3447
16|00|0|0|5.8|11.6|90|52.3|33.1|0.01|0.00|43.3528|17.3447
16|01|0|45|5.8|11.6|90|52.0|33.0|0.01|0.00|43.3552|17.3447
16|02|0|45|4.4|11.6|90|51.8|33.0|0.01|0.00|43.3546|16.8974
16|03|0|45|1.5|11.6|90|51.6|32.9|0.01|0.00|43.3578|15.9711
16|04|0|0|3.2|11.6|90|51.8|32.9|0.01|0.00|43.3585|15.9711
16|05|0|0|2.9|11.6|90|51.9|32.9|0.01|0.00|43.3587|15.9711
16|06|0|45|1.5|11.6|90|51.4|32.9|0.01|0.00|43.363|15.9711
16|07|0|90|4.4|11.6|90|51.3|32.8|0.01|0.00|43.363|15.9711
16|08|0|45|2.9|11.6|90|51.0|32.8|0.01|0.00|43.365|15.9711
16|09|0|135|1.5|11.6|90|51.3|32.8|0.01|0.00|43.3658|15.9711
16|10|0|315|1.5|11.6|90|51.3|32.8|0.01|0.00|43.3668|15.9711
16|11|0|270|1.5|11.6|90|51.4|32.8|0.01|0.00|43.3666|15.9711
16|12|0|0|1.5|11.6|90|51.7|32.9|0.01|0.00|43.3704|15.9711
16|13|0|0|1.5|11.6|90|51.8|32.9|0.01|0.00|43.3724|15.9711
16|14|0|0|1.5|11.6|90|51.5|32.8|0.01|0.00|43.3707|15.9711
16|15|0|0|2.9|11.6|90|51.3|32.8|0.01|0.00|43.3729|15.9711
16|16|0|0|2.9|11.6|90|51.0|32.8|0.01|0.00|43.3747|15.9711
16|17|0|315|4.4|11.6|90|50.9|32.8|0.01|0.00|43.3777|15.5179
16|18|0|315|1.6|11.6|90|51.7|32.8|0.01|0.00|43.3779|15.9711
16|20|0|315|0.0|11.6|90|52.3|32.8|0.01|0.00|43.379|16.4165
16|21|0|315|0.0|11.6|90|52.5|32.8|0.02|0.01|43.3803|16.4165
16|22|0|113|1.5|11.6|90|52.1|32.8|0.02|0.01|43.3802|16.4165
16|23|0|135|0.0|11.6|90|51.6|32.9|0.02|0.01|43.3832|15.9711
16|24|0|135|1.6|11.6|90|51.2|32.8|0.02|0.01|43.3802|15.9711
16|25|0|45|1.5|11.6|90|50.9|32.9|0.01|0.01|43.3834|15.5179
16|26|0|90|1.6|11.6|90|50.5|32.9|0.01|0.01|43.3842|15.5179
16|27|0|90|2.9|11.6|90|50.0|32.9|0.01|0.01|43.3855|15.5179
16|28|0|45|1.5|11.6|90|49.9|32.8|0.01|0.01|43.3853|15.0565
16|29|0|45|1.5|11.6|90|50.3|32.8|0.01|0.01|43.3853|15.5179
16|30|0|45|1.5|11.6|90|50.4|32.8|0.01|0.01|43.3849|15.5179
16|31|0|45|3.2|11.6|90|50.5|32.8|0.01|0.01|43.3854|15.5179
16|32|0|68|2.9|11.6|90|50.0|32.7|0.01|0.01|43.3863|15.5179
16|33|0|68|2.9|11.6|90|49.8|32.6|0.01|0.01|43.3878|15.0565
16|35|0|45|2.9|11.6|90|49.1|32.2|0.01|0.01|43.3881|15.0565
16|36|0|45|2.9|11.6|90|48.8|32.2|0.01|0.01|43.3884|14.5868
16|37|0|113|4.4|11.6|90|48.3|32.2|0.01|0.01|43.3878|14.5868
16|38|0|45|2.9|11.6|90|47.9|32.2|0.01|0.01|43.3942|14.1082
16|39|0|45|4.4|11.6|90|48.1|32.1|0.01|0.01|43.3952|14.5868
16|40|0|90|1.5|11.6|90|48.2|32.1|0.01|0.01|43.3977|14.5868
16|42|0|45|2.9|11.6|90|48.7|32.1|0.01|0.01|43.3983|14.5868
16|43|0|45|0.0|11.6|90|48.5|32.0|0.01|0.01|43.3978|14.5868
16|44|0|45|0.0|11.6|90|48.6|32.0|0.01|0.01|43.3978|14.5868
16|45|0|45|0.0|11.6|90|48.8|32.1|0.01|0.01|43.4001|14.5868
16|46|0|45|0.0|11.6|90|48.8|32.0|0.01|0.01|43.4|14.5868
16|47|0|45|0.0|11.6|90|49.0|32.1|0.01|0.01|43.4016|15.0565
16|48|0|45|0.0|11.6|90|49.1|32.1|0.01|0.01|43.4021|15.0565
16|49|0|45|1.6|11.6|90|49.0|32.1|0.01|0.01|43.4039|15.0565
16|50|0|113|1.5|11.6|90|48.4|32.1|0.01|0.01|43.4024|14.5868
16|51|0|135|1.5|11.6|90|47.5|32.1|0.01|0.01|43.4046|14.1082
16|53|0|90|2.9|11.6|90|46.8|32.1|0.01|0.01|43.4048|13.6205
16|54|0|45|1.6|11.6|90|46.8|32.1|0.01|0.01|43.4076|13.6205
16|55|0|90|2.9|11.6|90|47.1|32.1|0.01|0.01|43.4083|14.1082
16|56|0|90|1.5|11.6|90|47.2|32.1|0.01|0.01|43.41|14.1082
16|57|0|90|0.0|11.6|90|46.8|32.1|0.01|0.01|43.4122|13.6205
16|58|0|90|0.0|11.6|90|46.7|32.1|0.01|0.01|43.4128|13.6205
16|59|0|180|0.0|11.6|90|46.7|32.1|0.01|0.01|43.4143|13.6205
17|00|0|180|0.0|11.6|90|46.8|32.1|0.01|0.01|43.4144|13.6205
17|01|0|180|0.0|11.6|90|47.0|32.1|0.01|0.01|43.4173|14.1082
17|02|0|180|1.6|11.6|90|47.1|32.1|0.01|0.01|43.417|14.1082
17|04|0|45|0.0|11.6|90|47.0|32.1|0.01|0.01|43.4177|14.1082
17|05|0|0|1.6|11.6|90|47.1|32.1|0.01|0.01|43.4197|14.1082
17|06|0|0|0.0|11.6|90|47.4|32.0|0.01|0.01|43.4198|14.1082
17|07|0|0|1.5|11.6|90|47.5|32.1|0.01|0.01|43.4214|14.1082
17|08|0|45|3.2|11.6|90|47.4|32.0|0.01|0.01|43.4251|14.1082
17|09|0|45|2.9|11.6|90|46.7|31.9|0.01|0.01|43.4284|12.7046
17|10|0|0|2.9|11.6|90|46.1|31.9|0.01|0.01|43.432|12.7046
17|11|0|45|1.5|11.6|90|46.4|31.8|0.01|0.01|43.4332|12.7046
17|12|0|45|1.5|11.6|90|46.5|31.8|0.01|0.01|43.4369|12.7046
17|13|0|45|1.6|11.6|90|46.3|31.7|0.01|0.01|43.4348|12.7046
17|14|0|0|2.9|11.6|90|46.6|31.7|0.01|0.01|43.4376|12.7046
17|15|0|45|2.9|11.6|90|46.9|31.5|0.01|0.01|43.4371|12.7046
17|16|0|45|2.9|11.6|90|46.3|31.5|0.01|0.01|43.4373|12.7046
17|17|0|45|4.4|11.6|90|46.0|31.4|0.01|0.01|43.4399|12.7046
17|18|0|45|4.4|11.6|90|45.6|31.2|0.01|0.01|43.4382|12.2096
17|19|0|45|4.4|11.6|90|45.5|31.1|0.00|0.01|43.439|12.2096
17|20|0|0|2.9|11.6|90|45.3|31.1|0.00|0.01|43.442|12.2096
17|21|0|45|2.9|11.6|90|45.6|31.0|0.00|0.01|43.4437|12.2096
17|22|0|45|2.9|11.6|90|45.9|31.0|0.00|0.01|43.4445|12.2096
17|23|0|45|4.4|11.6|90|46.3|30.9|0.00|0.01|43.4453|11.7885
17|24|0|45|4.4|11.6|90|46.3|30.9|0.00|0.01|43.4469|11.7885
17|26|0|45|3.2|11.6|90|46.1|30.8|0.00|0.01|43.447|11.7885
17|27|0|45|4.4|11.6|90|46.1|30.6|0.00|0.01|43.4474|11.7885
17|28|0|45|5.8|11.6|90|46.3|30.6|0.00|0.01|43.4498|11.7885
17|29|0|45|4.4|11.6|90|46.3|30.6|0.00|0.01|43.4502|11.7885
17|30|0|45|2.9|11.6|90|46.4|30.6|0.00|0.01|43.453|11.7885
17|31|0|45|3.2|11.6|90|46.3|30.5|0.01|0.02|43.4547|11.7885
17|32|0|45|2.9|11.6|90|46.3|30.5|0.01|0.02|43.4557|11.7885
17|33|0|0|4.8|11.6|90|46.5|30.5|0.01|0.02|43.4577|11.7885
17|34|0|45|2.9|11.6|90|47.4|30.5|0.02|0.03|43.4595|12.2719
17|35|0|23|4.4|11.6|90|47.8|30.4|0.02|0.03|43.4585|12.2719
17|36|0|0|3.2|11.6|90|47.6|30.4|0.02|0.03|43.461|12.2719
17|37|0|0|1.5|11.6|90|47.4|30.4|0.02|0.03|43.4623|12.2719
17|38|0|0|4.8|11.6|90|47.9|30.5|0.02|0.03|43.4619|12.2719
17|39|0|0|7.3|11.6|90|47.6|30.5|0.02|0.03|43.4633|12.2719
17|40|0|0|4.4|11.6|90|47.3|30.5|0.02|0.03|43.4648|12.2719
17|41|0|0|3.2|11.6|90|47.3|30.6|0.02|0.03|43.4662|12.2719
17|42|0|0|2.9|11.6|90|47.1|30.6|0.02|0.03|43.4683|12.2719
17|43|0|0|1.6|11.6|90|47.0|30.6|0.02|0.03|43.4702|12.2719
17|44|0|0|1.5|11.6|90|47.4|30.8|0.02|0.03|43.4722|12.2719
17|45|0|0|5.8|11.6|90|47.3|30.6|0.02|0.03|43.4713|12.2719
17|48|0|45|1.5|11.6|90|46.9|30.6|0.02|0.03|43.4757|11.7885
17|49|0|0|2.9|11.6|90|47.2|30.6|0.02|0.03|43.4748|12.2719
17|50|0|0|2.9|11.6|90|47.2|30.6|0.02|0.03|43.4747|12.2719
17|51|0|45|4.4|11.6|90|47.1|30.6|0.02|0.03|43.4752|12.2719
17|52|0|45|2.9|11.6|90|47.1|30.5|0.02|0.03|43.4779|12.2719
17|53|0|45|2.9|11.6|90|47.0|30.5|0.02|0.03|43.4789|12.2719
17|54|0|45|2.9|11.6|90|47.0|30.4|0.02|0.03|43.4772|12.2719
17|55|0|45|4.4|11.6|90|47.0|30.5|0.03|0.04|43.4809|12.2719
17|56|0|45|1.5|11.6|90|47.0|30.4|0.03|0.04|43.4815|12.2719
17|58|0|45|5.8|11.6|90|46.9|30.3|0.03|0.04|43.4826|11.7885
17|59|0|45|2.9|11.6|90|46.3|30.3|0.03|0.04|43.4861|11.7885
18|00|0|45|4.8|11.6|90|46.0|30.2|0.03|0.04|43.4895|11.7885
18|01|0|45|4.4|11.6|90|45.5|30.2|0.03|0.04|43.4899|11.2957
18|02|0|45|3.2|11.6|90|45.6|30.1|0.03|0.04|43.492|11.2957
18|03|0|45|1.5|11.6|90|45.9|30.0|0.03|0.04|43.4919|11.2957
18|04|0|45|3.2|11.6|90|46.2|29.9|0.03|0.04|43.4934|10.8723
18|05|0|45|1.6|11.6|90|46.0|29.9|0.03|0.04|43.4952|10.8723
18|06|0|45|2.9|11.6|90|46.1|29.7|0.03|0.04|43.4969|10.8723
18|07|0|45|3.2|11.6|90|46.6|29.7|0.03|0.04|43.4975|10.8723
18|10|0|0|1.6|11.6|90|46.2|29.6|0.03|0.04|43.5004|10.8723
18|11|0|0|1.5|11.6|90|46.1|29.5|0.03|0.04|43.4995|10.8723
18|13|0|45|3.2|11.6|90|46.0|29.5|0.03|0.04|43.5008|10.8723
18|14|0|23|2.9|11.6|90|45.8|29.5|0.03|0.04|43.5025|10.3817
18|15|0|45|1.6|11.6|90|45.8|29.5|0.03|0.04|43.5043|10.3817
18|16|0|45|0.0|11.6|90|45.8|29.5|0.03|0.04|43.5056|10.3817
18|17|0|45|1.5|11.6|90|46.0|29.4|0.03|0.04|43.506|10.8723
18|18|0|45|4.4|11.6|90|45.9|29.5|0.03|0.04|43.5085|10.3817
18|19|0|0|2.9|11.6|90|45.9|29.4|0.03|0.04|43.5097|10.3817
18|20|0|0|3.2|11.6|90|46.3|29.4|0.03|0.04|43.5085|10.8723
18|21|0|0|0.0|11.6|90|46.1|29.5|0.03|0.04|43.5115|10.8723
18|22|0|0|0.0|11.6|90|46.1|29.5|0.03|0.04|43.512|10.8723
18|23|0|0|0.0|11.6|90|46.3|29.5|0.03|0.04|43.5128|10.8723
18|24|0|0|0.0|11.6|90|46.6|29.6|0.03|0.04|43.5133|10.8723
18|25|0|0|0.0|11.6|90|46.5|29.6|0.03|0.04|43.5137|10.8723
18|26|0|0|0.0|11.6|90|46.2|29.6|0.03|0.04|43.5135|10.8723
18|27|0|0|0.0|11.6|90|46.2|29.7|0.03|0.04|43.5143|10.8723
18|28|0|180|3.2|11.6|90|46.2|29.7|0.03|0.04|43.5156|10.8723
18|29|0|180|1.5|11.6|90|45.7|29.7|0.02|0.04|43.5147|10.3817
18|31|0|180|1.5|11.6|90|45.5|29.7|0.02|0.04|43.5147|10.3817
18|32|0|180|0.0|11.6|90|45.3|29.9|0.03|0.05|43.5156|10.3817
18|34|0|225|1.5|11.6|90|45.6|29.9|0.02|0.05|43.5177|10.3817
18|36|0|225|0.0|11.6|90|45.7|30.0|0.02|0.05|43.5184|11.2957
18|37|0|225|0.0|11.6|90|45.8|30.0|0.02|0.05|43.5204|11.2957
18|39|0|180|1.5|11.6|90|45.6|30.1|0.02|0.05|43.5224|11.2957
18|40|0|180|1.6|11.6|90|45.2|30.1|0.02|0.05|43.5218|11.2957
18|42|0|180|1.6|11.6|90|44.7|30.1|0.02|0.05|43.5211|10.7931
18|43|0|180|1.5|11.6|90|44.7|30.1|0.02|0.05|43.5223|10.7931
18|44|0|180|1.5|11.6|90|45.0|30.1|0.02|0.05|43.5238|11.2957
18|45|0|203|3.2|11.6|90|44.9|30.1|0.02|0.05|43.5249|10.7931
18|46|0|180|2.9|11.6|90|44.9|30.0|0.02|0.05|43.5241|10.7931
18|47|0|158|3.2|11.6|90|44.8|30.0|0.02|0.05|43.5264|10.7931
18|48|0|180|1.6|11.6|90|44.8|30.0|0.02|0.05|43.5266|10.7931
18|49|0|180|1.5|11.6|90|45.0|30.0|0.02|0.05|43.5287|11.2957
18|51|0|180|2.9|11.6|90|45.0|30.0|0.02|0.05|43.5302|11.2957
18|52|0|180|1.5|11.6|90|44.8|30.0|0.02|0.05|43.5295|10.7931
18|53|0|180|1.5|11.6|90|44.9|30.0|0.02|0.05|43.5306|10.7931
18|54|0|180|2.9|11.6|90|44.8|29.9|0.02|0.05|43.5315|9.88134
18|55|0|180|1.5|11.6|90|44.8|30.0|0.01|0.05|43.5352|10.7931
18|56|0|180|1.6|11.6|90|44.9|30.0|0.01|0.05|43.5342|10.7931
18|57|0|180|1.5|11.6|90|45.1|30.0|0.01|0.05|43.5343|11.2957
18|58|0|180|0.0|11.6|90|45.1|30.0|0.01|0.05|43.535|11.2957
18|59|0|180|1.5|11.6|90|45.2|30.0|0.01|0.05|43.5366|11.2957
19|00|0|180|0.0|11.6|90|45.0|30.0|0.01|0.05|43.5372|11.2957
19|01|0|180|0.0|11.6|90|45.1|30.0|0.01|0.05|43.5359|11.2957
19|02|0|180|0.0|11.6|90|45.8|30.0|0.01|0.05|43.5362|11.2957
19|03|0|225|2.9|11.6|90|45.8|30.0|0.01|0.05|43.5361|11.2957
19|04|0|225|1.5|11.6|90|45.8|30.0|0.01|0.05|43.5381|11.2957
19|05|0|180|1.5|11.6|90|45.7|30.1|0.01|0.05|43.5402|11.2957
19|06|0|180|0.0|11.6|90|45.7|30.1|0.01|0.05|43.5416|11.2957
19|07|0|180|1.6|11.6|90|45.7|30.1|0.01|0.05|43.5424|11.2957
19|08|0|180|0.0|11.6|90|45.2|30.0|0.01|0.05|43.5418|11.2957
19|09|0|180|0.0|11.6|90|45.1|30.0|0.01|0.05|43.5448|11.2957
19|11|0|180|0.0|11.6|90|45.1|30.0|0.01|0.05|43.5437|11.2957
19|12|0|180|0.0|11.6|90|45.1|30.0|0.01|0.05|43.5427|11.2957
19|13|0|180|1.5|11.6|90|45.0|30.0|0.01|0.05|43.5433|11.2957
19|14|0|180|0.0|11.6|90|45.0|30.0|0.01|0.05|43.5434|11.2957
19|15|0|180|0.0|11.6|90|44.9|30.0|0.01|0.05|43.5428|10.7931
19|16|0|180|1.5|11.6|90|44.9|30.0|0.01|0.05|43.5439|10.7931
19|17|0|180|0.0|11.6|90|45.1|30.0|0.01|0.05|43.5439|11.2957
19|18|0|180|0.0|11.6|90|45.3|30.0|0.01|0.05|43.5457|11.2957
19|19|0|180|0.0|11.6|90|45.4|30.0|0.01|0.05|43.5481|11.2957
19|20|0|180|0.0|11.6|90|45.2|30.0|0.01|0.05|43.5495|11.2957
19|21|0|180|0.0|11.6|90|45.1|30.0|0.01|0.05|43.5499|11.2957
19|22|0|180|0.0|11.6|90|45.1|30.0|0.01|0.05|43.5502|11.2957
19|23|0|180|1.5|11.6|90|45.2|30.0|0.01|0.05|43.5508|11.2957
19|25|0|225|0.0|11.6|90|45.1|30.0|0.01|0.05|43.5527|11.2957
19|26|0|203|0.0|11.6|90|45.2|30.0|0.01|0.05|43.5526|11.2957
19|27|0|135|1.5|11.6|90|45.4|30.0|0.01|0.05|43.5542|11.2957
19|28|0|135|1.5|11.6|90|45.4|30.0|0.01|0.05|43.5531|11.2957
19|30|0|135|0.0|11.6|90|45.1|30.0|0.01|0.05|43.5546|11.2957
19|32|0|135|1.6|11.6|90|44.9|30.0|0.01|0.07|43.555|10.7931
19|33|0|90|1.5|11.6|90|44.9|30.0|0.01|0.07|43.5547|10.7931
19|34|0|90|1.6|11.6|90|45.0|29.9|0.01|0.07|43.5535|10.3817
19|35|0|90|0.0|11.6|90|44.8|29.9|0.01|0.07|43.5543|9.88134
19|36|0|90|0.0|11.6|90|44.8|29.9|0.01|0.07|43.5527|9.88134
19|37|0|90|0.0|11.6|90|44.9|29.9|0.01|0.07|43.555|9.88134
19|38|0|90|0.0|11.6|90|44.6|29.9|0.01|0.07|43.5546|9.88134
19|39|0|90|0.0|11.6|90|44.4|29.7|0.01|0.07|43.5527|9.88134
19|40|0|90|0.0|11.6|90|44.4|29.7|0.01|0.07|43.5545|9.88134
19|41|0|90|0.0|11.6|90|44.3|29.7|0.01|0.07|43.5554|9.88134
19|42|0|90|0.0|11.6|90|44.5|29.7|0.01|0.07|43.5559|9.88134
19|43|0|90|0.0|11.6|90|44.6|29.7|0.01|0.07|43.5575|9.88134
19|44|0|90|0.0|11.6|90|44.6|29.7|0.01|0.07|43.5576|9.88134
19|45|0|90|0.0|11.6|90|44.6|29.6|0.01|0.07|43.5566|9.88134
19|46|0|90|0.0|11.6|90|44.5|29.6|0.01|0.07|43.5579|9.88134
19|49|0|90|0.0|11.6|90|44.2|29.6|0.01|0.07|43.5581|9.88134
19|51|0|90|1.5|11.6|90|44.2|29.5|0.01|0.07|43.5597|9.88134
19|53|0|90|0.0|11.6|90|44.3|29.4|0.01|0.07|43.5635|9.88134
19|55|0|90|0.0|11.6|90|44.6|29.2|0.01|0.07|43.5655|9.88134
19|56|0|90|1.5|11.6|90|44.6|29.1|0.01|0.07|43.5649|9.88134
19|57|0|90|1.5|11.6|90|44.6|29.1|0.01|0.07|43.5669|9.88134
19|58|0|90|0.0|11.6|90|44.7|29.1|0.01|0.07|43.5676|9.88134
19|59|0|90|0.0|11.6|90|44.7|29.0|0.01|0.07|43.5656|9.88134
20|01|0|90|1.5|11.6|90|45.2|28.8|0.01|0.07|43.5646|9.46748
20|02|0|90|0.0|11.6|90|45.5|28.7|0.01|0.07|43.5647|9.46748
20|03|0|90|1.5|11.6|90|45.7|28.7|0.01|0.07|43.5682|9.46748
20|05|0|315|1.5|11.6|90|46.3|28.5|0.01|0.07|43.568|9.95583
20|06|0|315|1.5|11.6|90|46.7|28.4|0.01|0.07|43.5708|9.95583
20|07|0|315|1.5|11.6|90|46.8|28.3|0.02|0.08|43.57|9.95583
20|08|0|315|2.9|11.6|90|47.1|28.2|0.02|0.08|43.5704|10.4348
20|09|0|315|0.0|11.6|90|47.2|28.0|0.02|0.08|43.5685|10.4348
20|10|0|315|1.6|11.6|90|47.3|27.8|0.02|0.08|43.5701|9.51604
20|11|0|315|4.4|11.6|90|47.6|27.7|0.02|0.08|43.5711|9.51604
20|12|0|315|3.2|11.6|90|48.0|27.5|0.02|0.08|43.5686|9.98392
20|13|0|315|2.9|11.6|90|48.5|27.3|0.02|0.08|43.5667|9.98392
20|14|0|0|1.5|11.6|90|49.0|27.2|0.02|0.08|43.5681|10.4432
20|15|0|315|3.2|11.6|90|49.6|26.9|0.02|0.08|43.567|9.52002
20|16|0|315|1.5|11.6|90|49.9|26.8|0.02|0.08|43.5667|9.52002
20|17|0|0|1.6|11.6|90|50.1|26.7|0.02|0.08|43.5662|9.96898
20|18|0|315|0.0|11.6|90|50.1|26.6|0.02|0.08|43.5667|9.96898
20|19|0|315|2.9|11.6|90|50.4|26.6|0.02|0.08|43.5682|9.96898
20|20|0|315|2.9|11.6|90|50.5|26.5|0.02|0.08|43.5702|9.96898
20|21|0|315|1.5|11.6|90|50.5|26.5|0.02|0.08|43.5724|9.96898
20|22|0|315|2.9|11.6|90|50.4|26.5|0.02|0.08|43.5748|9.96898
20|23|0|315|2.9|11.6|90|50.7|26.4|0.02|0.08|43.5779|9.96898
20|24|0|315|2.9|11.6|90|51.4|26.3|0.02|0.08|43.58|10.41
20|25|0|315|2.9|11.6|90|51.9|26.1|0.02|0.08|43.5792|10.41
20|27|0|0|7.3|11.6|90|51.6|26.1|0.02|0.08|43.5789|10.41
20|28|0|0|4.4|11.6|90|50.9|26.1|0.02|0.08|43.5806|9.96898
20|30|0|0|4.4|11.6|90|51.2|26.3|0.01|0.08|43.5835|10.41
20|32|0|0|11.3|11.6|90|50.1|26.5|0.02|0.09|43.58|9.96898
20|33|0|315|5.8|11.6|90|49.8|26.6|0.02|0.09|43.5784|9.52002
20|34|0|0|4.4|11.6|90|49.9|26.7|0.02|0.09|43.5757|9.52002
20|38|0|0|2.9|11.6|90|48.9|27.0|0.02|0.09|43.5743|9.98392
20|39|0|0|3.2|11.6|90|48.6|27.0|0.02|0.09|43.5766|9.98392
20|40|0|0|1.5|11.6|90|48.4|27.2|0.02|0.09|43.5767|9.98392
20|41|0|0|4.4|11.6|90|48.5|27.2|0.02|0.09|43.5775|9.98392
20|42|0|0|1.6|11.6|90|48.3|27.2|0.02|0.09|43.5772|9.98392
20|44|0|0|2.9|11.6|90|48.3|27.2|0.02|0.09|43.5783|9.98392
20|46|0|0|4.8|11.6|90|48.2|27.2|0.02|0.09|43.5783|9.98392
20|47|0|0|7.3|11.6|90|48.1|27.2|0.02|0.09|43.5777|9.98392
20|48|0|0|4.8|11.6|90|48.1|27.2|0.02|0.09|43.5776|9.98392
20|49|0|45|7.3|11.6|90|48.2|27.2|0.02|0.09|43.5774|9.98392
20|50|0|23|4.4|11.6|90|48.4|27.3|0.02|0.09|43.5798|9.98392
20|51|0|45|3.2|11.6|90|48.3|27.3|0.02|0.09|43.5773|9.98392
20|52|0|0|2.9|11.6|90|48.2|27.2|0.02|0.09|43.5753|9.98392
20|53|0|0|2.9|11.6|90|48.3|27.3|0.02|0.09|43.5756|9.98392
20|54|0|0|2.9|11.6|90|48.3|27.3|0.02|0.09|43.5766|9.98392
20|56|0|0|4.8|11.6|90|48.3|27.2|0.02|0.09|43.5742|9.98392
20|57|0|0|2.9|11.6|90|48.2|27.3|0.02|0.09|43.5763|9.98392
20|58|0|0|3.2|11.6|90|48.0|27.3|0.02|0.09|43.5766|9.98392
20|59|0|0|1.5|11.6|90|48.0|27.4|0.02|0.09|43.5766|9.98392
21|00|0|0|4.4|11.6|90|47.9|27.4|0.02|0.09|43.5764|9.51604
21|01|0|0|1.5|11.6|90|47.8|27.3|0.02|0.09|43.5758|9.51604
21|02|0|0|4.4|11.6|90|47.8|27.3|0.02|0.09|43.5749|9.51604
21|04|0|0|1.6|11.6|90|47.7|27.2|0.02|0.09|43.5756|9.51604
21|06|0|0|1.5|11.6|90|47.9|27.2|0.02|0.09|43.5795|9.51604
21|07|0|0|1.6|11.6|90|48.6|27.2|0.01|0.10|43.5808|9.98392
21|08|0|0|1.5|11.6|90|48.5|27.2|0.02|0.10|43.5818|9.98392
21|09|0|0|1.6|11.6|90|48.3|27.2|0.02|0.10|43.5827|9.98392
21|10|0|0|2.9|11.6|90|48.3|27.0|0.02|0.10|43.5816|9.98392
21|11|0|0|1.5|11.6|90|48.4|27.0|0.02|0.10|43.5847|9.98392
21|12|0|0|3.2|11.6|90|48.4|26.9|0.03|0.11|43.5846|9.06282
21|13|0|0|1.5|11.6|90|48.5|26.8|0.03|0.11|43.5868|9.06282
21|14|0|0|3.2|11.6|90|48.5|26.7|0.03|0.11|43.5937|9.06282
21|15|0|0|2.9|11.6|90|48.7|26.6|0.03|0.11|43.5948|9.06282
21|16|0|0|2.9|11.6|90|48.9|26.6|0.03|0.11|43.5989|9.06282
21|17|0|0|4.4|11.6|90|49.1|26.5|0.03|0.11|43.5979|9.52002
21|18|0|0|2.9|11.6|90|49.2|26.4|0.03|0.11|43.5992|9.52002
21|19|0|0|5.8|11.6|90|49.2|26.3|0.03|0.11|43.5987|9.52002
21|21|0|0|4.4|11.6|90|49.0|26.3|0.03|0.11|43.5984|9.52002
21|22|0|0|2.9|11.6|90|49.0|26.3|0.03|0.11|43.5988|9.52002
21|23|0|0|3.2|11.6|90|49.1|26.3|0.03|0.11|43.597|9.52002
21|24|0|0|4.4|11.6|90|49.2|26.3|0.03|0.11|43.5989|9.52002
21|25|0|0|4.4|11.6|90|49.2|26.4|0.03|0.11|43.5991|9.52002
21|26|0|0|4.4|11.6|90|49.0|26.4|0.03|0.11|43.5996|9.52002
21|27|0|0|5.8|11.6|90|49.0|26.4|0.03|0.11|43.5998|9.52002
21|29|0|0|5.8|11.6|90|48.9|26.3|0.03|0.11|43.5984|9.06282
21|30|0|0|4.8|11.6|90|48.9|26.3|0.02|0.11|43.5997|9.06282
21|31|0|0|2.9|11.6|90|49.0|26.3|0.02|0.11|43.6031|9.52002
21|32|0|0|2.9|11.6|90|49.2|26.3|0.02|0.11|43.6022|9.52002
21|33|0|0|2.9|11.6|90|49.2|26.3|0.02|0.11|43.6047|9.52002
21|34|0|0|4.4|11.6|90|48.9|26.1|0.02|0.11|43.6053|9.06282
21|35|0|0|1.6|11.6|90|48.9|26.1|0.02|0.11|43.6048|9.06282
21|37|0|45|3.2|11.6|90|49.1|26.1|0.02|0.11|43.6056|9.52002
21|38|0|0|2.9|11.6|90|48.9|26.1|0.02|0.11|43.6064|9.06282
21|40|0|0|2.9|11.6|90|49.0|26.0|0.02|0.11|43.6081|9.52002
21|41|0|0|2.9|11.6|90|48.9|26.0|0.02|0.11|43.607|9.06282
21|42|0|0|4.8|11.6|90|48.9|26.0|0.02|0.11|43.6079|9.06282
21|43|0|0|4.4|11.6|90|48.8|25.9|0.02|0.11|43.6105|8.14155
21|44|0|0|3.2|11.6|90|48.8|25.9|0.02|0.11|43.6115|8.14155
21|45|0|0|2.9|11.6|90|48.8|25.8|0.02|0.11|43.6118|8.14155
21|47|0|0|3.2|11.6|90|48.8|25.8|0.02|0.11|43.6177|8.14155
21|48|0|0|2.9|11.6|90|49.0|25.7|0.02|0.11|43.6161|8.59666
21|49|0|0|3.2|11.6|90|49.1|25.7|0.02|0.11|43.6166|8.59666
21|51|0|0|1.6|11.6|90|49.2|25.7|0.02|0.11|43.6192|8.59666
21|52|0|0|1.5|11.6|90|49.1|25.7|0.02|0.11|43.6202|8.59666
21|53|0|0|3.2|11.6|90|49.0|25.7|0.02|0.11|43.6183|8.59666
21|54|0|0|1.5|11.6|90|49.0|25.6|0.02|0.11|43.6173|8.59666
21|55|0|0|2.9|11.6|90|49.1|25.6|0.02|0.11|43.6211|8.59666
21|56|0|0|0.0|11.6|90|49.1|25.6|0.02|0.11|43.6183|8.59666
21|58|0|0|0.0|11.6|90|49.2|25.6|0.02|0.11|43.6208|8.59666
21|59|0|0|0.0|11.6|90|49.2|25.6|0.02|0.11|43.6187|8.59666
22|01|0|0|0.0|11.6|90|49.1|25.5|0.02|0.11|43.6198|8.59666
22|02|0|0|0.0|11.6|90|49.0|25.5|0.02|0.11|43.6214|8.59666
22|03|0|0|0.0|11.6|90|49.0|25.5|0.02|0.11|43.6192|8.59666
22|04|0|0|0.0|11.6|90|49.1|25.5|0.02|0.11|43.6212|8.59666
22|05|0|0|0.0|11.6|90|49.1|25.5|0.02|0.11|43.6219|8.59666
22|06|0|0|2.9|11.6|90|49.1|25.4|0.02|0.11|43.6227|8.59666
22|07|0|0|0.0|11.6|90|49.2|25.4|0.01|0.11|43.6236|8.59666
22|08|0|0|0.0|11.6|90|49.3|25.2|0.01|0.11|43.6238|8.59666
22|09|0|0|0.0|11.6|90|49.5|25.2|0.01|0.11|43.6244|8.59666
22|10|0|0|0.0|11.6|90|49.5|25.2|0.01|0.11|43.6267|8.59666
22|11|0|0|0.0|11.6|90|49.6|25.2|0.00|0.11|43.6263|8.59666
22|12|0|0|0.0|11.6|90|49.6|25.2|0.00|0.11|43.6264|8.59666
22|14|0|0|0.0|11.6|90|49.7|25.2|0.00|0.11|43.6299|8.59666
22|15|0|0|0.0|11.6|90|49.7|25.1|0.00|0.11|43.6275|8.59666
22|16|0|0|0.0|11.6|90|49.7|25.1|0.00|0.11|43.6292|8.59666
22|17|0|0|0.0|11.6|90|49.9|25.1|0.00|0.11|43.6307|8.59666
22|18|0|0|1.6|11.6|90|50.0|25.0|0.00|0.11|43.6302|9.04358
22|19|0|0|0.0|11.6|90|50.0|25.0|0.01|0.12|43.6301|9.04358
22|21|0|0|0.0|11.6|90|50.1|24.9|0.01|0.12|43.6306|8.11801
22|22|0|0|1.5|11.6|90|50.4|24.8|0.01|0.12|43.63|8.11801
22|23|0|0|2.9|11.6|90|50.6|24.7|0.01|0.12|43.6287|8.11801
22|24|0|0|1.5|11.6|90|51.0|24.7|0.02|0.13|43.6324|8.55502
22|25|0|0|1.5|11.6|90|51.3|24.6|0.02|0.13|43.6306|8.55502
22|26|0|0|0.0|11.6|90|51.4|24.6|0.02|0.13|43.6307|8.55502
22|27|0|0|0.0|11.6|90|51.5|24.5|0.02|0.13|43.6311|8.55502
22|29|0|0|1.6|11.6|90|52.0|24.3|0.02|0.13|43.6315|8.98447
22|30|0|0|1.5|11.6|90|52.3|24.3|0.02|0.13|43.6303|8.98447
22|31|0|0|0.0|11.6|90|52.3|24.3|0.02|0.13|43.6303|8.98447
22|32|0|270|1.5|11.6|90|52.4|24.3|0.02|0.13|43.6303|8.98447
22|33|0|225|0.0|11.6|90|52.5|24.3|0.02|0.13|43.6307|8.98447
22|34|0|225|1.6|11.6|90|52.6|24.3|0.02|0.13|43.6323|8.98447
22|35|0|225|0.0|11.6|90|52.6|24.3|0.02|0.13|43.6307|8.98447
22|36|0|225|0.0|11.6|90|52.6|24.3|0.02|0.13|43.6324|8.98447
22|37|0|225|0.0|11.6|90|52.6|24.3|0.02|0.13|43.6334|8.98447
22|38|0|225|0.0|11.6|90|52.5|24.3|0.02|0.13|43.6347|8.98447
22|40|0|225|1.5|11.6|90|53.2|24.2|0.02|0.13|43.6354|9.40663
22|43|0|225|1.6|11.6|90|53.5|24.0|0.02|0.13|43.6363|9.40663
22|44|0|225|0.0|11.6|90|53.6|23.9|0.02|0.13|43.6375|8.47498
22|45|0|225|1.5|11.6|90|53.8|23.8|0.02|0.13|43.6388|8.47498
22|46|0|225|1.5|11.6|90|53.8|23.8|0.02|0.13|43.6407|8.47498
22|47|0|225|1.5|11.6|90|53.9|23.7|0.02|0.13|43.6421|8.47498
22|48|0|225|0.0|11.6|90|53.9|23.7|0.02|0.13|43.6426|8.47498
22|49|0|225|0.0|11.6|90|54.0|23.6|0.02|0.13|43.6422|8.88819
22|50|0|225|0.0|11.6|90|54.1|23.6|0.02|0.13|43.6431|8.88819
22|51|0|225|0.0|11.6|90|54.2|23.5|0.02|0.13|43.6445|8.88819
22|52|0|225|0.0|11.6|90|54.2|23.5|0.02|0.13|43.6454|8.88819
22|53|0|225|0.0|11.6|90|54.4|23.5|0.02|0.13|43.6464|8.88819
22|55|0|225|0.0|11.6|90|54.4|23.3|0.02|0.13|43.6471|8.88819
22|56|0|225|0.0|11.6|90|54.4|23.3|0.02|0.13|43.6457|8.88819
22|57|0|225|0.0|11.6|90|54.4|23.3|0.02|0.13|43.6473|8.88819
22|59|0|225|0.0|11.6|90|54.5|23.2|0.02|0.13|43.6484|8.88819
23|00|0|225|0.0|11.6|90|54.5|23.2|0.02|0.13|43.6486|8.88819
23|02|0|225|0.0|11.6|90|54.7|23.2|0.02|0.13|43.6499|8.88819
23|03|0|225|0.0|11.6|90|54.9|23.1|0.02|0.13|43.6476|8.88819
23|05|0|225|0.0|11.6|90|55.0|23.1|0.02|0.13|43.6477|9.29465
23|06|0|225|0.0|11.6|90|55.1|23.1|0.02|0.13|43.649|9.29465
23|07|0|225|0.0|11.6|90|55.3|23.0|0.02|0.13|43.6489|9.29465
23|08|0|225|1.5|11.6|90|55.3|23.0|0.02|0.13|43.6484|9.29465
23|09|0|225|0.0|11.6|90|55.4|22.9|0.02|0.13|43.6483|8.35905
23|10|0|225|0.0|11.6|90|55.5|22.9|0.02|0.13|43.6493|8.35905
23|11|0|225|0.0|11.6|90|55.5|22.8|0.02|0.13|43.6482|8.35905
23|12|0|225|0.0|11.6|90|55.4|22.8|0.02|0.13|43.6519|8.35905
23|13|0|225|0.0|11.6|90|55.5|22.8|0.02|0.13|43.6521|8.35905
23|14|0|225|1.5|11.6|90|55.6|22.7|0.03|0.14|43.6498|8.35905
23|15|0|225|0.0|11.6|90|55.6|22.7|0.03|0.14|43.6518|8.35905
23|16|0|225|0.0|11.6|90|55.6|22.7|0.03|0.14|43.6527|8.35905
23|17|0|225|0.0|11.6|90|55.6|22.7|0.03|0.14|43.6526|8.35905
23|18|0|225|0.0|11.6|90|55.6|22.7|0.03|0.14|43.6543|8.35905
23|19|0|225|1.5|11.6|90|55.6|22.5|0.02|0.14|43.6548|8.35905
23|21|0|225|1.6|11.6|90|55.6|22.4|0.02|0.14|43.6539|8.35905
23|22|0|225|0.0|11.6|90|55.6|22.4|0.02|0.14|43.6537|8.35905
23|23|0|225|0.0|11.6|90|55.7|22.3|0.01|0.14|43.6534|8.35905
23|24|0|225|0.0|11.6|90|55.8|22.3|0.01|0.14|43.654|8.35905
23|27|0|225|0.0|11.6|90|56.2|22.2|0.01|0.14|43.6539|8.75713
23|28|0|225|0.0|11.6|90|56.5|22.1|0.01|0.14|43.6524|8.75713
23|29|0|225|0.0|11.6|90|56.6|22.1|0.01|0.14|43.6537|8.75713
23|30|0|225|0.0|11.6|90|56.6|22.0|0.01|0.14|43.6542|8.75713
23|31|0|225|0.0|11.6|90|56.7|22.0|0.02|0.15|43.6555|8.75713
23|32|0|225|1.5|11.6|90|56.9|21.9|0.02|0.15|43.6578|7.81954
23|34|0|225|1.6|11.6|90|57.5|21.6|0.02|0.15|43.6582|8.20952
23|35|0|225|0.0|11.6|90|57.7|21.6|0.02|0.15|43.659|8.20952
23|36|0|225|1.5|11.6|90|57.9|21.5|0.02|0.15|43.6574|8.20952
23|37|0|225|1.6|11.6|90|58.2|21.4|0.02|0.15|43.6576|8.59346
23|38|0|23|1.5|11.6|90|58.6|21.3|0.02|0.15|43.6572|8.59346
23|39|0|23|1.5|11.6|90|58.7|21.3|0.02|0.15|43.6569|8.59346
23|40|0|23|0.0|11.6|90|59.1|21.3|0.02|0.15|43.6563|8.97154
23|41|0|23|0.0|11.6|90|59.6|21.3|0.02|0.15|43.6556|8.97154
23|42|0|23|0.0|11.6|90|59.8|21.3|0.02|0.15|43.6575|8.97154
23|43|0|23|0.0|11.6|90|59.6|21.3|0.02|0.15|43.6578|8.97154
23|45|0|23|0.0|11.6|90|59.4|21.3|0.02|0.15|43.6575|8.97154
23|47|0|23|0.0|11.6|90|59.9|21.3|0.02|0.15|43.6566|8.97154
23|48|0|23|0.0|11.6|90|60.0|21.3|0.02|0.15|43.6587|9.34397
23|50|0|23|0.0|11.6|90|60.2|21.3|0.02|0.15|43.6598|9.34397
23|51|0|23|1.5|11.6|90|59.3|21.3|0.02|0.15|43.6626|8.97154
23|52|0|23|0.0|11.6|90|59.1|21.3|0.02|0.15|43.6626|8.97154
23|53|0|23|0.0|11.6|90|59.4|21.2|0.02|0.15|43.6628|8.97154
23|54|0|23|0.0|11.6|90|59.5|21.2|0.02|0.15|43.6613|8.97154
23|55|0|23|0.0|11.6|90|59.6|21.1|0.02|0.15|43.6621|8.97154
23|56|0|23|0.0|11.6|90|59.6|21.1|0.02|0.15|43.6614|8.97154
23|58|0|23|0.0|11.6|90|59.5|21.0|0.02|0.15|43.6628|8.97154
23|59|0|23|0.0|11.6|90|59.6|20.9|0.02|0.15|43.663|8.02845
