00|03|0|90|0.0|8.1|315|46.5|23.0|0.03|0.22|43.5431|5.37086
00|07|0|90|1.5|8.1|315|46.7|22.7|0.03|0.22|43.5379|4.45332
00|09|0|90|0.0|8.1|315|46.8|22.5|0.03|0.22|43.5368|4.45332
00|12|0|90|0.0|8.1|315|47.1|22.4|0.03|0.22|43.5366|4.91938
00|15|0|90|0.0|8.1|315|47.6|22.2|0.02|0.22|43.5377|4.91938
00|16|0|90|0.0|8.1|315|47.6|22.2|0.02|0.22|43.5376|4.91938
00|18|0|90|0.0|8.1|315|47.6|22.1|0.02|0.22|43.5379|4.91938
00|24|0|90|0.0|8.1|315|48.3|22.4|0.02|0.22|43.5313|5.37668
00|25|0|90|1.5|8.1|315|48.2|22.4|0.02|0.22|43.5297|5.37668
00|29|0|90|1.5|8.1|315|48.3|22.4|0.02|0.22|43.5254|5.37668
00|33|0|90|1.5|8.1|315|48.7|22.3|0.02|0.22|43.5274|5.37668
00|34|0|90|1.5|8.1|315|48.8|22.2|0.02|0.22|43.5268|5.37668
00|35|0|90|1.5|8.1|315|49.1|22.1|0.02|0.22|43.5276|5.82558
00|37|0|90|0.0|8.1|315|49.8|21.9|0.02|0.22|43.5268|4.90153
00|40|0|90|0.0|8.1|315|50.9|21.6|0.04|0.24|43.5286|5.3403
00|44|0|90|0.0|8.1|315|50.8|21.5|0.03|0.24|43.528|5.3403
00|45|0|90|0.0|8.1|315|50.6|21.5|0.03|0.24|43.5287|5.3403
00|46|0|90|1.5|8.1|315|50.5|21.5|0.03|0.24|43.529|5.3403
00|50|0|90|0.0|8.1|315|50.1|21.5|0.03|0.24|43.5251|5.3403
00|52|0|90|0.0|8.1|315|49.9|21.6|0.02|0.24|43.5249|4.90153
00|53|0|90|0.0|8.1|315|49.7|21.6|0.02|0.24|43.5246|4.90153
00|56|0|90|0.0|8.1|315|49.8|21.5|0.02|0.24|43.5195|4.90153
00|57|0|90|1.5|8.1|315|49.8|21.5|0.02|0.24|43.5178|4.90153
00|58|0|90|1.5|8.1|315|50.2|21.5|0.02|0.24|43.5169|5.3403
01|00|0|90|0.0|8.1|315|50.9|21.6|0.02|0.24|43.5142|5.3403
01|01|0|90|1.5|8.1|315|50.7|21.6|0.02|0.24|43.5104|5.3403
01|02|0|90|0.0|8.1|315|50.4|21.6|0.02|0.24|43.5096|5.3403
01|04|0|90|0.0|8.1|315|50.1|21.6|0.02|0.24|43.5095|5.3403
01|05|0|90|0.0|8.1|315|49.3|21.6|0.02|0.24|43.5055|4.90153
01|07|0|90|1.6|8.1|315|48.7|21.9|0.02|0.24|43.5061|4.45471
01|08|0|90|1.5|8.1|315|48.2|21.9|0.02|0.24|43.5069|4.45471
01|11|0|90|1.5|8.1|315|47.6|22.0|0.02|0.24|43.5059|4.91938
01|13|0|90|0.0|8.1|315|47.1|22.0|0.02|0.24|43.5035|4.91938
01|15|0|90|0.0|8.1|315|46.9|22.1|0.02|0.24|43.5043|4.45332
01|16|0|90|0.0|8.1|315|46.8|22.1|0.02|0.24|43.5051|4.45332
01|17|0|90|1.5|8.1|315|46.7|22.1|0.02|0.24|43.5029|4.45332
01|19|0|90|0.0|8.1|315|46.5|22.1|0.02|0.24|43.5067|4.45332
01|25|0|90|0.0|8.1|315|46.3|22.1|0.02|0.24|43.5074|4.45332
01|26|0|90|0.0|8.1|315|46.2|22.1|0.02|0.24|43.5052|4.45332
01|28|0|90|1.5|8.1|315|46.3|22.2|0.02|0.24|43.504|4.45332
01|30|0|90|1.6|8.1|315|46.2|22.1|0.02|0.24|43.5025|4.45332
01|31|0|90|0.0|8.1|315|46.2|22.1|0.02|0.24|43.5011|4.45332
01|34|0|90|0.0|8.1|315|46.1|22.0|0.02|0.24|43.5004|4.45332
01|38|0|90|1.5|8.1|315|46.3|22.2|0.02|0.24|43.5038|4.45332
01|39|0|90|0.0|8.1|315|46.2|22.1|0.02|0.24|43.5036|4.45332
01|40|0|90|0.0|8.1|315|46.1|22.1|0.00|0.24|43.5038|4.45332
01|41|0|90|0.0|8.1|315|46.1|22.0|0.00|0.24|43.5035|4.45332
01|42|0|90|0.0|8.1|315|46.1|22.0|0.00|0.24|43.5034|4.45332
01|43|0|90|0.0|8.1|315|46.2|21.9|0.00|0.24|43.5041|3.53558
01|44|0|90|0.0|8.1|315|46.6|21.9|0.00|0.24|43.5041|3.53558
01|47|0|90|0.0|8.1|315|46.9|21.8|0.00|0.24|43.5035|3.53558
01|48|0|90|0.0|8.1|315|46.9|21.8|0.00|0.24|43.502|3.53558
01|49|0|90|0.0|8.1|315|46.8|21.6|0.00|0.24|43.5024|3.53558
01|56|0|90|1.5|8.1|315|46.9|21.6|0.00|0.24|43.497|3.53558
01|57|0|90|1.6|8.1|315|47.1|21.8|0.00|0.24|43.4942|3.99951
02|00|0|90|0.0|8.1|315|47.0|21.6|0.00|0.24|43.4955|3.99951
02|01|0|90|0.0|8.1|315|47.0|21.5|0.00|0.24|43.4912|3.99951
02|02|0|90|1.5|8.1|315|47.1|21.5|0.00|0.24|43.4915|3.99951
02|07|0|90|1.5|8.1|315|47.1|21.4|0.01|0.25|43.4896|3.99951
02|09|0|90|1.6|8.1|315|47.1|21.4|0.01|0.25|43.4873|3.99951
02|10|0|90|1.5|8.1|315|47.0|21.4|0.01|0.25|43.4841|3.99951
02|13|0|90|1.5|8.1|315|46.7|21.4|0.01|0.25|43.4791|3.53558
02|14|0|90|1.6|8.1|315|46.5|21.4|0.01|0.25|43.4771|3.53558
02|15|0|90|2.9|8.1|315|46.5|21.4|0.01|0.25|43.478|3.53558
02|16|0|90|2.9|8.1|315|46.5|21.3|0.01|0.25|43.4763|3.53558
02|17|0|90|1.5|8.1|315|46.5|21.3|0.01|0.25|43.4763|3.53558
02|19|0|90|1.5|8.1|315|46.8|21.3|0.01|0.25|43.4748|3.53558
02|20|0|90|2.9|8.1|315|46.7|21.3|0.01|0.25|43.4731|3.53558
02|22|0|45|1.5|8.1|315|46.5|21.3|0.01|0.25|43.4733|3.53558
02|23|0|45|1.5|8.1|315|46.4|21.3|0.01|0.25|43.4688|3.53558
02|31|0|90|1.6|8.1|315|45.6|22.0|0.02|0.26|43.4722|3.97813
02|32|0|90|1.6|8.1|315|45.6|22.0|0.02|0.26|43.4715|3.97813
02|36|0|90|0.0|8.1|315|46.6|22.3|0.02|0.26|43.4688|4.45332
02|38|0|90|0.0|8.1|315|45.9|22.4|0.03|0.28|43.469|3.97813
02|39|0|90|0.0|8.1|315|45.7|22.4|0.03|0.28|43.4706|3.97813
02|44|0|90|1.5|8.1|315|46.8|22.7|0.03|0.28|43.4627|4.45332
02|45|0|90|1.5|8.1|315|47.3|22.9|0.03|0.28|43.4617|4.91938
02|47|0|90|1.5|8.1|315|46.8|22.9|0.03|0.28|43.4612|4.45332
02|49|0|90|1.6|8.1|315|45.9|22.8|0.03|0.28|43.4613|3.97813
02|56|0|90|1.5|8.1|315|45.8|22.5|0.03|0.28|43.4652|3.97813
02|59|0|90|0.0|8.1|315|45.9|22.4|0.03|0.28|43.4614|3.97813
03|00|0|90|1.5|8.1|315|46.0|22.4|0.03|0.28|43.4607|4.45332
03|01|0|90|1.5|8.1|315|46.2|22.3|0.03|0.28|43.4595|4.45332
03|06|0|135|1.6|8.1|315|46.0|22.4|0.02|0.28|43.4611|4.45332
03|07|0|135|1.6|8.1|315|45.5|22.3|0.02|0.28|43.4595|3.97813
03|10|0|135|0.0|8.1|315|44.7|22.3|0.02|0.28|43.4619|3.49343
03|11|0|135|0.0|8.1|315|44.5|22.3|0.02|0.28|43.4613|3.49343
03|13|0|135|0.0|8.1|315|44.4|22.4|0.02|0.28|43.463|3.49343
03|16|0|135|1.6|8.1|315|44.6|22.4|0.02|0.28|43.4643|3.49343
03|17|0|135|0.0|8.1|315|44.7|22.4|0.02|0.28|43.4649|3.49343
03|19|0|135|0.0|8.1|315|44.9|22.3|0.02|0.28|43.4625|3.49343
03|20|0|135|0.0|8.1|315|44.8|22.4|0.02|0.28|43.458|3.49343
03|21|0|135|0.0|8.1|315|44.6|22.4|0.02|0.28|43.4566|3.49343
03|22|0|135|0.0|8.1|315|44.5|22.4|0.02|0.28|43.4568|3.49343
03|25|0|135|0.0|8.1|315|44.9|22.4|0.02|0.28|43.4561|3.49343
03|27|0|135|0.0|8.1|315|44.9|22.5|0.02|0.28|43.4524|3.49343
03|28|0|135|0.0|8.1|315|44.9|22.4|0.02|0.28|43.4507|3.49343
03|33|0|135|0.0|8.1|315|44.9|22.2|0.01|0.28|43.4493|3.49343
03|35|0|135|1.5|8.1|315|44.9|22.1|0.01|0.28|43.4506|3.49343
03|36|0|135|1.5|8.1|315|44.9|22.0|0.00|0.28|43.447|3.49343
03|37|0|135|1.5|8.1|315|44.9|21.9|0.00|0.28|43.4438|2.5801
03|40|0|135|0.0|8.1|315|45.1|22.0|0.00|0.28|43.4419|3.97813
03|41|0|135|1.5|8.1|315|45.2|21.9|0.00|0.28|43.4399|3.06258
03|43|0|135|1.5|8.1|315|45.5|21.9|0.00|0.28|43.4388|3.06258
03|45|0|90|1.5|8.1|315|46.2|21.8|0.00|0.28|43.4334|3.53558
03|49|0|90|1.6|8.1|315|46.5|21.6|0.00|0.28|43.4304|3.53558
03|50|0|90|1.5|8.1|315|46.5|21.6|0.00|0.28|43.4296|3.53558
03|51|0|90|1.6|8.1|315|46.4|21.6|0.00|0.28|43.4291|3.53558
03|54|0|90|0.0|8.1|315|46.1|22.0|0.00|0.28|43.4312|4.45332
04|02|0|225|1.5|8.1|315|44.9|22.5|0.01|0.29|43.4238|3.49343
04|03|0|225|3.2|8.1|315|44.8|22.4|0.01|0.29|43.4204|3.49343
04|06|0|225|1.5|8.1|315|44.8|22.3|0.01|0.29|43.4158|3.49343
04|07|0|225|0.0|8.1|315|44.9|22.3|0.01|0.29|43.4135|3.49343
04|09|0|225|0.0|8.1|315|45.0|22.3|0.01|0.29|43.4137|3.97813
04|17|0|270|0.0|8.1|315|47.4|22.4|0.01|0.29|43.415|4.91938
04|20|0|315|0.0|8.1|315|46.5|22.4|0.01|0.29|43.4084|4.45332
04|21|0|315|0.0|8.1|315|46.1|22.4|0.01|0.29|43.4054|4.45332
04|22|0|315|0.0|8.1|315|46.2|22.4|0.01|0.29|43.4048|4.45332
04|23|0|315|1.5|8.1|315|46.5|22.4|0.01|0.29|43.4041|4.45332
04|24|0|315|1.6|8.1|315|46.9|22.3|0.01|0.29|43.4031|4.45332
04|25|0|315|1.6|8.1|315|47.0|22.3|0.01|0.29|43.4015|4.91938
04|26|0|315|0.0|8.1|315|46.8|22.3|0.01|0.29|43.4017|4.45332
04|27|0|315|0.0|8.1|315|46.9|22.2|0.01|0.29|43.3994|4.45332
04|28|0|315|0.0|8.1|315|47.5|22.2|0.01|0.29|43.3984|4.91938
04|29|0|315|0.0|8.1|315|47.8|22.2|0.01|0.29|43.3974|4.91938
04|31|0|315|1.6|8.1|315|48.4|22.2|0.01|0.29|43.3981|5.37668
04|32|0|315|1.6|8.1|315|48.8|22.3|0.01|0.29|43.3968|5.37668
04|34|0|315|0.0|8.1|315|49.1|22.3|0.01|0.29|43.3935|5.82558
04|39|0|315|4.4|8.1|315|52.2|21.9|0.01|0.29|43.3996|6.19485
04|43|0|315|1.5|8.1|315|53.8|21.5|0.01|0.29|43.399|6.6112
04|44|0|315|1.5|8.1|315|53.6|21.4|0.02|0.30|43.399|6.6112
04|45|0|315|1.5|8.1|315|53.6|21.3|0.03|0.31|43.3993|6.6112
04|46|0|315|2.9|8.1|315|53.7|21.1|0.03|0.31|43.3958|6.6112
04|47|0|315|2.9|8.1|315|54.1|21.0|0.03|0.31|43.3933|7.02061
04|50|0|315|1.5|8.1|315|53.9|21.0|0.03|0.31|43.3918|6.6112
04|51|0|315|1.6|8.1|315|53.6|20.9|0.03|0.31|43.3887|5.67908
04|53|0|315|0.0|8.1|315|53.3|20.9|0.03|0.31|43.3871|5.67908
04|54|0|315|0.0|8.1|315|53.0|20.9|0.03|0.31|43.3866|5.67908
04|55|0|315|1.5|8.1|315|52.7|21.0|0.03|0.31|43.3875|6.19485
04|57|0|315|1.5|8.1|315|52.6|21.1|0.02|0.31|43.3809|6.19485
04|58|0|315|0.0|8.1|315|52.5|21.2|0.02|0.31|43.379|6.19485
05|08|0|315|0.0|8.1|315|50.6|21.9|0.02|0.31|43.3723|5.3403
05|10|0|315|1.5|8.1|315|50.6|22.0|0.03|0.32|43.3776|6.26637
05|11|0|315|1.5|8.1|315|50.4|22.0|0.03|0.32|43.3769|6.26637
05|15|0|315|0.0|8.1|315|50.2|22.1|0.03|0.32|43.3731|6.26637
05|16|0|315|0.0|8.1|315|50.0|22.1|0.03|0.32|43.3685|6.26637
05|19|0|315|0.0|8.1|315|49.4|22.1|0.03|0.32|43.3688|5.82558
05|20|0|315|0.0|8.1|315|49.3|22.1|0.03|0.32|43.3668|5.82558
05|24|0|315|0.0|8.1|315|49.3|22.3|0.03|0.32|43.3688|5.82558
05|26|0|315|0.0|8.1|315|49.7|22.4|0.03|0.32|43.3738|5.82558
05|27|0|315|1.6|8.1|315|49.9|22.4|0.03|0.32|43.3739|5.82558
05|28|0|315|1.5|8.1|315|50.3|22.4|0.03|0.32|43.3705|6.26637
05|29|0|315|0.0|8.1|315|50.7|22.3|0.03|0.32|43.3674|6.26637
05|30|0|315|0.0|8.1|315|50.9|22.3|0.03|0.32|43.3651|6.26637
05|31|0|315|1.5|8.1|315|51.0|22.2|0.03|0.32|43.366|6.69938
05|34|0|315|2.9|8.1|315|51.7|22.1|0.04|0.33|43.3687|6.69938
05|39|0|315|0.0|8.1|315|51.8|21.9|0.04|0.33|43.3592|5.77131
05|40|0|315|0.0|8.1|315|51.5|21.9|0.04|0.33|43.3584|5.77131
05|41|0|315|0.0|8.1|315|51.3|21.9|0.04|0.33|43.3595|5.77131
05|46|0|315|1.5|8.1|315|51.7|21.9|0.02|0.33|43.3649|5.77131
05|47|0|315|1.5|8.1|315|52.1|21.9|0.02|0.33|43.3662|6.19485
05|49|0|315|0.0|8.1|315|52.3|21.9|0.02|0.33|43.3641|6.19485
05|50|0|315|0.0|8.1|315|52.0|21.9|0.02|0.33|43.3587|6.19485
05|52|0|315|2.9|8.1|315|51.8|22.0|0.02|0.33|43.3568|6.69938
05|53|0|315|1.5|8.1|315|52.0|22.0|0.02|0.33|43.3552|7.12489
05|55|0|180|1.6|8.1|315|51.9|22.0|0.02|0.33|43.3561|6.69938
05|58|0|180|0.0|8.1|315|51.6|22.1|0.02|0.33|43.3567|6.69938
06|00|0|180|1.6|8.1|315|51.4|22.1|0.02|0.33|43.3554|6.69938
06|01|0|180|1.5|8.1|315|51.3|22.2|0.02|0.33|43.3553|6.69938
06|05|0|180|0.0|8.1|315|50.9|22.2|0.02|0.33|43.3541|6.26637
06|06|0|180|1.5|8.1|315|50.8|22.2|0.02|0.33|43.3536|6.26637
06|09|0|270|0.0|8.1|315|50.5|22.2|0.02|0.33|43.3486|6.26637
06|12|0|270|1.6|8.1|315|51.5|22.3|0.01|0.33|43.3463|6.69938
06|13|0|270|0.0|8.1|315|51.4|22.3|0.01|0.33|43.3472|6.69938
06|14|0|203|1.5|8.1|315|51.4|22.3|0.01|0.33|43.3472|6.69938
06|15|0|180|1.5|8.1|315|51.7|22.3|0.02|0.34|43.3444|6.69938
06|17|0|180|1.6|8.1|315|51.4|22.2|0.02|0.34|43.3441|6.69938
06|18|0|180|1.5|8.1|315|51.2|22.2|0.02|0.34|43.3458|6.69938
06|19|0|225|0.0|8.1|315|51.1|22.3|0.02|0.34|43.3498|6.69938
06|24|0|225|1.5|8.1|315|50.6|22.4|0.02|0.34|43.3541|6.26637
06|28|0|270|1.6|8.1|315|50.0|22.7|0.02|0.34|43.3507|6.26637
06|30|0|270|1.5|8.1|315|49.7|22.8|0.02|0.34|43.3484|5.82558
06|31|0|270|1.5|8.1|315|49.5|22.8|0.02|0.34|43.347|5.82558
06|32|0|270|1.6|8.1|315|49.4|22.8|0.02|0.34|43.3485|5.82558
06|33|0|270|0.0|8.1|315|49.2|22.7|0.01|0.34|43.3449|5.82558
06|35|0|270|0.0|8.1|315|49.2|22.7|0.01|0.34|43.3426|5.82558
06|37|0|270|0.0|8.1|315|49.4|22.7|0.01|0.34|43.3418|5.82558
06|39|0|270|1.5|8.1|315|49.7|22.7|0.01|0.34|43.3339|5.82558
06|40|0|270|1.6|8.1|315|49.8|22.7|0.01|0.34|43.3364|5.82558
06|41|0|270|0.0|8.1|315|50.1|22.5|0.01|0.34|43.3396|6.26637
06|43|0|270|0.0|8.1|315|50.5|22.5|0.01|0.34|43.3434|6.26637
06|44|0|270|0.0|8.1|315|50.5|22.4|0.01|0.34|43.3364|6.26637
06|45|0|270|0.0|8.1|315|50.4|22.4|0.01|0.34|43.336|6.26637
06|46|0|270|0.0|8.1|315|50.5|22.4|0.01|0.34|43.3357|6.26637
06|50|0|270|0.0|8.1|315|50.4|22.5|0.01|0.34|43.3305|6.26637
06|56|0|270|1.5|8.1|315|50.3|22.4|0.01|0.34|43.3235|6.26637
06|58|0|270|0.0|8.1|315|50.4|22.5|0.01|0.34|43.3219|6.26637
07|04|0|180|0.0|8.1|315|50.5|22.5|0.01|0.34|43.3254|6.26637
07|08|0|45|0.0|8.1|315|50.4|22.9|0.01|0.34|43.3194|6.26637
07|10|0|45|0.0|8.1|315|50.6|22.9|0.01|0.34|43.3224|6.26637
07|11|0|270|1.6|8.1|315|50.8|22.9|0.01|0.34|43.3236|6.26637
07|13|0|270|0.0|8.1|315|50.8|23.1|0.01|0.34|43.3201|7.19227
07|16|0|180|1.5|8.1|315|50.7|23.1|0.00|0.34|43.321|7.19227
07|18|0|180|0.0|8.1|315|50.1|23.1|0.00|0.34|43.3253|7.19227
07|20|0|225|2.9|8.1|315|50.1|23.1|0.00|0.34|43.3322|7.19227
07|22|0|248|1.5|8.1|315|49.9|23.2|0.01|0.35|43.3277|6.74944
07|25|0|270|0.0|8.1|315|50.1|23.3|0.01|0.35|43.327|7.19227
07|27|0|270|0.0|8.1|315|50.4|23.3|0.01|0.35|43.3221|7.19227
07|28|0|270|0.0|8.1|315|51.4|23.2|0.01|0.35|43.3199|7.62728
07|30|0|270|0.0|8.1|315|52.0|23.2|0.01|0.35|43.3182|8.05476
07|31|0|270|0.0|8.1|315|51.6|23.1|0.01|0.35|43.3164|7.62728
07|33|0|180|0.0|8.1|315|51.5|23.1|0.01|0.35|43.3143|7.62728
07|38|0|180|1.5|8.1|315|51.1|23.1|0.01|0.35|43.3201|7.62728
07|40|0|180|0.0|8.1|315|50.5|23.2|0.01|0.35|43.3204|7.19227
07|41|0|180|0.0|8.1|315|50.6|23.2|0.01|0.35|43.3199|7.19227
07|42|0|180|1.6|8.1|315|50.7|23.2|0.01|0.35|43.3181|7.19227
07|43|0|315|1.5|8.1|315|51.1|23.2|0.01|0.35|43.3167|7.62728
07|44|0|315|1.5|8.1|315|52.2|23.1|0.01|0.35|43.3136|8.05476
07|47|0|315|0.0|8.1|315|53.3|23.0|0.02|0.36|43.3151|8.47498
07|49|0|315|0.0|8.1|315|53.5|23.0|0.02|0.36|43.3146|8.47498
07|50|0|315|0.0|8.1|315|53.3|23.0|0.03|0.37|43.3105|8.47498
07|51|0|315|0.0|8.1|315|52.8|23.0|0.03|0.37|43.3071|8.05476
07|52|0|315|0.0|8.1|315|52.2|23.0|0.03|0.37|43.3032|8.05476
07|54|0|315|0.0|8.1|315|51.5|23.1|0.03|0.37|43.2989|7.62728
07|55|0|315|0.0|8.1|315|51.5|23.1|0.04|0.39|43.2985|7.62728
07|56|0|45|1.6|8.1|315|51.4|23.1|0.04|0.39|43.2962|7.62728
08|00|0|180|1.5|8.1|315|51.2|23.2|0.04|0.39|43.3063|7.62728
08|01|0|180|1.6|8.1|315|51.3|23.2|0.04|0.39|43.3051|7.62728
08|02|0|180|0.0|8.1|315|51.3|23.3|0.04|0.39|43.3017|7.62728
08|04|0|180|1.5|8.1|315|51.1|23.5|0.04|0.39|43.3028|7.62728
08|06|0|180|0.0|8.1|315|50.6|23.6|0.04|0.39|43.3064|7.19227
08|08|0|180|0.0|8.1|315|50.3|23.7|0.04|0.39|43.3075|7.19227
08|09|0|180|0.0|8.1|315|50.2|23.7|0.04|0.39|43.3056|7.19227
08|12|0|135|1.5|8.1|315|50.0|23.8|0.04|0.39|43.2978|7.19227
08|13|0|135|1.5|8.1|315|49.6|23.9|0.04|0.39|43.2918|6.74944
08|14|0|135|1.5|8.1|315|49.7|24.0|0.04|0.39|43.2919|7.67314
08|15|0|135|0.0|8.1|315|49.7|24.1|0.04|0.39|43.288|7.67314
08|16|0|135|0.0|8.1|315|49.4|24.1|0.04|0.39|43.2885|7.67314
08|17|0|135|0.0|8.1|315|49.2|24.2|0.04|0.39|43.286|7.67314
08|21|0|135|0.0|8.1|315|48.3|24.6|0.04|0.39|43.2876|7.2201
08|22|0|135|0.0|8.1|315|47.6|24.7|0.03|0.39|43.2843|6.75858
08|24|0|135|0.0|8.1|315|46.3|24.8|0.03|0.39|43.2844|6.28823
08|25|0|180|1.5|8.1|315|45.7|24.9|0.03|0.39|43.2849|5.80867
08|27|0|90|0.0|8.1|315|43.9|25.2|0.03|0.39|43.2812|5.73083
08|29|0|90|2.9|8.1|315|43.5|25.5|0.03|0.39|43.2839|5.73083
08|30|0|90|0.0|8.1|315|43.7|25.7|0.03|0.39|43.2844|5.73083
08|31|0|135|2.9|8.1|315|43.8|25.8|0.03|0.39|43.287|5.73083
08|32|0|135|1.5|8.1|315|42.9|25.9|0.03|0.39|43.2867|5.21888
08|36|0|135|2.9|8.1|315|42.0|26.3|0.03|0.39|43.2876|6.12684
08|38|0|135|1.5|8.1|315|41.4|26.5|0.03|0.39|43.2862|5.60154
08|40|0|135|1.5|8.1|315|41.3|26.6|0.03|0.39|43.2863|5.60154
08|41|0|135|2.9|8.1|315|41.0|26.6|0.03|0.39|43.2871|5.60154
08|42|0|135|3.2|8.1|315|40.6|26.7|0.04|0.40|43.2871|5.06469
08|43|0|180|2.9|8.1|315|40.4|26.7|0.04|0.40|43.2822|5.06469
08|46|0|135|0.0|8.1|315|41.1|26.9|0.03|0.40|43.2831|5.60154
08|47|0|135|1.5|8.1|315|41.3|26.9|0.03|0.40|43.283|5.60154
08|48|0|135|1.6|8.1|315|41.0|27.0|0.03|0.40|43.2834|6.50691
08|49|0|135|1.6|8.1|315|41.0|27.0|0.02|0.40|43.2804|6.50691
08|50|0|135|4.8|8.1|315|40.5|27.0|0.02|0.40|43.2795|5.96764
08|53|0|135|1.5|8.1|315|40.2|27.3|0.02|0.40|43.2764|5.96764
08|57|0|135|4.4|8.1|315|39.3|28.1|0.01|0.40|43.2778|6.31645
08|58|0|135|2.9|8.1|315|38.7|28.1|0.01|0.40|43.2766|5.74974
09|00|0|135|4.4|8.1|315|37.8|28.1|0.01|0.40|43.2755|5.16957
09|05|0|135|2.9|8.1|315|36.6|28.2|0.01|0.40|43.2804|4.57526
09|07|0|180|1.5|8.1|315|36.4|28.3|0.01|0.40|43.2896|4.57526
09|08|0|225|1.5|8.1|315|36.6|28.4|0.01|0.40|43.29|4.57526
09|09|0|225|0.0|8.1|315|36.6|28.6|0.01|0.40|43.2903|4.57526
09|10|0|225|0.0|8.1|315|36.7|28.7|0.01|0.40|43.2876|4.57526
09|12|0|225|0.0|8.1|315|36.7|28.7|0.01|0.40|43.2872|4.57526
09|13|0|225|0.0|8.1|315|36.9|29.0|0.01|0.40|43.2879|5.46749
09|18|0|180|0.0|8.1|315|35.9|30.0|0.01|0.40|43.2806|5.74481
09|19|0|225|2.9|8.1|315|35.7|30.1|0.01|0.40|43.2827|5.74481
09|20|0|180|2.9|8.1|315|35.1|30.1|0.01|0.40|43.2843|5.74481
09|21|0|225|1.5|8.1|315|34.6|30.1|0.01|0.40|43.2863|5.11428
09|23|0|225|0.0|8.1|315|34.7|30.2|0.02|0.41|43.287|5.11428
09|27|0|180|2.9|8.1|315|33.7|30.3|0.02|0.41|43.2736|4.467
09|29|0|180|2.9|8.1|315|33.2|30.5|0.02|0.41|43.2783|4.467
09|31|0|225|0.0|8.1|315|33.5|30.9|0.02|0.41|43.2821|4.467
09|32|0|225|0.0|8.1|315|33.4|30.9|0.02|0.41|43.2828|4.467
09|34|0|270|1.5|8.1|315|33.3|31.0|0.02|0.41|43.2836|5.35036
09|35|0|270|1.5|8.1|315|33.3|31.0|0.02|0.41|43.2855|5.35036
09|36|0|270|1.5|8.1|315|33.0|31.1|0.02|0.41|43.2843|5.35036
09|39|0|180|1.6|8.1|315|32.9|31.3|0.02|0.41|43.2814|4.68241
09|40|0|180|1.5|8.1|315|32.7|31.4|0.01|0.41|43.2799|4.68241
09|42|0|180|2.9|8.1|315|32.4|31.4|0.01|0.41|43.2775|4.68241
09|43|0|180|1.5|8.1|315|32.2|31.4|0.01|0.41|43.2769|4.68241
09|46|0|158|4.8|8.1|315|32.1|31.5|0.01|0.41|43.2738|4.68241
09|52|0|45|1.5|8.1|315|32.9|31.9|0.02|0.42|43.2753|4.68241
09|57|0|45|1.6|8.1|315|32.3|32.9|0.02|0.42|43.2885|5.56258
09|58|0|45|1.6|8.1|315|32.2|33.0|0.02|0.42|43.2871|6.44249
10|00|0|45|1.5|8.1|315|32.4|33.1|0.02|0.42|43.2868|6.44249
10|01|0|45|0.0|8.1|315|32.4|33.3|0.02|0.42|43.2873|6.44249
10|08|0|180|3.2|8.1|315|27.9|34.0|0.02|0.42|43.2834|3.62582
10|11|0|225|0.0|8.1|315|27.7|34.4|0.02|0.42|43.2855|3.62582
10|12|0|135|7.3|8.1|315|27.6|34.4|0.02|0.42|43.2811|3.62582
10|13|0|180|4.8|8.1|315|27.2|34.4|0.02|0.42|43.2834|3.62582
10|14|0|180|4.4|8.1|180|27.0|34.2|0.02|0.42|43.2855|3.62582
10|18|0|180|4.8|8.7|180|27.3|34.1|0.02|0.42|43.2829|3.62582
10|19|0|180|3.2|8.7|180|27.3|34.4|0.02|0.42|43.2804|3.62582
10|21|0|158|4.4|8.7|180|27.2|34.5|0.02|0.42|43.279|3.62582
10|22|0|135|4.4|8.7|180|27.2|34.5|0.03|0.43|43.2783|3.62582
10|23|0|135|5.8|8.7|180|27.2|34.4|0.03|0.43|43.2806|3.62582
10|26|0|180|4.4|8.7|180|27.4|34.4|0.02|0.43|43.2811|3.62582
10|27|0|180|1.5|8.7|180|27.4|34.5|0.02|0.43|43.2802|3.62582
10|28|0|158|2.9|8.7|180|27.5|34.5|0.02|0.43|43.2778|3.62582
10|29|0|180|2.9|8.7|180|27.4|34.5|0.02|0.43|43.2761|3.62582
10|30|0|225|2.9|8.7|180|27.4|34.6|0.02|0.43|43.2762|3.62582
10|32|0|180|1.5|8.7|180|27.4|34.5|0.02|0.43|43.2756|3.62582
10|35|0|225|0.0|8.7|180|27.7|35.0|0.02|0.43|43.2792|4.48913
10|36|0|225|0.0|8.7|180|27.6|35.3|0.02|0.43|43.2812|4.48913
10|37|0|45|1.5|8.7|180|27.6|35.4|0.02|0.43|43.2806|4.48913
10|41|0|0|0.0|8.7|180|27.6|35.8|0.02|0.43|43.2782|4.48913
10|42|0|135|1.5|8.7|180|27.5|35.9|0.02|0.43|43.2773|4.48913
10|43|0|135|1.5|8.7|180|27.0|36.0|0.02|0.43|43.2773|5.35215
10|45|0|180|2.9|8.7|180|26.7|36.0|0.02|0.43|43.2743|4.53323
10|46|0|135|2.9|8.7|180|26.6|35.9|0.02|0.43|43.2733|3.67373
10|48|0|135|1.5|8.7|180|26.5|35.9|0.02|0.43|43.2721|3.67373
10|50|0|158|3.2|8.7|180|26.8|35.9|0.01|0.43|43.2682|3.67373
10|52|0|225|3.2|8.7|180|26.7|35.9|0.01|0.43|43.2676|3.67373
10|56|0|315|3.2|8.7|180|27.0|36.2|0.01|0.43|43.2666|5.35215
10|59|0|315|3.2|8.7|180|26.8|36.4|0.01|0.43|43.2656|4.53323
11|00|0|270|1.6|8.7|180|26.6|36.2|0.01|0.43|43.263|4.53323
11|03|0|270|1.6|8.7|180|27.0|36.2|0.01|0.43|43.2577|5.35215
11|08|0|225|0.0|8.7|180|26.8|36.5|0.01|0.43|43.2433|4.53323
11|10|0|315|2.9|8.7|180|26.4|36.6|0.01|0.43|43.2398|4.53323
11|11|0|315|1.5|8.7|180|26.2|36.7|0.01|0.43|43.2382|4.53323
11|13|0|315|1.5|8.7|180|26.1|36.7|0.01|0.43|43.238|4.53323
11|14|0|0|1.5|8.7|180|26.0|36.7|0.01|0.43|43.2326|4.53323
11|15|0|0|1.5|8.7|180|26.2|36.8|0.01|0.43|43.2313|4.53323
11|19|0|315|1.5|8.7|180|25.7|37.3|0.01|0.43|43.2209|4.5413
11|20|0|315|2.9|8.7|180|25.6|37.4|0.01|0.43|43.222|4.5413
11|21|0|270|4.4|8.7|180|25.7|37.4|0.01|0.43|43.2225|4.5413
11|22|0|270|2.9|8.7|180|25.6|37.6|0.00|0.43|43.2243|4.5413
11|24|0|270|2.9|8.7|180|25.6|37.7|0.00|0.43|43.2229|4.5413
11|25|0|270|3.2|8.7|180|25.7|37.8|0.00|0.43|43.2216|4.5413
11|26|0|270|2.9|8.7|180|25.4|38.1|0.01|0.44|43.2211|5.39656
11|28|0|315|3.2|8.7|180|25.2|38.1|0.01|0.44|43.2222|5.39656
11|29|0|315|6.4|8.7|180|25.4|38.1|0.01|0.44|43.2218|5.39656
11|31|0|315|4.4|9.7|315|25.3|38.1|0.01|0.44|43.2249|5.39656
11|32|0|270|2.9|9.7|315|25.3|38.1|0.01|0.44|43.2263|5.39656
11|33|0|315|4.8|9.7|315|25.2|38.0|0.02|0.45|43.2253|5.39656
11|34|0|315|4.4|9.7|315|25.2|37.8|0.02|0.45|43.2254|4.5413
11|35|0|315|1.5|9.7|315|25.1|37.8|0.02|0.45|43.2265|4.5413
11|37|0|0|2.9|9.7|315|25.1|37.8|0.02|0.45|43.2293|4.5413
11|39|0|315|2.9|9.7|315|25.2|37.7|0.02|0.45|43.2251|4.5413
11|40|0|315|4.4|9.7|315|25.2|37.7|0.02|0.45|43.221|4.5413
11|41|0|315|4.4|9.7|315|25.2|37.6|0.02|0.45|43.2226|4.5413
11|43|0|315|3.2|9.7|315|25.6|37.6|0.02|0.45|43.2251|4.5413
11|49|0|270|4.4|9.7|315|25.5|37.5|0.02|0.45|43.2221|4.5413
11|50|0|270|1.6|9.7|315|25.4|37.5|0.02|0.45|43.2213|4.5413
11|51|0|315|1.5|9.7|315|25.4|37.5|0.02|0.45|43.2196|4.5413
11|52|0|0|1.5|9.7|315|25.9|37.4|0.02|0.45|43.2165|4.5413
11|53|0|270|2.9|9.7|315|26.3|37.3|0.02|0.45|43.2143|5.39244
11|56|0|315|1.5|9.7|315|25.9|37.4|0.02|0.45|43.2097|4.5413
11|57|0|0|1.5|9.7|315|25.7|37.5|0.02|0.45|43.2101|4.5413
11|59|0|135|2.9|9.7|315|25.7|37.6|0.02|0.45|43.2059|4.5413
12|00|0|180|1.5|9.7|315|25.8|37.7|0.02|0.45|43.2032|4.5413
12|01|0|180|1.5|9.7|315|25.4|37.7|0.02|0.45|43.1997|4.5413
12|02|0|135|1.6|9.7|315|25.1|37.8|0.02|0.45|43.1981|4.5413
12|04|0|135|0.0|9.7|315|24.9|37.8|0.02|0.45|43.1936|3.65923
12|05|0|180|1.6|9.7|315|24.8|38.0|0.02|0.45|43.1933|4.51073
12|06|0|180|0.0|9.7|315|24.8|38.1|0.02|0.45|43.198|4.51073
12|07|0|45|0.0|9.7|315|24.8|38.2|0.02|0.45|43.1977|4.51073
12|08|0|45|0.0|9.7|315|24.8|38.2|0.02|0.45|43.1959|4.51073
12|11|0|225|1.5|9.7|315|24.9|38.7|0.03|0.46|43.198|4.51073
12|15|0|180|0.0|9.7|315|24.2|39.3|0.03|0.46|43.1883|5.36192
12|16|0|225|3.2|9.7|315|24.1|39.5|0.03|0.46|43.1909|5.36192
12|21|0|113|1.6|9.7|315|23.8|40.1|0.03|0.46|43.1884|5.28559
12|22|0|315|2.9|9.7|315|23.6|40.2|0.03|0.46|43.1884|5.28559
12|24|0|315|1.5|9.7|315|23.5|40.3|0.03|0.46|43.1887|5.28559
12|25|0|225|0.0|9.7|315|23.5|40.4|0.02|0.46|43.188|5.28559
12|27|0|225|0.0|9.7|315|23.6|40.4|0.02|0.46|43.1883|5.28559
12|29|0|0|2.9|9.7|315|23.3|40.5|0.02|0.46|43.1871|5.28559
12|31|0|23|1.5|9.7|315|22.6|40.7|0.02|0.46|43.184|4.32171
12|33|0|45|1.5|9.7|315|22.6|40.8|0.01|0.46|43.183|4.32171
12|35|0|45|1.6|9.7|315|22.7|40.5|0.01|0.46|43.1828|4.32171
12|36|0|45|2.9|9.7|315|22.9|40.5|0.01|0.46|43.1832|4.32171
12|37|0|45|1.5|9.7|315|23.0|40.4|0.01|0.46|43.181|5.28559
12|42|0|23|3.2|9.7|315|23.1|40.2|0.01|0.46|43.1762|5.28559
12|44|0|45|1.5|9.7|315|23.4|40.1|0.01|0.46|43.1743|5.28559
12|45|0|90|1.6|9.7|315|23.3|40.1|0.01|0.46|43.1762|5.28559
12|46|0|90|1.5|9.7|315|23.2|40.1|0.01|0.46|43.1736|5.28559
12|48|0|45|1.6|9.7|315|23.5|40.0|0.01|0.46|43.1729|5.28559
12|49|0|45|1.5|9.7|315|23.6|40.0|0.01|0.46|43.1726|5.28559
12|51|0|315|1.5|9.7|315|23.7|40.0|0.01|0.46|43.1728|5.28559
12|52|0|315|1.5|9.7|315|23.5|40.1|0.01|0.46|43.1743|5.28559
12|54|0|0|1.6|9.7|315|23.6|40.1|0.01|0.46|43.1725|5.28559
12|56|0|0|2.9|9.7|315|23.7|40.1|0.01|0.46|43.1721|5.28559
12|57|0|0|2.9|9.7|315|23.5|40.1|0.01|0.46|43.1716|5.28559
12|59|0|0|2.9|9.7|315|23.4|40.0|0.01|0.46|43.1697|5.28559
13|00|0|0|2.9|9.7|315|23.4|40.0|0.01|0.46|43.1697|5.28559
13|02|0|0|1.6|9.7|315|23.7|40.0|0.01|0.46|43.1711|5.28559
13|03|0|0|2.9|9.7|315|24.4|39.9|0.01|0.46|43.1688|5.36192
13|06|0|0|3.2|9.7|315|24.5|39.9|0.02|0.47|43.1699|5.36192
13|07|0|0|1.6|9.7|315|23.9|39.9|0.02|0.47|43.1713|4.43862
13|09|0|0|1.5|9.7|315|23.5|40.0|0.02|0.47|43.1691|5.28559
13|11|0|0|2.9|9.7|315|23.7|39.9|0.01|0.47|43.169|4.43862
13|12|0|0|2.9|9.7|315|24.1|39.9|0.01|0.47|43.1698|5.36192
13|13|0|315|2.9|9.7|315|24.3|39.8|0.01|0.47|43.1683|5.36192
13|14|0|0|4.4|9.7|315|24.6|39.8|0.01|0.47|43.1683|5.36192
13|16|0|0|3.2|9.7|315|24.0|39.8|0.01|0.47|43.1666|5.36192
13|18|0|0|2.9|9.7|315|23.9|39.8|0.01|0.47|43.1693|4.43862
13|23|0|0|4.4|9.7|315|24.0|39.8|0.01|0.47|43.1678|5.36192
13|23|0|0|2.9|9.7|315|23.8|39.8|0.01|0.47|43.1688|4.43862
13|23|0|0|2.9|9.7|315|23.9|39.8|0.01|0.47|43.1671|4.43862
13|23|0|0|1.5|9.7|315|24.0|39.7|0.01|0.47|43.1655|5.36192
13|23|0|315|2.9|9.7|315|24.0|39.7|0.01|0.47|43.1666|5.36192
13|26|0|0|1.6|9.7|315|24.0|39.9|0.01|0.47|43.1666|5.36192
13|29|0|315|1.5|9.7|315|24.2|40.0|0.01|0.47|43.1698|6.2128
13|30|0|315|2.9|9.7|315|23.9|40.0|0.02|0.48|43.1681|5.28559
13|33|0|0|3.2|9.7|315|23.8|40.0|0.02|0.48|43.1686|5.28559
13|35|0|0|1.5|9.7|315|23.4|40.0|0.02|0.48|43.167|5.28559
13|36|0|0|1.5|9.7|315|23.4|40.0|0.02|0.48|43.1666|5.28559
13|37|0|0|1.5|9.7|315|23.5|40.0|0.02|0.48|43.1664|5.28559
13|38|0|315|2.9|9.7|315|23.6|40.0|0.02|0.48|43.1686|5.28559
13|39|0|0|1.5|9.7|315|23.5|39.9|0.02|0.48|43.1648|4.43862
13|40|0|0|3.2|9.7|315|23.6|39.9|0.02|0.48|43.1614|4.43862
13|41|0|0|2.9|9.7|315|24.0|39.9|0.02|0.48|43.1612|5.36192
13|42|0|0|3.2|9.7|315|23.9|39.8|0.02|0.48|43.1575|4.43862
13|43|0|0|1.5|9.7|315|23.8|39.8|0.02|0.48|43.1594|4.43862
13|44|0|0|2.9|9.7|315|23.8|39.8|0.02|0.48|43.158|4.43862
13|48|0|0|2.9|9.7|315|23.8|39.8|0.02|0.48|43.1578|4.43862
13|51|0|0|1.5|9.7|315|24.2|39.8|0.02|0.48|43.1567|5.36192
13|52|0|0|0.0|9.7|315|24.3|39.8|0.02|0.48|43.1597|5.36192
13|54|0|315|1.6|9.7|315|24.2|39.9|0.02|0.48|43.1604|5.36192
13|55|0|0|1.6|9.7|315|24.0|39.9|0.02|0.48|43.1587|5.36192
13|56|0|0|1.6|9.7|315|24.2|39.9|0.02|0.48|43.1586|5.36192
13|57|0|0|3.2|9.7|315|24.4|39.9|0.02|0.48|43.16|5.36192
13|58|0|0|1.6|9.7|315|24.4|39.9|0.02|0.48|43.1601|5.36192
14|00|0|0|2.9|9.7|315|24.4|39.9|0.02|0.48|43.1586|5.36192
14|01|0|315|2.9|9.7|315|24.3|39.9|0.02|0.48|43.1585|5.36192
14|02|0|315|3.2|9.7|315|24.3|40.0|0.02|0.48|43.1579|6.2128
14|03|0|0|1.6|9.7|315|24.8|40.0|0.02|0.48|43.1593|6.2128
14|07|0|315|1.5|9.7|315|24.9|40.1|0.01|0.48|43.158|6.2128
14|08|0|315|1.6|9.7|315|24.8|40.2|0.01|0.48|43.1594|6.2128
14|10|0|315|3.2|9.7|315|24.6|40.1|0.01|0.48|43.1564|6.2128
14|11|0|0|2.9|9.7|315|24.8|40.1|0.01|0.48|43.1562|6.2128
14|12|0|0|1.5|9.7|315|24.7|40.1|0.01|0.48|43.1561|6.2128
14|13|0|0|1.5|9.7|315|24.5|40.2|0.01|0.48|43.1587|6.2128
14|14|0|315|1.6|9.7|315|24.5|40.2|0.01|0.48|43.1564|6.2128
14|17|0|315|2.9|9.7|315|24.6|40.1|0.01|0.48|43.1578|6.2128
14|18|0|270|4.4|9.7|315|24.6|40.1|0.01|0.48|43.157|6.2128
14|20|0|315|1.5|9.7|315|24.6|40.2|0.01|0.48|43.1537|6.2128
14|21|0|0|1.5|9.7|315|24.6|40.3|0.01|0.48|43.1517|6.2128
14|26|0|315|2.9|9.7|315|24.1|40.4|0.01|0.48|43.1484|6.2128
14|28|0|315|1.5|9.7|315|24.1|40.5|0.01|0.48|43.1476|6.2128
14|30|0|315|1.6|9.7|315|23.8|40.5|0.00|0.48|43.1475|5.28559
14|31|0|315|1.6|9.7|315|23.4|40.7|0.00|0.48|43.1465|5.28559
14|33|0|315|1.5|9.7|315|23.2|40.7|0.00|0.48|43.1445|5.28559
14|35|0|225|1.5|9.7|315|23.0|40.8|0.00|0.48|43.1451|5.28559
14|40|0|315|2.9|9.7|315|22.5|41.5|0.00|0.48|43.1458|5.16429
14|41|0|315|1.5|9.7|315|22.2|41.3|0.00|0.48|43.1466|5.16429
14|42|0|315|1.5|9.7|315|22.3|41.3|0.00|0.48|43.1488|5.16429
14|45|0|315|1.5|9.7|315|22.6|41.3|0.00|0.48|43.1488|5.16429
14|48|0|315|1.5|3.2|315|22.4|41.2|0.00|0.00|43.148|5.16429
14|49|0|315|1.5|4.8|315|22.7|41.1|0.00|0.00|43.1476|5.16429
14|51|0|315|2.9|4.8|315|23.2|41.1|0.00|0.00|43.1475|6.13224
14|52|0|315|3.2|4.8|315|23.0|41.1|0.00|0.00|43.1461|6.13224
14|55|0|315|0.0|4.8|315|22.6|41.1|0.00|0.00|43.1457|5.16429
14|59|0|270|1.5|4.8|315|22.6|41.0|0.01|0.01|43.1437|5.16429
15|01|0|315|1.5|4.8|315|22.6|40.9|0.01|0.01|43.1445|4.32171
15|02|0|315|2.9|4.8|315|22.8|40.9|0.01|0.01|43.1419|4.32171
15|03|0|315|1.5|4.8|315|22.7|40.8|0.01|0.01|43.1437|4.32171
15|04|0|225|1.5|4.8|315|22.7|40.8|0.01|0.01|43.1434|4.32171
15|05|0|270|0.0|4.8|315|22.7|40.7|0.01|0.01|43.144|4.32171
15|07|0|315|1.6|4.8|315|22.9|40.7|0.01|0.01|43.1445|4.32171
15|09|0|315|1.5|4.8|315|23.1|40.7|0.01|0.01|43.1443|5.28559
15|11|0|270|1.5|4.8|315|23.3|40.7|0.01|0.01|43.1453|5.28559
15|12|0|270|1.5|4.8|315|23.1|40.7|0.01|0.01|43.1428|5.28559
15|13|0|270|0.0|4.8|315|22.9|40.7|0.01|0.01|43.1415|4.32171
15|14|0|270|1.5|4.8|315|22.9|40.5|0.01|0.01|43.1411|4.32171
15|15|0|315|2.9|4.8|315|22.9|40.4|0.01|0.01|43.1393|4.32171
15|16|0|315|0.0|4.8|315|22.8|40.4|0.01|0.01|43.1418|4.32171
15|18|0|315|1.5|4.8|315|22.9|40.4|0.01|0.01|43.1426|4.32171
15|23|0|315|1.5|4.8|315|22.8|40.4|0.01|0.01|43.1445|4.32171
15|23|0|315|1.5|4.8|315|22.7|40.5|0.01|0.01|43.1483|4.32171
15|23|0|315|1.6|4.8|315|22.7|40.5|0.01|0.01|43.1478|4.32171
15|23|0|315|1.5|4.8|315|22.7|40.4|0.01|0.01|43.1489|4.32171
15|27|0|270|1.5|4.8|315|22.7|40.4|0.01|0.01|43.1488|4.32171
15|29|0|270|1.5|4.8|315|23.3|40.4|0.01|0.01|43.1469|5.28559
15|30|0|315|1.5|4.8|315|23.5|40.5|0.01|0.01|43.1472|5.28559
15|31|0|315|1.6|4.8|315|23.2|40.5|0.01|0.01|43.1481|5.28559
15|33|0|270|1.6|4.8|315|23.0|40.5|0.01|0.01|43.1498|5.28559
15|34|0|270|1.5|4.8|315|23.0|40.5|0.01|0.01|43.1513|5.28559
15|35|0|270|1.5|4.8|315|23.2|40.5|0.01|0.01|43.1531|5.28559
15|38|0|270|1.5|4.8|315|23.4|40.5|0.01|0.01|43.1529|5.28559
15|39|0|270|1.5|4.8|315|23.2|40.5|0.01|0.01|43.1517|5.28559
15|41|0|270|1.5|4.8|315|23.0|40.5|0.01|0.01|43.154|5.28559
15|44|0|270|0.0|4.8|315|23.2|40.5|0.01|0.01|43.1552|5.28559
15|46|0|270|0.0|4.8|315|22.9|40.7|0.02|0.02|43.1525|4.32171
15|48|0|270|0.0|4.8|315|22.6|40.5|0.02|0.02|43.1546|4.32171
15|50|0|270|1.6|4.8|315|23.0|40.4|0.02|0.02|43.1545|5.28559
15|51|0|270|1.5|4.8|315|23.0|40.4|0.02|0.02|43.1568|5.28559
15|53|0|270|1.6|4.8|315|22.9|40.3|0.02|0.02|43.156|4.32171
15|57|0|270|2.9|4.8|315|22.9|40.1|0.01|0.02|43.1566|4.32171
15|59|0|270|1.5|4.8|315|23.1|40.1|0.01|0.02|43.157|5.28559
16|00|0|270|1.5|4.8|315|23.3|40.1|0.01|0.02|43.159|5.28559
16|04|0|270|1.5|4.8|315|23.4|40.0|0.01|0.02|43.1561|5.28559
16|06|0|270|1.5|4.8|315|23.7|40.0|0.01|0.02|43.1575|5.28559
16|12|0|270|0.0|4.8|315|24.1|39.9|0.01|0.02|43.1595|5.36192
16|13|0|270|0.0|4.8|315|24.2|40.0|0.01|0.02|43.1625|6.2128
16|16|0|270|0.0|4.8|315|24.2|39.9|0.01|0.02|43.1625|5.36192
16|17|0|270|1.5|4.8|315|24.2|39.9|0.01|0.02|43.1614|5.36192
16|18|0|270|0.0|4.8|315|24.4|39.8|0.01|0.02|43.1608|5.36192
16|19|0|270|0.0|4.8|315|24.5|39.8|0.01|0.02|43.1612|5.36192
16|20|0|270|1.5|4.8|315|24.6|39.7|0.01|0.02|43.1617|5.36192
16|22|0|270|1.5|4.8|315|24.7|39.5|0.01|0.02|43.1612|5.36192
16|23|0|270|0.0|4.8|315|24.9|39.4|0.01|0.02|43.161|5.36192
16|25|0|270|0.0|4.8|315|25.1|39.3|0.01|0.02|43.1626|6.25154
16|26|0|270|0.0|4.8|315|25.1|39.3|0.01|0.02|43.1646|6.25154
16|29|0|270|1.5|4.8|315|25.3|39.2|0.01|0.02|43.1657|6.25154
16|32|0|270|0.0|4.8|315|25.3|39.1|0.01|0.02|43.172|6.25154
16|34|0|270|0.0|4.8|315|25.5|39.0|0.01|0.02|43.1742|6.25154
16|46|0|270|0.0|4.8|315|26.1|38.6|0.00|0.02|43.1822|6.25136
16|48|0|270|0.0|4.8|315|26.0|38.4|0.00|0.02|43.1806|6.25136
16|49|0|270|1.5|4.8|315|26.1|38.3|0.00|0.02|43.1812|6.25136
16|50|0|270|0.0|4.8|315|26.2|38.2|0.00|0.02|43.1791|6.25136
16|51|0|270|0.0|4.8|315|26.5|38.1|0.00|0.02|43.1785|6.25136
16|52|0|270|1.5|4.8|315|26.7|38.0|0.00|0.02|43.1789|6.25136
16|53|0|270|0.0|4.8|315|26.7|37.8|0.00|0.02|43.1786|5.39244
16|55|0|270|0.0|4.8|315|26.7|37.7|0.00|0.02|43.1786|5.39244
16|56|0|270|0.0|4.8|315|26.8|37.6|0.00|0.02|43.1794|5.39244
16|59|0|270|0.0|4.8|315|27.0|37.5|0.01|0.03|43.181|6.21489
17|00|0|270|0.0|4.8|315|27.0|37.5|0.01|0.03|43.1824|6.21489
17|01|0|270|0.0|4.8|315|27.0|37.5|0.01|0.03|43.1829|6.21489
17|02|0|270|0.0|4.8|315|27.1|37.4|0.01|0.03|43.1831|6.21489
17|08|0|270|0.0|4.8|315|27.1|37.4|0.01|0.03|43.1862|6.21489
17|09|0|270|0.0|4.8|315|27.0|37.4|0.01|0.03|43.1902|6.21489
17|10|0|270|0.0|4.8|315|27.0|37.3|0.01|0.03|43.189|6.21489
17|12|0|270|0.0|4.8|315|27.2|37.3|0.01|0.03|43.1895|6.21489
17|14|0|270|0.0|4.8|315|27.2|37.2|0.01|0.03|43.1879|6.21489
17|19|0|270|0.0|4.8|315|27.7|37.0|0.01|0.03|43.1896|6.21489
17|23|0|270|0.0|4.8|315|27.7|37.0|0.01|0.03|43.1918|6.21489
17|23|0|270|0.0|4.8|315|27.7|37.0|0.01|0.03|43.1927|6.21489
17|24|0|270|0.0|4.8|315|27.6|36.8|0.01|0.03|43.1913|5.35215
17|25|0|270|0.0|4.8|315|27.5|36.8|0.01|0.03|43.1921|5.35215
17|26|0|270|0.0|4.8|315|27.4|36.8|0.01|0.03|43.1925|5.35215
17|27|0|270|0.0|4.8|315|27.5|36.7|0.01|0.03|43.1923|5.35215
17|28|0|270|0.0|4.8|315|27.5|36.7|0.01|0.03|43.1908|5.35215
17|29|0|270|0.0|4.8|315|27.6|36.6|0.01|0.03|43.1921|5.35215
17|30|0|270|0.0|4.8|315|27.5|36.6|0.01|0.03|43.1944|5.35215
17|31|0|270|0.0|4.8|315|27.5|36.6|0.01|0.03|43.1939|5.35215
17|32|0|270|0.0|4.8|315|27.5|36.5|0.01|0.03|43.1931|5.35215
17|36|0|270|0.0|4.8|315|27.9|37.1|0.01|0.03|43.1993|6.21489
17|38|0|270|0.0|4.8|315|27.8|37.0|0.01|0.03|43.1962|6.21489
17|41|0|270|0.0|4.8|315|27.9|36.8|0.01|0.03|43.198|5.35215
17|42|0|270|0.0|4.8|315|27.8|36.7|0.01|0.03|43.1966|5.35215
17|46|0|270|0.0|4.8|315|28.0|36.5|0.01|0.03|43.1988|6.14447
17|47|0|270|0.0|4.8|315|28.0|36.5|0.01|0.03|43.2014|6.14447
17|48|0|270|0.0|4.8|315|28.0|36.4|0.01|0.03|43.2044|6.14447
17|51|0|270|0.0|4.8|315|28.0|36.4|0.01|0.03|43.2074|6.14447
17|53|0|270|0.0|4.8|315|27.9|36.3|0.01|0.03|43.211|5.35215
17|55|0|270|0.0|4.8|315|28.1|36.0|0.01|0.03|43.2124|6.14447
17|58|0|270|0.0|4.8|315|28.7|35.8|0.00|0.03|43.213|5.27803
18|04|0|270|0.0|4.8|315|29.0|36.2|0.00|0.03|43.2157|6.91195
18|05|0|270|0.0|4.8|315|29.1|36.0|0.00|0.03|43.2163|6.91195
18|06|0|270|0.0|4.8|315|29.1|36.0|0.01|0.04|43.2174|6.91195
18|10|0|270|0.0|4.8|315|29.8|35.9|0.01|0.04|43.2166|6.04221
18|11|0|270|0.0|4.8|315|29.9|35.9|0.01|0.04|43.2184|6.04221
18|12|0|270|0.0|4.8|315|29.8|35.8|0.01|0.04|43.2199|6.04221
18|15|0|270|0.0|4.8|315|29.9|35.6|0.01|0.04|43.2228|6.04221
18|16|0|270|0.0|4.8|315|30.0|35.5|0.01|0.04|43.2227|6.78325
18|19|0|270|0.0|4.8|315|30.2|35.2|0.01|0.04|43.2232|6.78325
18|21|0|270|0.0|4.8|315|30.5|35.0|0.01|0.04|43.2239|6.78325
18|22|0|270|0.0|4.8|315|30.7|35.0|0.01|0.04|43.2249|6.78325
18|23|0|270|0.0|4.8|315|30.8|34.9|0.01|0.04|43.2235|5.91
18|24|0|270|0.0|4.8|315|30.9|34.8|0.01|0.04|43.2236|5.91
18|27|0|270|0.0|4.8|315|31.0|34.7|0.01|0.04|43.2205|6.62623
18|29|0|270|1.6|4.8|315|31.6|34.5|0.01|0.04|43.2227|6.62623
18|30|0|270|1.5|4.8|315|31.7|34.4|0.01|0.04|43.2239|6.62623
18|31|0|270|1.5|4.8|315|31.7|34.4|0.01|0.04|43.2239|6.62623
18|32|0|270|0.0|4.8|315|31.7|34.2|0.01|0.04|43.2248|6.62623
18|33|0|270|0.0|4.8|315|31.7|34.2|0.01|0.04|43.2258|6.62623
18|35|0|270|0.0|4.8|315|31.6|34.1|0.01|0.04|43.2256|6.62623
18|37|0|270|0.0|4.8|315|32.0|34.0|0.01|0.04|43.225|7.32215
18|45|0|270|0.0|4.8|315|32.0|34.2|0.02|0.05|43.2252|7.32215
18|48|0|270|0.0|4.8|315|32.1|33.9|0.03|0.07|43.2218|6.44249
18|52|0|270|0.0|4.8|315|32.7|33.7|0.03|0.07|43.2229|6.44249
18|53|0|270|0.0|4.8|315|32.8|33.7|0.03|0.07|43.2241|6.44249
18|54|0|270|0.0|4.8|315|33.0|33.6|0.03|0.07|43.2261|7.11635
18|55|0|270|0.0|4.8|315|33.2|33.5|0.03|0.07|43.226|7.11635
18|56|0|270|0.0|4.8|315|33.3|33.5|0.03|0.07|43.2309|7.11635
18|58|0|270|0.0|4.8|315|33.3|33.2|0.03|0.07|43.2325|7.11635
19|01|0|270|0.0|4.8|315|33.4|33.2|0.03|0.07|43.2357|7.11635
19|02|0|270|0.0|4.8|315|33.5|33.1|0.03|0.07|43.2347|7.11635
19|03|0|270|1.5|4.8|315|33.9|33.1|0.03|0.07|43.2371|7.11635
19|04|0|270|1.5|4.8|315|33.9|33.0|0.03|0.07|43.2374|7.11635
19|05|0|270|0.0|4.8|315|33.9|32.9|0.02|0.07|43.2392|6.23348
19|06|0|270|1.6|4.8|315|34.0|32.8|0.02|0.07|43.2403|6.8865
19|07|0|270|0.0|4.8|315|34.4|32.7|0.02|0.07|43.241|6.8865
19|10|0|270|0.0|4.8|315|34.6|32.7|0.02|0.07|43.2425|6.8865
19|11|0|270|0.0|4.8|315|34.7|32.7|0.02|0.07|43.2419|6.8865
19|13|0|270|0.0|4.8|315|34.6|32.7|0.02|0.07|43.2428|6.8865
19|14|0|270|0.0|4.8|315|34.6|32.7|0.02|0.07|43.2441|6.8865
19|17|0|270|0.0|4.8|315|34.9|32.3|0.02|0.07|43.2444|6.8865
19|20|0|270|0.0|4.8|315|35.2|32.2|0.03|0.08|43.2456|7.52263
19|25|0|270|0.0|4.8|315|35.8|32.1|0.03|0.08|43.2482|7.52263
19|27|0|270|0.0|4.8|315|35.7|32.1|0.03|0.08|43.2492|7.52263
19|31|0|270|0.0|4.8|315|35.7|32.0|0.03|0.08|43.2482|7.52263
19|35|0|270|0.0|4.8|315|36.3|31.7|0.03|0.08|43.2474|7.25125
19|37|0|270|0.0|4.8|315|36.5|31.7|0.03|0.08|43.247|7.25125
19|40|0|270|0.0|4.8|315|36.9|31.3|0.02|0.08|43.2513|7.25125
19|41|0|270|0.0|4.8|315|37.0|31.2|0.02|0.08|43.2536|7.85355
19|42|0|270|0.0|4.8|315|37.0|31.1|0.02|0.08|43.2548|7.85355
19|43|0|270|0.0|4.8|315|37.0|31.0|0.02|0.08|43.2554|7.85355
19|45|0|270|0.0|4.8|315|37.3|30.9|0.01|0.08|43.2582|6.95912
19|53|0|270|1.5|4.8|315|36.9|31.3|0.02|0.09|43.2572|7.25125
19|54|0|270|1.6|4.8|315|37.0|31.2|0.02|0.09|43.2587|7.85355
19|59|0|270|0.0|4.8|315|37.2|31.2|0.02|0.09|43.2591|7.85355
20|00|0|270|0.0|4.8|315|37.2|31.2|0.02|0.09|43.2611|7.85355
20|02|0|270|1.5|4.8|315|37.4|31.0|0.02|0.09|43.2614|7.85355
20|06|0|270|0.0|4.8|315|37.8|30.5|0.02|0.09|43.264|6.95912
20|07|0|270|0.0|4.8|315|37.9|30.3|0.02|0.09|43.2619|6.95912
20|10|0|270|0.0|4.8|315|39.2|30.1|0.02|0.09|43.263|8.11629
20|11|0|270|0.0|4.8|315|39.6|30.2|0.02|0.09|43.2638|8.11629
20|15|0|270|0.0|4.8|315|39.4|30.1|0.03|0.10|43.267|8.11629
20|19|0|270|0.0|4.8|315|39.4|30.0|0.02|0.10|43.2728|8.11629
20|26|0|270|0.0|4.8|315|39.6|29.6|0.02|0.10|43.2779|7.21648
20|28|0|270|0.0|4.8|315|39.6|29.5|0.02|0.10|43.2788|7.21648
20|29|0|270|0.0|4.8|315|39.6|29.5|0.02|0.10|43.2817|7.21648
20|34|0|270|0.0|4.8|315|39.7|29.4|0.02|0.10|43.2843|7.21648
20|35|0|270|0.0|4.8|315|39.7|29.4|0.02|0.10|43.2844|7.21648
20|37|0|270|0.0|4.8|315|40.2|29.2|0.02|0.10|43.2864|7.77288
20|40|0|270|0.0|4.8|315|40.4|29.0|0.02|0.10|43.2868|7.77288
20|41|0|270|0.0|4.8|315|40.3|28.8|0.02|0.10|43.2854|6.87037
20|44|0|270|0.0|4.8|315|40.5|28.7|0.03|0.11|43.2831|6.87037
20|47|0|270|0.0|4.8|315|41.6|28.4|0.03|0.11|43.2812|7.41207
20|49|0|270|0.0|4.8|315|41.8|28.4|0.02|0.11|43.2828|7.41207
20|52|0|270|0.0|4.8|315|41.6|28.4|0.03|0.12|43.2841|7.41207
20|54|0|270|0.0|4.8|315|41.8|28.4|0.03|0.12|43.2876|7.41207
20|56|0|270|0.0|4.8|315|41.9|28.3|0.03|0.12|43.2872|7.41207
20|57|0|270|0.0|4.8|315|41.9|28.2|0.03|0.12|43.2878|7.41207
21|05|0|270|0.0|4.8|315|41.6|28.7|0.03|0.12|43.291|7.41207
21|11|0|270|0.0|4.8|315|41.3|28.7|0.04|0.13|43.2962|7.41207
21|13|0|270|0.0|4.8|315|41.3|28.6|0.03|0.13|43.2967|7.41207
21|18|0|270|0.0|4.8|315|41.6|28.2|0.03|0.13|43.2978|7.41207
21|20|0|270|0.0|4.8|315|41.5|28.1|0.03|0.13|43.3021|7.41207
21|21|0|270|0.0|4.8|315|41.5|28.0|0.03|0.13|43.3029|7.41207
21|22|0|270|0.0|4.8|315|41.6|27.8|0.03|0.13|43.3025|6.50691
21|23|0|270|0.0|4.8|315|41.6|27.7|0.03|0.13|43.3015|6.50691
21|24|0|270|0.0|4.8|315|41.8|27.7|0.03|0.13|43.3012|6.50691
21|29|0|270|0.0|4.8|315|42.5|27.5|0.03|0.13|43.3041|7.03459
21|34|0|270|1.5|4.8|315|42.9|27.5|0.03|0.13|43.3111|7.03459
21|35|0|270|1.6|4.8|315|42.7|27.4|0.03|0.13|43.3116|7.03459
21|37|0|270|1.5|4.8|315|42.7|27.0|0.03|0.13|43.3169|7.03459
21|43|0|270|1.6|4.8|315|42.6|26.5|0.03|0.14|43.3197|6.12684
21|45|0|270|0.0|4.8|315|42.0|26.4|0.03|0.14|43.3188|6.12684
21|46|0|270|1.6|4.8|315|41.9|26.3|0.03|0.14|43.3197|5.60154
21|49|0|270|0.0|4.8|315|41.9|26.3|0.03|0.14|43.3247|5.60154
21|53|0|270|1.6|4.8|315|42.0|26.7|0.02|0.14|43.3281|6.12684
21|55|0|270|0.0|4.8|315|41.9|26.8|0.02|0.14|43.3309|5.60154
22|00|0|270|0.0|4.8|315|41.6|26.9|0.02|0.14|43.3325|5.60154
22|01|0|270|0.0|4.8|315|41.5|26.9|0.02|0.14|43.3324|5.60154
22|03|0|270|0.0|4.8|315|41.6|26.9|0.02|0.14|43.3346|5.60154
22|06|0|270|0.0|4.8|315|42.2|26.7|0.02|0.14|43.3368|6.12684
22|08|0|270|0.0|4.8|315|42.2|26.7|0.03|0.15|43.3369|6.12684
22|09|0|270|0.0|4.8|315|42.3|26.6|0.03|0.15|43.3372|6.12684
22|10|0|270|0.0|4.8|315|42.3|26.6|0.03|0.15|43.3387|6.12684
22|11|0|270|0.0|4.8|315|42.3|26.5|0.02|0.15|43.3392|6.12684
22|12|0|270|0.0|4.8|315|42.5|26.5|0.02|0.15|43.3379|6.12684
22|14|0|270|0.0|4.8|315|43.0|26.4|0.03|0.17|43.3407|6.64111
22|16|0|270|0.0|4.8|315|43.3|26.4|0.03|0.17|43.3427|6.64111
22|18|0|270|0.0|4.8|315|43.4|26.4|0.03|0.17|43.343|6.64111
22|23|0|270|0.0|4.8|315|43.4|26.4|0.03|0.17|43.3443|6.64111
22|26|0|270|0.0|4.8|315|43.7|26.4|0.03|0.17|43.3446|6.64111
22|29|0|270|0.0|4.8|315|44.4|26.4|0.03|0.17|43.3446|7.14483
22|30|0|270|0.0|4.8|315|44.8|26.4|0.03|0.17|43.3451|7.14483
22|36|0|270|0.0|4.8|315|44.0|27.0|0.04|0.18|43.3451|8.05719
22|37|0|270|0.0|4.8|315|43.9|27.0|0.04|0.18|43.3482|7.55119
22|38|0|270|0.0|4.8|315|44.0|26.9|0.04|0.18|43.3482|7.14483
22|43|0|270|0.0|4.8|315|44.2|26.5|0.03|0.18|43.354|7.14483
22|48|0|270|0.0|4.8|315|44.8|26.7|0.03|0.18|43.3573|7.14483
22|50|0|270|0.0|4.8|315|44.7|26.6|0.03|0.18|43.3577|7.14483
22|51|0|270|0.0|4.8|315|44.7|26.5|0.03|0.18|43.3564|7.14483
22|53|0|270|0.0|4.8|315|44.9|26.4|0.03|0.18|43.3565|7.14483
22|57|0|270|0.0|4.8|315|45.0|26.3|0.03|0.18|43.3578|7.63845
23|02|0|270|0.0|4.8|315|45.3|26.0|0.03|0.18|43.3607|7.63845
23|05|0|270|0.0|4.8|315|45.6|25.8|0.03|0.18|43.3626|6.72366
23|11|0|270|0.0|4.8|315|46.7|26.4|0.03|0.19|43.3619|8.1224
23|12|0|270|0.0|4.8|315|46.7|26.4|0.03|0.19|43.3615|8.1224
23|22|0|270|0.0|4.8|315|48.4|26.0|0.02|0.19|43.3635|9.06282
23|23|0|270|0.0|4.8|315|48.6|26.0|0.02|0.19|43.3629|9.06282
23|25|0|270|0.0|4.8|315|48.6|26.0|0.02|0.19|43.3627|9.06282
23|28|0|270|1.5|4.8|315|49.9|26.0|0.02|0.19|43.3664|9.52002
23|29|0|270|0.0|4.8|315|50.4|26.0|0.02|0.19|43.3651|9.96898
23|30|0|270|1.6|4.8|315|50.4|25.9|0.02|0.19|43.3659|9.04358
23|33|0|270|1.5|4.8|315|50.4|25.7|0.02|0.19|43.366|9.04358
23|34|0|270|0.0|4.8|315|50.4|25.7|0.01|0.19|43.3672|9.04358
23|37|0|270|1.5|4.8|315|50.7|25.7|0.01|0.19|43.3689|9.04358
23|42|0|270|0.0|4.8|315|50.5|25.8|0.01|0.19|43.3679|9.04358
23|44|0|270|1.5|4.8|315|50.6|25.8|0.01|0.19|43.3699|9.04358
23|46|0|270|1.5|4.8|315|50.8|25.6|0.01|0.19|43.3685|9.04358
23|47|0|270|0.0|4.8|315|50.9|25.6|0.01|0.19|43.3694|9.04358
23|50|0|270|1.5|4.8|315|51.3|25.5|0.01|0.19|43.3698|9.4826
23|54|0|270|0.0|4.8|315|50.9|25.2|0.01|0.19|43.3695|9.04358
23|59|0|270|0.0|4.8|315|49.9|25.2|0.01|0.19|43.3696|8.59666
