00|01|0|315|3.2|4.4|90|57.7|25.6|0.00|0.09|43.9054|11.9663
00|02|0|315|1.5|4.4|90|57.7|25.5|0.00|0.09|43.9074|11.9663
00|03|0|315|0.0|4.4|90|57.5|25.2|0.00|0.09|43.9058|11.9663
00|05|0|315|0.0|4.4|90|57.9|25.1|0.00|0.09|43.9045|11.9663
00|09|0|180|0.0|4.4|90|58.8|24.5|0.00|0.09|43.9012|11.4166
00|10|0|180|1.6|4.4|90|59.3|24.3|0.00|0.09|43.9022|11.8
00|12|0|270|1.5|4.4|90|59.6|24.2|0.00|0.09|43.9053|11.8
00|13|0|270|0.0|4.4|90|59.5|24.1|0.00|0.09|43.9044|11.8
00|14|0|270|0.0|4.4|90|59.7|24.0|0.00|0.09|43.9054|11.8
00|15|0|270|0.0|4.4|90|59.9|24.0|0.00|0.09|43.9041|11.8
00|16|0|270|0.0|4.4|90|60.1|24.0|0.00|0.09|43.9079|12.1777
00|17|0|270|0.0|4.4|90|60.3|23.9|0.00|0.09|43.9072|11.2332
00|19|0|270|1.6|4.4|90|60.7|23.8|0.00|0.09|43.9099|11.2332
00|20|0|270|1.5|4.4|90|61.1|23.8|0.00|0.09|43.9076|11.6036
00|22|0|270|0.0|4.4|90|61.5|23.7|0.00|0.09|43.9045|11.6036
00|23|0|270|0.0|4.4|90|61.4|23.8|0.00|0.09|43.9064|11.6036
00|24|0|270|0.0|4.4|90|61.4|23.7|0.00|0.09|43.9058|11.6036
00|26|0|270|1.5|4.4|90|61.7|23.7|0.00|0.09|43.9048|11.6036
00|27|0|270|1.6|4.4|90|61.8|23.7|0.00|0.09|43.9041|11.6036
00|28|0|270|1.5|4.8|248|62.3|23.7|0.00|0.09|43.9028|11.9686
00|29|0|225|1.6|4.8|248|62.5|23.7|0.00|0.09|43.903|11.9686
00|31|0|225|1.5|4.8|248|62.3|23.8|0.00|0.09|43.903|11.9686
00|32|0|225|1.6|4.8|248|62.3|23.8|0.00|0.09|43.9028|11.9686
00|36|0|90|0.0|4.8|248|62.1|23.8|0.01|0.10|43.9024|11.9686
00|37|0|315|1.6|4.8|248|62.1|23.8|0.01|0.10|43.9024|11.9686
00|38|0|315|0.0|4.8|248|62.2|23.7|0.01|0.10|43.9045|11.9686
00|39|0|315|1.5|4.8|248|62.1|23.7|0.01|0.10|43.903|11.9686
00|40|0|315|1.5|4.8|248|62.1|23.7|0.01|0.10|43.9024|11.9686
00|41|0|315|0.0|4.8|248|62.5|23.6|0.01|0.10|43.9048|11.9686
00|42|0|315|2.9|4.8|248|62.9|23.6|0.01|0.10|43.9053|11.9686
00|43|0|315|0.0|4.8|248|63.2|23.5|0.01|0.10|43.9043|12.3284
00|45|0|315|1.5|4.8|248|63.5|23.5|0.01|0.10|43.9038|12.3284
00|46|0|315|1.5|4.8|248|63.7|23.5|0.01|0.10|43.905|12.3284
00|47|0|315|1.5|4.8|248|63.8|23.5|0.01|0.10|43.904|12.3284
00|48|0|315|1.5|4.8|248|64.0|23.5|0.01|0.10|43.9025|12.6832
00|49|0|315|1.6|4.8|248|64.1|23.5|0.01|0.10|43.902|12.6832
00|50|0|315|1.5|4.8|248|64.5|23.5|0.02|0.11|43.9042|12.6832
00|51|0|315|0.0|4.8|248|64.6|23.5|0.02|0.11|43.9067|12.6832
00|52|0|315|1.5|4.8|248|64.5|23.3|0.02|0.11|43.9064|12.6832
00|54|0|315|1.6|4.8|248|64.6|23.3|0.02|0.11|43.9105|12.6832
00|55|0|315|1.5|4.8|248|64.6|23.3|0.02|0.11|43.909|12.6832
00|56|0|315|1.5|4.8|248|64.6|23.3|0.02|0.11|43.9106|12.6832
00|58|0|315|1.5|4.8|248|64.8|23.3|0.02|0.11|43.9083|12.6832
00|59|0|0|1.6|4.8|248|64.7|23.3|0.03|0.12|43.9091|12.6832
01|00|0|315|1.5|4.8|248|64.4|23.3|0.03|0.12|43.9062|12.6832
01|01|0|315|1.5|4.8|248|63.9|23.3|0.03|0.12|43.9064|12.3284
01|03|0|0|1.5|4.8|248|63.6|23.3|0.03|0.12|43.9034|12.3284
01|04|0|270|1.5|4.8|248|63.6|23.3|0.03|0.12|43.903|12.3284
01|06|0|270|1.5|4.8|248|63.6|23.3|0.03|0.12|43.9032|12.3284
01|07|0|270|1.5|4.8|248|64.1|23.2|0.03|0.12|43.9013|12.6832
01|08|0|270|1.6|4.8|248|64.3|23.2|0.03|0.12|43.8999|12.6832
01|09|0|270|0.0|4.8|248|64.4|23.2|0.03|0.12|43.8996|12.6832
01|10|0|270|0.0|4.8|248|64.4|23.3|0.03|0.12|43.8985|12.6832
01|11|0|270|1.5|4.8|248|64.4|23.2|0.03|0.12|43.8965|12.6832
01|12|0|270|1.5|4.8|248|64.5|23.2|0.03|0.12|43.8949|12.6832
01|13|0|270|1.6|4.8|248|64.5|23.2|0.03|0.12|43.894|12.6832
01|14|0|270|0.0|4.8|248|64.5|23.2|0.03|0.12|43.8932|12.6832
01|15|0|270|1.5|4.8|248|64.3|23.2|0.03|0.12|43.8911|12.6832
01|16|0|270|0.0|4.8|248|63.9|23.3|0.03|0.12|43.8952|12.3284
01|18|0|270|0.0|4.8|248|63.3|23.2|0.03|0.12|43.898|12.3284
01|19|0|270|0.0|4.8|248|63.1|23.2|0.03|0.12|43.8987|12.3284
01|20|0|270|0.0|4.8|248|63.1|23.2|0.03|0.12|43.8985|12.3284
01|21|0|270|0.0|4.8|248|63.5|23.1|0.03|0.12|43.8979|12.3284
01|22|0|270|0.0|4.8|248|63.9|23.1|0.03|0.12|43.8993|12.3284
01|23|0|270|0.0|4.8|248|64.3|23.1|0.03|0.12|43.8969|12.6832
01|24|0|270|0.0|4.8|248|64.6|23.1|0.03|0.12|43.8957|12.6832
01|25|0|270|0.0|4.8|248|64.6|23.1|0.03|0.12|43.8964|12.6832
01|26|0|270|0.0|4.8|248|64.3|23.0|0.03|0.12|43.8955|12.6832
01|28|0|270|0.0|4.8|248|63.8|23.0|0.03|0.12|43.8931|12.3284
01|29|0|270|0.0|4.8|248|63.6|23.0|0.03|0.12|43.8935|12.3284
01|30|0|270|0.0|4.8|248|64.1|22.9|0.03|0.12|43.8929|11.7319
01|31|0|270|0.0|4.8|248|64.4|22.9|0.03|0.12|43.8944|11.7319
01|32|0|270|0.0|4.8|248|64.6|22.9|0.03|0.12|43.8931|11.7319
01|33|0|270|0.0|4.8|248|64.6|22.9|0.03|0.12|43.8926|11.7319
01|34|0|270|0.0|4.8|248|64.6|22.9|0.03|0.12|43.8931|11.7319
01|35|0|270|0.0|4.8|248|64.6|22.8|0.03|0.12|43.8927|11.7319
01|36|0|270|0.0|4.8|248|65.0|22.8|0.02|0.12|43.8937|12.0801
01|37|0|270|1.5|4.8|248|65.3|22.8|0.02|0.12|43.8908|12.0801
01|38|0|270|0.0|4.8|248|65.2|22.8|0.02|0.12|43.8932|12.0801
01|40|0|270|1.5|4.8|248|65.0|22.8|0.02|0.12|43.8961|12.0801
01|41|0|270|1.5|4.8|248|65.2|22.7|0.02|0.12|43.8944|12.0801
01|42|0|270|1.5|4.8|248|65.2|22.7|0.02|0.12|43.8953|12.0801
01|43|0|270|1.6|4.8|248|65.0|22.5|0.03|0.13|43.8967|12.0801
01|44|0|270|0.0|4.8|248|64.6|22.5|0.03|0.13|43.8973|11.7319
01|45|0|270|0.0|4.8|248|64.4|22.4|0.03|0.13|43.8972|11.7319
01|46|0|270|0.0|4.8|248|64.7|22.3|0.03|0.13|43.8967|11.7319
01|48|0|270|0.0|4.8|248|65.3|22.3|0.03|0.13|43.8963|12.0801
01|50|0|270|0.0|4.8|248|65.9|22.2|0.02|0.13|43.8955|12.0801
01|51|0|270|0.0|4.8|248|65.8|22.2|0.02|0.13|43.8942|12.0801
01|52|0|270|1.5|4.8|248|66.3|22.2|0.02|0.13|43.8953|12.4236
01|53|0|270|0.0|4.8|248|66.6|22.2|0.02|0.13|43.8963|12.4236
01|54|0|270|0.0|4.8|248|66.6|22.2|0.02|0.13|43.8978|12.4236
01|55|0|270|0.0|4.8|248|66.6|22.2|0.02|0.13|43.8976|12.4236
01|57|0|270|0.0|4.8|248|66.8|22.2|0.02|0.13|43.9028|12.4236
01|58|0|270|0.0|4.8|248|66.9|22.2|0.02|0.13|43.9009|12.4236
01|59|0|270|1.6|4.8|248|66.8|22.2|0.01|0.13|43.8997|12.4236
02|00|0|270|1.5|4.8|248|66.6|22.2|0.01|0.13|43.9017|12.4236
02|01|0|270|3.2|4.8|248|66.6|22.2|0.02|0.14|43.9015|12.4236
02|02|0|270|1.5|4.8|248|66.7|22.2|0.02|0.14|43.9022|12.4236
02|04|0|270|1.5|4.8|248|66.4|22.1|0.02|0.14|43.9017|12.4236
02|05|0|270|2.9|4.8|248|66.3|22.1|0.02|0.14|43.9028|12.4236
02|06|0|270|1.6|4.8|248|66.6|22.0|0.02|0.14|43.9046|12.4236
02|07|0|270|0.0|4.8|248|66.7|22.0|0.03|0.15|43.906|12.4236
02|08|0|270|0.0|4.8|248|66.6|22.0|0.03|0.15|43.9072|12.4236
02|10|0|270|1.6|4.8|248|66.4|22.0|0.03|0.15|43.9098|12.4236
02|11|0|135|0.0|4.8|248|66.3|22.0|0.03|0.15|43.9106|12.4236
02|12|0|225|0.0|4.8|248|66.1|22.0|0.03|0.15|43.9105|12.4236
02|13|0|225|1.5|4.8|248|65.8|21.9|0.03|0.15|43.9091|11.127
02|14|0|225|1.5|4.8|248|65.7|21.9|0.03|0.15|43.9099|11.127
02|15|0|225|1.6|4.8|248|65.6|21.8|0.03|0.15|43.9104|11.127
02|16|0|225|0.0|4.8|248|65.5|21.8|0.03|0.15|43.9098|11.127
02|18|0|225|1.5|4.8|248|65.6|21.6|0.03|0.15|43.9124|11.127
02|20|0|225|1.5|4.8|248|65.9|21.5|0.03|0.15|43.9114|11.127
02|21|0|225|1.5|4.8|248|65.9|21.5|0.03|0.15|43.9129|11.127
02|22|0|225|1.5|4.8|248|65.9|21.5|0.03|0.15|43.9158|11.127
02|23|0|225|0.0|4.8|248|65.8|21.4|0.03|0.15|43.9128|11.127
02|24|0|225|1.6|4.8|248|65.9|21.4|0.03|0.15|43.9162|11.127
02|25|0|225|0.0|4.8|248|65.9|21.4|0.03|0.15|43.9194|11.127
02|26|0|225|0.0|4.8|248|66.1|21.3|0.03|0.15|43.9203|11.4689
02|27|0|225|0.0|4.8|248|66.4|21.3|0.03|0.15|43.9219|11.4689
02|28|0|225|0.0|4.8|248|66.5|21.3|0.03|0.15|43.9249|11.4689
02|29|0|225|0.0|4.8|248|66.4|21.3|0.03|0.15|43.9233|11.4689
02|31|0|225|0.0|4.8|248|66.6|21.3|0.04|0.17|43.9248|11.4689
02|32|0|225|0.0|4.8|248|66.7|21.2|0.04|0.17|43.9219|11.4689
02|33|0|225|0.0|4.8|248|66.7|21.2|0.04|0.17|43.9228|11.4689
02|34|0|225|0.0|4.8|248|66.9|21.2|0.04|0.17|43.9218|11.4689
02|35|0|225|0.0|4.8|248|67.2|21.2|0.04|0.17|43.9213|11.8063
02|36|0|225|0.0|4.8|248|67.4|21.2|0.04|0.17|43.9237|11.8063
02|37|0|225|0.0|4.8|248|67.7|21.2|0.04|0.17|43.9245|11.8063
02|38|0|225|0.0|4.8|248|67.7|21.2|0.04|0.17|43.9263|11.8063
02|39|0|225|0.0|4.8|248|67.5|21.1|0.04|0.17|43.926|11.8063
02|40|0|225|1.5|4.8|248|67.4|21.0|0.04|0.17|43.9284|11.8063
02|41|0|225|1.5|4.8|248|67.1|21.0|0.04|0.17|43.9279|11.8063
02|42|0|225|1.5|4.8|248|67.0|20.9|0.04|0.17|43.9286|10.8499
02|43|0|225|1.6|4.8|248|67.5|20.7|0.03|0.17|43.9279|10.8499
02|44|0|225|0.0|4.8|248|68.1|20.6|0.03|0.17|43.929|11.1812
02|45|0|225|1.5|4.8|248|68.6|20.5|0.03|0.17|43.9276|11.1812
02|46|0|225|1.5|4.8|248|69.0|20.5|0.03|0.17|43.9279|11.5082
02|47|0|225|0.0|4.8|248|69.2|20.4|0.03|0.17|43.9292|11.5082
02|49|0|225|1.5|4.8|248|69.2|20.4|0.03|0.17|43.9275|11.5082
02|50|0|225|1.6|4.8|248|69.4|20.3|0.03|0.17|43.9273|11.5082
02|51|0|225|0.0|4.8|248|69.7|20.3|0.03|0.17|43.9294|11.5082
02|52|0|225|0.0|4.8|248|70.0|20.3|0.03|0.17|43.9275|11.831
02|53|0|225|1.5|4.8|248|70.4|20.3|0.03|0.17|43.9266|11.831
02|56|0|225|1.5|4.8|248|70.4|20.2|0.03|0.17|43.9257|11.831
02|57|0|225|0.0|4.8|248|70.6|20.2|0.03|0.17|43.9275|11.831
02|58|0|225|1.6|4.8|248|70.8|20.2|0.03|0.17|43.9286|11.831
02|59|0|225|1.5|4.8|248|71.2|20.2|0.03|0.17|43.9268|12.1497
03|00|0|225|0.0|4.8|248|71.5|20.2|0.03|0.18|43.9243|12.1497
03|01|0|225|0.0|4.8|248|71.7|20.2|0.03|0.18|43.9237|12.1497
03|02|0|225|1.6|4.8|248|71.9|20.3|0.03|0.18|43.9206|12.1497
03|03|0|225|0.0|4.8|248|71.5|20.3|0.03|0.18|43.9196|12.1497
03|04|0|225|0.0|4.8|248|70.8|20.4|0.03|0.18|43.9205|11.831
03|05|0|225|0.0|4.8|248|70.3|20.4|0.03|0.18|43.9192|11.831
03|06|0|225|0.0|4.8|248|70.0|20.4|0.02|0.18|43.9219|11.831
03|07|0|225|0.0|4.8|248|70.1|20.4|0.02|0.18|43.921|11.831
03|08|0|225|0.0|4.8|248|70.4|20.4|0.02|0.18|43.923|11.831
03|10|0|225|0.0|4.8|248|70.9|20.5|0.02|0.18|43.924|11.831
03|12|0|225|0.0|4.8|248|70.9|20.5|0.02|0.18|43.9273|11.831
03|13|0|225|1.5|4.8|248|70.6|20.5|0.02|0.18|43.9254|11.831
03|14|0|225|1.5|4.8|248|70.1|20.5|0.02|0.18|43.9242|11.831
03|15|0|225|1.5|4.8|248|69.8|20.5|0.02|0.18|43.9224|11.5082
03|16|0|225|0.0|4.8|248|70.0|20.4|0.02|0.18|43.9215|11.831
03|17|0|225|0.0|4.8|248|70.3|20.4|0.02|0.18|43.9224|11.831
03|18|0|225|1.5|4.8|248|70.7|20.4|0.02|0.18|43.9189|11.831
03|19|0|225|1.5|4.8|248|70.7|20.3|0.02|0.18|43.9166|11.831
03|20|0|225|0.0|4.8|248|70.5|20.3|0.02|0.18|43.9183|11.831
03|21|0|225|0.0|4.8|248|70.2|20.3|0.02|0.18|43.9152|11.831
03|23|0|225|0.0|4.8|248|69.4|20.3|0.02|0.18|43.9136|11.5082
03|24|0|180|2.9|4.8|248|69.0|20.3|0.03|0.19|43.9117|11.5082
03|25|0|180|1.5|4.8|248|69.0|20.2|0.03|0.19|43.9129|11.5082
03|26|0|180|1.5|4.8|248|69.2|20.1|0.03|0.19|43.9106|11.5082
03|28|0|180|1.5|4.8|248|69.2|20.1|0.03|0.19|43.911|11.5082
03|29|0|180|1.6|4.8|248|69.2|20.0|0.05|0.21|43.9086|11.5082
03|30|0|180|0.0|4.8|248|69.3|20.0|0.04|0.21|43.9101|11.5082
03|32|0|180|0.0|4.8|248|69.4|20.0|0.04|0.21|43.9093|11.5082
03|35|0|180|0.0|4.8|248|69.4|19.8|0.04|0.21|43.914|10.5487
03|36|0|180|0.0|4.8|248|69.3|19.8|0.04|0.21|43.9179|10.5487
03|37|0|180|0.0|4.8|248|69.3|19.8|0.04|0.21|43.919|10.5487
03|38|0|180|0.0|4.8|248|69.7|19.8|0.04|0.21|43.9229|10.5487
03|39|0|180|1.5|4.8|248|70.0|19.8|0.04|0.21|43.9225|10.8699
03|40|0|180|0.0|4.8|248|70.4|19.8|0.04|0.21|43.924|10.8699
03|41|0|180|0.0|4.8|248|70.5|19.7|0.04|0.21|43.9221|10.8699
03|43|0|180|0.0|4.8|248|70.8|19.8|0.04|0.21|43.9256|10.8699
03|44|0|180|0.0|4.8|248|70.7|19.8|0.04|0.21|43.9227|10.8699
03|45|0|180|0.0|4.8|248|70.4|19.7|0.04|0.21|43.9213|10.8699
03|46|0|180|0.0|4.8|248|70.2|19.7|0.04|0.21|43.9192|10.8699
03|47|0|180|0.0|4.8|248|70.1|19.8|0.04|0.21|43.9234|10.8699
03|48|0|180|0.0|4.8|248|70.2|19.8|0.04|0.21|43.9242|10.8699
03|49|0|180|0.0|4.8|248|70.4|19.7|0.04|0.21|43.9253|10.8699
03|51|0|180|0.0|4.8|248|70.5|19.7|0.04|0.21|43.9248|10.8699
03|52|0|180|1.5|4.8|248|70.3|19.7|0.04|0.21|43.9234|10.8699
03|53|0|180|1.6|4.8|248|70.2|19.6|0.04|0.21|43.921|10.8699
03|54|0|180|1.5|4.8|248|70.2|19.6|0.04|0.21|43.9195|10.8699
03|55|0|180|1.5|4.8|248|70.3|19.6|0.04|0.21|43.9192|10.8699
03|56|0|180|0.0|4.8|248|70.3|19.5|0.04|0.21|43.919|10.8699
03|57|0|180|1.5|4.8|248|70.7|19.5|0.05|0.22|43.9179|10.8699
03|59|0|180|1.5|4.8|248|71.6|19.4|0.05|0.22|43.9163|11.1872
04|00|0|180|0.0|4.8|248|71.7|19.3|0.04|0.22|43.9154|11.1872
04|01|0|180|0.0|4.8|248|71.7|19.3|0.04|0.22|43.9128|11.1872
04|02|0|180|0.0|4.8|248|71.8|19.3|0.04|0.22|43.9149|11.1872
04|03|0|180|0.0|4.8|248|72.0|19.2|0.04|0.22|43.9169|11.5004
04|04|0|180|0.0|4.8|248|72.2|19.2|0.04|0.22|43.9146|11.5004
04|05|0|180|1.5|4.8|248|72.3|19.2|0.04|0.22|43.9173|11.5004
04|06|0|180|0.0|4.8|248|72.3|19.2|0.04|0.22|43.9188|11.5004
04|07|0|180|0.0|4.8|248|72.2|19.2|0.04|0.22|43.9168|11.5004
04|08|0|180|0.0|4.8|248|72.0|19.2|0.04|0.22|43.9158|11.5004
04|09|0|180|0.0|4.8|248|71.8|19.2|0.04|0.22|43.9126|11.1872
04|10|0|180|0.0|4.8|248|71.6|19.2|0.04|0.22|43.9097|11.1872
04|12|0|180|0.0|4.8|248|71.4|19.3|0.04|0.22|43.909|11.1872
04|13|0|180|0.0|4.8|248|71.3|19.3|0.04|0.22|43.9095|11.1872
04|14|0|180|0.0|4.8|248|71.2|19.3|0.04|0.22|43.9118|11.1872
04|15|0|180|0.0|4.8|248|71.0|19.3|0.04|0.22|43.9126|11.1872
04|16|0|180|0.0|4.8|248|70.7|19.3|0.04|0.22|43.9124|10.8699
04|17|0|180|0.0|4.8|248|70.5|19.3|0.04|0.22|43.9125|10.8699
04|19|0|180|0.0|4.8|248|70.4|19.3|0.04|0.22|43.9166|10.8699
04|20|0|180|0.0|4.8|248|70.1|19.2|0.04|0.22|43.9174|10.8699
04|22|0|180|1.5|4.8|248|69.9|19.2|0.04|0.22|43.9166|10.5487
04|23|0|315|1.6|4.8|248|69.8|19.1|0.04|0.22|43.9159|10.5487
04|24|0|315|1.5|4.8|248|69.5|19.0|0.03|0.22|43.9153|10.5487
04|25|0|315|1.5|4.8|248|69.8|19.0|0.03|0.22|43.9153|10.5487
04|26|0|315|0.0|4.8|248|70.2|18.7|0.03|0.22|43.9097|9.90877
04|27|0|315|0.0|4.8|248|70.5|18.7|0.03|0.22|43.9113|9.90877
04|28|0|315|0.0|4.8|248|70.6|18.6|0.02|0.22|43.9098|9.90877
04|29|0|315|0.0|4.8|248|70.8|18.6|0.01|0.22|43.9082|9.90877
04|30|0|315|1.6|4.8|248|71.0|18.6|0.01|0.22|43.9051|10.2245
04|33|0|180|0.0|4.8|248|71.3|18.5|0.01|0.22|43.9066|10.2245
04|34|0|180|0.0|4.8|248|71.0|18.5|0.01|0.22|43.9074|10.2245
04|35|0|180|0.0|4.8|248|70.8|18.5|0.01|0.22|43.9061|9.90877
04|36|0|180|0.0|4.8|248|70.8|18.4|0.01|0.22|43.9067|9.90877
04|37|0|180|0.0|4.8|248|70.9|18.4|0.01|0.22|43.9098|9.90877
04|38|0|180|0.0|4.8|248|71.0|18.4|0.01|0.22|43.9089|10.2245
04|39|0|180|0.0|4.8|248|71.0|18.4|0.01|0.22|43.9085|10.2245
04|40|0|180|0.0|4.8|248|71.0|18.4|0.01|0.22|43.9077|10.2245
04|41|0|180|0.0|4.8|248|70.9|18.4|0.01|0.22|43.9058|9.90877
04|42|0|180|0.0|4.8|248|71.3|18.4|0.01|0.22|43.909|10.2245
04|43|0|180|0.0|4.8|248|71.4|18.4|0.01|0.22|43.9064|10.2245
04|44|0|180|0.0|4.8|248|71.4|18.3|0.01|0.22|43.9054|10.2245
04|45|0|180|0.0|4.8|248|71.2|18.4|0.01|0.22|43.9061|10.2245
04|46|0|180|0.0|4.8|248|71.2|18.3|0.01|0.22|43.9024|10.2245
04|47|0|180|0.0|4.8|248|71.5|18.3|0.01|0.22|43.9032|10.2245
04|48|0|180|0.0|4.8|248|71.6|18.3|0.01|0.22|43.902|10.2245
04|49|0|180|0.0|4.8|248|71.6|18.3|0.01|0.22|43.9033|10.2245
04|50|0|180|1.5|4.8|248|71.5|18.3|0.01|0.22|43.9019|10.2245
04|51|0|180|1.6|4.8|248|71.6|18.2|0.01|0.22|43.9|10.2245
04|52|0|180|1.5|4.8|248|71.9|18.2|0.02|0.23|43.9005|10.2245
04|53|0|180|1.5|4.8|248|72.2|18.2|0.03|0.24|43.9029|10.5363
04|55|0|180|1.5|4.8|248|72.7|18.0|0.03|0.24|43.9001|10.5363
04|56|0|180|1.5|4.8|248|73.2|18.2|0.03|0.24|43.9024|10.8442
04|57|0|45|0.0|4.8|248|73.7|18.0|0.02|0.24|43.8971|10.8442
04|58|0|90|1.6|4.8|248|74.0|18.2|0.02|0.24|43.899|11.1485
04|59|0|90|1.5|4.8|248|74.3|18.2|0.02|0.24|43.8956|11.1485
05|00|0|90|0.0|4.8|248|74.2|18.2|0.02|0.24|43.8957|11.1485
05|01|0|90|0.0|4.8|248|74.0|18.3|0.02|0.24|43.894|11.1485
05|02|0|90|1.6|4.8|248|73.7|18.3|0.02|0.24|43.8936|10.8442
05|03|0|90|1.5|4.8|248|73.3|18.3|0.02|0.24|43.8914|10.8442
05|04|0|180|1.5|4.8|248|73.1|18.3|0.02|0.24|43.8911|10.8442
05|05|0|180|3.2|4.8|248|72.6|18.2|0.02|0.24|43.8889|10.5363
05|06|0|180|1.5|4.8|248|72.1|18.2|0.02|0.24|43.8888|10.5363
05|07|0|180|0.0|4.8|248|71.9|18.2|0.02|0.24|43.8907|10.2245
05|08|0|180|0.0|4.8|248|71.8|18.2|0.02|0.24|43.8929|10.2245
05|09|0|180|0.0|4.8|248|71.7|18.2|0.02|0.24|43.8949|10.2245
05|10|0|180|0.0|4.8|248|71.7|18.2|0.02|0.24|43.8958|10.2245
05|11|0|180|0.0|4.8|248|71.7|18.2|0.02|0.24|43.8961|10.2245
05|13|0|0|1.5|4.8|248|71.9|18.2|0.02|0.24|43.8953|10.2245
05|14|0|0|1.6|4.8|248|71.6|18.2|0.02|0.24|43.8983|10.2245
05|16|0|0|0.0|4.8|248|71.5|18.0|0.02|0.24|43.899|10.2245
05|17|0|0|1.6|4.8|248|71.5|18.0|0.02|0.24|43.902|10.2245
05|18|0|315|1.5|4.8|248|71.8|18.0|0.02|0.24|43.904|10.2245
05|19|0|315|1.6|4.8|248|71.8|17.9|0.02|0.24|43.9026|9.26174
05|20|0|315|1.5|4.8|248|71.8|17.9|0.02|0.24|43.9064|9.26174
05|21|0|315|1.5|4.8|248|71.9|17.9|0.02|0.24|43.9069|9.26174
05|22|0|315|1.6|4.8|248|71.9|17.8|0.02|0.24|43.9067|9.26174
05|23|0|315|0.0|4.8|248|72.0|17.8|0.02|0.24|43.9075|9.57205
05|24|0|315|0.0|4.8|248|72.2|17.8|0.02|0.24|43.9076|9.57205
05|25|0|315|1.5|4.8|248|72.2|17.7|0.02|0.24|43.9066|9.57205
05|26|0|315|1.5|4.8|248|72.3|17.7|0.02|0.24|43.907|9.57205
05|27|0|315|2.9|4.8|248|72.0|17.7|0.02|0.24|43.9057|9.57205
05|28|0|315|1.5|4.8|248|71.5|17.7|0.02|0.24|43.9084|9.26174
05|29|0|315|1.5|4.8|248|71.1|17.6|0.02|0.24|43.9118|9.26174
05|30|0|315|3.2|4.8|248|71.0|17.5|0.02|0.24|43.9107|9.26174
05|31|0|315|1.5|4.8|248|71.2|17.5|0.02|0.24|43.913|9.26174
05|32|0|315|1.6|4.8|248|71.6|17.5|0.03|0.25|43.913|9.26174
05|33|0|315|1.5|4.8|248|72.0|17.4|0.03|0.25|43.9121|9.57205
05|34|0|315|1.5|4.8|248|72.3|17.5|0.03|0.25|43.9109|9.57205
05|36|0|315|0.0|4.8|248|72.4|17.5|0.03|0.25|43.9105|9.57205
05|37|0|315|0.0|4.8|248|72.3|17.5|0.03|0.25|43.91|9.57205
05|38|0|315|1.5|4.8|248|72.2|17.6|0.03|0.25|43.9101|9.57205
05|39|0|180|1.6|4.8|248|71.8|17.6|0.03|0.25|43.9094|9.26174
05|40|0|180|1.5|4.8|248|71.4|17.6|0.03|0.25|43.906|9.26174
05|41|0|180|0.0|4.8|248|71.2|17.6|0.03|0.25|43.9078|9.26174
05|42|0|180|0.0|4.8|248|70.9|17.6|0.03|0.25|43.9083|8.94751
05|43|0|180|1.5|4.8|248|70.8|17.6|0.03|0.25|43.9083|8.94751
05|44|0|248|1.6|4.8|248|70.7|17.7|0.03|0.25|43.9102|8.94751
05|45|0|270|0.0|4.8|248|70.7|17.7|0.03|0.25|43.9094|8.94751
05|46|0|270|1.5|4.8|248|70.9|17.7|0.03|0.25|43.911|8.94751
05|47|0|270|0.0|4.8|248|71.1|17.7|0.03|0.25|43.9111|9.26174
05|48|0|270|1.5|4.8|248|71.1|17.7|0.03|0.25|43.9094|9.26174
05|49|0|270|1.5|4.8|248|70.9|17.7|0.03|0.25|43.9118|8.94751
05|50|0|180|1.6|4.8|248|70.7|17.6|0.03|0.25|43.9116|8.94751
05|52|0|180|1.5|4.8|248|70.6|17.5|0.02|0.25|43.9163|8.94751
05|54|0|180|0.0|4.8|248|70.6|17.5|0.01|0.25|43.9174|8.94751
05|55|0|225|1.5|4.8|248|70.6|17.5|0.01|0.25|43.9175|8.94751
05|56|0|225|2.9|4.8|248|70.8|17.5|0.01|0.25|43.9164|8.94751
05|57|0|180|0.0|4.8|248|71.0|17.5|0.01|0.25|43.9149|9.26174
05|58|0|113|1.5|4.8|248|71.4|17.5|0.01|0.25|43.9154|9.26174
05|59|0|135|0.0|4.8|248|72.1|17.5|0.01|0.25|43.9163|9.57205
06|00|0|225|2.9|4.8|248|72.3|17.5|0.01|0.25|43.9184|9.57205
06|01|0|225|1.5|4.8|248|72.2|17.5|0.01|0.25|43.9186|9.57205
06|02|0|225|0.0|4.8|248|72.0|17.5|0.01|0.25|43.9189|9.57205
06|03|0|225|0.0|4.8|248|72.2|17.5|0.01|0.25|43.919|9.57205
06|04|0|225|0.0|4.8|248|72.3|17.5|0.01|0.25|43.9203|9.57205
06|05|0|225|0.0|4.8|248|72.3|17.6|0.01|0.25|43.9246|9.57205
06|06|0|270|1.5|4.8|248|72.2|17.5|0.01|0.25|43.926|9.57205
06|07|0|270|1.5|4.8|248|72.4|17.5|0.01|0.25|43.9249|9.57205
06|08|0|270|0.0|4.8|248|72.5|17.5|0.01|0.25|43.9259|9.57205
06|10|0|0|1.5|4.8|248|71.9|17.5|0.01|0.25|43.9257|9.26174
06|11|0|0|1.6|4.8|248|71.9|17.4|0.01|0.25|43.9244|9.26174
06|12|0|0|0.0|4.8|248|72.1|17.4|0.01|0.25|43.9256|9.57205
06|13|0|0|0.0|4.8|248|72.5|17.4|0.01|0.25|43.9267|9.57205
06|15|0|0|0.0|4.8|248|73.0|17.4|0.01|0.25|43.9238|9.87855
06|16|0|0|1.5|4.8|248|73.4|17.4|0.01|0.25|43.9242|9.87855
06|17|0|0|1.5|4.8|248|74.0|17.3|0.01|0.25|43.9244|10.1813
06|18|0|0|0.0|4.8|248|74.3|17.3|0.01|0.25|43.9254|10.1813
06|19|0|0|0.0|4.8|248|74.2|17.4|0.01|0.25|43.9263|10.1813
06|20|0|0|0.0|4.8|248|74.2|17.4|0.01|0.25|43.9252|10.1813
06|21|0|0|0.0|4.8|248|74.3|17.5|0.01|0.25|43.9258|10.1813
06|22|0|0|1.5|4.8|248|74.6|17.5|0.01|0.25|43.9243|10.1813
06|23|0|0|0.0|4.8|248|74.6|17.6|0.01|0.25|43.923|10.1813
06|24|0|0|0.0|4.8|248|74.7|17.6|0.01|0.25|43.9208|10.1813
06|25|0|0|0.0|4.8|248|74.8|17.7|0.01|0.25|43.9201|10.1813
06|26|0|0|0.0|4.8|248|74.8|17.7|0.01|0.25|43.9181|10.1813
06|27|0|0|0.0|4.8|248|74.5|17.7|0.01|0.25|43.9192|10.1813
06|28|0|0|0.0|4.8|248|74.1|17.7|0.01|0.25|43.9205|10.1813
06|29|0|0|0.0|4.8|248|73.8|17.8|0.01|0.25|43.924|9.87855
06|31|0|0|1.5|4.8|248|73.7|17.8|0.00|0.25|43.927|9.87855
06|32|0|0|1.5|4.8|248|73.9|17.8|0.00|0.25|43.9298|9.87855
06|33|0|0|1.5|4.8|248|74.0|17.8|0.00|0.25|43.9265|10.1813
06|35|0|0|0.0|4.8|248|74.1|17.8|0.00|0.25|43.9314|10.1813
06|36|0|0|0.0|4.8|248|73.9|17.8|0.00|0.25|43.9298|9.87855
06|37|0|0|0.0|4.8|248|73.7|17.8|0.00|0.25|43.9265|9.87855
06|38|0|0|0.0|4.8|248|73.7|17.9|0.00|0.25|43.9277|9.87855
06|39|0|0|0.0|4.8|248|73.9|17.9|0.00|0.25|43.9279|9.87855
06|40|0|225|1.5|4.8|248|73.9|17.9|0.00|0.25|43.9291|9.87855
06|41|0|270|1.5|4.8|248|73.7|17.8|0.00|0.25|43.9299|9.87855
06|42|0|270|0.0|4.8|248|73.6|17.8|0.00|0.25|43.9263|9.87855
06|43|0|270|0.0|4.8|248|73.5|17.8|0.00|0.25|43.9278|9.87855
06|44|0|270|0.0|4.8|248|73.5|17.8|0.00|0.25|43.923|9.87855
06|45|0|270|0.0|4.8|248|73.6|17.8|0.00|0.25|43.9227|9.87855
06|46|0|270|1.5|4.8|248|73.5|17.7|0.00|0.25|43.9211|9.87855
06|47|0|180|0.0|4.8|248|73.3|17.7|0.00|0.25|43.9211|9.87855
06|48|0|180|0.0|4.8|248|73.1|17.7|0.00|0.25|43.921|9.87855
06|49|0|180|0.0|4.8|248|72.9|17.7|0.00|0.25|43.9208|9.57205
06|50|0|180|0.0|4.8|248|72.7|17.6|0.00|0.25|43.9209|9.57205
06|51|0|180|0.0|4.8|248|72.6|17.6|0.00|0.25|43.9192|9.57205
06|52|0|180|0.0|4.8|248|72.5|17.6|0.00|0.25|43.9219|9.57205
06|53|0|180|0.0|4.8|248|72.8|17.6|0.00|0.25|43.9195|9.57205
06|55|0|180|1.5|4.8|248|73.3|17.6|0.00|0.25|43.919|9.87855
06|56|0|180|0.0|4.8|248|73.7|17.6|0.00|0.25|43.918|9.87855
06|57|0|180|0.0|4.8|248|73.9|17.6|0.00|0.25|43.9189|9.87855
06|58|0|180|0.0|4.8|248|73.9|17.6|0.00|0.25|43.921|9.87855
06|59|0|180|0.0|4.8|248|73.8|17.5|0.00|0.25|43.9235|9.87855
07|00|0|180|1.5|4.8|248|73.7|17.6|0.00|0.25|43.9276|9.87855
07|01|0|180|0.0|4.8|248|73.6|17.5|0.01|0.26|43.9251|9.87855
07|02|0|180|0.0|4.8|248|73.4|17.6|0.01|0.26|43.9263|9.87855
07|03|0|180|0.0|4.8|248|73.3|17.5|0.01|0.26|43.923|9.87855
07|04|0|180|0.0|4.8|248|73.3|17.5|0.01|0.26|43.9193|9.87855
07|05|0|180|0.0|4.8|248|73.4|17.5|0.01|0.26|43.9203|9.87855
07|07|0|180|1.5|4.8|248|73.5|17.5|0.01|0.26|43.9226|9.87855
07|08|0|180|0.0|4.8|248|73.3|17.4|0.01|0.26|43.9216|9.87855
07|10|0|180|0.0|4.8|248|73.5|17.5|0.01|0.26|43.9233|9.87855
07|11|0|180|0.0|4.8|248|73.5|17.4|0.01|0.26|43.9226|9.87855
07|12|0|180|1.6|4.8|248|73.3|17.4|0.01|0.26|43.9238|9.87855
07|13|0|180|0.0|4.8|248|73.2|17.4|0.01|0.26|43.9235|9.87855
07|14|0|180|0.0|4.8|248|73.1|17.4|0.01|0.26|43.9235|9.87855
07|15|0|180|0.0|4.8|248|73.3|17.4|0.01|0.26|43.9266|9.87855
07|17|0|180|0.0|4.8|248|73.4|17.4|0.01|0.26|43.9293|9.87855
07|18|0|180|1.5|4.8|248|73.3|17.4|0.01|0.26|43.9301|9.87855
07|19|0|315|0.0|4.8|248|72.9|17.4|0.01|0.26|43.9284|9.57205
07|20|0|315|0.0|4.8|248|72.7|17.3|0.01|0.26|43.9261|9.57205
07|21|0|315|0.0|4.8|248|72.7|17.4|0.01|0.26|43.9262|9.57205
07|22|0|315|0.0|4.8|248|72.9|17.4|0.01|0.26|43.9272|9.57205
07|23|0|315|1.5|4.8|248|73.0|17.3|0.01|0.26|43.9263|9.87855
07|24|0|315|0.0|4.8|248|73.0|17.3|0.02|0.28|43.9276|9.87855
07|25|0|315|0.0|4.8|248|73.3|17.3|0.02|0.28|43.9281|9.87855
07|26|0|315|0.0|4.8|248|73.8|17.3|0.02|0.28|43.9258|9.87855
07|27|0|315|1.5|4.8|248|74.2|17.3|0.02|0.28|43.9258|10.1813
07|28|0|315|0.0|4.8|248|74.3|17.4|0.02|0.28|43.9254|10.1813
07|29|0|315|0.0|4.8|248|74.4|17.4|0.02|0.28|43.9245|10.1813
07|30|0|315|0.0|4.8|248|74.4|17.4|0.02|0.28|43.925|10.1813
07|31|0|315|1.5|4.8|248|74.6|17.4|0.02|0.28|43.9217|10.1813
07|32|0|90|1.5|4.8|248|74.9|17.5|0.02|0.28|43.9209|10.1813
07|34|0|90|0.0|4.8|248|75.0|17.6|0.03|0.29|43.9224|10.4805
07|35|0|90|1.6|4.8|248|74.8|17.6|0.03|0.29|43.9202|10.1813
07|37|0|90|1.5|4.8|248|74.6|17.7|0.03|0.29|43.9228|10.1813
07|38|0|90|1.6|4.8|248|74.4|17.7|0.03|0.29|43.9226|10.1813
07|39|0|90|0.0|4.8|248|74.1|17.7|0.03|0.29|43.9221|10.1813
07|40|0|90|0.0|4.8|248|74.0|17.8|0.03|0.29|43.926|10.1813
07|41|0|90|0.0|4.8|248|73.8|17.9|0.03|0.29|43.9265|9.87855
07|42|0|90|0.0|4.8|248|73.6|17.9|0.03|0.29|43.9261|9.87855
07|43|0|90|0.0|4.8|248|73.4|18.0|0.03|0.29|43.9246|10.8442
07|44|0|90|0.0|4.8|248|73.3|18.0|0.03|0.29|43.9266|10.8442
07|45|0|90|0.0|4.8|248|73.1|18.2|0.03|0.29|43.9253|10.8442
07|46|0|90|0.0|4.8|248|72.8|18.2|0.03|0.29|43.9259|10.5363
07|47|0|90|0.0|4.8|248|72.7|18.3|0.03|0.29|43.9267|10.5363
07|48|0|90|0.0|4.8|248|72.7|18.3|0.03|0.29|43.9259|10.5363
07|49|0|90|0.0|4.8|248|72.7|18.4|0.03|0.29|43.9238|10.5363
07|50|0|90|0.0|4.8|248|72.7|18.5|0.03|0.29|43.9183|10.5363
07|51|0|90|0.0|4.8|248|72.5|18.7|0.03|0.29|43.9205|10.5363
07|52|0|90|0.0|4.8|248|72.4|18.8|0.03|0.29|43.9197|10.5363
07|53|0|90|0.0|4.8|248|72.1|19.1|0.03|0.29|43.9186|11.5004
07|54|0|90|0.0|4.8|248|71.8|19.3|0.03|0.29|43.9173|11.1872
07|56|0|90|0.0|4.8|248|71.0|19.6|0.03|0.29|43.9184|11.1872
07|58|0|90|0.0|4.8|248|70.7|19.8|0.03|0.29|43.9194|10.8699
07|59|0|90|0.0|4.8|248|70.5|20.0|0.03|0.29|43.9192|11.831
08|00|0|90|0.0|4.8|248|70.3|20.2|0.03|0.29|43.9184|11.831
08|01|0|90|0.0|4.8|248|70.2|20.3|0.02|0.29|43.9165|11.831
08|02|0|90|0.0|4.8|248|70.1|20.5|0.02|0.29|43.9159|11.831
08|03|0|225|1.5|4.8|248|69.8|20.7|0.02|0.29|43.9149|11.5082
08|05|0|225|0.0|4.8|248|69.2|21.3|0.02|0.29|43.91|12.4677
08|06|0|225|1.5|4.8|248|69.0|21.5|0.02|0.29|43.9069|12.4677
08|08|0|225|1.6|4.8|248|68.5|22.0|0.02|0.29|43.905|13.0969
08|09|0|225|0.0|4.8|248|68.1|22.2|0.02|0.29|43.9033|13.0969
08|10|0|225|0.0|4.8|248|67.4|22.3|0.02|0.29|43.9052|12.7625
08|11|0|225|1.6|4.8|248|66.9|22.4|0.02|0.29|43.9093|12.4236
08|12|0|225|1.5|4.8|248|66.5|22.5|0.02|0.29|43.909|12.4236
08|13|0|225|0.0|4.8|248|66.5|22.7|0.02|0.29|43.9105|12.4236
08|14|0|225|0.0|4.8|248|66.6|22.7|0.02|0.29|43.9116|12.4236
08|15|0|225|1.5|4.8|248|66.5|22.7|0.02|0.29|43.9113|12.4236
08|16|0|225|0.0|4.8|248|66.4|22.7|0.02|0.29|43.9143|12.4236
08|18|0|225|0.0|4.8|248|66.3|22.7|0.02|0.29|43.9145|12.4236
08|19|0|225|0.0|4.8|248|66.1|22.7|0.02|0.29|43.9159|12.4236
08|20|0|225|0.0|4.8|248|65.9|22.7|0.02|0.29|43.9163|12.0801
08|21|0|225|0.0|4.8|248|65.7|22.7|0.02|0.29|43.9169|12.0801
08|22|0|225|0.0|4.8|248|65.4|22.7|0.02|0.29|43.9172|12.0801
08|24|0|225|0.0|4.8|248|65.1|22.7|0.01|0.29|43.9202|12.0801
08|25|0|225|0.0|4.8|248|64.9|22.7|0.01|0.29|43.9183|11.7319
08|26|0|225|0.0|4.8|248|64.8|22.7|0.01|0.29|43.9174|11.7319
08|28|0|225|0.0|4.8|248|64.6|22.7|0.01|0.29|43.9149|11.7319
08|29|0|225|0.0|4.8|248|64.6|22.8|0.01|0.29|43.9148|11.7319
08|30|0|225|0.0|4.8|248|64.7|22.8|0.01|0.29|43.9149|11.7319
08|32|0|225|1.5|4.8|248|65.0|22.9|0.01|0.29|43.917|12.0801
08|33|0|225|0.0|4.8|248|65.1|23.0|0.01|0.29|43.9174|13.0331
08|34|0|225|0.0|4.8|248|65.1|23.2|0.00|0.29|43.9196|13.0331
08|36|0|225|0.0|4.8|248|65.0|23.3|0.00|0.29|43.9194|13.0331
08|37|0|270|1.6|4.8|248|64.7|23.6|0.00|0.29|43.9197|12.6832
08|38|0|270|1.5|4.8|248|64.4|23.7|0.00|0.29|43.9194|12.6832
08|39|0|270|0.0|4.8|248|64.3|23.9|0.00|0.29|43.9164|12.6832
08|40|0|225|0.0|4.8|248|64.4|24.1|0.00|0.29|43.9111|13.6344
08|41|0|225|0.0|4.8|248|64.4|24.3|0.00|0.29|43.9115|13.6344
08|42|0|225|0.0|4.8|248|64.4|24.6|0.00|0.29|43.9093|13.6344
08|43|0|180|1.6|4.8|248|64.0|24.8|0.00|0.29|43.9101|13.6344
08|44|0|180|1.5|4.8|248|63.2|25.0|0.00|0.29|43.911|14.2274
08|45|0|180|0.0|4.8|248|62.5|25.2|0.00|0.29|43.9113|13.8642
08|47|0|225|2.9|4.8|248|61.8|25.7|0.00|0.29|43.9124|13.4958
08|48|0|270|0.0|4.8|248|61.4|25.9|0.00|0.29|43.914|13.4958
08|49|0|270|0.0|4.8|248|61.2|26.1|0.00|0.29|43.9161|14.4418
08|50|0|135|1.5|4.8|248|60.8|26.3|0.00|0.29|43.9142|14.0662
08|51|0|135|0.0|4.8|248|60.1|26.4|0.00|0.29|43.9173|14.0662
08|52|0|225|0.0|4.8|248|60.0|26.6|0.00|0.29|43.9226|14.0662
08|53|0|225|0.0|4.8|248|60.2|26.7|0.00|0.29|43.9216|14.0662
08|54|0|225|0.0|4.8|248|59.7|26.8|0.00|0.29|43.9227|13.685
08|55|0|225|0.0|4.8|248|59.4|26.9|0.00|0.29|43.9268|13.685
08|58|0|270|1.6|4.8|248|57.8|27.2|0.00|0.29|43.9275|13.8439
08|59|0|0|1.5|4.8|248|57.5|27.2|0.00|0.29|43.9305|13.8439
09|00|0|315|1.5|4.8|248|57.7|27.2|0.00|0.29|43.935|13.8439
09|01|0|0|1.5|4.8|248|58.3|27.2|0.00|0.29|43.938|14.2386
09|02|0|0|1.5|4.8|248|58.3|27.2|0.00|0.29|43.9378|14.2386
09|03|0|315|2.9|4.8|248|58.0|27.0|0.00|0.29|43.938|14.2386
09|04|0|315|1.5|4.8|248|58.0|26.9|0.00|0.29|43.9359|13.2981
09|05|0|315|2.9|4.8|248|57.6|26.8|0.00|0.29|43.9385|12.9052
09|06|0|315|0.0|4.8|248|57.6|26.7|0.00|0.29|43.9381|12.9052
09|07|0|315|0.0|4.8|248|57.8|26.8|0.00|0.29|43.9353|12.9052
09|08|0|315|0.0|4.8|248|57.8|26.8|0.00|0.29|43.9286|12.9052
09|09|0|315|1.5|4.8|248|58.0|27.0|0.00|0.29|43.9311|14.2386
09|11|0|315|0.0|4.8|248|57.8|27.2|0.00|0.29|43.9337|13.8439
09|12|0|315|1.5|4.8|248|57.7|27.2|0.00|0.29|43.9347|13.8439
09|13|0|0|3.2|4.8|248|57.6|27.3|0.00|0.29|43.9364|13.8439
09|14|0|0|1.5|4.8|248|57.3|27.4|0.00|0.29|43.9386|13.8439
09|15|0|0|1.5|4.8|248|56.9|27.5|0.00|0.29|43.9391|13.4429
09|16|0|315|1.6|4.8|248|56.0|27.5|0.00|0.29|43.9419|13.4429
09|17|0|315|2.9|4.8|248|55.6|27.6|0.00|0.29|43.9393|13.0356
09|18|0|270|1.6|4.8|248|56.2|27.6|0.00|0.29|43.9373|13.4429
09|19|0|315|0.0|4.8|248|56.2|27.7|0.00|0.29|43.934|13.4429
09|20|0|0|2.9|4.8|248|56.6|27.8|0.00|0.29|43.9353|13.4429
09|21|0|0|1.5|4.8|248|56.3|28.0|0.00|0.29|43.9354|14.3797
09|22|0|0|1.6|4.8|248|55.9|28.1|0.00|0.29|43.9361|13.9704
09|23|0|0|0.0|4.8|248|55.6|28.2|0.00|0.29|43.9416|13.9704
09|24|0|270|1.5|4.8|248|55.2|28.1|0.00|0.29|43.9419|13.9704
09|25|0|315|1.5|4.8|248|55.1|28.2|0.00|0.29|43.9434|13.9704
09|26|0|315|1.5|4.8|248|54.8|28.2|0.00|0.29|43.9414|13.5545
09|29|0|0|0.0|4.8|248|54.8|28.3|0.00|0.29|43.9377|13.5545
09|30|0|0|0.0|4.8|248|54.7|28.5|0.00|0.29|43.9358|13.5545
09|31|0|0|0.0|4.8|248|54.5|28.8|0.00|0.29|43.9348|13.5545
09|34|0|270|0.0|4.8|248|53.2|29.5|0.00|0.29|43.9317|14.0626
09|35|0|270|0.0|4.8|248|53.1|29.7|0.00|0.29|43.9324|14.0626
09|36|0|293|0.0|4.8|248|53.0|30.1|0.00|0.29|43.9359|14.9933
09|37|0|0|1.6|4.8|248|52.8|30.2|0.00|0.29|43.9368|14.5594
09|38|0|0|0.0|4.8|248|52.0|30.5|0.00|0.29|43.9365|14.5594
09|39|0|0|0.0|4.8|248|51.5|30.8|0.00|0.29|43.9352|14.118
09|40|0|0|0.0|4.8|248|51.5|31.1|0.00|0.29|43.9349|15.0446
09|41|0|0|0.0|4.8|248|51.5|31.4|0.00|0.29|43.9329|15.0446
09|42|0|45|1.5|4.8|248|51.4|31.8|0.00|0.29|43.9299|15.0446
09|43|0|225|1.5|4.8|248|50.9|32.1|0.00|0.29|43.929|15.5179
09|44|0|135|1.5|4.8|248|50.3|32.6|0.00|0.29|43.9241|15.5179
09|45|0|135|1.6|4.8|248|48.9|32.8|0.00|0.29|43.92|14.5868
09|47|0|135|1.5|4.8|248|47.9|33.1|0.00|0.29|43.922|15.0261
09|48|0|135|1.5|4.8|248|47.2|33.3|0.00|0.29|43.9251|15.0261
09|49|0|135|1.5|4.8|248|46.6|33.3|0.00|0.29|43.9286|14.5362
09|50|0|135|1.5|4.8|248|46.6|33.6|0.00|0.29|43.9337|14.5362
09|51|0|135|1.5|4.8|248|46.7|33.8|0.00|0.29|43.938|14.5362
09|52|0|135|1.5|4.8|248|46.2|34.0|0.00|0.29|43.9385|15.4517
09|53|0|135|0.0|4.8|248|45.6|34.1|0.00|0.29|43.9416|14.95
09|54|0|135|1.5|4.8|248|45.3|34.4|0.00|0.29|43.9453|14.95
09|55|0|158|1.5|4.8|248|44.8|34.5|0.00|0.29|43.9459|14.4383
09|56|0|135|1.5|4.8|248|44.3|34.6|0.00|0.29|43.9452|14.4383
09|57|0|135|1.5|4.8|248|44.1|34.6|0.00|0.29|43.9425|14.4383
09|58|0|225|1.6|4.8|248|44.1|34.7|0.00|0.29|43.9404|14.4383
09|59|0|180|1.5|4.8|248|44.2|34.8|0.00|0.29|43.9397|14.4383
10|00|0|135|1.6|4.8|248|44.3|34.9|0.00|0.29|43.9358|14.4383
10|01|0|180|2.9|4.8|248|44.0|35.2|0.00|0.29|43.9331|15.3491
10|02|0|180|0.0|4.8|248|43.7|35.3|0.00|0.29|43.9301|14.8247
10|03|0|135|0.0|4.8|248|43.5|35.5|0.00|0.29|43.933|14.8247
10|04|0|180|0.0|4.8|248|43.8|35.7|0.01|0.30|43.9294|14.8247
10|07|0|180|1.5|4.8|248|43.6|36.3|0.01|0.30|43.9256|15.733
10|08|0|180|1.5|4.8|248|43.3|36.5|0.01|0.30|43.9274|15.733
10|09|0|180|1.6|4.8|248|42.8|36.8|0.01|0.30|43.9273|15.1952
10|10|0|225|2.9|4.8|248|42.1|37.2|0.01|0.30|43.9284|16.1009
10|11|0|158|1.5|4.8|248|41.6|37.5|0.01|0.30|43.9292|15.5492
10|12|0|203|1.5|4.8|248|40.7|37.6|0.01|0.30|43.9297|14.9854
10|13|0|180|2.9|4.8|248|40.4|37.8|0.01|0.30|43.9288|14.9854
10|15|0|113|2.9|4.8|248|40.0|38.1|0.01|0.30|43.926|15.886
10|16|0|90|1.5|4.8|248|40.2|38.2|0.01|0.30|43.9257|15.886
10|17|0|180|2.9|4.8|248|40.1|38.2|0.01|0.30|43.9258|15.886
10|18|0|135|3.2|6.4|180|39.8|38.2|0.01|0.30|43.9263|15.3069
10|19|0|135|4.4|6.4|180|39.7|38.1|0.01|0.30|43.9246|15.3069
10|20|0|135|2.9|6.4|180|39.9|38.1|0.01|0.30|43.9228|15.3069
10|21|0|180|3.2|6.4|180|39.9|38.1|0.01|0.30|43.9248|15.3069
10|23|0|225|2.9|6.4|180|39.9|38.0|0.01|0.30|43.922|15.3069
10|24|0|180|3.2|6.4|180|40.0|38.1|0.01|0.30|43.9206|15.886
10|25|0|180|2.9|6.4|180|40.1|38.1|0.01|0.30|43.9201|15.886
10|27|0|203|1.5|6.4|180|40.1|38.2|0.01|0.30|43.918|15.886
10|28|0|135|2.9|6.4|180|40.5|38.2|0.01|0.30|43.9164|15.886
10|29|0|180|2.9|6.4|180|40.1|38.3|0.02|0.31|43.9185|15.886
10|30|0|180|0.0|6.4|180|40.1|38.4|0.02|0.31|43.9206|15.886
10|31|0|180|0.0|6.4|180|40.3|38.6|0.02|0.31|43.9215|15.886
10|32|0|180|1.5|6.4|180|40.1|38.7|0.02|0.31|43.9228|15.886
10|33|0|225|0.0|6.4|180|40.0|39.0|0.02|0.31|43.9217|16.7863
10|34|0|135|4.4|6.4|180|39.9|39.1|0.02|0.31|43.9212|16.2048
10|36|0|135|2.9|6.4|180|39.3|39.1|0.02|0.31|43.9232|16.2048
10|37|0|180|1.5|6.4|180|39.3|39.2|0.02|0.31|43.9227|16.2048
10|38|0|180|0.0|6.4|180|39.6|39.3|0.02|0.31|43.9209|16.2048
10|40|0|135|1.5|6.4|180|39.7|39.5|0.02|0.31|43.9218|16.2048
10|41|0|135|4.4|6.4|180|39.4|39.7|0.02|0.31|43.9209|16.2048
10|43|0|180|0.0|6.4|180|39.4|39.9|0.02|0.31|43.9203|16.2048
10|45|0|90|0.0|6.4|180|39.4|40.4|0.02|0.31|43.9165|17.1024
10|46|0|0|0.0|6.4|180|39.1|40.7|0.02|0.31|43.9114|17.1024
10|47|0|135|0.0|6.4|180|38.6|41.1|0.02|0.31|43.9122|17.3997
10|48|0|180|0.0|6.4|180|38.5|41.3|0.02|0.31|43.905|17.3997
10|49|0|0|1.5|6.4|180|38.4|41.7|0.02|0.31|43.9027|17.3997
10|50|0|0|0.0|6.4|180|38.1|41.9|0.02|0.31|43.9009|17.3997
10|51|0|45|1.5|6.4|180|37.5|42.1|0.02|0.31|43.902|17.6773
10|52|0|0|1.5|6.4|180|37.2|42.2|0.02|0.31|43.9037|17.6773
10|53|0|0|1.5|6.4|180|37.2|42.2|0.02|0.31|43.9045|17.6773
10|54|0|45|1.5|6.4|180|37.2|42.1|0.02|0.31|43.9042|17.6773
10|55|0|45|1.6|6.4|180|36.9|42.2|0.02|0.31|43.9046|17.0453
10|56|0|0|1.5|6.4|180|37.0|42.2|0.02|0.31|43.9049|17.6773
10|58|0|0|2.9|6.4|180|36.8|42.2|0.02|0.31|43.906|17.0453
10|59|0|0|1.6|6.4|180|37.1|42.2|0.02|0.31|43.9044|17.6773
11|00|0|45|1.5|6.4|180|36.8|42.2|0.03|0.32|43.899|17.0453
11|01|0|315|1.5|6.4|180|36.5|42.2|0.03|0.32|43.899|17.0453
11|02|0|315|1.5|6.4|180|36.4|42.3|0.03|0.32|43.9015|17.0453
11|03|0|315|1.5|6.4|180|36.6|42.3|0.03|0.32|43.9018|17.0453
11|04|0|90|1.6|6.4|180|36.3|42.5|0.02|0.32|43.9001|17.0453
11|05|0|45|0.0|6.4|180|35.9|42.5|0.02|0.32|43.8932|16.3975
11|06|0|90|2.9|6.4|180|35.8|42.6|0.02|0.32|43.8949|16.3975
11|07|0|225|0.0|6.4|180|35.7|42.5|0.02|0.32|43.8985|16.3975
11|08|0|225|0.0|6.4|180|36.1|42.5|0.02|0.32|43.8983|17.0453
11|09|0|90|1.5|6.4|180|36.1|42.7|0.02|0.32|43.8944|17.0453
11|10|0|45|0.0|6.4|180|35.9|42.8|0.02|0.32|43.8963|16.3975
11|11|0|90|0.0|6.4|180|35.7|42.9|0.02|0.32|43.8976|16.3975
11|12|0|90|0.0|6.4|180|35.7|43.0|0.02|0.32|43.8985|17.2836
11|13|0|90|0.0|6.4|180|35.7|43.2|0.02|0.32|43.8983|17.2836
11|14|0|90|1.5|6.4|180|35.5|43.5|0.02|0.32|43.9013|17.2836
11|16|0|90|0.0|6.4|180|35.4|43.7|0.02|0.32|43.9025|17.2836
11|17|0|315|2.9|6.4|180|35.1|44.0|0.02|0.32|43.9052|18.1696
11|18|0|0|1.5|6.4|180|34.5|44.2|0.02|0.32|43.9076|17.4994
11|19|0|315|1.5|6.4|180|34.1|44.3|0.02|0.32|43.9077|17.4994
11|20|0|315|3.2|6.4|180|33.8|44.3|0.02|0.32|43.9078|16.8115
11|21|0|315|0.0|6.4|180|33.8|44.4|0.02|0.32|43.9074|16.8115
11|22|0|270|2.9|6.4|180|33.9|44.5|0.02|0.32|43.9049|16.8115
11|23|0|225|1.5|6.4|180|34.0|44.5|0.02|0.32|43.8996|17.4994
11|24|0|225|2.9|6.4|180|34.1|44.5|0.02|0.32|43.8983|17.4994
11|25|0|270|1.5|6.4|180|34.1|44.7|0.02|0.32|43.8972|17.4994
11|26|0|270|0.0|6.4|180|33.8|44.9|0.02|0.32|43.8978|16.8115
11|27|0|270|1.5|6.4|180|33.5|45.0|0.02|0.32|43.8938|17.6913
11|28|0|270|2.9|6.4|180|32.8|45.2|0.01|0.32|43.896|16.9816
11|29|0|315|1.5|6.4|180|32.7|45.3|0.01|0.32|43.8911|16.9816
11|30|0|315|1.5|6.4|180|32.5|45.4|0.01|0.32|43.8907|16.9816
11|31|0|315|1.5|6.4|180|32.1|45.5|0.01|0.32|43.8905|16.9816
11|34|0|315|3.2|6.4|180|32.1|45.6|0.01|0.32|43.89|16.9816
11|35|0|315|2.9|6.4|315|31.9|45.4|0.01|0.32|43.8895|16.2519
11|37|0|315|3.2|6.4|315|31.8|45.4|0.01|0.32|43.889|16.2519
11|38|0|270|4.8|6.4|315|31.9|45.3|0.01|0.32|43.8861|16.2519
11|39|0|270|1.5|6.4|315|31.9|45.3|0.01|0.32|43.8868|16.2519
11|40|0|270|0.0|6.4|315|32.1|45.3|0.01|0.32|43.887|16.9816
11|41|0|225|1.5|6.4|315|32.2|45.4|0.01|0.32|43.888|16.9816
11|42|0|225|0.0|6.4|315|32.2|45.5|0.01|0.32|43.8878|16.9816
11|43|0|270|1.5|6.4|315|32.1|45.7|0.01|0.32|43.8858|16.9816
11|44|0|180|2.9|6.4|315|32.1|46.0|0.01|0.32|43.8852|17.8582
11|45|0|158|2.9|6.4|315|31.8|46.2|0.01|0.32|43.8834|17.1254
11|47|0|270|0.0|6.4|315|31.3|46.5|0.01|0.32|43.8848|17.1254
11|48|0|225|1.6|6.4|315|31.3|46.7|0.01|0.32|43.8849|17.1254
11|49|0|225|0.0|6.4|315|31.1|47.1|0.01|0.32|43.8868|17.9987
11|50|0|225|0.0|6.4|315|30.8|47.4|0.01|0.32|43.8818|17.2414
11|51|0|270|0.0|6.4|315|30.7|47.7|0.01|0.32|43.8799|17.2414
11|52|0|270|1.5|6.4|315|30.1|48.1|0.01|0.32|43.878|18.1112
11|53|0|270|1.5|6.4|315|29.7|48.4|0.01|0.32|43.8749|17.3278
11|54|0|315|0.0|6.4|315|29.5|48.7|0.01|0.32|43.8732|17.3278
11|55|0|135|0.0|6.4|315|29.2|49.0|0.01|0.32|43.8723|18.194
11|56|0|315|1.5|6.4|315|28.7|49.2|0.01|0.32|43.873|17.3829
11|57|0|270|0.0|6.4|315|28.4|49.3|0.01|0.32|43.8701|17.3829
11|59|0|180|1.5|6.4|315|28.0|49.4|0.01|0.32|43.8706|17.3829
12|00|0|180|0.0|6.4|315|27.8|49.3|0.00|0.32|43.8666|16.5456
12|02|0|158|2.9|6.4|315|27.9|49.5|0.00|0.32|43.8603|16.5456
12|03|0|180|2.9|6.4|315|27.7|49.7|0.00|0.32|43.8585|16.5456
12|04|0|135|2.9|6.4|315|27.8|49.8|0.00|0.32|43.8583|16.5456
12|05|0|135|2.9|6.4|315|27.4|49.5|0.00|0.32|43.8578|16.5456
12|07|0|45|1.5|6.4|315|27.5|49.7|0.00|0.32|43.8574|16.5456
12|08|0|0|1.6|6.4|315|27.3|49.7|0.00|0.32|43.8587|16.5456
12|09|0|90|1.5|6.4|315|27.2|49.7|0.00|0.32|43.8604|16.5456
12|10|0|90|1.5|6.4|315|27.1|49.5|0.00|0.32|43.8562|16.5456
12|11|0|45|0.0|6.4|315|27.2|49.4|0.00|0.32|43.8549|16.5456
12|12|0|135|1.5|6.4|315|27.5|49.3|0.00|0.32|43.8547|16.5456
12|13|0|90|1.5|6.4|315|27.8|49.3|0.00|0.32|43.8499|16.5456
12|15|0|90|0.0|6.4|315|27.9|49.3|0.00|0.32|43.8466|16.5456
12|15|0|135|2.9|6.4|315|27.8|49.2|0.00|0.32|43.8478|16.5456
12|16|0|225|3.2|6.4|315|27.8|49.2|0.00|0.32|43.8489|16.5456
12|18|0|225|2.9|6.4|315|28.1|49.3|0.00|0.32|43.8471|17.3829
12|19|0|135|3.2|6.4|315|28.0|49.3|0.00|0.32|43.8443|17.3829
12|20|0|135|3.2|6.4|315|27.6|49.2|0.00|0.32|43.8389|16.5456
12|21|0|135|2.9|6.4|315|27.6|49.3|0.00|0.32|43.8382|16.5456
12|22|0|135|3.2|6.4|315|27.5|49.2|0.00|0.32|43.8365|16.5456
12|23|0|135|4.4|6.4|315|27.6|49.1|0.00|0.32|43.8382|16.5456
12|24|0|180|2.9|6.4|315|27.7|49.0|0.01|0.33|43.8376|16.5456
12|25|0|135|1.5|6.4|315|27.6|48.9|0.01|0.33|43.8371|15.6863
12|26|0|135|1.6|6.4|315|27.8|49.0|0.01|0.33|43.837|16.5456
12|27|0|45|0.0|6.4|315|27.7|49.1|0.01|0.33|43.835|16.5456
12|28|0|180|0.0|6.4|315|27.8|49.2|0.01|0.33|43.834|16.5456
12|30|0|90|2.9|6.4|315|27.5|49.5|0.01|0.33|43.8334|16.5456
12|31|0|179|1.6|6.4|315|27.2|49.7|0.01|0.33|43.8309|16.5456
12|32|0|90|1.5|6.4|315|27.1|49.8|0.01|0.33|43.8324|16.5456
12|33|0|90|2.9|6.4|315|27.1|49.8|0.01|0.33|43.8339|16.5456
12|34|0|180|0.0|6.4|315|27.1|49.8|0.01|0.33|43.8315|16.5456
12|35|0|0|1.5|6.4|315|27.3|49.8|0.01|0.33|43.8338|16.5456
12|36|0|45|0.0|6.4|315|27.2|49.9|0.01|0.33|43.8343|16.5456
12|37|0|135|1.5|6.4|315|27.1|50.0|0.01|0.33|43.8348|17.4047
12|38|0|180|0.0|6.4|315|27.1|50.0|0.01|0.33|43.8347|17.4047
12|40|0|180|0.0|6.4|315|27.0|50.1|0.01|0.33|43.8327|17.4047
12|41|0|0|3.2|6.4|315|26.6|50.1|0.01|0.33|43.8305|16.5358
12|43|0|315|1.5|6.4|315|26.5|50.1|0.01|0.33|43.8296|16.5358
12|44|0|0|1.6|6.4|315|26.5|50.2|0.01|0.33|43.8288|16.5358
12|45|0|45|1.5|6.4|315|26.5|50.2|0.01|0.33|43.8267|16.5358
12|47|0|135|2.9|6.4|315|26.8|50.3|0.01|0.33|43.8267|16.5358
12|48|0|225|1.5|6.4|315|26.5|50.5|0.01|0.33|43.8235|16.5358
12|49|0|90|1.5|6.4|315|26.2|50.6|0.01|0.33|43.8218|16.5358
12|50|0|90|1.6|6.4|315|25.8|50.5|0.01|0.33|43.8223|15.6367
12|51|0|45|1.5|6.4|315|25.6|50.5|0.01|0.33|43.8209|15.6367
12|52|0|90|0.0|6.4|315|25.5|50.3|0.01|0.33|43.8202|15.6367
12|53|0|90|0.0|6.4|315|25.7|50.2|0.01|0.33|43.8192|15.6367
12|54|0|45|1.5|6.4|315|25.8|50.1|0.01|0.33|43.8191|15.6367
12|56|0|315|0.0|6.4|315|25.6|50.1|0.01|0.33|43.816|15.6367
12|57|0|90|0.0|6.4|315|25.7|50.2|0.01|0.33|43.8161|15.6367
12|58|0|315|0.0|6.4|315|26.1|50.3|0.01|0.33|43.8134|16.5358
12|59|0|315|1.6|6.4|315|26.1|50.5|0.01|0.33|43.8131|16.5358
13|00|0|315|2.9|6.4|315|25.7|50.5|0.02|0.34|43.8088|15.6367
13|01|0|0|3.2|6.4|315|25.6|50.6|0.02|0.34|43.8085|15.6367
13|02|0|315|4.4|6.4|315|25.6|50.6|0.02|0.34|43.8064|15.6367
13|03|0|270|2.9|6.4|315|25.6|50.6|0.02|0.34|43.8058|15.6367
13|04|0|270|2.9|6.4|315|25.4|50.6|0.02|0.34|43.8048|15.6367
13|05|0|270|2.9|6.4|315|25.2|50.6|0.02|0.34|43.8036|15.6367
13|07|0|270|1.6|6.4|315|25.0|50.5|0.02|0.34|43.8059|15.6367
13|08|0|225|0.0|6.4|315|25.0|50.5|0.02|0.34|43.8048|15.6367
13|09|0|0|1.5|6.4|315|24.9|50.6|0.02|0.34|43.8012|14.705
13|10|0|315|1.6|6.4|315|24.6|50.6|0.02|0.34|43.8004|14.705
13|11|0|225|1.5|6.4|315|24.7|50.7|0.02|0.34|43.8003|14.705
13|12|0|315|1.5|6.4|315|24.8|50.8|0.02|0.34|43.7985|14.705
13|13|0|315|2.9|6.4|315|24.3|50.7|0.02|0.34|43.7967|14.705
13|15|0|270|1.5|6.4|315|24.1|50.8|0.02|0.34|43.7965|14.705
13|16|0|225|1.5|6.4|315|24.1|50.9|0.02|0.34|43.797|14.705
13|17|0|225|1.5|6.4|315|24.2|50.9|0.02|0.34|43.7964|14.705
13|18|0|315|4.8|6.4|315|24.1|51.0|0.02|0.34|43.797|15.5526
13|19|0|315|0.0|6.4|315|24.0|51.0|0.02|0.34|43.7972|15.5526
13|20|0|270|1.5|6.4|315|23.9|51.1|0.02|0.34|43.7978|14.5817
13|21|0|270|1.5|6.4|315|23.8|51.2|0.02|0.34|43.7988|14.5817
13|22|0|225|1.5|6.4|315|24.1|51.2|0.02|0.34|43.7964|15.5526
13|23|0|270|3.2|6.4|315|24.1|51.3|0.01|0.34|43.7948|15.5526
13|24|0|315|1.5|6.4|315|24.0|51.3|0.01|0.34|43.7925|15.5526
13|25|0|315|2.9|6.4|315|23.8|51.1|0.01|0.34|43.7912|14.5817
13|26|0|315|2.9|6.4|315|23.5|51.2|0.01|0.34|43.7906|14.5817
13|27|0|315|2.9|6.4|315|23.4|51.1|0.01|0.34|43.7884|14.5817
13|28|0|315|1.6|6.4|315|23.3|51.0|0.01|0.34|43.7858|14.5817
13|29|0|315|4.4|6.4|315|23.3|50.9|0.01|0.34|43.7882|13.7382
13|30|0|270|0.0|6.4|315|23.4|50.9|0.01|0.34|43.7867|13.7382
13|33|0|315|1.6|6.4|315|23.7|51.0|0.01|0.34|43.7876|14.5817
13|34|0|270|1.5|6.4|315|23.9|51.2|0.01|0.34|43.7883|14.5817
13|35|0|0|2.9|6.4|315|24.0|51.5|0.01|0.34|43.7833|15.5526
13|36|0|315|3.2|6.4|315|23.8|51.6|0.01|0.34|43.781|14.5817
13|37|0|270|2.9|6.4|315|23.6|51.7|0.01|0.34|43.7784|14.5817
13|38|0|315|1.5|6.4|315|23.5|51.7|0.01|0.34|43.774|14.5817
13|39|0|315|1.6|6.4|315|23.5|51.8|0.01|0.34|43.7741|14.5817
13|40|0|270|1.5|6.4|315|23.5|51.8|0.01|0.34|43.7737|14.5817
13|41|0|315|2.9|6.4|315|23.3|51.8|0.01|0.34|43.7748|14.5817
13|42|0|270|2.9|6.4|315|23.4|51.8|0.01|0.34|43.7729|14.5817
13|43|0|270|8.7|10.2|270|23.5|51.6|0.01|0.34|43.7747|14.5817
13|44|0|315|4.4|10.2|270|23.7|51.2|0.01|0.34|43.7741|14.5817
13|47|0|315|2.9|10.2|270|24.4|50.8|0.01|0.34|43.7718|14.705
13|49|0|315|1.5|10.2|270|24.4|50.8|0.01|0.34|43.77|14.705
13|50|0|270|1.5|10.2|270|24.5|50.7|0.01|0.34|43.7692|14.705
13|51|0|270|5.8|10.2|270|24.6|50.7|0.01|0.34|43.7698|14.705
13|52|0|270|3.2|10.2|270|24.7|50.7|0.01|0.34|43.7707|14.705
13|53|0|270|2.9|10.2|270|24.7|50.7|0.01|0.34|43.77|14.705
13|54|0|270|1.5|10.2|270|24.6|50.7|0.01|0.34|43.7673|14.705
13|55|0|225|4.4|10.2|270|24.7|50.7|0.01|0.34|43.7697|14.705
13|57|0|270|4.4|10.2|270|24.8|50.8|0.01|0.34|43.7737|14.705
13|58|0|270|1.5|10.2|270|24.6|50.8|0.00|0.34|43.7724|14.705
13|59|0|315|1.5|10.2|270|24.6|50.9|0.00|0.34|43.7749|14.705
14|01|0|270|2.9|10.2|270|24.5|50.6|0.00|0.34|43.7721|14.705
14|02|0|315|1.6|10.2|270|24.6|50.6|0.00|0.34|43.7717|14.705
14|03|0|315|4.4|10.2|270|24.8|50.3|0.00|0.34|43.7711|14.705
14|04|0|315|5.8|10.2|270|24.9|50.0|0.00|0.34|43.768|14.705
14|05|0|315|4.4|10.2|270|25.2|49.8|0.00|0.34|43.7698|14.785
14|06|0|0|1.5|10.2|270|25.4|49.7|0.00|0.34|43.768|14.785
14|07|0|0|1.6|10.2|270|25.4|49.7|0.00|0.34|43.7692|14.785
14|08|0|270|3.2|10.2|270|25.6|49.5|0.00|0.34|43.7688|14.785
14|09|0|315|4.4|10.2|270|25.7|49.3|0.00|0.34|43.7674|14.785
14|10|0|315|3.2|10.2|270|25.7|49.2|0.00|0.34|43.7698|14.785
14|11|0|270|2.9|10.2|270|25.7|49.3|0.00|0.34|43.773|14.785
14|12|0|315|1.5|10.2|270|25.8|49.3|0.00|0.34|43.7727|14.785
14|13|0|270|3.2|10.2|270|25.7|49.2|0.00|0.34|43.7707|14.785
14|15|0|270|4.4|10.2|270|25.8|49.1|0.00|0.34|43.7712|14.785
14|16|0|315|4.4|10.2|270|26.1|48.8|0.00|0.34|43.7702|14.8246
14|17|0|270|1.5|10.2|270|26.3|48.5|0.00|0.34|43.7713|14.8246
14|18|0|270|2.9|10.2|270|26.5|48.5|0.00|0.34|43.7715|14.8246
14|19|0|270|7.3|10.2|270|26.3|48.4|0.00|0.34|43.7704|14.8246
14|20|0|270|2.9|10.2|270|26.5|48.2|0.00|0.34|43.7741|14.8246
14|21|0|270|4.4|10.2|270|26.6|48.0|0.00|0.34|43.7728|14.8246
14|22|0|315|4.8|10.2|270|26.9|47.7|0.00|0.34|43.772|13.9686
14|23|0|270|3.2|10.2|270|27.2|47.6|0.00|0.34|43.774|14.8267
14|24|0|315|5.8|10.2|270|27.3|47.5|0.00|0.34|43.7715|14.8267
14|25|0|315|2.9|10.2|270|27.3|47.4|0.00|0.34|43.7712|14.8267
14|26|0|270|1.6|10.2|270|27.4|47.4|0.00|0.34|43.7738|14.8267
14|27|0|315|4.4|10.2|270|27.6|47.3|0.00|0.34|43.7711|14.8267
14|28|0|315|5.8|10.2|270|27.7|47.1|0.00|0.34|43.7721|14.8267
14|29|0|270|2.9|10.2|270|27.6|47.0|0.00|0.34|43.7733|14.8267
14|30|0|315|2.9|10.2|270|27.7|46.8|0.00|0.34|43.7716|13.9668
14|31|0|315|4.8|10.2|270|27.8|46.6|0.00|0.34|43.774|13.9668
14|32|0|315|4.4|10.2|270|28.1|46.5|0.00|0.34|43.7739|14.7936
14|33|0|270|4.4|10.2|270|28.3|46.4|0.00|0.34|43.7748|14.7936
14|34|0|270|5.8|10.2|270|28.3|46.4|0.01|0.35|43.775|14.7936
14|37|0|315|5.8|10.2|270|28.8|46.3|0.01|0.35|43.7763|14.7936
14|38|0|315|4.8|10.2|270|28.9|46.2|0.01|0.35|43.7745|14.7936
14|39|0|315|4.4|10.2|270|29.1|46.2|0.01|0.35|43.7739|15.5945
14|40|0|315|4.8|10.2|270|29.1|46.2|0.01|0.35|43.7732|15.5945
14|41|0|315|4.8|10.2|270|29.1|46.3|0.01|0.35|43.7721|15.5945
14|42|0|315|4.4|10.2|270|29.0|46.2|0.01|0.35|43.7717|15.5945
14|43|0|315|6.4|10.2|270|29.0|46.2|0.01|0.35|43.7728|15.5945
14|44|0|270|1.5|10.2|270|29.1|46.3|0.01|0.35|43.7698|15.5945
14|45|0|315|4.4|10.2|270|29.0|46.4|0.01|0.35|43.7673|15.5945
14|46|0|315|4.4|10.2|270|28.9|46.4|0.01|0.35|43.7667|14.7936
14|47|0|315|4.4|10.2|270|28.7|46.4|0.01|0.35|43.768|14.7936
14|48|0|270|2.9|10.2|270|28.7|46.5|0.01|0.35|43.7679|14.7936
14|49|0|315|4.4|10.2|270|28.8|46.5|0.01|0.35|43.7666|14.7936
14|50|0|270|5.8|10.2|270|28.7|46.7|0.01|0.35|43.7632|14.7936
14|51|0|315|5.8|10.2|270|28.4|46.8|0.01|0.35|43.7638|14.7936
14|52|0|270|2.9|10.2|270|28.3|47.0|0.01|0.35|43.7647|15.657
14|53|0|270|2.9|10.2|270|28.2|47.1|0.01|0.35|43.7643|15.657
14|55|0|315|5.8|10.2|270|28.0|47.2|0.01|0.35|43.7638|15.657
14|56|0|315|3.2|10.2|270|27.9|47.1|0.01|0.35|43.7656|14.8267
14|57|0|225|2.9|10.2|270|27.9|47.0|0.01|0.35|43.7682|14.8267
14|58|0|315|5.8|10.2|270|28.0|46.8|0.01|0.35|43.7672|14.7936
14|59|0|270|2.9|10.2|270|28.1|46.7|0.01|0.35|43.7656|14.7936
15|00|0|315|4.4|10.2|270|28.1|46.6|0.01|0.35|43.7647|14.7936
15|01|0|270|4.4|10.2|270|28.3|46.5|0.01|0.35|43.7681|14.7936
15|02|0|315|2.9|10.2|270|28.4|46.5|0.01|0.35|43.766|14.7936
15|03|0|0|2.9|10.2|270|28.5|46.5|0.01|0.35|43.7633|14.7936
15|04|0|270|4.8|10.2|270|28.5|46.6|0.01|0.35|43.7619|14.7936
15|05|0|315|2.9|10.2|270|28.4|46.7|0.01|0.35|43.7643|14.7936
15|06|0|315|2.9|10.2|270|28.4|46.6|0.01|0.35|43.7661|14.7936
15|07|0|315|3.2|10.2|270|28.5|46.5|0.01|0.35|43.7673|14.7936
15|08|0|270|2.9|10.2|270|28.8|46.5|0.01|0.35|43.7704|14.7936
15|09|0|270|3.2|10.2|270|29.0|46.5|0.01|0.35|43.7729|15.5945
15|12|0|270|5.8|10.2|270|29.2|46.4|0.01|0.35|43.773|15.5945
15|13|0|315|2.9|10.2|270|29.1|46.3|0.01|0.35|43.773|15.5945
15|14|0|270|2.9|10.2|270|29.3|46.3|0.01|0.35|43.7769|15.5945
15|15|0|248|5.8|10.2|270|29.3|46.2|0.01|0.35|43.7744|15.5945
15|16|0|270|4.4|10.2|270|29.3|46.2|0.01|0.35|43.7772|15.5945
15|17|0|315|4.4|10.2|270|29.3|46.2|0.01|0.35|43.7784|15.5945
15|18|0|315|3.2|10.2|270|29.5|46.1|0.01|0.35|43.7793|15.5945
15|19|0|270|2.9|10.2|270|29.4|46.1|0.01|0.35|43.7808|15.5945
15|20|0|315|5.8|10.2|270|29.3|46.0|0.01|0.35|43.7759|15.5945
15|21|0|270|4.8|10.2|270|29.3|45.8|0.01|0.35|43.7761|14.7275
15|22|0|270|2.9|10.2|270|29.4|46.0|0.01|0.35|43.7778|15.5945
15|23|0|315|4.8|10.2|270|29.6|45.8|0.02|0.36|43.7772|14.7275
15|24|0|315|4.4|10.2|270|29.6|45.6|0.02|0.36|43.7771|14.7275
15|25|0|315|4.4|10.2|270|29.9|45.7|0.02|0.36|43.7816|14.7275
15|26|0|315|4.8|10.2|270|30.2|45.6|0.02|0.36|43.7805|15.501
15|28|0|0|3.2|10.2|270|30.1|45.5|0.02|0.36|43.7848|15.501
15|30|0|315|4.8|10.2|270|30.4|45.4|0.02|0.36|43.7827|15.501
15|31|0|315|4.4|10.2|270|30.2|45.4|0.02|0.36|43.7862|15.501
15|32|0|315|5.8|10.2|270|30.1|45.3|0.02|0.36|43.7851|15.501
15|33|0|315|3.2|10.2|270|30.1|45.3|0.02|0.36|43.7848|15.501
15|34|0|315|4.4|10.2|270|30.2|45.3|0.01|0.36|43.7834|15.501
15|35|0|315|2.9|10.2|270|30.1|45.3|0.01|0.36|43.7843|15.501
15|36|0|315|4.4|10.2|270|30.1|45.3|0.01|0.36|43.7875|15.501
15|37|0|315|4.4|10.2|270|30.3|45.3|0.01|0.36|43.7867|15.501
15|38|0|315|4.8|10.2|270|30.4|45.2|0.01|0.36|43.7881|15.501
15|39|0|315|4.4|10.2|270|30.6|45.0|0.01|0.36|43.7855|15.501
15|40|0|315|2.9|10.2|270|30.9|45.0|0.01|0.36|43.7844|15.501
15|41|0|338|4.4|10.2|270|30.9|45.2|0.01|0.36|43.7823|15.501
15|42|0|315|4.4|10.2|270|30.9|45.0|0.01|0.36|43.7841|15.501
15|43|0|315|4.8|10.2|270|31.2|44.9|0.01|0.36|43.7857|15.3782
15|44|0|315|4.4|10.2|270|31.3|44.8|0.01|0.36|43.7856|15.3782
15|46|0|315|3.2|10.2|270|31.5|44.6|0.01|0.36|43.7836|15.3782
15|47|0|315|2.9|10.2|270|31.6|44.6|0.01|0.36|43.7823|15.3782
15|48|0|315|4.4|10.2|270|31.8|44.5|0.01|0.36|43.7816|15.3782
15|50|0|315|4.8|10.2|270|31.9|44.4|0.01|0.36|43.7792|15.3782
15|52|0|315|5.8|10.2|270|32.2|44.4|0.01|0.36|43.7819|16.1048
15|53|0|315|4.4|10.2|270|32.1|44.3|0.01|0.36|43.7825|16.1048
15|54|0|315|2.9|10.2|270|32.1|44.3|0.01|0.36|43.7808|16.1048
15|55|0|270|1.5|10.2|270|32.1|44.3|0.01|0.36|43.7828|16.1048
15|56|0|315|5.8|10.2|270|31.9|44.3|0.01|0.36|43.7832|15.3782
15|57|0|270|4.4|10.2|270|32.1|44.3|0.01|0.36|43.7849|16.1048
15|58|0|315|4.4|10.2|270|32.2|44.2|0.01|0.36|43.7864|16.1048
15|59|0|315|2.9|10.2|270|32.6|44.0|0.01|0.36|43.7845|16.1048
16|00|0|315|1.6|10.2|270|32.6|44.0|0.01|0.36|43.7849|16.1048
16|01|0|315|2.9|10.2|270|32.8|44.0|0.01|0.36|43.7855|16.1048
16|02|0|315|3.2|10.2|270|32.9|43.9|0.01|0.36|43.7852|15.2276
16|04|0|315|2.9|10.2|270|33.3|43.9|0.01|0.36|43.7856|15.9313
16|05|0|315|1.6|10.2|270|33.5|43.7|0.01|0.36|43.781|15.9313
16|06|0|315|1.6|10.2|270|33.5|43.6|0.01|0.36|43.7809|15.9313
16|07|0|315|0.0|10.2|270|33.6|43.5|0.01|0.36|43.7775|15.9313
16|09|0|315|1.5|10.2|270|33.8|43.2|0.01|0.36|43.7773|15.9313
16|11|0|315|1.5|10.2|270|33.9|43.1|0.01|0.36|43.7821|15.9313
16|12|0|315|1.5|10.2|270|34.2|43.0|0.01|0.36|43.7824|16.6163
16|13|0|315|1.5|10.2|270|34.4|43.0|0.01|0.36|43.782|16.6163
16|14|0|315|2.9|10.2|270|34.5|43.0|0.01|0.36|43.78|16.6163
16|15|0|315|1.6|10.2|270|34.6|42.9|0.01|0.36|43.783|15.733
16|16|0|315|2.9|10.2|270|34.7|42.9|0.01|0.36|43.7819|15.733
16|17|0|315|1.6|10.2|270|34.8|42.8|0.01|0.36|43.7824|15.733
16|18|0|315|1.6|10.2|270|34.9|42.8|0.01|0.36|43.781|15.733
16|19|0|315|1.5|10.2|270|35.0|42.8|0.01|0.36|43.7803|16.3975
16|20|0|315|1.6|10.2|270|35.0|42.8|0.01|0.36|43.7771|16.3975
16|21|0|315|1.5|10.2|270|35.0|42.8|0.01|0.36|43.7784|16.3975
16|22|0|315|1.5|10.2|270|35.0|42.8|0.01|0.36|43.777|16.3975
16|23|0|315|1.5|10.2|270|34.8|42.8|0.00|0.36|43.7748|15.733
16|25|0|270|0.0|10.2|270|34.7|42.8|0.00|0.36|43.7741|15.733
16|26|0|270|1.5|10.2|270|34.7|42.7|0.00|0.36|43.7744|15.733
16|27|0|270|1.5|10.2|270|34.7|42.7|0.00|0.36|43.7728|15.733
16|28|0|270|1.6|10.2|270|34.6|42.7|0.00|0.36|43.7725|15.733
16|30|0|315|2.9|10.2|270|34.6|42.7|0.00|0.36|43.7736|15.733
16|31|0|315|1.6|10.2|270|34.5|42.7|0.00|0.36|43.7753|15.733
16|32|0|315|1.5|10.2|270|34.5|42.6|0.00|0.36|43.7737|15.733
16|33|0|315|2.9|10.2|270|34.3|42.5|0.00|0.36|43.775|15.733
16|34|0|315|3.2|10.2|270|34.5|42.5|0.00|0.36|43.7801|15.733
16|36|0|315|3.2|10.2|270|34.8|42.1|0.00|0.36|43.7803|15.733
16|37|0|315|1.5|10.2|270|35.0|42.0|0.00|0.36|43.7813|16.3975
16|38|0|315|1.5|10.2|270|35.0|41.9|0.00|0.36|43.78|15.511
16|39|0|315|1.5|10.2|270|35.2|41.8|0.00|0.36|43.7796|15.511
16|40|0|315|1.5|10.2|270|35.5|41.8|0.00|0.36|43.7789|15.511
16|41|0|315|0.0|10.2|270|35.7|41.7|0.00|0.36|43.7781|15.511
16|42|0|315|0.0|10.2|270|35.9|41.6|0.00|0.36|43.7772|15.511
16|43|0|315|1.5|10.2|270|36.0|41.5|0.00|0.36|43.778|16.1561
16|44|0|315|0.0|10.2|270|36.2|41.5|0.00|0.36|43.7789|16.1561
16|45|0|315|1.5|10.2|270|36.4|41.5|0.00|0.36|43.78|16.1561
16|46|0|315|1.5|10.2|270|36.5|41.3|0.00|0.36|43.7788|16.1561
16|47|0|315|1.6|10.2|270|36.6|41.3|0.00|0.36|43.7781|16.1561
16|48|0|315|1.5|10.2|270|36.7|41.2|0.00|0.36|43.778|16.1561
16|49|0|315|0.0|10.2|270|36.9|41.2|0.00|0.36|43.778|16.1561
16|51|0|315|0.0|10.2|270|36.9|41.2|0.00|0.36|43.7796|16.1561
16|52|0|315|1.5|10.2|270|37.0|41.2|0.00|0.36|43.7801|16.7853
16|53|0|315|1.5|10.2|270|37.0|41.2|0.00|0.36|43.7782|16.7853
16|54|0|315|1.5|10.2|270|37.1|41.2|0.00|0.36|43.7762|16.7853
16|55|0|315|1.5|10.2|270|37.1|41.2|0.00|0.36|43.776|16.7853
16|56|0|315|0.0|10.2|270|37.1|41.2|0.00|0.36|43.7771|16.7853
16|57|0|315|1.6|10.2|270|37.1|41.2|0.00|0.36|43.7761|16.7853
16|58|0|315|0.0|10.2|270|37.2|41.2|0.00|0.36|43.7764|16.7853
16|59|0|315|0.0|10.2|270|37.2|41.2|0.00|0.36|43.7768|16.7853
17|00|0|315|1.5|10.2|270|37.1|41.1|0.00|0.36|43.7746|16.7853
17|01|0|315|0.0|10.2|270|37.1|41.1|0.00|0.36|43.7764|16.7853
17|02|0|315|1.5|10.2|270|37.3|41.1|0.00|0.36|43.7778|16.7853
17|03|0|315|0.0|1.6|315|37.4|41.1|0.00|0.00|43.7754|16.7853
17|04|0|315|1.5|1.6|315|37.5|41.0|0.00|0.00|43.775|16.7853
17|05|0|315|0.0|1.6|315|37.6|41.0|0.00|0.00|43.7753|16.7853
17|31|0|315|0.0|1.6|315|38.5|39.5|0.01|0.01|43.7794|15.6098
17|31|0|315|0.0|1.6|315|38.6|39.5|0.01|0.01|43.781|15.6098
17|31|0|315|0.0|1.8|315|38.9|39.4|0.01|0.01|43.7819|15.6098
17|31|0|315|0.0|1.8|315|39.1|39.3|0.01|0.01|43.7791|16.2048
17|33|0|315|0.0|1.8|315|39.2|39.2|0.01|0.01|43.7798|16.2048
17|34|0|315|0.0|1.8|315|39.2|39.1|0.01|0.01|43.7795|16.2048
17|35|0|315|0.0|1.8|315|39.2|39.0|0.01|0.01|43.7782|16.2048
17|36|0|315|0.0|1.8|315|39.2|39.0|0.01|0.01|43.7796|16.2048
17|37|0|315|0.0|1.8|315|39.3|38.9|0.01|0.01|43.78|15.3069
17|38|0|315|0.0|1.8|315|39.6|38.7|0.01|0.01|43.7823|15.3069
17|39|0|315|0.0|1.8|315|39.8|38.7|0.01|0.01|43.7834|15.3069
17|40|0|315|0.0|1.8|315|39.8|38.6|0.01|0.01|43.7848|15.3069
17|41|0|315|0.0|1.8|315|39.7|38.5|0.01|0.01|43.7828|15.3069
17|42|0|315|0.0|1.8|315|39.6|38.4|0.01|0.01|43.7842|15.3069
17|43|0|315|0.0|1.8|315|39.6|38.3|0.01|0.01|43.7851|15.3069
17|44|0|315|0.0|1.8|315|39.6|38.3|0.01|0.01|43.7868|15.3069
17|46|0|315|0.0|1.8|315|40.4|38.1|0.01|0.01|43.7899|15.886
17|47|0|315|0.0|1.8|315|40.6|37.8|0.01|0.01|43.788|14.9854
17|48|0|315|0.0|1.8|315|40.7|37.8|0.01|0.01|43.7897|14.9854
17|49|0|315|0.0|1.8|315|40.9|37.7|0.01|0.01|43.7888|14.9854
17|50|0|315|0.0|1.8|315|41.5|37.6|0.01|0.01|43.7896|15.5492
17|51|0|315|0.0|1.8|315|41.7|37.5|0.01|0.01|43.7921|15.5492
17|53|0|315|1.5|1.8|315|41.6|37.3|0.01|0.01|43.79|15.5492
17|54|0|315|0.0|1.8|315|41.9|37.1|0.01|0.01|43.7889|15.5492
17|55|0|315|0.0|1.8|315|42.1|37.0|0.01|0.01|43.7894|16.1009
17|56|0|315|0.0|1.8|315|42.3|36.7|0.02|0.02|43.7883|15.1952
17|57|0|315|0.0|1.8|315|42.6|36.6|0.02|0.02|43.7885|15.1952
17|59|0|315|0.0|1.8|315|42.8|36.3|0.02|0.02|43.7897|15.1952
18|00|0|315|0.0|1.8|315|43.0|36.2|0.02|0.02|43.7871|15.733
18|01|0|315|0.0|1.8|315|43.1|36.0|0.02|0.02|43.7876|15.733
18|02|0|315|0.0|1.8|315|43.4|36.0|0.02|0.02|43.79|15.733
18|03|0|315|0.0|1.8|315|43.5|35.9|0.02|0.02|43.7878|14.8247
18|04|0|315|0.0|1.8|315|43.4|35.8|0.02|0.02|43.7882|14.8247
18|05|0|315|0.0|1.8|315|43.4|35.8|0.02|0.02|43.7896|14.8247
18|07|0|315|0.0|1.8|315|43.9|35.7|0.02|0.02|43.7948|14.8247
18|08|0|315|0.0|1.8|315|44.0|35.6|0.02|0.02|43.7958|15.3491
18|09|0|315|1.6|1.8|315|44.2|35.5|0.02|0.02|43.7952|15.3491
18|10|0|315|0.0|1.8|315|44.4|35.4|0.02|0.02|43.7961|15.3491
18|11|0|315|0.0|1.8|315|44.6|35.4|0.02|0.02|43.7977|15.3491
18|12|0|315|0.0|1.8|315|44.7|35.3|0.02|0.02|43.7985|15.3491
18|14|0|315|0.0|1.8|315|45.0|35.2|0.02|0.02|43.7958|15.8631
18|15|0|315|0.0|1.8|315|45.3|35.0|0.02|0.02|43.7964|15.8631
18|16|0|315|0.0|1.8|315|45.5|35.0|0.02|0.02|43.7977|15.8631
18|17|0|315|0.0|1.8|315|45.5|34.9|0.02|0.02|43.7994|14.95
18|18|0|315|0.0|1.8|315|45.5|34.8|0.02|0.02|43.7957|14.95
18|19|0|315|0.0|1.8|315|45.8|34.8|0.02|0.02|43.7967|14.95
18|20|0|315|1.5|1.8|315|46.4|34.8|0.02|0.02|43.7946|15.4517
18|21|0|315|1.6|1.8|315|46.8|34.8|0.01|0.02|43.7937|15.4517
18|22|0|315|1.5|1.8|315|47.0|34.8|0.01|0.02|43.7942|15.9438
18|23|0|315|1.5|1.8|315|47.0|34.8|0.01|0.02|43.7944|15.9438
18|24|0|315|1.6|1.8|315|47.0|34.7|0.01|0.02|43.7942|15.9438
18|25|0|315|0.0|1.8|315|46.8|34.7|0.01|0.02|43.7946|15.4517
18|26|0|315|0.0|1.8|315|46.8|34.7|0.01|0.02|43.7956|15.4517
18|27|0|315|0.0|1.8|315|46.9|34.8|0.01|0.02|43.7971|15.4517
18|28|0|315|0.0|1.8|315|46.9|34.8|0.01|0.02|43.7965|15.4517
18|29|0|315|0.0|1.8|315|46.8|34.8|0.01|0.02|43.7999|15.4517
18|30|0|315|0.0|1.8|315|46.6|34.8|0.01|0.02|43.8002|15.4517
18|31|0|315|0.0|1.8|315|46.3|34.8|0.01|0.02|43.8|15.4517
18|33|0|315|0.0|1.8|315|45.8|34.7|0.01|0.02|43.7993|14.95
18|34|0|315|0.0|1.8|315|45.5|34.7|0.01|0.02|43.7993|14.95
18|35|0|315|0.0|1.8|315|45.5|34.7|0.01|0.02|43.799|14.95
18|36|0|315|0.0|1.8|315|45.3|34.6|0.01|0.02|43.7977|14.95
18|37|0|315|0.0|1.8|315|45.3|34.5|0.01|0.02|43.7988|14.95
18|38|0|315|0.0|1.8|315|45.5|34.4|0.01|0.02|43.7992|14.95
18|39|0|315|1.5|1.8|315|45.7|34.4|0.01|0.02|43.8|14.95
18|40|0|315|0.0|1.8|315|45.7|34.2|0.01|0.02|43.7995|14.95
18|41|0|315|0.0|1.8|315|46.0|34.1|0.01|0.02|43.7985|15.4517
18|42|0|315|0.0|1.8|315|46.3|34.0|0.01|0.02|43.7974|15.4517
18|43|0|315|0.0|1.8|315|46.4|34.0|0.01|0.02|43.7979|15.4517
18|44|0|315|0.0|1.8|315|46.7|33.9|0.01|0.02|43.798|14.5362
18|45|0|315|0.0|1.8|315|46.9|33.8|0.01|0.02|43.7989|14.5362
18|47|0|315|0.0|1.8|315|47.6|33.7|0.01|0.02|43.8037|15.0261
18|48|0|315|0.0|1.8|315|47.5|33.6|0.01|0.02|43.8046|15.0261
18|49|0|315|0.0|1.8|315|47.3|33.6|0.01|0.02|43.8074|15.0261
18|50|0|315|0.0|1.8|315|47.6|33.5|0.01|0.02|43.8095|15.0261
18|52|0|315|0.0|1.8|315|47.6|33.3|0.01|0.02|43.8106|15.0261
18|52|0|315|0.0|1.8|315|48.0|33.3|0.01|0.02|43.8079|15.5068
18|54|0|315|0.0|1.8|315|48.2|33.3|0.01|0.02|43.8104|15.5068
18|55|0|315|0.0|1.8|315|48.0|33.2|0.01|0.02|43.8089|15.5068
18|56|0|315|0.0|1.8|315|47.9|33.1|0.00|0.02|43.8093|15.0261
18|57|0|315|0.0|1.8|315|48.3|33.1|0.00|0.02|43.808|15.5068
18|58|0|315|0.0|1.8|315|48.5|33.0|0.00|0.02|43.8066|15.5068
18|59|0|315|0.0|1.8|315|48.9|33.0|0.00|0.02|43.8077|15.5068
19|01|0|315|0.0|1.8|315|49.3|32.9|0.00|0.02|43.8088|15.0565
19|02|0|315|0.0|1.8|315|49.3|32.8|0.00|0.02|43.8091|15.0565
19|03|0|315|0.0|1.8|315|48.9|32.8|0.00|0.02|43.8085|14.5868
19|04|0|315|0.0|1.8|315|48.5|32.7|0.00|0.02|43.8091|14.5868
19|05|0|315|0.0|1.8|315|48.4|32.7|0.00|0.02|43.8089|14.5868
19|06|0|315|0.0|1.8|315|48.3|32.6|0.00|0.02|43.8089|14.5868
19|07|0|315|0.0|1.8|315|48.7|32.5|0.00|0.02|43.81|14.5868
19|08|0|315|0.0|1.8|315|49.6|32.5|0.00|0.02|43.8115|15.0565
19|09|0|315|0.0|1.8|315|50.0|32.3|0.00|0.02|43.81|15.5179
19|10|0|315|0.0|1.8|315|50.2|32.3|0.00|0.02|43.8104|15.5179
19|11|0|315|0.0|1.8|315|50.0|32.2|0.00|0.02|43.8075|15.5179
19|13|0|315|1.5|1.8|315|49.9|32.2|0.00|0.02|43.8077|15.0565
19|14|0|315|0.0|1.8|315|49.6|32.1|0.00|0.02|43.8076|15.0565
19|15|0|315|0.0|1.8|315|49.5|32.0|0.00|0.02|43.807|15.0565
19|16|0|315|0.0|1.8|315|49.5|31.9|0.00|0.02|43.8058|14.1342
19|17|0|315|0.0|1.8|315|49.5|31.9|0.00|0.02|43.8065|14.1342
19|18|0|315|0.0|1.8|315|49.7|31.9|0.00|0.02|43.8088|14.1342
19|20|0|315|1.5|1.8|315|50.1|31.8|0.00|0.02|43.8061|14.5935
19|22|0|315|0.0|2.1|315|50.1|31.5|0.00|0.02|43.8065|14.5935
19|23|0|90|1.5|2.9|113|49.8|31.4|0.00|0.02|43.804|14.1342
19|24|0|90|1.6|2.9|113|49.8|31.4|0.00|0.02|43.8042|14.1342
19|25|0|90|1.5|2.9|113|49.6|31.2|0.00|0.02|43.7993|14.1342
19|26|0|90|0.0|2.9|113|49.6|31.2|0.00|0.02|43.8003|14.1342
19|27|0|90|0.0|2.9|113|49.5|31.1|0.00|0.02|43.799|14.1342
19|28|0|90|0.0|2.9|113|49.5|31.0|0.00|0.02|43.8004|14.1342
19|29|0|90|0.0|2.9|113|49.4|30.9|0.00|0.02|43.7988|13.2117
19|30|0|90|0.0|2.9|113|49.7|30.9|0.00|0.02|43.7985|13.2117
19|31|0|90|1.5|2.9|113|50.4|30.8|0.00|0.02|43.7995|13.6689
19|32|0|90|1.6|2.9|113|51.0|30.8|0.00|0.02|43.8|14.118
19|33|0|90|1.5|2.9|113|51.4|30.6|0.00|0.02|43.7985|14.118
19|35|0|90|1.5|2.9|113|51.9|30.5|0.00|0.02|43.7985|14.118
19|36|0|45|0.0|2.9|113|52.2|30.5|0.01|0.03|43.7979|14.5594
19|37|0|45|1.5|2.9|113|52.4|30.4|0.01|0.03|43.8024|14.5594
19|38|0|45|1.6|3.2|45|52.7|30.3|0.01|0.03|43.8034|14.5594
19|39|0|45|0.0|3.2|45|53.0|30.3|0.01|0.03|43.8061|14.9933
19|40|0|45|1.5|3.2|45|53.2|30.2|0.01|0.03|43.8075|14.9933
19|41|0|45|0.0|3.2|45|53.0|30.1|0.02|0.04|43.8072|14.9933
19|42|0|45|1.5|3.2|45|52.5|30.1|0.02|0.04|43.8083|14.5594
19|43|0|45|0.0|3.2|45|52.1|30.0|0.02|0.04|43.8063|14.5594
19|44|0|45|1.6|3.2|45|51.7|30.0|0.02|0.04|43.8065|14.118
19|45|0|45|1.5|3.2|45|51.5|29.9|0.02|0.04|43.8085|13.1913
19|46|0|45|2.9|3.2|45|51.3|29.9|0.02|0.04|43.8079|13.1913
19|47|0|45|2.9|3.2|45|51.2|29.7|0.02|0.04|43.809|13.1913
19|49|0|45|1.6|3.2|45|51.1|29.7|0.02|0.04|43.8088|13.1913
19|50|0|45|0.0|3.2|45|51.0|29.7|0.02|0.04|43.8095|13.1913
19|51|0|45|1.5|3.2|45|51.0|29.7|0.02|0.04|43.8089|13.1913
19|52|0|45|0.0|3.2|45|51.1|29.7|0.02|0.04|43.8083|13.1913
19|53|0|45|0.0|3.2|45|51.1|29.7|0.02|0.04|43.8085|13.1913
19|54|0|45|1.6|3.2|45|51.1|29.7|0.02|0.04|43.8086|13.1913
19|55|0|180|0.0|3.2|45|51.3|29.7|0.02|0.04|43.8075|13.1913
19|58|0|180|1.6|3.2|45|51.4|29.6|0.02|0.04|43.8082|13.1913
19|59|0|180|0.0|3.2|45|51.4|29.6|0.02|0.04|43.8079|13.1913
20|00|0|180|0.0|3.2|45|51.3|29.5|0.02|0.04|43.807|13.1913
20|01|0|180|0.0|3.2|45|51.2|29.5|0.02|0.04|43.8074|13.1913
20|03|0|180|0.0|3.2|45|51.3|29.4|0.02|0.04|43.8083|13.1913
20|04|0|180|0.0|3.2|45|51.3|29.3|0.02|0.04|43.8074|13.1913
20|05|0|180|0.0|3.2|45|51.4|29.3|0.02|0.04|43.8106|13.1913
20|06|0|180|0.0|3.2|45|51.6|29.2|0.02|0.04|43.8113|13.1913
20|07|0|180|1.5|3.2|45|51.8|29.2|0.02|0.04|43.8148|13.1913
20|08|0|180|1.5|3.2|45|52.0|29.1|0.02|0.04|43.8139|13.6307
20|09|0|180|1.5|3.2|45|51.9|29.1|0.02|0.04|43.8141|13.1913
20|10|0|180|0.0|3.2|45|51.6|29.0|0.02|0.04|43.8127|13.1913
20|11|0|180|0.0|3.2|45|51.5|28.8|0.02|0.04|43.8111|12.2644
20|12|0|180|0.0|3.2|45|51.7|28.7|0.02|0.04|43.8139|12.2644
20|13|0|315|2.9|3.2|45|51.7|28.6|0.02|0.04|43.8155|12.2644
20|14|0|315|1.5|3.2|45|51.8|28.4|0.02|0.04|43.8155|12.2644
20|15|0|315|1.6|3.2|45|52.3|28.3|0.02|0.04|43.818|12.7017
20|17|0|315|0.0|3.2|45|52.6|28.1|0.02|0.04|43.8168|12.7017
20|18|0|315|0.0|3.2|45|52.9|27.8|0.02|0.04|43.8154|11.7727
20|19|0|315|0.0|3.2|45|52.8|27.7|0.02|0.04|43.8123|11.7727
20|20|0|315|0.0|3.2|45|52.6|27.5|0.02|0.04|43.8115|11.7727
20|21|0|315|1.6|3.2|45|53.0|27.4|0.02|0.04|43.8109|12.2007
20|22|0|315|1.5|3.2|45|53.4|27.3|0.02|0.04|43.8116|12.2007
20|23|0|315|1.5|3.2|45|54.1|27.2|0.02|0.04|43.8129|12.6216
20|24|0|0|1.5|3.2|45|54.9|26.9|0.02|0.04|43.8165|11.6884
20|26|0|0|0.0|3.2|45|55.2|26.8|0.02|0.04|43.8219|12.1005
20|27|0|0|0.0|3.2|45|55.3|26.7|0.02|0.04|43.8223|12.1005
20|28|0|0|0.0|3.2|45|55.3|26.7|0.02|0.04|43.8202|12.1005
20|29|0|0|1.6|3.2|45|55.5|26.6|0.02|0.04|43.82|12.1005
20|31|0|0|1.6|3.2|45|56.1|26.7|0.02|0.04|43.8212|12.506
20|32|0|90|1.5|3.2|45|56.5|26.6|0.02|0.04|43.8155|12.506
20|33|0|90|0.0|3.2|45|56.6|26.7|0.02|0.04|43.815|12.506
20|34|0|90|0.0|3.2|45|56.6|26.7|0.02|0.05|43.8146|12.506
20|35|0|90|1.6|3.2|45|56.4|26.8|0.02|0.05|43.8157|12.506
20|36|0|90|1.5|3.2|45|56.1|26.8|0.02|0.05|43.8143|12.506
20|39|0|90|1.5|3.2|45|55.9|26.8|0.02|0.05|43.8152|12.1005
20|40|0|90|0.0|3.2|45|55.9|26.8|0.02|0.05|43.8143|12.1005
20|41|0|90|0.0|3.2|45|56.7|26.8|0.01|0.05|43.8139|12.506
20|42|0|90|0.0|3.2|45|57.6|26.9|0.01|0.05|43.8159|12.9052
20|43|0|90|0.0|3.2|45|57.4|26.9|0.01|0.05|43.8145|12.9052
20|44|0|90|0.0|3.2|45|57.0|26.8|0.01|0.05|43.8154|12.9052
20|45|0|90|1.5|3.2|45|56.3|26.8|0.01|0.05|43.816|12.506
20|46|0|90|1.6|3.2|45|55.8|26.8|0.01|0.05|43.8149|12.1005
20|47|0|90|1.5|3.2|45|55.8|26.8|0.01|0.05|43.817|12.1005
20|48|0|90|0.0|3.2|45|55.8|26.8|0.01|0.05|43.8184|12.1005
20|49|0|225|1.6|3.2|45|55.8|26.8|0.01|0.05|43.8194|12.1005
20|50|0|225|0.0|3.2|45|55.8|26.7|0.01|0.05|43.8192|12.1005
20|51|0|135|1.5|3.2|45|55.8|26.7|0.01|0.05|43.8156|12.1005
20|52|0|135|0.0|3.2|45|55.9|26.7|0.01|0.05|43.8192|12.1005
20|53|0|225|2.9|3.2|45|55.8|26.7|0.01|0.05|43.8194|12.1005
20|54|0|225|1.6|3.2|45|55.6|26.7|0.01|0.05|43.8186|12.1005
20|56|0|90|1.5|3.2|45|56.0|26.6|0.02|0.07|43.81|12.506
20|57|0|225|1.6|3.2|45|56.4|26.6|0.02|0.07|43.8153|12.506
20|58|0|225|2.9|3.2|45|56.3|26.5|0.02|0.07|43.8139|12.506
21|00|0|135|1.5|3.2|45|56.0|26.5|0.02|0.07|43.8116|12.506
21|01|0|135|1.5|3.2|45|56.0|26.5|0.02|0.07|43.8127|12.506
21|02|0|135|1.5|3.2|45|55.9|26.5|0.02|0.07|43.8155|12.1005
21|03|0|270|0.0|3.2|45|55.9|26.4|0.02|0.07|43.8182|12.1005
21|05|0|0|1.5|3.2|45|56.0|26.3|0.02|0.07|43.8131|12.506
21|06|0|0|0.0|3.2|45|55.8|26.3|0.02|0.07|43.8181|12.1005
21|07|0|0|1.5|3.2|45|55.8|26.3|0.02|0.07|43.8202|12.1005
21|08|0|135|4.4|4.4|135|55.9|26.1|0.02|0.07|43.8177|12.1005
21|09|0|90|1.5|4.4|135|56.1|25.9|0.02|0.07|43.8128|11.569
21|10|0|90|0.0|4.4|135|56.4|25.9|0.02|0.07|43.8143|11.569
21|11|0|90|0.0|4.4|135|56.4|25.8|0.02|0.07|43.8144|11.569
21|12|0|315|2.9|4.4|135|56.7|25.7|0.02|0.07|43.8169|11.569
21|13|0|315|1.6|4.4|135|56.3|25.6|0.02|0.07|43.8187|11.569
21|14|0|315|1.5|4.4|135|56.2|25.5|0.02|0.07|43.8229|11.569
21|15|0|225|1.5|4.4|135|56.5|25.4|0.02|0.07|43.8232|11.569
21|16|0|180|4.4|4.4|135|56.6|25.2|0.02|0.07|43.8198|11.569
21|17|0|135|4.4|4.8|135|57.2|25.1|0.02|0.07|43.8187|11.9663
21|19|0|90|0.0|4.8|135|58.3|24.9|0.02|0.07|43.8165|11.4166
21|20|0|270|1.6|4.8|135|58.4|24.9|0.02|0.07|43.8211|11.4166
21|22|0|315|1.6|4.8|135|58.5|24.9|0.02|0.07|43.8172|11.4166
21|23|0|315|0.0|4.8|135|57.9|24.9|0.02|0.07|43.8161|11.0273
21|24|0|315|0.0|4.8|135|57.5|24.9|0.02|0.07|43.8153|11.0273
21|25|0|315|1.5|4.8|135|57.6|24.8|0.02|0.07|43.8165|11.0273
21|26|0|315|1.5|4.8|135|57.8|24.7|0.02|0.07|43.8176|11.0273
21|27|0|315|2.9|4.8|135|58.1|24.7|0.02|0.07|43.8131|11.4166
21|28|0|45|2.9|4.8|135|58.4|24.6|0.02|0.07|43.8131|11.4166
21|29|0|45|0.0|4.8|135|58.5|24.6|0.02|0.07|43.8143|11.4166
21|30|0|45|1.5|4.8|135|58.6|24.6|0.02|0.07|43.8176|11.4166
21|31|0|225|1.5|4.8|135|58.5|24.6|0.02|0.07|43.8201|11.4166
21|32|0|180|1.5|4.8|135|58.4|24.6|0.02|0.07|43.816|11.4166
21|33|0|180|0.0|4.8|135|58.3|24.7|0.02|0.07|43.814|11.4166
21|34|0|180|1.6|4.8|135|58.4|24.7|0.01|0.07|43.8178|11.4166
21|35|0|315|1.5|4.8|135|58.5|24.8|0.01|0.07|43.8202|11.4166
21|36|0|315|1.5|4.8|135|58.6|24.8|0.01|0.07|43.8197|11.4166
21|37|0|315|0.0|4.8|135|58.5|24.8|0.02|0.08|43.8161|11.4166
21|38|0|113|1.6|4.8|135|58.5|24.9|0.02|0.08|43.8146|11.4166
21|39|0|90|0.0|4.8|135|58.5|24.9|0.02|0.08|43.8157|11.4166
21|42|0|315|1.6|4.8|135|58.1|24.9|0.02|0.08|43.8232|11.4166
21|44|0|315|0.0|4.8|135|58.1|24.9|0.02|0.08|43.8221|11.4166
21|45|0|135|1.5|4.8|135|58.4|24.9|0.02|0.08|43.8197|11.4166
21|46|0|90|1.5|4.8|135|58.6|24.9|0.02|0.08|43.8228|11.4166
21|47|0|90|1.5|4.8|135|58.7|24.9|0.02|0.08|43.8236|11.4166
21|48|0|90|0.0|4.8|135|58.7|24.9|0.02|0.08|43.8244|11.4166
21|49|0|90|0.0|4.8|135|58.8|24.9|0.02|0.08|43.8221|11.4166
21|50|0|90|1.5|4.8|135|58.8|25.0|0.02|0.08|43.8205|12.3574
21|51|0|45|1.5|4.8|135|58.7|25.0|0.02|0.08|43.82|12.3574
21|52|0|45|1.5|4.8|135|58.5|25.0|0.02|0.08|43.8224|12.3574
21|53|0|0|1.6|4.8|135|58.4|25.0|0.02|0.08|43.8213|12.3574
21|54|0|0|0.0|4.8|135|58.8|25.0|0.02|0.08|43.8197|12.3574
21|55|0|0|0.0|4.8|135|58.7|25.0|0.01|0.08|43.8194|12.3574
21|56|0|0|1.5|4.8|135|58.4|25.0|0.01|0.08|43.821|12.3574
21|57|0|0|1.5|4.8|135|58.2|25.0|0.01|0.08|43.8202|12.3574
21|58|0|0|1.6|4.8|135|58.3|25.0|0.01|0.08|43.8189|12.3574
21|59|0|135|1.5|4.8|135|58.4|25.0|0.01|0.08|43.8187|12.3574
22|00|0|135|0.0|4.8|135|58.4|24.9|0.01|0.08|43.8171|11.4166
22|01|0|135|0.0|4.8|135|58.3|24.9|0.01|0.08|43.8226|11.4166
22|03|0|0|1.5|4.8|135|58.3|24.8|0.01|0.08|43.8272|11.4166
22|04|0|0|0.0|4.8|135|58.3|24.9|0.01|0.08|43.8282|11.4166
22|05|0|0|1.5|4.8|135|58.2|24.9|0.02|0.09|43.8248|11.4166
22|06|0|45|1.6|4.8|135|58.0|24.9|0.02|0.09|43.8201|11.4166
22|07|0|90|0.0|4.8|135|57.9|24.9|0.02|0.09|43.8197|11.0273
22|08|0|90|0.0|4.8|135|58.0|24.9|0.02|0.09|43.8223|11.4166
22|09|0|90|0.0|4.8|135|57.9|24.9|0.02|0.09|43.8227|11.0273
22|10|0|90|1.5|4.8|135|57.8|25.0|0.03|0.10|43.8205|11.9663
22|11|0|90|1.5|4.8|135|57.7|25.0|0.03|0.10|43.8203|11.9663
22|12|0|68|0.0|4.8|135|57.7|25.1|0.03|0.10|43.8235|11.9663
22|13|0|270|2.9|4.8|135|57.3|25.0|0.03|0.10|43.8242|11.9663
22|14|0|270|1.5|4.8|135|57.0|25.0|0.03|0.10|43.8264|11.9663
22|15|0|23|1.5|4.8|135|57.2|25.0|0.03|0.10|43.8247|11.9663
22|16|0|23|0.0|4.8|135|57.4|25.0|0.03|0.10|43.8214|11.9663
22|18|0|90|0.0|4.8|135|57.2|25.0|0.03|0.10|43.8208|11.9663
22|19|0|45|1.6|4.8|135|57.3|25.0|0.03|0.10|43.8221|11.9663
22|21|0|45|0.0|4.8|135|58.0|25.1|0.03|0.10|43.8228|12.3574
22|22|0|45|0.0|4.8|135|58.2|25.1|0.03|0.10|43.8233|12.3574
22|23|0|45|0.0|4.8|135|58.2|25.1|0.03|0.10|43.8226|12.3574
22|25|0|45|1.6|4.8|135|58.2|25.2|0.03|0.10|43.8225|12.3574
22|26|0|45|0.0|4.8|135|58.2|25.2|0.03|0.10|43.8251|12.3574
22|27|0|45|0.0|4.8|135|58.0|25.4|0.03|0.10|43.8279|12.3574
22|28|0|270|1.5|4.8|135|57.7|25.4|0.03|0.10|43.8308|11.9663
22|29|0|315|0.0|4.8|135|57.4|25.5|0.03|0.10|43.8299|11.9663
22|30|0|315|1.5|4.8|135|57.0|25.5|0.03|0.10|43.8293|11.9663
22|31|0|315|1.5|4.8|135|56.2|25.4|0.03|0.10|43.8298|11.569
22|32|0|270|1.5|4.8|135|56.0|25.4|0.03|0.10|43.8315|11.569
22|33|0|270|0.0|4.8|135|56.3|25.2|0.03|0.10|43.8309|11.569
22|34|0|270|0.0|4.8|135|56.3|25.2|0.03|0.10|43.8292|11.569
22|35|0|270|0.0|4.8|135|56.4|25.1|0.03|0.10|43.8285|11.569
22|36|0|270|1.5|4.8|135|56.2|25.1|0.02|0.10|43.8305|11.569
22|37|0|270|1.5|4.8|135|56.2|25.0|0.02|0.10|43.8345|11.569
22|38|0|270|0.0|4.8|135|56.2|24.9|0.02|0.10|43.8343|10.6319
22|39|0|270|0.0|4.8|135|56.3|24.9|0.02|0.10|43.8365|10.6319
22|40|0|270|0.0|4.8|135|56.4|24.8|0.02|0.10|43.8387|10.6319
22|41|0|270|0.0|4.8|135|56.7|24.8|0.02|0.10|43.8364|10.6319
22|42|0|270|0.0|4.8|135|56.8|24.7|0.02|0.10|43.836|10.6319
22|44|0|270|0.0|4.8|135|56.8|24.7|0.02|0.10|43.8334|10.6319
22|45|0|270|0.0|4.8|135|57.0|24.7|0.02|0.10|43.833|11.0273
22|46|0|270|1.6|4.8|135|57.0|24.6|0.02|0.10|43.8318|11.0273
22|47|0|270|1.5|4.8|135|56.9|24.5|0.02|0.10|43.8294|10.6319
22|48|0|270|0.0|4.8|135|57.0|24.5|0.02|0.10|43.8313|11.0273
22|49|0|270|0.0|4.8|135|57.2|24.5|0.02|0.10|43.8331|11.0273
22|50|0|270|1.5|4.8|135|57.5|24.3|0.02|0.10|43.8324|11.0273
22|51|0|270|0.0|4.8|135|57.4|24.3|0.02|0.10|43.8304|11.0273
22|52|0|45|1.5|4.8|135|57.7|24.2|0.02|0.10|43.8286|11.0273
22|53|0|45|1.5|4.8|135|58.3|24.2|0.02|0.10|43.8284|11.4166
22|54|0|45|0.0|4.8|135|58.6|24.2|0.02|0.10|43.8308|11.4166
22|55|0|45|1.5|4.8|135|58.5|24.2|0.02|0.10|43.8297|11.4166
22|56|0|45|0.0|4.8|135|58.4|24.3|0.02|0.10|43.8311|11.4166
22|57|0|45|0.0|4.8|135|58.2|24.3|0.02|0.10|43.835|11.4166
22|58|0|45|0.0|4.8|135|58.0|24.3|0.02|0.10|43.8348|11.4166
22|59|0|270|1.5|4.8|135|57.8|24.3|0.02|0.10|43.8357|11.0273
23|00|0|270|1.6|4.8|135|57.8|24.3|0.02|0.10|43.8352|11.0273
23|01|0|270|1.5|4.8|135|57.8|24.2|0.02|0.10|43.8353|11.0273
23|02|0|270|0.0|4.8|135|57.6|24.2|0.02|0.10|43.8347|11.0273
23|03|0|270|0.0|4.8|135|57.3|24.2|0.02|0.10|43.8299|11.0273
23|04|0|158|1.5|4.8|135|57.1|24.2|0.01|0.10|43.8318|11.0273
23|06|0|158|0.0|4.8|135|57.3|24.1|0.01|0.10|43.8325|11.0273
23|07|0|158|0.0|4.8|135|57.3|24.1|0.01|0.10|43.8305|11.0273
23|08|0|270|1.5|4.8|135|57.3|24.0|0.02|0.11|43.8332|11.0273
23|09|0|270|0.0|4.8|135|57.3|24.0|0.02|0.11|43.8334|11.0273
23|10|0|180|1.5|4.8|135|57.3|23.9|0.01|0.11|43.834|10.0882
23|11|0|180|1.5|4.8|135|57.4|23.9|0.01|0.11|43.8334|10.0882
23|12|0|180|0.0|4.8|135|57.6|23.8|0.01|0.11|43.834|10.0882
23|13|0|180|0.0|4.8|135|57.9|23.8|0.01|0.11|43.8332|10.0882
23|14|0|180|1.5|4.8|135|58.1|23.7|0.02|0.12|43.8341|10.4757
23|15|0|180|1.5|4.8|135|58.2|23.7|0.02|0.12|43.834|10.4757
23|17|0|180|0.0|4.8|135|58.4|23.7|0.02|0.12|43.8328|10.4757
23|18|0|180|1.5|4.8|135|59.1|23.7|0.02|0.12|43.8305|10.8573
23|19|0|180|0.0|4.8|135|59.5|23.6|0.02|0.12|43.8308|10.8573
23|20|0|180|0.0|4.8|135|59.6|23.6|0.02|0.12|43.8322|10.8573
23|25|0|180|1.5|4.8|135|59.3|23.6|0.02|0.12|43.8318|10.8573
23|26|0|180|0.0|4.8|135|59.2|23.6|0.02|0.12|43.8314|10.8573
23|27|0|180|0.0|4.8|135|59.0|23.6|0.02|0.12|43.8327|10.8573
23|28|0|180|0.0|4.8|135|58.9|23.6|0.02|0.12|43.8331|10.4757
23|29|0|270|0.0|4.8|135|59.0|23.6|0.02|0.12|43.8349|10.8573
23|30|0|270|1.5|4.8|135|59.0|23.6|0.02|0.12|43.8336|10.8573
23|31|0|270|1.6|4.8|135|58.8|23.6|0.02|0.12|43.8354|10.4757
23|32|0|270|0.0|4.8|135|58.8|23.5|0.02|0.12|43.8337|10.4757
23|33|0|270|0.0|4.8|135|58.8|23.5|0.02|0.12|43.832|10.4757
23|34|0|270|0.0|4.8|135|58.8|23.3|0.02|0.12|43.8324|10.4757
23|35|0|270|0.0|4.8|135|58.8|23.3|0.02|0.12|43.8325|10.4757
23|36|0|270|0.0|4.8|135|58.9|23.2|0.02|0.12|43.8325|10.4757
23|37|0|270|1.6|4.8|135|59.2|23.2|0.02|0.12|43.8352|10.8573
23|38|0|270|1.5|4.8|135|59.2|23.2|0.02|0.12|43.8356|10.8573
23|39|0|270|1.5|4.8|135|59.2|23.1|0.02|0.12|43.8347|10.8573
23|40|0|315|1.5|4.8|135|59.6|23.0|0.02|0.12|43.8356|10.8573
23|41|0|315|1.6|4.8|135|59.4|22.8|0.02|0.12|43.8339|9.91451
23|42|0|315|1.5|4.8|135|59.2|22.7|0.02|0.12|43.8377|9.91451
23|44|0|315|1.5|4.8|135|59.8|22.5|0.02|0.12|43.838|9.91451
23|45|0|315|1.5|4.8|135|60.4|22.3|0.02|0.12|43.8382|10.2887
23|46|0|315|0.0|4.8|135|61.2|22.3|0.02|0.12|43.8372|10.6573
23|47|0|315|0.0|4.8|135|61.5|22.2|0.02|0.12|43.8363|10.6573
23|48|0|315|1.5|4.8|135|62.1|22.1|0.02|0.12|43.8341|11.0206
23|49|0|315|0.0|4.8|135|62.8|22.1|0.02|0.12|43.8344|11.0206
23|50|0|315|0.0|4.8|135|63.3|22.2|0.02|0.12|43.835|11.3788
23|51|0|315|0.0|4.8|135|63.6|22.1|0.02|0.12|43.833|11.3788
23|52|0|315|1.6|4.8|135|63.8|22.2|0.02|0.12|43.8355|11.3788
23|53|0|315|0.0|4.8|135|64.1|22.3|0.02|0.12|43.8347|11.7319
23|54|0|315|0.0|4.8|135|64.5|22.3|0.02|0.12|43.8325|11.7319
23|55|0|315|0.0|4.8|135|64.4|22.4|0.02|0.12|43.8306|11.7319
23|56|0|315|0.0|4.8|135|63.9|22.4|0.02|0.12|43.8307|11.3788
23|57|0|315|0.0|4.8|135|63.4|22.5|0.02|0.12|43.8301|11.3788
23|58|0|315|1.5|4.8|135|62.9|22.7|0.02|0.12|43.8297|11.0206
23|59|0|315|1.5|4.8|135|62.9|22.7|0.02|0.12|43.8296|11.0206
