00|00|0|180|1.5|8.7|135|44.6|21.0|0.00|0.12|44.2293|2.5801
00|01|0|180|1.5|8.7|135|44.9|21.0|0.00|0.12|44.229|2.5801
00|02|0|180|0.0|8.7|135|45.1|20.9|0.00|0.12|44.2251|2.14683
00|03|0|180|0.0|8.7|135|45.1|20.9|0.00|0.12|44.2248|2.14683
00|04|0|180|0.0|8.7|135|45.1|20.7|0.00|0.12|44.2238|2.14683
00|05|0|180|0.0|8.7|135|45.2|20.6|0.00|0.12|44.2238|2.14683
00|06|0|180|1.5|8.7|135|45.3|20.6|0.00|0.12|44.2236|2.14683
00|08|0|180|2.9|8.7|135|45.6|20.5|0.00|0.12|44.2231|2.14683
00|09|0|180|1.5|8.7|135|45.7|20.4|0.00|0.12|44.2229|2.14683
00|11|0|180|1.6|8.7|135|46.6|20.2|0.01|0.13|44.2264|2.61767
00|12|0|180|1.6|8.7|135|47.1|20.1|0.01|0.13|44.2263|3.07945
00|13|0|180|1.5|8.7|135|47.5|20.1|0.01|0.13|44.2249|3.07945
00|15|0|180|2.9|8.7|135|48.4|20.0|0.01|0.13|44.2239|3.53255
00|16|0|180|1.5|8.7|135|48.7|20.0|0.01|0.13|44.2231|3.53255
00|17|0|180|1.5|8.7|135|48.9|20.0|0.01|0.13|44.2214|3.53255
00|19|0|180|1.5|8.7|135|48.9|20.0|0.01|0.13|44.2224|3.53255
00|20|0|180|0.0|8.7|135|48.4|20.0|0.01|0.13|44.2229|3.53255
00|21|0|90|1.6|8.7|135|48.3|20.0|0.01|0.13|44.2234|3.53255
00|22|0|45|1.5|8.7|135|48.7|20.0|0.01|0.13|44.2244|3.53255
00|23|0|45|1.5|8.7|135|48.4|20.0|0.01|0.13|44.2236|3.53255
00|24|0|45|1.5|8.7|135|48.0|20.0|0.01|0.13|44.2237|3.53255
00|25|0|45|1.6|8.7|135|47.9|20.0|0.01|0.13|44.2232|3.07945
00|26|0|45|2.9|8.7|135|47.8|20.0|0.01|0.13|44.224|3.07945
00|27|0|45|1.6|8.7|135|47.7|19.8|0.01|0.13|44.2219|2.15922
00|29|0|45|2.9|8.7|135|47.3|19.8|0.01|0.13|44.224|2.15922
00|30|0|45|1.5|8.7|135|47.1|19.7|0.01|0.13|44.2205|2.15922
00|31|0|45|1.6|8.7|135|46.8|19.8|0.01|0.13|44.2205|1.69956
00|32|0|45|1.5|8.7|135|46.5|19.7|0.01|0.13|44.2189|1.69956
00|34|0|45|1.6|8.7|135|46.1|19.7|0.01|0.13|44.22|1.69956
00|35|0|45|1.5|8.7|135|45.9|19.7|0.01|0.13|44.219|1.2309
00|36|0|45|1.5|8.7|135|45.7|19.7|0.01|0.13|44.2195|1.2309
00|37|0|45|1.5|8.7|135|45.4|19.7|0.01|0.13|44.2182|1.2309
00|38|0|45|1.5|8.7|135|45.0|19.7|0.01|0.13|44.215|1.2309
00|39|0|45|1.6|8.7|135|44.7|19.8|0.01|0.13|44.2175|0.75285
00|40|0|45|1.5|8.7|135|44.6|20.0|0.02|0.14|44.2149|1.66657
00|41|0|68|1.6|8.7|135|45.0|20.0|0.02|0.14|44.2141|2.14683
00|42|0|90|1.5|8.7|135|45.0|20.1|0.02|0.14|44.213|2.14683
00|43|0|90|1.5|8.7|135|44.1|20.2|0.02|0.14|44.2102|1.66657
00|44|0|90|4.4|8.7|135|42.9|20.4|0.02|0.14|44.2137|0.676083
00|45|0|90|1.5|8.7|135|41.9|20.5|0.02|0.14|44.2136|0.164944
00|46|0|90|1.6|8.7|135|41.3|20.7|0.02|0.14|44.2167|0.164944
00|47|0|90|1.5|8.7|135|40.8|20.9|0.02|0.14|44.2176|-0.357441
00|48|0|90|2.9|8.7|135|40.4|21.0|0.02|0.14|44.2199|0.54678
00|49|0|90|1.5|8.7|135|40.0|21.1|0.02|0.14|44.2163|0.54678
00|50|0|90|1.5|8.7|135|39.7|21.3|0.02|0.14|44.219|0.0101433
00|53|0|90|1.5|8.7|135|39.7|21.5|0.02|0.14|44.2202|0.0101433
00|54|0|90|1.5|8.7|135|40.0|21.6|0.02|0.14|44.2184|0.54678
00|56|0|90|1.6|8.7|135|40.5|21.8|0.02|0.14|44.2199|0.54678
00|57|0|90|1.5|8.7|135|40.7|21.8|0.02|0.14|44.2186|0.54678
00|58|0|90|1.6|8.7|135|40.0|21.8|0.02|0.14|44.2186|0.54678
00|59|0|90|0.0|8.7|135|39.4|21.9|0.02|0.14|44.2172|0.0101433
01|00|0|90|0.0|8.7|135|39.3|21.9|0.02|0.14|44.2175|0.0101433
01|01|0|90|0.0|8.7|135|39.4|22.0|0.02|0.14|44.2164|0.911701
01|02|0|90|0.0|8.7|135|39.5|22.0|0.02|0.14|44.2171|0.911701
01|03|0|90|0.0|8.7|135|39.4|22.0|0.02|0.14|44.2156|0.911701
01|04|0|90|0.0|8.7|135|39.2|22.1|0.02|0.14|44.2183|0.911701
01|05|0|90|0.0|8.7|135|39.0|22.1|0.02|0.14|44.2188|0.911701
01|06|0|90|0.0|8.7|135|38.9|22.1|0.02|0.14|44.2205|0.360134
01|07|0|90|0.0|8.7|135|39.0|22.1|0.02|0.14|44.2234|0.911701
01|08|0|90|0.0|8.7|135|38.8|22.1|0.02|0.14|44.2215|0.360134
01|09|0|90|0.0|8.7|135|38.5|22.1|0.02|0.14|44.2222|0.360134
01|10|0|90|0.0|8.7|135|38.4|22.1|0.01|0.14|44.2211|0.360134
01|11|0|90|0.0|8.7|135|38.4|22.1|0.01|0.14|44.2197|0.360134
01|13|0|225|1.5|8.7|135|38.8|22.1|0.01|0.14|44.2207|0.360134
01|14|0|225|1.5|8.7|135|38.8|22.0|0.01|0.14|44.218|0.360134
01|15|0|225|1.6|8.7|135|38.7|22.0|0.01|0.14|44.2204|0.360134
01|17|0|225|1.5|8.7|135|38.8|22.0|0.01|0.14|44.2193|0.360134
01|18|0|270|1.5|8.7|135|38.9|21.8|0.01|0.14|44.2198|-0.538918
01|19|0|270|1.5|8.7|135|39.1|21.8|0.01|0.14|44.2234|0.0101433
01|20|0|270|1.5|8.7|135|39.4|21.6|0.01|0.14|44.2262|0.0101433
01|21|0|270|0.0|8.7|135|39.5|21.5|0.01|0.14|44.2278|0.0101433
01|22|0|270|0.0|8.7|135|39.6|21.4|0.01|0.14|44.229|0.0101433
01|23|0|270|1.5|8.7|135|39.6|21.3|0.01|0.14|44.2303|0.0101433
01|24|0|270|1.6|8.7|135|39.7|21.3|0.01|0.14|44.2342|0.0101433
01|26|0|270|1.5|8.7|135|39.9|21.0|0.01|0.14|44.232|0.0101433
01|27|0|270|0.0|8.7|135|40.1|20.7|0.01|0.14|44.2304|-0.357441
01|28|0|270|0.0|8.7|135|40.2|20.5|0.01|0.14|44.2296|-0.357441
01|29|0|270|0.0|8.7|135|40.3|20.4|0.01|0.14|44.228|-0.357441
01|30|0|270|1.6|8.7|135|40.5|20.3|0.01|0.14|44.2328|-0.357441
01|32|0|270|0.0|8.7|135|41.2|20.2|0.01|0.14|44.2318|0.164944
01|33|0|270|1.5|8.7|135|41.6|20.1|0.01|0.14|44.2313|0.164944
01|34|0|270|1.6|8.7|135|42.0|20.1|0.01|0.14|44.2316|0.676083
01|35|0|270|1.5|8.7|135|42.4|20.0|0.01|0.14|44.2315|0.676083
01|37|0|270|2.9|8.7|135|42.9|20.0|0.01|0.14|44.2325|0.676083
01|38|0|270|1.5|8.7|135|43.6|19.8|0.01|0.14|44.2334|0.264994
01|39|0|270|3.2|8.7|135|44.0|19.8|0.01|0.14|44.236|0.75285
01|40|0|270|1.5|8.7|135|44.3|19.8|0.00|0.14|44.2371|0.75285
01|41|0|270|1.5|8.7|135|44.4|19.7|0.00|0.14|44.2371|0.75285
01|42|0|270|1.6|8.7|135|44.6|19.7|0.00|0.14|44.2366|0.75285
01|43|0|270|2.9|8.7|135|44.9|19.6|0.00|0.14|44.2356|0.75285
01|44|0|270|1.5|8.7|135|45.2|19.5|0.00|0.14|44.2369|1.2309
01|45|0|270|0.0|8.7|135|45.4|19.5|0.00|0.14|44.2374|1.2309
01|46|0|270|1.5|8.7|135|45.4|19.4|0.00|0.14|44.2369|1.2309
01|47|0|270|3.2|8.7|135|45.5|19.4|0.00|0.14|44.2385|1.2309
01|48|0|270|0.0|8.7|135|45.5|19.3|0.00|0.14|44.2362|1.2309
01|49|0|270|1.5|8.7|135|45.6|19.3|0.00|0.14|44.2392|1.2309
01|50|0|270|1.5|8.7|135|45.7|19.2|0.00|0.14|44.2373|1.2309
01|52|0|270|3.2|8.7|135|45.9|19.1|0.00|0.14|44.2364|1.2309
01|53|0|270|2.9|8.7|135|46.3|19.1|0.00|0.14|44.2392|1.69956
01|54|0|270|0.0|8.7|135|46.4|19.1|0.00|0.14|44.2394|1.69956
01|55|0|270|0.0|8.7|135|46.3|19.1|0.00|0.14|44.2383|1.69956
01|57|0|270|0.0|8.7|135|46.2|19.0|0.00|0.14|44.2408|1.69956
01|58|0|0|4.4|8.7|135|46.3|19.0|0.00|0.14|44.2441|1.69956
01|59|0|315|1.5|8.7|135|46.6|18.8|0.00|0.14|44.2472|0.781275
02|00|0|315|0.0|8.7|135|46.7|18.8|0.00|0.14|44.2479|0.781275
02|01|0|315|1.5|8.7|135|46.7|18.7|0.01|0.15|44.2455|0.781275
02|02|0|270|1.6|8.7|135|46.7|18.7|0.01|0.15|44.2437|0.781275
02|03|0|225|1.5|8.7|135|46.7|18.7|0.01|0.15|44.2445|0.781275
02|04|0|225|0.0|8.7|135|46.7|18.6|0.01|0.15|44.248|0.781275
02|05|0|225|1.5|8.7|135|46.7|18.5|0.01|0.15|44.2515|0.781275
02|06|0|225|0.0|8.7|135|46.7|18.5|0.01|0.15|44.2545|0.781275
02|08|0|225|1.6|8.7|135|47.3|18.4|0.01|0.15|44.2562|1.2388
02|09|0|270|2.9|8.7|135|47.6|18.3|0.01|0.15|44.2544|1.2388
02|10|0|270|0.0|8.7|135|48.2|18.3|0.01|0.15|44.2567|1.68773
02|11|0|270|0.0|8.7|135|48.5|18.3|0.01|0.15|44.2592|1.68773
02|14|0|270|1.6|8.7|135|49.5|18.2|0.01|0.15|44.2598|2.12838
02|15|0|270|1.5|8.7|135|49.8|18.2|0.01|0.15|44.2592|2.12838
02|16|0|270|1.5|8.7|135|49.8|18.2|0.01|0.15|44.2598|2.12838
02|18|0|270|1.5|8.7|135|49.7|18.2|0.01|0.15|44.26|2.12838
02|20|0|270|1.5|8.7|135|49.8|18.0|0.01|0.15|44.2599|2.12838
02|21|0|270|1.6|8.7|135|49.8|18.0|0.01|0.15|44.2598|2.12838
02|22|0|270|1.6|8.7|135|49.9|17.9|0.01|0.15|44.2591|1.20365
02|23|0|270|1.5|8.7|135|50.0|17.8|0.01|0.15|44.259|1.63434
02|24|0|270|0.0|8.7|135|49.9|17.8|0.01|0.15|44.2582|1.20365
02|25|0|270|0.0|8.7|135|50.1|17.7|0.01|0.15|44.2591|1.63434
02|26|0|270|1.5|8.7|135|50.4|17.6|0.01|0.15|44.2592|1.63434
02|27|0|315|3.2|8.7|135|50.7|17.5|0.01|0.15|44.2573|1.63434
02|28|0|315|1.5|8.7|135|51.1|17.4|0.01|0.15|44.2546|2.0574
02|29|0|315|1.5|8.7|135|51.3|17.4|0.01|0.15|44.2552|2.0574
02|30|0|315|2.9|8.7|135|51.3|17.4|0.01|0.15|44.2545|2.0574
02|31|0|315|1.5|8.7|135|51.2|17.4|0.01|0.15|44.2531|2.0574
02|32|0|225|0.0|8.7|135|51.0|17.4|0.01|0.15|44.2534|2.0574
02|33|0|225|0.0|8.7|135|50.6|17.4|0.01|0.15|44.2513|1.63434
02|34|0|225|0.0|8.7|135|50.5|17.4|0.01|0.15|44.2526|1.63434
02|35|0|225|0.0|8.7|135|50.5|17.4|0.01|0.15|44.2529|1.63434
02|36|0|225|0.0|8.7|135|50.4|17.4|0.01|0.15|44.252|1.63434
02|37|0|225|0.0|8.7|135|50.3|17.4|0.01|0.15|44.254|1.63434
02|40|0|225|0.0|8.7|135|50.5|17.4|0.02|0.17|44.2534|1.63434
02|41|0|225|0.0|8.7|135|50.7|17.4|0.02|0.17|44.2536|1.63434
02|42|0|225|0.0|8.7|135|50.7|17.4|0.02|0.17|44.253|1.63434
02|44|0|225|0.0|8.7|135|50.8|17.4|0.02|0.17|44.2525|1.63434
02|45|0|225|0.0|8.7|135|51.0|17.4|0.02|0.17|44.2504|2.0574
02|46|0|225|0.0|8.7|135|51.0|17.4|0.02|0.17|44.2505|2.0574
02|47|0|225|0.0|8.7|135|51.0|17.4|0.02|0.17|44.2501|2.0574
02|48|0|90|1.5|8.7|135|51.4|17.5|0.02|0.17|44.2501|2.0574
02|49|0|90|1.6|8.7|135|51.9|17.5|0.02|0.17|44.2484|2.0574
02|50|0|90|1.5|8.7|135|52.2|17.6|0.02|0.17|44.2498|2.47314
02|52|0|90|1.6|8.7|135|51.3|17.7|0.02|0.17|44.2478|2.0574
02|53|0|90|2.9|8.7|135|50.9|17.8|0.02|0.17|44.2486|1.63434
02|54|0|68|1.6|8.7|135|50.7|17.9|0.02|0.17|44.25|1.63434
02|55|0|68|1.5|8.7|135|50.5|17.9|0.02|0.17|44.2495|1.63434
02|56|0|90|2.9|8.7|135|50.2|18.0|0.02|0.17|44.2506|2.56108
02|57|0|90|1.6|8.7|135|49.9|18.0|0.02|0.17|44.253|2.12838
02|58|0|68|2.9|8.7|135|49.7|18.2|0.02|0.17|44.2542|2.12838
03|00|0|90|1.6|8.7|135|49.3|18.2|0.02|0.17|44.2542|2.12838
03|01|0|90|1.5|8.7|135|48.8|18.3|0.01|0.17|44.2557|1.68773
03|02|0|90|1.5|8.7|135|48.5|18.3|0.01|0.17|44.2535|1.68773
03|03|0|90|1.5|8.7|135|48.2|18.4|0.01|0.17|44.2527|1.68773
03|04|0|90|1.5|8.7|135|47.6|18.5|0.01|0.17|44.2542|1.2388
03|05|0|90|1.5|8.7|135|46.7|18.5|0.01|0.17|44.2524|0.781275
03|06|0|90|1.5|8.7|135|46.1|18.6|0.01|0.17|44.2521|0.781275
03|07|0|90|1.5|8.7|135|45.7|18.7|0.01|0.17|44.2491|0.314777
03|08|0|90|1.5|8.7|135|45.4|18.8|0.01|0.17|44.2481|0.314777
03|09|0|90|1.5|8.7|135|45.1|18.8|0.01|0.17|44.2465|0.314777
03|10|0|90|3.2|8.7|135|44.8|19.0|0.01|0.17|44.2439|0.75285
03|12|0|90|1.5|8.7|135|43.7|19.2|0.01|0.17|44.2443|0.264994
03|13|0|90|3.2|8.7|135|43.6|19.2|0.01|0.17|44.244|0.264994
03|14|0|90|2.9|8.7|135|43.4|19.2|0.01|0.17|44.2409|0.264994
03|15|0|90|0.0|8.7|135|43.2|19.3|0.01|0.17|44.2438|0.264994
03|16|0|90|1.5|8.7|135|43.0|19.3|0.01|0.17|44.2447|0.264994
03|17|0|90|0.0|8.7|135|42.8|19.4|0.01|0.17|44.2445|-0.233089
03|18|0|90|1.5|8.7|135|42.6|19.4|0.01|0.17|44.2444|-0.233089
03|19|0|135|1.5|8.7|135|42.4|19.4|0.01|0.17|44.2439|-0.233089
03|20|0|135|1.5|8.7|135|42.3|19.4|0.01|0.17|44.2426|-0.233089
03|22|0|135|1.5|8.7|135|42.3|19.4|0.01|0.17|44.2433|-0.233089
03|23|0|90|1.5|8.7|135|42.2|19.5|0.01|0.17|44.2448|-0.233089
03|24|0|90|1.5|8.7|135|42.1|19.4|0.02|0.18|44.2404|-0.233089
03|25|0|90|2.9|8.7|135|42.1|19.4|0.02|0.18|44.2424|-0.233089
03|26|0|90|1.6|8.7|135|42.2|19.3|0.02|0.18|44.2428|-0.233089
03|27|0|90|1.5|8.7|135|42.3|19.4|0.02|0.18|44.2431|-0.233089
03|28|0|90|1.5|8.7|135|42.6|19.4|0.02|0.18|44.2423|-0.233089
03|29|0|90|1.6|8.7|135|42.8|19.3|0.02|0.18|44.2432|-0.233089
03|30|0|68|1.5|8.7|135|42.8|19.3|0.02|0.18|44.2436|-0.233089
03|31|0|45|1.6|8.7|135|43.1|19.3|0.02|0.18|44.2444|0.264994
03|32|0|90|1.5|8.7|135|43.6|19.3|0.02|0.18|44.2426|0.264994
03|33|0|90|1.5|8.7|135|44.0|19.2|0.02|0.18|44.2416|0.75285
03|34|0|90|1.6|8.7|135|44.1|19.2|0.02|0.18|44.244|0.75285
03|35|0|90|0.0|8.7|135|44.1|19.2|0.02|0.18|44.2408|0.75285
03|36|0|90|1.5|8.7|135|43.9|19.1|0.02|0.18|44.2404|0.264994
03|37|0|90|1.5|8.7|135|43.9|19.1|0.02|0.18|44.2405|0.264994
03|38|0|90|0.0|8.7|135|43.9|19.0|0.02|0.18|44.2434|0.264994
03|39|0|90|0.0|8.7|135|44.0|19.0|0.01|0.18|44.2473|0.75285
03|40|0|90|0.0|8.7|135|44.3|18.8|0.01|0.18|44.2447|-0.161076
03|44|0|90|1.5|8.7|135|44.9|18.7|0.01|0.18|44.2506|-0.161076
03|45|0|90|1.6|8.7|135|45.0|18.7|0.01|0.18|44.251|0.314777
03|46|0|90|1.5|8.7|135|45.0|18.6|0.01|0.18|44.2525|0.314777
03|47|0|90|1.6|8.7|135|45.0|18.6|0.01|0.18|44.2501|0.314777
03|48|0|180|1.5|8.7|135|44.9|18.5|0.01|0.18|44.2522|-0.161076
03|49|0|135|1.5|8.7|135|45.1|18.4|0.01|0.18|44.2513|0.314777
03|50|0|180|1.6|8.7|135|45.3|18.3|0.01|0.18|44.2509|0.314777
03|51|0|135|1.5|8.7|135|45.6|18.2|0.01|0.18|44.2503|0.314777
03|52|0|135|0.0|8.7|135|45.6|18.0|0.01|0.18|44.2497|0.314777
03|53|0|135|0.0|8.7|135|45.7|17.9|0.01|0.18|44.2478|-0.60154
03|54|0|135|1.5|8.7|135|45.7|17.8|0.01|0.18|44.2466|-0.60154
03|55|0|135|1.6|8.7|135|45.7|17.7|0.02|0.19|44.2456|-0.60154
03|56|0|135|0.0|8.7|135|45.8|17.7|0.02|0.19|44.2447|-0.60154
03|57|0|135|0.0|8.7|135|45.9|17.6|0.02|0.19|44.2448|-0.60154
03|58|0|135|0.0|8.7|135|46.0|17.6|0.02|0.19|44.2456|-0.137199
04|00|0|135|1.6|8.7|135|46.2|17.4|0.03|0.20|44.2436|-0.137199
04|02|0|135|1.5|8.7|135|46.4|17.4|0.03|0.20|44.241|-0.137199
04|03|0|135|0.0|8.7|135|46.7|17.3|0.03|0.20|44.2414|-0.137199
04|04|0|135|1.5|8.7|135|47.0|17.3|0.03|0.20|44.2415|0.318207
04|05|0|135|0.0|8.7|135|47.2|17.1|0.03|0.20|44.2402|0.318207
04|06|0|135|0.0|8.7|135|47.4|17.1|0.03|0.20|44.2421|0.318207
04|07|0|135|0.0|8.7|135|47.6|17.0|0.03|0.20|44.24|0.318207
04|08|0|135|2.9|8.7|135|47.6|16.9|0.03|0.20|44.2383|-0.60257
04|09|0|135|1.5|8.7|135|47.8|16.9|0.03|0.20|44.2369|-0.60257
04|10|0|135|0.0|8.7|135|48.0|16.9|0.03|0.20|44.2388|-0.15781
04|11|0|135|0.0|8.7|135|48.2|16.9|0.03|0.20|44.239|-0.15781
04|12|0|135|0.0|8.7|135|48.3|16.9|0.03|0.20|44.2378|-0.15781
04|13|0|135|1.5|8.7|135|48.3|16.9|0.03|0.20|44.2372|-0.15781
04|14|0|135|0.0|8.7|135|48.4|16.8|0.03|0.20|44.2361|-0.15781
04|15|0|135|0.0|8.7|135|48.5|16.8|0.03|0.20|44.2366|-0.15781
04|16|0|135|0.0|8.7|135|48.5|16.8|0.03|0.20|44.2356|-0.15781
04|17|0|135|0.0|8.7|135|48.5|16.8|0.03|0.20|44.2373|-0.15781
04|18|0|135|0.0|8.7|135|48.6|16.8|0.03|0.20|44.2381|-0.15781
04|19|0|135|0.0|8.7|135|48.7|16.8|0.03|0.20|44.2394|-0.15781
04|20|0|135|0.0|8.7|135|48.8|16.8|0.03|0.20|44.239|-0.15781
04|22|0|135|1.6|8.7|135|49.0|16.7|0.03|0.20|44.2392|0.278748
04|23|0|90|1.5|8.7|135|49.0|16.7|0.03|0.20|44.2394|0.278748
04|24|0|90|0.0|8.7|135|49.1|16.7|0.02|0.20|44.2432|0.278748
04|25|0|90|0.0|8.7|135|49.1|16.6|0.02|0.20|44.2418|0.278748
04|26|0|90|0.0|8.7|135|49.1|16.6|0.02|0.20|44.2418|0.278748
04|27|0|90|0.0|8.7|135|49.0|16.6|0.02|0.20|44.2433|0.278748
04|28|0|90|0.0|8.7|135|48.9|16.5|0.02|0.20|44.2429|-0.15781
04|29|0|135|0.0|8.7|135|49.0|16.5|0.02|0.20|44.2431|0.278748
04|30|0|90|3.2|8.7|135|49.0|16.4|0.02|0.20|44.2469|0.278748
04|32|0|90|0.0|8.7|135|49.0|16.4|0.03|0.21|44.2455|0.278748
04|33|0|90|0.0|8.7|135|49.0|16.2|0.03|0.21|44.2443|0.278748
04|34|0|90|1.5|8.7|135|49.2|16.2|0.03|0.21|44.245|0.278748
04|35|0|90|0.0|8.7|135|49.3|16.2|0.03|0.21|44.2449|0.278748
04|36|0|90|1.5|8.7|135|49.2|16.2|0.03|0.21|44.2462|0.278748
04|37|0|90|1.5|8.7|135|49.3|16.4|0.04|0.22|44.2478|0.278748
04|38|0|90|1.5|8.7|135|49.3|16.2|0.04|0.22|44.2464|0.278748
04|39|0|90|0.0|8.7|135|49.2|16.2|0.04|0.22|44.2443|0.278748
04|40|0|90|0.0|8.7|135|49.1|16.4|0.04|0.22|44.2455|0.278748
04|41|0|90|0.0|8.7|135|48.9|16.4|0.04|0.22|44.2439|-0.15781
04|42|0|135|0.0|8.7|135|48.6|16.5|0.04|0.22|44.2455|-0.15781
04|43|0|135|0.0|8.7|135|48.4|16.5|0.04|0.22|44.2421|-0.15781
04|45|0|135|0.0|8.7|135|48.1|16.6|0.04|0.22|44.2421|-0.15781
04|46|0|135|1.6|8.7|135|47.9|16.6|0.04|0.22|44.2382|-0.60257
04|47|0|135|1.5|8.7|135|47.8|16.7|0.04|0.22|44.2384|-0.60257
04|48|0|135|0.0|8.7|135|47.8|16.7|0.04|0.22|44.2381|-0.60257
04|49|0|135|0.0|8.7|135|47.7|16.8|0.04|0.22|44.2372|-0.60257
04|51|0|135|0.0|8.7|135|47.5|16.9|0.04|0.22|44.2367|-0.60257
04|52|0|135|0.0|8.7|135|47.4|16.9|0.04|0.22|44.2377|-0.60257
04|53|0|135|0.0|8.7|135|47.3|17.0|0.04|0.22|44.2377|0.318207
04|54|0|135|0.0|8.7|135|47.2|17.0|0.03|0.22|44.2362|0.318207
04|55|0|135|0.0|8.7|135|47.1|17.0|0.03|0.22|44.2371|0.318207
04|56|0|135|0.0|8.7|135|47.1|17.1|0.03|0.22|44.2385|0.318207
04|57|0|135|0.0|8.7|135|47.0|17.1|0.03|0.22|44.2376|0.318207
04|58|0|135|1.5|8.7|135|46.9|17.3|0.03|0.22|44.2374|-0.137199
05|00|0|135|1.6|8.7|135|46.7|17.4|0.02|0.22|44.2371|-0.137199
05|01|0|135|1.5|8.7|135|46.7|17.5|0.02|0.22|44.2377|-0.137199
05|02|0|135|2.9|8.7|135|46.6|17.5|0.02|0.22|44.2375|-0.137199
05|03|0|135|1.6|8.7|135|46.5|17.6|0.02|0.22|44.239|-0.137199
05|06|0|135|0.0|8.7|135|46.2|17.7|0.02|0.22|44.2396|-0.137199
05|07|0|90|1.5|8.7|135|46.0|17.7|0.02|0.22|44.2389|-0.137199
05|08|0|90|2.9|8.7|135|45.8|17.7|0.02|0.22|44.2396|-0.60154
05|09|0|90|2.9|8.7|135|45.7|17.8|0.02|0.22|44.2413|-0.60154
05|10|0|90|0.0|8.7|135|45.6|17.8|0.02|0.22|44.2405|-0.60154
05|11|0|90|1.5|8.7|135|45.6|17.8|0.02|0.22|44.239|-0.60154
05|12|0|90|0.0|8.7|135|45.6|17.9|0.02|0.22|44.2408|-0.60154
05|13|0|90|0.0|8.7|135|45.6|17.9|0.02|0.22|44.2393|-0.60154
05|14|0|90|0.0|8.7|135|45.4|18.0|0.02|0.22|44.241|0.314777
05|15|0|179|0.0|8.7|135|45.3|18.0|0.02|0.22|44.241|0.314777
05|16|0|135|0.0|8.7|135|45.2|18.0|0.02|0.22|44.2421|0.314777
05|18|0|135|0.0|8.7|135|45.0|18.0|0.02|0.22|44.2422|0.314777
05|19|0|135|0.0|8.7|135|45.0|18.0|0.02|0.22|44.2406|0.314777
05|20|0|90|1.5|8.7|135|45.0|18.0|0.02|0.22|44.2418|0.314777
05|21|0|90|1.5|8.7|135|45.0|18.0|0.03|0.23|44.2433|0.314777
05|22|0|90|1.5|8.7|135|45.0|18.0|0.04|0.24|44.2416|0.314777
05|23|0|90|2.9|8.7|135|44.9|18.0|0.04|0.24|44.243|-0.161076
05|24|0|90|1.5|8.7|135|44.9|18.0|0.04|0.24|44.241|-0.161076
05|27|0|90|1.5|8.7|135|44.9|18.2|0.04|0.24|44.2432|-0.161076
05|28|0|90|0.0|8.7|135|45.0|18.2|0.04|0.24|44.2409|0.314777
05|29|0|90|0.0|8.7|135|45.0|18.3|0.04|0.24|44.2408|0.314777
05|30|0|90|0.0|8.7|135|45.0|18.2|0.04|0.24|44.2364|0.314777
05|31|0|90|0.0|8.7|135|44.9|18.3|0.04|0.24|44.2394|-0.161076
05|32|0|90|0.0|8.7|135|44.7|18.3|0.03|0.24|44.2389|-0.161076
05|33|0|90|0.0|8.7|135|44.4|18.3|0.03|0.24|44.241|-0.161076
05|34|0|90|0.0|8.7|135|44.2|18.2|0.03|0.24|44.2385|-0.161076
05|35|0|90|0.0|8.7|135|44.2|18.2|0.03|0.24|44.2377|-0.161076
05|36|0|90|0.0|8.7|135|44.3|18.3|0.02|0.24|44.2382|-0.161076
05|37|0|90|0.0|8.7|135|44.5|18.2|0.02|0.24|44.2362|-0.161076
05|38|0|90|1.5|8.7|135|44.6|18.3|0.02|0.24|44.2396|-0.161076
05|39|0|90|3.2|8.7|135|44.2|18.3|0.02|0.24|44.2421|-0.161076
05|40|0|90|2.9|8.7|135|43.8|18.3|0.02|0.24|44.2421|-0.646671
05|41|0|90|1.5|8.7|135|43.4|18.3|0.02|0.24|44.2409|-0.646671
05|42|0|90|1.6|8.7|135|43.4|18.3|0.02|0.24|44.2433|-0.646671
05|43|0|90|1.5|8.7|135|43.2|18.4|0.02|0.24|44.2438|-0.646671
05|44|0|90|0.0|8.7|135|43.2|18.4|0.02|0.24|44.2433|-0.646671
05|45|0|90|1.5|8.7|135|43.1|18.5|0.02|0.24|44.2407|-0.646671
05|46|0|90|1.5|8.7|135|42.8|18.5|0.02|0.24|44.2401|-1.14246
05|47|0|90|1.6|8.7|135|42.7|18.6|0.02|0.24|44.2391|-1.14246
05|50|0|90|0.0|8.7|135|42.5|18.7|0.02|0.24|44.2367|-1.14246
05|51|0|90|0.0|8.7|135|42.5|18.8|0.02|0.24|44.2346|-1.14246
05|54|0|135|2.9|8.7|135|42.1|18.8|0.02|0.24|44.23|-1.14246
05|55|0|135|1.6|8.7|135|41.9|19.0|0.02|0.24|44.2306|-0.741886
05|56|0|135|0.0|8.7|135|41.9|19.0|0.02|0.24|44.2309|-0.741886
05|57|0|135|0.0|8.7|135|41.9|19.0|0.03|0.25|44.23|-0.741886
05|58|0|135|0.0|8.7|135|42.0|19.0|0.03|0.25|44.2293|-0.233089
05|59|0|135|0.0|8.7|135|42.0|19.0|0.03|0.25|44.2312|-0.233089
06|00|0|135|1.5|8.7|135|42.0|18.8|0.03|0.25|44.2295|-1.14246
06|01|0|135|1.5|8.7|135|42.1|18.8|0.03|0.25|44.2288|-1.14246
06|02|0|135|0.0|8.7|135|42.2|18.7|0.03|0.25|44.2279|-1.14246
06|03|0|90|1.6|8.7|135|42.2|18.7|0.03|0.25|44.2287|-1.14246
06|04|0|45|0.0|8.7|135|42.2|18.7|0.03|0.25|44.2309|-1.14246
06|05|0|90|1.5|8.7|135|42.1|18.7|0.03|0.25|44.2334|-1.14246
06|06|0|90|2.9|8.7|135|42.0|18.7|0.03|0.25|44.2328|-1.14246
06|08|0|90|1.5|8.7|135|42.0|18.7|0.03|0.25|44.2324|-1.14246
06|09|0|225|0.0|8.7|135|42.0|18.7|0.03|0.25|44.2346|-1.14246
06|10|0|90|1.5|8.7|135|42.2|18.7|0.03|0.25|44.2376|-1.14246
06|11|0|90|1.5|8.7|135|42.1|18.7|0.03|0.25|44.2387|-1.14246
06|12|0|90|0.0|8.7|135|41.9|18.7|0.03|0.25|44.2371|-1.64892
06|13|0|90|2.9|8.7|135|41.8|18.7|0.03|0.25|44.2384|-1.64892
06|15|0|68|0.0|8.7|135|41.5|18.7|0.03|0.25|44.2383|-1.64892
06|16|0|90|1.5|8.7|135|41.6|18.7|0.03|0.25|44.2366|-1.64892
06|17|0|180|1.6|8.7|135|41.6|18.7|0.03|0.25|44.2365|-1.64892
06|18|0|90|1.5|8.7|135|41.5|18.8|0.03|0.25|44.2384|-1.64892
06|19|0|90|1.5|8.7|135|41.5|18.8|0.03|0.25|44.2387|-1.64892
06|21|0|90|1.5|8.7|135|41.6|18.8|0.01|0.25|44.2397|-1.64892
06|22|0|90|1.5|8.7|135|41.4|18.8|0.01|0.25|44.2423|-1.64892
06|23|0|90|1.5|8.7|135|41.0|18.8|0.01|0.25|44.2432|-1.64892
06|24|0|90|1.5|8.7|135|41.0|18.8|0.01|0.25|44.2432|-1.64892
06|25|0|135|3.2|8.7|135|41.1|19.0|0.01|0.25|44.2441|-0.741886
06|26|0|90|2.9|8.7|135|41.0|19.0|0.01|0.25|44.2453|-0.741886
06|28|0|90|1.5|8.7|135|40.8|19.0|0.01|0.25|44.2457|-1.26188
06|29|0|90|1.6|8.7|135|40.5|19.1|0.01|0.25|44.2439|-1.26188
06|30|0|135|1.5|8.7|135|40.2|19.1|0.01|0.25|44.2431|-1.26188
06|31|0|90|1.5|8.7|135|40.2|19.2|0.01|0.25|44.2457|-1.26188
06|32|0|135|2.9|8.7|135|40.0|19.2|0.01|0.25|44.2464|-1.26188
06|34|0|135|1.5|8.7|135|39.6|19.3|0.02|0.26|44.243|-1.79362
06|35|0|135|1.6|8.7|135|39.6|19.4|0.03|0.28|44.2474|-1.79362
06|36|0|135|1.6|8.7|135|39.7|19.4|0.03|0.28|44.2478|-1.79362
06|37|0|135|0.0|8.7|135|39.7|19.4|0.03|0.28|44.2472|-1.79362
06|38|0|135|1.6|8.7|135|39.6|19.5|0.03|0.28|44.2475|-1.79362
06|39|0|135|0.0|8.7|135|39.5|19.5|0.03|0.28|44.2485|-1.79362
06|40|0|135|0.0|8.7|135|39.5|19.6|0.03|0.28|44.2478|-1.79362
06|41|0|135|1.6|8.7|135|39.2|19.6|0.03|0.28|44.2469|-1.79362
06|43|0|135|0.0|8.7|135|38.8|19.6|0.03|0.28|44.2475|-2.33768
06|44|0|135|2.9|8.7|135|38.8|19.6|0.03|0.28|44.2475|-2.33768
06|45|0|135|2.9|8.7|135|38.6|19.7|0.03|0.28|44.2497|-2.33768
06|46|0|135|1.6|8.7|135|38.4|19.7|0.03|0.28|44.2479|-2.33768
06|47|0|135|1.5|8.7|135|38.2|19.8|0.03|0.28|44.2506|-2.33768
06|49|0|135|1.5|8.7|135|38.4|19.8|0.03|0.28|44.2485|-2.33768
06|50|0|113|2.9|8.7|135|38.2|19.8|0.03|0.28|44.2496|-2.33768
06|51|0|135|2.9|8.7|135|37.9|20.0|0.03|0.28|44.2497|-1.99775
06|52|0|135|1.6|8.7|135|37.8|20.0|0.03|0.28|44.252|-1.99775
06|54|0|158|2.9|8.7|135|37.5|20.0|0.03|0.28|44.2533|-1.99775
06|55|0|135|2.9|8.7|135|37.6|20.1|0.03|0.28|44.2524|-1.99775
06|56|0|135|2.9|8.7|135|37.5|20.1|0.02|0.28|44.2526|-1.99775
06|57|0|135|4.4|8.7|135|37.4|20.1|0.02|0.28|44.2501|-1.99775
06|58|0|180|2.9|8.7|135|37.1|20.1|0.03|0.29|44.249|-1.99775
06|59|0|180|6.4|8.7|135|36.9|20.1|0.03|0.29|44.2482|-2.57099
07|00|0|135|2.9|8.7|135|36.8|20.2|0.03|0.29|44.2481|-2.57099
07|01|0|135|3.2|8.7|135|37.1|20.2|0.03|0.29|44.2494|-1.99775
07|02|0|135|1.5|8.7|135|36.9|20.2|0.03|0.29|44.2502|-2.57099
07|03|0|180|2.9|8.7|135|37.0|20.2|0.03|0.29|44.2461|-1.99775
07|04|0|135|4.4|8.7|135|36.8|20.2|0.03|0.29|44.2462|-2.57099
07|05|0|180|2.9|8.7|135|36.7|20.2|0.03|0.29|44.2459|-2.57099
07|06|0|135|2.9|8.7|135|36.6|20.1|0.03|0.29|44.2454|-2.57099
07|07|0|158|3.2|8.7|135|36.7|20.2|0.03|0.29|44.2463|-2.57099
07|08|0|158|2.9|8.7|135|36.6|20.1|0.03|0.29|44.2461|-2.57099
07|10|0|158|1.6|8.7|135|36.6|20.1|0.03|0.29|44.2445|-2.57099
07|11|0|180|1.6|8.7|135|36.6|20.1|0.03|0.29|44.2438|-2.57099
07|12|0|180|2.9|8.7|135|36.6|20.1|0.03|0.29|44.2441|-2.57099
07|13|0|180|1.6|8.7|135|36.6|20.0|0.03|0.29|44.2426|-2.57099
07|15|0|180|1.5|10.2|180|36.7|20.0|0.03|0.29|44.2443|-2.57099
07|16|0|158|1.6|10.2|180|36.8|20.0|0.03|0.29|44.2452|-2.57099
07|17|0|135|0.0|10.2|180|36.8|20.0|0.03|0.29|44.2441|-2.57099
07|18|0|135|1.5|10.2|180|37.0|20.1|0.03|0.29|44.2459|-1.99775
07|19|0|180|1.6|10.2|180|37.1|20.0|0.03|0.29|44.2441|-1.99775
07|20|0|135|1.5|10.2|180|37.3|20.1|0.03|0.29|44.2458|-1.99775
07|21|0|135|1.5|10.2|180|37.3|20.1|0.03|0.29|44.2466|-1.99775
07|22|0|135|0.0|10.2|180|37.2|20.1|0.03|0.29|44.2446|-1.99775
07|23|0|135|1.5|10.2|180|37.2|20.1|0.03|0.29|44.2446|-1.99775
07|24|0|135|1.5|10.2|180|37.1|20.1|0.03|0.29|44.2456|-1.99775
07|25|0|135|1.6|10.2|180|37.0|20.1|0.03|0.29|44.2422|-1.99775
07|26|0|135|2.9|10.2|180|36.9|20.1|0.03|0.29|44.243|-2.57099
07|27|0|135|1.6|10.2|180|36.9|20.0|0.03|0.29|44.2418|-2.57099
07|28|0|135|1.6|10.2|180|37.0|20.0|0.03|0.29|44.2409|-1.99775
07|29|0|180|2.9|10.2|180|37.1|20.0|0.03|0.29|44.2394|-1.99775
07|32|0|135|1.5|10.2|180|37.1|20.0|0.03|0.29|44.24|-1.99775
07|33|0|135|1.5|10.2|180|37.1|20.0|0.02|0.29|44.2388|-1.99775
07|34|0|135|2.9|10.2|180|37.2|20.0|0.02|0.29|44.2398|-1.99775
07|35|0|135|4.4|10.2|180|37.1|20.0|0.01|0.29|44.2401|-1.99775
07|36|0|135|1.5|10.2|180|37.1|20.1|0.01|0.29|44.2405|-1.99775
07|37|0|135|4.4|10.2|180|37.1|20.1|0.01|0.29|44.2406|-1.99775
07|38|0|135|1.5|10.2|180|37.0|20.2|0.01|0.29|44.241|-1.99775
07|39|0|135|3.2|10.2|180|37.0|20.2|0.01|0.29|44.2402|-1.99775
07|40|0|135|4.4|10.2|180|36.8|20.3|0.01|0.29|44.2391|-2.57099
07|41|0|158|3.2|10.2|180|36.6|20.5|0.01|0.29|44.2367|-2.57099
07|42|0|135|2.9|10.2|180|36.6|20.7|0.01|0.29|44.2341|-2.57099
07|43|0|135|4.4|10.2|180|36.4|21.0|0.01|0.29|44.2351|-1.67689
07|44|0|135|3.2|10.2|180|36.1|21.2|0.01|0.29|44.2364|-1.67689
07|45|0|135|4.4|10.2|180|35.9|21.3|0.01|0.29|44.2341|-2.26722
07|46|0|135|2.9|10.2|180|35.6|21.5|0.02|0.30|44.2325|-2.26722
07|47|0|135|2.9|10.2|180|35.2|21.9|0.02|0.30|44.2342|-2.26722
07|48|0|135|1.6|10.2|180|34.9|22.1|0.03|0.31|44.2313|-1.98438
07|49|0|135|4.4|10.2|180|34.8|22.3|0.03|0.31|44.2328|-1.98438
07|51|0|135|2.9|10.2|180|34.5|22.4|0.03|0.31|44.2315|-1.98438
07|52|0|135|7.3|10.2|135|34.1|22.5|0.03|0.31|44.2309|-1.98438
07|53|0|135|3.2|10.2|135|33.8|22.8|0.03|0.31|44.2309|-2.60893
07|54|0|135|2.9|10.2|135|33.6|22.9|0.03|0.31|44.2292|-2.60893
07|55|0|135|1.6|10.2|135|33.6|23.1|0.03|0.31|44.2295|-1.72356
07|56|0|135|5.8|10.2|135|33.7|23.3|0.03|0.31|44.2287|-1.72356
07|57|0|135|1.6|10.2|135|33.5|23.6|0.03|0.31|44.229|-1.72356
07|58|0|135|4.8|10.2|135|33.3|23.7|0.02|0.31|44.2266|-1.72356
07|59|0|135|2.9|10.2|135|32.9|23.9|0.02|0.31|44.2288|-2.36815
08|00|0|90|1.6|10.2|135|32.9|24.0|0.02|0.31|44.229|-1.48594
08|01|0|135|3.2|10.2|135|33.1|24.1|0.02|0.31|44.2273|-0.838444
08|02|0|158|2.9|10.2|135|32.8|24.2|0.02|0.31|44.2268|-1.48594
08|03|0|135|3.2|10.2|135|32.8|24.5|0.02|0.31|44.2259|-1.48594
08|04|0|135|1.6|10.2|135|32.4|24.6|0.02|0.31|44.2245|-1.48594
08|05|0|135|3.2|10.2|135|32.2|24.7|0.02|0.31|44.223|-1.48594
08|06|0|135|3.2|10.2|135|32.0|24.9|0.02|0.31|44.2225|-1.48594
08|08|0|135|1.5|10.2|135|32.0|25.0|0.02|0.31|44.2244|-0.603973
08|09|0|180|7.3|10.2|135|31.8|25.1|0.02|0.31|44.2224|-1.27278
08|10|0|180|4.4|10.2|135|31.4|25.4|0.02|0.31|44.2219|-1.27278
08|11|0|158|2.9|10.2|135|31.1|25.4|0.02|0.31|44.2206|-1.27278
08|12|0|180|4.4|10.2|135|31.0|25.5|0.02|0.31|44.2207|-1.27278
08|13|0|180|3.2|10.2|135|30.7|25.6|0.02|0.31|44.2207|-1.96114
08|14|0|135|8.7|11.3|135|30.5|25.4|0.02|0.31|44.2186|-1.96114
08|15|0|135|2.9|11.3|135|30.4|25.4|0.02|0.31|44.2204|-1.96114
08|16|0|180|3.2|12.9|180|30.5|25.5|0.02|0.31|44.2208|-1.96114
08|17|0|180|2.9|12.9|180|30.5|25.5|0.02|0.31|44.2198|-1.96114
08|18|0|180|1.5|12.9|180|30.4|25.5|0.02|0.31|44.2179|-1.96114
08|19|0|135|1.5|12.9|180|30.5|25.6|0.02|0.31|44.2204|-1.96114
08|20|0|180|2.9|12.9|180|30.5|25.7|0.03|0.32|44.2203|-1.96114
08|22|0|180|2.9|12.9|180|30.4|25.9|0.03|0.32|44.2231|-1.96114
08|24|0|135|3.2|12.9|180|30.4|26.3|0.03|0.32|44.2225|-1.0855
08|25|0|135|2.9|12.9|180|30.2|26.5|0.03|0.32|44.2223|-1.0855
08|26|0|135|3.2|12.9|180|30.2|26.7|0.03|0.32|44.2157|-1.0855
08|27|0|135|4.4|12.9|180|29.8|26.8|0.03|0.32|44.2143|-1.79784
08|29|0|113|4.4|12.9|180|29.6|26.9|0.03|0.32|44.2144|-1.79784
08|30|0|135|5.8|12.9|180|29.4|27.2|0.03|0.32|44.2156|-0.925632
08|31|0|135|7.3|12.9|180|29.2|27.3|0.03|0.32|44.2155|-0.925632
08|32|0|135|4.4|12.9|180|28.9|27.3|0.03|0.32|44.2152|-1.66351
08|33|0|90|2.9|12.9|180|28.8|27.5|0.03|0.32|44.2189|-1.66351
08|34|0|135|2.9|12.9|180|28.8|27.6|0.03|0.32|44.2196|-1.66351
08|35|0|180|9.7|12.9|180|29.0|27.8|0.03|0.32|44.2208|-0.925632
08|36|0|90|7.3|14.5|135|28.8|28.0|0.03|0.32|44.2221|-0.794842
08|37|0|90|10.2|14.5|135|28.5|28.2|0.03|0.32|44.2254|-0.794842
08|38|0|135|3.2|14.5|135|28.2|28.3|0.03|0.32|44.2277|-0.794842
08|39|0|90|5.8|14.5|135|28.2|28.4|0.03|0.32|44.2286|-0.794842
08|40|0|135|11.6|14.5|135|28.1|28.6|0.03|0.32|44.2283|-0.794842
08|42|0|90|2.9|14.5|135|27.7|28.7|0.03|0.32|44.2304|-1.56002
08|43|0|135|2.9|14.5|135|27.5|28.8|0.03|0.32|44.23|-1.56002
08|44|0|135|4.4|14.5|135|27.4|29.0|0.03|0.32|44.2304|-0.695
08|46|0|180|3.2|14.5|135|27.2|29.0|0.02|0.32|44.2305|-0.695
08|47|0|135|7.3|14.5|135|27.2|29.1|0.02|0.32|44.2331|-0.695
08|48|0|158|2.9|14.5|135|26.8|29.0|0.01|0.32|44.2317|-1.4894
08|49|0|135|10.2|14.5|135|26.6|28.8|0.01|0.32|44.2297|-2.35094
08|50|0|135|5.8|14.5|135|26.6|28.8|0.01|0.32|44.2279|-2.35094
08|51|0|135|11.3|16.0|135|26.3|28.6|0.01|0.32|44.2237|-2.35094
08|52|0|135|4.4|16.0|135|26.1|28.5|0.01|0.32|44.2259|-2.35094
08|53|0|180|8.1|16.1|135|26.2|28.4|0.01|0.32|44.2222|-2.35094
08|54|0|135|10.2|16.1|135|26.4|28.4|0.01|0.32|44.2245|-2.35094
08|55|0|135|5.8|17.5|180|26.4|28.5|0.01|0.32|44.2262|-2.35094
08|56|0|203|4.8|17.5|180|26.4|28.6|0.01|0.32|44.2252|-2.35094
08|58|0|135|4.8|17.5|180|26.4|29.0|0.01|0.32|44.2297|-1.4894
08|59|0|135|2.9|17.5|180|26.3|29.2|0.01|0.32|44.2286|-1.4894
09|00|0|225|2.9|17.5|180|26.2|29.4|0.01|0.32|44.2316|-1.4894
09|01|0|225|7.3|17.5|180|26.0|29.6|0.01|0.32|44.2261|-1.4894
09|02|0|135|8.7|17.5|180|25.7|29.5|0.01|0.32|44.2246|-2.31158
09|03|0|135|4.8|17.5|180|25.5|29.6|0.01|0.32|44.2255|-2.31158
09|05|0|135|5.8|17.5|180|25.4|29.7|0.01|0.32|44.227|-2.31158
09|06|0|180|4.4|17.5|180|25.4|30.0|0.01|0.32|44.2283|-1.45393
09|07|0|135|3.2|17.5|180|25.4|30.2|0.01|0.32|44.2303|-1.45393
09|09|0|135|3.2|17.5|180|25.1|30.8|0.01|0.32|44.2313|-1.45393
09|10|0|180|5.8|17.5|180|25.1|31.1|0.01|0.32|44.2305|-0.596573
09|11|0|180|4.4|17.5|180|24.7|31.3|0.01|0.32|44.232|-1.45613
09|12|0|135|3.2|17.5|180|24.4|31.4|0.01|0.32|44.2304|-1.45613
09|13|0|203|1.5|17.5|180|24.2|31.7|0.01|0.32|44.2301|-1.45613
09|14|0|180|2.9|17.5|180|24.4|31.9|0.01|0.32|44.2279|-1.45613
09|15|0|158|1.5|17.5|180|24.3|32.2|0.01|0.32|44.2312|-0.60281
09|16|0|180|2.9|17.5|180|24.2|32.5|0.01|0.32|44.2339|-0.60281
09|17|0|225|1.5|17.5|180|24.1|32.7|0.01|0.32|44.2344|-0.60281
09|19|0|180|2.9|17.5|180|24.1|32.9|0.01|0.32|44.2342|-0.60281
09|20|0|225|1.5|17.5|180|23.9|33.2|0.00|0.32|44.2372|-0.649693
09|21|0|225|1.5|17.5|180|24.0|33.6|0.00|0.32|44.2357|0.250214
09|22|0|270|0.0|17.5|180|23.7|33.9|0.00|0.32|44.2339|-0.649693
09|23|0|225|0.0|17.5|180|23.4|34.1|0.00|0.32|44.2331|0.199137
09|24|0|225|1.5|17.5|180|23.6|34.4|0.00|0.32|44.2301|0.199137
09|25|0|225|1.6|17.5|180|23.1|34.7|0.00|0.32|44.2341|0.199137
09|26|0|270|0.0|17.5|180|22.6|34.9|0.00|0.32|44.2353|-0.74044
09|27|0|225|2.9|17.5|180|22.2|35.0|0.00|0.32|44.2341|0.10405
09|28|0|180|2.9|17.5|180|22.1|35.3|0.00|0.32|44.2335|0.10405
09|29|0|180|0.0|17.5|180|21.8|35.5|0.00|0.32|44.2367|-0.87867
09|30|0|180|0.0|17.5|180|21.8|35.7|0.00|0.32|44.2368|-0.87867
09|31|0|270|0.0|17.5|180|21.6|35.8|0.00|0.32|44.2365|-0.87867
09|32|0|315|1.5|17.5|180|21.3|36.0|0.00|0.32|44.2361|-0.0386963
09|33|0|315|0.0|17.5|180|21.1|36.3|0.00|0.32|44.2366|-0.0386963
09|34|0|180|1.5|17.5|180|21.3|36.4|0.00|0.32|44.2378|-0.0386963
09|35|0|180|0.0|17.5|180|21.2|36.5|0.00|0.32|44.238|-0.0386963
09|37|0|270|3.2|17.5|180|21.1|36.7|0.00|0.32|44.2385|-0.0386963
09|38|0|270|1.5|17.5|180|21.0|36.8|0.00|0.32|44.2387|-0.0386963
09|39|0|270|2.9|17.5|180|20.8|36.8|0.00|0.32|44.2373|-1.0685
09|40|0|270|1.5|17.5|180|20.6|36.8|0.01|0.33|44.2381|-1.0685
09|41|0|315|1.5|17.5|180|20.5|36.7|0.01|0.33|44.2371|-1.0685
09|42|0|270|2.9|17.5|180|20.8|36.7|0.01|0.33|44.2378|-1.0685
09|43|0|270|2.9|17.5|180|20.9|36.7|0.01|0.33|44.2404|-1.0685
09|45|0|270|1.6|17.5|180|21.1|36.6|0.01|0.33|44.2389|-0.0386963
09|48|0|315|1.5|17.5|180|21.3|36.6|0.02|0.34|44.2394|-0.0386963
09|49|0|315|1.5|17.5|180|21.4|36.7|0.02|0.34|44.2402|-0.0386963
09|50|0|315|1.5|17.5|180|21.5|36.8|0.02|0.34|44.2406|-0.0386963
09|51|0|270|0.0|17.5|180|21.4|36.8|0.02|0.34|44.238|-0.0386963
09|52|0|270|1.5|17.5|180|21.2|37.0|0.02|0.34|44.2383|0.800949
09|54|0|270|2.9|17.5|180|21.6|37.1|0.02|0.34|44.2377|0.800949
09|55|0|315|0.0|17.5|180|21.5|37.1|0.02|0.34|44.2388|0.800949
09|56|0|0|0.0|17.5|180|21.6|37.3|0.02|0.34|44.2414|0.800949
10|01|0|315|1.5|17.5|180|21.3|38.0|0.02|0.34|44.2362|1.64027
10|02|0|270|1.5|17.5|180|20.8|38.1|0.02|0.34|44.2368|0.601706
10|03|0|315|0.0|17.5|180|20.6|38.0|0.02|0.34|44.2346|0.601706
10|04|0|315|2.9|17.5|180|20.5|37.8|0.02|0.34|44.2373|-0.233227
10|06|0|270|1.6|17.5|180|20.2|37.8|0.02|0.34|44.2405|-0.233227
10|07|0|315|3.2|17.5|180|20.3|37.8|0.02|0.34|44.24|-0.233227
10|08|0|315|4.4|17.5|180|20.6|37.7|0.02|0.34|44.2408|-0.233227
10|10|0|270|1.6|17.5|180|20.7|37.6|0.02|0.34|44.2396|-0.233227
10|11|0|315|3.2|17.5|180|20.5|37.7|0.02|0.34|44.236|-0.233227
10|12|0|270|1.6|17.5|180|20.6|37.8|0.02|0.34|44.2339|-0.233227
10|14|0|315|4.4|17.5|180|20.5|38.0|0.02|0.34|44.2329|0.601706
10|15|0|315|4.4|17.5|180|20.4|37.7|0.02|0.34|44.231|-0.233227
10|16|0|315|4.4|17.5|180|20.7|37.7|0.02|0.34|44.2345|-0.233227
10|21|0|0|4.4|17.5|180|20.7|38.2|0.02|0.34|44.2276|0.601706
10|22|0|315|4.4|17.5|180|20.2|38.1|0.02|0.34|44.2281|0.601706
10|23|0|315|4.4|17.5|180|20.1|38.2|0.02|0.34|44.2294|0.601706
10|24|0|315|1.5|17.5|180|20.2|38.2|0.02|0.34|44.23|0.601706
10|26|0|315|4.8|17.5|180|20.2|38.2|0.02|0.34|44.2284|0.601706
10|27|0|315|3.2|17.5|180|20.4|38.4|0.02|0.34|44.229|0.601706
10|28|0|315|2.9|17.5|180|20.0|38.4|0.02|0.34|44.229|0.601706
10|30|0|0|2.9|17.5|180|19.7|38.5|0.02|0.34|44.2275|-0.484287
10|31|0|315|1.5|17.5|180|19.5|38.7|0.02|0.34|44.2293|-0.484287
10|32|0|0|1.5|17.5|180|19.3|38.9|0.02|0.34|44.2299|-0.484287
10|33|0|0|1.5|17.5|180|19.4|39.1|0.02|0.34|44.2313|0.345739
10|34|0|0|2.9|17.5|180|19.2|39.2|0.02|0.34|44.2325|0.345739
10|35|0|0|2.9|17.5|180|19.1|39.3|0.02|0.34|44.2352|0.345739
10|36|0|0|0.0|17.5|180|18.9|39.5|0.02|0.34|44.2334|-0.79734
10|37|0|315|1.6|17.5|180|19.0|39.8|0.02|0.34|44.2328|0.345739
10|38|0|270|0.0|17.5|180|18.9|40.0|0.02|0.34|44.2321|0.0275536
10|40|0|315|0.0|17.5|180|18.4|40.4|0.01|0.34|44.231|0.0275536
10|42|0|45|0.0|17.5|180|18.6|40.7|0.01|0.34|44.2308|0.0275536
10|44|0|90|2.9|17.5|180|18.4|41.1|0.02|0.35|44.2253|0.852091
10|46|0|45|0.0|17.5|180|17.8|41.6|0.02|0.36|44.2248|-0.35923
10|47|0|135|2.9|17.5|180|18.1|41.9|0.03|0.37|44.2251|0.852091
10|49|0|135|4.4|17.5|180|17.1|42.2|0.03|0.37|44.2228|0.459925
10|50|0|90|1.5|17.5|180|16.8|42.5|0.03|0.37|44.2249|-0.822083
10|53|0|180|4.4|17.5|180|16.4|43.1|0.03|0.37|44.222|-0.00858307
10|55|0|135|2.9|17.5|180|15.9|43.5|0.03|0.37|44.2159|-1.36985
10|56|0|158|2.9|17.5|180|15.6|43.6|0.03|0.37|44.2182|-1.36985
10|57|0|180|1.5|17.5|180|15.6|43.8|0.03|0.37|44.2188|-1.36985
10|59|0|90|1.5|17.5|180|15.3|44.3|0.03|0.37|44.2157|-0.562317
11|00|0|45|1.5|17.5|180|15.1|44.3|0.03|0.37|44.2159|-0.562317
11|01|0|135|1.6|17.5|180|15.2|44.4|0.03|0.37|44.2143|-0.562317
11|03|0|135|1.5|17.5|180|15.4|44.5|0.03|0.37|44.2137|-0.562317
11|05|0|90|1.5|17.5|180|14.9|44.5|0.03|0.37|44.2081|-2.01311
11|06|0|180|0.0|17.5|180|15.1|44.7|0.03|0.37|44.2075|-0.562317
11|07|0|90|2.9|17.5|180|15.2|44.8|0.03|0.37|44.2092|-0.562317
11|08|0|135|3.2|17.5|180|15.1|45.0|0.03|0.37|44.2091|0.244846
11|09|0|180|2.9|17.5|180|14.7|45.0|0.03|0.37|44.2101|-1.21189
11|12|0|90|1.6|17.5|180|14.7|45.3|0.03|0.37|44.2051|-1.21189
11|13|0|180|0.0|17.5|180|14.8|45.5|0.03|0.37|44.1997|-1.21189
11|14|0|90|5.8|17.5|180|14.7|45.7|0.03|0.37|44.1993|-1.21189
11|15|0|135|4.4|17.5|180|14.1|45.6|0.03|0.37|44.1966|-1.21189
11|16|0|135|1.5|17.5|180|14.1|45.8|0.03|0.37|44.1922|-1.21189
11|17|0|135|2.9|17.5|180|14.2|45.8|0.03|0.37|44.1919|-1.21189
11|20|0|135|1.5|17.5|180|14.0|46.1|0.03|0.37|44.1893|-0.411037
11|21|0|135|2.9|17.5|180|13.8|46.0|0.03|0.37|44.1899|-1.97017
11|22|0|90|2.9|17.5|180|13.9|46.0|0.03|0.37|44.1877|-1.97017
11|24|0|90|2.9|17.5|180|14.1|46.4|0.03|0.37|44.1821|-0.411037
11|25|0|135|2.9|17.5|180|13.9|46.5|0.03|0.37|44.1826|-1.97017
11|26|0|180|1.6|17.5|180|13.7|46.6|0.03|0.37|44.1833|-1.97017
11|27|0|135|2.9|17.5|180|13.7|46.7|0.03|0.37|44.1818|-1.97017
11|29|0|180|2.9|17.5|180|13.7|46.8|0.03|0.37|44.1834|-1.97017
11|30|0|135|4.4|17.5|180|13.7|47.0|0.03|0.37|44.1822|-1.17602
11|31|0|90|3.2|17.5|180|13.6|47.0|0.03|0.37|44.1844|-1.17602
11|32|0|135|3.2|17.5|180|13.5|47.0|0.03|0.37|44.1815|-1.17602
11|33|0|180|1.6|17.5|180|13.5|47.1|0.03|0.37|44.1818|-1.17602
11|34|0|135|4.4|17.5|180|13.7|47.0|0.03|0.37|44.1808|-1.17602
11|35|0|225|1.6|17.5|180|13.8|47.1|0.03|0.37|44.1813|-1.17602
11|36|0|180|0.0|17.5|180|13.8|47.3|0.03|0.37|44.1787|-1.17602
11|37|0|90|4.4|17.5|180|13.7|47.4|0.03|0.37|44.1792|-1.17602
11|39|0|45|1.6|17.5|180|13.5|47.1|0.03|0.37|44.1804|-1.17602
11|40|0|90|1.6|17.5|180|13.6|47.1|0.03|0.37|44.1808|-1.17602
11|41|0|90|3.2|17.5|180|13.7|47.0|0.03|0.37|44.1811|-1.17602
11|42|0|90|3.2|17.5|180|13.8|46.8|0.02|0.37|44.1812|-1.97017
11|43|0|135|1.5|17.5|180|13.9|46.6|0.02|0.37|44.1771|-1.97017
11|44|0|45|1.5|17.5|180|14.1|46.6|0.01|0.37|44.1758|-0.411037
11|45|0|45|1.5|17.5|180|14.3|46.7|0.01|0.37|44.1768|-0.411037
11|46|0|90|0.0|17.5|180|14.3|46.7|0.01|0.37|44.175|-0.411037
11|50|0|90|2.9|17.5|180|14.2|47.1|0.00|0.37|44.1727|0.389425
11|51|0|45|4.4|17.5|180|14.1|47.1|0.00|0.37|44.173|0.389425
11|52|0|45|1.6|17.5|180|14.2|47.1|0.00|0.37|44.1697|0.389425
11|54|0|113|1.5|17.5|180|14.2|47.1|0.00|0.37|44.1664|0.389425
11|56|0|135|2.9|17.5|180|14.1|47.3|0.00|0.37|44.1597|0.389425
11|57|0|158|6.4|17.5|180|14.2|47.4|0.00|0.37|44.1582|0.389425
11|58|0|135|1.5|17.5|180|14.1|47.3|0.00|0.37|44.1576|0.389425
11|59|0|135|0.0|17.5|180|13.9|47.4|0.00|0.37|44.1581|-1.17602
12|00|0|45|1.5|17.5|180|13.8|47.5|0.00|0.37|44.1572|-1.17602
12|01|0|90|2.9|17.5|180|13.9|47.7|0.00|0.37|44.1578|-1.17602
12|04|0|90|2.9|17.5|180|13.8|47.5|0.00|0.37|44.1607|-1.17602
12|05|0|90|0.0|17.5|180|14.0|47.6|0.00|0.37|44.1601|0.389425
12|06|0|135|0.0|17.5|180|14.1|47.6|0.00|0.37|44.1586|0.389425
12|07|0|90|2.9|17.5|180|13.9|47.6|0.00|0.37|44.1568|-1.17602
12|09|0|90|2.9|17.5|180|14.2|47.9|0.00|0.37|44.1579|0.389425
12|12|0|135|2.9|17.5|180|13.6|48.2|0.00|0.37|44.1558|-0.382267
12|14|0|180|4.4|17.5|180|13.5|48.3|0.00|0.37|44.1539|-0.382267
12|16|0|225|0.0|17.5|180|13.7|48.8|0.00|0.37|44.1545|-0.382267
12|17|0|135|2.9|17.5|180|13.7|49.0|0.00|0.37|44.1511|0.411097
12|18|0|225|1.6|17.5|180|13.5|49.2|0.00|0.37|44.1513|0.411097
12|19|0|225|1.5|17.5|180|13.4|49.4|0.00|0.37|44.1481|0.411097
12|20|0|270|0.0|17.5|180|13.3|49.7|0.00|0.37|44.1463|0.411097
12|21|0|135|1.6|17.5|180|13.2|50.0|0.00|0.37|44.1465|1.20407
12|22|0|270|0.0|17.5|180|13.3|50.2|0.00|0.37|44.1487|1.20407
12|23|0|135|4.4|17.5|180|13.2|50.5|0.00|0.37|44.1488|1.20407
12|25|0|135|1.5|17.5|180|12.9|50.8|0.00|0.37|44.1474|-0.49316
12|26|0|135|5.8|17.5|180|12.9|50.8|0.00|0.37|44.1428|-0.49316
12|28|0|180|1.5|17.5|180|12.9|50.7|0.00|0.37|44.1419|-0.49316
12|30|0|135|4.4|17.5|180|13.1|50.8|0.01|0.39|44.1385|1.20407
12|31|0|135|4.4|17.5|180|13.0|50.6|0.01|0.39|44.1379|1.20407
12|32|0|135|0.0|17.5|180|13.1|50.3|0.01|0.39|44.1367|1.20407
12|35|0|135|2.9|17.5|180|13.2|50.6|0.01|0.39|44.1325|1.20407
12|36|0|135|5.8|17.5|180|13.4|50.6|0.01|0.39|44.1306|1.20407
12|37|0|68|4.4|17.5|180|13.5|50.6|0.01|0.39|44.1282|1.20407
12|38|0|135|1.6|17.5|180|13.5|50.3|0.01|0.39|44.1273|1.20407
12|40|0|90|0.0|17.5|180|13.5|50.5|0.01|0.39|44.1263|1.20407
12|43|0|135|4.4|17.5|180|13.4|50.5|0.01|0.39|44.1286|1.20407
12|44|0|90|1.5|17.5|180|13.2|50.5|0.01|0.39|44.1259|1.20407
12|45|0|45|1.5|17.5|180|13.1|50.6|0.01|0.39|44.1275|1.20407
12|47|0|45|2.9|17.5|180|12.8|50.6|0.01|0.39|44.1247|-0.49316
12|48|0|90|3.2|17.5|180|12.8|50.5|0.01|0.39|44.1233|-0.49316
12|49|0|203|4.4|17.5|180|12.9|50.2|0.01|0.39|44.1225|-0.49316
12|50|0|135|2.9|17.5|180|13.0|49.9|0.01|0.39|44.124|0.411097
12|51|0|90|1.6|17.5|180|13.1|49.7|0.01|0.39|44.1206|0.411097
12|52|0|135|1.6|17.5|180|13.4|49.8|0.01|0.39|44.1215|0.411097
12|53|0|135|1.6|17.5|180|13.6|49.8|0.01|0.39|44.1169|0.411097
12|54|0|180|2.9|17.5|180|13.6|50.0|0.01|0.39|44.1185|1.20407
12|56|0|90|1.5|17.5|180|13.7|50.1|0.01|0.39|44.1174|1.20407
12|57|0|90|4.8|17.5|180|13.6|50.2|0.01|0.39|44.1161|1.20407
12|59|0|135|1.5|17.5|180|13.3|50.7|0.01|0.39|44.1155|1.20407
13|00|0|135|9.7|17.5|180|13.3|50.6|0.01|0.39|44.1166|1.20407
13|02|0|180|1.5|17.5|180|13.2|50.6|0.01|0.39|44.1156|1.20407
13|03|0|225|0.0|17.5|180|13.2|50.8|0.01|0.39|44.1158|1.20407
13|04|0|90|2.9|17.5|180|13.3|50.9|0.01|0.39|44.1167|1.20407
13|05|0|90|2.9|17.5|180|13.4|51.0|0.01|0.39|44.1153|1.99665
13|06|0|135|2.9|17.5|180|13.2|51.0|0.01|0.39|44.1151|1.99665
13|08|0|180|3.2|17.5|180|13.1|51.1|0.01|0.39|44.1137|1.99665
13|10|0|135|2.9|17.5|180|13.0|51.3|0.01|0.39|44.1133|1.99665
13|13|0|90|0.0|17.5|180|12.9|51.6|0.01|0.39|44.1122|0.292645
13|14|0|135|1.5|17.5|180|12.8|51.7|0.01|0.39|44.1103|0.292645
13|15|0|135|2.9|17.5|180|12.9|51.8|0.01|0.39|44.1097|0.292645
13|16|0|90|1.6|17.5|180|12.9|51.8|0.01|0.39|44.1108|0.292645
13|17|0|45|3.2|17.5|180|12.6|51.9|0.01|0.39|44.1075|0.292645
13|18|0|135|2.9|17.5|180|12.7|51.8|0.01|0.39|44.1073|0.292645
13|19|0|90|1.6|17.5|180|12.6|51.8|0.01|0.39|44.1067|0.292645
13|20|0|68|1.5|17.5|180|12.7|51.9|0.01|0.39|44.1077|0.292645
13|21|0|45|1.6|17.5|180|12.6|51.8|0.01|0.39|44.1074|0.292645
13|25|0|113|1.5|17.5|180|12.6|52.0|0.01|0.39|44.1064|1.07804
13|26|0|225|0.0|17.5|180|12.5|52.1|0.01|0.39|44.1034|1.07804
13|30|0|135|1.6|17.5|180|12.5|52.4|0.00|0.39|44.0979|1.07804
13|31|0|90|0.0|17.5|180|12.5|52.5|0.00|0.39|44.0977|1.07804
13|34|0|45|0.0|17.5|180|12.4|52.6|0.00|0.39|44.0945|1.07804
13|36|0|90|1.5|17.5|180|12.3|52.7|0.00|0.39|44.0942|1.07804
13|37|0|90|1.5|17.5|180|12.2|52.6|0.00|0.39|44.0919|1.07804
13|38|0|135|2.9|17.5|180|12.3|52.6|0.00|0.39|44.0906|1.07804
13|41|0|135|2.9|17.5|180|12.5|52.1|0.00|0.39|44.0928|1.07804
13|42|0|203|0.0|17.5|180|12.6|52.1|0.00|0.39|44.0938|1.07804
13|43|0|203|1.6|17.5|180|12.7|52.2|0.00|0.39|44.0912|1.07804
13|44|0|135|1.5|17.5|180|12.5|52.4|0.00|0.39|44.0894|1.07804
13|49|0|90|1.5|17.5|180|12.4|52.8|0.00|0.39|44.0847|1.07804
13|50|0|90|1.5|17.5|180|12.4|52.8|0.00|0.39|44.0846|1.07804
13|52|0|180|2.9|3.2|180|12.1|52.7|0.00|0.00|44.0822|1.07804
13|54|0|135|1.6|3.2|180|12.4|52.6|0.00|0.00|44.0818|1.07804
13|55|0|135|0.0|3.6|135|12.4|52.5|0.00|0.00|44.0803|1.07804
13|56|0|90|4.4|4.4|45|12.4|52.4|0.00|0.00|44.0805|1.07804
13|57|0|45|1.5|4.4|45|12.3|52.2|0.00|0.00|44.0786|1.07804
13|58|0|90|1.6|4.4|45|12.5|52.2|0.00|0.00|44.0772|1.07804
13|59|0|135|1.5|4.4|45|12.3|52.1|0.00|0.00|44.0756|1.07804
14|00|0|90|1.5|4.4|45|12.4|52.1|0.00|0.00|44.0759|1.07804
14|03|0|45|0.0|4.4|45|12.6|51.9|0.00|0.00|44.076|0.292645
14|04|0|45|1.5|4.4|45|12.7|51.8|0.00|0.00|44.0774|0.292645
14|07|0|45|2.9|4.4|45|13.1|51.2|0.00|0.00|44.0839|1.99665
14|09|0|90|1.5|4.4|45|13.2|50.9|0.00|0.00|44.0886|1.20407
14|10|0|135|2.9|4.4|45|13.3|50.7|0.00|0.00|44.087|1.20407
14|11|0|90|0.0|4.4|45|13.2|50.5|0.00|0.00|44.0858|1.20407
14|12|0|135|3.2|5.8|90|13.3|50.3|0.00|0.00|44.0838|1.20407
14|13|0|90|1.6|5.8|90|13.2|50.2|0.00|0.00|44.0798|1.20407
14|16|0|0|2.9|7.3|45|13.2|50.2|0.00|0.00|44.0728|1.20407
14|19|0|180|5.8|7.3|45|13.3|50.1|0.00|0.00|44.0798|1.20407
14|22|0|90|1.5|7.3|45|13.3|50.0|0.00|0.00|44.073|1.20407
14|23|0|90|4.4|7.3|45|13.4|50.1|0.00|0.00|44.0669|1.20407
14|24|0|135|1.6|7.3|45|13.3|50.2|0.00|0.00|44.0673|1.20407
14|27|0|225|1.5|7.3|45|13.3|50.6|0.00|0.00|44.0608|1.20407
14|28|0|180|5.8|7.3|45|13.4|50.7|0.00|0.00|44.0599|1.20407
14|29|0|180|3.2|7.3|45|13.1|50.8|0.00|0.00|44.06|1.20407
14|30|0|225|3.2|7.3|45|13.2|50.9|0.00|0.00|44.0607|1.20407
14|34|0|270|1.6|7.3|45|13.0|51.3|0.00|0.00|44.0591|1.99665
14|35|0|45|1.5|7.3|45|13.1|51.5|0.00|0.00|44.0567|1.99665
14|37|0|45|2.9|7.3|45|13.1|51.6|0.00|0.00|44.0517|1.99665
14|38|0|45|0.0|7.3|45|12.9|51.7|0.00|0.00|44.0517|0.292645
14|39|0|90|3.2|7.3|45|12.9|51.7|0.00|0.00|44.0536|0.292645
14|40|0|90|0.0|7.3|45|12.7|51.6|0.00|0.00|44.0533|0.292645
14|41|0|135|1.5|7.3|45|12.7|51.6|0.00|0.00|44.0477|0.292645
14|43|0|135|3.2|7.3|45|12.3|51.6|0.00|0.00|44.0447|0.292645
14|44|0|158|3.2|11.6|135|12.4|51.5|0.00|0.00|44.0493|0.292645
14|45|0|90|1.5|11.6|135|12.4|51.5|0.00|0.00|44.0471|0.292645
14|46|0|0|1.5|11.6|135|12.4|51.5|0.00|0.00|44.0466|0.292645
14|48|0|0|1.5|11.6|135|12.4|51.5|0.00|0.00|44.0508|0.292645
14|49|0|315|1.5|11.6|135|12.5|51.5|0.00|0.00|44.0497|0.292645
14|50|0|45|1.6|11.6|135|12.6|51.5|0.00|0.00|44.0544|0.292645
14|51|0|45|0.0|11.6|135|12.7|51.5|0.00|0.00|44.0541|0.292645
14|55|0|90|2.9|11.6|135|12.8|51.8|0.00|0.00|44.0469|0.292645
14|56|0|45|4.8|11.6|135|12.9|51.8|0.00|0.00|44.0471|0.292645
14|57|0|90|4.4|11.6|135|12.8|51.7|0.00|0.00|44.0501|0.292645
14|58|0|45|3.2|11.6|135|12.7|51.3|0.00|0.00|44.0572|0.292645
14|59|0|23|3.2|11.6|135|12.6|51.1|0.00|0.00|44.0573|0.292645
15|01|0|0|1.5|11.6|135|12.8|50.7|0.00|0.00|44.0598|-0.49316
15|02|0|90|2.9|11.6|135|12.9|50.5|0.00|0.00|44.0612|-0.49316
15|03|0|45|2.9|11.6|135|12.9|50.1|0.00|0.00|44.0609|-0.49316
15|09|0|180|2.9|11.6|135|13.2|49.4|0.00|0.00|44.055|0.411097
15|10|0|135|1.5|11.6|135|13.3|49.3|0.00|0.00|44.0519|0.411097
15|14|0|45|1.5|11.6|135|13.3|49.4|0.00|0.00|44.0512|0.411097
15|18|0|45|1.5|11.6|135|13.5|49.3|0.00|0.00|44.0511|0.411097
15|20|0|45|1.5|11.6|135|13.7|49.3|0.00|0.00|44.0486|0.411097
15|23|0|45|1.5|11.6|135|13.9|49.3|0.00|0.00|44.0494|0.411097
15|24|0|45|0.0|11.6|135|14.0|49.3|0.00|0.00|44.05|1.98921
15|25|0|45|2.9|11.6|135|13.8|49.2|0.00|0.00|44.0477|0.411097
15|26|0|45|1.6|11.6|135|14.0|49.2|0.00|0.00|44.0491|1.98921
15|27|0|45|1.6|11.6|135|14.0|49.1|0.00|0.00|44.0496|1.98921
15|29|0|45|1.5|11.6|135|13.6|49.0|0.00|0.00|44.0519|0.411097
15|30|0|45|1.6|11.6|135|13.5|48.9|0.00|0.00|44.0504|-0.382267
15|31|0|45|1.5|11.6|135|13.7|48.8|0.00|0.00|44.05|-0.382267
15|33|0|45|1.5|11.6|135|13.8|48.8|0.00|0.00|44.0503|-0.382267
15|34|0|90|1.6|11.6|135|13.9|48.8|0.00|0.00|44.0494|-0.382267
15|35|0|90|1.5|11.6|135|13.6|48.8|0.00|0.00|44.0505|-0.382267
15|36|0|90|0.0|11.6|135|13.6|48.7|0.00|0.00|44.0513|-0.382267
15|37|0|90|0.0|11.6|135|13.8|48.5|0.00|0.00|44.0482|-0.382267
15|38|0|270|1.5|11.6|135|14.0|48.5|0.00|0.00|44.0496|1.1895
15|39|0|315|1.6|11.6|135|13.8|48.5|0.00|0.00|44.0486|-0.382267
15|40|0|270|1.5|11.6|135|13.6|48.7|0.00|0.00|44.0481|-0.382267
15|41|0|270|1.5|11.6|135|13.5|48.5|0.00|0.00|44.0462|-0.382267
15|51|0|270|0.0|11.6|135|13.6|48.5|0.00|0.00|44.0487|-0.382267
15|52|0|270|0.0|11.6|135|13.6|48.5|0.00|0.00|44.0449|-0.382267
15|53|0|270|0.0|11.6|135|13.5|48.7|0.00|0.00|44.0456|-0.382267
15|54|0|270|0.0|11.6|135|13.6|48.8|0.00|0.00|44.0469|-0.382267
15|56|0|45|1.6|11.6|135|13.6|48.7|0.00|0.00|44.0479|-0.382267
15|58|0|45|0.0|11.6|135|13.5|48.5|0.00|0.00|44.0475|-0.382267
15|59|0|45|0.0|11.6|135|13.6|48.5|0.00|0.00|44.0503|-0.382267
16|00|0|45|0.0|11.6|135|13.6|48.5|0.00|0.00|44.0491|-0.382267
16|01|0|45|0.0|11.6|135|13.7|48.4|0.00|0.00|44.0485|-0.382267
16|04|0|45|0.0|11.6|135|13.6|48.4|0.00|0.00|44.0487|-0.382267
16|05|0|45|0.0|11.6|135|13.5|48.3|0.00|0.00|44.0481|-0.382267
16|06|0|45|0.0|11.6|135|13.6|48.2|0.00|0.00|44.0501|-0.382267
16|09|0|45|0.0|11.6|135|13.8|48.2|0.00|0.00|44.0501|-0.382267
16|14|0|45|0.0|11.6|135|13.6|48.4|0.00|0.00|44.0488|-0.382267
16|15|0|45|0.0|11.6|135|13.6|48.4|0.00|0.00|44.0485|-0.382267
16|16|0|45|0.0|11.6|135|13.6|48.4|0.00|0.00|44.0485|-0.382267
16|17|0|45|0.0|11.6|135|13.6|48.3|0.00|0.00|44.0488|-0.382267
16|18|0|45|0.0|11.6|135|13.5|48.3|0.00|0.00|44.0496|-0.382267
16|20|0|45|0.0|11.6|135|13.6|48.4|0.00|0.00|44.0481|-0.382267
16|27|0|270|0.0|11.6|135|13.5|48.7|0.00|0.00|44.0517|-0.382267
16|28|0|270|0.0|11.6|135|13.5|48.5|0.00|0.00|44.0502|-0.382267
16|29|0|270|0.0|11.6|135|13.6|48.4|0.00|0.00|44.0509|-0.382267
16|30|0|270|0.0|11.6|135|13.6|48.3|0.00|0.00|44.0475|-0.382267
16|31|0|270|0.0|11.6|135|13.7|48.2|0.00|0.00|44.05|-0.382267
16|35|0|270|0.0|11.6|135|13.8|47.7|0.00|0.00|44.055|-1.17602
16|36|0|270|0.0|11.6|135|13.9|47.6|0.00|0.00|44.0559|-1.17602
16|40|0|270|0.0|11.6|135|13.9|47.7|0.00|0.00|44.0543|-1.17602
16|41|0|270|0.0|11.6|135|13.9|47.9|0.00|0.00|44.0561|-1.17602
16|42|0|270|0.0|11.6|135|13.9|47.9|0.00|0.00|44.0579|-1.17602
16|43|0|270|1.5|11.6|135|14.0|47.6|0.00|0.00|44.0573|0.389425
16|45|0|270|1.5|11.6|135|13.9|47.2|0.00|0.00|44.0606|-1.17602
16|49|0|270|1.5|11.6|135|14.3|46.6|0.00|0.00|44.0599|-0.411037
16|51|0|270|1.5|11.6|135|14.5|46.3|0.00|0.00|44.0602|-0.411037
16|53|0|270|0.0|11.6|135|14.6|46.1|0.00|0.00|44.0585|-0.411037
16|54|0|270|3.2|11.6|135|14.7|46.0|0.00|0.00|44.0569|-0.411037
16|55|0|270|0.0|11.6|135|14.9|45.7|0.00|0.00|44.0568|-1.21189
16|56|0|270|1.5|11.6|135|15.0|45.5|0.00|0.00|44.0559|0.244846
16|57|0|270|0.0|11.6|135|15.2|45.3|0.00|0.00|44.0596|0.244846
16|58|0|270|2.9|11.6|135|15.3|44.9|0.00|0.00|44.0607|-0.562317
16|59|0|270|1.5|11.6|135|15.4|44.7|0.00|0.00|44.0626|-0.562317
17|01|0|270|1.6|11.6|135|15.6|44.3|0.00|0.00|44.0592|-0.562317
17|02|0|270|0.0|11.6|135|15.7|44.2|0.00|0.00|44.0586|-0.562317
17|03|0|270|1.5|11.6|135|15.8|43.9|0.00|0.00|44.0615|-1.36985
17|05|0|270|1.5|11.6|135|16.0|43.8|0.00|0.00|44.0629|-0.00858307
17|16|0|270|0.0|11.6|135|16.7|43.0|0.00|0.00|44.0758|-0.00858307
17|17|0|270|0.0|11.6|135|16.8|43.0|0.00|0.00|44.0765|-0.00858307
17|18|0|270|0.0|11.6|135|16.9|42.9|0.00|0.00|44.0773|-0.822083
17|22|0|270|0.0|11.6|135|17.4|42.7|0.00|0.00|44.0757|0.459925
17|23|0|270|0.0|11.6|135|17.5|42.6|0.00|0.00|44.076|0.459925
17|25|0|270|0.0|11.6|135|17.7|42.3|0.00|0.00|44.079|0.459925
17|27|0|270|0.0|11.6|135|17.8|42.1|0.01|0.01|44.0807|0.459925
17|28|0|270|0.0|11.6|135|17.9|42.0|0.01|0.01|44.0819|0.459925
17|29|0|270|0.0|11.6|135|18.0|41.9|0.01|0.01|44.081|0.852091
17|30|0|270|0.0|11.6|135|18.1|41.8|0.01|0.01|44.0803|0.852091
17|31|0|270|0.0|11.6|135|18.3|41.7|0.01|0.01|44.081|0.852091
17|35|0|270|0.0|11.6|135|18.3|41.5|0.01|0.01|44.0844|0.852091
17|36|0|270|0.0|11.6|135|18.3|41.5|0.01|0.01|44.0822|0.852091
17|39|0|270|0.0|11.6|135|18.1|41.3|0.01|0.01|44.0841|0.852091
17|46|0|270|0.0|11.6|135|18.5|41.1|0.01|0.01|44.0861|0.852091
17|48|0|270|0.0|11.6|135|18.5|41.0|0.01|0.01|44.0874|0.852091
17|49|0|270|0.0|11.6|135|18.5|40.9|0.01|0.01|44.0874|0.0275536
17|50|0|270|0.0|11.6|135|18.3|40.9|0.01|0.01|44.0885|0.0275536
17|51|0|270|0.0|11.6|135|18.3|40.8|0.01|0.01|44.0882|0.0275536
17|52|0|270|0.0|11.6|135|18.4|40.7|0.01|0.01|44.0885|0.0275536
17|53|0|270|0.0|11.6|135|18.6|40.5|0.01|0.01|44.0911|0.0275536
17|54|0|270|0.0|11.6|135|18.7|40.4|0.01|0.01|44.0911|0.0275536
17|55|0|270|0.0|11.6|135|18.7|40.4|0.01|0.01|44.0922|0.0275536
17|56|0|270|0.0|11.6|135|18.6|40.3|0.02|0.02|44.0907|0.0275536
17|58|0|270|0.0|11.6|135|18.6|40.2|0.02|0.02|44.0913|0.0275536
18|00|0|270|0.0|11.6|135|18.7|40.0|0.02|0.02|44.0896|0.0275536
18|01|0|270|0.0|11.6|135|18.8|40.0|0.02|0.02|44.0912|0.0275536
18|02|0|270|0.0|11.6|135|18.8|39.9|0.02|0.02|44.0882|-0.79734
18|03|0|270|0.0|11.6|135|18.9|39.8|0.02|0.02|44.0903|-0.79734
18|04|0|270|0.0|11.6|135|19.0|39.7|0.02|0.02|44.0901|0.345739
18|05|0|270|1.5|11.6|135|19.2|39.5|0.02|0.02|44.0929|0.345739
18|06|0|270|1.5|11.6|135|19.6|39.3|0.02|0.02|44.0921|0.345739
18|10|0|270|0.0|11.6|135|19.9|38.9|0.02|0.02|44.0901|-0.484287
18|11|0|270|0.0|11.6|135|19.9|38.7|0.02|0.02|44.0928|-0.484287
18|14|0|270|0.0|11.6|135|20.3|38.3|0.02|0.02|44.0997|0.601706
18|15|0|270|1.5|11.6|135|20.5|38.2|0.02|0.02|44.0997|0.601706
18|17|0|270|0.0|11.6|135|20.8|38.0|0.02|0.02|44.1001|0.601706
18|18|0|270|1.5|11.6|135|20.9|37.8|0.02|0.02|44.1023|-0.233227
18|19|0|270|0.0|11.6|135|21.0|37.7|0.02|0.02|44.1047|0.800949
18|22|0|270|0.0|11.6|135|21.9|37.5|0.02|0.02|44.1042|0.800949
18|24|0|270|0.0|11.6|135|22.4|37.4|0.02|0.02|44.1019|1.79206
18|26|0|270|0.0|11.6|135|22.7|37.3|0.02|0.02|44.1033|1.79206
18|28|0|270|0.0|11.6|135|22.9|37.2|0.01|0.02|44.1023|1.79206
18|29|0|270|0.0|11.6|135|22.9|37.1|0.01|0.02|44.1018|1.79206
18|30|0|270|0.0|11.6|135|23.2|37.0|0.01|0.02|44.1033|2.74376
18|31|0|270|0.0|11.6|135|23.2|36.8|0.01|0.02|44.1006|1.89587
18|32|0|270|0.0|11.6|135|23.2|36.8|0.01|0.02|44.1001|1.89587
18|33|0|270|0.0|11.6|135|23.2|36.8|0.01|0.02|44.1014|1.89587
18|35|0|270|0.0|11.6|135|23.2|36.7|0.01|0.02|44.1001|1.89587
18|36|0|270|0.0|11.6|135|23.4|36.6|0.01|0.02|44.1001|1.89587
18|37|0|270|0.0|11.6|135|23.5|36.5|0.01|0.02|44.0999|1.89587
18|38|0|270|0.0|11.6|135|23.6|36.5|0.01|0.02|44.1004|1.89587
18|39|0|270|0.0|11.6|135|23.7|36.3|0.01|0.02|44.0982|1.89587
18|40|0|270|0.0|11.6|135|23.7|36.3|0.01|0.02|44.0983|1.89587
18|42|0|270|0.0|11.6|135|23.7|36.2|0.01|0.02|44.1013|1.89587
18|43|0|270|0.0|11.6|135|23.7|36.0|0.01|0.02|44.1018|1.89587
18|46|0|270|0.0|11.6|135|24.0|35.9|0.01|0.02|44.1013|1.95533
18|48|0|270|0.0|11.6|135|24.4|35.8|0.01|0.02|44.1047|1.95533
18|49|0|270|0.0|11.6|135|24.4|35.8|0.01|0.02|44.1071|1.95533
18|51|0|270|0.0|11.6|135|24.3|35.6|0.01|0.02|44.1111|1.95533
18|52|0|270|0.0|11.6|135|24.2|35.5|0.01|0.02|44.111|1.95533
18|53|0|270|0.0|11.6|135|24.4|35.4|0.01|0.02|44.1118|1.95533
18|54|0|270|0.0|11.6|135|24.6|35.3|0.01|0.02|44.1115|1.95533
18|56|0|270|0.0|11.6|135|24.9|35.3|0.00|0.02|44.112|1.95533
18|59|0|270|0.0|11.6|135|25.3|35.2|0.00|0.02|44.1121|2.82987
19|02|0|0|0.0|11.6|135|25.4|34.9|0.00|0.02|44.1115|1.9737
19|03|0|0|0.0|11.6|135|25.6|34.9|0.00|0.02|44.1113|1.9737
19|04|0|0|0.0|11.6|135|25.9|34.8|0.01|0.03|44.1111|1.9737
19|05|0|0|0.0|11.6|135|26.2|34.7|0.01|0.03|44.1119|2.81394
19|07|0|0|0.0|11.6|135|26.5|34.6|0.01|0.03|44.1126|2.81394
19|08|0|0|0.0|11.6|135|26.6|34.6|0.01|0.03|44.1129|2.81394
19|09|0|0|0.0|11.6|135|26.6|34.5|0.01|0.03|44.1139|2.81394
19|11|0|0|1.6|11.6|135|26.3|34.4|0.01|0.03|44.1165|2.81394
19|13|0|45|1.5|11.6|135|25.9|34.4|0.01|0.03|44.1172|1.9737
19|14|0|45|1.5|11.6|135|25.8|34.2|0.01|0.03|44.1167|1.9737
19|17|0|45|1.5|11.6|135|25.9|34.0|0.01|0.03|44.1184|1.9737
19|18|0|45|1.5|11.6|135|26.0|34.0|0.01|0.03|44.1193|2.81394
19|19|0|45|1.6|11.6|135|26.1|33.9|0.01|0.03|44.1184|1.95385
19|21|0|45|0.0|11.6|135|26.2|33.9|0.01|0.03|44.1202|1.95385
19|22|0|45|0.0|11.6|135|26.4|33.8|0.01|0.03|44.1201|1.95385
19|26|0|45|0.0|11.6|135|26.7|34.1|0.01|0.03|44.1176|2.81394
19|33|0|45|0.0|11.6|135|26.8|34.0|0.01|0.03|44.1219|2.81394
19|34|0|45|0.0|11.6|135|26.8|33.9|0.01|0.03|44.1222|1.95385
19|35|0|45|0.0|11.6|135|26.8|33.8|0.01|0.03|44.1233|1.95385
19|39|0|45|0.0|11.6|135|27.6|33.5|0.01|0.03|44.1267|2.76223
19|40|0|45|0.0|11.6|135|28.3|33.2|0.01|0.03|44.1258|3.54432
19|43|0|45|0.0|11.6|135|28.1|33.1|0.01|0.03|44.1271|3.54432
19|44|0|45|0.0|11.6|135|28.4|33.2|0.01|0.03|44.128|3.54432
19|46|0|45|0.0|11.6|135|28.7|33.0|0.01|0.03|44.1272|3.54432
19|48|0|45|1.5|11.6|135|28.8|32.9|0.01|0.03|44.1253|2.67704
19|49|0|45|0.0|11.6|135|28.5|32.8|0.01|0.03|44.1263|2.67704
19|50|0|45|0.0|11.6|135|28.9|32.7|0.01|0.03|44.1239|2.67704
19|56|0|45|0.0|11.6|135|29.7|32.2|0.02|0.04|44.1276|3.43131
19|57|0|45|0.0|11.6|135|29.7|32.1|0.02|0.04|44.1275|3.43131
19|59|0|45|0.0|11.6|135|29.5|32.0|0.02|0.04|44.1294|3.43131
20|00|0|45|0.0|11.6|135|29.6|31.9|0.02|0.04|44.1288|2.56047
20|03|0|45|0.0|11.6|135|30.1|31.7|0.01|0.04|44.13|3.28869
20|08|0|45|1.5|11.6|135|30.7|31.3|0.02|0.05|44.1323|3.28869
20|10|0|45|1.5|11.6|135|31.4|31.2|0.02|0.05|44.1295|3.99558
20|16|0|45|1.5|11.6|135|33.4|30.6|0.02|0.05|44.1345|4.467
20|17|0|45|0.0|11.6|135|33.4|30.5|0.02|0.05|44.1351|4.467
20|18|0|45|1.6|11.6|135|34.4|30.4|0.02|0.05|44.1354|5.11428
20|20|0|45|0.0|11.6|135|35.0|30.3|0.02|0.05|44.1346|5.74481
20|26|0|45|0.0|11.6|135|29.4|30.4|0.02|0.05|44.1325|1.68936
20|27|0|45|0.0|11.6|135|29.8|30.6|0.02|0.05|44.136|1.68936
20|28|0|45|0.0|11.6|135|29.9|30.6|0.02|0.05|44.1343|1.68936
20|31|0|45|0.0|11.6|135|29.3|30.6|0.02|0.05|44.1346|1.68936
20|32|0|45|1.5|11.6|135|29.8|30.5|0.02|0.05|44.1345|1.68936
20|34|0|45|0.0|11.6|135|28.4|30.4|0.02|0.05|44.1321|0.941656
20|35|0|45|0.0|11.6|135|28.0|30.3|0.03|0.07|44.1343|0.941656
20|37|0|45|0.0|11.6|135|28.0|30.2|0.03|0.07|44.1338|0.941656
20|39|0|45|0.0|11.6|135|28.8|30.2|0.03|0.07|44.1367|0.941656
20|47|0|315|1.6|11.6|135|29.5|29.3|0.03|0.07|44.14|0.817968
20|50|0|315|1.6|11.6|135|30.1|28.8|0.03|0.07|44.1408|0.664978
20|51|0|315|1.5|11.6|135|30.1|28.7|0.03|0.07|44.1404|0.664978
20|56|0|270|1.5|11.6|135|30.9|28.5|0.02|0.07|44.1429|0.664978
20|57|0|270|1.5|11.6|135|31.2|28.6|0.02|0.07|44.1439|1.36257
20|58|0|270|1.5|11.6|135|31.4|28.6|0.02|0.07|44.1438|1.36257
21|02|0|270|0.0|11.6|135|31.4|28.6|0.02|0.07|44.1458|1.36257
21|03|0|270|0.0|11.6|135|31.4|28.6|0.02|0.08|44.1479|1.36257
21|07|0|270|1.5|11.6|135|31.7|28.6|0.02|0.08|44.1512|1.36257
21|08|0|270|1.6|11.6|135|32.0|28.5|0.02|0.08|44.1484|2.04036
21|10|0|270|0.0|11.6|135|32.6|28.5|0.02|0.08|44.1517|2.04036
21|12|0|270|0.0|11.6|135|32.5|28.5|0.02|0.08|44.152|2.04036
21|13|0|270|0.0|11.6|135|32.3|28.5|0.02|0.08|44.1525|2.04036
21|15|0|270|0.0|11.6|135|32.4|28.4|0.02|0.08|44.1525|2.04036
21|16|0|180|1.5|11.6|135|32.6|28.3|0.02|0.08|44.153|2.04036
21|17|0|180|1.6|11.6|135|32.8|28.2|0.02|0.08|44.1529|2.04036
21|20|0|180|0.0|11.6|135|33.1|28.0|0.02|0.08|44.1526|2.69951
21|21|0|180|1.6|11.6|135|33.2|27.8|0.02|0.08|44.1521|1.8154
21|24|0|180|0.0|11.6|135|34.1|27.8|0.02|0.08|44.1549|2.45412
21|25|0|180|0.0|11.6|135|34.2|28.0|0.02|0.08|44.1561|3.34108
21|26|0|180|0.0|11.6|135|34.3|27.8|0.02|0.08|44.1565|2.45412
21|28|0|180|0.0|11.6|135|34.3|27.6|0.02|0.08|44.1528|2.45412
21|29|0|180|1.5|11.6|135|34.5|27.5|0.03|0.09|44.1514|2.45412
21|31|0|180|1.5|11.6|135|35.5|27.2|0.03|0.09|44.1515|3.07628
21|32|0|180|0.0|11.6|135|35.7|27.2|0.04|0.10|44.1504|3.07628
21|38|0|180|0.0|11.6|135|35.4|27.0|0.04|0.11|44.1517|3.07628
21|40|0|180|0.0|11.6|135|35.6|26.9|0.04|0.11|44.1531|2.1863
21|41|0|180|0.0|11.6|135|35.7|26.9|0.04|0.11|44.1529|2.1863
21|43|0|180|0.0|11.6|135|36.4|26.8|0.04|0.11|44.1536|2.7901
21|44|0|180|0.0|11.6|135|36.9|26.8|0.04|0.11|44.1547|2.7901
21|47|0|180|0.0|11.6|135|37.6|26.7|0.04|0.11|44.1568|3.37911
21|48|0|180|0.0|11.6|135|37.3|26.6|0.04|0.11|44.1576|3.37911
21|50|0|180|0.0|11.6|135|36.9|26.5|0.04|0.11|44.1538|2.7901
21|53|0|180|0.0|11.6|135|38.3|26.4|0.04|0.11|44.1558|3.9541
21|56|0|180|0.0|11.6|135|39.5|26.4|0.04|0.11|44.1553|4.51574
21|57|0|180|0.0|11.6|135|39.3|26.4|0.04|0.11|44.1536|4.51574
22|02|0|180|1.5|11.6|135|43.8|26.7|0.05|0.12|44.1588|6.64111
22|03|0|180|0.0|11.6|135|43.5|26.6|0.04|0.12|44.1571|6.64111
22|07|0|180|1.5|11.6|135|40.3|26.4|0.04|0.12|44.157|5.06469
22|08|0|45|1.5|11.6|135|40.1|26.4|0.04|0.12|44.1572|5.06469
22|09|0|45|1.5|11.6|135|40.3|26.3|0.04|0.12|44.1584|5.06469
22|10|0|45|1.6|11.6|135|41.1|26.1|0.04|0.12|44.1579|5.60154
22|11|0|45|0.0|11.6|135|42.0|26.1|0.04|0.12|44.1598|6.12684
22|12|0|45|1.5|11.6|135|42.1|26.1|0.04|0.12|44.1625|6.12684
22|14|0|45|0.0|11.6|135|40.7|26.0|0.04|0.12|44.1605|5.06469
22|16|0|45|0.0|11.6|135|40.2|26.0|0.04|0.12|44.1584|5.06469
22|19|0|45|0.0|11.6|135|40.9|26.0|0.04|0.12|44.1591|5.06469
22|20|0|45|1.5|11.6|135|41.5|26.0|0.04|0.12|44.161|5.60154
22|21|0|45|0.0|11.6|135|41.5|25.9|0.04|0.12|44.16|4.69596
22|22|0|45|0.0|11.6|135|41.5|26.0|0.04|0.12|44.1601|5.60154
22|23|0|45|0.0|11.6|135|41.4|25.9|0.04|0.12|44.1601|4.69596
22|24|0|45|0.0|11.6|135|41.4|25.9|0.04|0.12|44.1609|4.69596
22|28|0|45|0.0|11.6|135|40.6|25.8|0.04|0.12|44.163|4.16154
22|30|0|45|0.0|11.6|135|40.7|25.8|0.04|0.13|44.1633|4.16154
22|31|0|45|0.0|11.6|135|40.5|25.8|0.04|0.13|44.1635|4.16154
22|32|0|45|0.0|11.6|135|40.3|25.7|0.03|0.13|44.1633|4.16154
22|35|0|45|1.5|11.6|135|40.7|25.7|0.02|0.13|44.1653|4.16154
22|36|0|45|0.0|11.6|135|40.7|25.7|0.02|0.13|44.1662|4.16154
22|38|0|45|0.0|11.6|135|40.6|25.6|0.02|0.13|44.1672|4.16154
22|39|0|45|0.0|11.6|135|40.6|25.6|0.02|0.13|44.1673|4.16154
22|40|0|45|0.0|11.6|135|40.5|25.5|0.02|0.13|44.1677|4.16154
22|42|0|45|0.0|11.6|135|40.5|25.5|0.02|0.13|44.1683|4.16154
22|44|0|45|0.0|11.6|135|40.7|25.4|0.03|0.14|44.1684|4.16154
22|55|0|45|0.0|11.6|135|39.3|25.5|0.03|0.14|44.1724|3.61506
22|58|0|45|1.5|11.6|135|39.1|25.4|0.04|0.15|44.175|3.61506
22|59|0|45|1.6|11.6|135|39.0|25.4|0.04|0.15|44.1752|3.61506
23|02|0|45|1.5|11.6|135|39.2|25.5|0.03|0.15|44.1778|3.61506
23|07|0|45|0.0|11.6|135|39.7|25.4|0.03|0.15|44.1781|3.61506
23|08|0|45|0.0|11.6|135|39.8|25.2|0.03|0.15|44.1787|3.61506
23|10|0|45|0.0|11.6|135|39.7|25.1|0.03|0.15|44.1799|3.61506
23|19|0|45|0.0|11.6|135|40.2|24.7|0.03|0.15|44.1824|3.25817
23|20|0|45|0.0|11.6|135|40.2|24.6|0.03|0.15|44.1815|3.25817
23|22|0|45|0.0|11.6|135|40.5|24.6|0.03|0.15|44.1826|3.25817
23|24|0|45|0.0|11.6|135|40.7|24.6|0.03|0.15|44.1862|3.25817
23|25|0|45|0.0|11.6|135|40.7|24.5|0.03|0.15|44.1841|3.25817
23|26|0|45|0.0|11.6|135|40.8|24.5|0.03|0.15|44.1834|3.25817
23|27|0|45|0.0|11.6|135|40.8|24.3|0.03|0.15|44.1827|3.25817
23|28|0|45|0.0|11.6|135|40.9|24.3|0.03|0.15|44.1842|3.25817
23|29|0|45|0.0|11.6|135|41.0|24.3|0.02|0.15|44.1859|3.79017
23|31|0|45|0.0|11.6|135|41.1|24.2|0.02|0.15|44.1838|3.79017
23|32|0|45|0.0|11.6|135|41.1|24.2|0.02|0.15|44.1859|3.79017
23|33|0|45|0.0|11.6|135|41.1|24.1|0.02|0.15|44.1843|3.79017
23|35|0|45|0.0|11.6|135|41.1|24.0|0.02|0.15|44.183|3.79017
23|36|0|45|0.0|11.6|135|41.1|24.1|0.02|0.15|44.1848|3.79017
23|38|0|45|0.0|11.6|135|41.1|24.0|0.02|0.15|44.1867|3.79017
23|39|0|45|0.0|11.6|135|41.2|24.0|0.02|0.15|44.1851|3.79017
23|43|0|45|0.0|11.6|135|41.3|24.0|0.01|0.15|44.1839|3.79017
23|44|0|45|0.0|11.6|135|41.3|24.0|0.01|0.15|44.1843|3.79017
23|49|0|45|0.0|11.6|135|41.2|24.0|0.02|0.17|44.187|3.79017
23|50|0|45|0.0|11.6|135|41.1|24.0|0.02|0.17|44.1873|3.79017
23|53|0|45|0.0|11.6|135|41.0|23.8|0.02|0.17|44.1899|2.88419
