00|00|0|225|0.0|4.8|45|53.5|30.0|0.01|0.12|43.5457|14.9933
00|01|0|225|0.0|4.8|45|53.6|30.0|0.01|0.12|43.5466|14.9933
00|02|0|225|0.0|4.8|45|53.6|29.9|0.01|0.12|43.5467|14.0626
00|03|0|225|1.6|4.8|45|53.6|29.9|0.01|0.12|43.5483|14.0626
00|04|0|225|0.0|4.8|45|53.6|29.9|0.01|0.12|43.5478|14.0626
00|05|0|225|0.0|4.8|45|53.5|29.9|0.01|0.12|43.5467|14.0626
00|06|0|225|0.0|4.8|45|53.4|29.9|0.01|0.12|43.5461|14.0626
00|07|0|225|0.0|4.8|45|53.4|29.9|0.01|0.12|43.5455|14.0626
00|08|0|225|0.0|4.8|45|53.4|29.9|0.01|0.12|43.5434|14.0626
00|09|0|225|1.6|4.8|45|53.4|29.9|0.01|0.12|43.545|14.0626
00|10|0|225|0.0|4.8|45|53.4|29.7|0.00|0.12|43.5439|14.0626
00|12|0|225|0.0|4.8|45|53.5|29.7|0.00|0.12|43.5439|14.0626
00|13|0|225|1.6|4.8|45|53.6|29.7|0.00|0.12|43.5431|14.0626
00|14|0|225|0.0|4.8|45|53.8|29.7|0.00|0.12|43.5427|14.0626
00|16|0|45|1.5|4.8|45|54.0|29.6|0.00|0.12|43.5425|14.4873
00|17|0|45|0.0|4.8|45|53.8|29.5|0.00|0.12|43.5425|14.0626
00|19|0|45|0.0|4.8|45|53.7|29.4|0.00|0.12|43.543|14.0626
00|20|0|45|0.0|4.8|45|53.8|29.3|0.00|0.12|43.5433|14.0626
00|21|0|45|0.0|4.8|45|53.5|29.3|0.00|0.12|43.5453|14.0626
00|22|0|45|0.0|4.8|45|53.1|29.3|0.00|0.12|43.5418|14.0626
00|23|0|45|0.0|4.8|45|52.8|29.2|0.00|0.12|43.5401|13.6307
00|24|0|90|0.0|4.8|45|52.6|29.2|0.00|0.12|43.5407|13.6307
00|25|0|90|0.0|4.8|45|52.5|29.1|0.00|0.12|43.5428|13.6307
00|26|0|90|0.0|4.8|45|52.4|29.1|0.00|0.12|43.5436|13.6307
00|27|0|90|1.6|4.8|45|52.5|29.0|0.00|0.12|43.5441|13.6307
00|28|0|90|0.0|4.8|45|52.7|29.0|0.00|0.12|43.545|13.6307
00|29|0|90|0.0|4.8|45|52.7|29.0|0.00|0.12|43.5425|13.6307
00|30|0|90|0.0|4.8|45|52.7|28.8|0.00|0.12|43.5409|12.7017
00|31|0|90|1.5|4.8|45|52.8|28.8|0.00|0.12|43.541|12.7017
00|32|0|135|0.0|4.8|45|52.8|28.7|0.00|0.12|43.5408|12.7017
00|33|0|135|0.0|4.8|45|52.9|28.7|0.00|0.12|43.544|12.7017
00|34|0|135|0.0|4.8|45|53.0|28.6|0.00|0.12|43.5457|13.1317
00|36|0|135|0.0|4.8|45|53.0|28.6|0.00|0.12|43.5469|13.1317
00|37|0|135|0.0|4.8|45|53.1|28.5|0.00|0.12|43.5453|13.1317
00|38|0|135|0.0|4.8|45|53.1|28.5|0.00|0.12|43.5439|13.1317
00|39|0|135|0.0|4.8|45|53.2|28.5|0.00|0.12|43.5438|13.1317
00|40|0|135|1.5|4.8|45|53.3|28.5|0.00|0.12|43.5422|13.1317
00|41|0|135|1.5|4.8|45|53.3|28.5|0.00|0.12|43.5415|13.1317
00|42|0|135|1.5|4.8|45|53.4|28.4|0.00|0.12|43.54|13.1317
00|43|0|135|1.5|4.8|45|53.5|28.3|0.00|0.12|43.5397|13.1317
00|45|0|135|1.6|4.8|45|53.7|28.3|0.00|0.12|43.5461|13.1317
00|46|0|135|1.5|4.8|45|53.8|28.2|0.00|0.12|43.5474|13.1317
00|47|0|135|1.5|4.8|45|54.0|28.2|0.00|0.12|43.5446|13.5545
00|48|0|135|1.5|4.8|45|54.2|28.1|0.00|0.12|43.5467|13.5545
00|49|0|135|0.0|4.8|45|54.3|28.1|0.00|0.12|43.5472|13.5545
00|50|0|135|0.0|4.8|45|54.3|28.1|0.00|0.12|43.5481|13.5545
00|51|0|135|0.0|4.8|45|54.2|28.1|0.00|0.12|43.5509|13.5545
00|52|0|135|0.0|4.8|45|54.2|28.1|0.00|0.12|43.5509|13.5545
00|53|0|135|0.0|4.8|45|54.2|28.1|0.00|0.12|43.5488|13.5545
00|54|0|135|0.0|4.8|45|54.2|28.1|0.00|0.12|43.5498|13.5545
00|56|0|135|1.5|4.8|45|54.2|28.1|0.00|0.12|43.5494|13.5545
00|57|0|135|0.0|4.8|45|54.2|28.0|0.00|0.12|43.5451|13.5545
00|58|0|135|0.0|4.8|45|54.2|28.1|0.00|0.12|43.5493|13.5545
00|59|0|135|1.5|4.8|45|54.2|28.1|0.01|0.13|43.554|13.5545
01|00|0|135|0.0|4.8|45|54.2|28.0|0.01|0.13|43.5509|13.5545
01|01|0|135|0.0|4.8|45|54.2|28.0|0.01|0.13|43.5519|13.5545
01|02|0|135|0.0|4.8|45|54.2|28.0|0.01|0.13|43.5536|13.5545
01|03|0|135|0.0|4.8|45|54.3|28.0|0.01|0.13|43.5512|13.5545
01|04|0|135|0.0|4.8|45|54.5|28.0|0.01|0.13|43.5519|13.5545
01|05|0|135|1.5|4.8|45|54.5|28.0|0.02|0.14|43.5509|13.5545
01|06|0|135|0.0|4.8|45|54.4|28.0|0.02|0.14|43.551|13.5545
01|07|0|135|0.0|4.8|45|54.2|28.0|0.02|0.14|43.5515|13.5545
01|08|0|135|0.0|4.8|45|54.1|28.0|0.02|0.14|43.5502|13.5545
01|09|0|135|0.0|4.8|45|54.3|27.8|0.02|0.14|43.5489|12.6216
01|10|0|135|0.0|4.8|45|54.4|27.8|0.02|0.14|43.551|12.6216
01|11|0|135|0.0|4.8|45|54.4|27.8|0.02|0.14|43.553|12.6216
01|12|0|135|0.0|4.8|45|54.5|27.7|0.02|0.14|43.5505|12.6216
01|13|0|135|0.0|4.8|45|54.6|27.7|0.02|0.14|43.5506|12.6216
01|15|0|135|0.0|4.8|45|54.5|27.7|0.02|0.14|43.553|12.6216
01|16|0|135|1.5|4.8|45|54.6|27.6|0.02|0.14|43.5538|12.6216
01|17|0|135|1.5|4.8|45|54.7|27.7|0.02|0.14|43.5557|12.6216
01|18|0|135|2.9|4.8|45|54.5|27.5|0.02|0.14|43.5517|12.6216
01|19|0|135|1.5|4.8|45|54.6|27.4|0.02|0.14|43.5547|12.6216
01|20|0|270|1.5|4.8|45|54.7|27.3|0.02|0.14|43.5543|12.6216
01|21|0|270|1.5|4.8|45|55.1|27.2|0.02|0.14|43.5515|13.0356
01|23|0|225|0.0|4.8|45|55.5|26.9|0.02|0.14|43.5485|12.1005
01|24|0|225|0.0|4.8|45|55.6|26.9|0.02|0.14|43.5505|12.1005
01|25|0|225|0.0|4.8|45|56.0|26.8|0.02|0.14|43.5518|12.506
01|26|0|225|1.6|4.8|45|56.1|26.7|0.02|0.14|43.5479|12.506
01|27|0|225|0.0|4.8|45|56.2|26.7|0.02|0.14|43.5463|12.506
01|28|0|225|0.0|4.8|45|56.3|26.6|0.02|0.14|43.5453|12.506
01|30|0|225|0.0|4.8|45|56.4|26.6|0.03|0.15|43.547|12.506
01|32|0|225|1.6|4.8|45|56.6|26.5|0.03|0.15|43.5481|12.506
01|35|0|315|0.0|4.8|45|57.3|26.4|0.04|0.17|43.547|12.9052
01|36|0|315|1.5|4.8|45|57.4|26.4|0.04|0.17|43.5473|12.9052
01|37|0|315|1.5|4.8|45|57.5|26.4|0.04|0.17|43.5477|12.9052
01|38|0|270|0.0|4.8|45|57.6|26.4|0.04|0.17|43.5479|12.9052
01|39|0|270|0.0|4.8|45|57.8|26.4|0.04|0.17|43.5478|12.9052
01|41|0|315|2.9|4.8|45|57.9|26.4|0.04|0.17|43.5543|12.9052
01|42|0|315|1.5|4.8|45|57.6|26.3|0.04|0.17|43.5562|12.9052
01|43|0|315|1.5|4.8|45|56.9|26.3|0.04|0.17|43.5599|12.506
01|44|0|315|1.6|4.8|45|56.8|26.1|0.04|0.17|43.5589|12.506
01|45|0|315|1.5|4.8|45|57.5|26.0|0.04|0.17|43.5639|12.9052
01|46|0|315|1.5|4.8|45|58.0|25.9|0.04|0.17|43.5628|12.3574
01|47|0|315|1.6|4.8|45|58.1|25.8|0.04|0.17|43.5647|12.3574
01|48|0|315|1.5|4.8|45|58.3|25.8|0.04|0.17|43.5635|12.3574
01|50|0|315|0.0|4.8|45|58.4|25.7|0.04|0.17|43.5621|12.3574
01|50|0|315|0.0|4.8|45|58.5|25.8|0.04|0.17|43.5631|12.3574
01|52|0|315|0.0|4.8|45|58.3|25.7|0.04|0.17|43.5624|12.3574
01|53|0|315|0.0|4.8|45|58.2|25.7|0.04|0.17|43.5622|12.3574
01|54|0|315|1.5|4.8|45|58.8|25.7|0.04|0.17|43.5634|12.3574
01|55|0|315|1.5|4.8|45|59.2|25.7|0.04|0.17|43.5648|12.7426
01|56|0|315|0.0|4.8|45|59.1|25.7|0.04|0.17|43.566|12.7426
01|57|0|315|1.5|4.8|45|58.9|25.7|0.04|0.17|43.5664|12.3574
01|58|0|315|0.0|4.8|45|58.8|25.7|0.04|0.17|43.5663|12.3574
01|59|0|315|0.0|4.8|45|58.8|25.7|0.03|0.17|43.5654|12.3574
02|00|0|315|0.0|4.8|45|58.8|25.8|0.03|0.17|43.5673|12.3574
02|01|0|315|0.0|4.8|45|58.8|25.8|0.03|0.17|43.5658|12.3574
02|02|0|315|1.5|4.8|45|58.8|25.7|0.03|0.17|43.5644|12.3574
02|03|0|315|1.5|4.8|45|58.9|25.8|0.03|0.17|43.5674|12.3574
02|04|0|315|0.0|4.8|45|58.8|25.8|0.03|0.17|43.5673|12.3574
02|05|0|315|0.0|4.8|45|58.8|25.8|0.02|0.17|43.5677|12.3574
02|06|0|315|1.5|4.8|45|58.6|25.8|0.02|0.17|43.5648|12.3574
02|07|0|315|0.0|4.8|45|58.5|25.9|0.02|0.17|43.5669|12.3574
02|08|0|315|1.5|4.8|45|58.5|25.9|0.02|0.17|43.565|12.3574
02|09|0|315|0.0|4.8|45|58.5|26.0|0.02|0.17|43.5672|13.2981
02|10|0|0|1.6|4.8|45|58.5|26.0|0.02|0.17|43.5646|13.2981
02|12|0|0|0.0|4.8|45|58.5|26.0|0.02|0.17|43.5649|13.2981
02|13|0|0|0.0|4.8|45|58.4|26.1|0.02|0.17|43.5625|13.2981
02|15|0|0|0.0|4.8|45|58.0|26.3|0.02|0.17|43.5589|13.2981
02|16|0|0|0.0|4.8|45|57.8|26.3|0.02|0.17|43.5552|12.9052
02|17|0|0|0.0|4.8|45|57.7|26.4|0.02|0.17|43.5541|12.9052
02|18|0|0|0.0|4.8|45|57.7|26.4|0.02|0.17|43.5537|12.9052
02|19|0|0|0.0|4.8|45|57.8|26.5|0.02|0.17|43.5551|12.9052
02|20|0|0|0.0|4.8|45|57.8|26.5|0.02|0.17|43.554|12.9052
02|21|0|0|0.0|4.8|45|57.8|26.5|0.02|0.17|43.5541|12.9052
02|22|0|0|0.0|4.8|45|57.7|26.6|0.02|0.17|43.5559|12.9052
02|23|0|0|0.0|4.8|45|57.5|26.6|0.02|0.17|43.5554|12.9052
02|24|0|0|0.0|4.8|45|57.4|26.6|0.02|0.17|43.5569|12.9052
02|25|0|0|0.0|4.8|45|57.3|26.6|0.02|0.17|43.5583|12.9052
02|26|0|0|1.6|4.8|45|57.2|26.6|0.02|0.17|43.5579|12.9052
02|27|0|0|1.5|4.8|45|57.0|26.7|0.02|0.17|43.5583|12.9052
02|28|0|0|0.0|4.8|45|57.0|26.7|0.02|0.17|43.5618|12.9052
02|29|0|0|0.0|4.8|45|56.9|26.7|0.01|0.17|43.5584|12.506
02|30|0|0|0.0|4.8|45|56.9|26.7|0.01|0.17|43.5612|12.506
02|31|0|0|0.0|4.8|45|56.9|26.7|0.00|0.17|43.5604|12.506
02|33|0|0|0.0|4.8|45|56.9|26.7|0.00|0.17|43.5607|12.506
02|34|0|0|0.0|4.8|45|57.0|26.7|0.00|0.17|43.5609|12.9052
02|36|0|0|0.0|4.8|45|57.1|26.7|0.01|0.18|43.5622|12.9052
02|37|0|0|0.0|4.8|45|57.0|26.7|0.01|0.18|43.5627|12.9052
02|38|0|0|0.0|4.8|45|57.0|26.7|0.01|0.18|43.5644|12.9052
02|39|0|0|0.0|4.8|45|57.0|26.7|0.01|0.18|43.5639|12.9052
02|40|0|0|0.0|4.8|45|57.0|26.7|0.01|0.18|43.5638|12.9052
02|41|0|0|0.0|4.8|45|57.0|26.7|0.01|0.18|43.5632|12.9052
02|42|0|0|0.0|4.8|45|57.0|26.7|0.01|0.18|43.5631|12.9052
02|43|0|0|0.0|4.8|45|57.1|26.7|0.01|0.18|43.5647|12.9052
02|44|0|0|0.0|4.8|45|57.1|26.7|0.01|0.18|43.5629|12.9052
02|45|0|0|0.0|4.8|45|57.0|26.7|0.01|0.18|43.5638|12.9052
02|46|0|0|0.0|4.8|45|57.0|26.7|0.01|0.18|43.5648|12.9052
02|48|0|0|0.0|4.8|45|57.0|26.7|0.01|0.18|43.5618|12.9052
02|49|0|0|0.0|4.8|45|57.0|26.7|0.01|0.18|43.5596|12.9052
02|50|0|0|0.0|4.8|45|57.0|26.7|0.01|0.18|43.5601|12.9052
02|51|0|270|1.5|4.8|45|57.0|26.7|0.01|0.18|43.5623|12.9052
02|52|0|270|0.0|4.8|45|57.1|26.7|0.01|0.18|43.5613|12.9052
02|54|0|270|0.0|4.8|45|57.2|26.7|0.01|0.18|43.5612|12.9052
02|55|0|270|0.0|4.8|45|57.2|26.7|0.01|0.18|43.5602|12.9052
02|56|0|270|0.0|4.8|45|57.1|26.7|0.01|0.18|43.5607|12.9052
02|57|0|270|0.0|4.8|45|57.1|26.7|0.01|0.18|43.5609|12.9052
02|58|0|270|0.0|4.8|45|57.0|26.6|0.01|0.18|43.5592|12.9052
02|59|0|270|0.0|4.8|45|57.0|26.6|0.01|0.18|43.5586|12.9052
03|00|0|270|0.0|4.8|45|57.0|26.6|0.01|0.18|43.5586|12.9052
03|01|0|270|0.0|4.8|45|57.1|26.5|0.01|0.18|43.5601|12.9052
03|02|0|270|0.0|4.8|45|57.0|26.5|0.01|0.18|43.5599|12.9052
03|03|0|270|0.0|4.8|45|57.1|26.5|0.01|0.18|43.5624|12.9052
03|04|0|270|0.0|4.8|45|57.2|26.4|0.01|0.18|43.5646|12.9052
03|05|0|270|0.0|4.8|45|57.2|26.4|0.01|0.18|43.5645|12.9052
03|06|0|270|0.0|4.8|45|57.2|26.4|0.01|0.18|43.5672|12.9052
03|07|0|270|0.0|4.8|45|57.2|26.4|0.01|0.18|43.5692|12.9052
03|08|0|270|0.0|4.8|45|57.2|26.4|0.01|0.18|43.5678|12.9052
03|09|0|270|0.0|4.8|45|57.3|26.4|0.01|0.18|43.5673|12.9052
03|10|0|270|0.0|4.8|45|57.4|26.4|0.01|0.18|43.5661|12.9052
03|11|0|270|0.0|4.8|45|57.4|26.4|0.01|0.18|43.5671|12.9052
03|13|0|270|0.0|4.8|45|57.4|26.4|0.01|0.18|43.5673|12.9052
03|14|0|270|0.0|4.8|45|57.4|26.4|0.01|0.18|43.567|12.9052
03|15|0|270|0.0|4.8|45|57.4|26.4|0.01|0.18|43.5678|12.9052
03|16|0|270|0.0|4.8|45|57.4|26.4|0.01|0.18|43.5644|12.9052
03|17|0|270|0.0|4.8|45|57.4|26.4|0.01|0.18|43.5658|12.9052
03|18|0|270|0.0|4.8|45|57.4|26.3|0.01|0.18|43.5667|12.9052
03|19|0|270|0.0|4.8|45|57.5|26.3|0.01|0.18|43.5679|12.9052
03|20|0|270|0.0|4.8|45|57.4|26.3|0.01|0.18|43.5677|12.9052
03|21|0|270|0.0|4.8|45|57.5|26.1|0.01|0.18|43.5664|12.9052
03|22|0|270|0.0|4.8|45|57.6|26.1|0.01|0.18|43.5661|12.9052
03|23|0|270|0.0|4.8|45|57.8|26.1|0.01|0.18|43.5667|12.9052
03|24|0|270|0.0|4.8|45|58.0|26.1|0.01|0.18|43.5656|13.2981
03|25|0|270|0.0|4.8|45|58.2|26.1|0.01|0.18|43.5661|13.2981
03|26|0|270|0.0|4.8|45|58.3|26.1|0.01|0.18|43.5631|13.2981
03|28|0|270|0.0|4.8|45|58.5|26.3|0.01|0.18|43.566|13.2981
03|29|0|270|0.0|4.8|45|58.6|26.3|0.02|0.19|43.5624|13.2981
03|30|0|270|0.0|4.8|45|58.6|26.3|0.02|0.19|43.5641|13.2981
03|32|0|270|0.0|4.8|45|58.6|26.3|0.03|0.20|43.5654|13.2981
03|34|0|270|0.0|4.8|45|58.5|26.4|0.03|0.20|43.5676|13.2981
03|35|0|270|0.0|4.8|45|58.5|26.4|0.02|0.20|43.5656|13.2981
03|36|0|270|0.0|4.8|45|58.3|26.4|0.02|0.20|43.5641|13.2981
03|37|0|270|0.0|4.8|45|58.3|26.4|0.02|0.20|43.5637|13.2981
03|38|0|270|0.0|4.8|45|58.4|26.4|0.02|0.20|43.5678|13.2981
03|39|0|270|0.0|4.8|45|58.5|26.4|0.02|0.20|43.5656|13.2981
03|40|0|270|0.0|4.8|45|58.4|26.4|0.02|0.20|43.5684|13.2981
03|41|0|270|0.0|4.8|45|58.4|26.4|0.02|0.20|43.5649|13.2981
03|42|0|270|0.0|4.8|45|58.5|26.4|0.02|0.20|43.5651|13.2981
03|43|0|270|0.0|4.8|45|58.6|26.4|0.02|0.20|43.569|13.2981
03|44|0|270|0.0|4.8|45|58.6|26.4|0.02|0.20|43.5706|13.2981
03|45|0|270|0.0|4.8|45|58.7|26.4|0.02|0.20|43.5705|13.2981
03|46|0|270|1.6|4.8|45|58.8|26.4|0.02|0.20|43.57|13.2981
03|47|0|270|0.0|4.8|45|59.0|26.4|0.02|0.20|43.5684|13.685
03|48|0|270|0.0|4.8|45|59.0|26.4|0.02|0.20|43.5716|13.685
03|49|0|270|0.0|4.8|45|59.1|26.4|0.02|0.20|43.5732|13.685
03|51|0|68|0.0|4.8|45|59.1|26.4|0.02|0.20|43.5742|13.685
03|55|0|135|1.6|4.8|45|59.3|26.3|0.02|0.20|43.5726|13.685
03|56|0|135|0.0|4.8|45|59.2|26.3|0.02|0.20|43.5738|13.685
03|57|0|135|0.0|4.8|45|59.2|26.1|0.02|0.20|43.572|13.685
03|58|0|135|0.0|4.8|45|59.2|26.3|0.03|0.21|43.5733|13.685
03|59|0|135|0.0|4.8|45|59.1|26.1|0.03|0.21|43.5706|13.685
04|00|0|135|0.0|4.8|45|59.1|26.1|0.03|0.21|43.5709|13.685
04|01|0|135|0.0|4.8|45|59.2|26.1|0.03|0.21|43.5726|13.685
04|02|0|135|0.0|4.8|45|59.2|26.1|0.03|0.21|43.5745|13.685
04|03|0|135|0.0|4.8|45|59.1|26.3|0.03|0.21|43.5759|13.685
04|04|0|45|1.5|4.8|45|59.2|26.1|0.03|0.21|43.5754|13.685
04|05|0|45|1.5|4.8|45|59.3|26.1|0.03|0.21|43.5756|13.685
04|06|0|45|0.0|4.8|45|59.9|26.1|0.03|0.21|43.5768|13.685
04|07|0|45|0.0|4.8|45|60.5|26.1|0.03|0.21|43.577|14.0662
04|08|0|45|0.0|4.8|45|60.5|26.0|0.03|0.21|43.579|14.0662
04|09|0|45|0.0|4.8|45|60.4|26.0|0.03|0.21|43.5797|14.0662
04|10|0|45|0.0|4.8|45|60.4|26.0|0.03|0.21|43.579|14.0662
04|11|0|45|0.0|4.8|45|60.3|26.0|0.03|0.21|43.5788|14.0662
04|12|0|45|0.0|4.8|45|60.2|25.9|0.03|0.21|43.5764|13.122
04|13|0|45|0.0|4.8|45|60.2|25.9|0.03|0.21|43.5769|13.122
04|14|0|45|0.0|4.8|45|60.2|25.9|0.03|0.21|43.5764|13.122
04|16|0|45|0.0|4.8|45|60.1|25.9|0.03|0.21|43.5779|13.122
04|17|0|45|0.0|4.8|45|60.1|25.9|0.03|0.21|43.5779|13.122
04|18|0|45|0.0|4.8|45|60.1|25.9|0.03|0.21|43.5804|13.122
04|19|0|45|0.0|4.8|45|60.2|25.9|0.03|0.21|43.5782|13.122
04|20|0|45|0.0|4.8|45|60.1|25.9|0.03|0.21|43.5807|13.122
04|21|0|45|0.0|4.8|45|60.0|25.8|0.03|0.21|43.5796|13.122
04|22|0|45|0.0|4.8|45|59.9|25.8|0.03|0.21|43.5793|12.7426
04|23|0|45|0.0|4.8|45|60.0|25.8|0.03|0.21|43.5802|13.122
04|24|0|45|0.0|4.8|45|60.1|25.8|0.03|0.21|43.5791|13.122
04|25|0|45|0.0|4.8|45|60.3|25.8|0.03|0.21|43.5801|13.122
04|26|0|45|0.0|4.8|45|60.4|25.7|0.03|0.21|43.5786|13.122
04|27|0|45|0.0|4.8|45|60.4|25.7|0.03|0.21|43.5806|13.122
04|29|0|45|0.0|4.8|45|60.4|25.7|0.02|0.21|43.5784|13.122
04|30|0|45|0.0|4.8|45|60.3|25.7|0.02|0.21|43.5806|13.122
04|31|0|45|0.0|4.8|45|60.3|25.7|0.02|0.21|43.5833|13.122
04|32|0|45|0.0|4.8|45|60.2|25.7|0.01|0.21|43.5829|13.122
04|33|0|45|0.0|4.8|45|60.3|25.7|0.01|0.21|43.5852|13.122
04|34|0|45|0.0|4.8|45|60.4|25.7|0.01|0.21|43.5847|13.122
04|36|0|45|0.0|4.8|45|60.3|25.7|0.01|0.21|43.583|13.122
04|37|0|45|0.0|4.8|45|60.4|25.7|0.01|0.21|43.5821|13.122
04|38|0|45|0.0|4.8|45|60.5|25.8|0.01|0.21|43.5837|13.122
04|39|0|45|0.0|4.8|45|60.5|25.7|0.01|0.21|43.5833|13.122
04|40|0|45|0.0|4.8|45|60.5|25.7|0.01|0.21|43.5841|13.122
04|41|0|45|0.0|4.8|45|60.5|25.7|0.01|0.21|43.583|13.122
04|42|0|45|0.0|4.8|45|60.6|25.8|0.01|0.21|43.5854|13.122
04|43|0|45|0.0|4.8|45|60.5|25.7|0.01|0.21|43.5825|13.122
04|44|0|45|0.0|4.8|45|60.6|25.7|0.01|0.21|43.5861|13.122
04|45|0|45|0.0|4.8|45|60.7|25.7|0.01|0.21|43.5868|13.122
04|46|0|45|1.6|4.8|45|60.7|25.7|0.01|0.21|43.5855|13.122
04|47|0|45|0.0|4.8|45|60.7|25.6|0.01|0.21|43.5829|13.122
04|48|0|45|0.0|4.8|45|61.0|25.7|0.01|0.21|43.5831|13.4958
04|49|0|45|0.0|4.8|45|61.1|25.6|0.01|0.21|43.5797|13.4958
04|50|0|45|0.0|4.8|45|61.1|25.6|0.01|0.21|43.5807|13.4958
04|51|0|45|0.0|4.8|45|61.2|25.6|0.01|0.21|43.5805|13.4958
04|53|0|45|0.0|4.8|45|61.2|25.6|0.01|0.21|43.5808|13.4958
04|55|0|45|0.0|4.8|45|61.0|25.6|0.01|0.21|43.5817|13.4958
04|56|0|45|0.0|4.8|45|60.9|25.6|0.01|0.21|43.5825|13.122
04|57|0|45|0.0|4.8|45|60.8|25.6|0.02|0.22|43.5799|13.122
04|58|0|45|0.0|4.8|45|60.8|25.7|0.01|0.22|43.5831|13.122
04|59|0|45|0.0|4.8|45|60.8|25.6|0.01|0.22|43.5802|13.122
05|00|0|45|0.0|4.8|45|60.8|25.7|0.01|0.22|43.5813|13.122
05|01|0|45|0.0|4.8|45|60.9|25.7|0.01|0.22|43.5824|13.122
05|02|0|45|1.5|4.8|45|61.2|25.7|0.01|0.22|43.582|13.4958
05|03|0|45|1.5|4.8|45|61.2|25.7|0.01|0.22|43.5827|13.4958
05|04|0|45|1.5|4.8|45|61.2|25.6|0.01|0.22|43.5813|13.4958
05|05|0|45|0.0|4.8|45|61.2|25.6|0.01|0.22|43.5815|13.4958
05|06|0|45|1.5|4.8|45|61.4|25.7|0.01|0.22|43.5838|13.4958
05|07|0|45|0.0|4.8|45|61.3|25.6|0.01|0.22|43.584|13.4958
05|08|0|45|0.0|4.8|45|61.3|25.6|0.01|0.22|43.5858|13.4958
05|09|0|45|0.0|4.8|45|61.3|25.6|0.01|0.22|43.5855|13.4958
05|10|0|45|0.0|4.8|45|61.3|25.6|0.01|0.22|43.586|13.4958
05|12|0|45|1.6|4.8|45|61.4|25.6|0.01|0.22|43.5862|13.4958
05|13|0|45|0.0|4.8|45|61.6|25.6|0.01|0.22|43.5881|13.4958
05|14|0|45|0.0|4.8|45|61.7|25.5|0.01|0.22|43.5873|13.4958
05|16|0|45|1.5|4.8|45|61.8|25.5|0.01|0.22|43.5864|13.4958
05|17|0|45|1.5|4.8|45|62.0|25.5|0.01|0.22|43.5888|13.8642
05|18|0|45|1.5|4.8|45|62.2|25.5|0.01|0.22|43.5894|13.8642
05|19|0|45|0.0|4.8|45|62.4|25.5|0.01|0.22|43.5909|13.8642
05|20|0|45|1.6|4.8|45|62.8|25.5|0.01|0.22|43.5911|13.8642
05|21|0|45|0.0|4.8|45|63.1|25.4|0.01|0.22|43.588|14.2274
05|23|0|45|0.0|4.8|45|63.2|25.5|0.01|0.22|43.5915|14.2274
05|24|0|45|0.0|4.8|45|63.3|25.5|0.01|0.22|43.5883|14.2274
05|25|0|45|1.6|4.8|45|63.2|25.5|0.01|0.22|43.5905|14.2274
05|26|0|45|0.0|4.8|45|63.0|25.6|0.01|0.22|43.5917|14.2274
05|27|0|45|1.5|4.8|45|63.2|25.6|0.01|0.22|43.5929|14.2274
05|28|0|45|1.5|4.8|45|63.4|25.6|0.02|0.23|43.5919|14.2274
05|29|0|45|1.6|4.8|45|63.4|25.6|0.02|0.23|43.5934|14.2274
05|30|0|45|1.5|4.8|45|63.3|25.7|0.02|0.23|43.5938|14.2274
05|31|0|45|1.5|4.8|45|63.3|25.7|0.02|0.23|43.5923|14.2274
05|32|0|45|0.0|4.8|45|63.2|25.7|0.02|0.23|43.5941|14.2274
05|33|0|45|1.5|4.8|45|63.1|25.7|0.02|0.23|43.5953|14.2274
05|34|0|45|0.0|4.8|45|63.0|25.7|0.03|0.24|43.5942|14.2274
05|35|0|45|1.5|4.8|45|63.1|25.7|0.03|0.24|43.5953|14.2274
05|37|0|45|0.0|4.8|45|63.0|25.7|0.03|0.24|43.5974|14.2274
05|38|0|45|0.0|4.8|45|62.9|25.8|0.03|0.24|43.5988|13.8642
05|39|0|45|0.0|4.8|45|62.8|25.8|0.03|0.24|43.5981|13.8642
05|40|0|45|0.0|4.8|45|62.7|25.8|0.03|0.24|43.5975|13.8642
05|41|0|45|0.0|4.8|45|62.7|25.9|0.03|0.24|43.6|13.8642
05|42|0|45|0.0|4.8|45|62.7|25.9|0.03|0.24|43.5987|13.8642
05|43|0|45|0.0|4.8|45|62.7|25.9|0.03|0.24|43.5996|13.8642
05|44|0|45|0.0|4.8|45|62.6|26.0|0.03|0.24|43.6005|14.8119
05|45|0|45|0.0|4.8|45|62.5|26.0|0.03|0.24|43.6019|14.8119
05|47|0|45|0.0|4.8|45|62.3|26.1|0.03|0.24|43.6046|14.8119
05|48|0|45|0.0|4.8|45|62.2|26.1|0.03|0.24|43.6047|14.8119
05|49|0|45|0.0|4.8|45|62.1|26.1|0.03|0.24|43.6077|14.8119
05|50|0|45|0.0|4.8|45|62.0|26.1|0.03|0.24|43.6071|14.8119
05|51|0|45|0.0|4.8|45|62.0|26.3|0.03|0.24|43.609|14.8119
05|52|0|45|0.0|4.8|45|62.0|26.3|0.03|0.24|43.6088|14.8119
05|53|0|45|0.0|4.8|45|62.0|26.3|0.03|0.24|43.608|14.8119
05|54|0|45|0.0|4.8|45|61.9|26.3|0.03|0.24|43.6087|14.4418
05|55|0|45|1.5|4.8|45|61.8|26.3|0.03|0.24|43.6077|14.4418
05|56|0|45|0.0|4.8|45|61.8|26.3|0.02|0.24|43.6095|14.4418
05|57|0|45|0.0|4.8|45|61.8|26.3|0.02|0.24|43.6099|14.4418
05|59|0|45|0.0|4.8|45|61.7|26.3|0.02|0.24|43.6096|14.4418
06|00|0|45|0.0|4.8|45|61.6|26.4|0.02|0.24|43.6104|14.4418
06|02|0|45|1.5|4.8|45|61.5|26.4|0.02|0.24|43.6129|14.4418
06|03|0|45|1.5|4.8|45|61.5|26.4|0.02|0.24|43.6135|14.4418
06|04|0|45|1.6|4.8|45|61.4|26.4|0.02|0.24|43.614|14.4418
06|05|0|45|0.0|4.8|45|61.4|26.4|0.02|0.24|43.6115|14.4418
06|06|0|45|0.0|4.8|45|61.4|26.4|0.02|0.24|43.614|14.4418
06|07|0|45|0.0|4.8|45|61.3|26.4|0.02|0.24|43.6135|14.4418
06|08|0|45|0.0|4.8|45|61.2|26.4|0.02|0.24|43.6152|14.4418
06|09|0|45|0.0|4.8|45|61.2|26.4|0.02|0.24|43.6165|14.4418
06|10|0|45|0.0|4.8|45|61.1|26.4|0.02|0.24|43.6157|14.4418
06|11|0|180|0.0|4.8|45|61.1|26.4|0.02|0.24|43.6159|14.4418
06|12|0|180|0.0|4.8|45|61.1|26.4|0.02|0.24|43.6161|14.4418
06|13|0|180|1.6|4.8|45|61.1|26.5|0.02|0.24|43.6187|14.4418
06|14|0|180|0.0|4.8|45|61.1|26.5|0.02|0.24|43.6197|14.4418
06|15|0|180|0.0|4.8|45|61.1|26.4|0.02|0.24|43.617|14.4418
06|17|0|180|1.5|4.8|45|61.1|26.5|0.03|0.25|43.6183|14.4418
06|18|0|180|0.0|4.8|45|61.1|26.5|0.03|0.25|43.6166|14.4418
06|19|0|180|1.5|4.8|45|61.1|26.5|0.03|0.25|43.6183|14.4418
06|20|0|180|1.6|4.8|45|61.1|26.5|0.03|0.25|43.6187|14.4418
06|21|0|180|0.0|4.8|45|61.2|26.5|0.03|0.25|43.6193|14.4418
06|22|0|180|1.5|4.8|45|61.3|26.4|0.03|0.25|43.6188|14.4418
06|23|0|180|1.6|4.8|45|61.5|26.5|0.03|0.25|43.6189|14.4418
06|24|0|180|0.0|4.8|45|61.7|26.5|0.03|0.25|43.6187|14.4418
06|25|0|180|0.0|4.8|45|61.9|26.5|0.04|0.26|43.6176|14.4418
06|26|0|180|0.0|4.8|45|62.0|26.5|0.04|0.26|43.6197|14.8119
06|27|0|180|0.0|4.8|45|62.0|26.5|0.04|0.26|43.6204|14.8119
06|28|0|180|0.0|4.8|45|62.1|26.5|0.03|0.26|43.6211|14.8119
06|29|0|180|0.0|4.8|45|62.0|26.5|0.03|0.26|43.6212|14.8119
06|30|0|180|0.0|4.8|45|61.9|26.5|0.03|0.26|43.6221|14.4418
06|32|0|180|0.0|4.8|45|61.9|26.5|0.03|0.26|43.6243|14.4418
06|33|0|180|0.0|4.8|45|61.8|26.5|0.02|0.26|43.6244|14.4418
06|34|0|180|1.5|4.8|45|62.1|26.5|0.02|0.26|43.6232|14.8119
06|35|0|180|0.0|4.8|45|62.1|26.5|0.02|0.26|43.622|14.8119
06|36|0|180|1.6|4.8|45|62.0|26.5|0.02|0.26|43.6251|14.8119
06|37|0|180|0.0|4.8|45|61.9|26.5|0.02|0.26|43.6231|14.4418
06|39|0|180|0.0|4.8|45|61.7|26.5|0.02|0.26|43.6235|14.4418
06|40|0|180|1.5|4.8|45|61.6|26.5|0.02|0.26|43.6224|14.4418
06|41|0|180|1.5|4.8|45|61.6|26.5|0.02|0.26|43.6259|14.4418
06|42|0|180|1.5|4.8|45|61.6|26.5|0.02|0.26|43.6267|14.4418
06|43|0|180|0.0|4.8|45|61.5|26.5|0.02|0.26|43.6291|14.4418
06|44|0|180|0.0|4.8|45|61.5|26.5|0.02|0.26|43.6311|14.4418
06|45|0|180|0.0|4.8|45|61.5|26.4|0.02|0.26|43.6293|14.4418
06|46|0|180|1.5|4.8|45|61.5|26.4|0.02|0.26|43.6311|14.4418
06|47|0|180|0.0|4.8|45|61.5|26.4|0.02|0.26|43.6311|14.4418
06|48|0|180|0.0|4.8|45|61.4|26.4|0.02|0.26|43.6312|14.4418
06|49|0|180|0.0|4.8|45|61.4|26.5|0.02|0.26|43.6339|14.4418
06|50|0|180|0.0|4.8|45|61.4|26.4|0.02|0.26|43.6306|14.4418
06|51|0|180|0.0|4.8|45|61.4|26.4|0.02|0.26|43.6326|14.4418
06|52|0|180|0.0|4.8|45|61.3|26.4|0.02|0.26|43.6309|14.4418
06|53|0|180|0.0|4.8|45|61.3|26.4|0.02|0.26|43.6316|14.4418
06|54|0|180|0.0|4.8|45|61.4|26.4|0.02|0.26|43.6326|14.4418
06|55|0|180|1.5|4.8|45|61.4|26.3|0.02|0.26|43.6319|14.4418
06|56|0|180|0.0|4.8|45|61.5|26.3|0.02|0.26|43.635|14.4418
06|57|0|180|0.0|4.8|45|61.5|26.3|0.02|0.26|43.6384|14.4418
06|58|0|180|0.0|4.8|45|61.3|26.1|0.02|0.26|43.6386|14.4418
06|59|0|180|0.0|4.8|45|61.2|26.1|0.02|0.26|43.6375|14.4418
07|01|0|180|0.0|4.8|45|61.2|26.1|0.02|0.26|43.6376|14.4418
07|03|0|180|0.0|4.8|45|61.5|26.0|0.02|0.26|43.6395|14.4418
07|04|0|180|0.0|4.8|45|61.6|26.0|0.02|0.26|43.6418|14.4418
07|05|0|180|0.0|4.8|45|61.6|26.0|0.02|0.26|43.642|14.4418
07|06|0|180|0.0|4.8|45|61.7|26.0|0.02|0.26|43.643|14.4418
07|07|0|180|0.0|4.8|45|61.9|26.0|0.02|0.26|43.6441|14.4418
07|08|0|180|0.0|4.8|45|62.0|26.0|0.02|0.26|43.6448|14.8119
07|09|0|180|0.0|4.8|45|62.0|26.0|0.02|0.26|43.6457|14.8119
07|10|0|180|0.0|4.8|45|61.9|26.0|0.02|0.26|43.6482|14.4418
07|11|0|180|0.0|4.8|45|61.9|26.0|0.02|0.26|43.647|14.4418
07|12|0|180|0.0|4.8|45|61.8|26.0|0.02|0.26|43.6471|14.4418
07|14|0|180|0.0|4.8|45|61.9|26.0|0.02|0.26|43.6506|14.4418
07|15|0|0|1.5|4.8|45|62.1|25.9|0.02|0.26|43.6521|13.8642
07|16|0|0|0.0|4.8|45|62.2|25.9|0.01|0.26|43.6537|13.8642
07|17|0|0|0.0|4.8|45|62.3|25.9|0.01|0.26|43.6553|13.8642
07|18|0|0|0.0|4.8|45|62.3|25.9|0.01|0.26|43.6563|13.8642
07|19|0|0|0.0|4.8|45|62.4|25.9|0.01|0.26|43.6578|13.8642
07|20|0|0|0.0|4.8|45|62.5|25.9|0.01|0.26|43.6574|13.8642
07|21|0|0|0.0|4.8|45|62.7|25.9|0.02|0.28|43.6587|13.8642
07|23|0|0|1.5|4.8|45|62.8|25.8|0.02|0.28|43.6556|13.8642
07|24|0|0|1.5|4.8|45|62.8|25.8|0.02|0.28|43.6564|13.8642
07|25|0|0|0.0|4.8|45|62.8|25.8|0.01|0.28|43.6571|13.8642
07|26|0|0|0.0|4.8|45|62.9|25.8|0.01|0.28|43.6565|13.8642
07|27|0|0|0.0|4.8|45|63.0|25.8|0.01|0.28|43.6573|14.2274
07|28|0|135|1.5|4.8|45|63.1|25.8|0.01|0.28|43.6555|14.2274
07|30|0|135|0.0|4.8|45|63.1|25.8|0.01|0.28|43.6556|14.2274
07|31|0|135|0.0|4.8|45|63.1|25.9|0.01|0.28|43.656|14.2274
07|32|0|135|0.0|4.8|45|63.1|25.9|0.01|0.28|43.6569|14.2274
07|33|0|135|1.5|4.8|45|63.0|25.9|0.01|0.28|43.6551|14.2274
07|34|0|135|1.5|4.8|45|62.9|25.9|0.01|0.28|43.6526|13.8642
07|35|0|135|0.0|4.8|45|62.9|25.9|0.01|0.28|43.654|13.8642
07|36|0|135|0.0|4.8|45|62.9|25.9|0.01|0.28|43.653|13.8642
07|37|0|135|1.5|4.8|45|62.9|25.9|0.01|0.28|43.6522|13.8642
07|38|0|135|0.0|4.8|45|62.9|25.9|0.01|0.28|43.6525|13.8642
07|40|0|135|0.0|4.8|45|62.8|25.9|0.01|0.28|43.6505|13.8642
07|41|0|135|0.0|4.8|45|62.8|25.9|0.01|0.28|43.6551|13.8642
07|42|0|135|0.0|4.8|45|62.9|25.9|0.01|0.28|43.6569|13.8642
07|43|0|135|0.0|4.8|45|62.9|25.9|0.01|0.28|43.655|13.8642
07|44|0|135|0.0|4.8|45|62.9|25.9|0.01|0.28|43.6592|13.8642
07|45|0|135|0.0|4.8|45|62.8|25.9|0.01|0.28|43.6608|13.8642
07|46|0|135|0.0|4.8|45|62.8|25.9|0.01|0.28|43.663|13.8642
07|47|0|135|0.0|4.8|45|62.9|25.9|0.01|0.28|43.664|13.8642
07|48|0|135|0.0|4.8|45|62.9|25.9|0.01|0.28|43.6597|13.8642
07|49|0|135|0.0|4.8|45|62.8|25.9|0.01|0.28|43.6592|13.8642
07|50|0|135|0.0|4.8|45|62.7|25.9|0.01|0.28|43.6587|13.8642
07|51|0|135|0.0|4.8|45|62.9|25.9|0.02|0.29|43.6583|13.8642
07|52|0|135|0.0|4.8|45|63.1|25.9|0.02|0.29|43.6587|14.2274
07|53|0|135|0.0|4.8|45|63.0|26.0|0.02|0.29|43.6605|15.1767
07|54|0|135|0.0|4.8|45|63.0|26.0|0.02|0.29|43.6617|15.1767
07|55|0|135|0.0|4.8|45|62.9|26.0|0.02|0.29|43.6614|14.8119
07|56|0|135|0.0|4.8|45|62.8|26.0|0.02|0.29|43.6614|14.8119
07|57|0|135|0.0|4.8|45|62.7|26.0|0.02|0.29|43.6635|14.8119
07|59|0|135|0.0|4.8|45|62.8|26.0|0.02|0.29|43.662|14.8119
08|00|0|135|0.0|4.8|45|62.7|26.0|0.02|0.29|43.6623|14.8119
08|01|0|135|0.0|4.8|45|62.7|26.0|0.02|0.29|43.6619|14.8119
08|02|0|135|0.0|4.8|45|62.7|26.0|0.02|0.29|43.6624|14.8119
08|03|0|135|0.0|4.8|45|62.8|26.0|0.02|0.29|43.6624|14.8119
08|04|0|135|0.0|4.8|45|62.8|26.0|0.02|0.29|43.6626|14.8119
08|05|0|135|1.6|4.8|45|62.7|26.0|0.02|0.29|43.6619|14.8119
08|06|0|135|1.5|4.8|45|62.7|26.0|0.02|0.29|43.6633|14.8119
08|07|0|135|0.0|4.8|45|62.7|26.0|0.02|0.29|43.6633|14.8119
08|08|0|135|0.0|4.8|45|62.7|26.0|0.02|0.29|43.6654|14.8119
08|09|0|135|0.0|4.8|45|62.6|26.1|0.02|0.29|43.6661|14.8119
08|10|0|135|0.0|4.8|45|62.6|26.1|0.02|0.29|43.6642|14.8119
08|11|0|135|0.0|4.8|45|62.7|26.1|0.02|0.29|43.6605|14.8119
08|13|0|135|0.0|4.8|45|62.7|26.1|0.02|0.29|43.6581|14.8119
08|14|0|135|0.0|4.8|45|62.6|26.3|0.02|0.29|43.6596|14.8119
08|15|0|135|0.0|4.8|45|62.6|26.3|0.02|0.29|43.6597|14.8119
08|17|0|45|1.5|4.8|45|62.5|26.3|0.02|0.29|43.6572|14.8119
08|19|0|45|1.5|4.8|45|62.4|26.3|0.02|0.29|43.6588|14.8119
08|20|0|45|0.0|4.8|45|62.3|26.3|0.02|0.29|43.6579|14.8119
08|21|0|45|0.0|4.8|45|62.3|26.3|0.02|0.30|43.6592|14.8119
08|22|0|45|0.0|4.8|45|62.2|26.3|0.02|0.30|43.6608|14.8119
08|23|0|45|0.0|4.8|45|62.2|26.4|0.02|0.30|43.6634|14.8119
08|24|0|45|0.0|4.8|45|62.2|26.3|0.02|0.30|43.6619|14.8119
08|25|0|45|0.0|4.8|45|62.3|26.4|0.02|0.30|43.6638|14.8119
08|26|0|45|0.0|4.8|45|62.4|26.4|0.02|0.30|43.6633|14.8119
08|27|0|45|0.0|4.8|45|62.8|26.4|0.02|0.30|43.6635|14.8119
08|28|0|45|0.0|4.8|45|62.8|26.4|0.02|0.30|43.6627|14.8119
08|29|0|45|0.0|4.8|45|62.5|26.5|0.02|0.30|43.6636|14.8119
08|30|0|45|0.0|4.8|45|62.4|26.5|0.02|0.30|43.6653|14.8119
08|31|0|45|0.0|4.8|45|62.4|26.5|0.02|0.30|43.6641|14.8119
08|32|0|45|1.6|4.8|45|62.2|26.6|0.02|0.30|43.6667|14.8119
08|33|0|45|1.5|4.8|45|62.3|26.6|0.02|0.30|43.6672|14.8119
08|34|0|45|1.5|4.8|45|62.8|26.5|0.02|0.30|43.6662|14.8119
08|35|0|45|1.5|4.8|45|63.4|26.6|0.02|0.30|43.6667|15.1767
08|36|0|45|1.5|4.8|45|63.5|26.6|0.02|0.30|43.6658|15.1767
08|39|0|45|0.0|4.8|45|62.8|26.7|0.02|0.30|43.6667|14.8119
08|40|0|45|1.6|4.8|45|62.5|26.7|0.02|0.30|43.6654|14.8119
08|41|0|45|1.5|4.8|45|62.2|26.7|0.02|0.30|43.6675|14.8119
08|42|0|45|1.5|4.8|45|62.0|26.8|0.02|0.30|43.667|14.8119
08|43|0|45|0.0|4.8|45|61.8|26.8|0.02|0.30|43.6689|14.4418
08|44|0|45|1.6|4.8|45|61.5|26.8|0.02|0.30|43.6704|14.4418
08|45|0|45|1.5|4.8|45|61.2|26.8|0.02|0.30|43.6702|14.4418
08|46|0|45|3.2|4.8|45|60.9|26.9|0.02|0.30|43.6725|14.0662
08|47|0|45|1.6|4.8|45|60.8|26.9|0.02|0.30|43.6721|14.0662
08|48|0|45|2.9|4.8|45|60.7|27.0|0.02|0.30|43.6734|15.0103
08|49|0|45|1.5|4.8|45|60.8|27.0|0.02|0.30|43.6729|15.0103
08|50|0|45|0.0|4.8|45|61.2|27.2|0.02|0.30|43.6723|15.3876
08|52|0|45|1.5|4.8|45|60.8|27.3|0.01|0.30|43.6747|15.0103
08|53|0|45|1.5|4.8|45|60.3|27.3|0.01|0.30|43.6748|15.0103
08|55|0|45|2.9|4.8|45|59.6|27.4|0.01|0.31|43.6721|14.6273
08|56|0|45|1.5|4.8|45|59.3|27.4|0.02|0.31|43.6727|14.6273
08|57|0|45|1.6|4.8|45|58.9|27.5|0.02|0.31|43.674|14.2386
08|59|0|45|0.0|4.8|45|58.9|27.6|0.03|0.32|43.6746|14.2386
09|01|0|45|0.0|4.8|45|59.1|27.7|0.03|0.32|43.673|14.6273
09|02|0|45|0.0|4.8|45|59.2|27.7|0.03|0.32|43.6734|14.6273
09|03|0|45|1.6|4.8|45|59.2|27.8|0.03|0.32|43.6755|14.6273
09|04|0|225|1.5|4.8|45|59.1|28.0|0.03|0.32|43.674|15.5695
09|05|0|225|0.0|4.8|45|59.1|28.0|0.03|0.32|43.6757|15.5695
09|06|0|225|0.0|4.8|45|59.1|28.1|0.03|0.32|43.6763|15.5695
09|07|0|225|0.0|4.8|45|59.0|28.2|0.03|0.32|43.6765|15.5695
09|08|0|225|0.0|4.8|45|58.9|28.3|0.03|0.32|43.677|15.179
09|09|0|225|0.0|4.8|45|58.8|28.3|0.03|0.32|43.6773|15.179
09|10|0|225|0.0|4.8|45|58.4|28.4|0.03|0.32|43.6753|15.179
09|11|0|225|0.0|4.8|45|58.0|28.5|0.03|0.32|43.6772|15.179
09|12|0|225|0.0|4.8|45|57.9|28.5|0.03|0.32|43.6778|14.7824
09|13|0|225|0.0|4.8|45|57.8|28.6|0.03|0.32|43.677|14.7824
09|14|0|225|0.0|4.8|45|57.7|28.7|0.03|0.32|43.6771|14.7824
09|15|0|225|0.0|4.8|45|57.4|28.7|0.03|0.32|43.6776|14.7824
09|16|0|225|0.0|4.8|45|57.0|28.8|0.03|0.32|43.6824|14.7824
09|17|0|225|0.0|4.8|45|57.1|28.8|0.03|0.32|43.6837|14.7824
09|18|0|225|0.0|4.8|45|57.1|28.8|0.03|0.32|43.6822|14.7824
09|19|0|225|0.0|4.8|45|56.9|29.0|0.02|0.32|43.6827|15.3162
09|20|0|225|0.0|4.8|45|56.9|29.0|0.02|0.32|43.6853|15.3162
09|21|0|225|0.0|4.8|45|57.0|29.0|0.02|0.32|43.6858|15.7209
09|23|0|225|1.5|4.8|45|56.9|29.1|0.02|0.32|43.6884|15.3162
09|24|0|315|1.6|4.8|45|56.5|29.0|0.02|0.32|43.6881|15.3162
09|25|0|315|1.5|4.8|45|56.4|29.1|0.03|0.33|43.6906|15.3162
09|26|0|315|1.6|4.8|45|56.6|29.1|0.03|0.33|43.6916|15.3162
09|27|0|315|0.0|4.8|45|56.5|29.1|0.03|0.33|43.6927|15.3162
09|28|0|315|0.0|4.8|45|56.3|29.1|0.03|0.33|43.6938|15.3162
09|29|0|315|1.6|4.8|45|56.1|29.1|0.03|0.33|43.6936|15.3162
09|30|0|315|1.5|4.8|45|56.4|29.2|0.03|0.33|43.694|15.3162
09|31|0|315|0.0|4.8|45|56.6|29.3|0.03|0.33|43.6973|15.3162
09|32|0|315|0.0|4.8|45|56.6|29.3|0.03|0.33|43.6958|15.3162
09|33|0|315|0.0|4.8|45|56.2|29.3|0.03|0.33|43.6978|15.3162
09|34|0|315|0.0|4.8|45|56.0|29.4|0.03|0.33|43.7005|15.3162
09|35|0|315|0.0|4.8|45|55.9|29.4|0.03|0.33|43.7023|14.9051
09|36|0|270|1.6|4.8|45|55.8|29.5|0.03|0.33|43.7044|14.9051
09|37|0|270|0.0|4.8|45|55.5|29.5|0.03|0.33|43.702|14.9051
09|38|0|270|0.0|4.8|45|55.5|29.6|0.03|0.33|43.7052|14.9051
09|39|0|270|0.0|4.8|45|55.3|29.7|0.03|0.33|43.7066|14.9051
09|40|0|270|1.5|4.8|45|55.3|29.7|0.03|0.33|43.7064|14.9051
09|41|0|270|0.0|4.8|45|55.0|29.9|0.03|0.33|43.7087|14.9051
09|42|0|270|1.5|4.8|45|54.9|30.0|0.03|0.33|43.71|15.42
09|44|0|270|0.0|4.8|45|54.7|30.1|0.03|0.33|43.7119|15.42
09|45|0|270|0.0|4.8|45|54.7|30.2|0.03|0.33|43.7138|15.42
09|46|0|270|0.0|4.8|45|54.7|30.3|0.03|0.33|43.7169|15.42
09|47|0|270|0.0|4.8|45|54.6|30.4|0.03|0.33|43.7168|15.42
09|48|0|270|0.0|4.8|45|54.6|30.5|0.03|0.33|43.7195|15.42
09|49|0|270|1.5|4.8|45|54.3|30.8|0.03|0.33|43.7198|15.42
09|50|0|315|1.6|4.8|45|54.0|30.9|0.03|0.33|43.7185|15.42
09|51|0|315|1.5|4.8|45|53.4|31.1|0.03|0.33|43.7183|15.9239
09|52|0|270|1.5|4.8|45|53.3|31.2|0.03|0.33|43.7188|15.9239
09|53|0|270|3.2|4.8|270|52.9|31.3|0.03|0.33|43.7162|15.488
09|54|0|315|2.9|4.8|270|52.3|31.4|0.03|0.33|43.7166|15.488
09|55|0|270|1.5|4.8|270|51.9|31.5|0.03|0.33|43.7189|15.0446
09|56|0|270|1.5|4.8|270|51.9|31.7|0.02|0.33|43.7219|15.0446
09|57|0|270|2.9|4.8|270|52.1|31.9|0.02|0.33|43.7232|15.488
09|58|0|270|3.2|4.8|270|51.9|32.0|0.01|0.33|43.7233|15.9711
10|00|0|315|1.5|4.8|270|51.9|32.2|0.01|0.33|43.7232|15.9711
10|01|0|315|0.0|4.8|270|51.6|32.3|0.01|0.33|43.7215|15.9711
10|03|0|225|1.6|4.8|270|51.5|32.6|0.01|0.33|43.7204|15.9711
10|06|0|270|1.5|4.8|270|51.5|32.7|0.01|0.33|43.7186|15.9711
10|07|0|315|1.6|4.8|270|51.5|32.8|0.01|0.33|43.7203|15.9711
10|08|0|315|2.9|4.8|270|51.4|32.9|0.01|0.33|43.7195|15.9711
10|09|0|270|1.5|4.8|270|50.9|32.9|0.01|0.33|43.7237|15.5179
10|11|0|315|1.5|4.8|270|50.8|33.0|0.01|0.33|43.7237|16.4421
10|12|0|315|0.0|4.8|270|50.7|33.0|0.01|0.33|43.7246|16.4421
10|13|0|315|0.0|4.8|270|50.7|33.1|0.01|0.33|43.7246|16.4421
10|14|0|270|1.5|4.8|270|50.8|33.2|0.01|0.33|43.7267|16.4421
10|15|0|270|0.0|4.8|270|50.9|33.2|0.01|0.33|43.724|16.4421
10|16|0|270|1.5|4.8|270|50.9|33.3|0.01|0.33|43.7254|16.4421
10|17|0|225|1.5|4.8|270|50.5|33.5|0.01|0.33|43.725|16.4421
10|18|0|225|1.5|4.8|270|50.6|33.6|0.01|0.33|43.7266|16.4421
10|19|0|315|1.5|4.8|270|50.8|33.6|0.01|0.33|43.7232|16.4421
10|20|0|225|1.6|4.8|270|51.2|33.7|0.01|0.33|43.7245|16.8974
10|21|0|225|1.5|4.8|270|51.1|33.9|0.01|0.33|43.7251|16.8974
10|22|0|270|1.5|4.8|270|50.9|33.9|0.01|0.33|43.7224|16.4421
10|23|0|315|1.6|4.8|270|50.5|34.1|0.00|0.33|43.7244|17.3662
10|24|0|315|1.5|4.8|270|50.2|34.2|0.00|0.33|43.725|17.3662
10|26|0|270|0.0|4.8|270|49.9|34.4|0.00|0.33|43.7261|16.9007
10|27|0|315|2.9|4.8|270|49.4|34.4|0.00|0.33|43.7229|16.9007
10|28|0|315|1.5|4.8|270|48.7|34.4|0.00|0.33|43.7244|16.4267
10|29|0|315|0.0|4.8|270|48.4|34.5|0.00|0.33|43.7241|16.4267
10|30|0|315|0.0|4.8|270|48.3|34.5|0.01|0.34|43.725|16.4267
10|31|0|315|0.0|4.8|270|48.4|34.5|0.01|0.34|43.7238|16.4267
10|32|0|315|1.6|4.8|270|48.4|34.6|0.01|0.34|43.7222|16.4267
10|34|0|0|0.0|4.8|270|48.1|34.5|0.01|0.34|43.7179|16.4267
10|35|0|0|0.0|4.8|270|48.0|34.6|0.01|0.34|43.7197|16.4267
10|36|0|0|1.5|4.8|270|48.0|34.6|0.01|0.34|43.7181|16.4267
10|37|0|0|1.6|4.8|270|48.0|34.7|0.01|0.34|43.7156|16.4267
10|38|0|0|1.6|4.8|270|48.0|34.8|0.01|0.34|43.7121|16.4267
10|40|0|0|0.0|4.8|270|47.7|35.0|0.01|0.34|43.7136|16.8613
10|41|0|0|0.0|4.8|270|47.3|35.3|0.01|0.34|43.7166|16.8613
10|42|0|0|0.0|4.8|270|47.3|35.4|0.01|0.34|43.7174|16.8613
10|43|0|0|0.0|4.8|270|47.3|35.4|0.01|0.34|43.7168|16.8613
10|44|0|0|0.0|4.8|270|47.2|35.5|0.01|0.34|43.7161|16.8613
10|45|0|0|0.0|4.8|270|46.8|35.6|0.01|0.34|43.7151|16.367
10|46|0|0|0.0|4.8|270|46.3|35.7|0.01|0.34|43.7158|16.367
10|48|0|90|1.5|4.8|270|46.1|35.9|0.01|0.34|43.7149|16.367
10|49|0|90|0.0|4.8|270|46.1|35.9|0.01|0.34|43.7132|16.367
10|50|0|90|1.5|4.8|270|46.0|36.2|0.01|0.34|43.7144|17.2822
10|51|0|203|1.5|4.8|270|46.1|36.3|0.01|0.34|43.7129|17.2822
10|52|0|180|1.5|4.8|270|45.9|36.5|0.01|0.34|43.7158|16.776
10|53|0|180|1.5|4.8|270|45.6|36.7|0.02|0.35|43.7148|16.776
10|54|0|180|0.0|4.8|270|45.7|37.0|0.02|0.35|43.713|17.6887
10|55|0|180|0.0|4.8|270|45.7|37.2|0.02|0.35|43.7086|17.6887
10|56|0|180|1.5|4.8|270|45.5|37.5|0.02|0.35|43.7068|17.6887
10|57|0|180|1.5|4.8|270|44.9|37.8|0.02|0.35|43.7045|17.1702
10|58|0|180|0.0|4.8|270|44.4|38.1|0.02|0.35|43.7032|18.0804
10|59|0|180|0.0|4.8|270|44.1|38.4|0.02|0.35|43.7026|18.0804
11|00|0|180|0.0|4.8|270|43.9|38.6|0.02|0.35|43.7001|17.549
11|01|0|270|1.5|4.8|270|43.5|39.0|0.02|0.35|43.6985|18.4567
11|02|0|180|1.6|4.8|270|42.9|39.2|0.02|0.35|43.6954|17.9117
11|03|0|270|0.0|4.8|270|42.6|39.4|0.02|0.35|43.6957|17.9117
11|04|0|270|0.0|4.8|270|42.5|39.7|0.03|0.36|43.6985|17.9117
11|05|0|225|1.5|4.8|270|42.4|40.0|0.03|0.36|43.7011|18.8168
11|06|0|180|0.0|4.8|270|41.7|40.2|0.03|0.36|43.7036|18.2578
11|07|0|180|0.0|4.8|270|41.3|40.4|0.03|0.36|43.7041|18.2578
11|10|0|135|1.5|4.8|270|40.5|40.9|0.03|0.36|43.7043|17.6865
11|11|0|135|1.5|4.8|270|40.0|41.0|0.03|0.36|43.6997|18.5865
11|12|0|135|0.0|4.8|270|39.8|41.2|0.03|0.36|43.6995|17.9998
11|14|0|45|0.0|4.8|270|40.1|41.6|0.03|0.36|43.7009|18.5865
11|16|0|45|1.5|4.8|270|39.7|41.9|0.03|0.36|43.6979|17.9998
11|17|0|45|1.6|4.8|270|39.4|41.9|0.03|0.36|43.6959|17.9998
11|19|0|45|0.0|4.8|270|39.1|42.1|0.03|0.36|43.6971|18.897
11|20|0|45|0.0|4.8|270|39.0|42.3|0.03|0.36|43.6982|18.897
11|21|0|45|0.0|4.8|270|39.1|42.5|0.03|0.36|43.6968|18.897
11|22|0|180|1.5|4.8|270|39.1|42.6|0.03|0.36|43.6954|18.897
11|23|0|180|0.0|4.8|270|38.7|42.9|0.03|0.36|43.6956|18.2943
11|24|0|180|0.0|4.8|270|38.3|43.1|0.03|0.36|43.6924|19.1887
11|26|0|135|1.6|4.8|270|38.0|43.8|0.03|0.36|43.6947|19.1887
11|27|0|135|1.5|4.8|270|36.5|44.2|0.03|0.36|43.6917|18.823
11|28|0|135|0.0|4.8|270|35.8|44.4|0.02|0.36|43.6917|18.1696
11|30|0|180|1.6|4.8|270|35.8|44.6|0.02|0.36|43.6893|18.1696
11|31|0|180|1.5|4.8|270|35.5|44.8|0.02|0.36|43.6892|18.1696
11|32|0|180|4.4|4.8|270|35.6|45.0|0.02|0.36|43.6868|19.0553
11|33|0|135|1.6|4.8|270|34.8|45.3|0.02|0.36|43.6827|18.3822
11|34|0|225|1.5|4.8|270|34.5|45.4|0.02|0.36|43.6819|18.3822
11|35|0|135|0.0|4.8|270|34.5|45.7|0.02|0.36|43.6854|18.3822
11|36|0|135|1.5|4.8|270|34.2|46.0|0.02|0.36|43.6852|19.2648
11|37|0|180|1.5|4.8|270|34.1|46.1|0.02|0.36|43.6862|19.2648
11|38|0|135|1.5|4.8|270|34.2|46.2|0.02|0.36|43.681|19.2648
11|39|0|135|1.5|4.8|270|33.8|46.4|0.03|0.37|43.6805|18.571
11|41|0|135|1.6|4.8|270|33.3|46.6|0.03|0.37|43.6806|18.571
11|42|0|315|0.0|4.8|270|33.4|46.7|0.03|0.37|43.6802|18.571
11|43|0|270|0.0|4.8|270|33.4|47.0|0.03|0.37|43.6817|19.4504
11|45|0|180|1.5|4.8|270|33.0|47.4|0.03|0.37|43.6829|19.4504
11|46|0|135|1.5|4.8|270|32.4|47.6|0.03|0.37|43.6821|18.7346
11|47|0|180|1.5|4.8|270|32.2|47.9|0.03|0.37|43.6801|18.7346
11|48|0|180|0.0|4.8|270|32.1|48.2|0.03|0.37|43.6786|19.6107
11|49|0|180|2.9|4.8|270|31.8|48.3|0.03|0.37|43.6746|18.8717
11|51|0|180|3.2|4.8|270|31.3|48.7|0.03|0.37|43.6708|18.8717
11|53|0|180|1.5|4.8|270|30.9|49.1|0.02|0.37|43.675|18.9807
11|55|0|225|1.5|4.8|270|30.4|49.4|0.02|0.37|43.6724|18.9807
11|56|0|180|1.5|4.8|270|29.9|49.7|0.02|0.37|43.6702|18.194
11|57|0|225|3.2|4.8|270|29.7|49.8|0.02|0.37|43.6701|18.194
12|00|0|225|0.0|4.8|270|29.9|50.3|0.02|0.37|43.669|19.06
12|02|0|203|2.9|4.8|270|29.8|50.9|0.02|0.37|43.6659|19.06
12|03|0|180|3.2|4.8|270|28.9|51.1|0.02|0.37|43.6651|19.1077
12|04|0|135|2.9|4.8|270|28.7|51.2|0.01|0.37|43.6653|19.1077
12|05|0|158|1.5|4.8|270|28.4|51.5|0.01|0.37|43.6619|19.1077
12|07|0|180|1.6|4.8|270|28.5|52.0|0.01|0.37|43.6629|19.9697
12|09|0|135|1.5|4.8|270|27.9|52.1|0.01|0.37|43.6623|19.1219
12|10|0|180|2.9|4.8|270|27.6|52.2|0.01|0.37|43.6629|19.1219
12|11|0|180|1.6|4.8|270|27.8|52.5|0.01|0.37|43.6641|19.1219
12|12|0|180|4.4|4.8|270|27.8|52.6|0.01|0.37|43.6638|19.1219
12|13|0|90|2.9|4.8|270|27.4|52.8|0.01|0.37|43.6656|19.1219
12|14|0|135|2.9|4.8|270|26.9|52.7|0.01|0.37|43.6647|18.2458
12|15|0|135|2.9|4.8|270|26.8|52.6|0.01|0.37|43.6635|18.2458
12|18|0|180|1.6|4.8|270|27.2|52.2|0.01|0.37|43.6613|19.1219
12|19|0|203|1.5|4.8|270|27.3|52.2|0.01|0.37|43.6596|19.1219
12|20|0|225|1.6|4.8|270|27.4|52.4|0.01|0.37|43.6599|19.1219
12|21|0|180|4.4|4.8|270|27.1|52.4|0.01|0.37|43.6597|19.1219
12|22|0|180|1.5|4.8|270|27.1|52.5|0.01|0.37|43.661|19.1219
12|23|0|225|1.6|4.8|270|27.4|52.6|0.01|0.37|43.6602|19.1219
12|24|0|248|0.0|4.8|270|27.2|52.7|0.01|0.37|43.6608|19.1219
12|25|0|180|1.5|4.8|270|27.1|52.9|0.01|0.37|43.6597|19.1219
12|27|0|180|2.9|4.8|270|26.8|53.2|0.01|0.37|43.6544|19.1004
12|28|0|180|0.0|4.8|270|26.4|53.4|0.01|0.37|43.6521|19.1004
12|30|0|180|1.6|4.8|270|26.5|53.6|0.01|0.37|43.6496|19.1004
12|31|0|180|1.5|4.8|270|26.3|53.8|0.01|0.37|43.6517|19.1004
12|32|0|180|4.4|6.4|158|26.1|53.8|0.01|0.37|43.6521|19.1004
12|34|0|180|0.0|6.4|158|26.1|54.2|0.01|0.37|43.6516|19.9547
12|35|0|90|1.6|6.4|158|26.0|54.4|0.01|0.37|43.6533|19.9547
12|36|0|135|2.9|6.4|158|25.7|54.6|0.01|0.37|43.6569|19.0406
12|37|0|180|1.6|6.4|158|25.9|54.6|0.01|0.37|43.6557|19.0406
12|38|0|135|2.9|6.4|158|25.7|54.7|0.00|0.37|43.6549|19.0406
12|39|0|158|4.4|6.4|158|25.3|54.6|0.00|0.37|43.656|19.0406
12|40|0|180|2.9|6.4|158|25.2|54.6|0.00|0.37|43.6544|19.0406
12|41|0|90|0.0|6.4|158|25.2|54.6|0.00|0.37|43.657|19.0406
12|42|0|135|1.6|6.4|158|25.2|54.5|0.00|0.37|43.6556|19.0406
12|44|0|180|0.0|6.4|158|25.3|54.4|0.00|0.37|43.6524|19.0406
12|46|0|180|0.0|6.4|158|25.7|54.5|0.00|0.37|43.6519|19.0406
12|47|0|135|1.5|6.4|158|25.6|54.6|0.00|0.37|43.6553|19.0406
12|49|0|180|3.2|6.4|158|25.1|54.5|0.00|0.37|43.6519|19.0406
12|50|0|90|1.5|6.4|158|25.2|54.6|0.00|0.37|43.6507|19.0406
12|51|0|180|2.9|6.4|158|25.2|54.6|0.00|0.37|43.653|19.0406
12|52|0|180|2.9|6.4|158|25.3|54.6|0.00|0.37|43.6494|19.0406
12|53|0|270|2.9|6.4|158|25.2|54.7|0.00|0.37|43.6474|19.0406
12|54|0|270|1.5|6.4|158|25.1|55.0|0.00|0.37|43.6476|19.8908
12|55|0|180|0.0|6.4|158|25.1|55.2|0.00|0.37|43.6462|19.8908
12|56|0|180|2.9|6.4|158|24.8|55.3|0.00|0.37|43.6448|18.9398
12|57|0|135|3.2|6.4|158|24.8|55.3|0.00|0.37|43.6467|18.9398
12|58|0|90|2.9|6.4|158|24.5|55.3|0.00|0.37|43.6454|18.9398
12|59|0|90|0.0|6.4|158|24.3|55.4|0.00|0.37|43.6447|18.9398
13|01|0|135|1.5|6.4|158|24.5|55.6|0.00|0.37|43.6437|18.9398
13|02|0|180|3.2|6.4|158|24.3|55.6|0.00|0.37|43.6442|18.9398
13|03|0|135|4.4|6.4|158|24.3|55.6|0.00|0.37|43.6427|18.9398
13|04|0|180|4.4|6.4|158|24.2|55.7|0.00|0.37|43.6418|18.9398
13|05|0|180|4.4|6.4|158|24.1|55.6|0.00|0.37|43.6424|18.9398
13|06|0|180|2.9|6.4|158|24.1|55.6|0.00|0.37|43.6432|18.9398
13|07|0|225|2.9|6.4|158|24.3|55.7|0.00|0.37|43.6393|18.9398
13|09|0|180|0.0|6.4|158|24.4|56.0|0.00|0.37|43.6401|19.7858
13|10|0|180|2.9|6.4|158|24.2|56.2|0.00|0.37|43.6413|19.7858
13|11|0|135|0.0|6.4|158|23.9|56.3|0.00|0.37|43.6409|18.7949
13|12|0|203|2.9|6.4|158|23.8|56.4|0.00|0.37|43.6379|18.7949
13|13|0|135|2.9|6.4|158|23.6|56.6|0.00|0.37|43.6357|18.7949
13|14|0|135|0.0|6.4|158|23.3|56.6|0.00|0.37|43.6367|18.7949
13|15|0|45|1.5|6.4|158|23.3|56.7|0.00|0.37|43.6344|18.7949
13|16|0|315|1.5|6.4|158|23.1|56.9|0.00|0.37|43.6315|18.7949
13|17|0|315|0.0|6.4|158|23.1|57.0|0.00|0.37|43.6311|19.6366
13|18|0|135|0.0|6.4|158|23.2|57.1|0.00|0.37|43.6279|19.6366
13|19|0|180|2.9|6.4|158|23.1|57.2|0.00|0.37|43.6338|19.6366
13|20|0|225|2.9|6.4|158|23.0|57.1|0.00|0.37|43.63|19.6366
13|22|0|225|1.5|6.4|158|22.8|57.2|0.00|0.37|43.6298|18.6025
13|23|0|225|1.5|6.4|158|22.9|57.4|0.00|0.37|43.631|18.6025
13|24|0|180|1.5|6.4|158|22.9|57.7|0.00|0.37|43.6339|18.6025
13|25|0|180|2.9|6.4|158|22.9|57.8|0.00|0.37|43.6333|18.6025
13|26|0|135|1.6|6.4|158|22.3|57.9|0.00|0.37|43.6358|18.6025
13|28|0|203|2.9|7.3|135|22.0|57.7|0.00|0.37|43.6319|18.6025
13|29|0|135|1.6|7.3|135|22.1|57.7|0.00|0.37|43.6318|18.6025
13|30|0|135|2.9|7.3|135|22.1|57.7|0.00|0.37|43.6307|18.6025
13|31|0|90|0.0|7.3|135|21.9|57.5|0.00|0.37|43.6319|17.5258
13|32|0|135|1.5|7.3|135|22.0|57.5|0.00|0.37|43.6291|18.6025
13|33|0|135|0.0|7.3|135|22.2|57.4|0.00|0.37|43.6292|18.6025
13|34|0|135|1.6|7.3|135|22.2|57.4|0.00|0.37|43.6282|18.6025
13|35|0|90|0.0|7.3|135|22.2|57.4|0.00|0.37|43.6287|18.6025
13|36|0|45|1.5|7.3|135|22.1|57.3|0.00|0.37|43.6287|18.6025
13|37|0|45|2.9|7.3|135|22.2|57.3|0.00|0.37|43.6276|18.6025
13|40|0|0|0.0|7.3|135|22.3|57.1|0.00|0.37|43.6279|18.6025
13|41|0|180|1.5|7.3|135|22.5|57.1|0.00|0.37|43.6291|18.6025
13|42|0|0|1.6|7.3|135|22.5|57.1|0.00|0.37|43.6278|18.6025
13|45|0|225|3.2|7.3|135|22.4|57.1|0.00|0.37|43.6276|18.6025
13|46|0|180|4.4|7.3|135|22.5|57.2|0.00|0.37|43.626|18.6025
13|47|0|180|2.9|7.3|135|22.3|57.2|0.00|0.37|43.6258|18.6025
13|48|0|180|3.2|7.3|135|22.4|57.3|0.00|0.37|43.6258|18.6025
13|50|0|180|1.6|7.3|135|22.3|57.2|0.00|0.37|43.6234|18.6025
13|51|0|225|1.5|7.3|135|22.3|57.3|0.00|0.37|43.6231|18.6025
13|53|0|225|1.5|7.3|135|22.4|57.5|0.00|0.37|43.6255|18.6025
13|54|0|225|1.5|7.3|135|22.3|57.7|0.00|0.37|43.6247|18.6025
13|56|0|0|1.6|7.3|135|22.0|57.8|0.00|0.37|43.6251|18.6025
13|57|0|315|1.5|7.3|135|21.9|57.9|0.00|0.37|43.6275|17.5258
13|58|0|135|0.0|7.3|135|21.9|57.9|0.00|0.37|43.6283|17.5258
13|59|0|315|0.0|7.3|135|21.9|57.9|0.00|0.37|43.6279|17.5258
14|00|0|180|2.9|7.3|135|22.0|57.9|0.00|0.37|43.6277|18.6025
14|02|0|180|0.0|7.3|135|21.9|57.8|0.00|0.37|43.6258|17.5258
14|03|0|180|2.9|7.3|135|21.8|57.7|0.00|0.37|43.6259|17.5258
14|04|0|135|2.9|7.3|135|21.9|57.4|0.00|0.37|43.6242|17.5258
14|05|0|225|1.6|7.3|135|22.0|57.4|0.00|0.37|43.6242|18.6025
14|06|0|225|1.5|7.3|135|22.2|57.3|0.00|0.37|43.6223|18.6025
14|08|0|225|0.0|7.3|135|22.0|57.4|0.00|0.37|43.6205|18.6025
14|09|0|135|1.6|7.3|135|21.9|57.3|0.00|0.37|43.6197|17.5258
14|10|0|225|2.9|7.3|135|22.1|57.3|0.00|0.37|43.6189|18.6025
14|11|0|180|2.9|7.3|135|22.2|57.3|0.00|0.37|43.62|18.6025
14|12|0|180|3.2|7.3|135|22.0|57.2|0.00|0.37|43.6179|18.6025
14|13|0|135|0.0|7.3|135|22.0|57.1|0.00|0.37|43.6161|18.6025
14|15|0|225|1.5|7.3|135|22.3|57.1|0.00|0.37|43.6181|18.6025
14|18|0|180|5.8|7.3|135|22.3|56.7|0.00|0.37|43.6197|17.765
14|19|0|180|2.9|7.3|135|22.2|56.5|0.00|0.37|43.6219|17.765
14|20|0|180|2.9|7.3|135|22.5|56.3|0.00|0.37|43.6252|17.765
14|21|0|180|1.6|7.3|135|22.8|56.2|0.00|0.37|43.6269|17.765
14|23|0|270|1.5|7.3|135|22.7|56.1|0.00|0.37|43.6254|17.765
14|24|0|135|4.4|7.3|135|22.9|56.1|0.00|0.37|43.6213|17.765
14|25|0|90|3.2|7.3|135|22.8|56.0|0.00|0.37|43.6204|17.765
14|26|0|225|2.9|7.3|135|22.8|56.0|0.00|0.37|43.6203|17.765
14|27|0|180|1.6|7.3|135|22.9|56.0|0.00|0.37|43.622|17.765
14|28|0|135|2.9|7.3|135|23.0|55.8|0.00|0.37|43.6263|17.9529
14|29|0|135|2.9|7.3|135|23.1|55.6|0.00|0.37|43.627|17.9529
14|30|0|135|1.5|7.3|135|23.0|55.5|0.00|0.37|43.627|17.9529
14|32|0|135|0.0|7.3|135|23.2|55.4|0.00|0.37|43.6234|17.9529
14|33|0|135|2.9|7.3|135|23.3|55.3|0.00|0.37|43.6198|17.9529
14|34|0|90|2.9|7.3|135|23.3|55.3|0.00|0.37|43.6195|17.9529
14|36|0|225|1.5|7.3|135|23.7|55.2|0.00|0.37|43.6203|17.9529
14|37|0|225|3.2|7.3|135|23.8|55.2|0.00|0.37|43.6215|17.9529
14|38|0|225|1.5|7.3|135|23.9|55.3|0.00|0.37|43.6182|17.9529
14|40|0|135|1.5|7.3|135|23.7|55.4|0.00|0.37|43.6229|17.9529
14|41|0|135|1.5|7.3|135|23.6|55.4|0.00|0.37|43.6262|17.9529
14|42|0|135|0.0|7.3|135|23.8|55.4|0.00|0.37|43.6239|17.9529
14|43|0|135|1.5|7.3|135|23.8|55.4|0.00|0.37|43.6267|17.9529
14|44|0|135|3.2|7.3|135|23.7|55.3|0.00|0.37|43.6268|17.9529
14|45|0|135|1.5|7.3|135|23.7|55.3|0.00|0.37|43.6257|17.9529
14|46|0|180|2.9|7.3|135|23.7|55.2|0.00|0.37|43.6223|17.9529
14|47|0|135|1.6|7.3|135|23.8|55.2|0.00|0.37|43.6215|17.9529
14|49|0|135|1.5|7.3|135|23.9|55.2|0.00|0.37|43.6243|17.9529
14|50|0|135|1.5|7.3|135|23.8|55.3|0.00|0.37|43.6274|17.9529
14|51|0|135|1.5|7.3|135|23.8|55.2|0.00|0.37|43.6279|17.9529
14|52|0|180|3.2|7.3|135|23.9|55.2|0.00|0.37|43.6295|17.9529
14|53|0|180|4.4|7.3|135|24.0|55.1|0.00|0.37|43.6284|18.9398
14|54|0|135|2.9|7.3|135|23.9|55.0|0.00|0.37|43.6273|17.9529
14|55|0|135|1.6|7.3|135|23.9|55.0|0.00|0.37|43.6286|17.9529
14|56|0|180|1.5|7.3|135|24.0|55.0|0.00|0.37|43.6245|18.9398
14|57|0|180|1.5|7.3|135|24.0|55.0|0.00|0.37|43.6279|18.9398
14|58|0|180|1.5|7.3|135|24.1|55.0|0.00|0.37|43.6293|18.9398
14|59|0|180|0.0|7.3|135|24.2|55.0|0.00|0.37|43.6301|18.9398
15|00|0|180|0.0|7.3|135|24.2|55.0|0.00|0.37|43.6306|18.9398
15|01|0|180|2.9|7.3|135|24.1|55.0|0.00|0.37|43.6311|18.9398
15|02|0|135|2.9|7.3|135|24.1|54.8|0.00|0.37|43.6326|18.0934
15|03|0|135|3.2|7.3|135|24.1|54.7|0.00|0.37|43.6302|18.0934
15|04|0|135|1.5|7.3|135|24.1|54.6|0.00|0.37|43.635|18.0934
15|05|0|135|1.5|7.3|135|24.2|54.6|0.00|0.37|43.6309|18.0934
15|06|0|135|0.0|7.3|135|24.3|54.6|0.00|0.37|43.6327|18.0934
15|08|0|180|1.5|7.3|135|24.3|54.6|0.00|0.37|43.6321|18.0934
15|09|0|180|0.0|7.3|135|24.4|54.6|0.00|0.37|43.6325|18.0934
15|10|0|180|1.6|7.3|135|24.5|54.6|0.00|0.37|43.6322|18.0934
15|11|0|180|1.5|7.3|135|24.5|54.6|0.00|0.37|43.6333|18.0934
15|12|0|180|0.0|7.3|135|24.5|54.6|0.00|0.37|43.6364|18.0934
15|13|0|135|1.5|7.3|135|24.5|54.6|0.00|0.37|43.6397|18.0934
15|14|0|180|2.9|7.3|135|24.4|54.6|0.00|0.37|43.6364|18.0934
15|15|0|180|1.5|7.3|135|24.4|54.6|0.00|0.37|43.6384|18.0934
15|16|0|180|0.0|7.3|135|24.6|54.5|0.00|0.37|43.6396|18.0934
15|17|0|180|2.9|7.3|135|24.6|54.5|0.00|0.37|43.6395|18.0934
15|18|0|225|1.5|7.3|135|24.7|54.5|0.00|0.37|43.6382|18.0934
15|19|0|180|0.0|7.3|135|24.7|54.5|0.00|0.37|43.6389|18.0934
15|20|0|225|2.9|7.3|135|24.8|54.6|0.00|0.37|43.6386|18.0934
15|21|0|180|1.6|7.3|135|24.7|54.6|0.00|0.37|43.6405|18.0934
15|22|0|225|2.9|7.3|135|24.7|54.6|0.00|0.37|43.639|18.0934
15|23|0|225|1.5|7.3|135|24.6|54.6|0.00|0.37|43.6414|18.0934
15|24|0|225|1.5|7.3|135|24.7|54.6|0.00|0.37|43.6409|18.0934
15|26|0|315|1.5|7.3|135|24.6|54.6|0.00|0.37|43.642|18.0934
15|27|0|315|2.9|7.3|135|24.5|54.5|0.00|0.37|43.6426|18.0934
15|28|0|225|1.6|7.3|135|24.6|54.5|0.00|0.37|43.6406|18.0934
15|30|0|270|1.5|7.3|135|24.7|54.4|0.00|0.37|43.6412|18.0934
15|31|0|270|1.6|7.3|135|24.7|54.4|0.00|0.37|43.6404|18.0934
15|32|0|225|2.9|7.3|135|24.8|54.3|0.00|0.37|43.6373|18.0934
15|33|0|270|2.9|7.3|135|24.7|54.2|0.00|0.37|43.6372|18.0934
15|34|0|270|1.5|7.3|135|24.8|54.0|0.00|0.37|43.6362|18.0934
15|35|0|270|4.4|7.3|135|25.0|53.9|0.00|0.37|43.6335|18.19
15|36|0|270|1.5|7.3|135|25.1|53.8|0.00|0.37|43.6355|18.19
15|37|0|270|1.6|7.3|135|25.2|53.7|0.00|0.37|43.636|18.19
15|38|0|315|2.9|7.3|135|25.5|53.5|0.00|0.37|43.6354|18.19
15|39|0|315|2.9|7.3|135|26.2|53.4|0.00|0.37|43.6333|19.1004
15|40|0|315|5.8|7.3|135|27.3|52.9|0.00|0.37|43.6335|19.1219
15|41|0|315|4.8|7.3|135|28.0|52.7|0.00|0.37|43.6403|19.9697
15|42|0|315|4.4|7.3|135|28.7|52.4|0.00|0.37|43.642|19.9697
15|44|0|315|4.8|8.1|315|29.0|52.0|0.00|0.37|43.643|20.7911
15|45|0|315|5.8|8.1|315|29.4|51.7|0.00|0.37|43.6418|19.9257
15|47|0|315|4.8|8.1|315|30.6|51.0|0.00|0.37|43.6451|20.7189
15|48|0|315|2.9|8.1|315|31.0|50.8|0.00|0.37|43.6471|20.6169
15|49|0|315|2.9|8.1|315|31.5|50.5|0.00|0.37|43.6457|20.6169
15|50|0|315|4.4|8.1|315|31.7|50.3|0.00|0.37|43.6495|20.6169
15|51|0|270|4.4|8.1|315|32.1|50.2|0.00|0.37|43.6522|21.3621
15|52|0|315|8.7|8.7|315|32.3|49.9|0.00|0.37|43.6515|20.4865
15|53|0|315|4.8|8.7|315|32.7|49.5|0.00|0.37|43.6522|20.4865
15|54|0|315|4.4|8.7|315|33.1|49.3|0.00|0.37|43.6535|21.2084
15|55|0|315|4.8|8.7|315|33.4|49.2|0.00|0.37|43.6556|21.2084
15|56|0|315|5.8|8.7|315|33.7|49.0|0.00|0.37|43.6571|21.2084
15|57|0|315|5.8|8.7|315|33.9|48.8|0.00|0.37|43.6573|20.3295
15|58|0|315|8.0|8.7|315|34.3|48.4|0.00|0.37|43.6549|21.0292
15|59|0|315|5.8|8.7|315|34.7|48.2|0.00|0.37|43.6549|21.0292
16|00|0|315|7.3|8.7|315|35.1|48.0|0.00|0.37|43.6566|21.711
16|01|0|270|4.8|11.6|315|35.5|47.7|0.00|0.37|43.6603|20.826
16|02|0|270|5.8|11.6|315|35.8|47.5|0.00|0.37|43.6601|20.826
16|04|0|315|8.7|11.6|315|36.2|47.3|0.00|0.37|43.6613|21.4878
16|05|0|315|5.8|11.6|315|36.5|47.2|0.00|0.37|43.6662|21.4878
16|06|0|315|4.4|11.6|315|36.6|47.1|0.00|0.37|43.6643|21.4878
16|07|0|315|4.4|11.6|315|36.8|47.0|0.00|0.37|43.6656|21.4878
16|08|0|315|2.9|11.6|315|36.8|46.8|0.00|0.37|43.6629|20.5997
16|09|0|315|2.9|11.6|315|37.0|46.6|0.00|0.37|43.6619|21.2427
16|10|0|315|4.4|11.6|315|37.3|46.5|0.00|0.37|43.6635|21.2427
16|11|0|270|5.8|11.6|315|37.6|46.3|0.00|0.37|43.6635|21.2427
16|12|0|270|7.3|11.6|315|37.8|46.1|0.00|0.37|43.6627|21.2427
16|13|0|315|5.8|11.6|315|38.0|46.0|0.00|0.37|43.6652|21.8704
16|14|0|315|8.0|11.6|315|38.2|45.7|0.00|0.37|43.6672|20.9767
16|15|0|315|7.3|11.6|315|38.4|45.5|0.00|0.37|43.6673|20.9767
16|16|0|315|5.8|11.6|315|38.6|45.4|0.00|0.37|43.6662|20.9767
16|17|0|270|7.3|11.6|315|38.7|45.3|0.00|0.37|43.6667|20.9767
16|18|0|315|7.3|11.6|315|38.9|45.2|0.00|0.37|43.6668|20.9767
16|20|0|315|7.3|11.6|315|39.0|44.9|0.00|0.37|43.6669|20.6908
16|21|0|315|4.8|11.6|315|39.2|44.8|0.00|0.37|43.6705|20.6908
16|22|0|315|7.3|11.6|315|39.2|44.6|0.00|0.37|43.673|20.6908
16|23|0|315|6.5|11.6|315|39.3|44.5|0.00|0.37|43.6745|20.6908
16|25|0|315|5.8|11.6|315|39.5|44.4|0.00|0.37|43.6753|20.6908
16|26|0|315|5.8|11.6|315|39.5|44.3|0.00|0.37|43.6772|20.6908
16|27|0|0|6.4|11.6|315|39.6|44.3|0.00|0.37|43.678|20.6908
16|28|0|315|7.3|11.6|315|39.6|44.0|0.00|0.37|43.6773|20.6908
16|29|0|315|5.8|11.6|315|39.7|44.0|0.00|0.37|43.6801|20.6908
16|30|0|315|5.8|11.6|315|39.8|43.8|0.00|0.37|43.6805|19.794
16|31|0|315|5.8|11.6|315|39.9|43.7|0.00|0.37|43.6831|19.794
16|32|0|315|4.4|11.6|315|40.0|43.7|0.00|0.37|43.6855|20.3858
16|33|0|315|4.4|11.6|315|40.0|43.6|0.00|0.37|43.6876|20.3858
16|34|0|315|4.4|11.6|315|40.1|43.5|0.00|0.37|43.6852|20.3858
16|35|0|315|4.4|11.6|315|40.1|43.4|0.00|0.37|43.6882|20.3858
16|36|0|315|5.8|11.6|315|40.1|43.2|0.00|0.37|43.6858|20.3858
16|37|0|270|7.3|11.6|315|40.2|43.1|0.00|0.37|43.6859|20.3858
16|38|0|315|2.9|11.6|315|40.3|43.0|0.00|0.37|43.6874|20.3858
16|39|0|270|3.2|11.6|315|40.3|43.0|0.00|0.37|43.6899|20.3858
16|40|0|315|4.4|11.6|315|40.3|43.0|0.00|0.37|43.6888|20.3858
16|41|0|315|2.9|11.6|315|40.3|43.0|0.00|0.37|43.6888|20.3858
16|42|0|315|4.8|11.6|315|40.3|42.9|0.00|0.37|43.6895|19.4862
16|45|0|270|1.6|11.6|315|40.3|42.8|0.01|0.39|43.6921|19.4862
16|46|0|315|3.2|11.6|315|40.2|42.8|0.01|0.39|43.6909|19.4862
16|47|0|315|2.9|11.6|315|40.2|42.9|0.01|0.39|43.6926|19.4862
16|48|0|270|4.8|11.6|315|40.2|42.8|0.01|0.39|43.6939|19.4862
16|49|0|270|4.4|11.6|315|40.3|42.7|0.01|0.39|43.6941|19.4862
16|50|0|270|2.9|11.6|315|40.5|42.6|0.01|0.39|43.6947|19.4862
16|51|0|315|8.1|11.6|315|40.6|42.5|0.01|0.39|43.6957|19.4862
16|52|0|315|4.4|11.6|315|40.9|42.3|0.01|0.39|43.6949|19.4862
16|53|0|315|4.8|11.6|315|41.1|42.1|0.01|0.39|43.6933|20.0625
16|54|0|315|4.4|11.6|315|41.2|42.0|0.01|0.39|43.6934|20.0625
16|55|0|315|5.8|11.6|315|41.4|41.9|0.01|0.39|43.6936|19.1602
16|56|0|315|4.8|11.6|315|41.7|41.8|0.01|0.39|43.6948|19.1602
16|57|0|315|5.8|11.6|315|41.9|41.7|0.01|0.39|43.6957|19.1602
16|58|0|315|4.8|11.6|315|42.3|41.6|0.01|0.39|43.6964|19.7217
16|59|0|315|5.8|11.6|315|42.8|41.3|0.01|0.39|43.698|19.7217
17|01|0|315|5.8|11.6|315|43.2|41.2|0.01|0.39|43.6953|20.2715
17|02|0|315|4.4|11.6|315|43.3|41.1|0.01|0.39|43.6968|20.2715
17|03|0|315|4.4|11.6|315|43.2|41.0|0.01|0.39|43.6981|20.2715
17|05|0|315|4.4|11.6|315|44.1|40.7|0.01|0.39|43.7001|19.9003
17|07|0|315|6.5|11.6|315|44.3|40.4|0.01|0.39|43.6998|19.9003
17|08|0|315|4.4|11.6|315|44.5|40.3|0.01|0.39|43.6981|19.9003
17|09|0|270|4.4|11.6|315|44.9|40.1|0.01|0.39|43.695|19.9003
17|10|0|315|4.4|11.6|315|45.2|40.0|0.01|0.39|43.6961|20.4257
17|11|0|315|5.8|11.6|315|45.7|39.9|0.01|0.39|43.6941|19.5136
17|13|0|315|4.4|11.6|315|46.4|39.8|0.01|0.39|43.6949|20.0265
17|14|0|315|4.4|11.6|315|46.5|39.8|0.01|0.39|43.697|20.0265
17|15|0|315|7.3|11.6|315|46.6|39.8|0.01|0.39|43.6962|20.0265
17|16|0|315|4.4|11.6|315|46.6|39.9|0.01|0.39|43.6979|20.0265
17|17|0|315|7.3|11.6|315|46.5|39.9|0.01|0.39|43.6979|20.0265
17|18|0|315|5.8|11.6|315|46.4|39.9|0.02|0.40|43.6986|20.0265
17|19|0|315|4.4|11.6|315|46.3|39.9|0.02|0.40|43.7002|20.0265
17|21|0|315|2.9|11.6|315|46.1|39.8|0.02|0.40|43.6986|20.0265
17|22|0|315|4.4|11.6|315|46.1|39.7|0.02|0.40|43.6987|20.0265
17|23|0|315|3.2|11.6|315|46.2|39.5|0.02|0.40|43.6998|20.0265
17|24|0|315|4.4|11.6|315|46.1|39.4|0.02|0.40|43.6984|20.0265
17|25|0|315|2.9|4.8|315|46.2|39.2|0.02|0.00|43.698|20.0265
17|26|0|315|4.4|4.8|315|46.4|39.1|0.02|0.00|43.6995|20.0265
17|27|0|315|1.5|4.8|315|46.4|38.9|0.02|0.00|43.7027|19.1119
17|28|0|315|2.9|4.8|315|46.5|38.6|0.02|0.00|43.7037|19.1119
17|29|0|315|2.9|6.5|315|46.9|38.4|0.01|0.00|43.7039|19.1119
17|30|0|315|4.4|8.1|315|47.5|38.2|0.01|0.00|43.7034|19.6128
17|31|0|315|3.2|8.1|315|47.9|38.1|0.01|0.00|43.7026|19.6128
17|33|0|270|4.8|8.1|315|48.5|37.8|0.01|0.00|43.7002|19.1852
17|34|0|315|3.2|8.1|315|48.9|37.7|0.01|0.00|43.7012|19.1852
17|35|0|315|4.4|8.1|315|49.2|37.7|0.01|0.00|43.7025|19.6656
17|36|0|315|4.8|8.1|315|49.4|37.7|0.01|0.00|43.7005|19.6656
17|37|0|315|3.2|8.1|315|49.5|37.7|0.01|0.00|43.7027|19.6656
17|38|0|315|4.4|8.1|315|49.5|37.7|0.01|0.00|43.7052|19.6656
17|39|0|315|2.9|8.1|315|49.5|37.6|0.01|0.00|43.7026|19.6656
17|40|0|270|2.9|8.1|315|49.6|37.6|0.01|0.00|43.7034|19.6656
17|41|0|315|2.9|8.1|315|49.6|37.6|0.01|0.00|43.7039|19.6656
17|43|0|315|4.4|8.1|315|49.6|37.6|0.01|0.00|43.7048|19.6656
17|44|0|315|2.9|8.1|315|49.6|37.7|0.01|0.00|43.7058|19.6656
17|45|0|315|4.4|8.1|315|49.6|37.7|0.01|0.00|43.7077|19.6656
17|47|0|315|2.9|8.1|315|49.8|37.6|0.01|0.00|43.7084|19.6656
17|48|0|315|4.4|8.1|315|49.6|37.6|0.01|0.00|43.7099|19.6656
17|49|0|315|4.8|8.1|315|49.7|37.6|0.01|0.00|43.7093|19.6656
17|50|0|315|2.9|8.1|315|49.8|37.6|0.01|0.00|43.7115|19.6656
17|51|0|315|3.2|8.1|315|49.8|37.6|0.01|0.00|43.7141|19.6656
17|52|0|315|1.5|8.1|315|49.7|37.6|0.01|0.00|43.7142|19.6656
17|53|0|315|0.0|8.1|315|49.4|37.7|0.01|0.00|43.7136|19.6656
17|54|0|315|0.0|8.1|315|49.3|37.7|0.02|0.01|43.7164|19.6656
17|55|0|315|0.0|8.1|315|49.2|37.7|0.01|0.01|43.7173|19.6656
17|57|0|315|0.0|8.1|315|48.9|37.7|0.01|0.01|43.7195|19.1852
17|58|0|315|0.0|8.1|315|49.0|37.7|0.01|0.01|43.7168|19.6656
17|59|0|315|0.0|8.1|315|49.1|37.8|0.01|0.01|43.7208|19.6656
18|00|0|315|0.0|8.1|315|49.1|37.8|0.01|0.01|43.7235|19.6656
18|01|0|315|0.0|8.1|315|49.1|37.8|0.01|0.01|43.7202|19.6656
18|03|0|315|1.5|8.1|315|49.3|37.8|0.01|0.01|43.7209|19.6656
18|04|0|315|1.5|8.1|315|49.5|37.8|0.01|0.01|43.7206|19.6656
18|05|0|315|1.5|8.1|315|49.6|37.8|0.01|0.01|43.7193|19.6656
18|06|0|315|1.5|8.1|315|49.5|38.0|0.01|0.01|43.72|20.5869
18|07|0|270|1.5|8.1|315|49.5|38.0|0.01|0.01|43.719|20.5869
18|08|0|270|2.9|8.1|315|49.8|38.0|0.01|0.01|43.7208|20.5869
18|09|0|270|2.9|8.1|315|49.7|37.8|0.01|0.01|43.7198|19.6656
18|10|0|270|1.5|8.1|315|49.6|37.8|0.01|0.01|43.7226|19.6656
18|11|0|270|1.5|8.1|315|49.5|37.8|0.01|0.01|43.7246|19.6656
18|12|0|270|3.2|8.1|315|49.5|37.8|0.01|0.01|43.7257|19.6656
18|13|0|270|2.9|8.1|315|49.6|37.7|0.01|0.01|43.7256|19.6656
18|15|0|270|2.9|8.1|315|49.8|37.7|0.01|0.01|43.7274|19.6656
18|16|0|270|1.5|8.1|315|49.9|37.7|0.01|0.01|43.7269|19.6656
18|17|0|270|1.5|8.1|315|49.9|37.7|0.01|0.01|43.7292|19.6656
18|19|0|270|3.2|8.1|315|50.0|37.6|0.01|0.01|43.7264|20.1374
18|20|0|270|2.9|8.1|315|50.1|37.6|0.01|0.01|43.7266|20.1374
18|21|0|270|2.9|8.1|315|50.2|37.5|0.01|0.01|43.7307|20.1374
18|22|0|270|1.6|8.1|315|50.3|37.5|0.01|0.01|43.7301|20.1374
18|23|0|270|1.5|8.1|315|50.4|37.4|0.01|0.01|43.7313|20.1374
18|24|0|270|3.2|8.1|315|50.5|37.3|0.01|0.01|43.7324|20.1374
18|25|0|270|4.4|8.1|315|50.7|37.3|0.01|0.01|43.7354|20.1374
18|26|0|315|1.5|8.1|315|50.9|37.2|0.01|0.01|43.7364|20.1374
18|27|0|270|1.5|8.1|315|51.0|37.2|0.01|0.01|43.7361|20.6008
18|28|0|270|2.9|8.1|315|51.0|37.2|0.01|0.01|43.7375|20.6008
18|29|0|270|3.2|8.1|315|51.2|37.1|0.01|0.01|43.7364|20.6008
18|30|0|315|1.5|8.1|315|51.4|37.1|0.02|0.02|43.737|20.6008
18|31|0|315|2.9|8.1|315|51.3|37.0|0.02|0.02|43.7368|20.6008
18|32|0|270|1.5|8.1|315|51.6|37.0|0.02|0.02|43.7353|20.6008
18|33|0|270|2.9|8.1|315|51.7|37.0|0.02|0.02|43.7369|20.6008
18|34|0|315|3.2|8.1|315|51.8|37.0|0.02|0.02|43.7373|20.6008
18|35|0|270|0.0|8.1|315|51.8|36.8|0.02|0.02|43.7353|19.6752
18|36|0|270|2.9|8.1|315|51.8|36.8|0.02|0.02|43.7356|19.6752
18|37|0|270|0.0|8.1|315|51.7|36.8|0.02|0.02|43.7357|19.6752
18|39|0|270|1.5|8.1|315|51.5|36.8|0.02|0.02|43.736|19.6752
18|40|0|315|1.5|8.1|315|51.4|36.7|0.02|0.02|43.7348|19.6752
18|41|0|315|1.5|8.1|315|51.1|36.7|0.02|0.02|43.7371|19.6752
18|42|0|315|1.5|8.1|315|51.0|36.6|0.02|0.02|43.7355|19.6752
18|43|0|315|1.5|8.1|315|50.8|36.4|0.02|0.02|43.7353|19.2138
18|44|0|315|2.9|8.1|315|51.0|36.3|0.02|0.02|43.7362|19.6752
18|45|0|315|1.6|8.1|315|51.2|36.0|0.02|0.02|43.736|19.6752
18|46|0|315|0.0|8.1|315|51.4|35.9|0.02|0.02|43.7386|18.7494
18|47|0|270|1.6|8.1|315|51.9|35.8|0.02|0.02|43.7421|18.7494
18|48|0|270|0.0|8.1|315|52.3|35.7|0.02|0.02|43.7432|19.2008
18|49|0|270|0.0|8.1|315|52.4|35.5|0.02|0.02|43.7434|19.2008
18|50|0|270|0.0|8.1|315|52.4|35.4|0.02|0.02|43.7412|19.2008
18|51|0|270|0.0|8.1|315|52.3|35.4|0.02|0.02|43.7422|19.2008
18|52|0|270|0.0|8.1|315|52.7|35.3|0.02|0.02|43.7442|19.2008
18|53|0|270|0.0|8.1|315|53.4|35.3|0.01|0.02|43.7444|19.6446
18|54|0|45|0.0|8.1|315|54.1|35.2|0.01|0.02|43.7444|20.081
18|56|0|45|0.0|8.1|315|54.5|35.2|0.01|0.02|43.7456|20.081
18|57|0|45|0.0|8.1|315|54.4|35.2|0.01|0.02|43.7441|20.081
18|59|0|45|0.0|8.1|315|54.1|35.2|0.01|0.02|43.7433|20.081
19|00|0|45|0.0|8.1|315|54.0|35.2|0.01|0.02|43.744|20.081
19|01|0|270|0.0|8.1|315|54.1|35.2|0.01|0.02|43.7432|20.081
19|02|0|270|1.5|8.1|315|54.3|35.2|0.01|0.02|43.7427|20.081
19|03|0|270|1.6|8.1|315|54.5|35.3|0.01|0.02|43.7457|20.081
19|05|0|270|1.5|8.1|315|54.6|35.2|0.01|0.02|43.744|20.081
19|06|0|270|1.6|8.1|315|54.4|35.2|0.01|0.02|43.7443|20.081
19|07|0|270|0.0|8.1|315|54.0|35.2|0.01|0.02|43.7456|20.081
19|08|0|270|0.0|8.1|315|53.8|35.2|0.01|0.02|43.7465|19.6446
19|09|0|270|0.0|8.1|315|53.7|35.2|0.02|0.03|43.7472|19.6446
19|10|0|270|0.0|8.1|315|53.6|35.2|0.02|0.03|43.7466|19.6446
19|11|0|270|0.0|8.1|315|53.5|35.2|0.02|0.03|43.7492|19.6446
19|12|0|270|0.0|8.1|315|53.5|35.0|0.02|0.03|43.7507|19.6446
19|13|0|270|0.0|8.1|315|53.7|34.9|0.02|0.03|43.7509|18.7147
19|14|0|270|0.0|8.1|315|53.9|34.9|0.02|0.03|43.7514|18.7147
19|15|0|270|0.0|8.1|315|54.1|34.8|0.02|0.03|43.7545|19.1491
19|16|0|270|0.0|8.1|315|54.5|34.8|0.02|0.03|43.756|19.1491
19|17|0|270|1.6|8.1|315|55.0|34.7|0.02|0.03|43.7551|19.5765
19|18|0|270|1.5|8.1|315|55.3|34.7|0.02|0.03|43.7554|19.5765
19|20|0|90|1.5|8.1|315|55.4|34.6|0.02|0.03|43.7586|19.5765
19|21|0|90|1.5|8.1|315|55.7|34.5|0.02|0.03|43.758|19.5765
19|22|0|90|1.5|8.1|315|55.8|34.5|0.02|0.03|43.7586|19.5765
19|23|0|90|0.0|8.1|315|55.7|34.4|0.02|0.03|43.7565|19.5765
19|24|0|90|0.0|8.1|315|55.7|34.4|0.02|0.03|43.7572|19.5765
19|25|0|90|0.0|8.1|315|55.5|34.2|0.02|0.03|43.756|19.5765
19|26|0|90|0.0|8.1|315|55.7|34.2|0.02|0.03|43.7555|19.5765
19|27|0|90|0.0|8.1|315|55.7|34.1|0.02|0.03|43.7549|19.5765
19|28|0|90|0.0|8.1|315|55.9|34.1|0.02|0.03|43.7556|19.5765
19|29|0|90|0.0|8.1|315|56.1|34.0|0.02|0.03|43.7524|19.997
19|30|0|90|0.0|8.1|315|56.3|34.0|0.01|0.03|43.7555|19.997
19|31|0|90|0.0|8.1|315|56.3|34.0|0.01|0.03|43.7551|19.997
19|32|0|90|0.0|8.1|315|56.2|33.9|0.01|0.03|43.7551|19.0612
19|33|0|90|0.0|8.1|315|55.8|33.9|0.01|0.03|43.7581|18.6425
19|34|0|90|0.0|8.1|315|55.6|33.8|0.01|0.03|43.7595|18.6425
19|36|0|90|0.0|8.1|315|56.0|33.6|0.01|0.03|43.7564|19.0612
19|37|0|90|0.0|8.1|315|56.4|33.6|0.01|0.03|43.7571|19.0612
19|38|0|90|0.0|8.1|315|56.6|33.5|0.01|0.03|43.7563|19.0612
19|39|0|90|0.0|8.1|315|57.0|33.5|0.01|0.03|43.7564|19.4732
19|41|0|90|0.0|8.1|315|56.9|33.5|0.01|0.03|43.7579|19.0612
19|42|0|90|0.0|8.1|315|56.7|33.3|0.01|0.03|43.7571|19.0612
19|43|0|90|0.0|8.1|315|56.3|33.3|0.01|0.03|43.7587|19.0612
19|44|0|90|0.0|8.1|315|55.9|33.2|0.01|0.03|43.7583|18.6425
19|45|0|90|0.0|8.1|315|55.8|33.1|0.01|0.03|43.7606|18.6425
19|46|0|90|0.0|8.1|315|55.8|33.0|0.01|0.03|43.7597|18.6425
19|47|0|90|1.5|8.1|315|55.7|33.0|0.01|0.03|43.7626|18.6425
19|48|0|90|0.0|8.1|315|55.8|32.9|0.01|0.03|43.7638|17.7084
19|50|0|90|0.0|8.1|315|56.8|32.8|0.01|0.03|43.7654|18.1251
19|51|0|90|0.0|8.1|315|57.0|32.8|0.01|0.03|43.7673|18.5353
19|52|0|90|1.5|8.1|315|56.9|32.8|0.01|0.03|43.7664|18.1251
19|53|0|90|1.6|8.1|315|56.6|32.7|0.01|0.03|43.7673|18.1251
19|55|0|90|1.5|8.1|315|56.2|32.7|0.01|0.03|43.77|18.1251
19|56|0|90|0.0|8.1|315|56.0|32.6|0.01|0.03|43.7693|18.1251
19|57|0|90|0.0|8.1|315|56.0|32.5|0.01|0.03|43.7684|18.1251
19|58|0|90|1.5|8.1|315|56.1|32.5|0.01|0.03|43.7728|18.1251
19|59|0|90|0.0|8.1|315|56.2|32.3|0.01|0.03|43.7733|18.1251
20|00|0|90|1.5|8.1|315|56.4|32.2|0.01|0.03|43.7737|18.1251
20|01|0|90|1.5|8.1|315|56.8|32.2|0.01|0.03|43.7782|18.1251
20|02|0|90|1.5|8.1|315|57.2|32.1|0.01|0.03|43.7784|18.5353
20|03|0|90|1.5|8.1|315|57.5|32.0|0.01|0.03|43.7793|18.5353
20|04|0|90|0.0|8.1|315|58.0|31.9|0.01|0.03|43.7794|17.9993
20|06|0|90|0.0|8.1|315|58.7|31.8|0.01|0.03|43.7786|17.9993
20|07|0|315|1.5|8.1|315|58.3|31.7|0.01|0.03|43.7775|17.9993
20|08|0|315|1.5|8.1|315|57.7|31.5|0.00|0.03|43.778|17.5973
20|09|0|0|1.5|8.1|315|57.3|31.3|0.00|0.03|43.778|17.5973
20|11|0|45|3.2|8.1|315|57.3|31.1|0.00|0.03|43.7788|17.5973
20|11|0|45|1.5|8.1|315|58.7|30.9|0.00|0.03|43.7766|17.0594
20|12|0|45|1.5|8.1|315|60.5|30.8|0.00|0.03|43.7777|17.8417
20|13|0|45|2.9|8.1|315|61.2|30.5|0.00|0.03|43.7768|18.2242
20|15|0|45|1.5|8.1|315|61.5|30.4|0.00|0.03|43.7761|18.2242
20|16|0|45|0.0|8.1|315|61.4|30.3|0.00|0.03|43.7775|18.2242
20|17|0|45|0.0|8.1|315|61.5|30.3|0.00|0.03|43.7773|18.2242
20|18|0|45|0.0|8.1|315|61.7|30.3|0.00|0.03|43.7785|18.2242
20|19|0|45|1.6|8.1|315|62.3|30.2|0.00|0.03|43.777|18.6012
20|20|0|45|0.0|8.1|315|62.5|30.3|0.00|0.03|43.7802|18.6012
20|21|0|45|0.0|8.1|315|62.6|30.3|0.00|0.03|43.7789|18.6012
20|22|0|45|0.0|8.1|315|62.2|30.4|0.00|0.03|43.7785|18.6012
20|23|0|45|0.0|8.1|315|61.9|30.5|0.01|0.04|43.7804|18.2242
20|25|0|45|0.0|8.1|315|61.7|30.6|0.01|0.04|43.7805|18.2242
20|26|0|45|0.0|8.1|315|61.7|30.6|0.01|0.04|43.782|18.2242
20|27|0|45|0.0|8.1|315|61.4|30.6|0.01|0.04|43.7821|18.2242
20|28|0|45|1.6|8.1|315|61.5|30.6|0.01|0.04|43.7824|18.2242
20|29|0|45|0.0|8.1|315|61.7|30.6|0.01|0.04|43.7834|18.2242
20|30|0|45|1.5|8.1|315|62.0|30.8|0.01|0.04|43.7845|18.6012
20|31|0|45|1.5|8.1|315|62.3|30.6|0.01|0.04|43.7827|18.6012
20|33|0|45|0.0|8.1|315|62.4|30.8|0.01|0.04|43.7834|18.6012
20|34|0|45|1.6|8.1|315|62.8|30.8|0.01|0.04|43.7837|18.6012
20|35|0|45|0.0|8.1|315|62.6|30.8|0.01|0.04|43.7858|18.6012
20|36|0|45|0.0|8.1|315|62.2|30.8|0.01|0.04|43.7868|18.6012
20|38|0|45|1.5|8.1|315|61.5|30.8|0.01|0.04|43.7857|18.2242
20|39|0|45|0.0|8.1|315|61.6|30.8|0.01|0.04|43.7845|18.2242
20|40|0|45|0.0|8.1|315|61.8|30.8|0.01|0.04|43.7836|18.2242
20|41|0|45|0.0|8.1|315|61.7|30.8|0.01|0.04|43.7871|18.2242
20|42|0|45|0.0|8.1|315|61.4|30.8|0.01|0.04|43.7866|18.2242
20|43|0|45|0.0|8.1|315|61.1|30.6|0.01|0.04|43.7837|18.2242
20|44|0|45|1.6|8.1|315|60.9|30.6|0.01|0.04|43.7853|17.8417
20|45|0|45|1.5|8.1|315|60.8|30.6|0.01|0.04|43.7866|17.8417
20|46|0|45|0.0|8.1|315|60.8|30.6|0.01|0.04|43.7843|17.8417
20|47|0|45|1.5|8.1|315|60.9|30.6|0.01|0.04|43.7834|17.8417
20|48|0|45|1.5|8.1|315|60.9|30.6|0.02|0.05|43.7849|17.8417
20|49|0|45|1.5|8.1|315|61.0|30.6|0.02|0.05|43.7841|18.2242
20|50|0|45|0.0|8.1|315|60.9|30.6|0.02|0.05|43.7846|17.8417
20|51|0|45|1.5|8.1|315|61.2|30.6|0.03|0.07|43.7845|18.2242
20|52|0|45|0.0|8.1|315|61.5|30.5|0.03|0.07|43.7853|18.2242
20|54|0|45|1.5|8.1|315|60.5|30.5|0.03|0.07|43.7868|17.8417
20|55|0|45|1.5|8.1|315|60.7|30.5|0.03|0.07|43.7882|17.8417
20|56|0|45|0.0|8.1|315|61.0|30.4|0.03|0.07|43.7862|18.2242
20|57|0|45|2.9|8.1|315|61.5|30.3|0.03|0.07|43.7871|18.2242
20|58|0|45|1.5|8.1|315|62.4|30.2|0.03|0.07|43.7896|18.6012
20|59|0|45|1.5|8.1|315|63.2|30.2|0.03|0.07|43.7929|18.9728
21|00|0|45|1.5|8.1|315|63.4|30.0|0.03|0.07|43.7923|18.9728
21|01|0|45|1.6|8.1|315|63.3|30.0|0.03|0.07|43.7936|18.9728
21|02|0|45|0.0|8.1|315|63.5|29.9|0.03|0.07|43.7955|18.024
21|03|0|45|0.0|8.1|315|63.7|29.9|0.03|0.07|43.7946|18.024
21|04|0|45|0.0|8.1|315|63.6|29.7|0.03|0.07|43.7931|18.024
21|05|0|45|1.5|8.1|315|63.5|29.7|0.03|0.07|43.7939|18.024
21|06|0|45|0.0|8.1|315|63.4|29.9|0.03|0.07|43.7963|18.024
21|07|0|45|0.0|8.1|315|63.2|29.9|0.03|0.07|43.7962|18.024
21|08|0|45|0.0|8.1|315|63.2|29.9|0.03|0.07|43.7963|18.024
21|09|0|45|0.0|8.1|315|63.1|30.0|0.03|0.07|43.7967|18.9728
21|10|0|45|0.0|8.1|315|63.0|30.0|0.03|0.07|43.797|18.9728
21|11|0|45|0.0|8.1|315|62.9|30.0|0.03|0.07|43.7973|18.6012
21|12|0|45|0.0|8.1|315|62.7|30.1|0.03|0.07|43.7968|18.6012
21|13|0|45|0.0|8.1|315|62.6|30.1|0.03|0.07|43.7981|18.6012
21|15|0|45|0.0|8.1|315|62.5|30.1|0.03|0.07|43.7997|18.6012
21|16|0|45|0.0|8.1|315|62.4|30.1|0.03|0.07|43.7958|18.6012
21|17|0|45|0.0|8.1|315|62.3|30.2|0.03|0.07|43.7976|18.6012
21|18|0|45|0.0|8.1|315|62.2|30.2|0.03|0.07|43.7978|18.6012
21|19|0|45|0.0|8.1|315|62.2|30.2|0.03|0.07|43.7989|18.6012
21|20|0|45|0.0|8.1|315|62.3|30.2|0.03|0.07|43.7985|18.6012
21|21|0|45|0.0|8.1|315|62.3|30.2|0.03|0.07|43.8005|18.6012
21|22|0|45|0.0|8.1|315|62.2|30.2|0.03|0.07|43.8017|18.6012
21|23|0|45|0.0|8.1|315|62.3|30.2|0.02|0.07|43.7993|18.6012
21|24|0|45|0.0|8.1|315|62.4|30.3|0.02|0.07|43.8026|18.6012
21|25|0|45|0.0|8.1|315|62.5|30.2|0.02|0.07|43.8009|18.6012
21|26|0|45|0.0|8.1|315|62.4|30.2|0.03|0.08|43.802|18.6012
21|27|0|45|0.0|8.1|315|62.3|30.2|0.03|0.08|43.8031|18.6012
21|28|0|45|0.0|8.1|315|62.1|30.2|0.03|0.08|43.8021|18.6012
21|29|0|45|0.0|8.1|315|61.9|30.2|0.03|0.08|43.8016|18.2242
21|30|0|45|0.0|8.1|315|61.7|30.2|0.03|0.08|43.8022|18.2242
21|32|0|45|0.0|8.1|315|61.3|30.2|0.03|0.08|43.805|18.2242
21|33|0|45|0.0|8.1|315|61.5|30.3|0.03|0.08|43.8019|18.2242
21|34|0|45|0.0|8.1|315|61.7|30.3|0.03|0.08|43.8033|18.2242
21|35|0|45|0.0|8.1|315|61.7|30.3|0.03|0.08|43.8054|18.2242
21|36|0|45|1.5|8.1|315|61.4|30.3|0.03|0.08|43.804|18.2242
21|37|0|45|0.0|8.1|315|61.1|30.2|0.03|0.08|43.806|18.2242
21|38|0|45|0.0|8.1|315|60.9|30.1|0.03|0.08|43.8046|17.8417
21|39|0|45|0.0|8.1|315|60.8|30.1|0.03|0.08|43.8065|17.8417
21|41|0|45|0.0|8.1|315|61.2|29.9|0.03|0.08|43.8043|17.2788
21|42|0|45|1.5|8.1|315|61.4|29.9|0.03|0.08|43.8046|17.2788
21|43|0|45|0.0|8.1|315|61.5|29.7|0.03|0.08|43.8044|17.2788
21|44|0|45|0.0|8.1|315|61.4|29.7|0.03|0.08|43.8066|17.2788
21|45|0|45|0.0|8.1|315|61.7|29.7|0.03|0.08|43.8057|17.2788
21|46|0|45|0.0|8.1|315|62.0|29.6|0.03|0.08|43.807|17.6541
21|48|0|45|0.0|8.1|315|62.2|29.6|0.02|0.08|43.8046|17.6541
21|49|0|45|0.0|8.1|315|62.2|29.6|0.02|0.08|43.805|17.6541
21|50|0|45|0.0|8.1|315|62.3|29.5|0.02|0.08|43.8048|17.6541
21|51|0|45|0.0|8.1|315|62.3|29.5|0.02|0.08|43.8056|17.6541
21|52|0|45|1.6|8.1|315|62.2|29.4|0.01|0.08|43.8075|17.6541
21|53|0|45|1.5|8.1|315|62.1|29.4|0.01|0.08|43.8061|17.6541
21|54|0|45|1.5|8.1|315|61.8|29.3|0.01|0.08|43.8076|17.2788
21|55|0|45|0.0|8.1|315|61.6|29.3|0.01|0.08|43.8068|17.2788
21|56|0|45|1.5|8.1|315|61.4|29.2|0.01|0.08|43.8076|17.2788
21|57|0|45|0.0|8.1|315|61.3|29.1|0.01|0.08|43.8082|17.2788
21|58|0|45|0.0|8.1|315|61.2|29.1|0.01|0.08|43.8089|17.2788
21|59|0|45|1.5|8.1|315|61.2|28.8|0.01|0.08|43.8077|16.3332
22|00|0|45|1.5|8.1|315|61.3|28.7|0.01|0.08|43.8083|16.3332
22|01|0|45|1.5|8.1|315|61.5|28.7|0.01|0.08|43.8091|16.3332
22|02|0|45|1.6|8.1|315|61.6|28.6|0.01|0.08|43.8125|16.3332
22|03|0|45|1.5|8.1|315|61.7|28.5|0.01|0.08|43.81|16.3332
22|04|0|45|1.5|8.1|315|61.8|28.4|0.01|0.08|43.8125|16.3332
22|05|0|45|1.5|8.1|315|61.9|28.3|0.01|0.08|43.8137|16.3332
22|06|0|45|1.5|8.1|315|61.9|28.2|0.01|0.08|43.8133|16.3332
22|09|0|45|1.5|8.1|315|61.9|28.1|0.01|0.08|43.8132|16.3332
22|10|0|135|1.5|8.1|315|62.0|28.0|0.01|0.08|43.8155|16.7068
22|11|0|135|1.6|8.1|315|62.2|28.0|0.01|0.08|43.8176|16.7068
22|12|0|135|0.0|8.1|315|62.3|27.8|0.01|0.08|43.8159|15.7594
22|13|0|135|0.0|8.1|315|62.4|27.7|0.01|0.08|43.8165|15.7594
22|14|0|135|0.0|8.1|315|62.6|27.7|0.01|0.08|43.8161|15.7594
22|15|0|135|0.0|8.1|315|62.6|27.7|0.01|0.08|43.8168|15.7594
22|16|0|135|0.0|8.1|315|62.7|27.7|0.01|0.08|43.8175|15.7594
22|17|0|135|0.0|8.1|315|62.7|27.6|0.01|0.08|43.8164|15.7594
22|19|0|135|0.0|8.1|315|62.7|27.6|0.01|0.08|43.8164|15.7594
22|20|0|135|0.0|8.1|315|62.6|27.5|0.01|0.08|43.8154|15.7594
22|21|0|135|0.0|8.1|315|62.5|27.5|0.02|0.09|43.8153|15.7594
22|22|0|135|1.6|8.1|315|62.6|27.4|0.02|0.09|43.8138|15.7594
22|23|0|135|0.0|8.1|315|62.8|27.4|0.02|0.09|43.8145|15.7594
22|24|0|135|0.0|8.1|315|62.8|27.4|0.02|0.09|43.8169|15.7594
22|25|0|135|0.0|8.1|315|62.8|27.3|0.01|0.09|43.8174|15.7594
22|27|0|135|0.0|8.1|315|63.2|27.3|0.01|0.09|43.8178|16.1259
22|28|0|135|0.0|8.1|315|63.4|27.3|0.01|0.09|43.8197|16.1259
22|29|0|135|0.0|8.1|315|63.6|27.2|0.01|0.09|43.8217|16.1259
22|31|0|135|0.0|8.1|315|63.8|27.2|0.01|0.09|43.8216|16.1259
22|32|0|135|0.0|8.1|315|63.9|27.2|0.01|0.09|43.8226|16.1259
22|33|0|135|0.0|8.1|315|63.8|27.2|0.01|0.09|43.8221|16.1259
22|34|0|135|0.0|8.1|315|63.8|27.2|0.01|0.09|43.821|16.1259
22|35|0|135|0.0|8.1|315|63.6|27.2|0.01|0.09|43.8227|16.1259
22|36|0|135|0.0|8.1|315|63.6|27.2|0.01|0.09|43.824|16.1259
22|37|0|135|0.0|8.1|315|63.8|27.0|0.01|0.09|43.823|16.1259
22|38|0|135|0.0|8.1|315|63.9|27.0|0.01|0.09|43.8242|16.1259
22|39|0|135|0.0|8.1|315|63.9|27.0|0.01|0.09|43.8248|16.1259
22|40|0|135|0.0|8.1|315|63.9|27.0|0.01|0.09|43.8236|16.1259
22|41|0|135|0.0|8.1|315|64.0|27.0|0.01|0.09|43.8244|16.4873
22|42|0|90|1.5|8.1|315|64.1|27.0|0.01|0.09|43.8275|16.4873
22|43|0|90|1.5|8.1|315|64.2|27.0|0.01|0.09|43.827|16.4873
22|44|0|90|1.5|8.1|315|64.2|26.9|0.01|0.09|43.8284|15.5365
22|45|0|90|0.0|8.1|315|64.2|26.9|0.01|0.09|43.8277|15.5365
22|46|0|90|1.6|8.1|315|64.3|26.8|0.01|0.09|43.8282|15.5365
22|47|0|90|1.5|8.1|315|64.4|26.8|0.01|0.09|43.8286|15.5365
22|48|0|90|1.5|8.1|315|64.4|26.7|0.01|0.09|43.8301|15.5365
22|49|0|90|1.6|8.1|315|64.4|26.7|0.01|0.09|43.8334|15.5365
22|51|0|90|0.0|8.1|315|64.5|26.7|0.01|0.09|43.8328|15.5365
22|52|0|90|0.0|8.1|315|64.6|26.6|0.01|0.09|43.8329|15.5365
22|53|0|90|0.0|8.1|315|64.4|26.7|0.01|0.09|43.8364|15.5365
22|54|0|90|0.0|8.1|315|64.2|26.6|0.01|0.09|43.835|15.5365
22|55|0|90|0.0|8.1|315|63.9|26.6|0.01|0.09|43.8373|15.1767
22|56|0|90|0.0|8.1|315|63.8|26.6|0.01|0.09|43.8381|15.1767
22|57|0|90|0.0|8.1|315|63.7|26.5|0.01|0.09|43.8393|15.1767
23|00|0|90|0.0|8.1|315|64.2|26.4|0.01|0.09|43.8361|15.5365
23|01|0|90|0.0|8.1|315|64.3|26.5|0.01|0.09|43.8369|15.5365
23|02|0|90|0.0|8.1|315|64.3|26.4|0.01|0.09|43.8337|15.5365
23|03|0|90|0.0|8.1|315|64.4|26.4|0.01|0.09|43.836|15.5365
23|04|0|90|0.0|8.1|315|64.4|26.4|0.01|0.09|43.8356|15.5365
23|05|0|90|0.0|8.1|315|64.6|26.4|0.01|0.09|43.835|15.5365
23|06|0|90|0.0|8.1|315|64.9|26.4|0.01|0.09|43.8356|15.5365
23|07|0|90|1.5|8.1|315|65.1|26.4|0.02|0.10|43.8364|15.8913
23|08|0|90|0.0|8.1|315|65.1|26.4|0.02|0.10|43.8364|15.8913
23|09|0|90|0.0|8.1|315|65.2|26.4|0.02|0.10|43.837|15.8913
23|11|0|90|0.0|8.1|315|65.1|26.5|0.02|0.10|43.8363|15.8913
23|13|0|90|0.0|8.1|315|64.8|26.6|0.02|0.10|43.8377|15.5365
23|14|0|90|0.0|8.1|315|65.0|26.6|0.02|0.10|43.8362|15.8913
23|15|0|90|1.5|8.1|315|65.1|26.6|0.02|0.10|43.8377|15.8913
23|16|0|90|1.5|8.1|315|65.2|26.6|0.02|0.10|43.8366|15.8913
23|17|0|90|0.0|8.1|315|65.3|26.6|0.02|0.10|43.8377|15.8913
23|18|0|90|0.0|8.1|315|65.2|26.6|0.02|0.10|43.8372|15.8913
23|19|0|90|0.0|8.1|315|65.1|26.5|0.02|0.10|43.8375|15.8913
23|21|0|90|0.0|8.1|315|64.7|26.5|0.01|0.10|43.837|15.5365
23|22|0|90|0.0|8.1|315|64.3|26.5|0.01|0.10|43.8385|15.5365
23|23|0|90|0.0|8.1|315|64.0|26.5|0.01|0.10|43.8395|15.5365
23|24|0|90|0.0|8.1|315|64.0|26.4|0.01|0.10|43.8375|15.5365
23|25|0|90|0.0|8.1|315|63.9|26.4|0.01|0.10|43.8388|15.1767
23|26|0|90|0.0|8.1|315|63.8|26.4|0.01|0.10|43.8388|15.1767
23|27|0|90|0.0|8.1|315|63.6|26.3|0.01|0.10|43.8376|15.1767
23|28|0|90|0.0|8.1|315|63.5|26.3|0.01|0.10|43.8391|15.1767
23|29|0|90|0.0|8.1|315|63.4|26.3|0.01|0.10|43.8397|15.1767
23|31|0|90|0.0|8.1|315|63.5|26.3|0.01|0.10|43.8411|15.1767
23|32|0|90|0.0|8.1|315|63.5|26.1|0.01|0.10|43.8384|15.1767
23|34|0|90|0.0|8.1|315|63.7|26.0|0.01|0.10|43.8416|15.1767
23|35|0|90|0.0|8.1|315|63.8|25.9|0.01|0.10|43.842|14.2274
23|36|0|90|1.5|8.1|315|63.9|25.9|0.01|0.10|43.8428|14.2274
23|37|0|180|1.5|8.1|315|64.0|25.8|0.01|0.10|43.8455|14.5855
23|39|0|180|0.0|8.1|315|64.4|25.7|0.01|0.10|43.8435|14.5855
23|40|0|180|0.0|8.1|315|64.6|25.7|0.01|0.10|43.8453|14.5855
23|41|0|180|1.6|8.1|315|64.6|25.6|0.01|0.10|43.8451|14.5855
23|42|0|180|1.5|8.1|315|64.5|25.5|0.01|0.10|43.8448|14.5855
23|43|0|180|1.5|8.1|315|64.3|25.5|0.01|0.10|43.8452|14.5855
23|44|0|180|1.5|8.1|315|64.4|25.4|0.01|0.10|43.8459|14.5855
23|45|0|180|1.5|8.1|315|64.4|25.4|0.01|0.10|43.8452|14.5855
23|46|0|180|1.6|8.1|315|64.3|25.4|0.01|0.10|43.8475|14.5855
23|47|0|180|0.0|8.1|315|64.3|25.2|0.01|0.10|43.8467|14.5855
23|48|0|180|1.5|8.1|315|64.2|25.2|0.01|0.10|43.8461|14.5855
23|50|0|180|0.0|8.1|315|64.1|25.1|0.01|0.10|43.8466|14.5855
23|51|0|180|0.0|8.1|315|64.1|25.2|0.01|0.10|43.8445|14.5855
23|52|0|180|0.0|8.1|315|64.1|25.2|0.01|0.10|43.8455|14.5855
23|53|0|180|0.0|8.1|315|64.1|25.2|0.01|0.10|43.8456|14.5855
23|55|0|180|0.0|8.1|315|64.0|25.2|0.01|0.10|43.8464|14.5855
23|57|0|180|0.0|8.1|315|64.1|25.1|0.01|0.10|43.8483|14.5855
23|58|0|180|0.0|8.1|315|64.1|25.0|0.01|0.10|43.8483|14.5855
23|59|0|180|0.0|8.1|315|64.3|24.9|0.01|0.10|43.849|13.6344
