00|00|0|90|0.0|11.6|315|69.0|18.3|0.03|0.12|43.7994|9.58901
00|01|0|90|1.5|11.6|315|69.0|18.2|0.03|0.12|43.7978|9.58901
00|02|0|90|0.0|11.6|315|69.0|18.3|0.03|0.12|43.7977|9.58901
00|05|0|90|1.5|11.6|315|69.1|18.2|0.03|0.12|43.7992|9.58901
00|06|0|180|2.9|11.6|315|68.9|18.0|0.03|0.12|43.8012|9.26509
00|07|0|180|1.5|11.6|315|68.7|18.0|0.03|0.12|43.8011|9.26509
00|08|0|180|1.5|11.6|315|68.7|18.0|0.03|0.12|43.8009|9.26509
00|09|0|180|0.0|11.6|315|68.7|18.0|0.03|0.12|43.8034|9.26509
00|10|0|180|0.0|11.6|315|68.7|18.0|0.03|0.12|43.8054|9.26509
00|11|0|180|1.5|11.6|315|68.6|17.9|0.03|0.12|43.8046|8.30688
00|12|0|135|1.5|11.6|315|68.5|17.9|0.03|0.12|43.8068|8.30688
00|13|0|135|1.5|11.6|315|68.7|17.9|0.03|0.12|43.8069|8.30688
00|14|0|135|1.6|11.6|315|68.9|17.8|0.03|0.12|43.8066|8.30688
00|15|0|135|0.0|11.6|315|69.1|17.8|0.04|0.13|43.8059|8.62926
00|16|0|90|1.5|11.6|315|69.3|17.8|0.04|0.13|43.8073|8.62926
00|17|0|90|1.6|11.6|315|69.4|17.7|0.04|0.13|43.8086|8.62926
00|18|0|90|0.0|11.6|315|69.4|17.7|0.04|0.13|43.8108|8.62926
00|21|0|203|2.9|11.6|315|69.3|17.6|0.04|0.13|43.816|8.62926
00|22|0|225|1.5|11.6|315|69.4|17.6|0.05|0.14|43.8193|8.62926
00|23|0|180|1.5|11.6|315|69.5|17.6|0.05|0.14|43.8198|8.62926
00|24|0|180|1.6|11.6|315|69.7|17.5|0.05|0.14|43.821|8.62926
00|26|0|225|1.5|11.6|315|69.9|17.5|0.05|0.14|43.822|8.62926
00|27|0|225|0.0|11.6|315|69.9|17.5|0.05|0.14|43.8229|8.62926
00|28|0|225|0.0|11.6|315|69.9|17.5|0.05|0.14|43.8235|8.62926
00|29|0|225|0.0|11.6|315|69.8|17.5|0.05|0.14|43.8258|8.62926
00|30|0|225|0.0|11.6|315|69.8|17.5|0.04|0.14|43.8256|8.62926
00|31|0|225|0.0|11.6|315|70.0|17.5|0.03|0.14|43.8247|8.94751
00|33|0|315|1.6|11.6|315|70.0|17.5|0.03|0.14|43.8238|8.94751
00|34|0|315|1.5|11.6|315|70.0|17.5|0.03|0.14|43.8245|8.94751
00|35|0|315|1.6|11.6|315|70.0|17.5|0.03|0.14|43.8238|8.94751
00|37|0|315|1.5|11.6|315|70.0|17.4|0.03|0.14|43.8267|8.94751
00|38|0|315|1.5|11.6|315|70.1|17.4|0.03|0.14|43.8266|8.94751
00|39|0|315|1.6|11.6|315|70.2|17.3|0.03|0.14|43.8282|8.94751
00|40|0|315|0.0|11.6|315|70.3|17.3|0.03|0.14|43.8252|8.94751
00|41|0|315|1.5|11.6|315|70.7|17.3|0.03|0.14|43.8229|8.94751
00|42|0|315|1.5|11.6|315|71.0|17.3|0.03|0.14|43.8233|9.26174
00|43|0|315|0.0|11.6|315|71.6|17.1|0.03|0.14|43.8257|9.26174
00|44|0|45|1.6|11.6|315|72.1|17.3|0.03|0.14|43.8291|9.57205
00|45|0|45|1.5|11.6|315|72.4|17.1|0.03|0.14|43.83|9.57205
00|47|0|45|1.5|11.6|315|72.2|17.1|0.03|0.14|43.8286|9.57205
00|48|0|45|0.0|11.6|315|72.1|17.1|0.03|0.14|43.8289|9.57205
00|49|0|45|0.0|11.6|315|72.0|17.3|0.03|0.14|43.8293|9.57205
00|50|0|45|1.5|11.6|315|72.0|17.3|0.03|0.14|43.8288|9.57205
00|51|0|45|0.0|11.6|315|71.9|17.3|0.03|0.14|43.8276|9.26174
00|52|0|45|0.0|11.6|315|71.7|17.3|0.03|0.14|43.827|9.26174
00|53|0|45|1.5|11.6|315|71.6|17.3|0.03|0.14|43.8266|9.26174
00|54|0|45|0.0|11.6|315|71.4|17.4|0.02|0.14|43.8266|9.26174
00|55|0|45|0.0|11.6|315|71.1|17.4|0.02|0.14|43.8288|9.26174
00|57|0|45|0.0|11.6|315|70.9|17.4|0.02|0.14|43.8293|8.94751
00|58|0|45|0.0|11.6|315|70.7|17.4|0.02|0.14|43.8297|8.94751
00|59|0|45|0.0|11.6|315|70.6|17.4|0.02|0.14|43.8318|8.94751
01|00|0|45|0.0|11.6|315|70.4|17.4|0.02|0.14|43.8313|8.94751
01|01|0|45|0.0|11.6|315|70.4|17.3|0.02|0.14|43.8332|8.94751
01|02|0|45|0.0|11.6|315|70.6|17.3|0.02|0.14|43.8365|8.94751
01|03|0|45|3.2|11.6|315|70.7|17.3|0.02|0.14|43.8343|8.94751
01|04|0|45|1.5|11.6|315|70.8|17.3|0.02|0.14|43.8395|8.94751
01|05|0|45|0.0|11.6|315|71.2|17.3|0.02|0.14|43.8395|9.26174
01|06|0|45|0.0|11.6|315|71.2|17.3|0.02|0.14|43.8423|9.26174
01|07|0|45|0.0|11.6|315|71.2|17.1|0.02|0.14|43.8419|9.26174
01|08|0|45|0.0|11.6|315|71.1|17.1|0.02|0.14|43.8423|9.26174
01|09|0|45|0.0|11.6|315|71.0|17.1|0.02|0.14|43.8418|9.26174
01|10|0|45|0.0|11.6|315|70.9|17.1|0.02|0.14|43.8411|8.94751
01|11|0|45|0.0|11.6|315|70.9|17.1|0.02|0.14|43.8401|8.94751
01|12|0|45|0.0|11.6|315|70.8|17.1|0.02|0.14|43.8401|8.94751
01|13|0|45|0.0|11.6|315|70.8|17.0|0.02|0.14|43.8388|8.94751
01|14|0|45|0.0|11.6|315|70.7|17.0|0.02|0.14|43.8386|8.94751
01|15|0|45|0.0|11.6|315|70.6|17.0|0.01|0.14|43.8385|8.94751
01|17|0|45|1.6|11.6|315|70.7|17.0|0.01|0.14|43.8381|8.94751
01|17|0|45|0.0|11.6|315|70.8|17.0|0.01|0.14|43.838|8.94751
01|20|0|45|1.5|11.6|315|70.9|17.0|0.01|0.14|43.8403|8.94751
01|21|0|45|1.5|11.6|315|71.2|17.0|0.00|0.14|43.8407|9.26174
01|22|0|45|1.5|11.6|315|71.8|17.0|0.00|0.14|43.8409|9.26174
01|23|0|45|2.9|11.6|315|71.9|17.0|0.00|0.14|43.8412|9.26174
01|24|0|45|2.9|11.6|315|71.9|16.9|0.00|0.14|43.8423|8.29889
01|25|0|45|3.2|11.6|315|72.2|16.9|0.00|0.14|43.8442|8.60773
01|26|0|45|1.5|11.6|315|72.0|16.8|0.00|0.14|43.8441|8.60773
01|27|0|45|0.0|11.6|315|71.6|16.8|0.00|0.14|43.8457|8.29889
01|28|0|45|1.6|11.6|315|71.5|16.8|0.00|0.14|43.8493|8.29889
01|29|0|45|1.5|11.6|315|71.7|16.8|0.00|0.14|43.8466|8.29889
01|30|0|45|0.0|11.6|315|72.1|16.8|0.00|0.14|43.8459|8.60773
01|31|0|45|0.0|11.6|315|72.2|16.8|0.00|0.14|43.845|8.60773
01|32|0|45|1.5|11.6|315|72.1|16.9|0.00|0.14|43.8478|8.60773
01|33|0|45|1.5|11.6|315|72.0|16.9|0.00|0.14|43.8462|8.60773
01|34|0|45|0.0|11.6|315|72.0|16.9|0.00|0.14|43.8476|8.60773
01|35|0|45|1.6|11.6|315|71.9|16.9|0.00|0.14|43.8474|8.29889
01|36|0|45|0.0|11.6|315|71.9|17.0|0.01|0.15|43.8471|9.26174
01|37|0|45|0.0|11.6|315|71.8|17.0|0.01|0.15|43.8484|9.26174
01|38|0|45|0.0|11.6|315|71.7|17.1|0.01|0.15|43.8496|9.26174
01|40|0|45|0.0|11.6|315|71.4|17.1|0.01|0.15|43.8513|9.26174
01|41|0|45|0.0|11.6|315|71.0|17.0|0.01|0.15|43.8478|9.26174
01|42|0|45|0.0|11.6|315|70.4|17.0|0.01|0.15|43.8494|8.94751
01|43|0|45|1.5|11.6|315|69.9|17.0|0.01|0.15|43.8528|8.62926
01|44|0|45|0.0|11.6|315|69.5|17.0|0.01|0.15|43.8531|8.62926
01|45|0|45|0.0|11.6|315|69.1|16.9|0.01|0.15|43.8521|7.66942
01|46|0|45|0.0|11.6|315|69.2|16.9|0.01|0.15|43.8536|7.66942
01|47|0|45|1.5|11.6|315|69.4|16.8|0.01|0.15|43.8536|7.66942
01|48|0|45|1.5|11.6|315|69.3|16.7|0.01|0.15|43.8528|7.66942
01|49|0|45|1.5|11.6|315|69.3|16.7|0.01|0.15|43.8544|7.66942
01|50|0|45|1.5|11.6|315|69.3|16.7|0.01|0.15|43.8572|7.66942
01|51|0|45|0.0|11.6|315|69.3|16.6|0.01|0.15|43.8562|7.66942
01|52|0|45|0.0|11.6|315|69.3|16.5|0.01|0.15|43.8573|7.66942
01|53|0|45|1.5|11.6|315|69.5|16.5|0.01|0.15|43.8569|7.66942
01|55|0|45|1.5|11.6|315|70.1|16.4|0.02|0.17|43.8597|7.98615
01|56|0|45|0.0|11.6|315|70.3|16.4|0.02|0.17|43.8588|7.98615
01|57|0|45|0.0|11.6|315|70.3|16.2|0.02|0.17|43.8563|7.98615
01|58|0|45|1.5|11.6|315|70.3|16.2|0.02|0.17|43.8588|7.98615
01|59|0|45|0.0|11.6|315|70.3|16.2|0.02|0.17|43.8614|7.98615
02|00|0|45|0.0|11.6|315|70.2|16.2|0.02|0.17|43.862|7.98615
02|02|0|45|0.0|11.6|315|70.2|16.1|0.02|0.17|43.8609|7.98615
02|03|0|45|0.0|11.6|315|70.2|16.1|0.02|0.17|43.8632|7.98615
02|04|0|45|0.0|11.6|315|70.3|16.0|0.02|0.17|43.8617|7.98615
02|05|0|45|1.5|11.6|315|70.4|16.0|0.02|0.17|43.864|7.98615
02|06|0|180|4.4|11.6|315|70.6|15.9|0.02|0.17|43.8658|7.02471
02|07|0|180|1.6|11.6|315|70.7|15.9|0.02|0.17|43.8653|7.02471
02|08|0|180|1.5|11.6|315|70.8|15.8|0.02|0.17|43.8644|7.02471
02|09|0|180|1.6|11.6|315|70.8|15.8|0.02|0.17|43.8635|7.02471
02|10|0|180|1.5|11.6|315|70.8|15.7|0.02|0.17|43.865|7.02471
02|11|0|180|1.6|11.6|315|70.7|15.7|0.02|0.17|43.8651|7.02471
02|12|0|180|1.5|11.6|315|70.6|15.7|0.02|0.17|43.8658|7.02471
02|13|0|180|1.5|11.6|315|70.6|15.7|0.02|0.17|43.8684|7.02471
02|14|0|180|0.0|11.6|315|70.6|15.6|0.02|0.17|43.8676|7.02471
02|15|0|180|0.0|11.6|315|70.6|15.6|0.02|0.17|43.8712|7.02471
02|16|0|180|1.5|11.6|315|70.5|15.6|0.02|0.17|43.8742|7.02471
02|17|0|180|0.0|11.6|315|70.5|15.6|0.02|0.17|43.8725|7.02471
02|18|0|180|0.0|11.6|315|70.5|15.6|0.03|0.18|43.8723|7.02471
02|20|0|180|1.5|11.6|315|70.7|15.6|0.03|0.18|43.8715|7.02471
02|21|0|90|2.9|11.6|315|71.0|15.6|0.03|0.18|43.8701|7.33596
02|22|0|90|1.5|11.6|315|71.1|15.6|0.03|0.18|43.8696|7.33596
02|23|0|68|2.9|11.6|315|71.0|15.6|0.03|0.18|43.8705|7.33596
02|24|0|68|1.5|11.6|315|70.8|15.5|0.03|0.18|43.8703|7.02471
02|25|0|68|2.9|11.6|315|71.0|15.5|0.03|0.18|43.8741|7.33596
02|26|0|90|1.5|11.6|315|71.2|15.4|0.03|0.18|43.8751|7.33596
02|27|0|90|1.5|11.6|315|71.4|15.4|0.03|0.18|43.8754|7.33596
02|28|0|90|2.9|11.6|315|71.6|15.4|0.03|0.18|43.8761|7.33596
02|29|0|90|0.0|11.6|315|71.6|15.2|0.03|0.18|43.874|7.33596
02|31|0|90|1.5|11.6|315|71.5|15.2|0.03|0.18|43.8767|7.33596
02|32|0|90|0.0|11.6|315|71.4|15.2|0.03|0.18|43.8786|7.33596
02|34|0|135|1.5|11.6|315|71.2|15.1|0.03|0.18|43.879|7.33596
02|36|0|90|1.5|11.6|315|71.4|15.1|0.02|0.18|43.8793|7.33596
02|37|0|90|1.5|11.6|315|71.5|15.0|0.02|0.18|43.8787|7.33596
02|39|0|90|0.0|11.6|315|71.6|15.0|0.02|0.18|43.8795|7.33596
02|40|0|90|1.6|11.6|315|71.5|15.0|0.03|0.19|43.8786|7.33596
02|41|0|90|1.5|11.6|315|71.4|14.9|0.03|0.19|43.8771|6.37294
02|42|0|90|1.5|11.6|315|71.3|14.9|0.03|0.19|43.8793|6.37294
02|44|0|90|1.5|11.6|315|71.2|14.8|0.03|0.19|43.8788|6.37294
02|45|0|90|1.5|11.6|315|71.1|14.8|0.03|0.19|43.8779|6.37294
02|46|0|90|0.0|11.6|315|71.0|14.7|0.03|0.19|43.8793|6.37294
02|47|0|90|0.0|11.6|315|70.9|14.7|0.03|0.19|43.879|6.06318
02|48|0|90|0.0|11.6|315|70.9|14.6|0.03|0.19|43.8778|6.06318
02|49|0|90|0.0|11.6|315|70.9|14.6|0.03|0.19|43.8769|6.06318
02|50|0|90|0.0|11.6|315|70.9|14.6|0.03|0.19|43.8796|6.06318
02|51|0|90|0.0|11.6|315|71.0|14.5|0.03|0.19|43.8809|6.37294
02|54|0|90|0.0|11.6|315|71.4|14.3|0.02|0.19|43.8841|6.37294
02|55|0|90|0.0|11.6|315|71.6|14.3|0.02|0.19|43.8828|6.37294
02|56|0|90|0.0|11.6|315|71.8|14.3|0.02|0.19|43.8801|6.37294
02|57|0|90|0.0|11.6|315|71.9|14.3|0.02|0.19|43.8822|6.37294
02|59|0|90|0.0|11.6|315|72.1|14.3|0.02|0.19|43.8835|6.67883
03|00|0|90|0.0|11.6|315|72.2|14.3|0.02|0.19|43.8834|6.67883
03|01|0|90|0.0|11.6|315|72.3|14.3|0.03|0.20|43.8842|6.67883
03|02|0|90|0.0|11.6|315|72.3|14.3|0.03|0.20|43.8841|6.67883
03|03|0|90|0.0|11.6|315|72.2|14.3|0.03|0.20|43.8834|6.67883
03|04|0|90|0.0|11.6|315|72.2|14.3|0.03|0.20|43.8832|6.67883
03|05|0|90|0.0|11.6|315|72.2|14.3|0.03|0.20|43.8843|6.67883
03|06|0|90|0.0|11.6|315|72.2|14.3|0.03|0.20|43.8841|6.67883
03|07|0|90|1.6|11.6|315|72.0|14.2|0.03|0.20|43.8837|6.67883
03|08|0|90|0.0|11.6|315|71.9|14.2|0.03|0.20|43.888|6.37294
03|09|0|90|0.0|11.6|315|71.9|14.2|0.03|0.20|43.8895|6.37294
03|10|0|90|1.6|11.6|315|71.9|14.1|0.03|0.20|43.8891|6.37294
03|11|0|90|1.5|11.6|315|72.0|14.1|0.03|0.20|43.8902|6.67883
03|13|0|90|1.5|11.6|315|72.4|14.1|0.03|0.20|43.8914|6.67883
03|14|0|90|0.0|11.6|315|72.5|14.1|0.03|0.20|43.8936|6.67883
03|15|0|90|0.0|11.6|315|72.4|14.0|0.03|0.20|43.8931|6.67883
03|16|0|90|0.0|11.6|315|72.3|14.0|0.03|0.20|43.8963|6.67883
03|17|0|90|0.0|11.6|315|72.2|14.0|0.02|0.20|43.8962|6.67883
03|18|0|90|0.0|11.6|315|72.2|14.0|0.02|0.20|43.8963|6.67883
03|19|0|90|0.0|11.6|315|72.4|14.0|0.02|0.20|43.8988|6.67883
03|21|0|90|0.0|11.6|315|72.5|14.0|0.02|0.20|43.8965|6.67883
03|23|0|90|0.0|11.6|315|72.7|14.1|0.03|0.21|43.8971|6.67883
03|24|0|90|0.0|11.6|315|72.8|14.1|0.03|0.21|43.8961|6.67883
03|25|0|90|0.0|11.6|315|72.8|14.1|0.03|0.21|43.8957|6.67883
03|26|0|90|1.6|11.6|315|72.9|14.1|0.03|0.21|43.8955|6.67883
03|29|0|90|1.5|11.6|315|73.4|14.2|0.03|0.21|43.8985|6.98096
03|30|0|90|0.0|11.6|315|73.3|14.1|0.03|0.21|43.8986|6.98096
03|31|0|90|1.5|11.6|315|73.5|14.1|0.03|0.21|43.8979|6.98096
03|32|0|90|1.6|11.6|315|73.8|14.1|0.03|0.21|43.8974|6.98096
03|33|0|90|1.5|11.6|315|74.0|14.1|0.03|0.21|43.9013|7.27942
03|34|0|90|0.0|11.6|315|74.2|14.1|0.03|0.21|43.9024|7.27942
03|35|0|90|1.6|11.6|315|74.3|14.1|0.03|0.21|43.9015|7.27942
03|36|0|90|1.5|11.6|315|74.4|14.1|0.03|0.21|43.8985|7.27942
03|37|0|90|0.0|11.6|315|74.4|14.1|0.03|0.21|43.8983|7.27942
03|38|0|90|0.0|11.6|315|74.3|14.1|0.03|0.21|43.8978|7.27942
03|40|0|90|0.0|11.6|315|74.2|14.1|0.02|0.21|43.8974|7.27942
03|41|0|90|0.0|11.6|315|74.2|14.1|0.02|0.21|43.8979|7.27942
03|42|0|90|1.6|11.6|315|74.1|14.1|0.02|0.21|43.8963|7.27942
03|43|0|90|2.9|11.6|315|73.9|14.1|0.02|0.21|43.8947|6.98096
03|44|0|90|1.5|11.6|315|73.8|14.1|0.02|0.21|43.8969|6.98096
03|45|0|90|0.0|11.6|315|73.5|14.1|0.02|0.21|43.8984|6.98096
03|46|0|90|0.0|11.6|315|73.2|14.0|0.02|0.21|43.8972|6.98096
03|47|0|90|1.5|11.6|315|73.0|14.0|0.02|0.21|43.8979|6.98096
03|48|0|90|1.5|11.6|315|72.7|14.0|0.02|0.21|43.8967|6.67883
03|49|0|90|0.0|11.6|315|72.5|13.9|0.02|0.21|43.8944|5.71426
03|51|0|90|1.6|11.6|315|72.3|13.8|0.02|0.21|43.8897|5.71426
03|52|0|90|1.5|11.6|315|72.3|13.8|0.02|0.21|43.8905|5.71426
03|53|0|90|0.0|11.6|315|72.5|13.8|0.02|0.21|43.8898|5.71426
03|54|0|90|0.0|11.6|315|72.8|13.8|0.02|0.21|43.8911|5.71426
03|56|0|90|0.0|11.6|315|73.1|13.8|0.02|0.21|43.8915|6.01494
03|57|0|90|0.0|11.6|315|73.0|13.7|0.02|0.21|43.8904|6.01494
03|59|0|90|0.0|11.6|315|72.9|13.7|0.02|0.21|43.8878|5.71426
04|01|0|90|1.5|11.6|315|72.6|13.5|0.01|0.21|43.888|5.71426
04|02|0|90|0.0|11.6|315|72.5|13.5|0.01|0.21|43.8904|5.71426
04|03|0|90|1.5|11.6|315|72.8|13.4|0.01|0.21|43.8918|5.71426
04|05|0|90|1.5|11.6|315|73.4|13.4|0.01|0.21|43.8915|6.01494
04|06|0|90|0.0|11.6|315|73.6|13.5|0.02|0.22|43.8913|6.01494
04|07|0|90|0.0|11.6|315|73.8|13.5|0.02|0.22|43.8901|6.01494
04|08|0|90|0.0|11.6|315|74.1|13.5|0.02|0.22|43.893|6.31197
04|09|0|90|0.0|11.6|315|74.3|13.5|0.02|0.22|43.8916|6.31197
04|10|0|90|1.5|11.6|315|74.2|13.7|0.02|0.22|43.893|6.31197
04|11|0|90|0.0|11.6|315|74.0|13.7|0.02|0.22|43.8931|6.31197
04|12|0|90|0.0|11.6|315|74.1|13.7|0.02|0.22|43.8931|6.31197
04|13|0|90|0.0|11.6|315|74.0|13.7|0.02|0.22|43.891|6.31197
04|14|0|90|0.0|11.6|315|74.1|13.7|0.02|0.22|43.8932|6.31197
04|15|0|90|0.0|11.6|315|74.1|13.7|0.02|0.22|43.8936|6.31197
04|17|0|90|0.0|11.6|315|73.7|13.7|0.02|0.22|43.8921|6.01494
04|18|0|90|0.0|11.6|315|73.5|13.7|0.02|0.22|43.8927|6.01494
04|19|0|90|0.0|11.6|315|73.3|13.7|0.02|0.22|43.8931|6.01494
04|21|0|90|0.0|11.6|315|73.3|13.7|0.01|0.22|43.8944|6.01494
04|22|0|90|0.0|11.6|315|73.4|13.7|0.01|0.22|43.8924|6.01494
04|23|0|90|0.0|11.6|315|73.5|13.5|0.01|0.22|43.893|6.01494
04|24|0|90|0.0|11.6|315|73.3|13.5|0.01|0.22|43.8939|6.01494
04|25|0|90|1.5|11.6|315|73.2|13.5|0.01|0.22|43.8937|6.01494
04|26|0|90|1.5|11.6|315|73.2|13.4|0.01|0.22|43.8925|6.01494
04|27|0|90|1.5|11.6|315|73.2|13.4|0.01|0.22|43.8929|6.01494
04|28|0|90|0.0|11.6|315|73.2|13.3|0.01|0.22|43.8922|6.01494
04|29|0|90|1.5|11.6|315|73.3|13.4|0.01|0.22|43.8945|6.01494
04|30|0|90|1.5|11.6|315|73.4|13.4|0.01|0.22|43.8964|6.01494
04|31|0|90|1.5|11.6|315|73.7|13.3|0.01|0.22|43.8938|6.01494
04|32|0|90|1.5|11.6|315|73.9|13.3|0.01|0.22|43.894|6.01494
04|33|0|90|1.5|11.6|315|73.9|13.3|0.01|0.22|43.8923|6.01494
04|34|0|90|0.0|11.6|315|73.9|13.3|0.01|0.22|43.8939|6.01494
04|35|0|90|0.0|11.6|315|73.8|13.3|0.02|0.23|43.8926|6.01494
04|36|0|90|1.5|11.6|315|73.7|13.2|0.02|0.23|43.8922|6.01494
04|37|0|90|0.0|11.6|315|73.6|13.2|0.02|0.23|43.8946|6.01494
04|38|0|90|0.0|11.6|315|73.7|13.2|0.02|0.23|43.8935|6.01494
04|39|0|90|0.0|11.6|315|73.9|13.2|0.02|0.23|43.8953|6.01494
04|41|0|90|0.0|11.6|315|74.3|13.2|0.02|0.23|43.8931|6.31197
04|42|0|90|1.5|11.6|315|74.7|13.2|0.02|0.23|43.8925|6.31197
04|43|0|90|1.5|11.6|315|75.0|13.2|0.02|0.23|43.8925|6.60545
04|44|0|90|1.5|11.6|315|75.1|13.3|0.02|0.23|43.8939|6.60545
04|45|0|90|0.0|11.6|315|75.1|13.2|0.02|0.23|43.8954|6.60545
04|46|0|90|0.0|11.6|315|74.9|13.2|0.02|0.23|43.8961|6.31197
04|47|0|90|1.5|11.6|315|74.6|13.2|0.02|0.23|43.8953|6.31197
04|48|0|90|1.5|11.6|315|74.4|13.2|0.02|0.23|43.8961|6.31197
04|49|0|90|1.5|11.6|315|74.2|13.1|0.02|0.23|43.8953|6.31197
04|50|0|90|0.0|11.6|315|74.0|13.1|0.02|0.23|43.8962|6.31197
04|51|0|90|0.0|11.6|315|74.1|13.1|0.02|0.23|43.8984|6.31197
04|52|0|90|1.6|11.6|315|74.2|13.1|0.02|0.23|43.897|6.31197
04|53|0|90|1.5|11.6|315|74.4|13.1|0.02|0.23|43.8955|6.31197
04|54|0|90|1.5|11.6|315|74.5|13.1|0.02|0.23|43.8968|6.31197
04|55|0|90|0.0|11.6|315|74.5|13.1|0.02|0.23|43.8962|6.31197
04|56|0|90|1.5|11.6|315|74.5|13.1|0.02|0.23|43.8962|6.31197
04|57|0|90|0.0|11.6|315|74.4|13.0|0.02|0.23|43.8958|6.31197
04|59|0|90|1.5|11.6|315|74.5|13.0|0.02|0.23|43.9002|6.31197
05|00|0|90|0.0|11.6|315|74.6|13.0|0.02|0.23|43.9012|6.31197
05|02|0|90|1.5|11.6|315|74.6|13.0|0.02|0.23|43.8986|6.31197
05|03|0|90|0.0|11.6|315|74.5|13.0|0.02|0.23|43.8976|6.31197
05|04|0|90|0.0|11.6|315|74.3|13.0|0.02|0.23|43.9004|6.31197
05|05|0|90|0.0|11.6|315|74.1|13.0|0.02|0.23|43.9003|6.31197
05|06|0|90|1.6|11.6|315|73.9|12.9|0.01|0.23|43.902|5.04883
05|07|0|90|1.5|11.6|315|73.7|12.9|0.01|0.23|43.9022|5.04883
05|08|0|90|1.6|11.6|315|73.6|12.9|0.01|0.23|43.9075|5.04883
05|09|0|90|0.0|11.6|315|73.6|12.9|0.01|0.23|43.9081|5.04883
05|10|0|90|0.0|11.6|315|73.9|12.8|0.01|0.23|43.9085|5.04883
05|11|0|90|0.0|11.6|315|74.1|12.8|0.01|0.23|43.9104|5.34443
05|12|0|90|0.0|11.6|315|74.3|12.8|0.01|0.23|43.9111|5.34443
05|13|0|90|0.0|11.6|315|74.4|12.8|0.01|0.23|43.9079|5.34443
05|14|0|90|1.5|11.6|315|74.4|12.6|0.01|0.23|43.9067|5.34443
05|15|0|90|0.0|11.6|315|74.5|12.6|0.01|0.23|43.9076|5.34443
05|16|0|135|1.5|11.6|315|74.5|12.5|0.01|0.23|43.9061|5.34443
05|17|0|135|1.5|11.6|315|74.6|12.5|0.02|0.24|43.9076|5.34443
05|18|0|135|1.5|11.6|315|74.7|12.5|0.02|0.24|43.9058|5.34443
05|20|0|135|0.0|11.6|315|74.8|12.5|0.02|0.24|43.9068|5.34443
05|21|0|135|0.0|11.6|315|75.0|12.5|0.02|0.24|43.9074|5.6365
05|22|0|135|0.0|11.6|315|75.1|12.5|0.02|0.24|43.9099|5.6365
05|25|0|90|0.0|11.6|315|75.0|12.4|0.02|0.24|43.911|5.6365
05|26|0|90|1.5|11.6|315|75.0|12.4|0.02|0.24|43.9106|5.6365
05|27|0|180|0.0|11.6|315|75.1|12.4|0.02|0.24|43.9111|5.6365
05|29|0|180|0.0|11.6|315|75.1|12.3|0.02|0.24|43.9102|5.6365
05|30|0|180|0.0|11.6|315|75.2|12.3|0.02|0.24|43.9078|5.6365
05|31|0|180|1.5|11.6|315|75.3|12.3|0.02|0.24|43.9108|5.6365
05|32|0|180|0.0|11.6|315|75.5|12.3|0.02|0.24|43.913|5.6365
05|33|0|180|0.0|11.6|315|75.7|12.3|0.02|0.24|43.914|5.6365
05|34|0|180|0.0|11.6|315|75.8|12.3|0.01|0.24|43.9173|5.6365
05|35|0|180|0.0|11.6|315|75.8|12.3|0.01|0.24|43.9162|5.6365
05|36|0|180|0.0|11.6|315|75.9|12.4|0.01|0.24|43.9192|5.6365
05|37|0|180|0.0|11.6|315|76.0|12.4|0.01|0.24|43.9162|5.92511
05|38|0|180|1.5|11.6|315|75.9|12.4|0.01|0.24|43.9166|5.6365
05|39|0|180|0.0|11.6|315|75.6|12.4|0.01|0.24|43.9171|5.6365
05|40|0|180|1.5|11.6|315|75.3|12.4|0.01|0.24|43.9184|5.6365
05|41|0|180|1.5|11.6|315|75.0|12.4|0.01|0.24|43.9178|5.6365
05|42|0|180|0.0|11.6|315|74.8|12.3|0.01|0.24|43.9177|5.34443
05|43|0|180|1.5|11.6|315|74.8|12.3|0.01|0.24|43.9193|5.34443
05|45|0|180|1.6|11.6|315|74.8|12.3|0.01|0.24|43.9174|5.34443
05|46|0|180|1.5|11.6|315|74.8|12.2|0.01|0.24|43.9177|5.34443
05|47|0|180|0.0|11.6|315|74.8|12.2|0.01|0.24|43.9199|5.34443
05|48|0|180|0.0|11.6|315|74.9|12.2|0.01|0.24|43.9205|5.34443
05|49|0|180|0.0|11.6|315|74.9|12.2|0.01|0.24|43.9225|5.34443
05|50|0|180|0.0|11.6|315|75.1|12.2|0.01|0.24|43.9215|5.6365
05|51|0|180|0.0|11.6|315|75.3|12.2|0.01|0.24|43.9216|5.6365
05|52|0|180|0.0|11.6|315|75.4|12.2|0.01|0.24|43.9242|5.6365
05|54|0|180|0.0|11.6|315|75.7|12.2|0.01|0.24|43.9238|5.6365
05|55|0|180|0.0|11.6|315|75.8|12.2|0.01|0.24|43.9242|5.6365
05|56|0|180|0.0|11.6|315|75.8|12.2|0.01|0.24|43.9211|5.6365
05|57|0|180|0.0|11.6|315|75.8|12.2|0.01|0.24|43.9208|5.6365
05|58|0|180|0.0|11.6|315|75.8|12.2|0.01|0.24|43.9203|5.6365
05|59|0|180|0.0|11.6|315|75.7|12.2|0.01|0.24|43.9225|5.6365
06|00|0|180|0.0|11.6|315|75.7|12.2|0.02|0.25|43.9228|5.6365
06|01|0|180|0.0|11.6|315|75.8|12.2|0.02|0.25|43.9258|5.6365
06|03|0|180|0.0|11.6|315|75.8|12.2|0.02|0.25|43.9283|5.6365
06|05|0|180|0.0|11.6|315|75.8|12.2|0.02|0.25|43.9298|5.6365
06|06|0|180|0.0|11.6|315|76.0|12.2|0.02|0.25|43.9314|5.92511
06|07|0|180|0.0|11.6|315|76.1|12.1|0.02|0.25|43.929|5.92511
06|08|0|180|0.0|11.6|315|76.1|12.1|0.02|0.25|43.9307|5.92511
06|09|0|180|1.5|11.6|315|76.2|12.1|0.02|0.25|43.9305|5.92511
06|10|0|180|1.5|11.6|315|76.4|12.0|0.02|0.25|43.932|5.92511
06|12|0|180|0.0|11.6|315|76.7|11.8|0.02|0.25|43.933|4.95469
06|13|0|180|0.0|11.6|315|77.1|11.6|0.03|0.26|43.9324|5.23856
06|15|0|180|1.5|11.6|315|78.1|11.6|0.03|0.26|43.9347|5.51916
06|16|0|180|1.5|11.6|315|78.4|11.5|0.02|0.26|43.9309|5.51916
06|17|0|180|1.5|11.6|315|78.8|11.5|0.02|0.26|43.9318|5.51916
06|18|0|180|1.5|11.6|315|79.1|11.4|0.02|0.26|43.9291|5.79657
06|19|0|180|0.0|11.6|315|79.5|11.4|0.02|0.26|43.9327|5.79657
06|20|0|180|1.5|11.6|315|79.8|11.4|0.02|0.26|43.9356|5.79657
06|21|0|180|1.5|11.6|315|80.2|11.4|0.02|0.26|43.9366|6.07087
06|22|0|180|1.5|11.6|315|80.6|11.4|0.02|0.26|43.9378|6.07087
06|23|0|180|0.0|11.6|315|80.7|11.5|0.02|0.26|43.9387|6.07087
06|24|0|180|0.0|11.6|315|80.8|11.5|0.02|0.26|43.9377|6.07087
06|25|0|180|0.0|11.6|315|80.9|11.6|0.02|0.26|43.939|6.07087
06|27|0|180|0.0|11.6|315|81.0|11.6|0.02|0.26|43.939|6.34213
06|28|0|180|1.5|11.6|315|81.1|11.8|0.02|0.26|43.9421|6.34213
06|30|0|180|1.5|11.6|315|81.2|11.8|0.02|0.26|43.9421|6.34213
06|31|0|180|1.5|11.6|315|81.3|11.9|0.02|0.26|43.9452|6.34213
06|32|0|180|1.6|11.6|315|81.4|11.9|0.03|0.28|43.9433|6.34213
06|33|0|180|1.5|11.6|315|81.4|12.0|0.03|0.28|43.9457|7.3193
06|35|0|180|1.5|11.6|315|81.4|12.1|0.03|0.28|43.9502|7.3193
06|36|0|180|1.5|11.6|315|81.3|12.1|0.03|0.28|43.9502|7.3193
06|38|0|180|0.0|11.6|315|81.2|12.3|0.03|0.28|43.9517|7.3193
06|39|0|180|0.0|11.6|315|81.1|12.3|0.03|0.28|43.9507|7.3193
06|40|0|180|0.0|11.6|315|80.7|12.3|0.03|0.28|43.9538|7.04671
06|41|0|315|3.2|11.6|315|80.1|12.3|0.03|0.28|43.9531|7.04671
06|43|0|315|0.0|11.6|315|79.1|12.3|0.03|0.28|43.9514|6.77108
06|44|0|315|0.0|11.6|315|78.9|12.2|0.03|0.28|43.9513|6.49232
06|45|0|315|1.5|11.6|315|78.9|12.2|0.03|0.28|43.953|6.49232
06|46|0|315|1.5|11.6|315|78.8|12.2|0.03|0.28|43.9542|6.49232
06|48|0|315|1.5|11.6|315|78.8|12.2|0.03|0.28|43.9552|6.49232
06|49|0|315|1.5|11.6|315|78.8|12.1|0.03|0.28|43.9545|6.49232
06|50|0|315|1.5|11.6|315|78.6|12.1|0.03|0.28|43.9549|6.49232
06|51|0|315|2.9|11.6|315|78.0|12.0|0.03|0.28|43.9569|6.49232
06|52|0|315|1.6|11.6|315|77.2|11.9|0.03|0.28|43.9583|5.23856
06|53|0|315|2.9|11.6|315|76.7|11.8|0.04|0.29|43.9614|4.95469
06|54|0|315|2.9|11.6|315|76.6|11.6|0.04|0.29|43.9609|4.95469
06|56|0|270|1.5|11.6|315|77.4|11.5|0.04|0.29|43.9638|5.23856
06|58|0|270|0.0|11.6|315|78.3|11.5|0.04|0.29|43.9615|5.51916
06|59|0|270|1.5|11.6|315|78.8|11.5|0.03|0.29|43.9633|5.51916
07|00|0|270|0.0|11.6|315|79.1|11.6|0.04|0.30|43.9658|5.79657
07|01|0|270|0.0|11.6|315|79.2|11.6|0.04|0.30|43.966|5.79657
07|02|0|270|0.0|11.6|315|79.2|11.6|0.04|0.30|43.9671|5.79657
07|03|0|270|1.5|11.6|315|79.0|11.6|0.04|0.30|43.9652|5.79657
07|04|0|270|0.0|11.6|315|78.8|11.8|0.04|0.30|43.9674|5.51916
07|05|0|225|0.0|11.6|315|78.6|11.8|0.04|0.30|43.9668|5.51916
07|06|0|225|0.0|11.6|315|78.3|11.8|0.04|0.30|43.966|5.51916
07|08|0|225|0.0|11.6|315|78.1|11.8|0.04|0.30|43.9675|5.51916
07|09|0|225|0.0|11.6|315|77.9|11.8|0.04|0.30|43.9665|5.23856
07|10|0|270|0.0|11.6|315|77.9|11.8|0.04|0.30|43.97|5.23856
07|11|0|270|0.0|11.6|315|78.0|11.8|0.04|0.30|43.9687|5.51916
07|12|0|270|1.5|11.6|315|77.9|11.8|0.04|0.30|43.972|5.23856
07|13|0|270|2.9|11.6|315|77.8|11.8|0.03|0.30|43.9713|5.23856
07|15|0|270|0.0|11.6|315|77.9|11.9|0.03|0.30|43.9704|5.23856
07|16|0|270|0.0|11.6|315|77.8|11.9|0.03|0.30|43.9671|5.23856
07|17|0|270|0.0|11.6|315|77.8|11.9|0.03|0.30|43.9682|5.23856
07|19|0|270|0.0|11.6|315|77.6|11.9|0.03|0.30|43.9671|5.23856
07|20|0|270|1.5|11.6|315|77.6|11.9|0.03|0.30|43.966|5.23856
07|21|0|270|0.0|11.6|315|77.4|11.9|0.03|0.30|43.9669|5.23856
07|23|0|270|1.6|11.6|315|77.2|11.9|0.03|0.30|43.964|5.23856
07|26|0|270|0.0|11.6|315|77.3|11.9|0.03|0.30|43.9658|5.23856
07|27|0|270|0.0|11.6|315|77.3|11.9|0.03|0.30|43.9662|5.23856
07|28|0|270|0.0|11.6|315|77.3|11.9|0.03|0.30|43.9674|5.23856
07|30|0|270|0.0|11.6|315|77.4|11.9|0.03|0.30|43.9691|5.23856
07|31|0|270|0.0|11.6|315|77.5|11.9|0.02|0.30|43.97|5.23856
07|33|0|270|0.0|11.6|315|77.8|11.9|0.02|0.30|43.9692|5.23856
07|34|0|270|0.0|11.6|315|77.9|11.9|0.02|0.30|43.9669|5.23856
07|35|0|270|0.0|11.6|315|77.9|11.9|0.02|0.30|43.9683|5.23856
07|36|0|270|0.0|11.6|315|77.9|11.9|0.03|0.31|43.969|5.23856
07|37|0|270|0.0|11.6|315|77.8|11.9|0.03|0.31|43.9666|5.23856
07|38|0|270|0.0|11.6|315|77.7|12.0|0.03|0.31|43.9684|6.21035
07|39|0|270|0.0|11.6|315|77.6|11.9|0.03|0.31|43.9647|5.23856
07|40|0|270|0.0|11.6|315|77.5|12.0|0.03|0.31|43.9653|6.21035
07|41|0|270|0.0|11.6|315|77.4|11.9|0.03|0.31|43.963|5.23856
07|42|0|270|0.0|11.6|315|77.3|12.0|0.04|0.32|43.9629|6.21035
07|43|0|270|1.5|11.6|315|77.2|12.0|0.04|0.32|43.9628|6.21035
07|44|0|270|0.0|11.6|315|77.1|11.9|0.04|0.32|43.9615|5.23856
07|45|0|270|1.5|11.6|315|76.9|12.0|0.04|0.32|43.9649|5.92511
07|46|0|270|0.0|11.6|315|76.8|12.0|0.04|0.32|43.9667|5.92511
07|47|0|270|0.0|11.6|315|76.8|12.0|0.04|0.32|43.9691|5.92511
07|48|0|270|0.0|11.6|315|76.8|12.0|0.04|0.32|43.9703|5.92511
07|50|0|270|0.0|11.6|315|76.8|12.1|0.04|0.32|43.9665|5.92511
07|51|0|270|0.0|11.6|315|76.8|12.3|0.04|0.32|43.9665|5.92511
07|52|0|270|0.0|11.6|315|76.9|12.5|0.04|0.32|43.9713|5.92511
07|53|0|270|0.0|11.6|315|76.9|12.5|0.03|0.32|43.9722|5.92511
07|54|0|270|0.0|11.6|315|76.9|12.4|0.03|0.32|43.9708|5.92511
07|55|0|270|0.0|11.6|315|76.9|12.4|0.03|0.32|43.9693|5.92511
07|56|0|270|0.0|11.6|315|76.8|12.4|0.03|0.32|43.9679|5.92511
07|57|0|270|0.0|11.6|315|76.7|12.5|0.03|0.32|43.9677|5.92511
07|58|0|270|0.0|11.6|315|76.6|12.6|0.03|0.32|43.9659|5.92511
07|59|0|270|0.0|11.6|315|76.5|12.9|0.03|0.32|43.9644|5.92511
08|00|0|270|0.0|11.6|315|76.4|13.1|0.02|0.32|43.9671|6.89545
08|01|0|270|0.0|11.6|315|76.3|13.3|0.02|0.32|43.972|6.89545
08|02|0|270|0.0|11.6|315|76.2|13.4|0.02|0.32|43.9774|6.89545
08|03|0|270|0.0|11.6|315|76.1|13.5|0.02|0.32|43.9786|6.89545
08|05|0|270|0.0|11.6|315|76.1|13.7|0.02|0.32|43.9778|6.89545
08|06|0|270|0.0|11.6|315|76.0|13.8|0.02|0.32|43.9778|6.89545
08|07|0|270|1.6|11.6|315|75.9|13.8|0.02|0.32|43.9789|6.60545
08|08|0|270|0.0|11.6|315|75.7|13.8|0.02|0.32|43.9799|6.60545
08|09|0|270|1.5|11.6|315|75.6|13.9|0.03|0.33|43.971|6.60545
08|11|0|270|1.5|11.6|315|75.0|14.5|0.03|0.33|43.963|7.57432
08|13|0|0|1.6|11.6|315|74.1|14.7|0.03|0.33|43.9688|7.27942
08|14|0|0|2.9|11.6|315|73.8|14.7|0.03|0.33|43.9702|6.98096
08|15|0|0|1.6|11.6|315|73.7|14.6|0.03|0.33|43.9683|6.98096
08|16|0|0|0.0|11.6|315|73.7|14.6|0.03|0.33|43.9697|6.98096
08|17|0|0|0.0|11.6|315|73.8|14.6|0.03|0.33|43.9675|6.98096
08|19|0|0|1.5|11.6|315|73.9|15.1|0.03|0.33|43.9605|7.9469
08|20|0|0|0.0|11.6|315|73.7|15.4|0.03|0.33|43.9647|7.9469
08|22|0|0|0.0|11.6|315|73.2|15.7|0.03|0.33|43.9669|7.9469
08|23|0|0|1.5|11.6|315|73.0|15.7|0.03|0.33|43.9691|7.9469
08|25|0|0|0.0|11.6|315|72.6|15.7|0.03|0.33|43.9683|7.64332
08|26|0|0|0.0|11.6|315|72.5|15.9|0.03|0.33|43.9684|7.64332
08|27|0|0|1.6|11.6|315|72.2|15.9|0.03|0.33|43.9692|7.64332
08|28|0|0|1.5|11.6|315|72.0|16.0|0.03|0.33|43.9683|8.60773
08|29|0|0|0.0|11.6|315|72.0|16.1|0.03|0.33|43.9701|8.60773
08|30|0|0|0.0|11.6|315|71.9|16.1|0.03|0.33|43.9726|8.29889
08|31|0|0|1.5|11.6|315|71.8|16.1|0.03|0.33|43.9723|8.29889
08|32|0|0|1.5|11.6|315|71.4|16.2|0.03|0.33|43.9691|8.29889
08|33|0|0|1.5|11.6|315|71.1|16.4|0.03|0.33|43.9695|8.29889
08|34|0|0|0.0|11.6|315|70.8|16.4|0.03|0.33|43.9726|7.98615
08|36|0|0|1.5|11.6|315|70.7|16.5|0.02|0.33|43.9724|7.98615
08|37|0|0|0.0|11.6|315|70.5|16.4|0.02|0.33|43.9726|7.98615
08|39|0|0|2.9|11.6|315|70.4|16.6|0.02|0.33|43.9686|7.98615
08|40|0|0|0.0|11.6|315|70.3|16.9|0.02|0.33|43.9718|7.98615
08|41|0|225|1.5|11.6|315|70.4|17.0|0.02|0.33|43.9741|8.94751
08|42|0|180|0.0|11.6|315|70.4|17.3|0.02|0.34|43.9667|8.94751
08|43|0|180|1.6|11.6|315|70.4|17.5|0.02|0.34|43.969|8.94751
08|44|0|180|0.0|11.6|315|70.5|17.6|0.03|0.35|43.9666|8.94751
08|45|0|180|1.5|11.6|315|70.4|17.8|0.03|0.35|43.9638|8.94751
08|46|0|180|0.0|11.6|315|70.1|18.0|0.03|0.35|43.9621|9.90877
08|47|0|90|0.0|11.6|315|69.8|18.3|0.03|0.35|43.9622|9.58901
08|48|0|90|0.0|11.6|315|69.6|18.6|0.03|0.35|43.9609|9.58901
08|49|0|270|1.5|11.6|315|69.3|18.8|0.03|0.35|43.9691|9.58901
08|50|0|270|1.6|11.6|315|69.1|19.0|0.03|0.35|43.9714|10.5487
08|51|0|270|1.5|11.6|315|69.1|19.0|0.03|0.35|43.972|10.5487
08|52|0|270|1.6|11.6|315|69.0|19.3|0.03|0.35|43.9677|10.5487
08|53|0|270|0.0|11.6|315|69.0|19.5|0.03|0.35|43.9589|10.5487
08|55|0|90|1.5|11.6|315|68.7|20.0|0.03|0.35|43.9601|11.1812
08|56|0|90|1.6|11.6|315|67.9|20.1|0.03|0.35|43.9575|10.8499
08|57|0|90|1.5|11.6|315|67.2|20.3|0.03|0.35|43.9595|10.8499
08|58|0|90|0.0|11.6|315|66.9|20.5|0.03|0.35|43.9586|10.5142
08|59|0|90|0.0|11.6|315|66.9|21.0|0.03|0.35|43.957|11.4689
09|00|0|90|1.5|11.6|315|67.0|21.4|0.03|0.35|43.9567|11.8063
09|01|0|180|1.5|11.6|315|67.0|21.9|0.03|0.35|43.9571|11.8063
09|03|0|270|1.5|11.6|315|66.4|22.5|0.03|0.35|43.9504|12.4236
09|04|0|270|0.0|11.6|315|65.9|22.9|0.03|0.35|43.9533|12.0801
09|05|0|270|1.6|11.6|315|65.2|23.0|0.03|0.35|43.9535|13.0331
09|06|0|270|1.6|11.6|315|64.0|23.0|0.03|0.35|43.9582|12.6832
09|07|0|270|1.5|11.6|315|63.4|23.1|0.03|0.35|43.9605|12.3284
09|08|0|270|1.6|11.6|315|62.9|23.1|0.02|0.35|43.9637|11.9686
09|10|0|225|1.5|11.6|315|63.1|23.1|0.02|0.35|43.9613|12.3284
09|11|0|225|2.9|11.6|315|63.4|23.2|0.02|0.35|43.9611|12.3284
09|12|0|225|0.0|11.6|315|63.7|23.3|0.02|0.35|43.9602|12.3284
09|13|0|225|0.0|11.6|315|63.8|23.5|0.02|0.35|43.9603|12.3284
09|14|0|225|0.0|11.6|315|63.6|23.6|0.02|0.35|43.9645|12.3284
09|15|0|225|0.0|11.6|315|63.3|23.7|0.02|0.35|43.9628|12.3284
09|16|0|0|0.0|11.6|315|63.2|23.7|0.02|0.35|43.9618|12.3284
09|17|0|0|0.0|11.6|315|63.3|23.7|0.02|0.35|43.9637|12.3284
09|18|0|315|0.0|11.6|315|62.7|23.7|0.02|0.35|43.9645|11.9686
09|19|0|270|2.9|11.6|315|62.3|23.8|0.02|0.35|43.9631|11.9686
09|20|0|225|1.5|11.6|315|62.1|23.7|0.02|0.35|43.9634|11.9686
09|21|0|225|1.6|11.6|315|62.5|23.7|0.02|0.35|43.9658|11.9686
09|22|0|225|1.5|11.6|315|63.1|23.7|0.02|0.35|43.9682|12.3284
09|23|0|225|1.5|11.6|315|63.3|23.8|0.02|0.35|43.9694|12.3284
09|24|0|248|2.9|11.6|315|63.2|23.8|0.02|0.35|43.9691|12.3284
09|25|0|225|4.4|11.6|315|63.2|23.8|0.02|0.35|43.9709|12.3284
09|26|0|315|1.5|11.6|315|62.6|23.8|0.02|0.35|43.9691|11.9686
09|28|0|270|1.5|11.6|315|61.8|24.0|0.02|0.35|43.9678|12.5498
09|30|0|270|0.0|11.6|315|62.1|24.0|0.02|0.35|43.9673|12.9165
09|31|0|270|0.0|11.6|315|62.2|24.2|0.02|0.35|43.9675|12.9165
09|32|0|180|1.6|11.6|315|62.3|24.3|0.02|0.35|43.9683|12.9165
09|33|0|180|1.5|11.6|315|61.8|24.5|0.02|0.35|43.9681|12.5498
09|34|0|180|0.0|11.6|315|61.6|24.6|0.02|0.35|43.9727|12.5498
09|35|0|180|1.5|11.6|315|61.8|24.7|0.02|0.35|43.9739|12.5498
09|36|0|225|1.5|11.6|315|61.6|24.8|0.02|0.35|43.9745|12.5498
09|37|0|270|0.0|11.6|315|61.4|24.9|0.02|0.35|43.9709|12.5498
09|38|0|315|0.0|11.6|315|61.6|25.1|0.02|0.35|43.9692|13.4958
09|39|0|315|1.5|11.6|315|61.2|25.2|0.02|0.35|43.9692|13.4958
09|40|0|315|0.0|11.6|315|61.1|25.5|0.02|0.35|43.9727|13.4958
09|41|0|0|2.9|11.6|315|61.1|25.6|0.01|0.35|43.9748|13.4958
09|43|0|315|1.5|11.6|315|61.4|25.8|0.00|0.35|43.9723|13.4958
09|45|0|315|1.5|11.6|315|60.2|25.9|0.00|0.35|43.9698|13.122
09|46|0|315|1.6|11.6|315|59.8|26.0|0.00|0.35|43.9776|13.685
09|47|0|315|1.6|11.6|315|60.0|26.0|0.00|0.35|43.9751|14.0662
09|49|0|270|1.5|11.6|315|59.8|26.1|0.00|0.35|43.9752|13.685
09|50|0|293|1.6|11.6|315|59.7|26.3|0.00|0.35|43.9774|13.685
09|51|0|315|2.9|11.6|315|59.4|26.3|0.00|0.35|43.9814|13.685
09|53|0|315|2.9|11.6|315|59.2|26.3|0.00|0.35|43.9835|13.685
09|54|0|270|1.6|11.6|315|58.7|26.4|0.00|0.35|43.9834|13.2981
09|55|0|270|1.5|11.6|315|58.6|26.4|0.00|0.35|43.9844|13.2981
09|56|0|315|2.9|11.6|315|58.5|26.4|0.00|0.35|43.987|13.2981
09|58|0|315|2.9|11.6|315|58.9|26.3|0.00|0.35|43.9861|13.2981
09|59|0|315|1.6|11.6|315|58.7|26.4|0.00|0.35|43.9835|13.2981
10|00|0|315|2.9|11.6|315|58.9|26.4|0.00|0.35|43.9818|13.2981
10|01|0|315|2.9|11.6|315|59.1|26.6|0.00|0.35|43.9819|13.685
10|02|0|315|3.2|11.6|315|59.7|26.7|0.01|0.36|43.9778|13.685
10|03|0|315|2.9|11.6|315|59.8|27.0|0.01|0.36|43.9789|14.6273
10|04|0|315|1.6|11.6|315|58.9|27.2|0.01|0.36|43.9802|14.2386
10|05|0|315|2.9|11.6|315|58.1|27.4|0.01|0.36|43.9764|14.2386
10|06|0|315|4.4|11.6|315|58.0|27.6|0.01|0.36|43.977|14.2386
10|07|0|315|3.2|11.6|315|58.0|27.7|0.01|0.36|43.9758|14.2386
10|09|0|315|4.4|11.6|315|57.8|28.0|0.01|0.36|43.979|14.7824
10|10|0|315|4.8|11.6|315|57.6|28.0|0.01|0.36|43.9789|14.7824
10|11|0|270|1.5|11.6|315|57.6|28.0|0.01|0.36|43.9853|14.7824
10|12|0|315|1.6|11.6|315|57.4|28.0|0.01|0.36|43.9801|14.7824
10|13|0|315|1.6|11.6|315|57.2|28.0|0.01|0.36|43.9826|14.7824
10|14|0|315|1.5|11.6|315|57.1|28.1|0.01|0.36|43.9809|14.7824
10|15|0|315|1.6|11.6|315|56.9|28.3|0.01|0.36|43.9844|14.3797
10|16|0|270|0.0|11.6|315|56.6|28.3|0.01|0.36|43.9854|14.3797
10|17|0|270|1.5|11.6|315|56.3|28.3|0.01|0.36|43.9826|14.3797
10|18|0|270|0.0|11.6|315|55.8|28.4|0.01|0.36|43.9859|13.9704
10|20|0|270|2.9|11.6|315|55.8|28.6|0.01|0.36|43.9845|13.9704
10|21|0|270|0.0|11.6|315|55.5|28.7|0.01|0.36|43.9856|13.9704
10|22|0|270|0.0|11.6|315|56.0|28.8|0.01|0.36|43.985|14.3797
10|25|0|270|1.5|11.6|315|56.2|29.3|0.01|0.36|43.9861|15.3162
10|26|0|270|0.0|11.6|315|55.3|29.5|0.01|0.36|43.9847|14.9051
10|27|0|90|1.5|11.6|315|55.1|29.7|0.01|0.36|43.9826|14.9051
10|28|0|158|2.9|11.6|315|55.3|30.0|0.01|0.36|43.9822|15.8397
10|29|0|23|1.6|11.6|315|53.7|30.1|0.01|0.36|43.9794|14.9933
10|33|0|315|2.9|11.6|315|54.1|30.5|0.01|0.36|43.9827|15.42
10|34|0|315|1.6|11.6|315|54.2|30.5|0.01|0.36|43.9847|15.42
10|35|0|315|2.9|11.6|315|53.9|30.5|0.01|0.36|43.9823|14.9933
10|36|0|315|1.5|11.6|315|54.0|30.6|0.01|0.36|43.9856|15.42
10|37|0|225|0.0|11.6|315|54.4|30.6|0.01|0.36|43.9833|15.42
10|38|0|315|1.5|11.6|315|54.3|30.8|0.01|0.36|43.9828|15.42
10|39|0|270|1.5|11.6|315|53.9|30.8|0.01|0.36|43.983|14.9933
10|40|0|315|1.5|11.6|315|53.8|30.8|0.01|0.36|43.9828|14.9933
10|41|0|0|3.2|11.6|315|54.2|30.8|0.01|0.36|43.9828|15.42
10|42|0|0|1.5|11.6|315|54.1|30.8|0.01|0.36|43.9809|15.42
10|43|0|315|1.5|11.6|315|54.1|30.9|0.01|0.36|43.9818|15.42
10|44|0|315|0.0|11.6|315|53.8|30.9|0.01|0.36|43.9828|14.9933
10|45|0|315|2.9|11.6|315|53.0|30.9|0.01|0.36|43.9789|14.9933
10|46|0|315|1.5|11.6|315|52.5|30.9|0.01|0.36|43.9796|14.5594
10|50|0|270|0.0|11.6|315|52.2|31.1|0.01|0.36|43.9756|15.488
10|51|0|225|0.0|11.6|315|52.0|31.2|0.01|0.36|43.9766|15.488
10|52|0|225|0.0|11.6|315|51.7|31.3|0.01|0.36|43.9747|15.0446
10|53|0|225|1.5|11.6|315|51.9|31.5|0.01|0.36|43.9703|15.0446
10|54|0|180|1.5|11.6|315|50.0|31.7|0.01|0.36|43.9678|14.5935
10|55|0|180|4.4|11.6|315|48.1|31.8|0.01|0.36|43.967|13.6665
10|56|0|135|0.0|11.6|315|46.4|32.0|0.01|0.36|43.9654|13.6205
10|57|0|135|4.8|11.6|315|46.1|32.2|0.01|0.36|43.9647|13.6205
10|58|0|90|1.5|11.6|315|44.4|32.3|0.01|0.36|43.9642|12.6161
10|59|0|135|0.0|11.6|315|42.8|32.6|0.01|0.36|43.9641|11.5703
11|00|0|68|3.2|11.6|315|42.3|32.7|0.01|0.36|43.9627|11.5703
11|01|0|135|1.5|11.6|315|42.7|32.9|0.00|0.36|43.964|11.5703
11|04|0|90|3.2|11.6|315|41.5|33.2|0.00|0.36|43.9538|11.9348
11|05|0|45|5.8|11.6|315|40.8|33.2|0.00|0.36|43.9541|11.3808
11|06|0|90|4.4|11.6|315|40.3|33.1|0.01|0.37|43.9549|11.3808
11|07|0|113|4.8|11.6|315|40.5|33.1|0.01|0.37|43.9531|11.3808
11|08|0|90|2.9|11.6|315|40.6|33.2|0.01|0.37|43.9514|11.3808
11|09|0|90|3.2|11.6|315|40.3|33.2|0.01|0.37|43.9493|11.3808
11|10|0|90|4.4|11.6|315|40.5|33.2|0.01|0.37|43.9504|11.3808
11|13|0|135|1.5|11.6|315|39.6|33.5|0.01|0.37|43.9488|10.8144
11|14|0|90|4.4|11.6|315|39.5|33.6|0.01|0.37|43.9453|10.8144
11|15|0|90|2.9|11.6|315|39.4|33.8|0.01|0.37|43.9457|10.8144
11|17|0|90|1.6|11.6|315|39.5|34.2|0.01|0.37|43.9495|11.7134
11|18|0|90|1.5|11.6|315|38.8|34.5|0.01|0.37|43.95|11.1313
11|19|0|90|3.2|11.6|315|38.2|34.6|0.01|0.37|43.9491|11.1313
11|20|0|90|1.5|11.6|315|37.8|34.7|0.01|0.37|43.9492|10.5355
11|21|0|90|4.8|11.6|315|38.0|34.8|0.01|0.37|43.95|11.1313
11|23|0|135|1.5|11.6|315|37.8|34.9|0.01|0.37|43.9492|10.5355
11|24|0|90|1.5|11.6|315|37.3|35.0|0.01|0.37|43.9493|11.429
11|25|0|135|4.4|11.6|315|37.4|35.0|0.01|0.37|43.9466|11.429
11|26|0|90|2.9|11.6|315|36.9|35.0|0.01|0.37|43.947|10.816
11|28|0|90|2.9|11.6|315|36.8|35.0|0.01|0.37|43.944|10.816
11|29|0|90|2.9|11.6|315|37.0|35.2|0.01|0.37|43.94|11.429
11|30|0|90|2.9|11.6|315|37.3|35.3|0.01|0.37|43.9368|11.429
11|31|0|113|2.9|11.6|315|37.1|35.4|0.01|0.37|43.9382|11.429
11|32|0|135|4.8|11.6|315|36.8|35.5|0.01|0.37|43.9363|10.816
11|34|0|135|2.9|11.6|315|36.5|35.5|0.01|0.37|43.9342|10.816
11|35|0|135|4.4|11.6|315|36.5|35.6|0.01|0.37|43.9349|10.816
11|36|0|135|2.9|11.6|315|36.6|35.6|0.01|0.37|43.9322|10.816
11|37|0|158|3.2|11.6|315|36.5|35.6|0.01|0.37|43.9306|10.816
11|38|0|135|1.5|11.6|315|36.6|35.7|0.01|0.37|43.9307|10.816
11|40|0|135|2.9|11.6|315|36.1|35.7|0.01|0.37|43.9301|10.816
11|41|0|158|2.9|11.6|315|36.0|35.7|0.01|0.37|43.9256|10.816
11|42|0|135|1.6|11.6|315|36.0|35.8|0.01|0.37|43.9236|10.816
11|43|0|135|4.4|11.6|315|36.1|35.8|0.01|0.37|43.9206|10.816
11|47|0|90|3.2|11.6|315|36.1|35.7|0.01|0.37|43.9212|10.816
11|48|0|45|1.6|11.6|315|36.1|35.7|0.01|0.37|43.9162|10.816
11|51|0|158|2.9|11.6|315|36.1|35.9|0.01|0.37|43.9108|10.816
11|53|0|135|4.4|11.6|315|35.7|36.0|0.01|0.37|43.9082|11.0754
11|54|0|135|4.4|11.6|315|35.5|36.0|0.01|0.37|43.9058|11.0754
11|55|0|90|1.6|11.6|315|35.5|36.0|0.01|0.37|43.9048|11.0754
11|56|0|135|2.9|11.6|315|35.7|36.3|0.01|0.37|43.9062|11.0754
11|57|0|180|4.4|11.6|315|35.4|36.0|0.01|0.37|43.9027|11.0754
11|58|0|90|1.5|11.6|315|35.5|36.2|0.01|0.37|43.9051|11.0754
11|59|0|158|1.5|11.6|315|35.5|36.2|0.01|0.37|43.903|11.0754
12|01|0|135|2.9|11.6|315|35.4|36.4|0.01|0.37|43.903|11.0754
12|03|0|90|2.9|11.6|315|35.0|36.5|0.01|0.37|43.9025|11.0754
12|04|0|45|1.5|11.6|315|35.0|36.5|0.01|0.37|43.8992|11.0754
12|05|0|135|1.5|11.6|315|35.0|36.6|0.00|0.37|43.9003|11.0754
12|07|0|90|2.9|11.6|315|35.3|36.7|0.00|0.37|43.8984|11.0754
12|09|0|90|4.4|11.6|315|34.7|36.8|0.00|0.37|43.897|10.428
12|10|0|90|2.9|11.6|315|34.3|36.8|0.00|0.37|43.8935|10.428
12|11|0|135|2.9|11.6|315|34.3|37.0|0.00|0.37|43.8945|11.3128
12|12|0|135|1.5|11.6|315|34.2|37.1|0.00|0.37|43.8947|11.3128
12|13|0|135|4.8|11.6|315|34.0|37.0|0.00|0.37|43.8911|11.3128
12|14|0|135|5.8|11.6|315|33.8|37.0|0.00|0.37|43.8876|10.6453
12|15|0|135|3.2|11.6|315|33.8|36.8|0.00|0.37|43.8858|9.76346
12|17|0|90|2.9|11.6|315|34.0|37.1|0.00|0.37|43.8828|11.3128
12|18|0|135|2.9|11.6|315|33.9|37.2|0.00|0.37|43.8835|10.6453
12|19|0|90|4.8|11.6|315|34.0|37.3|0.00|0.37|43.8813|11.3128
12|20|0|158|1.5|11.6|315|33.7|37.4|0.00|0.37|43.8795|10.6453
12|21|0|135|4.4|11.6|315|33.4|37.5|0.00|0.37|43.876|10.6453
12|23|0|90|4.4|11.6|315|33.4|37.6|0.00|0.37|43.8747|10.6453
12|24|0|158|3.2|11.6|315|33.2|37.6|0.00|0.37|43.874|10.6453
12|25|0|135|1.5|11.6|315|33.0|37.6|0.00|0.37|43.8746|10.6453
12|27|0|90|3.2|11.6|315|33.0|37.7|0.00|0.37|43.8719|10.6453
12|28|0|90|1.6|11.6|315|33.0|37.7|0.00|0.37|43.8689|10.6453
12|29|0|180|4.4|11.6|315|32.8|37.7|0.00|0.37|43.8703|9.95961
12|30|0|180|2.9|11.6|315|33.1|37.8|0.00|0.37|43.8704|10.6453
12|31|0|90|3.2|11.6|315|33.1|38.0|0.00|0.37|43.8712|11.527
12|32|0|135|4.4|11.6|315|32.6|37.7|0.00|0.37|43.8719|9.95961
12|33|0|135|2.9|11.6|315|32.5|37.7|0.00|0.37|43.8703|9.95961
12|34|0|135|2.9|11.6|315|32.4|37.8|0.00|0.37|43.8717|9.95961
12|35|0|90|1.5|11.6|315|32.4|37.8|0.00|0.37|43.8708|9.95961
12|36|0|135|2.9|11.6|315|32.4|37.7|0.00|0.37|43.8683|9.95961
12|37|0|90|2.9|11.6|315|32.6|37.7|0.00|0.37|43.8653|9.95961
12|38|0|135|2.9|11.6|315|32.6|38.0|0.00|0.37|43.8657|10.8382
12|39|0|135|1.6|11.6|315|32.5|38.1|0.00|0.37|43.8616|10.8382
12|41|0|135|2.9|11.6|315|32.4|38.3|0.00|0.37|43.8587|10.8382
12|42|0|135|5.8|11.6|315|32.2|38.4|0.00|0.37|43.8587|10.8382
12|43|0|135|2.9|11.6|315|31.8|38.3|0.01|0.39|43.8577|10.1301
12|44|0|90|1.6|11.6|315|31.7|38.3|0.01|0.39|43.8578|10.1301
12|45|0|135|1.5|11.6|315|31.9|38.4|0.01|0.39|43.858|10.1301
12|47|0|135|0.0|11.6|315|32.2|38.5|0.01|0.39|43.859|10.8382
12|48|0|135|2.9|11.6|315|31.7|38.6|0.01|0.39|43.8589|10.1301
12|49|0|90|4.8|11.6|315|31.6|38.7|0.01|0.39|43.8571|10.1301
12|50|0|45|1.6|11.6|315|31.4|38.9|0.01|0.39|43.8556|10.1301
12|51|0|90|1.5|11.6|315|31.6|39.0|0.01|0.39|43.8548|11.0054
12|55|0|90|2.9|11.6|315|31.1|38.9|0.01|0.39|43.8525|10.1301
12|57|0|90|4.4|11.6|315|31.0|38.7|0.01|0.39|43.8508|10.1301
12|58|0|135|3.2|11.6|315|31.2|38.7|0.01|0.39|43.8498|10.1301
12|59|0|135|3.2|11.6|315|31.2|38.9|0.01|0.39|43.8494|10.1301
13|00|0|68|2.9|11.6|315|31.2|39.0|0.01|0.39|43.8513|11.0054
13|01|0|90|4.4|11.6|315|31.2|39.0|0.01|0.39|43.8497|11.0054
13|02|0|90|1.5|11.6|315|30.9|38.9|0.01|0.39|43.8478|9.40136
13|03|0|45|1.6|11.6|315|31.1|39.1|0.01|0.39|43.8501|11.0054
13|05|0|90|1.5|11.6|315|30.8|39.2|0.01|0.39|43.8448|10.2735
13|06|0|90|2.9|11.6|315|30.9|39.4|0.01|0.39|43.8417|10.2735
13|07|0|135|4.4|11.6|315|30.7|39.4|0.01|0.39|43.8421|10.2735
13|08|0|90|4.8|11.6|315|30.4|39.2|0.01|0.39|43.8424|10.2735
13|09|0|90|1.5|11.6|315|30.2|39.2|0.01|0.39|43.8414|10.2735
13|10|0|45|3.2|11.6|315|30.2|39.3|0.01|0.39|43.8425|10.2735
13|11|0|45|1.5|11.6|315|30.2|39.3|0.01|0.39|43.8416|10.2735
13|12|0|0|1.5|11.6|315|30.2|39.3|0.01|0.39|43.8407|10.2735
13|13|0|0|1.6|11.6|315|30.2|39.3|0.01|0.39|43.8371|10.2735
13|16|0|45|1.5|11.6|315|30.6|39.4|0.01|0.39|43.8323|10.2735
13|17|0|135|1.6|11.6|315|30.5|39.7|0.01|0.39|43.8314|10.2735
13|18|0|90|5.8|11.6|315|30.4|39.7|0.01|0.39|43.8299|10.2735
13|19|0|45|3.2|11.6|315|30.1|39.7|0.01|0.39|43.8277|10.2735
13|20|0|45|2.9|11.6|315|29.9|39.7|0.01|0.39|43.828|9.51958
13|21|0|0|1.5|11.6|315|29.9|39.7|0.01|0.39|43.8299|9.51958
13|22|0|270|0.0|11.6|315|29.9|39.7|0.01|0.39|43.8274|9.51958
13|23|0|225|1.5|11.6|315|30.1|39.9|0.01|0.39|43.8238|10.2735
13|24|0|135|1.5|11.6|315|30.2|40.0|0.01|0.39|43.8242|11.1454
13|25|0|180|0.0|11.6|315|30.2|40.2|0.01|0.39|43.8238|11.1454
13|26|0|270|0.0|11.6|315|30.4|40.3|0.01|0.39|43.8241|11.1454
13|27|0|0|1.5|11.6|315|30.1|40.5|0.01|0.39|43.8212|11.1454
13|28|0|135|1.6|11.6|315|29.7|40.7|0.01|0.39|43.8213|10.3882
13|29|0|45|1.5|11.6|315|29.5|40.9|0.01|0.39|43.8219|10.3882
13|31|0|135|1.5|11.6|315|29.4|41.0|0.01|0.39|43.8201|11.2566
13|32|0|23|1.5|11.6|315|29.2|41.1|0.01|0.39|43.818|11.2566
13|33|0|180|0.0|11.6|315|29.1|41.2|0.01|0.39|43.8156|11.2566
13|34|0|90|1.5|11.6|315|29.0|41.3|0.01|0.39|43.8166|11.2566
13|35|0|45|2.9|11.6|315|29.0|41.5|0.01|0.39|43.816|11.2566
13|36|0|45|2.9|11.6|315|29.0|41.5|0.01|0.39|43.8164|11.2566
13|38|0|315|1.5|11.6|315|28.3|41.5|0.01|0.39|43.8129|10.4725
13|39|0|270|0.0|11.6|315|28.2|41.5|0.01|0.39|43.8157|10.4725
13|40|0|315|4.4|11.6|315|28.4|41.3|0.01|0.39|43.812|10.4725
13|41|0|315|3.2|11.6|315|28.5|41.1|0.01|0.39|43.8117|10.4725
13|42|0|315|1.6|11.6|315|28.3|41.0|0.01|0.39|43.8132|10.4725
13|44|0|270|3.2|11.6|315|28.5|40.8|0.00|0.39|43.8138|9.60744
13|46|0|45|1.6|11.6|315|29.1|40.7|0.00|0.39|43.8146|10.3882
13|47|0|45|1.5|11.6|315|29.1|40.5|0.00|0.39|43.8146|10.3882
13|48|0|0|1.5|11.6|315|29.0|40.5|0.00|0.39|43.8132|10.3882
13|49|0|0|1.5|11.6|315|29.0|40.4|0.00|0.39|43.8141|10.3882
13|50|0|45|1.5|11.6|315|29.0|40.4|0.00|0.39|43.816|10.3882
13|52|0|45|0.0|11.6|315|29.1|40.4|0.00|0.39|43.8146|10.3882
13|53|0|0|0.0|11.6|315|29.3|40.4|0.00|0.39|43.8125|10.3882
13|54|0|0|0.0|11.6|315|29.5|40.5|0.00|0.39|43.8102|10.3882
13|55|0|0|0.0|11.6|315|29.6|40.7|0.00|0.39|43.8089|10.3882
13|56|0|45|1.6|11.6|315|29.5|40.7|0.00|0.39|43.8102|10.3882
13|57|0|45|1.5|11.6|315|29.3|40.7|0.01|0.40|43.8091|10.3882
13|58|0|45|3.2|11.6|315|29.0|40.7|0.01|0.40|43.8059|10.3882
13|59|0|90|1.5|11.6|315|28.7|40.7|0.01|0.40|43.8048|9.60744
14|00|0|45|1.5|11.6|315|28.7|40.5|0.01|0.40|43.8053|9.60744
14|01|0|45|1.6|11.6|315|28.9|40.5|0.01|0.40|43.807|9.60744
14|02|0|45|1.5|11.6|315|29.0|40.4|0.01|0.40|43.8053|10.3882
14|03|0|45|1.5|11.6|315|29.1|40.3|0.01|0.40|43.8046|10.3882
14|05|0|0|1.5|11.6|315|29.8|40.5|0.01|0.40|43.8048|10.3882
14|06|0|23|1.5|11.6|315|29.6|40.5|0.01|0.40|43.8008|10.3882
14|07|0|45|1.5|11.6|315|29.4|40.7|0.01|0.40|43.7997|10.3882
14|09|0|45|1.6|11.6|315|29.3|40.7|0.01|0.40|43.7913|10.3882
14|10|0|0|1.5|11.6|315|29.0|40.8|0.01|0.40|43.7919|10.3882
14|13|0|0|1.5|11.6|315|28.9|40.8|0.01|0.40|43.7914|9.60744
14|15|0|0|0.0|11.6|315|29.0|41.0|0.01|0.40|43.7937|11.2566
14|16|0|0|0.0|11.6|315|28.9|40.9|0.01|0.40|43.7906|9.60744
14|17|0|0|1.6|11.6|315|28.9|41.0|0.01|0.40|43.7924|10.4725
14|18|0|315|1.6|11.6|315|28.8|41.0|0.01|0.40|43.7903|10.4725
14|19|0|0|1.6|11.6|315|28.7|41.0|0.01|0.40|43.7936|10.4725
14|20|0|315|2.9|11.6|315|28.7|41.0|0.01|0.40|43.7929|10.4725
14|21|0|315|1.6|11.6|315|28.5|40.9|0.01|0.40|43.7931|9.60744
14|22|0|315|0.0|11.6|315|28.6|40.9|0.01|0.40|43.7907|9.60744
14|23|0|315|1.5|11.6|315|28.7|40.9|0.01|0.40|43.7924|9.60744
14|24|0|315|0.0|11.6|315|28.8|41.0|0.01|0.40|43.793|10.4725
14|25|0|45|1.5|11.6|315|28.8|40.9|0.01|0.40|43.7938|9.60744
14|27|0|90|0.0|11.6|315|28.7|40.9|0.01|0.40|43.796|9.60744
14|28|0|90|1.5|11.6|315|28.7|40.9|0.01|0.40|43.7952|9.60744
14|29|0|90|0.0|11.6|315|28.6|40.9|0.01|0.40|43.7956|9.60744
14|30|0|135|0.0|11.6|315|28.7|40.9|0.01|0.40|43.7942|9.60744
14|31|0|315|0.0|11.6|315|28.9|40.9|0.01|0.40|43.7932|9.60744
14|32|0|315|0.0|11.6|315|28.9|40.8|0.01|0.40|43.7921|9.60744
14|34|0|315|2.9|11.6|315|29.0|40.8|0.01|0.40|43.7938|10.3882
14|35|0|270|2.9|11.6|315|28.9|40.8|0.01|0.40|43.7916|9.60744
14|36|0|315|1.6|11.6|315|28.9|40.8|0.01|0.40|43.7938|9.60744
14|38|0|0|3.2|11.6|315|29.0|40.5|0.01|0.40|43.7932|10.3882
14|39|0|0|1.5|11.6|315|28.9|40.5|0.01|0.40|43.7936|9.60744
14|40|0|315|1.5|11.6|315|29.1|40.4|0.01|0.40|43.7926|10.3882
14|41|0|315|1.6|11.6|315|29.2|40.4|0.01|0.40|43.7935|10.3882
14|42|0|315|1.5|11.6|315|29.3|40.4|0.01|0.40|43.7936|10.3882
14|43|0|90|0.0|11.6|315|29.3|40.4|0.01|0.40|43.7905|10.3882
14|44|0|90|1.5|11.6|315|29.3|40.4|0.01|0.40|43.7915|10.3882
14|45|0|0|0.0|11.6|315|29.2|40.4|0.01|0.40|43.7907|10.3882
14|46|0|315|2.9|11.6|315|29.0|40.4|0.01|0.40|43.7932|10.3882
14|47|0|270|1.5|11.6|315|28.9|40.3|0.01|0.40|43.7926|9.60744
14|48|0|225|1.5|11.6|315|29.0|40.3|0.01|0.40|43.7931|10.3882
14|49|0|225|1.5|11.6|315|29.1|40.3|0.01|0.40|43.7926|10.3882
14|50|0|225|1.5|11.6|315|29.4|40.3|0.01|0.40|43.7931|10.3882
14|52|0|225|1.6|11.6|315|29.4|40.4|0.01|0.40|43.7939|10.3882
14|52|0|225|1.5|11.6|315|29.3|40.4|0.01|0.40|43.7922|10.3882
14|54|0|225|1.6|11.6|315|29.5|40.5|0.01|0.40|43.7921|10.3882
14|56|0|90|1.5|11.6|315|29.2|40.5|0.00|0.40|43.7897|10.3882
14|57|0|180|1.6|11.6|315|29.0|40.7|0.00|0.40|43.79|10.3882
14|58|0|270|1.5|11.6|315|29.1|40.7|0.00|0.40|43.7884|10.3882
14|59|0|270|2.9|11.6|315|29.1|40.7|0.00|0.40|43.7865|10.3882
15|00|0|225|1.5|11.6|315|29.1|40.7|0.00|0.40|43.7855|10.3882
15|01|0|225|0.0|11.6|315|29.2|40.8|0.00|0.40|43.7875|10.3882
15|02|0|270|1.5|11.6|315|29.1|40.8|0.00|0.40|43.7856|10.3882
15|04|0|270|1.5|11.6|315|28.9|40.9|0.00|0.40|43.788|9.60744
15|05|0|270|1.5|11.6|315|28.9|40.9|0.00|0.40|43.788|9.60744
15|06|0|270|0.0|11.6|315|29.0|40.9|0.00|0.40|43.7861|10.3882
15|07|0|315|2.9|11.6|315|29.0|40.9|0.00|0.40|43.7894|10.3882
15|09|0|315|1.5|11.6|315|29.0|40.7|0.00|0.40|43.7922|10.3882
15|10|0|0|2.9|11.6|315|29.1|40.7|0.00|0.40|43.7922|10.3882
15|13|0|0|0.0|11.6|315|29.1|40.5|0.00|0.40|43.7896|10.3882
15|14|0|315|1.5|11.6|315|29.3|40.5|0.00|0.40|43.7893|10.3882
15|15|0|270|1.5|11.6|315|29.4|40.4|0.00|0.40|43.7877|10.3882
15|16|0|315|0.0|11.6|315|29.5|40.4|0.00|0.40|43.7852|10.3882
15|17|0|270|0.0|11.6|315|29.6|40.4|0.00|0.40|43.7875|10.3882
15|18|0|270|0.0|11.6|315|29.5|40.4|0.01|0.41|43.7871|10.3882
15|19|0|270|0.0|11.6|315|29.7|40.4|0.01|0.41|43.7874|10.3882
15|20|0|270|0.0|11.6|315|29.7|40.5|0.01|0.41|43.7866|10.3882
15|21|0|225|0.0|11.6|315|29.6|40.5|0.01|0.41|43.7848|10.3882
15|22|0|225|0.0|11.6|315|29.6|40.7|0.01|0.41|43.7875|10.3882
15|23|0|315|1.5|11.6|315|29.4|40.5|0.01|0.41|43.7859|10.3882
15|24|0|315|2.9|11.6|315|29.4|40.4|0.01|0.41|43.7875|10.3882
15|26|0|315|2.9|11.6|315|29.9|40.3|0.01|0.41|43.7876|10.3882
15|27|0|315|4.4|11.6|315|31.1|40.1|0.01|0.41|43.7882|11.8805
15|28|0|315|2.9|11.6|315|33.0|39.8|0.01|0.41|43.7874|12.4083
15|29|0|315|2.9|11.6|315|34.2|39.7|0.01|0.41|43.7846|13.0816
15|30|0|315|2.9|11.6|315|34.9|39.4|0.01|0.41|43.7836|13.0816
15|31|0|270|5.8|11.6|315|35.1|39.3|0.01|0.41|43.7836|13.7375
15|32|0|315|2.9|11.6|315|35.4|39.2|0.01|0.41|43.7865|13.7375
15|33|0|270|4.4|11.6|315|36.0|39.0|0.01|0.41|43.7868|14.377
15|35|0|315|4.4|11.6|315|36.5|38.7|0.01|0.41|43.7867|13.4871
15|36|0|338|2.9|11.6|315|36.9|38.5|0.01|0.41|43.7872|13.4871
15|37|0|315|2.9|11.6|315|37.0|38.3|0.01|0.41|43.7881|14.1082
15|38|0|315|4.4|11.6|315|37.2|38.2|0.01|0.41|43.7871|14.1082
15|39|0|270|2.9|11.6|315|37.4|38.1|0.01|0.41|43.7905|14.1082
15|40|0|315|4.4|11.6|315|37.4|38.0|0.01|0.41|43.7888|14.1082
15|41|0|315|4.4|11.6|315|37.7|37.7|0.01|0.41|43.7899|13.2154
15|42|0|315|4.4|11.6|315|38.2|37.5|0.01|0.41|43.7892|13.8191
15|44|0|315|3.2|11.6|315|39.2|37.3|0.01|0.41|43.7887|14.4089
15|45|0|315|5.8|11.6|315|39.5|37.2|0.01|0.41|43.7894|14.4089
15|46|0|338|4.8|11.6|315|39.7|37.1|0.01|0.41|43.7891|14.4089
15|47|0|270|4.4|11.6|315|40.1|37.0|0.01|0.41|43.789|14.9854
15|48|0|315|4.4|11.6|315|40.6|37.0|0.01|0.41|43.7894|14.9854
15|49|0|0|4.8|11.6|315|40.9|36.8|0.01|0.41|43.7881|14.0845
15|50|0|315|2.9|11.6|315|41.0|36.8|0.01|0.41|43.7901|14.6459
15|51|0|315|3.2|11.6|315|41.1|36.8|0.01|0.41|43.7897|14.6459
15|52|0|315|4.4|11.6|315|41.3|36.7|0.01|0.41|43.7887|14.6459
15|53|0|315|4.8|11.6|315|41.3|36.7|0.01|0.41|43.79|14.6459
15|54|0|315|4.8|11.6|315|41.6|36.6|0.01|0.41|43.7873|14.6459
15|55|0|315|7.3|11.6|315|41.9|36.6|0.02|0.42|43.79|14.6459
15|57|0|315|4.8|11.6|315|42.0|36.6|0.02|0.42|43.7893|15.1952
15|58|0|315|5.8|11.6|315|42.0|36.5|0.02|0.42|43.788|15.1952
15|59|0|315|4.4|11.6|315|42.0|36.5|0.02|0.42|43.7852|15.1952
16|00|0|315|4.4|11.6|315|42.1|36.5|0.02|0.42|43.7844|15.1952
16|01|0|270|2.9|11.6|315|42.2|36.5|0.02|0.42|43.7834|15.1952
16|02|0|315|3.2|11.6|315|42.3|36.5|0.02|0.42|43.7818|15.1952
16|03|0|315|2.9|11.6|315|42.5|36.4|0.02|0.42|43.7814|15.1952
16|04|0|270|4.4|11.6|315|42.6|36.2|0.02|0.42|43.782|15.1952
16|05|0|315|4.4|11.6|315|42.8|36.0|0.02|0.42|43.7808|15.1952
16|06|0|315|2.9|11.6|315|42.8|35.9|0.02|0.42|43.7811|14.2892
16|07|0|315|4.4|11.6|315|43.0|35.8|0.02|0.42|43.7813|14.8247
16|08|0|315|4.4|11.6|315|43.3|35.7|0.02|0.42|43.781|14.8247
16|09|0|315|4.4|11.6|315|43.6|35.6|0.02|0.42|43.7848|14.8247
16|10|0|315|4.8|4.8|270|43.9|35.5|0.02|0.00|43.7835|14.8247
16|11|0|315|4.4|4.8|270|44.0|35.4|0.02|0.00|43.7843|15.3491
16|12|0|315|3.2|5.8|315|44.1|35.3|0.02|0.00|43.7859|15.3491
16|13|0|315|4.4|5.8|315|44.4|35.2|0.02|0.00|43.7861|15.3491
16|14|0|315|4.4|7.3|315|44.7|34.9|0.02|0.00|43.7871|14.4383
16|15|0|315|4.8|7.3|315|44.8|34.8|0.02|0.00|43.7852|14.4383
16|16|0|315|4.4|7.3|315|45.1|34.7|0.02|0.00|43.7876|14.95
16|17|0|315|4.4|7.3|315|45.3|34.6|0.02|0.00|43.7855|14.95
16|19|0|315|4.4|7.3|315|45.4|34.6|0.02|0.00|43.7887|14.95
16|20|0|315|2.9|7.3|315|45.5|34.6|0.02|0.00|43.7901|14.95
16|21|0|315|4.4|7.3|315|45.6|34.5|0.02|0.00|43.7899|14.95
16|22|0|315|4.4|7.3|315|45.7|34.4|0.02|0.00|43.788|14.95
16|23|0|315|3.2|7.3|315|45.8|34.4|0.02|0.00|43.7884|14.95
16|24|0|315|2.9|7.3|315|45.9|34.4|0.03|0.01|43.7883|14.95
16|25|0|315|3.2|7.3|315|45.9|34.1|0.03|0.01|43.7862|14.95
16|26|0|315|4.4|7.3|315|45.9|34.1|0.03|0.01|43.7889|14.95
16|27|0|315|4.4|7.3|315|45.9|34.0|0.03|0.01|43.7866|14.95
16|28|0|315|3.2|7.3|315|46.0|34.0|0.02|0.01|43.7856|15.4517
16|29|0|315|4.4|7.3|315|45.9|33.9|0.02|0.01|43.7851|14.0367
16|30|0|315|4.4|7.3|315|46.0|33.9|0.02|0.01|43.7853|14.5362
16|32|0|315|4.4|7.3|315|46.2|33.7|0.02|0.01|43.7832|14.5362
16|33|0|315|3.2|7.3|315|46.3|33.7|0.02|0.01|43.7824|14.5362
16|34|0|315|2.9|7.3|315|46.4|33.6|0.02|0.01|43.7813|14.5362
16|35|0|315|3.2|7.3|315|46.5|33.6|0.02|0.01|43.7808|14.5362
16|36|0|315|3.2|7.3|315|46.5|33.6|0.02|0.01|43.7813|14.5362
16|37|0|315|4.4|7.3|315|46.5|33.5|0.02|0.01|43.7828|14.5362
16|39|0|315|2.9|7.3|315|46.6|33.3|0.02|0.01|43.7836|14.5362
16|40|0|315|3.2|7.3|315|46.8|33.3|0.02|0.01|43.7829|14.5362
16|41|0|315|2.9|7.3|315|46.9|33.2|0.02|0.01|43.783|14.5362
16|42|0|315|3.2|7.3|315|47.0|33.2|0.02|0.01|43.7813|15.0261
16|43|0|315|2.9|7.3|315|47.1|33.1|0.02|0.01|43.7828|15.0261
16|44|0|315|2.9|7.3|315|47.2|33.1|0.02|0.01|43.7866|15.0261
16|45|0|315|4.8|7.3|315|47.3|33.0|0.02|0.01|43.785|15.0261
16|46|0|315|2.9|7.3|315|47.5|32.9|0.02|0.01|43.7862|14.1082
16|47|0|315|4.4|7.3|315|47.7|32.9|0.02|0.01|43.7869|14.1082
16|48|0|315|4.4|7.3|315|47.8|32.8|0.02|0.01|43.7864|14.1082
16|49|0|315|2.9|7.3|315|47.9|32.7|0.02|0.01|43.7802|14.1082
16|52|0|315|2.9|7.3|315|48.0|32.6|0.02|0.01|43.7842|14.5868
16|53|0|270|1.6|7.3|315|48.2|32.6|0.02|0.01|43.786|14.5868
16|54|0|315|2.9|7.3|315|48.2|32.5|0.02|0.01|43.7848|14.5868
16|55|0|315|1.6|7.3|315|48.3|32.5|0.02|0.01|43.7837|14.5868
16|56|0|315|2.9|7.3|315|48.3|32.3|0.03|0.02|43.7814|14.5868
16|59|0|315|2.9|7.3|315|48.6|32.2|0.03|0.02|43.7861|14.5868
17|00|0|315|1.5|7.3|315|48.8|32.1|0.03|0.02|43.7828|14.5868
17|01|0|315|2.9|7.3|315|48.8|32.0|0.03|0.02|43.7826|14.5868
17|02|0|315|1.5|7.3|315|48.8|32.0|0.03|0.02|43.7836|14.5868
17|03|0|315|3.2|7.3|315|48.8|31.9|0.04|0.03|43.7796|13.6665
17|05|0|315|1.6|7.3|315|49.0|31.7|0.04|0.03|43.7841|14.1342
17|06|0|315|4.4|7.3|315|49.1|31.4|0.03|0.03|43.7819|14.1342
17|07|0|315|2.9|7.3|315|49.3|31.3|0.03|0.03|43.7824|14.1342
17|08|0|315|3.2|7.3|315|49.5|31.2|0.03|0.03|43.7811|14.1342
17|09|0|315|2.9|7.3|315|49.7|31.1|0.03|0.03|43.7789|14.1342
17|10|0|315|2.9|7.3|315|49.9|31.1|0.03|0.03|43.7794|14.1342
17|11|0|315|2.9|7.3|315|50.1|31.0|0.03|0.03|43.7785|14.5935
17|12|0|315|2.9|7.3|315|50.3|30.9|0.03|0.03|43.7798|13.6689
17|13|0|315|4.4|7.3|315|50.4|30.8|0.03|0.03|43.7782|13.6689
17|14|0|315|1.5|7.3|315|50.6|30.8|0.03|0.03|43.7797|13.6689
17|15|0|315|2.9|7.3|315|50.8|30.6|0.03|0.03|43.781|13.6689
17|16|0|315|1.6|7.3|315|50.9|30.6|0.03|0.03|43.782|13.6689
17|18|0|315|2.9|7.3|315|51.1|30.6|0.03|0.03|43.7834|14.118
17|19|0|315|2.9|7.3|315|51.2|30.5|0.03|0.03|43.7839|14.118
17|20|0|315|3.2|7.3|315|51.4|30.5|0.03|0.03|43.7798|14.118
17|21|0|315|2.9|7.3|315|51.6|30.5|0.03|0.03|43.7814|14.118
17|22|0|315|3.2|7.3|315|51.7|30.5|0.03|0.03|43.7808|14.118
17|23|0|315|1.5|7.3|315|51.7|30.5|0.02|0.03|43.7807|14.118
17|24|0|315|2.9|7.3|315|51.7|30.5|0.02|0.03|43.7796|14.118
17|26|0|315|4.4|7.3|315|51.7|30.5|0.02|0.03|43.7812|14.118
17|27|0|315|1.6|7.3|315|51.7|30.5|0.02|0.03|43.7839|14.118
17|28|0|315|2.9|7.3|315|51.7|30.5|0.02|0.03|43.7824|14.118
17|29|0|315|3.2|7.3|315|51.7|30.6|0.02|0.03|43.7818|14.118
17|30|0|315|2.9|7.3|315|51.6|30.6|0.02|0.03|43.7811|14.118
17|32|0|315|1.6|7.3|315|51.4|30.6|0.02|0.03|43.7839|14.118
17|33|0|315|1.5|7.3|315|51.4|30.8|0.02|0.03|43.7844|14.118
17|34|0|315|4.8|7.3|315|51.3|30.8|0.02|0.03|43.7827|14.118
17|35|0|315|4.4|7.3|315|51.0|30.8|0.02|0.03|43.7821|14.118
17|36|0|315|2.9|7.3|315|50.9|30.6|0.02|0.03|43.7797|13.6689
17|37|0|315|4.8|7.3|315|50.8|30.8|0.02|0.03|43.7821|13.6689
17|40|0|315|3.2|7.3|315|50.7|30.8|0.02|0.03|43.7819|13.6689
17|41|0|315|4.4|7.3|315|50.8|30.8|0.02|0.03|43.7819|13.6689
17|42|0|315|1.5|7.3|315|50.9|30.8|0.02|0.03|43.7798|13.6689
17|43|0|315|2.9|7.3|315|50.9|30.9|0.02|0.03|43.7811|13.6689
17|44|0|315|2.9|7.3|315|50.8|30.9|0.02|0.03|43.7819|13.6689
17|45|0|315|2.9|7.3|315|50.9|30.8|0.02|0.03|43.78|13.6689
17|46|0|315|1.6|7.3|315|51.0|30.8|0.02|0.03|43.7808|14.118
17|47|0|315|2.9|7.3|315|51.2|30.8|0.02|0.03|43.7803|14.118
17|48|0|315|1.6|7.3|315|51.2|30.8|0.02|0.03|43.781|14.118
17|49|0|315|1.6|7.3|315|51.2|30.8|0.02|0.03|43.78|14.118
17|50|0|315|1.5|7.3|315|51.3|30.8|0.02|0.03|43.7805|14.118
17|52|0|315|1.5|7.3|315|51.3|30.8|0.02|0.03|43.7794|14.118
17|53|0|0|3.2|7.3|315|51.3|30.8|0.02|0.03|43.7786|14.118
17|54|0|0|2.9|7.3|315|51.5|30.6|0.02|0.03|43.7788|14.118
17|55|0|0|2.9|7.3|315|52.5|30.6|0.02|0.03|43.7776|14.5594
17|56|0|0|2.9|7.3|315|52.2|30.6|0.01|0.03|43.7772|14.5594
17|57|0|315|1.5|7.3|315|52.0|30.6|0.01|0.03|43.776|14.5594
17|58|0|315|1.6|7.3|315|51.7|30.6|0.01|0.03|43.7764|14.118
18|01|0|315|1.6|7.3|315|51.3|30.6|0.01|0.03|43.7765|14.118
18|02|0|315|2.9|7.3|315|51.2|30.6|0.01|0.03|43.7755|14.118
18|03|0|315|1.5|7.3|315|51.1|30.8|0.00|0.03|43.7775|14.118
18|05|0|315|1.5|7.3|315|51.2|30.6|0.00|0.03|43.7779|14.118
18|06|0|315|1.5|7.3|315|51.3|30.8|0.00|0.03|43.781|14.118
18|08|0|315|2.9|7.3|315|51.5|30.6|0.00|0.03|43.7805|14.118
18|09|0|315|2.9|7.3|315|51.5|30.6|0.00|0.03|43.7809|14.118
18|10|0|315|1.5|7.3|315|51.6|30.6|0.00|0.03|43.7827|14.118
18|11|0|315|1.5|7.3|315|51.6|30.6|0.00|0.03|43.7817|14.118
18|12|0|315|1.5|7.3|315|51.5|30.5|0.00|0.03|43.782|14.118
18|13|0|315|3.2|7.3|315|51.6|30.5|0.00|0.03|43.7816|14.118
18|14|0|315|2.9|7.3|315|51.6|30.5|0.00|0.03|43.7824|14.118
18|15|0|315|1.5|7.3|315|51.6|30.5|0.00|0.03|43.7836|14.118
18|16|0|315|1.6|7.3|315|51.6|30.5|0.00|0.03|43.7821|14.118
18|17|0|315|1.5|7.3|315|51.5|30.4|0.00|0.03|43.7812|14.118
18|18|0|315|0.0|7.3|315|51.5|30.4|0.00|0.03|43.7814|14.118
18|19|0|315|2.9|7.3|315|51.5|30.4|0.00|0.03|43.7821|14.118
18|20|0|270|2.9|7.3|315|51.4|30.4|0.00|0.03|43.7789|14.118
18|22|0|270|1.5|7.3|315|51.3|30.4|0.00|0.03|43.7814|14.118
18|23|0|270|1.5|7.3|315|51.1|30.5|0.00|0.03|43.7834|14.118
18|26|0|315|3.2|7.3|315|50.8|30.3|0.00|0.03|43.7848|13.6689
18|27|0|315|1.5|7.3|315|50.8|30.3|0.00|0.03|43.7855|13.6689
18|28|0|270|1.6|7.3|315|50.8|30.4|0.00|0.03|43.7857|13.6689
18|29|0|270|1.6|7.3|315|50.9|30.4|0.00|0.03|43.7871|13.6689
18|30|0|315|1.5|7.3|315|50.9|30.3|0.00|0.03|43.7878|13.6689
18|31|0|270|1.6|7.3|315|50.9|30.4|0.00|0.03|43.7893|13.6689
18|32|0|270|1.5|7.3|315|50.8|30.4|0.00|0.03|43.7901|13.6689
18|33|0|270|2.9|7.3|315|50.8|30.4|0.00|0.03|43.7909|13.6689
18|34|0|270|2.9|7.3|315|50.9|30.4|0.00|0.03|43.7916|13.6689
18|35|0|315|2.9|7.3|315|51.0|30.3|0.00|0.03|43.7925|14.118
18|36|0|270|1.6|7.3|315|51.2|30.2|0.00|0.03|43.7908|14.118
18|37|0|315|1.5|7.3|315|51.3|30.3|0.00|0.03|43.791|14.118
18|38|0|315|1.5|7.3|315|51.4|30.2|0.00|0.03|43.792|14.118
18|39|0|270|2.9|7.3|315|51.4|30.2|0.00|0.03|43.7922|14.118
18|40|0|270|1.6|7.3|315|51.5|30.2|0.00|0.03|43.791|14.118
18|41|0|270|1.5|7.3|315|51.5|30.2|0.00|0.03|43.7917|14.118
18|42|0|315|1.5|7.3|315|51.8|30.1|0.00|0.03|43.7908|14.118
18|44|0|315|1.5|7.3|315|51.8|30.1|0.00|0.03|43.7897|14.118
18|46|0|270|1.6|7.3|315|51.8|30.1|0.00|0.03|43.7894|14.118
18|47|0|225|0.0|7.3|315|51.9|30.1|0.00|0.03|43.7871|14.118
18|48|0|270|1.5|7.3|315|51.8|30.2|0.00|0.03|43.7849|14.118
18|49|0|315|0.0|7.3|315|51.8|30.2|0.00|0.03|43.7833|14.118
18|51|0|270|1.6|7.3|315|51.8|30.2|0.00|0.03|43.7823|14.118
18|52|0|270|2.9|7.3|315|51.8|30.2|0.00|0.03|43.7855|14.118
18|53|0|315|2.9|7.3|315|51.8|30.2|0.00|0.03|43.7864|14.118
18|54|0|270|2.9|7.3|315|51.8|30.2|0.00|0.03|43.7861|14.118
18|55|0|270|1.5|7.3|315|52.0|30.2|0.00|0.03|43.7835|14.5594
18|56|0|315|1.5|7.3|315|52.2|30.2|0.00|0.03|43.7829|14.5594
18|57|0|270|0.0|7.3|315|52.3|30.2|0.00|0.03|43.7809|14.5594
18|59|0|270|0.0|7.3|315|52.2|30.2|0.00|0.03|43.777|14.5594
19|00|0|270|0.0|7.3|315|52.2|30.3|0.00|0.03|43.7768|14.5594
19|01|0|270|0.0|7.3|315|52.1|30.3|0.00|0.03|43.7762|14.5594
19|03|0|270|1.5|7.3|315|52.1|30.3|0.00|0.03|43.7766|14.5594
19|04|0|315|1.6|7.3|315|52.1|30.2|0.01|0.04|43.7747|14.5594
19|05|0|315|1.5|7.3|315|52.2|30.2|0.01|0.04|43.774|14.5594
19|06|0|315|1.5|7.3|315|52.4|30.1|0.01|0.04|43.7714|14.5594
19|07|0|315|0.0|7.3|315|52.4|30.1|0.01|0.04|43.7746|14.5594
19|08|0|315|0.0|7.3|315|52.4|30.1|0.01|0.04|43.7718|14.5594
19|09|0|315|0.0|7.3|315|52.4|30.1|0.01|0.04|43.7717|14.5594
19|10|0|315|0.0|7.3|315|52.4|30.0|0.01|0.04|43.7712|14.5594
19|11|0|315|0.0|7.3|315|52.4|30.0|0.01|0.04|43.7714|14.5594
19|12|0|315|0.0|7.3|315|52.3|30.0|0.01|0.04|43.773|14.5594
19|13|0|315|0.0|7.3|315|52.3|30.0|0.01|0.04|43.774|14.5594
19|14|0|315|0.0|7.3|315|52.3|30.0|0.01|0.04|43.7782|14.5594
19|16|0|315|0.0|7.3|315|52.4|30.0|0.01|0.04|43.7753|14.5594
19|17|0|315|0.0|7.3|315|52.4|30.0|0.01|0.04|43.7729|14.5594
19|18|0|315|0.0|7.3|315|52.3|30.0|0.01|0.04|43.7691|14.5594
19|19|0|315|0.0|7.3|315|52.2|30.0|0.01|0.04|43.7669|14.5594
19|20|0|315|0.0|7.3|315|52.3|30.0|0.01|0.04|43.7594|14.5594
19|21|0|315|0.0|7.3|315|52.3|30.0|0.01|0.04|43.76|14.5594
19|22|0|315|0.0|7.3|315|52.4|30.0|0.01|0.04|43.7609|14.5594
19|23|0|315|0.0|7.3|315|52.4|30.0|0.01|0.04|43.7618|14.5594
19|24|0|315|0.0|7.3|315|52.3|29.9|0.01|0.04|43.7611|13.6307
19|27|0|315|0.0|7.3|315|52.1|29.9|0.01|0.04|43.7602|13.6307
19|28|0|315|0.0|7.3|315|52.2|29.9|0.01|0.04|43.759|13.6307
19|29|0|315|0.0|7.3|315|52.2|29.9|0.01|0.04|43.757|13.6307
19|30|0|315|0.0|7.3|315|52.2|29.9|0.01|0.04|43.7576|13.6307
19|31|0|315|1.5|7.3|315|52.6|29.9|0.01|0.04|43.757|13.6307
19|32|0|315|1.6|7.3|315|52.8|29.9|0.01|0.04|43.759|13.6307
19|33|0|315|1.6|7.3|315|52.9|29.9|0.01|0.04|43.7604|13.6307
19|34|0|315|1.5|7.3|315|53.3|29.9|0.01|0.04|43.7601|14.0626
19|35|0|315|1.6|7.3|315|53.5|29.7|0.01|0.04|43.7602|14.0626
19|36|0|315|1.5|7.3|315|53.4|29.7|0.01|0.04|43.7611|14.0626
19|37|0|315|0.0|7.3|315|53.4|29.7|0.01|0.04|43.7632|14.0626
19|38|0|315|0.0|7.3|315|53.4|29.7|0.01|0.04|43.7625|14.0626
19|40|0|225|1.5|7.3|315|53.5|29.7|0.01|0.04|43.7608|14.0626
19|41|0|180|0.0|7.3|315|53.5|29.7|0.01|0.04|43.7608|14.0626
19|42|0|180|1.5|7.3|315|53.4|29.7|0.01|0.04|43.7589|14.0626
19|43|0|180|1.6|7.3|315|53.3|29.9|0.01|0.04|43.7595|14.0626
19|44|0|180|1.5|7.3|315|53.3|29.7|0.01|0.04|43.757|14.0626
19|45|0|180|2.9|7.3|315|53.2|29.9|0.01|0.04|43.754|14.0626
19|47|0|180|0.0|7.3|315|53.2|29.9|0.01|0.04|43.7489|14.0626
19|48|0|180|1.5|7.3|315|53.1|29.9|0.01|0.04|43.7475|14.0626
19|50|0|135|3.2|7.3|315|53.1|30.0|0.01|0.04|43.7465|14.9933
19|51|0|135|1.5|7.3|315|52.9|29.9|0.01|0.04|43.7478|13.6307
19|52|0|180|1.6|7.3|315|52.8|30.0|0.01|0.04|43.752|14.5594
19|53|0|225|1.6|7.3|315|52.8|30.0|0.01|0.04|43.7544|14.5594
19|55|0|225|0.0|7.3|315|52.7|30.1|0.01|0.04|43.7557|14.5594
19|56|0|225|0.0|7.3|315|52.6|30.1|0.01|0.04|43.7538|14.5594
19|57|0|225|1.5|7.3|315|52.6|30.2|0.01|0.04|43.7532|14.5594
19|58|0|225|1.6|7.3|315|52.5|30.2|0.01|0.04|43.7526|14.5594
20|00|0|225|1.5|7.3|315|52.4|30.3|0.01|0.04|43.7498|14.5594
20|01|0|315|1.6|7.3|315|52.6|30.3|0.01|0.04|43.7524|14.5594
20|02|0|270|2.9|7.3|315|52.6|30.2|0.00|0.04|43.7529|14.5594
20|04|0|270|0.0|7.3|315|52.8|30.2|0.00|0.04|43.7515|14.5594
20|05|0|248|1.5|7.3|315|52.7|30.2|0.00|0.04|43.7505|14.5594
20|06|0|180|1.6|7.3|315|52.6|30.2|0.00|0.04|43.75|14.5594
20|07|0|180|0.0|7.3|315|52.3|30.2|0.00|0.04|43.7506|14.5594
20|09|0|180|0.0|7.3|315|52.3|30.2|0.00|0.04|43.7473|14.5594
20|10|0|180|0.0|7.3|315|52.2|30.1|0.00|0.04|43.7469|14.5594
20|11|0|180|0.0|7.3|315|52.2|30.2|0.00|0.04|43.7499|14.5594
20|12|0|180|0.0|7.3|315|52.2|30.1|0.00|0.04|43.7496|14.5594
20|13|0|180|0.0|7.3|315|52.2|30.1|0.00|0.04|43.7488|14.5594
20|14|0|180|0.0|7.3|315|52.2|30.1|0.00|0.04|43.7458|14.5594
20|16|0|180|0.0|7.3|315|52.1|30.2|0.00|0.04|43.7462|14.5594
20|17|0|180|0.0|7.3|315|52.1|30.2|0.00|0.04|43.7441|14.5594
20|18|0|180|1.5|7.3|315|52.1|30.1|0.00|0.04|43.7411|14.5594
20|19|0|180|1.5|7.3|315|52.1|30.1|0.00|0.04|43.7405|14.5594
20|21|0|180|0.0|7.3|315|52.3|30.1|0.00|0.04|43.7422|14.5594
20|23|0|180|0.0|7.3|315|52.3|30.0|0.00|0.04|43.7396|14.5594
20|24|0|180|0.0|7.3|315|52.3|30.0|0.00|0.04|43.739|14.5594
20|25|0|180|0.0|7.3|315|52.3|30.0|0.00|0.04|43.7398|14.5594
20|26|0|180|0.0|7.3|315|52.4|30.0|0.00|0.04|43.7394|14.5594
20|30|0|180|0.0|7.3|315|52.4|30.0|0.00|0.04|43.7418|14.5594
20|31|0|180|1.5|7.3|315|52.5|30.0|0.00|0.04|43.7446|14.5594
20|32|0|180|1.5|7.3|315|52.6|30.0|0.00|0.04|43.7444|14.5594
20|33|0|180|2.9|7.3|315|52.8|30.0|0.00|0.04|43.7467|14.5594
20|34|0|180|1.6|7.3|315|52.8|30.0|0.00|0.04|43.745|14.5594
20|35|0|180|1.5|7.3|315|52.8|30.0|0.00|0.04|43.745|14.5594
20|36|0|180|1.5|7.3|315|52.8|30.0|0.01|0.05|43.7436|14.5594
20|37|0|180|0.0|7.3|315|52.8|30.0|0.01|0.05|43.7414|14.5594
20|38|0|180|0.0|7.3|315|52.8|30.0|0.01|0.05|43.7412|14.5594
20|39|0|180|0.0|7.3|315|52.8|30.0|0.01|0.05|43.7409|14.5594
20|40|0|180|0.0|7.3|315|52.8|30.0|0.01|0.05|43.739|14.5594
20|41|0|180|0.0|7.3|315|52.8|30.1|0.01|0.05|43.7377|14.5594
20|42|0|180|0.0|7.3|315|52.8|30.1|0.01|0.05|43.7373|14.5594
20|43|0|180|0.0|7.3|315|52.9|30.1|0.01|0.05|43.7348|14.5594
20|44|0|180|0.0|7.3|315|52.9|30.1|0.01|0.05|43.7338|14.5594
20|45|0|180|0.0|7.3|315|52.9|30.1|0.01|0.05|43.7332|14.5594
20|46|0|180|0.0|7.3|315|52.8|30.1|0.01|0.05|43.733|14.5594
20|48|0|180|0.0|7.3|315|52.8|30.2|0.01|0.05|43.7359|14.5594
20|49|0|180|0.0|7.3|315|53.1|30.2|0.01|0.05|43.736|14.9933
20|51|0|180|0.0|7.3|315|53.0|30.2|0.01|0.05|43.7347|14.9933
20|52|0|180|0.0|7.3|315|52.9|30.2|0.01|0.05|43.7368|14.5594
20|53|0|180|0.0|7.3|315|52.8|30.2|0.01|0.05|43.7353|14.5594
20|54|0|180|0.0|7.3|315|52.8|30.2|0.01|0.05|43.7352|14.5594
20|55|0|180|0.0|7.3|315|52.7|30.3|0.01|0.05|43.738|14.5594
20|56|0|180|0.0|7.3|315|52.8|30.3|0.01|0.05|43.7353|14.5594
20|57|0|180|0.0|7.3|315|52.9|30.3|0.01|0.05|43.7346|14.5594
20|58|0|180|0.0|7.3|315|52.8|30.3|0.01|0.05|43.7352|14.5594
20|59|0|180|1.5|7.3|315|52.8|30.3|0.01|0.05|43.7369|14.5594
21|00|0|180|0.0|7.3|315|52.7|30.3|0.01|0.05|43.7382|14.5594
21|01|0|180|0.0|7.3|315|52.7|30.3|0.01|0.05|43.7389|14.5594
21|02|0|180|0.0|7.3|315|52.7|30.4|0.01|0.05|43.7408|14.5594
21|03|0|270|1.5|7.3|315|52.8|30.4|0.01|0.05|43.7396|14.5594
21|04|0|270|0.0|7.3|315|52.9|30.4|0.01|0.05|43.7392|14.5594
21|05|0|270|0.0|7.3|315|53.0|30.4|0.01|0.05|43.7388|14.9933
21|06|0|270|0.0|7.3|315|53.1|30.3|0.01|0.05|43.7381|14.9933
21|08|0|270|0.0|7.3|315|53.0|30.3|0.01|0.05|43.7395|14.9933
21|09|0|270|0.0|7.3|315|53.1|30.3|0.01|0.05|43.7401|14.9933
21|10|0|270|0.0|7.3|315|53.1|30.2|0.01|0.05|43.7392|14.9933
21|11|0|270|1.6|7.3|315|53.1|30.2|0.01|0.05|43.7388|14.9933
21|12|0|270|0.0|7.3|315|53.1|30.2|0.01|0.05|43.7353|14.9933
21|13|0|270|0.0|7.3|315|53.1|30.2|0.01|0.05|43.7362|14.9933
21|14|0|270|0.0|7.3|315|53.1|30.1|0.01|0.05|43.7334|14.9933
21|15|0|270|0.0|7.3|315|53.2|30.1|0.01|0.05|43.7336|14.9933
21|16|0|270|0.0|7.3|315|53.2|30.1|0.01|0.05|43.7317|14.9933
21|17|0|270|0.0|7.3|315|53.3|30.1|0.01|0.05|43.7328|14.9933
21|18|0|270|1.5|7.3|315|53.4|30.1|0.01|0.05|43.732|14.9933
21|19|0|270|1.6|7.3|315|53.4|30.1|0.01|0.05|43.7309|14.9933
21|20|0|270|1.5|7.3|315|53.4|30.0|0.01|0.05|43.7285|14.9933
21|21|0|270|1.5|7.3|315|53.4|30.0|0.01|0.05|43.7277|14.9933
21|22|0|270|0.0|7.3|315|53.5|30.0|0.01|0.05|43.7299|14.9933
21|23|0|270|1.5|7.3|315|53.4|30.0|0.01|0.05|43.729|14.9933
21|24|0|270|0.0|7.3|315|53.4|30.0|0.01|0.05|43.7299|14.9933
21|25|0|270|0.0|7.3|315|53.4|30.0|0.01|0.05|43.7291|14.9933
21|26|0|270|1.5|7.3|315|53.4|30.0|0.01|0.05|43.7266|14.9933
21|27|0|270|0.0|7.3|315|53.3|30.1|0.01|0.05|43.7281|14.9933
21|30|0|270|0.0|7.3|315|53.3|30.0|0.01|0.05|43.7275|14.9933
21|31|0|270|1.5|7.3|315|53.4|30.0|0.01|0.05|43.7278|14.9933
21|32|0|270|1.6|7.3|315|53.5|30.0|0.01|0.05|43.7249|14.9933
21|33|0|270|0.0|7.3|315|53.5|30.0|0.01|0.05|43.7259|14.9933
21|34|0|270|0.0|7.3|315|53.6|30.0|0.01|0.05|43.7264|14.9933
21|36|0|270|1.6|7.3|315|53.5|29.9|0.00|0.05|43.7248|14.0626
21|37|0|270|0.0|7.3|315|53.6|29.9|0.00|0.05|43.726|14.0626
21|38|0|270|0.0|7.3|315|53.5|29.9|0.00|0.05|43.7242|14.0626
21|39|0|270|0.0|7.3|315|53.6|29.9|0.00|0.05|43.7267|14.0626
21|40|0|270|0.0|7.3|315|53.6|29.9|0.00|0.05|43.7274|14.0626
21|42|0|270|0.0|7.3|315|53.7|29.9|0.00|0.05|43.7295|14.0626
21|43|0|270|0.0|7.3|315|53.7|29.9|0.00|0.05|43.7281|14.0626
21|44|0|270|0.0|7.3|315|53.6|29.9|0.00|0.05|43.728|14.0626
21|45|0|270|1.5|7.3|315|53.8|29.7|0.00|0.05|43.7274|14.0626
21|46|0|270|0.0|7.3|315|53.9|29.7|0.00|0.05|43.7258|14.0626
21|47|0|270|0.0|7.3|315|53.9|29.7|0.00|0.05|43.723|14.0626
21|49|0|270|0.0|7.3|315|53.9|29.7|0.00|0.05|43.7236|14.0626
21|50|0|270|0.0|7.3|315|53.9|29.7|0.00|0.05|43.725|14.0626
21|51|0|270|0.0|7.3|315|54.0|29.7|0.00|0.05|43.7224|14.4873
21|52|0|270|0.0|7.3|315|54.1|29.7|0.00|0.05|43.7201|14.4873
21|53|0|270|0.0|7.3|315|54.2|29.7|0.00|0.05|43.7201|14.4873
21|54|0|270|1.5|7.3|315|54.3|29.9|0.00|0.05|43.7224|14.4873
21|55|0|270|1.5|7.3|315|54.2|29.7|0.00|0.05|43.7187|14.4873
21|56|0|270|1.5|7.3|315|54.3|29.9|0.00|0.05|43.7198|14.4873
21|57|0|270|1.5|7.3|315|54.3|29.9|0.00|0.05|43.7246|14.4873
21|58|0|180|1.5|7.3|315|54.3|29.9|0.00|0.05|43.7252|14.4873
22|00|0|180|0.0|7.3|315|54.2|29.9|0.00|0.05|43.725|14.4873
22|01|0|225|2.9|7.3|315|54.2|29.9|0.00|0.05|43.7318|14.4873
22|02|0|248|0.0|7.3|315|54.3|29.9|0.00|0.05|43.7306|14.4873
22|03|0|90|1.5|7.3|315|54.3|29.9|0.00|0.05|43.7258|14.4873
22|05|0|90|0.0|7.3|315|54.1|29.9|0.00|0.05|43.7284|14.4873
22|06|0|90|0.0|7.3|315|54.1|29.9|0.00|0.05|43.7286|14.4873
22|07|0|0|1.5|7.3|315|54.2|29.9|0.00|0.05|43.7297|14.4873
22|08|0|0|1.6|7.3|315|54.7|29.9|0.00|0.05|43.7266|14.4873
22|09|0|0|1.5|7.3|315|55.2|29.9|0.00|0.05|43.7288|14.9051
22|11|0|0|0.0|7.3|315|55.2|29.9|0.00|0.05|43.7299|14.9051
22|12|0|270|1.5|7.3|315|55.2|29.9|0.00|0.05|43.7318|14.9051
22|13|0|270|0.0|7.3|315|55.1|29.9|0.00|0.05|43.7305|14.9051
22|14|0|0|1.6|7.3|315|55.0|29.9|0.00|0.05|43.729|14.9051
22|15|0|0|1.5|7.3|315|55.0|29.9|0.00|0.05|43.7302|14.9051
22|16|0|0|0.0|7.3|315|54.9|29.9|0.00|0.05|43.7288|14.4873
22|17|0|0|0.0|7.3|315|54.8|29.9|0.00|0.05|43.728|14.4873
22|18|0|0|0.0|7.3|315|54.6|29.9|0.00|0.05|43.727|14.4873
22|19|0|0|0.0|7.3|315|54.5|29.9|0.00|0.05|43.7268|14.4873
22|20|0|0|0.0|7.3|315|54.4|29.9|0.00|0.05|43.7276|14.4873
22|21|0|0|0.0|7.3|315|54.4|29.9|0.00|0.05|43.7261|14.4873
22|22|0|0|0.0|7.3|315|54.4|29.9|0.00|0.05|43.7265|14.4873
22|23|0|0|1.5|7.3|315|54.4|30.0|0.00|0.05|43.7304|15.42
22|24|0|180|2.9|7.3|315|54.3|29.9|0.00|0.05|43.7286|14.4873
22|25|0|180|1.6|7.3|315|54.4|29.9|0.00|0.05|43.7297|14.4873
22|26|0|135|1.5|7.3|315|54.5|29.9|0.00|0.05|43.7246|14.4873
22|28|0|180|1.6|7.3|315|54.4|29.9|0.00|0.05|43.7261|14.4873
22|29|0|180|1.5|7.3|315|54.2|29.9|0.00|0.05|43.7264|14.4873
22|31|0|90|1.5|7.3|315|54.2|30.0|0.00|0.05|43.7272|15.42
22|32|0|135|1.6|7.3|315|54.3|30.0|0.00|0.05|43.7272|15.42
22|33|0|135|1.6|7.3|315|54.2|30.0|0.00|0.05|43.7293|15.42
22|34|0|135|0.0|7.3|315|54.2|30.0|0.00|0.05|43.7272|15.42
22|35|0|135|0.0|7.3|315|54.2|30.0|0.00|0.05|43.7298|15.42
22|36|0|135|0.0|7.3|315|54.3|30.1|0.00|0.05|43.733|15.42
22|37|0|135|1.5|7.3|315|54.7|30.1|0.00|0.05|43.7336|15.42
22|38|0|135|0.0|7.3|315|54.8|30.0|0.00|0.05|43.7295|15.42
22|39|0|135|0.0|7.3|315|54.8|30.1|0.00|0.05|43.7284|15.42
22|40|0|135|0.0|7.3|315|54.7|30.1|0.00|0.05|43.7286|15.42
22|41|0|135|1.5|7.3|315|54.8|30.0|0.00|0.05|43.727|15.42
22|42|0|135|0.0|7.3|315|55.2|30.0|0.00|0.05|43.7225|15.8397
22|43|0|135|0.0|7.3|315|55.3|30.0|0.00|0.05|43.7211|15.8397
22|44|0|135|0.0|7.3|315|55.2|30.0|0.00|0.05|43.7186|15.8397
22|45|0|135|0.0|7.3|315|55.1|30.0|0.00|0.05|43.718|15.8397
22|46|0|135|1.6|7.3|315|55.0|30.0|0.00|0.05|43.7189|15.8397
22|48|0|135|0.0|7.3|315|54.8|30.0|0.00|0.05|43.7186|15.42
22|49|0|135|0.0|7.3|315|54.7|30.0|0.00|0.05|43.7186|15.42
22|51|0|135|0.0|7.3|315|54.7|30.1|0.00|0.05|43.7201|15.42
22|52|0|135|0.0|7.3|315|54.6|30.1|0.00|0.05|43.7188|15.42
22|53|0|135|1.5|7.3|315|54.6|30.1|0.00|0.05|43.7171|15.42
22|54|0|135|1.6|7.3|315|54.7|30.1|0.00|0.05|43.7155|15.42
22|55|0|135|0.0|7.3|315|54.7|30.1|0.00|0.05|43.717|15.42
22|56|0|135|1.5|7.3|315|54.7|30.1|0.00|0.05|43.7145|15.42
22|57|0|135|0.0|7.3|315|54.6|30.1|0.00|0.05|43.7155|15.42
22|59|0|135|0.0|7.3|315|54.5|30.2|0.00|0.05|43.7188|15.42
23|00|0|135|0.0|7.3|315|54.6|30.2|0.00|0.05|43.7206|15.42
23|01|0|135|0.0|7.3|315|54.7|30.2|0.00|0.05|43.7201|15.42
23|03|0|225|1.5|7.3|315|54.6|30.2|0.00|0.05|43.7221|15.42
23|04|0|225|1.5|7.3|315|54.4|30.2|0.00|0.05|43.7222|15.42
23|05|0|225|1.6|7.3|315|54.3|30.2|0.00|0.05|43.7235|15.42
23|06|0|180|1.6|7.3|315|54.2|30.2|0.00|0.05|43.7262|15.42
23|07|0|180|1.5|7.3|315|54.1|30.2|0.00|0.05|43.7243|15.42
23|08|0|203|1.5|7.3|315|54.0|30.2|0.01|0.07|43.7233|15.42
23|10|0|180|1.5|7.3|315|53.9|30.2|0.01|0.07|43.7198|14.9933
23|11|0|180|1.5|7.3|315|53.8|30.2|0.01|0.07|43.7186|14.9933
23|13|0|180|1.5|7.3|315|53.7|30.2|0.01|0.07|43.7117|14.9933
23|15|0|180|1.6|7.3|315|53.6|30.1|0.01|0.07|43.7097|14.9933
23|16|0|180|1.5|7.3|315|53.6|30.2|0.01|0.07|43.71|14.9933
23|17|0|180|0.0|7.3|315|53.6|30.2|0.01|0.07|43.71|14.9933
23|18|0|180|1.5|7.3|315|53.6|30.2|0.01|0.07|43.7124|14.9933
23|19|0|180|1.5|7.3|315|53.6|30.1|0.01|0.07|43.7094|14.9933
23|20|0|180|2.9|7.3|315|53.6|30.1|0.01|0.07|43.71|14.9933
23|21|0|180|1.5|7.3|315|53.7|30.1|0.01|0.07|43.7116|14.9933
23|22|0|180|1.5|7.3|315|53.7|30.2|0.01|0.07|43.7137|14.9933
23|23|0|180|0.0|7.3|315|53.7|30.2|0.01|0.07|43.7146|14.9933
23|24|0|180|0.0|7.3|315|53.6|30.2|0.01|0.07|43.7116|14.9933
23|25|0|180|1.6|7.3|315|53.7|30.2|0.01|0.07|43.7107|14.9933
23|26|0|180|1.5|7.3|315|53.6|30.2|0.01|0.07|43.7084|14.9933
23|28|0|180|1.5|7.3|315|53.8|30.2|0.01|0.07|43.7073|14.9933
23|29|0|180|0.0|7.3|315|53.8|30.2|0.01|0.07|43.7053|14.9933
23|31|0|180|1.5|7.3|315|53.8|30.2|0.01|0.07|43.7004|14.9933
23|32|0|180|1.6|7.3|315|53.8|30.1|0.01|0.07|43.6963|14.9933
23|33|0|180|1.5|7.3|315|53.8|30.1|0.01|0.07|43.6978|14.9933
23|34|0|180|1.5|7.3|315|53.8|30.1|0.02|0.08|43.6984|14.9933
23|35|0|180|1.6|7.3|315|54.1|30.1|0.02|0.08|43.6984|15.42
23|36|0|180|0.0|7.3|315|54.4|30.1|0.02|0.08|43.699|15.42
23|37|0|180|0.0|7.3|315|54.6|30.1|0.02|0.08|43.6986|15.42
23|38|0|180|0.0|7.3|315|54.7|30.0|0.02|0.08|43.694|15.42
23|39|0|180|1.5|7.3|315|54.9|30.0|0.02|0.08|43.691|15.42
23|40|0|180|1.5|7.3|315|54.8|30.1|0.02|0.08|43.6898|15.42
23|41|0|180|0.0|7.3|315|54.6|30.1|0.02|0.08|43.6886|15.42
23|42|0|180|0.0|7.3|315|54.4|30.1|0.02|0.08|43.6868|15.42
23|43|0|180|0.0|7.3|315|54.4|30.1|0.02|0.08|43.6863|15.42
23|44|0|180|0.0|7.3|315|54.3|30.1|0.02|0.08|43.6837|15.42
23|46|0|180|0.0|7.3|315|54.3|30.1|0.02|0.08|43.6852|15.42
23|47|0|180|1.5|7.3|315|54.0|30.1|0.02|0.08|43.6841|15.42
23|48|0|90|1.5|7.3|315|53.8|30.2|0.02|0.08|43.6853|14.9933
23|49|0|90|0.0|7.3|315|53.7|30.2|0.02|0.08|43.6863|14.9933
23|50|0|90|0.0|7.3|315|53.8|30.2|0.02|0.08|43.6873|14.9933
23|51|0|90|0.0|7.3|315|53.7|30.2|0.02|0.08|43.6904|14.9933
23|52|0|90|1.5|7.3|315|53.6|30.2|0.02|0.08|43.6913|14.9933
23|53|0|315|1.5|7.3|315|53.5|30.2|0.02|0.08|43.6934|14.9933
23|54|0|315|1.5|7.3|315|53.8|30.2|0.02|0.08|43.6939|14.9933
23|55|0|315|0.0|7.3|315|54.2|30.2|0.02|0.08|43.6924|15.42
23|56|0|315|1.5|7.3|315|54.4|30.2|0.02|0.08|43.6918|15.42
23|57|0|0|1.5|7.3|315|55.0|30.2|0.02|0.08|43.6914|15.8397
23|58|0|0|1.6|7.3|315|55.4|30.1|0.02|0.08|43.6893|15.8397
23|59|0|0|1.5|7.3|315|55.3|30.0|0.02|0.08|43.6876|15.8397
