00|00|0|225|0.0|9.7|45|46.3|58.2|0.00|0.00|43.4486|37.3689
00|01|0|225|0.0|9.7|45|46.4|58.2|0.00|0.00|43.4464|37.3689
00|03|0|180|1.5|9.7|45|46.6|58.1|0.00|0.00|43.4468|37.3689
00|04|0|225|1.5|9.7|45|46.8|58.1|0.00|0.00|43.4471|37.3689
00|05|0|225|1.5|9.7|45|46.9|58.0|0.00|0.00|43.4459|37.3689
00|06|0|180|1.5|9.7|45|46.9|58.0|0.00|0.00|43.4467|37.3689
00|08|0|180|0.0|9.7|45|46.9|57.9|0.00|0.00|43.4447|36.4578
00|09|0|180|0.0|9.7|45|46.8|57.9|0.00|0.00|43.4434|36.4578
00|10|0|180|0.0|9.7|45|46.7|57.9|0.00|0.00|43.4451|36.4578
00|11|0|180|0.0|9.7|45|46.6|57.9|0.00|0.00|43.4462|36.4578
00|12|0|135|0.0|9.7|45|46.5|57.8|0.00|0.00|43.443|36.4578
00|14|0|135|0.0|9.7|45|47.2|57.8|0.00|0.00|43.4447|37.0016
00|15|0|180|1.5|9.7|45|47.7|57.8|0.00|0.00|43.4411|37.0016
00|16|0|180|1.5|9.7|45|47.2|57.8|0.00|0.00|43.4425|37.0016
00|17|0|135|0.0|9.7|45|46.9|57.7|0.00|0.00|43.4422|36.4578
00|18|0|135|0.0|9.7|45|46.8|57.8|0.00|0.00|43.4426|36.4578
00|20|0|180|1.5|9.7|45|46.6|57.7|0.00|0.00|43.4407|36.4578
00|21|0|180|1.5|9.7|45|46.9|57.8|0.00|0.00|43.4414|36.4578
00|22|0|180|1.5|9.7|45|47.0|57.7|0.00|0.00|43.4404|37.0016
00|23|0|225|0.0|9.7|45|46.8|57.7|0.00|0.00|43.4392|36.4578
00|24|0|180|1.6|9.7|45|46.8|57.7|0.00|0.00|43.4397|36.4578
00|25|0|225|1.6|9.7|45|46.7|57.7|0.00|0.00|43.438|36.4578
00|26|0|135|0.0|9.7|45|46.6|57.7|0.00|0.00|43.437|36.4578
00|27|0|180|1.5|9.7|45|46.7|57.7|0.00|0.00|43.4357|36.4578
00|28|0|180|1.5|9.7|45|46.9|57.5|0.00|0.00|43.435|36.4578
00|30|0|135|1.5|9.7|45|47.1|57.5|0.00|0.00|43.4359|37.0016
00|31|0|135|0.0|9.7|45|47.0|57.5|0.00|0.00|43.435|37.0016
00|34|0|180|1.5|9.7|45|47.5|57.4|0.00|0.00|43.4328|37.0016
00|35|0|180|1.5|9.7|45|47.6|57.3|0.00|0.00|43.4318|37.0016
00|36|0|180|3.2|9.7|45|47.7|57.3|0.00|0.00|43.4339|37.0016
00|37|0|180|1.5|9.7|45|47.9|57.2|0.00|0.00|43.4354|37.0016
00|38|0|180|1.5|9.7|45|48.1|57.1|0.00|0.00|43.4351|37.5352
00|39|0|180|1.6|9.7|45|48.7|57.1|0.00|0.00|43.4347|37.5352
00|40|0|180|1.5|9.7|45|48.4|57.0|0.00|0.00|43.4367|37.5352
00|41|0|180|0.0|9.7|45|48.2|57.0|0.00|0.00|43.4356|37.5352
00|44|0|180|1.5|9.7|45|48.3|57.0|0.00|0.00|43.4349|37.5352
00|45|0|180|1.5|9.7|45|48.4|57.0|0.00|0.00|43.4327|37.5352
00|46|0|180|1.6|9.7|45|48.2|56.9|0.00|0.00|43.4327|36.6194
00|47|0|135|1.5|9.7|45|48.3|56.9|0.00|0.00|43.4312|36.6194
00|48|0|135|1.5|9.7|45|48.3|56.9|0.00|0.00|43.4331|36.6194
00|49|0|180|2.9|9.7|45|48.4|56.7|0.00|0.00|43.4318|36.6194
00|50|0|180|2.9|9.7|45|48.6|56.6|0.00|0.00|43.4293|36.6194
00|51|0|180|2.9|9.7|45|48.9|56.5|0.00|0.00|43.4287|36.6194
00|52|0|135|0.0|9.7|45|48.9|56.5|0.00|0.00|43.4293|36.6194
00|53|0|135|1.6|9.7|45|48.9|56.5|0.00|0.00|43.4314|36.6194
00|54|0|180|2.9|9.7|45|48.9|56.4|0.00|0.00|43.4283|36.6194
00|55|0|180|1.6|9.7|45|49.2|56.4|0.00|0.00|43.4285|37.141
00|56|0|180|1.6|9.7|45|49.2|56.4|0.00|0.00|43.4275|37.141
00|57|0|180|1.6|9.7|45|49.5|56.3|0.00|0.00|43.4288|37.141
00|58|0|135|1.5|9.7|45|49.6|56.3|0.00|0.00|43.4285|37.141
01|01|0|180|2.9|9.7|45|49.9|56.2|0.00|0.00|43.4291|37.141
01|02|0|135|4.4|9.7|45|50.2|56.1|0.00|0.00|43.4294|37.6534
01|03|0|180|4.4|9.7|45|50.2|56.0|0.00|0.00|43.4263|37.6534
01|04|0|180|2.9|9.7|45|50.4|56.0|0.00|0.00|43.4283|37.6534
01|06|0|180|2.9|9.7|45|50.6|55.8|0.00|0.00|43.4263|36.733
01|07|0|135|1.5|9.7|45|50.6|56.0|0.00|0.00|43.4281|37.6534
01|08|0|135|0.0|9.7|45|50.6|55.8|0.00|0.00|43.4264|36.733
01|09|0|135|2.9|9.7|45|50.7|56.0|0.00|0.00|43.4266|37.6534
01|10|0|135|0.0|9.7|45|50.7|55.8|0.00|0.00|43.4267|36.733
01|11|0|180|2.9|9.7|45|50.9|55.8|0.00|0.00|43.4253|36.733
01|12|0|180|1.5|9.7|45|51.0|55.8|0.00|0.00|43.4239|37.2343
01|13|0|158|2.9|9.7|45|51.1|55.7|0.00|0.00|43.4246|37.2343
01|15|0|180|3.2|9.7|45|51.2|55.7|0.00|0.00|43.4232|37.2343
01|18|0|135|1.5|9.7|45|51.4|55.6|0.00|0.00|43.4244|37.2343
01|19|0|180|3.2|9.7|45|51.4|55.5|0.00|0.00|43.4237|37.2343
01|20|0|135|3.2|9.7|45|51.3|55.6|0.00|0.00|43.4256|37.2343
01|21|0|135|1.5|9.7|45|51.4|55.6|0.00|0.00|43.4252|37.2343
01|22|0|135|2.9|9.7|45|51.4|55.6|0.00|0.00|43.4256|37.2343
01|24|0|135|1.5|9.7|45|51.1|55.6|0.00|0.00|43.4244|37.2343
01|25|0|135|1.5|9.7|45|51.0|55.6|0.00|0.00|43.4229|37.2343
01|27|0|135|0.0|9.7|45|50.9|55.7|0.00|0.00|43.4223|36.733
01|28|0|180|0.0|9.7|45|50.9|55.7|0.00|0.00|43.4211|36.733
01|29|0|135|0.0|9.7|45|50.9|55.7|0.00|0.00|43.4211|36.733
01|31|0|180|1.5|9.7|45|51.0|55.7|0.00|0.00|43.4204|37.2343
01|32|0|180|1.6|9.7|45|51.0|55.8|0.00|0.00|43.4229|37.2343
01|33|0|135|0.0|9.7|45|51.0|55.8|0.00|0.00|43.421|37.2343
01|34|0|135|1.5|9.7|45|51.0|55.8|0.00|0.00|43.4211|37.2343
01|35|0|180|1.6|9.7|45|50.9|55.7|0.00|0.00|43.4196|36.733
01|36|0|135|2.9|9.7|45|51.0|55.7|0.00|0.00|43.4205|37.2343
01|37|0|180|0.0|9.7|45|50.9|55.7|0.00|0.00|43.4208|36.733
01|38|0|180|0.0|9.7|45|51.1|55.7|0.00|0.00|43.4222|37.2343
01|40|0|135|1.5|9.7|45|51.2|55.7|0.00|0.00|43.4207|37.2343
01|41|0|135|1.5|9.7|45|51.2|55.6|0.00|0.00|43.4192|37.2343
01|42|0|135|1.6|9.7|45|51.3|55.6|0.00|0.00|43.4198|37.2343
01|43|0|135|0.0|9.7|45|51.3|55.6|0.00|0.00|43.4188|37.2343
01|44|0|135|1.6|9.7|45|51.5|55.5|0.00|0.00|43.4176|37.2343
01|46|0|90|1.6|9.7|45|51.4|55.5|0.00|0.00|43.4166|37.2343
01|47|0|158|1.6|9.7|45|51.3|55.5|0.00|0.00|43.4166|37.2343
01|48|0|135|1.6|9.7|45|51.4|55.5|0.01|0.01|43.4149|37.2343
01|49|0|135|1.5|9.7|45|51.3|55.5|0.01|0.01|43.4163|37.2343
01|50|0|225|1.6|9.7|45|51.3|55.5|0.01|0.01|43.4128|37.2343
01|51|0|135|2.9|9.7|45|51.3|55.5|0.01|0.01|43.4134|37.2343
01|52|0|135|2.9|9.7|45|51.3|55.6|0.01|0.01|43.4133|37.2343
01|53|0|180|2.9|9.7|45|51.3|55.6|0.01|0.01|43.4123|37.2343
01|54|0|135|2.9|9.7|45|51.4|55.6|0.01|0.01|43.4137|37.2343
01|55|0|135|1.5|9.7|45|51.3|55.6|0.01|0.01|43.4144|37.2343
01|56|0|90|1.6|9.7|45|51.3|55.7|0.01|0.01|43.4157|37.2343
01|57|0|135|1.5|9.7|45|51.0|55.7|0.01|0.01|43.4144|37.2343
01|58|0|135|4.4|9.7|45|51.1|55.7|0.01|0.01|43.4161|37.2343
01|59|0|180|2.9|9.7|45|50.9|55.7|0.01|0.01|43.4173|36.733
02|00|0|135|2.9|9.7|45|51.0|55.8|0.01|0.01|43.4194|37.2343
02|02|0|180|2.9|9.7|45|51.0|55.8|0.01|0.01|43.4207|37.2343
02|03|0|135|3.2|9.7|45|50.9|55.7|0.01|0.01|43.4203|36.733
02|05|0|180|6.4|9.7|45|50.1|55.7|0.01|0.01|43.4192|36.733
02|06|0|180|4.4|9.7|45|49.6|55.7|0.01|0.01|43.4163|36.2228
02|07|0|135|3.2|9.7|45|49.6|55.7|0.01|0.01|43.4148|36.2228
02|08|0|180|2.9|9.7|45|49.3|55.7|0.01|0.01|43.4128|36.2228
02|09|0|180|2.9|9.7|45|48.9|55.7|0.01|0.01|43.4148|35.7033
02|10|0|135|1.5|9.7|45|48.9|55.7|0.01|0.01|43.4144|35.7033
02|11|0|180|2.9|9.7|45|49.0|55.7|0.01|0.01|43.416|36.2228
02|12|0|135|3.2|9.7|45|48.8|55.6|0.01|0.01|43.4163|35.7033
02|13|0|135|4.4|9.7|45|49.0|55.6|0.01|0.01|43.4167|36.2228
02|14|0|180|3.2|9.7|45|49.1|55.5|0.01|0.01|43.4171|36.2228
02|16|0|135|4.8|9.7|45|49.2|55.5|0.01|0.01|43.4171|36.2228
02|17|0|225|2.9|9.7|45|49.4|55.4|0.01|0.01|43.4158|36.2228
02|18|0|158|4.4|9.7|45|49.5|55.4|0.01|0.01|43.4133|36.2228
02|19|0|180|4.4|9.7|45|49.6|55.3|0.01|0.01|43.4125|36.2228
02|20|0|135|2.9|9.7|45|49.8|55.3|0.01|0.01|43.416|36.2228
02|21|0|135|3.2|9.7|45|50.2|55.3|0.01|0.01|43.414|36.733
02|22|0|158|2.9|9.7|45|50.1|55.3|0.01|0.01|43.4135|36.733
02|23|0|180|2.9|9.7|45|50.2|55.2|0.01|0.01|43.4167|36.733
02|24|0|180|4.4|9.7|45|50.4|55.2|0.01|0.01|43.4158|36.733
02|25|0|180|2.9|9.7|45|50.5|55.2|0.01|0.01|43.4207|36.733
02|26|0|135|2.9|9.7|45|50.6|55.1|0.01|0.01|43.4193|36.733
02|27|0|135|1.6|9.7|45|50.6|55.1|0.01|0.01|43.4211|36.733
02|28|0|135|2.9|9.7|45|50.7|55.1|0.01|0.01|43.4205|36.733
02|29|0|135|4.4|9.7|45|50.6|55.0|0.01|0.01|43.4214|36.733
02|30|0|135|4.4|9.7|45|50.6|55.0|0.01|0.01|43.4201|36.733
02|31|0|135|4.4|9.7|45|50.5|54.8|0.01|0.01|43.4201|35.8125
02|34|0|135|3.2|9.7|45|50.7|54.7|0.01|0.01|43.4212|35.8125
02|35|0|135|2.9|9.7|45|50.8|54.7|0.01|0.01|43.4236|35.8125
02|36|0|135|4.8|9.7|45|50.9|54.8|0.01|0.01|43.4243|35.8125
02|37|0|90|2.9|9.7|45|50.9|54.7|0.01|0.01|43.4215|35.8125
02|38|0|135|2.9|9.7|45|50.9|54.7|0.01|0.01|43.4201|35.8125
02|39|0|135|2.9|10.2|135|51.1|54.7|0.01|0.01|43.421|36.3116
02|40|0|135|4.4|10.2|135|51.3|54.7|0.01|0.01|43.4214|36.3116
02|41|0|180|8.7|11.6|180|51.6|54.6|0.01|0.01|43.4198|36.3116
02|42|0|180|4.8|11.6|180|51.6|54.5|0.01|0.01|43.4182|36.3116
02|43|0|90|2.9|11.6|180|51.7|54.5|0.01|0.01|43.4179|36.3116
02|44|0|135|2.9|11.6|180|51.9|54.5|0.01|0.01|43.4184|36.3116
02|45|0|90|0.0|11.6|180|52.3|54.4|0.01|0.01|43.4183|36.8022
02|46|0|180|2.9|11.6|180|52.4|54.4|0.00|0.01|43.4154|36.8022
02|47|0|135|1.6|11.6|180|52.6|54.3|0.00|0.01|43.4167|36.8022
02|48|0|180|3.2|11.6|180|52.9|54.3|0.00|0.01|43.4196|36.8022
02|50|0|90|2.9|11.6|180|52.8|54.2|0.00|0.01|43.4179|36.8022
02|51|0|135|3.2|11.6|180|53.0|54.2|0.00|0.01|43.4158|37.2845
02|52|0|135|4.4|11.6|180|53.0|54.0|0.00|0.01|43.4157|37.2845
02|54|0|90|1.5|11.6|180|53.3|53.9|0.00|0.01|43.4144|36.3574
02|56|0|180|0.0|11.6|180|53.7|53.8|0.00|0.01|43.4139|36.3574
02|57|0|90|0.0|11.6|180|53.9|53.7|0.00|0.01|43.4132|36.3574
02|59|0|45|0.0|11.6|180|54.1|53.6|0.00|0.01|43.4119|36.8298
03|00|0|90|0.0|11.6|180|54.1|53.6|0.00|0.01|43.4128|36.8298
03|01|0|180|0.0|11.6|180|54.1|53.5|0.00|0.01|43.4106|36.8298
03|02|0|90|1.5|11.6|180|54.3|53.5|0.00|0.01|43.4125|36.8298
03|03|0|90|0.0|11.6|180|54.3|53.4|0.00|0.01|43.4113|36.8298
03|04|0|180|0.0|11.6|180|54.5|53.3|0.00|0.01|43.4102|36.8298
03|05|0|90|8.7|11.6|180|54.6|53.3|0.00|0.01|43.4104|36.8298
03|07|0|90|3.2|11.6|180|54.6|53.2|0.00|0.01|43.409|36.8298
03|08|0|90|4.4|11.6|180|54.7|53.2|0.00|0.01|43.41|36.8298
03|09|0|90|3.2|11.6|180|54.7|53.0|0.00|0.01|43.4092|36.8298
03|10|0|45|4.4|11.6|180|54.8|53.0|0.00|0.01|43.4099|36.8298
03|11|0|180|0.0|11.6|180|54.6|53.0|0.00|0.01|43.4096|36.8298
03|13|0|135|2.9|11.6|180|54.3|53.0|0.00|0.01|43.4083|36.8298
03|14|0|90|4.4|11.6|180|54.1|53.0|0.00|0.01|43.406|36.8298
03|15|0|90|5.8|11.6|180|53.8|53.2|0.00|0.01|43.407|36.3574
03|16|0|90|2.9|11.6|180|53.5|53.3|0.00|0.01|43.4054|36.3574
03|17|0|45|5.8|11.6|180|53.5|53.4|0.00|0.01|43.4081|36.3574
03|20|0|180|0.0|11.6|180|53.1|53.4|0.00|0.01|43.4092|36.3574
03|21|0|90|3.2|11.6|180|53.2|53.5|0.00|0.01|43.4099|36.3574
03|22|0|135|4.4|11.6|180|53.0|53.6|0.00|0.01|43.4128|36.3574
03|23|0|135|4.4|11.6|180|52.6|53.6|0.00|0.01|43.4118|35.8772
03|24|0|113|1.6|11.6|180|52.5|53.7|0.00|0.01|43.4135|35.8772
03|25|0|45|0.0|11.6|180|52.5|53.8|0.00|0.01|43.4132|35.8772
03|26|0|113|6.4|11.6|180|52.3|53.8|0.00|0.01|43.4125|35.8772
03|27|0|45|9.7|16.1|90|51.9|53.9|0.00|0.01|43.4118|35.3887
03|29|0|90|1.5|16.1|90|51.5|54.0|0.00|0.01|43.4127|36.3116
03|30|0|158|5.8|16.1|90|51.3|54.2|0.00|0.01|43.4155|36.3116
03|31|0|135|1.5|16.1|90|51.6|54.3|0.00|0.01|43.4179|36.3116
03|32|0|180|0.0|16.1|90|51.4|54.3|0.00|0.01|43.4172|36.3116
03|33|0|90|0.0|16.1|90|51.5|54.4|0.00|0.01|43.4168|36.3116
03|34|0|135|4.4|16.1|90|51.3|54.4|0.00|0.01|43.4163|36.3116
03|36|0|0|4.4|16.1|90|51.0|54.4|0.00|0.01|43.4161|36.3116
03|37|0|45|4.4|16.1|90|51.0|54.4|0.00|0.01|43.4159|36.3116
03|38|0|90|7.3|16.1|90|50.8|54.4|0.00|0.01|43.4164|35.8125
03|39|0|90|2.9|16.1|90|50.8|54.5|0.00|0.01|43.4182|35.8125
03|40|0|45|2.9|16.1|90|50.9|54.5|0.00|0.01|43.4171|35.8125
03|41|0|90|7.3|16.1|90|50.8|54.5|0.00|0.01|43.4184|35.8125
03|42|0|90|3.2|16.1|90|51.0|54.4|0.00|0.01|43.417|36.3116
03|43|0|45|2.9|16.1|90|50.8|54.5|0.00|0.01|43.4197|35.8125
03|44|0|90|1.5|16.1|90|51.0|54.5|0.00|0.01|43.4206|36.3116
03|45|0|90|1.5|16.1|90|50.9|54.6|0.00|0.01|43.421|35.8125
03|46|0|135|2.9|16.1|90|51.0|54.6|0.00|0.01|43.4205|36.3116
03|48|0|90|0.0|16.1|90|50.9|54.6|0.00|0.01|43.4194|35.8125
03|49|0|90|5.8|16.1|90|51.0|54.5|0.00|0.01|43.4203|36.3116
03|50|0|90|1.5|16.1|90|51.1|54.4|0.00|0.01|43.4194|36.3116
03|51|0|90|4.8|16.1|90|51.1|54.5|0.00|0.01|43.4182|36.3116
03|52|0|135|5.8|16.1|90|51.1|54.5|0.00|0.01|43.4199|36.3116
03|53|0|45|3.2|16.1|90|51.1|54.4|0.00|0.01|43.4174|36.3116
03|54|0|135|1.5|16.1|90|51.1|54.4|0.00|0.01|43.4183|36.3116
03|55|0|90|3.2|16.1|90|51.4|54.4|0.00|0.01|43.4198|36.3116
03|56|0|90|1.5|16.1|90|51.6|54.3|0.00|0.01|43.4206|36.3116
03|57|0|135|2.9|16.1|90|51.7|54.3|0.00|0.01|43.421|36.3116
03|58|0|180|0.0|16.1|90|51.6|54.2|0.00|0.01|43.4189|36.3116
04|00|0|135|1.5|16.1|90|51.8|54.2|0.00|0.01|43.4203|36.3116
04|01|0|135|1.5|16.1|90|51.8|54.2|0.00|0.01|43.4216|36.3116
04|02|0|180|1.5|16.1|90|51.8|54.0|0.00|0.01|43.4191|36.3116
04|03|0|90|1.5|16.1|90|51.9|54.0|0.00|0.01|43.4191|36.3116
04|04|0|203|1.5|16.1|90|52.1|53.9|0.00|0.01|43.4179|35.8772
04|05|0|135|1.5|16.1|90|52.1|53.9|0.00|0.01|43.4193|35.8772
04|06|0|135|2.9|16.1|90|52.1|53.8|0.00|0.01|43.4171|35.8772
04|07|0|45|1.5|16.1|90|52.3|53.7|0.00|0.01|43.4184|35.8772
04|08|0|45|0.0|16.1|90|52.4|53.7|0.00|0.01|43.4191|35.8772
04|09|0|135|1.5|16.1|90|52.5|53.6|0.00|0.01|43.4196|35.8772
04|10|0|135|1.6|16.1|90|52.6|53.6|0.00|0.01|43.4205|35.8772
04|11|0|90|2.9|16.1|90|52.5|53.5|0.00|0.01|43.4189|35.8772
04|12|0|135|2.9|16.1|90|52.6|53.4|0.00|0.01|43.4187|35.8772
04|13|0|90|2.9|16.1|90|52.7|53.4|0.00|0.01|43.4181|35.8772
04|14|0|90|2.9|16.1|90|52.8|53.3|0.00|0.01|43.418|35.8772
04|15|0|90|11.6|16.1|90|52.8|53.2|0.00|0.01|43.4163|35.8772
04|16|0|135|7.3|16.1|90|52.9|53.2|0.00|0.01|43.4149|35.8772
04|18|0|90|7.3|16.1|90|52.9|53.0|0.00|0.01|43.4161|35.8772
04|19|0|90|5.8|16.1|90|53.0|53.0|0.00|0.01|43.4149|36.3574
04|20|0|90|7.3|16.1|90|53.1|53.0|0.00|0.01|43.4183|36.3574
04|21|0|90|4.4|16.1|90|53.2|53.0|0.00|0.01|43.4165|36.3574
04|22|0|45|11.6|16.1|90|53.1|53.0|0.00|0.01|43.4164|36.3574
04|23|0|90|11.3|17.5|90|53.1|52.9|0.00|0.01|43.4139|35.4303
04|24|0|90|5.8|17.5|90|53.1|53.0|0.00|0.01|43.4158|36.3574
04|25|0|90|8.1|17.5|90|53.0|53.0|0.00|0.01|43.4148|36.3574
04|26|0|90|2.9|17.5|90|52.9|53.0|0.00|0.01|43.4142|35.8772
04|27|0|68|9.7|17.5|90|52.6|53.2|0.00|0.01|43.416|35.8772
04|28|0|45|14.5|17.5|90|52.4|53.2|0.00|0.01|43.4158|35.8772
04|29|0|90|14.5|17.5|90|52.0|53.3|0.00|0.01|43.4147|35.8772
04|32|0|113|7.3|17.5|90|51.0|53.5|0.00|0.01|43.4165|35.3887
04|33|0|135|3.2|17.5|90|51.0|53.6|0.00|0.01|43.4177|35.3887
04|35|0|180|4.8|17.5|90|51.1|53.7|0.00|0.01|43.4172|35.3887
04|36|0|90|4.8|17.5|90|51.2|53.7|0.00|0.01|43.4197|35.3887
04|38|0|90|2.9|17.5|90|51.3|53.8|0.00|0.01|43.418|35.3887
04|39|0|135|1.6|17.5|90|51.4|53.8|0.00|0.01|43.4197|35.3887
04|40|0|90|7.3|17.5|90|51.3|53.8|0.00|0.01|43.4203|35.3887
04|41|0|90|1.5|17.5|90|51.5|53.7|0.00|0.01|43.42|35.3887
04|42|0|45|1.5|17.5|90|51.6|53.7|0.00|0.01|43.4201|35.3887
04|43|0|90|2.9|17.5|90|51.7|53.6|0.00|0.01|43.4187|35.3887
04|44|0|90|4.4|17.5|90|51.7|53.6|0.00|0.01|43.4183|35.3887
04|45|0|45|4.4|17.5|90|51.9|53.6|0.00|0.01|43.4181|35.3887
04|46|0|90|5.8|17.5|90|52.0|53.6|0.00|0.01|43.417|35.8772
04|47|0|45|1.5|17.5|90|52.0|53.6|0.00|0.01|43.4173|35.8772
04|48|0|135|1.5|17.5|90|52.0|53.6|0.00|0.01|43.4166|35.8772
04|51|0|90|3.2|17.5|90|52.0|53.5|0.00|0.01|43.4147|35.8772
04|52|0|135|3.2|17.5|90|52.1|53.5|0.00|0.01|43.4155|35.8772
04|53|0|90|6.5|17.5|90|52.2|53.4|0.00|0.01|43.4167|35.8772
04|54|0|90|1.5|17.5|90|52.0|53.4|0.00|0.01|43.4156|35.8772
04|55|0|135|8.1|17.5|90|52.0|53.3|0.00|0.01|43.4139|35.8772
04|56|0|135|4.4|17.5|90|51.9|53.4|0.00|0.01|43.417|35.3887
04|57|0|90|6.4|17.5|90|51.9|53.3|0.00|0.01|43.4179|35.3887
04|58|0|90|2.9|17.5|90|51.9|53.3|0.00|0.01|43.4175|35.3887
04|59|0|45|5.8|17.5|90|52.0|53.3|0.00|0.01|43.417|35.8772
05|00|0|90|4.4|17.5|90|52.0|53.4|0.00|0.01|43.419|35.8772
05|01|0|135|1.6|17.5|90|52.4|53.4|0.00|0.01|43.4185|35.8772
05|03|0|90|0.0|17.5|90|53.5|53.4|0.00|0.01|43.4194|36.3574
05|04|0|135|5.8|17.5|90|53.0|53.5|0.00|0.01|43.419|36.3574
05|05|0|135|1.6|17.5|90|52.0|53.5|0.00|0.01|43.4222|35.8772
05|06|0|90|3.2|17.5|90|53.3|53.5|0.00|0.01|43.4211|36.3574
05|07|0|180|0.0|17.5|90|53.6|53.5|0.00|0.01|43.4211|36.3574
05|08|0|113|2.9|17.5|90|54.0|53.5|0.00|0.01|43.4208|36.8298
05|09|0|90|1.5|17.5|90|52.8|53.4|0.00|0.01|43.4207|35.8772
05|10|0|180|1.5|17.5|90|52.1|53.3|0.00|0.01|43.4199|35.8772
05|11|0|135|2.9|17.5|90|52.2|53.2|0.00|0.01|43.4215|35.8772
05|12|0|135|2.9|17.5|90|52.6|53.2|0.00|0.01|43.4235|35.8772
05|13|0|90|6.4|17.5|90|52.1|53.0|0.00|0.01|43.422|35.8772
05|14|0|45|1.6|17.5|90|52.3|52.9|0.00|0.01|43.4233|34.9521
05|15|0|135|3.2|17.5|90|52.0|52.9|0.00|0.01|43.4253|34.9521
05|16|0|90|2.9|17.5|90|51.9|52.9|0.00|0.01|43.4262|34.4657
05|18|0|180|0.0|17.5|90|52.1|52.9|0.00|0.01|43.4262|34.9521
05|19|0|90|2.9|17.5|90|52.0|52.9|0.00|0.01|43.4248|34.9521
05|20|0|135|3.2|17.5|90|51.9|52.9|0.00|0.01|43.4269|34.4657
05|21|0|135|1.5|17.5|90|52.0|52.8|0.00|0.01|43.4275|34.9521
05|22|0|90|8.7|17.5|90|51.9|52.8|0.00|0.01|43.4278|34.4657
05|23|0|90|4.4|17.5|90|51.8|52.8|0.00|0.01|43.4282|34.4657
05|24|0|90|1.6|17.5|90|51.8|52.8|0.00|0.01|43.4249|34.4657
05|25|0|90|4.4|17.5|90|51.8|52.9|0.00|0.01|43.4246|34.4657
05|26|0|90|7.3|17.5|90|51.8|52.9|0.00|0.01|43.4221|34.4657
05|27|0|135|3.2|17.5|90|51.7|53.0|0.00|0.01|43.4248|35.3887
05|28|0|90|5.8|17.5|90|51.5|53.0|0.00|0.01|43.4244|35.3887
05|29|0|135|5.8|17.5|90|51.5|53.0|0.00|0.01|43.4243|35.3887
05|31|0|113|8.7|17.5|90|51.4|53.2|0.00|0.01|43.4247|35.3887
05|32|0|90|2.9|17.5|90|51.3|53.2|0.00|0.01|43.4248|35.3887
05|33|0|90|7.3|17.5|90|51.4|53.2|0.00|0.01|43.4254|35.3887
05|34|0|90|5.8|17.5|90|51.4|53.3|0.00|0.01|43.4259|35.3887
05|35|0|135|0.0|17.5|90|51.7|53.3|0.00|0.01|43.4246|35.3887
05|36|0|135|2.9|17.5|90|51.7|53.4|0.00|0.01|43.4238|35.3887
05|38|0|135|4.4|17.5|90|51.4|53.3|0.00|0.01|43.4233|35.3887
05|39|0|90|1.5|17.5|90|51.6|53.3|0.00|0.01|43.4219|35.3887
05|40|0|90|1.6|17.5|90|51.6|53.3|0.00|0.01|43.4206|35.3887
05|41|0|90|1.5|17.5|90|51.9|53.3|0.00|0.01|43.4217|35.3887
05|42|0|135|3.2|17.5|90|51.9|53.2|0.00|0.01|43.4203|35.3887
05|43|0|90|2.9|17.5|90|51.6|53.2|0.00|0.01|43.4211|35.3887
05|44|0|90|2.9|17.5|90|51.7|53.0|0.00|0.01|43.4201|35.3887
05|46|0|135|2.9|17.5|90|51.9|52.9|0.00|0.01|43.4191|34.4657
05|47|0|90|5.8|17.5|90|52.2|52.9|0.00|0.01|43.4199|34.9521
05|48|0|90|4.4|17.5|90|52.0|52.9|0.00|0.01|43.4171|34.9521
05|49|0|113|1.6|17.5|90|52.1|52.9|0.00|0.01|43.4184|34.9521
05|50|0|90|7.3|21.8|45|52.2|52.9|0.00|0.01|43.4166|34.9521
05|51|0|135|8.7|21.8|45|52.3|52.9|0.00|0.01|43.4175|34.9521
05|53|0|135|5.8|21.8|45|52.4|52.9|0.00|0.01|43.418|34.9521
05|54|0|90|10.2|21.8|45|52.3|53.0|0.00|0.01|43.4152|35.8772
05|57|0|180|2.9|21.8|45|52.0|53.3|0.00|0.01|43.418|35.8772
05|58|0|90|17.5|21.8|45|51.9|53.3|0.00|0.01|43.4113|35.3887
05|59|0|90|2.9|21.8|45|51.8|53.4|0.00|0.01|43.4165|35.3887
06|00|0|45|14.5|21.8|45|51.8|53.4|0.00|0.01|43.4148|35.3887
06|01|0|90|5.8|21.8|45|51.8|53.4|0.00|0.01|43.4181|35.3887
06|02|0|113|7.3|21.8|45|51.8|53.5|0.00|0.01|43.4204|35.3887
06|03|0|90|9.7|21.8|45|51.5|53.5|0.00|0.01|43.4197|35.3887
06|04|0|90|5.8|21.8|45|51.5|53.6|0.00|0.01|43.4191|35.3887
06|05|0|90|4.8|21.8|45|51.5|53.6|0.00|0.01|43.4204|35.3887
06|06|0|135|5.8|21.8|45|51.6|53.6|0.00|0.01|43.4199|35.3887
06|09|0|180|1.5|21.8|45|51.4|53.8|0.00|0.01|43.421|35.3887
06|10|0|45|2.9|21.8|45|51.6|53.7|0.00|0.01|43.4188|35.3887
06|11|0|90|2.9|21.8|45|51.6|53.8|0.00|0.01|43.4201|35.3887
06|13|0|90|5.8|21.8|45|52.3|53.7|0.00|0.01|43.4199|35.8772
06|14|0|135|4.4|21.8|45|51.7|53.6|0.00|0.01|43.4207|35.3887
06|15|0|135|1.6|21.8|45|52.8|53.6|0.00|0.01|43.4211|35.8772
06|16|0|135|5.8|21.8|45|52.2|53.5|0.00|0.01|43.421|35.8772
06|18|0|90|2.9|21.8|45|52.8|53.5|0.00|0.01|43.4229|35.8772
06|19|0|45|1.5|21.8|45|53.2|53.5|0.00|0.01|43.4219|36.3574
06|20|0|90|5.8|21.8|45|53.0|53.5|0.00|0.01|43.4227|36.3574
06|21|0|180|1.5|21.8|45|52.6|53.4|0.00|0.01|43.4216|35.8772
06|22|0|90|7.3|21.8|45|52.9|53.4|0.00|0.01|43.4206|35.8772
06|23|0|90|4.8|21.8|45|52.5|53.4|0.00|0.01|43.4214|35.8772
06|24|0|45|2.9|21.8|45|52.5|53.3|0.00|0.01|43.4188|35.8772
06|25|0|45|1.5|21.8|45|52.6|53.3|0.00|0.01|43.4192|35.8772
06|27|0|135|6.4|21.8|45|52.9|53.2|0.00|0.01|43.4185|35.8772
06|28|0|135|5.8|21.8|45|52.5|53.2|0.00|0.01|43.4228|35.8772
06|30|0|135|2.9|21.8|45|53.1|53.2|0.00|0.01|43.4204|36.3574
06|31|0|90|1.5|21.8|45|53.7|53.2|0.00|0.01|43.4199|36.3574
06|33|0|45|5.8|21.8|45|53.5|53.2|0.00|0.01|43.4191|36.3574
06|35|0|45|1.5|21.8|45|53.1|53.2|0.00|0.01|43.4184|36.3574
06|36|0|45|4.4|21.8|45|53.0|53.2|0.00|0.01|43.4212|36.3574
06|37|0|135|4.8|21.8|45|52.9|53.2|0.00|0.01|43.4201|35.8772
06|38|0|90|2.9|21.8|45|53.0|53.3|0.00|0.01|43.4219|36.3574
06|39|0|90|2.9|21.8|45|53.1|53.4|0.00|0.01|43.4239|36.3574
06|40|0|180|2.9|21.8|45|52.9|53.4|0.00|0.01|43.4228|35.8772
06|41|0|225|1.6|21.8|45|52.5|53.5|0.00|0.01|43.4246|35.8772
06|42|0|90|2.9|21.8|45|52.4|53.6|0.00|0.01|43.4233|35.8772
06|43|0|90|1.6|21.8|45|52.3|53.7|0.00|0.01|43.4264|35.8772
06|44|0|90|1.5|21.8|45|52.5|53.8|0.00|0.01|43.4268|35.8772
06|45|0|180|1.5|21.8|45|52.4|54.0|0.00|0.01|43.4284|36.8022
06|46|0|90|1.5|21.8|45|52.3|54.0|0.00|0.01|43.4284|36.8022
06|48|0|45|8.7|21.8|45|51.4|54.3|0.00|0.01|43.4296|36.3116
06|49|0|135|4.4|21.8|45|51.5|54.4|0.00|0.01|43.4307|36.3116
06|50|0|135|3.2|21.8|45|51.5|54.5|0.00|0.01|43.4325|36.3116
06|52|0|68|3.2|21.8|45|50.9|54.7|0.00|0.01|43.4347|35.8125
06|54|0|45|4.8|21.8|45|50.5|54.7|0.00|0.01|43.4362|35.8125
06|55|0|90|8.1|21.8|45|50.3|54.7|0.00|0.01|43.4333|35.8125
06|56|0|135|3.2|21.8|45|50.4|55.0|0.00|0.01|43.435|36.733
06|57|0|90|5.8|21.8|45|50.0|55.0|0.00|0.01|43.4364|36.733
06|58|0|68|2.9|21.8|45|50.2|55.2|0.00|0.01|43.4378|36.733
07|00|0|90|1.5|21.8|45|49.9|55.3|0.00|0.01|43.4407|36.2228
07|01|0|135|3.2|21.8|45|50.1|55.5|0.00|0.01|43.4403|36.733
07|02|0|90|1.6|21.8|45|50.0|55.7|0.00|0.01|43.4383|36.733
07|03|0|180|3.2|21.8|45|49.8|55.8|0.00|0.01|43.4372|36.2228
07|04|0|179|2.9|21.8|45|49.3|56.0|0.00|0.01|43.4404|37.141
07|05|0|45|4.4|21.8|45|48.8|56.1|0.00|0.01|43.4387|36.6194
07|06|0|90|4.4|21.8|45|48.5|56.1|0.00|0.01|43.4415|36.6194
07|07|0|90|2.9|21.8|45|48.4|56.0|0.00|0.01|43.4408|36.6194
07|09|0|90|7.3|21.8|45|48.6|56.1|0.00|0.01|43.4435|36.6194
07|10|0|90|8.0|21.8|45|48.2|55.8|0.00|0.01|43.4396|35.7033
07|11|0|45|6.4|21.8|45|48.5|55.8|0.00|0.01|43.441|35.7033
07|12|0|90|2.9|21.8|45|48.7|56.0|0.00|0.01|43.4418|36.6194
07|13|0|90|3.2|21.8|45|48.8|56.0|0.00|0.01|43.4421|36.6194
07|15|0|135|2.9|21.8|45|49.0|56.1|0.00|0.01|43.4415|37.141
07|16|0|90|5.8|21.8|45|48.5|56.1|0.00|0.01|43.4426|36.6194
07|17|0|45|8.1|21.8|45|48.2|56.1|0.00|0.01|43.4418|36.6194
07|18|0|90|6.4|21.8|45|48.4|56.2|0.00|0.01|43.445|36.6194
07|19|0|90|4.4|21.8|45|48.2|56.3|0.00|0.01|43.4421|36.6194
07|20|0|90|6.4|21.8|45|48.3|56.4|0.00|0.01|43.4427|36.6194
07|21|0|45|2.9|21.8|45|48.0|56.5|0.00|0.01|43.4434|36.6194
07|25|0|45|2.9|21.8|45|48.0|56.9|0.00|0.01|43.4432|36.6194
07|26|0|45|1.5|21.8|45|47.5|57.0|0.00|0.01|43.4444|37.0016
07|27|0|90|8.0|21.8|45|47.0|57.1|0.00|0.01|43.4451|37.0016
07|28|0|45|1.6|21.8|45|46.5|57.1|0.00|0.01|43.4439|36.4578
07|29|0|90|5.8|21.8|45|46.5|57.2|0.00|0.01|43.4446|36.4578
07|30|0|90|4.8|21.8|45|46.5|57.3|0.00|0.01|43.4434|36.4578
07|31|0|90|4.4|21.8|45|46.5|57.3|0.00|0.01|43.4435|36.4578
07|33|0|45|4.4|21.8|45|46.5|57.7|0.00|0.01|43.4426|36.4578
07|34|0|68|5.8|21.8|45|46.1|57.8|0.00|0.01|43.4413|36.4578
07|35|0|45|2.9|21.8|45|45.9|57.9|0.00|0.01|43.4391|35.9035
07|36|0|68|2.9|21.8|45|46.6|58.1|0.00|0.01|43.4391|37.3689
07|37|0|90|5.8|21.8|45|45.5|58.0|0.00|0.01|43.4414|36.8123
07|39|0|135|5.8|21.8|45|45.7|58.1|0.00|0.01|43.4427|36.8123
07|40|0|90|8.1|21.8|45|44.9|58.2|0.00|0.01|43.439|36.2446
07|41|0|135|3.2|21.8|45|44.6|58.3|0.00|0.01|43.4378|36.2446
07|42|0|45|4.8|21.8|45|45.3|58.5|0.00|0.01|43.4392|36.8123
07|43|0|90|2.9|21.8|45|44.8|58.8|0.00|0.01|43.4404|36.2446
07|44|0|68|4.4|21.8|45|44.7|59.0|0.00|0.01|43.4427|37.1508
07|45|0|45|4.4|21.8|45|43.5|59.0|0.00|0.01|43.4443|36.5692
07|46|0|113|5.8|21.8|45|43.1|59.1|0.00|0.01|43.4442|36.5692
07|47|0|90|5.8|21.8|45|42.8|59.2|0.00|0.01|43.4445|35.9755
07|49|0|90|8.1|21.8|45|42.7|59.3|0.00|0.01|43.4448|35.9755
07|50|0|68|8.1|21.8|45|41.7|59.5|0.00|0.01|43.4451|35.3692
07|51|0|90|6.4|21.8|45|42.3|59.6|0.00|0.01|43.4446|35.9755
07|52|0|45|5.8|21.8|45|41.6|59.6|0.00|0.01|43.4469|35.3692
07|53|0|0|8.1|21.8|45|41.5|59.7|0.00|0.01|43.4482|35.3692
07|54|0|113|4.8|21.8|45|41.1|59.7|0.00|0.01|43.449|35.3692
07|56|0|225|4.4|21.8|45|41.2|60.0|0.00|0.01|43.4518|36.2677
07|57|0|90|11.6|21.8|45|40.4|60.1|0.00|0.01|43.4498|35.6456
07|58|0|90|5.8|21.8|45|39.9|60.0|0.00|0.01|43.4498|35.0096
07|59|0|90|4.4|21.8|45|40.7|60.0|0.00|0.01|43.4507|35.6456
08|00|0|135|9.7|21.8|45|40.7|59.9|0.00|0.01|43.4487|34.7497
08|01|0|113|8.7|21.8|45|40.7|59.9|0.00|0.01|43.45|34.7497
08|02|0|90|10.2|21.8|45|40.8|60.0|0.00|0.01|43.4475|35.6456
08|03|0|113|11.3|21.8|45|40.8|59.9|0.00|0.01|43.4489|34.7497
08|04|0|90|3.2|21.8|45|41.2|60.0|0.00|0.01|43.4508|36.2677
08|05|0|90|12.9|21.8|45|40.3|59.8|0.00|0.01|43.4485|34.7497
08|08|0|90|14.5|21.8|45|40.2|59.9|0.00|0.01|43.4476|34.7497
08|09|0|45|11.6|21.8|45|39.8|59.8|0.00|0.01|43.4495|34.1163
08|10|0|180|1.6|21.8|45|40.2|60.1|0.00|0.01|43.453|35.6456
08|11|0|90|5.8|21.8|45|40.4|60.3|0.00|0.01|43.4529|35.6456
08|13|0|90|10.2|21.8|45|39.8|60.5|0.00|0.01|43.4541|35.0096
08|14|0|90|5.8|21.8|45|39.3|60.5|0.00|0.01|43.4503|35.0096
08|15|0|135|3.2|21.8|45|39.5|60.7|0.00|0.01|43.4526|35.0096
08|16|0|90|2.9|21.8|45|39.3|60.9|0.00|0.01|43.4534|35.0096
08|17|0|90|4.4|21.8|45|39.8|61.1|0.00|0.01|43.4552|35.9027
08|19|0|135|5.8|21.8|45|39.1|61.5|0.00|0.01|43.4499|35.9027
08|20|0|135|3.2|21.8|45|38.9|61.6|0.00|0.01|43.4508|35.2495
08|21|0|180|3.2|21.8|45|38.3|61.7|0.00|0.01|43.4495|35.2495
08|22|0|180|2.9|21.8|45|38.0|61.9|0.00|0.01|43.4484|35.2495
08|24|0|135|5.8|21.8|45|37.9|62.0|0.00|0.01|43.4495|35.4683
08|26|0|90|7.3|21.8|45|37.2|62.0|0.00|0.01|43.4471|35.4683
08|27|0|180|6.4|21.8|45|37.2|62.2|0.00|0.01|43.4429|35.4683
08|28|0|90|4.4|21.8|45|37.2|62.3|0.00|0.01|43.443|35.4683
08|29|0|90|7.3|21.8|45|36.8|62.3|0.00|0.01|43.4426|34.7807
08|30|0|180|5.8|21.8|45|36.8|62.5|0.00|0.01|43.4423|34.7807
08|31|0|90|4.4|21.8|45|37.2|62.7|0.00|0.01|43.4461|35.4683
08|33|0|135|8.7|21.8|45|37.2|62.8|0.00|0.01|43.439|35.4683
08|34|0|135|7.3|21.8|45|35.7|62.8|0.00|0.01|43.439|34.076
08|36|0|135|4.4|21.8|45|36.1|62.9|0.00|0.01|43.4412|34.7807
08|37|0|180|2.9|21.8|45|36.3|63.2|0.00|0.01|43.4423|35.665
08|38|0|113|4.4|21.8|45|36.0|63.4|0.00|0.01|43.4422|35.665
08|39|0|90|11.6|21.8|45|36.1|63.4|0.00|0.01|43.439|35.665
08|40|0|113|4.4|21.8|45|36.2|63.5|0.00|0.01|43.443|35.665
08|42|0|90|6.4|21.8|45|35.3|63.4|0.00|0.01|43.4445|34.9574
08|43|0|45|3.2|21.8|45|35.9|63.5|0.00|0.01|43.4458|34.9574
08|46|0|90|6.5|21.8|45|36.0|63.5|0.00|0.01|43.4453|35.665
08|47|0|135|9.7|21.8|45|36.0|63.7|0.00|0.01|43.4452|35.665
08|48|0|180|2.9|21.8|45|36.1|64.0|0.00|0.01|43.4475|36.5491
08|49|0|113|5.8|21.8|45|36.3|64.1|0.00|0.01|43.445|36.5491
08|50|0|90|10.2|21.8|45|36.0|64.2|0.00|0.01|43.4476|36.5491
08|51|0|90|4.4|21.8|45|35.6|64.2|0.00|0.01|43.4467|35.8386
08|52|0|90|3.2|21.8|45|35.4|64.3|0.00|0.01|43.4445|35.8386
08|53|0|180|4.4|21.8|45|35.8|64.4|0.00|0.01|43.4427|35.8386
08|55|0|113|4.4|21.8|45|35.6|64.6|0.00|0.01|43.4445|35.8386
08|57|0|113|5.8|21.8|45|35.1|64.6|0.00|0.01|43.4427|35.8386
08|58|0|135|0.0|21.8|45|35.4|64.9|0.00|0.01|43.4416|35.8386
08|59|0|135|4.4|21.8|45|35.8|65.1|0.00|0.01|43.4414|36.7196
09|00|0|270|4.4|21.8|45|35.4|65.1|0.00|0.01|43.4429|36.7196
09|01|0|68|5.8|21.8|45|35.8|65.2|0.00|0.01|43.4415|36.7196
09|02|0|113|11.3|21.8|45|36.2|65.2|0.00|0.01|43.4452|37.433
09|03|0|90|8.1|21.8|45|35.2|65.1|0.00|0.01|43.4418|36.7196
09|04|0|135|5.8|21.8|45|35.3|65.0|0.00|0.01|43.4442|36.7196
09|05|0|180|1.6|21.8|45|35.5|65.0|0.00|0.01|43.4398|36.7196
09|07|0|135|5.8|21.8|45|35.5|65.2|0.00|0.01|43.4434|36.7196
09|08|0|180|2.9|21.8|45|35.0|65.1|0.00|0.01|43.4405|36.7196
09|09|0|90|4.4|21.8|45|34.7|65.1|0.00|0.01|43.4434|35.988
09|10|0|135|3.2|21.8|45|34.6|65.3|0.00|0.01|43.4441|35.988
09|11|0|90|2.9|21.8|45|34.4|65.5|0.00|0.01|43.4442|35.988
09|12|0|90|6.5|21.8|45|33.9|65.3|0.00|0.01|43.4452|35.2371
09|13|0|135|6.4|21.8|45|33.9|65.4|0.00|0.01|43.4451|35.2371
09|14|0|158|4.4|21.8|45|34.5|65.6|0.00|0.01|43.445|35.988
09|15|0|68|2.9|21.8|45|34.4|65.9|0.00|0.01|43.4477|35.988
09|17|0|135|8.7|21.8|45|34.3|65.9|0.00|0.01|43.4448|35.988
09|18|0|90|7.3|21.8|45|34.2|66.1|0.00|0.01|43.4489|36.8657
09|19|0|135|8.1|21.8|45|34.1|66.2|0.00|0.01|43.449|36.8657
09|20|0|180|4.4|21.8|45|33.7|66.3|0.00|0.01|43.4506|36.1117
09|21|0|180|2.9|21.8|45|35.0|66.4|0.00|0.01|43.4524|37.6003
09|22|0|90|2.9|21.8|45|35.0|66.5|0.00|0.01|43.4525|37.6003
09|23|0|45|4.4|21.8|45|34.4|66.3|0.00|0.01|43.45|36.8657
09|24|0|45|8.7|21.8|45|34.1|66.3|0.00|0.01|43.4491|36.8657
09|26|0|90|10.2|21.8|45|35.1|66.1|0.00|0.01|43.4461|37.6003
09|27|0|45|8.7|21.8|45|35.5|66.2|0.00|0.01|43.4479|37.6003
09|28|0|90|7.3|21.8|45|35.5|66.0|0.00|0.01|43.443|37.6003
09|29|0|135|4.4|21.8|45|35.1|65.9|0.00|0.01|43.4413|36.7196
09|31|0|45|8.7|21.8|45|35.3|65.8|0.00|0.01|43.4412|36.7196
09|32|0|90|8.1|21.8|45|35.5|65.6|0.00|0.01|43.4378|36.7196
09|33|0|45|6.5|21.8|45|35.0|65.8|0.00|0.01|43.4388|36.7196
09|34|0|90|4.4|21.8|45|35.8|65.9|0.00|0.01|43.4403|36.7196
09|35|0|45|4.4|21.8|45|35.3|66.2|0.00|0.01|43.4406|37.6003
09|36|0|90|4.4|21.8|45|35.0|66.2|0.00|0.01|43.4375|37.6003
09|37|0|90|4.4|21.8|45|35.7|66.4|0.00|0.01|43.4362|37.6003
09|38|0|90|3.2|21.8|45|34.7|66.5|0.00|0.01|43.4343|36.8657
09|39|0|90|10.2|21.8|45|33.2|66.3|0.00|0.01|43.4357|36.1117
09|40|0|45|16.1|21.8|45|33.2|66.0|0.00|0.01|43.4307|36.1117
09|42|0|135|8.0|21.8|45|33.3|65.6|0.00|0.01|43.4301|35.2371
09|44|0|90|10.2|21.8|45|33.5|65.6|0.00|0.01|43.4283|35.2371
09|45|0|135|5.8|21.8|45|33.4|65.6|0.00|0.01|43.4251|35.2371
09|46|0|90|9.7|21.8|45|33.2|65.8|0.00|0.01|43.4279|35.2371
09|47|0|68|7.3|21.8|45|33.8|66.1|0.00|0.01|43.4287|36.1117
09|48|0|90|8.7|21.8|45|32.9|66.2|0.00|0.01|43.4277|35.3373
09|49|0|45|7.3|21.8|45|32.9|66.5|0.00|0.01|43.4254|35.3373
09|50|0|225|5.8|21.8|45|32.1|66.8|0.00|0.01|43.424|35.3373
09|51|0|90|7.3|21.8|45|32.3|67.1|0.00|0.01|43.4249|36.2087
09|52|0|45|2.9|21.8|45|32.5|67.2|0.00|0.01|43.4246|36.2087
09|53|0|180|7.3|21.8|45|31.9|67.4|0.00|0.01|43.4286|35.4093
09|55|0|68|2.9|21.8|45|32.6|67.7|0.00|0.01|43.4267|36.2087
09|56|0|0|2.9|21.8|45|31.6|68.1|0.00|0.01|43.4223|36.2772
09|57|0|135|4.8|21.8|45|31.7|68.2|0.00|0.01|43.4217|36.2772
09|58|0|90|8.1|21.8|45|30.8|68.2|0.00|0.01|43.4173|35.4514
09|59|0|90|12.9|21.8|45|30.9|68.0|0.00|0.01|43.4157|35.4514
10|00|0|90|1.6|21.8|45|31.1|68.2|0.00|0.01|43.4167|36.2772
10|01|0|135|4.4|21.8|45|32.1|68.5|0.00|0.01|43.4144|37.0797
10|02|0|45|6.4|21.8|45|31.4|68.8|0.00|0.01|43.4136|36.2772
10|03|0|90|8.7|21.8|45|31.1|68.9|0.00|0.01|43.4144|36.2772
10|05|0|90|8.7|21.8|45|30.5|69.0|0.00|0.01|43.4116|36.3157
10|06|0|45|8.7|21.8|45|29.8|69.0|0.00|0.01|43.4087|35.4619
10|07|0|45|5.8|21.8|45|30.3|69.1|0.00|0.01|43.4099|36.3157
10|08|0|0|2.9|21.8|45|31.3|69.4|0.00|0.01|43.4057|37.1447
10|09|0|113|4.8|21.8|45|30.8|69.6|0.00|0.01|43.4101|36.3157
10|10|0|135|5.8|21.8|45|30.8|69.9|0.00|0.01|43.411|36.3157
10|11|0|90|10.2|21.8|45|29.4|70.0|0.00|0.01|43.41|36.3224
10|12|0|90|6.4|21.8|45|30.2|70.3|0.00|0.01|43.4093|37.1797
10|13|0|135|6.4|21.8|45|29.7|70.4|0.00|0.01|43.4087|36.3224
10|15|0|113|5.8|21.8|45|29.6|70.4|0.00|0.01|43.4095|36.3224
10|16|0|90|1.6|21.8|45|30.1|70.6|0.00|0.01|43.4124|37.1797
10|17|0|45|1.6|21.8|45|29.9|70.8|0.00|0.01|43.4127|36.3224
10|18|0|90|10.2|21.8|45|29.9|70.6|0.00|0.01|43.4099|36.3224
10|19|0|158|1.5|21.8|45|30.2|70.6|0.00|0.01|43.4117|37.1797
10|20|0|90|4.4|21.8|45|30.2|70.8|0.00|0.01|43.4157|37.1797
10|21|0|90|8.7|21.8|45|29.8|71.0|0.00|0.01|43.4167|37.1827
10|22|0|90|4.4|21.8|45|29.2|70.8|0.00|0.01|43.4132|36.3224
10|24|0|315|2.9|21.8|45|29.3|70.8|0.00|0.01|43.4135|36.3224
10|25|0|90|5.8|21.8|45|30.4|70.9|0.00|0.01|43.4147|37.1797
10|28|0|90|2.9|21.8|45|30.4|70.8|0.00|0.01|43.4132|37.1797
10|29|0|45|6.4|21.8|45|30.8|70.9|0.00|0.01|43.4117|37.1797
10|30|0|45|4.8|21.8|45|30.3|70.9|0.00|0.01|43.412|37.1797
10|31|0|45|3.2|21.8|45|30.5|70.9|0.00|0.01|43.41|37.1797
10|32|0|90|2.9|21.8|45|31.4|71.3|0.00|0.01|43.412|38.8791
10|33|0|135|5.8|21.8|45|29.8|71.4|0.00|0.01|43.4126|37.1827
10|34|0|90|4.8|21.8|45|29.5|71.4|0.00|0.01|43.4106|37.1827
10|35|0|45|6.4|21.8|45|29.2|71.4|0.00|0.01|43.4103|37.1827
10|36|0|90|1.6|21.8|45|30.9|71.6|0.00|0.01|43.4103|38.0434
10|40|0|0|4.4|21.8|45|31.2|72.3|0.00|0.01|43.4048|39.7459
10|41|0|45|1.5|21.8|45|30.7|72.4|0.00|0.01|43.4033|38.9069
10|42|0|45|4.4|21.8|45|29.9|72.5|0.00|0.01|43.4054|38.0428
10|43|0|0|1.5|21.8|45|30.7|72.7|0.00|0.01|43.4047|38.9069
10|44|0|45|2.9|21.8|45|30.5|73.0|0.00|0.01|43.4028|39.7701
10|47|0|45|2.9|21.8|45|32.0|73.4|0.00|0.01|43.405|41.4312
10|48|0|45|4.4|21.8|45|30.2|73.6|0.00|0.01|43.4065|39.7701
10|50|0|158|2.9|21.8|45|30.2|74.2|0.00|0.01|43.4028|40.633
10|51|0|225|1.6|21.8|45|27.7|74.4|0.00|0.01|43.4004|37.9375
10|52|0|45|1.5|21.8|45|29.8|74.8|0.00|0.01|43.4015|39.762
10|54|0|135|4.8|21.8|45|28.3|75.3|0.00|0.01|43.4029|39.7198
10|55|0|113|2.9|21.8|45|26.4|75.5|0.00|0.01|43.4038|37.8283
10|56|0|135|1.5|21.8|45|26.9|75.8|0.00|0.01|43.403|37.8283
10|57|0|90|1.5|21.8|45|27.4|76.1|0.00|0.01|43.4053|39.6413
10|59|0|45|1.5|21.8|45|26.1|76.3|0.00|0.01|43.4038|38.6763
11|00|0|135|4.4|21.8|45|26.1|76.7|0.00|0.01|43.4048|38.6763
11|01|0|113|5.8|21.8|45|25.5|76.6|0.00|0.01|43.4022|37.678
11|02|0|90|1.6|21.8|45|26.7|76.8|0.00|0.01|43.4029|38.6763
11|03|0|45|4.4|21.8|45|26.9|76.9|0.00|0.01|43.403|38.6763
11|04|0|180|7.3|21.8|45|25.7|77.1|0.00|0.01|43.4039|38.5218
11|05|0|45|2.9|21.8|45|24.0|77.2|0.00|0.01|43.4014|37.4836
11|06|0|90|1.5|21.8|45|24.9|77.7|0.00|0.01|43.3994|37.4836
11|08|0|90|2.9|21.8|45|25.4|78.5|0.00|0.01|43.3905|39.3653
11|09|0|90|1.5|21.8|45|26.1|78.8|0.00|0.01|43.3891|40.3714
11|10|0|90|1.5|21.8|45|26.2|79.1|0.00|0.01|43.3891|41.2185
11|12|0|135|1.5|21.8|45|24.6|79.6|0.00|0.01|43.391|39.1622
11|13|0|0|0.0|21.8|45|24.1|79.8|0.00|0.01|43.3891|39.1622
11|15|0|45|4.8|21.8|45|22.8|80.4|0.00|0.01|43.3913|37.779
11|16|0|113|6.4|21.8|45|23.4|80.3|0.00|0.01|43.3942|38.9114
11|17|0|0|1.5|21.8|45|24.2|80.3|0.00|0.01|43.3933|40.0011
11|18|0|90|1.5|21.8|45|25.0|80.5|0.00|0.01|43.3948|41.0514
11|19|0|270|1.5|21.8|45|24.8|80.5|0.00|0.01|43.3951|40.0011
11|20|0|45|4.8|21.8|45|25.8|80.5|0.00|0.01|43.3954|41.0514
11|21|0|68|2.9|21.8|45|26.1|80.5|0.00|0.01|43.3934|42.0654
11|22|0|135|1.5|21.8|45|26.9|80.6|0.00|0.01|43.394|42.0654
11|23|0|90|1.5|21.8|45|25.8|80.6|0.00|0.01|43.3949|41.0514
11|25|0|135|4.4|21.8|45|25.0|80.7|0.00|0.01|43.3935|41.0514
11|26|0|90|1.5|21.8|45|20.3|80.7|0.00|0.01|43.3928|35.371
11|27|0|135|3.2|21.8|45|19.9|80.7|0.00|0.01|43.393|34.0861
11|28|0|90|3.2|21.8|45|18.6|80.7|0.00|0.01|43.3898|32.74
11|29|0|90|4.4|21.8|45|20.1|80.9|0.00|0.01|43.3923|35.371
11|30|0|135|4.4|21.8|45|20.1|81.1|0.00|0.01|43.3907|36.1918
11|31|0|180|4.4|21.8|45|19.1|81.4|0.00|0.01|43.3882|34.902
11|32|0|135|4.4|21.8|45|18.4|81.6|0.00|0.01|43.3832|33.5508
11|33|0|135|5.8|21.8|45|17.7|81.6|0.00|0.01|43.3822|32.1315
11|34|0|90|1.5|21.8|45|18.0|81.7|0.00|0.01|43.3809|33.5508
11|35|0|113|4.4|21.8|45|18.6|82.0|0.00|0.01|43.378|34.3612
11|36|0|180|2.9|21.8|45|18.5|82.2|0.00|0.01|43.379|34.3612
11|37|0|135|11.3|21.8|45|18.8|82.3|0.00|0.01|43.3771|34.3612
11|38|0|135|2.9|21.8|45|17.8|82.3|0.00|0.01|43.3803|32.9366
11|39|0|135|4.4|21.8|45|17.5|82.3|0.00|0.01|43.3795|32.9366
11|41|0|180|2.9|21.8|45|18.4|82.6|0.00|0.01|43.3775|34.3612
11|42|0|135|2.9|21.8|45|17.8|82.9|0.00|0.01|43.3777|32.9366
11|43|0|180|5.8|21.8|45|17.7|83.1|0.00|0.01|43.3749|33.7413
11|44|0|225|5.8|21.8|45|16.7|83.1|0.00|0.01|43.3738|32.2349
11|45|0|45|4.4|21.8|45|16.1|83.1|0.00|0.01|43.3771|32.2349
11|46|0|135|1.5|21.8|45|16.7|83.1|0.00|0.01|43.3754|32.2349
11|47|0|158|2.9|21.8|45|16.6|83.1|0.00|0.01|43.3742|32.2349
11|48|0|90|4.4|21.8|45|16.6|83.0|0.00|0.01|43.373|32.2349
11|49|0|135|4.8|21.8|45|16.6|83.0|0.00|0.01|43.372|32.2349
11|50|0|90|4.8|21.8|45|16.3|82.9|0.00|0.01|43.3744|31.4358
11|51|0|225|2.9|21.8|45|17.1|83.0|0.00|0.01|43.3735|33.7413
11|52|0|135|4.8|21.8|45|17.9|83.2|0.00|0.01|43.3727|33.7413
11|54|0|135|6.4|21.8|45|16.1|83.1|0.00|0.01|43.3722|32.2349
11|55|0|180|7.3|21.8|45|15.3|83.0|0.00|0.01|43.3699|30.6429
11|56|0|45|3.2|21.8|45|15.2|83.0|0.00|0.01|43.3708|30.6429
11|57|0|135|2.9|21.8|45|16.3|83.2|0.00|0.01|43.3698|32.2349
11|58|0|68|2.9|21.8|45|15.7|83.3|0.00|0.01|43.369|30.6429
11|59|0|180|4.4|21.8|45|15.9|83.5|0.00|0.01|43.3666|30.6429
12|00|0|135|1.5|21.8|45|16.8|83.8|0.00|0.01|43.3649|32.2349
12|01|0|90|5.8|21.8|45|16.0|84.0|0.00|0.01|43.3648|33.0337
12|02|0|90|8.0|21.8|45|15.4|83.9|0.00|0.01|43.3664|30.6429
12|03|0|180|3.2|21.8|45|15.8|83.8|0.00|0.01|43.3646|30.6429
12|04|0|180|4.8|21.8|45|14.2|83.6|0.00|0.01|43.3617|28.9541
12|05|0|180|7.3|21.8|45|14.2|83.6|0.00|0.01|43.3603|28.9541
12|07|0|180|5.8|21.8|45|14.9|83.6|0.00|0.01|43.3638|28.9541
12|08|0|135|4.8|21.8|45|15.6|83.6|0.00|0.01|43.3629|30.6429
12|09|0|180|4.4|21.8|45|14.3|83.4|0.00|0.01|43.362|28.9541
12|10|0|158|10.2|21.8|45|14.9|83.3|0.00|0.01|43.3631|28.9541
12|11|0|135|3.2|21.8|45|14.3|83.2|0.00|0.01|43.3655|28.9541
12|12|0|315|1.5|21.8|45|15.1|83.5|0.00|0.01|43.3606|30.6429
12|13|0|90|5.8|21.8|45|14.2|83.6|0.00|0.01|43.3575|28.9541
12|14|0|113|4.4|21.8|45|13.5|83.8|0.00|0.01|43.3571|27.1548
12|15|0|180|2.9|21.8|45|14.3|83.9|0.00|0.01|43.356|28.9541
12|16|0|135|3.2|21.8|45|15.0|84.1|0.00|0.01|43.356|31.4357
12|17|0|225|1.5|21.8|45|14.6|84.1|0.00|0.01|43.3551|29.7406
12|18|0|90|3.2|21.8|45|14.6|84.4|0.00|0.01|43.3537|29.7406
12|19|0|135|4.4|21.8|45|14.1|84.4|0.00|0.01|43.3527|29.7406
12|21|0|135|7.3|21.8|45|14.5|84.5|0.00|0.01|43.3525|29.7406
12|22|0|113|2.9|21.8|45|13.8|84.4|0.00|0.01|43.3505|27.9347
12|23|0|90|7.3|21.8|45|13.8|84.5|0.00|0.01|43.352|27.9347
12|24|0|90|3.2|21.8|45|14.1|84.5|0.00|0.01|43.3523|29.7406
12|25|0|45|2.9|21.8|45|13.2|84.5|0.01|0.02|43.3511|27.9347
12|26|0|113|4.4|21.8|45|14.1|84.7|0.01|0.02|43.3505|29.7406
12|28|0|90|2.9|21.8|45|13.5|84.8|0.01|0.02|43.3508|27.9347
12|29|0|180|4.4|21.8|45|14.5|84.9|0.01|0.02|43.3492|29.7406
12|31|0|90|3.2|21.8|45|14.7|85.2|0.01|0.02|43.3493|30.5267
12|32|0|45|4.8|21.8|45|13.6|85.1|0.01|0.02|43.3568|28.7142
12|33|0|45|5.8|21.8|45|14.4|85.2|0.01|0.02|43.3479|30.5267
12|35|0|135|2.9|21.8|45|14.8|85.1|0.01|0.02|43.3495|30.5267
12|36|0|90|8.7|21.8|45|14.5|85.0|0.01|0.02|43.3501|30.5267
12|37|0|135|10.2|21.8|45|13.9|84.9|0.01|0.02|43.3467|27.9347
12|39|0|225|4.8|21.8|45|13.6|84.4|0.01|0.02|43.3433|27.9347
12|40|0|135|5.8|21.8|45|13.0|84.3|0.01|0.02|43.3364|27.9347
12|41|0|158|2.9|21.8|45|12.6|84.3|0.01|0.02|43.3377|26.0014
12|42|0|135|5.8|21.8|45|12.6|84.2|0.01|0.02|43.336|26.0014
12|43|0|180|3.2|21.8|45|14.2|84.4|0.01|0.02|43.3373|29.7406
12|44|0|135|5.8|21.8|45|14.3|84.7|0.01|0.02|43.3402|29.7406
12|45|0|225|4.4|21.8|45|14.0|84.7|0.01|0.02|43.3416|29.7406
12|46|0|180|5.8|21.8|45|13.9|85.0|0.01|0.02|43.3347|28.7142
12|47|0|203|5.8|21.8|45|13.3|85.3|0.01|0.02|43.3331|28.7142
12|49|0|180|1.5|21.8|45|12.6|85.6|0.01|0.02|43.3379|26.7738
12|51|0|225|8.7|21.8|45|17.1|85.1|0.01|0.02|43.3369|35.3498
12|52|0|270|6.5|21.8|45|17.4|85.3|0.01|0.02|43.3407|35.3498
12|53|0|270|2.9|21.8|45|17.2|85.4|0.01|0.02|43.3435|35.3498
12|54|0|180|5.8|21.8|45|16.8|85.4|0.01|0.02|43.3398|33.8321
12|55|0|315|5.8|21.8|45|15.2|85.4|0.01|0.02|43.3355|32.2282
12|56|0|203|1.5|21.8|45|15.3|85.8|0.01|0.02|43.3407|32.2282
12|57|0|225|1.6|21.8|45|12.8|85.8|0.01|0.02|43.3351|26.7738
12|58|0|0|1.5|21.8|45|12.7|85.8|0.01|0.02|43.3319|26.7738
12|59|0|270|6.4|21.8|45|15.1|85.9|0.01|0.02|43.3373|32.2282
13|00|0|270|7.3|21.8|45|14.9|85.9|0.01|0.02|43.334|30.5267
13|01|0|0|14.5|21.8|45|16.0|85.8|0.01|0.02|43.3273|33.8321
13|02|0|180|4.8|21.8|45|15.9|85.8|0.01|0.02|43.3382|32.2282
13|03|0|180|5.8|21.8|45|12.0|85.8|0.01|0.02|43.3341|26.7738
13|05|0|315|5.8|21.8|45|15.0|85.7|0.01|0.02|43.3416|32.2282
13|06|0|45|1.5|21.8|45|13.7|85.8|0.04|0.05|43.3296|28.7142
13|07|0|135|17.5|21.8|45|13.1|85.6|0.04|0.05|43.3079|28.7142
13|08|0|315|1.5|23.3|180|13.3|85.4|0.04|0.05|43.3191|28.7142
13|09|0|180|2.9|23.3|180|13.7|85.6|0.04|0.05|43.3302|28.7142
13|10|0|225|5.8|23.3|180|12.7|85.4|0.04|0.05|43.3333|26.7738
13|11|0|45|5.8|23.3|180|12.4|85.2|0.04|0.05|43.3266|26.7738
13|12|0|315|6.4|23.3|180|12.4|85.3|0.04|0.05|43.3269|26.7738
13|13|0|180|7.3|23.3|180|13.7|85.4|0.04|0.05|43.3309|28.7142
13|15|0|225|2.9|23.3|180|14.2|85.8|0.04|0.05|43.3283|30.5267
13|16|0|315|2.9|23.3|180|12.3|86.1|0.04|0.05|43.3312|27.5457
13|17|0|225|2.9|23.3|180|11.8|86.6|0.04|0.05|43.3324|25.4488
13|18|0|180|4.4|23.3|180|10.2|86.9|0.04|0.05|43.3275|23.1756
13|19|0|180|9.7|23.3|180|9.7|87.2|0.04|0.05|43.3237|21.4378
13|21|0|45|1.6|23.3|180|10.4|87.6|0.04|0.05|43.3229|23.9313
13|22|0|113|2.9|23.3|180|11.2|88.0|0.04|0.05|43.3243|26.9762
13|23|0|203|4.4|23.3|180|11.3|88.5|0.04|0.05|43.3275|26.9762
13|24|0|90|2.9|23.3|180|10.4|88.7|0.03|0.05|43.3253|24.6865
13|25|0|180|2.9|23.3|180|9.3|88.9|0.03|0.05|43.3313|22.1841
13|26|0|225|4.8|23.3|180|10.0|89.2|0.03|0.05|43.3297|25.4414
13|27|0|315|1.5|23.3|180|10.3|89.5|0.03|0.05|43.3246|25.4414
13|28|0|315|5.8|23.3|180|10.3|89.7|0.03|0.05|43.311|25.4414
13|29|0|180|4.4|23.3|180|9.4|89.7|0.03|0.05|43.3178|22.93
13|30|0|315|2.9|23.3|180|9.4|89.9|0.03|0.05|43.3094|22.93
13|31|0|225|7.3|23.3|180|9.8|90.1|0.03|0.05|43.311|23.6755
13|32|0|225|3.2|23.3|180|9.7|90.2|0.03|0.05|43.3076|23.6755
13|33|0|90|1.6|23.3|180|9.1|90.3|0.03|0.05|43.3093|23.6755
13|34|0|315|1.5|23.3|180|10.0|90.6|0.03|0.05|43.3125|26.1959
13|35|0|225|4.4|23.3|180|9.3|90.7|0.03|0.05|43.31|23.6755
13|36|0|315|1.5|23.3|180|9.3|90.8|0.03|0.05|43.3103|23.6755
13|38|0|225|4.4|23.3|180|9.7|91.0|0.03|0.05|43.3119|24.4206
13|39|0|225|7.3|23.3|180|9.6|91.0|0.04|0.07|43.3108|24.4206
13|40|0|315|1.6|23.3|180|9.2|91.1|0.04|0.07|43.3124|24.4206
13|41|0|180|2.9|23.3|180|9.6|91.1|0.04|0.07|43.3126|24.4206
13|42|0|315|10.2|23.3|180|10.3|91.1|0.05|0.08|43.3059|26.95
13|43|0|135|4.4|23.3|180|9.3|91.0|0.05|0.08|43.3079|24.4206
13|44|0|0|4.8|23.3|180|10.4|91.0|0.05|0.08|43.3043|26.95
13|45|0|315|8.7|23.3|180|9.6|90.7|0.05|0.08|43.3143|23.6755
13|46|0|315|2.9|23.3|180|9.2|90.5|0.05|0.08|43.3047|23.6755
13|48|0|270|2.9|23.3|180|10.1|90.5|0.05|0.08|43.3046|26.1959
13|49|0|315|7.3|23.3|180|10.2|90.4|0.05|0.08|43.3002|26.1959
13|50|0|180|3.2|23.3|180|9.7|90.3|0.05|0.08|43.2972|23.6755
13|52|0|315|11.3|23.3|180|11.9|90.1|0.05|0.08|43.2984|28.5021
13|53|0|270|11.3|23.3|180|15.0|89.4|0.05|0.08|43.2978|35.3943
13|54|0|270|11.6|23.3|180|15.4|88.7|0.05|0.08|43.3102|34.6033
13|56|0|315|9.7|23.3|180|17.8|87.0|0.05|0.08|43.2996|36.9568
13|57|0|315|6.4|23.3|180|16.6|86.0|0.05|0.08|43.2974|34.6301
13|58|0|315|8.7|23.3|180|19.0|85.4|0.05|0.08|43.2965|38.1623
13|59|0|315|13.1|23.3|180|19.0|84.9|0.05|0.08|43.2968|37.3477
14|00|0|315|7.3|23.3|180|17.8|84.4|0.05|0.08|43.2962|34.5457
14|01|0|270|4.4|23.3|180|17.7|84.1|0.05|0.08|43.302|34.5457
14|02|0|270|2.9|23.3|180|18.3|84.0|0.05|0.08|43.3015|35.9811
14|03|0|270|3.2|23.3|180|17.1|83.9|0.05|0.08|43.3007|33.7413
14|04|0|270|4.4|23.3|180|17.4|83.8|0.04|0.08|43.2975|33.7413
14|05|0|270|1.5|23.3|180|18.2|83.8|0.02|0.08|43.2984|35.1713
14|07|0|315|1.5|23.3|180|17.9|83.6|0.02|0.08|43.2972|33.7413
14|08|0|270|4.4|23.3|180|18.1|83.5|0.02|0.08|43.2944|35.1713
14|09|0|270|6.4|23.3|180|17.2|83.4|0.02|0.08|43.2964|33.7413
14|10|0|270|4.4|23.3|180|17.3|83.3|0.02|0.08|43.295|33.7413
14|11|0|270|5.8|23.3|180|16.3|83.3|0.02|0.08|43.2919|32.2349
14|12|0|315|4.4|23.3|180|17.5|83.2|0.02|0.08|43.2878|33.7413
14|13|0|0|4.4|23.3|180|19.2|83.3|0.02|0.08|43.2861|36.5328
14|14|0|315|8.1|23.3|180|19.0|83.2|0.02|0.08|43.2832|36.5328
14|15|0|315|2.9|23.3|180|19.2|83.4|0.02|0.08|43.2824|36.5328
14|16|0|315|7.3|23.3|180|19.9|83.6|0.02|0.08|43.2822|36.5328
14|17|0|315|11.3|23.3|180|17.4|83.6|0.02|0.08|43.279|33.7413
14|18|0|315|14.5|23.3|180|20.4|83.9|0.02|0.08|43.2762|37.8324
14|19|0|315|7.3|23.3|180|20.8|84.0|0.02|0.08|43.2806|38.6522
14|20|0|270|4.8|23.3|180|19.1|84.3|0.02|0.08|43.2761|37.3477
14|21|0|315|8.7|23.3|180|18.1|84.5|0.02|0.08|43.2762|35.9811
14|22|0|338|8.1|23.3|180|19.1|84.8|0.02|0.08|43.272|37.3477
14|24|0|315|11.6|23.3|180|20.6|85.0|0.02|0.08|43.2748|39.4717
14|25|0|315|13.1|23.3|180|18.5|85.1|0.02|0.08|43.2703|36.7905
14|26|0|270|11.6|23.3|180|17.5|84.9|0.02|0.08|43.2733|34.5457
14|27|0|315|8.7|23.3|180|15.8|84.7|0.02|0.08|43.2663|31.4357
14|28|0|270|7.3|23.3|180|17.2|84.7|0.02|0.08|43.2681|34.5457
14|29|0|0|5.8|23.3|180|16.8|84.9|0.02|0.08|43.2685|33.0337
14|30|0|315|2.9|23.3|180|15.0|85.0|0.02|0.08|43.2686|32.2282
14|31|0|315|8.1|23.3|180|17.6|85.1|0.03|0.09|43.2677|35.3498
14|32|0|315|8.7|23.3|180|19.3|85.0|0.03|0.09|43.2749|38.1623
14|35|0|315|5.8|23.3|180|16.9|85.0|0.03|0.09|43.2624|33.8321
14|36|0|315|8.7|23.3|180|18.8|85.0|0.03|0.09|43.2603|36.7905
14|37|0|45|4.8|23.3|180|16.0|85.1|0.03|0.09|43.2618|33.8321
14|38|0|0|4.4|23.3|180|13.4|85.2|0.03|0.09|43.2591|28.7142
14|39|0|0|4.8|23.3|180|16.8|85.4|0.02|0.09|43.2591|33.8321
14|40|0|315|4.4|23.3|180|16.7|85.6|0.02|0.09|43.2554|33.8321
14|41|0|0|7.3|23.3|180|17.4|85.8|0.02|0.09|43.2571|35.3498
14|42|0|0|7.3|23.3|180|17.7|85.9|0.01|0.09|43.256|35.3498
14|43|0|0|5.8|23.3|180|17.1|86.0|0.01|0.09|43.2561|36.1535
14|44|0|315|4.4|23.3|180|15.2|85.9|0.01|0.09|43.2553|32.2282
14|45|0|270|7.3|23.3|180|17.9|85.7|0.01|0.09|43.261|35.3498
14|46|0|315|3.2|23.3|180|15.6|85.4|0.01|0.09|43.267|32.2282
14|47|0|270|4.4|23.3|180|17.0|85.2|0.01|0.09|43.2583|35.3498
14|49|0|315|5.8|23.3|180|16.4|85.0|0.01|0.09|43.2608|33.8321
14|50|0|315|11.6|23.3|180|15.2|84.4|0.01|0.09|43.2539|31.4357
14|51|0|270|7.3|23.3|180|14.3|84.2|0.01|0.09|43.254|29.7406
14|54|0|315|4.8|23.3|180|14.6|83.9|0.01|0.09|43.252|28.9541
14|55|0|315|7.3|23.3|180|15.5|83.8|0.01|0.09|43.2487|30.6429
14|56|0|315|10.2|23.3|180|15.6|83.6|0.01|0.09|43.2464|30.6429
14|57|0|0|1.5|23.3|180|16.3|83.5|0.01|0.09|43.2468|32.2349
14|58|0|315|4.4|23.3|180|15.2|83.6|0.01|0.09|43.2448|30.6429
14|59|0|315|7.3|23.3|180|17.8|83.5|0.01|0.09|43.2436|33.7413
15|00|0|0|6.4|23.3|180|19.6|83.4|0.01|0.09|43.2385|36.5328
15|01|0|0|10.2|23.3|180|17.3|83.5|0.01|0.09|43.2382|33.7413
15|03|0|315|7.3|23.3|180|17.8|83.5|0.01|0.09|43.2392|33.7413
15|04|0|315|6.5|23.3|180|18.4|83.6|0.01|0.09|43.2387|35.1713
15|05|0|0|7.3|23.3|180|21.7|83.9|0.01|0.09|43.2357|39.0759
15|06|0|315|7.3|23.3|180|21.8|84.0|0.01|0.09|43.2349|39.9004
15|07|0|23|4.4|23.3|180|21.2|84.0|0.01|0.09|43.238|39.9004
15|08|0|0|5.8|23.3|180|22.4|84.1|0.01|0.09|43.2385|41.0973
15|09|0|0|5.8|23.3|180|18.9|84.0|0.01|0.09|43.2341|35.9811
15|10|0|0|11.3|23.3|180|18.2|84.0|0.01|0.09|43.2315|35.9811
15|11|0|315|5.8|23.3|180|20.6|84.1|0.01|0.09|43.2342|38.6522
15|13|0|270|4.4|23.3|180|20.1|84.4|0.01|0.09|43.2361|38.6522
15|14|0|315|7.3|23.3|180|20.4|84.7|0.01|0.09|43.2355|38.6522
15|15|0|0|8.0|23.3|180|18.3|84.9|0.01|0.09|43.2344|35.9811
15|16|0|315|6.4|23.3|180|16.1|84.8|0.01|0.09|43.2378|33.0337
15|17|0|315|4.4|23.3|180|14.7|84.7|0.01|0.09|43.2364|29.7406
15|18|0|315|4.4|23.3|180|17.2|84.8|0.01|0.09|43.2351|34.5457
15|19|0|315|10.2|23.3|180|17.8|84.7|0.01|0.09|43.2325|34.5457
15|20|0|270|5.8|23.3|180|15.4|84.4|0.01|0.09|43.234|31.4357
15|21|0|315|8.1|23.3|180|13.2|84.3|0.01|0.09|43.23|27.9347
15|22|0|0|4.4|23.3|180|14.4|84.3|0.01|0.09|43.2385|29.7406
15|23|0|315|5.8|23.3|180|17.4|84.1|0.01|0.09|43.2414|34.5457
15|24|0|0|4.8|23.3|180|16.2|84.1|0.01|0.09|43.2339|33.0337
15|25|0|315|8.7|23.3|180|18.2|84.0|0.01|0.09|43.2358|35.9811
15|27|0|315|4.4|23.3|180|15.2|83.8|0.01|0.09|43.2332|30.6429
15|28|0|315|7.3|23.3|180|17.2|83.8|0.01|0.09|43.2333|33.7413
15|29|0|315|2.9|23.3|180|17.4|83.8|0.01|0.09|43.2297|33.7413
15|31|0|270|7.3|23.3|180|17.9|83.9|0.00|0.09|43.2281|33.7413
15|32|0|0|4.8|23.3|180|17.7|84.1|0.00|0.09|43.2286|34.5457
15|33|0|0|3.2|23.3|180|18.6|84.3|0.00|0.09|43.2288|35.9811
15|34|0|315|4.8|23.3|180|17.6|84.4|0.00|0.09|43.2277|34.5457
15|35|0|315|11.3|23.3|180|20.1|84.7|0.00|0.09|43.2266|38.6522
15|36|0|0|7.3|23.3|180|18.7|84.7|0.00|0.09|43.226|35.9811
15|37|0|0|7.3|23.3|180|17.1|84.4|0.00|0.09|43.2273|34.5457
15|38|0|315|7.3|23.3|180|17.4|84.3|0.00|0.09|43.2254|34.5457
15|39|0|315|7.3|23.3|180|16.7|84.1|0.00|0.09|43.2288|33.0337
15|40|0|315|8.1|23.3|180|17.1|83.9|0.00|0.09|43.2307|33.7413
15|42|0|315|9.7|23.3|180|16.9|83.4|0.00|0.09|43.2286|32.2349
15|43|0|315|11.3|23.3|180|18.0|83.4|0.00|0.09|43.2301|35.1713
15|44|0|315|7.3|23.3|180|15.9|83.2|0.00|0.09|43.2288|30.6429
15|45|0|315|7.3|23.3|180|17.0|83.0|0.00|0.09|43.2296|33.7413
15|46|0|315|8.7|23.3|180|17.2|82.6|0.00|0.09|43.2281|32.9366
15|47|0|315|4.4|23.3|180|17.0|82.5|0.00|0.09|43.2293|32.9366
15|48|0|315|5.8|23.3|180|18.4|82.3|0.00|0.09|43.2274|34.3612
15|49|0|315|6.5|23.3|180|17.1|82.2|0.00|0.09|43.2261|32.9366
15|51|0|270|6.4|23.3|180|16.3|82.0|0.00|0.09|43.2266|31.4358
15|52|0|315|5.8|23.3|180|17.8|82.0|0.00|0.09|43.2243|32.9366
15|53|0|0|5.8|23.3|180|18.0|81.8|0.00|0.09|43.2243|33.5508
15|54|0|0|4.4|23.3|180|17.3|81.8|0.00|0.09|43.2205|32.1315
15|55|0|270|4.8|23.3|180|17.0|81.7|0.00|0.09|43.2204|32.1315
15|56|0|315|7.3|23.3|180|17.5|81.7|0.00|0.09|43.2212|32.1315
15|58|0|315|8.7|23.3|180|17.6|81.6|0.00|0.09|43.2171|32.1315
15|59|0|0|4.4|23.3|180|17.6|81.7|0.00|0.09|43.2131|32.1315
16|00|0|315|5.8|23.3|180|18.0|81.8|0.00|0.09|43.2093|33.5508
16|02|0|315|4.4|23.3|180|17.5|82.1|0.00|0.09|43.2133|32.9366
16|03|0|0|8.7|23.3|180|16.9|82.2|0.00|0.09|43.2138|31.4358
16|04|0|0|9.7|23.3|180|17.3|82.4|0.00|0.09|43.2114|32.9366
16|05|0|0|7.3|23.3|180|15.9|82.4|0.00|0.09|43.2086|29.8497
16|06|0|0|8.7|23.3|180|20.0|82.4|0.00|0.09|43.2111|37.0123
16|07|0|0|8.7|23.3|180|18.1|82.3|0.00|0.09|43.2108|34.3612
16|08|0|270|4.4|23.3|180|17.8|82.2|0.00|0.09|43.2106|32.9366
16|09|0|0|7.3|23.3|180|18.9|82.1|0.00|0.09|43.213|34.3612
16|10|0|0|8.7|23.3|180|19.0|82.1|0.00|0.09|43.2146|35.7176
16|11|0|315|4.4|23.3|180|17.2|82.1|0.00|0.09|43.2173|32.9366
16|13|0|270|4.4|23.3|180|18.2|82.0|0.00|0.09|43.2161|34.3612
16|15|0|0|5.8|23.3|180|18.3|82.0|0.00|0.09|43.2132|34.3612
16|16|0|0|5.8|23.3|180|15.9|82.0|0.00|0.09|43.2091|29.8497
16|19|0|315|5.8|23.3|180|16.8|82.5|0.00|0.09|43.2125|31.4358
16|20|0|0|4.4|23.3|180|19.8|82.7|0.00|0.09|43.211|35.7176
16|21|0|0|11.3|23.3|180|16.6|82.9|0.00|0.09|43.2075|31.4358
16|23|0|0|4.8|23.3|180|17.4|83.2|0.00|0.09|43.2092|33.7413
16|25|0|0|7.3|23.3|180|16.3|83.3|0.00|0.09|43.2106|32.2349
16|26|0|315|4.4|23.3|180|16.8|83.4|0.00|0.09|43.2133|32.2349
16|27|0|0|6.4|23.3|180|16.3|83.5|0.00|0.09|43.21|32.2349
16|28|0|0|4.8|23.3|180|15.0|83.5|0.00|0.09|43.2084|30.6429
16|29|0|45|2.9|23.3|180|15.6|83.6|0.00|0.09|43.2071|30.6429
16|30|0|0|5.8|23.3|180|16.1|83.6|0.00|0.09|43.2082|32.2349
16|31|0|315|5.8|23.3|180|16.5|83.8|0.00|0.09|43.21|32.2349
16|32|0|0|4.4|23.3|180|15.7|83.6|0.00|0.09|43.2118|30.6429
16|33|0|0|4.4|23.3|180|15.8|83.5|0.00|0.09|43.214|30.6429
16|35|0|315|5.8|23.3|180|17.6|83.4|0.00|0.09|43.2161|33.7413
16|36|0|315|7.3|23.3|180|15.8|83.2|0.01|0.10|43.2142|30.6429
16|37|0|315|5.8|23.3|180|15.7|83.1|0.01|0.10|43.2138|30.6429
16|39|0|270|1.5|23.3|180|14.6|83.1|0.01|0.10|43.2133|28.9541
16|41|0|315|7.3|23.3|180|16.6|82.7|0.01|0.10|43.2119|31.4358
16|42|0|0|3.2|23.3|180|15.0|82.7|0.01|0.10|43.2118|29.8497
16|43|0|0|4.4|23.3|180|17.9|82.9|0.01|0.10|43.2131|32.9366
16|44|0|315|4.4|23.3|180|18.0|82.9|0.01|0.10|43.2123|34.3612
16|45|0|0|4.4|23.3|180|17.1|82.9|0.01|0.10|43.2076|32.9366
16|46|0|0|7.3|23.3|180|15.5|82.9|0.01|0.10|43.2066|29.8497
16|47|0|315|4.8|23.3|180|17.4|83.0|0.01|0.10|43.2079|33.7413
16|48|0|315|4.4|23.3|180|17.7|83.0|0.01|0.10|43.207|33.7413
16|49|0|0|5.8|23.3|180|18.7|83.0|0.01|0.10|43.204|35.1713
16|50|0|315|7.3|23.3|180|16.3|83.1|0.01|0.10|43.202|32.2349
16|52|0|315|4.4|23.3|180|18.2|83.2|0.01|0.10|43.2011|35.1713
16|53|0|315|2.9|23.3|180|15.9|83.5|0.01|0.10|43.1974|30.6429
16|54|0|315|4.4|23.3|180|16.3|83.8|0.01|0.10|43.1999|32.2349
16|55|0|0|5.8|23.3|180|15.4|84.1|0.01|0.10|43.199|31.4357
16|56|0|135|1.5|23.3|180|15.6|84.4|0.01|0.10|43.199|31.4357
16|57|0|0|1.6|23.3|180|14.3|84.7|0.01|0.10|43.1975|29.7406
16|58|0|0|4.4|23.3|180|15.8|85.0|0.01|0.10|43.2004|32.2282
16|59|0|315|5.8|23.3|180|15.7|85.1|0.01|0.10|43.2008|32.2282
17|00|0|270|2.9|23.3|180|13.1|85.3|0.01|0.10|43.2013|28.7142
17|01|0|315|4.4|23.3|180|14.9|85.3|0.01|0.10|43.1983|30.5267
17|02|0|315|8.7|23.3|180|14.7|85.2|0.01|0.10|43.1997|30.5267
17|03|0|45|1.6|23.3|180|14.1|85.2|0.01|0.10|43.1971|30.5267
17|04|0|0|7.3|23.3|180|15.5|85.4|0.01|0.10|43.195|32.2282
17|05|0|315|7.3|23.3|180|16.2|85.2|0.01|0.10|43.1937|33.8321
17|07|0|315|10.2|23.3|180|16.7|85.2|0.01|0.10|43.1929|33.8321
17|08|0|315|3.2|23.3|180|14.4|85.1|0.01|0.10|43.1953|30.5267
17|09|0|315|11.6|23.3|180|15.5|85.1|0.01|0.10|43.1923|32.2282
17|10|0|315|4.8|23.3|180|15.2|85.0|0.01|0.10|43.1952|32.2282
17|11|0|315|8.1|23.3|180|15.8|84.9|0.01|0.10|43.1949|31.4357
17|12|0|315|5.8|23.3|180|16.7|84.9|0.01|0.10|43.1955|33.0337
17|13|0|0|4.4|23.3|180|17.2|85.0|0.01|0.10|43.1937|35.3498
17|14|0|315|5.8|23.3|180|16.8|85.0|0.01|0.10|43.1917|33.8321
17|15|0|315|7.3|23.3|180|17.4|85.0|0.01|0.10|43.1934|35.3498
17|16|0|315|10.2|23.3|180|17.6|84.9|0.01|0.10|43.1923|34.5457
17|17|0|315|4.8|23.3|180|14.7|84.9|0.01|0.10|43.1931|29.7406
17|18|0|315|6.5|23.3|180|15.7|84.8|0.01|0.10|43.1937|31.4357
17|19|0|315|4.8|23.3|180|14.8|84.5|0.01|0.10|43.1992|29.7406
17|21|0|0|5.8|23.3|180|17.7|84.4|0.01|0.10|43.2015|34.5457
17|22|0|0|5.8|23.3|180|16.2|84.3|0.01|0.10|43.1999|33.0337
17|23|0|315|4.4|23.3|180|16.9|84.1|0.01|0.10|43.2008|33.0337
17|24|0|0|5.8|23.3|180|16.2|84.0|0.01|0.10|43.1939|33.0337
17|25|0|45|5.8|23.3|180|15.2|83.9|0.01|0.10|43.1911|30.6429
17|27|0|0|8.7|23.3|180|15.9|83.8|0.01|0.10|43.1887|30.6429
17|28|0|0|4.4|23.3|180|16.1|83.6|0.01|0.10|43.1887|32.2349
17|29|0|315|6.5|23.3|180|15.6|83.6|0.01|0.10|43.1889|30.6429
17|30|0|315|7.3|23.3|180|16.2|83.8|0.01|0.10|43.1918|32.2349
17|31|0|0|6.5|23.3|180|15.5|83.6|0.01|0.10|43.1932|30.6429
17|32|0|0|6.4|23.3|180|16.4|83.6|0.01|0.10|43.1969|32.2349
17|33|0|315|6.4|23.3|180|16.1|83.6|0.01|0.10|43.1968|32.2349
17|34|0|0|5.8|23.3|180|15.5|83.4|0.01|0.10|43.1959|30.6429
17|35|0|0|4.4|23.3|180|16.3|83.3|0.00|0.10|43.1996|32.2349
17|38|0|315|4.4|23.3|180|16.7|83.1|0.00|0.10|43.1998|32.2349
17|39|0|315|6.4|23.3|180|17.2|82.9|0.00|0.10|43.202|32.9366
17|40|0|315|2.9|23.3|180|16.8|82.7|0.00|0.10|43.2036|31.4358
17|41|0|315|5.8|23.3|180|18.0|82.5|0.00|0.10|43.2014|34.3612
17|42|0|0|4.4|23.3|180|18.1|82.4|0.00|0.10|43.2063|34.3612
17|43|0|315|6.4|23.3|180|15.6|82.2|0.00|0.10|43.2037|29.8497
17|44|0|0|4.8|23.3|180|17.1|82.0|0.00|0.10|43.2015|32.9366
17|45|0|0|5.8|23.3|180|15.6|81.8|0.00|0.10|43.2008|29.0562
17|46|0|0|6.5|23.3|180|15.7|81.7|0.00|0.10|43.2016|29.0562
17|47|0|315|5.8|23.3|180|16.0|81.5|0.00|0.10|43.2014|30.6364
17|49|0|315|3.2|23.3|180|16.1|81.2|0.00|0.10|43.2042|30.6364
17|50|0|315|4.4|23.3|180|17.2|81.1|0.00|0.10|43.2031|32.1315
17|52|0|315|6.4|23.3|180|17.6|81.1|0.00|0.10|43.2048|32.1315
17|53|0|0|3.2|23.3|180|18.4|80.9|0.00|0.10|43.2049|32.74
17|54|0|315|5.8|23.3|180|18.3|80.9|0.00|0.10|43.2032|32.74
17|55|0|315|8.0|23.3|180|17.9|80.9|0.00|0.10|43.2046|31.326
17|56|0|0|4.4|23.3|180|17.5|80.8|0.00|0.10|43.2048|31.326
17|57|0|315|4.4|23.3|180|18.5|80.8|0.00|0.10|43.2054|32.74
17|58|0|0|8.7|23.3|180|16.9|80.7|0.00|0.10|43.202|29.8366
17|59|0|315|6.5|23.3|180|16.3|80.6|0.00|0.10|43.2014|29.8366
18|00|0|315|3.2|23.3|180|15.9|80.5|0.00|0.10|43.2012|28.2623
18|01|0|315|4.8|23.3|180|16.4|80.5|0.00|0.10|43.2014|29.8366
18|02|0|315|4.8|23.3|180|15.6|80.5|0.00|0.10|43.199|28.2623
18|04|0|315|5.8|23.3|180|15.4|80.4|0.00|0.10|43.1964|28.2623
18|05|0|315|4.8|23.3|180|15.6|80.5|0.00|0.10|43.1914|28.2623
18|06|0|315|10.2|23.3|180|16.3|80.5|0.00|0.10|43.1946|29.8366
18|07|0|315|11.3|23.3|180|15.4|80.6|0.00|0.10|43.1934|28.2623
18|08|0|0|4.8|23.3|180|17.7|80.6|0.00|0.10|43.1941|31.326
18|09|0|315|5.8|23.3|180|16.8|80.7|0.00|0.10|43.1963|29.8366
18|10|0|315|2.9|23.3|180|17.4|80.8|0.00|0.10|43.1956|31.326
18|11|0|315|4.4|23.3|180|19.4|80.8|0.00|0.10|43.1959|34.0861
18|12|0|315|4.4|23.3|180|16.6|80.8|0.00|0.10|43.1962|29.8366
18|13|0|338|3.2|23.3|180|17.8|80.8|0.00|0.10|43.1956|31.326
18|14|0|0|4.4|23.3|180|17.0|80.8|0.00|0.10|43.195|31.326
18|15|0|0|2.9|23.3|180|18.6|80.8|0.00|0.10|43.1968|32.74
18|16|0|0|2.9|23.3|180|19.5|80.8|0.00|0.10|43.1962|34.0861
18|18|0|315|2.9|23.3|180|19.1|80.8|0.00|0.10|43.1943|34.0861
18|19|0|315|2.9|23.3|180|18.1|80.7|0.00|0.10|43.1958|32.74
18|20|0|315|3.2|23.3|180|17.0|80.6|0.00|0.10|43.1947|31.326
18|21|0|0|2.9|23.3|180|18.6|80.6|0.00|0.10|43.1937|32.74
18|22|0|315|3.2|23.3|180|19.1|80.6|0.00|0.10|43.1925|34.0861
18|23|0|315|2.9|23.3|180|18.6|80.6|0.00|0.10|43.1916|32.74
18|24|0|0|4.8|23.3|180|16.9|80.5|0.00|0.10|43.1902|29.8366
18|25|0|338|2.9|23.3|180|17.0|80.4|0.00|0.10|43.1905|31.326
18|26|0|315|2.9|23.3|180|18.4|80.5|0.00|0.10|43.1912|32.74
18|27|0|315|2.9|23.3|180|19.1|80.5|0.00|0.10|43.1927|34.0861
18|28|0|270|4.4|23.3|180|18.8|80.4|0.00|0.10|43.1911|32.74
18|29|0|270|1.6|23.3|180|17.4|80.4|0.00|0.10|43.1918|31.326
18|31|0|270|4.8|23.3|180|16.3|80.4|0.00|0.10|43.1935|29.8366
18|32|0|225|4.4|23.3|180|15.6|80.4|0.00|0.10|43.1934|28.2623
18|33|0|315|4.4|23.3|180|15.9|80.4|0.00|0.10|43.1955|28.2623
18|34|0|270|1.5|23.3|180|15.4|80.5|0.00|0.10|43.1948|28.2623
18|35|0|315|2.9|23.3|180|15.2|80.5|0.00|0.10|43.1935|28.2623
18|36|0|315|2.9|23.3|180|15.1|80.5|0.00|0.10|43.191|28.2623
18|38|0|0|2.9|23.3|180|19.2|80.7|0.00|0.10|43.1896|34.0861
18|39|0|315|2.9|23.3|180|20.1|80.7|0.00|0.10|43.1884|35.371
18|40|0|315|3.2|23.3|180|18.9|80.7|0.00|0.10|43.1864|32.74
18|41|0|315|4.4|23.3|180|20.6|80.7|0.00|0.10|43.1839|35.371
18|42|0|0|1.5|23.3|180|18.1|80.6|0.00|0.10|43.1812|32.74
18|45|0|0|1.6|23.3|180|20.9|80.6|0.00|0.10|43.1798|35.371
18|46|0|45|2.9|23.3|180|21.0|80.6|0.00|0.10|43.1782|36.6003
18|47|0|0|1.6|23.3|180|16.6|80.7|0.00|0.10|43.176|29.8366
18|48|0|0|1.5|23.3|180|17.3|80.8|0.00|0.10|43.1738|31.326
18|49|0|0|0.0|23.3|180|17.0|80.9|0.00|0.10|43.1709|31.326
18|50|0|0|1.5|23.3|180|16.7|81.2|0.00|0.10|43.173|30.6364
18|51|0|0|0.0|23.3|180|17.0|81.4|0.00|0.10|43.1745|32.1315
18|52|0|45|1.5|23.3|180|17.0|81.6|0.00|0.10|43.1785|32.1315
18|53|0|45|0.0|23.3|180|16.9|81.7|0.00|0.10|43.1788|30.6364
18|54|0|45|1.5|23.3|180|15.8|82.0|0.00|0.10|43.1786|29.8497
18|55|0|0|1.6|23.3|180|13.8|82.2|0.00|0.10|43.1762|26.3746
18|57|0|225|0.0|23.3|180|13.9|82.4|0.00|0.10|43.1804|26.3746
18|58|0|180|1.6|23.3|180|14.2|82.6|0.00|0.10|43.1784|28.1672
18|59|0|315|1.5|23.3|180|14.9|82.9|0.00|0.10|43.1794|28.1672
19|01|0|0|4.4|23.3|180|15.3|83.3|0.00|0.10|43.1798|30.6429
19|02|0|23|2.9|23.3|180|16.0|83.4|0.00|0.10|43.1824|32.2349
19|03|0|0|2.9|23.3|180|17.0|83.4|0.00|0.10|43.1836|33.7413
19|04|0|315|2.9|23.3|180|15.6|83.2|0.00|0.10|43.1836|30.6429
19|05|0|0|2.9|23.3|180|15.0|83.0|0.00|0.10|43.1829|30.6429
19|06|0|315|5.8|23.3|180|18.5|82.7|0.00|0.10|43.1832|34.3612
19|07|0|0|1.6|23.3|180|18.1|82.5|0.00|0.10|43.183|34.3612
19|08|0|315|2.9|23.3|180|19.6|82.3|0.00|0.10|43.1832|35.7176
19|10|0|315|2.9|23.3|180|18.7|82.1|0.00|0.10|43.1854|34.3612
19|11|0|0|1.6|23.3|180|17.7|81.6|0.00|0.10|43.1822|32.1315
19|12|0|315|3.2|23.3|180|18.5|81.5|0.00|0.10|43.1815|33.5508
19|13|0|315|3.2|23.3|180|18.7|81.3|0.00|0.10|43.182|33.5508
19|14|0|0|3.2|23.3|180|18.0|81.2|0.00|0.10|43.1789|33.5508
19|15|0|315|3.2|23.3|180|17.2|80.9|0.00|0.10|43.1825|31.326
19|16|0|315|1.5|23.3|180|18.7|80.8|0.00|0.10|43.1862|32.74
19|17|0|315|1.5|23.3|180|18.8|80.8|0.00|0.10|43.1871|32.74
19|18|0|270|1.5|23.3|180|17.8|80.7|0.00|0.10|43.1904|31.326
19|19|0|270|1.5|23.3|180|16.0|80.6|0.00|0.10|43.1917|29.8366
19|20|0|315|1.5|23.3|180|15.9|80.6|0.00|0.10|43.192|28.2623
19|21|0|270|1.5|23.3|180|16.6|80.6|0.00|0.10|43.1959|29.8366
19|23|0|315|3.2|23.3|180|16.4|80.6|0.00|0.10|43.1962|29.8366
19|24|0|315|2.9|23.3|180|16.5|80.6|0.00|0.10|43.2003|29.8366
19|25|0|315|2.9|23.3|180|16.7|80.6|0.00|0.10|43.2011|29.8366
19|26|0|270|3.2|23.3|180|18.2|80.6|0.00|0.10|43.2011|32.74
19|27|0|315|2.9|23.3|180|16.7|80.5|0.00|0.10|43.2018|29.8366
19|28|0|315|5.8|23.3|180|16.2|80.5|0.00|0.10|43.2031|29.8366
19|29|0|270|1.5|23.3|180|17.4|80.4|0.00|0.10|43.2062|31.326
19|30|0|315|2.9|23.3|180|17.6|80.4|0.00|0.10|43.2078|31.326
19|31|0|315|5.8|23.3|180|16.5|80.3|0.00|0.10|43.2082|29.8366
19|32|0|315|4.4|23.3|180|15.9|79.9|0.00|0.10|43.2083|27.4681
19|33|0|315|4.4|23.3|180|16.3|79.8|0.00|0.10|43.2081|29.0364
19|34|0|315|4.4|23.3|180|15.9|79.6|0.00|0.10|43.2072|27.4681
19|36|0|0|2.9|23.3|180|17.6|79.5|0.00|0.10|43.2058|30.5203
19|37|0|270|4.4|23.3|180|19.7|79.5|0.00|0.10|43.2075|33.2698
19|38|0|315|4.8|23.3|180|18.0|79.3|0.00|0.10|43.2081|31.9288
19|39|0|315|4.4|23.3|180|17.5|79.1|0.00|0.10|43.2087|30.5203
19|40|0|0|1.6|23.3|180|16.8|79.0|0.00|0.10|43.2097|29.0364
19|41|0|0|3.2|23.3|180|18.0|78.9|0.00|0.10|43.2093|31.1174
19|42|0|315|2.9|23.3|180|18.2|78.8|0.00|0.10|43.2102|31.1174
19|43|0|315|1.5|23.3|180|18.1|78.6|0.00|0.10|43.2083|31.1174
19|44|0|315|3.2|23.3|180|19.6|78.6|0.00|0.10|43.2115|32.4533
19|45|0|315|3.2|23.3|180|19.4|78.5|0.00|0.10|43.2119|32.4533
19|46|0|315|2.9|23.3|180|18.9|78.5|0.00|0.10|43.2155|31.1174
19|47|0|315|1.6|23.3|180|20.2|78.2|0.00|0.10|43.2154|33.7284
19|48|0|270|1.5|23.3|180|20.4|78.2|0.00|0.10|43.2216|33.7284
19|49|0|270|2.9|23.3|180|19.0|78.0|0.00|0.10|43.222|32.4533
19|50|0|225|0.0|23.3|180|18.5|77.9|0.00|0.10|43.2249|30.3056
19|52|0|315|1.6|23.3|180|18.2|77.8|0.00|0.10|43.2263|30.3056
19|53|0|270|3.2|23.3|180|18.6|77.8|0.00|0.10|43.2269|30.3056
19|54|0|270|1.5|23.3|180|17.6|77.8|0.00|0.10|43.2277|28.9077
19|55|0|180|1.5|23.3|180|16.9|77.8|0.00|0.10|43.2282|27.435
19|56|0|180|1.5|23.3|180|16.5|77.7|0.00|0.10|43.2267|27.435
19|57|0|270|1.6|23.3|180|16.2|77.8|0.00|0.10|43.2256|27.435
19|58|0|338|4.8|23.3|180|17.0|77.7|0.00|0.10|43.225|28.9077
19|59|0|248|4.8|23.3|180|16.3|77.7|0.00|0.10|43.2232|27.435
20|00|0|270|3.2|23.3|180|15.4|77.7|0.00|0.10|43.2242|25.8784
20|01|0|315|1.6|1.6|315|15.2|77.8|0.00|0.00|43.2262|25.8784
20|02|0|315|2.9|4.4|315|16.1|77.8|0.00|0.00|43.2256|27.435
20|03|0|315|4.4|6.4|315|17.4|77.8|0.00|0.00|43.226|28.9077
20|04|0|225|1.5|6.4|315|17.3|77.8|0.00|0.00|43.2239|28.9077
20|05|0|315|2.9|6.4|315|17.1|77.8|0.00|0.00|43.2251|28.9077
20|07|0|315|2.9|6.4|315|17.1|77.7|0.00|0.00|43.2252|28.9077
20|08|0|270|1.5|6.4|315|17.4|77.7|0.00|0.00|43.2266|28.9077
20|09|0|270|3.2|6.4|315|16.5|77.7|0.00|0.00|43.2256|27.435
20|10|0|315|1.5|6.4|315|16.4|77.6|0.00|0.00|43.225|27.435
20|11|0|179|2.9|6.4|315|16.1|77.5|0.00|0.00|43.2239|27.435
20|12|0|0|3.2|6.4|315|16.5|77.5|0.00|0.00|43.2228|27.435
20|13|0|270|1.5|6.4|315|16.3|77.5|0.00|0.00|43.2239|27.435
20|14|0|315|0.0|6.4|315|16.2|77.3|0.00|0.00|43.2221|27.435
20|15|0|315|2.9|6.4|315|16.6|77.3|0.00|0.00|43.2241|27.435
20|16|0|270|2.9|6.4|315|16.0|77.3|0.00|0.00|43.223|27.435
20|17|0|270|1.5|6.4|315|16.3|77.3|0.00|0.00|43.2248|27.435
20|18|0|270|1.5|6.4|315|16.1|77.3|0.00|0.00|43.226|27.435
20|19|0|270|2.9|6.4|315|16.4|77.3|0.00|0.00|43.2262|27.435
20|21|0|225|3.2|6.4|315|16.2|77.3|0.00|0.00|43.2276|27.435
20|22|0|270|1.6|6.4|315|16.2|77.3|0.00|0.00|43.2266|27.435
20|23|0|270|1.6|6.4|315|16.2|77.3|0.00|0.00|43.2257|27.435
20|24|0|180|0.0|6.4|315|16.5|77.3|0.00|0.00|43.2267|27.435
20|25|0|270|0.0|6.4|315|16.6|77.2|0.00|0.00|43.2263|27.435
20|26|0|270|0.0|6.4|315|16.4|77.2|0.00|0.00|43.2265|27.435
20|28|0|270|1.5|6.4|315|15.6|77.2|0.00|0.00|43.2251|25.8784
20|29|0|270|1.5|6.4|315|15.5|77.2|0.00|0.00|43.2273|25.8784
20|30|0|225|1.6|6.4|315|15.5|77.2|0.00|0.00|43.229|25.8784
20|31|0|270|1.5|6.4|315|15.3|77.2|0.00|0.00|43.2301|25.8784
20|32|0|180|0.0|6.4|315|15.4|77.2|0.00|0.00|43.2301|25.8784
20|33|0|180|1.5|6.4|315|16.1|77.2|0.00|0.00|43.2314|27.435
20|35|0|180|1.6|6.4|315|17.2|77.2|0.00|0.00|43.2338|28.9077
20|36|0|180|0.0|6.4|315|17.6|77.2|0.00|0.00|43.2333|28.9077
20|37|0|270|1.5|6.4|315|17.3|77.2|0.00|0.00|43.2342|28.9077
20|38|0|315|2.9|6.4|315|16.4|77.1|0.00|0.00|43.2283|27.435
20|39|0|270|7.3|12.9|248|15.9|76.9|0.00|0.00|43.2232|25.0831
20|41|0|315|4.4|12.9|248|15.7|76.8|0.00|0.00|43.2236|25.0831
20|42|0|315|1.5|12.9|248|14.7|76.8|0.00|0.00|43.2234|23.438
20|43|0|225|4.8|12.9|248|14.3|76.9|0.00|0.00|43.2266|23.438
20|44|0|135|2.9|12.9|248|14.5|76.9|0.00|0.00|43.229|23.438
20|45|0|225|4.4|12.9|248|15.0|77.0|0.00|0.00|43.2312|25.8784
20|46|0|0|4.4|12.9|248|15.0|77.1|0.01|0.01|43.2329|25.8784
20|47|0|270|1.5|12.9|248|15.2|77.1|0.01|0.01|43.236|25.8784
20|49|0|0|3.2|12.9|248|15.1|77.1|0.01|0.01|43.2352|25.8784
20|50|0|225|1.5|12.9|248|15.3|77.1|0.01|0.01|43.2363|25.8784
20|51|0|270|4.8|12.9|248|15.6|77.1|0.01|0.01|43.2353|25.8784
20|52|0|180|0.0|12.9|248|15.8|77.1|0.01|0.01|43.2382|25.8784
20|53|0|225|1.5|12.9|248|16.2|77.1|0.01|0.01|43.2385|27.435
20|55|0|180|1.5|12.9|248|17.2|77.0|0.01|0.01|43.24|28.9077
20|56|0|180|3.2|12.9|248|17.1|76.9|0.01|0.01|43.2407|28.1008
20|57|0|135|2.9|12.9|248|16.9|76.8|0.01|0.01|43.2423|26.6337
20|58|0|135|1.5|12.9|248|17.1|76.6|0.01|0.01|43.2425|28.1008
20|59|0|225|2.9|12.9|248|17.3|76.4|0.01|0.01|43.2452|28.1008
21|00|0|135|1.5|12.9|248|16.8|76.2|0.01|0.01|43.2441|26.6337
21|01|0|225|2.9|12.9|248|16.6|76.1|0.01|0.01|43.2434|26.6337
21|02|0|158|1.6|12.9|248|16.6|76.0|0.01|0.01|43.2451|26.6337
21|04|0|135|1.5|12.9|248|17.1|75.9|0.01|0.01|43.2464|27.2936
21|05|0|135|1.5|12.9|248|17.4|75.9|0.01|0.01|43.2503|27.2936
21|06|0|135|2.9|12.9|248|18.4|75.8|0.01|0.01|43.2547|28.6809
21|07|0|135|4.4|12.9|248|17.5|75.7|0.01|0.01|43.2608|27.2936
21|08|0|135|2.9|12.9|248|16.7|75.5|0.01|0.01|43.2641|25.8321
21|10|0|180|2.9|12.9|248|16.7|75.4|0.01|0.01|43.2654|25.8321
21|11|0|135|7.3|12.9|248|17.2|75.3|0.01|0.01|43.2677|27.2936
21|12|0|135|1.5|12.9|248|17.5|75.3|0.01|0.01|43.2701|27.2936
21|13|0|158|6.4|12.9|248|17.8|75.2|0.01|0.01|43.2694|27.2936
21|15|0|180|2.9|12.9|248|18.2|75.1|0.01|0.01|43.2743|28.6809
21|16|0|135|4.4|12.9|248|18.6|75.1|0.01|0.01|43.2759|28.6809
21|17|0|135|6.4|12.9|248|19.0|75.0|0.01|0.01|43.2773|30.0016
21|18|0|135|2.9|12.9|248|19.3|75.0|0.01|0.01|43.2805|30.0016
21|20|0|90|4.8|12.9|248|19.9|74.9|0.01|0.01|43.2781|29.1837
21|21|0|135|5.8|12.9|248|20.1|74.9|0.01|0.01|43.2783|30.4393
21|22|0|180|9.7|12.9|248|20.3|74.9|0.01|0.01|43.2794|30.4393
21|23|0|135|2.9|12.9|248|20.5|74.9|0.01|0.01|43.2802|30.4393
21|24|0|135|2.9|12.9|248|20.4|75.0|0.01|0.01|43.2812|31.2621
21|25|0|135|4.8|12.9|248|20.5|75.0|0.01|0.01|43.2817|31.2621
21|26|0|135|10.2|12.9|248|20.7|75.0|0.01|0.01|43.2809|31.2621
21|27|0|135|7.3|12.9|248|20.7|75.0|0.01|0.01|43.2832|31.2621
21|28|0|180|5.8|14.5|180|20.8|75.1|0.01|0.01|43.2859|31.2621
21|30|0|135|5.8|18.9|135|20.8|75.1|0.01|0.01|43.2855|31.2621
21|31|0|135|7.3|18.9|135|21.0|75.2|0.01|0.01|43.2877|32.468
21|32|0|180|4.4|18.9|135|21.1|75.3|0.01|0.01|43.2868|32.468
21|34|0|135|7.3|18.9|135|20.9|75.5|0.01|0.01|43.2862|31.2621
21|35|0|203|7.3|18.9|135|20.9|75.5|0.01|0.01|43.2847|31.2621
21|36|0|135|8.0|18.9|135|20.9|75.7|0.01|0.01|43.2857|31.2621
21|37|0|135|7.3|18.9|135|21.0|75.7|0.01|0.01|43.2864|32.468
21|38|0|135|7.3|18.9|135|21.0|75.8|0.01|0.01|43.2895|32.468
21|39|0|135|7.3|18.9|135|20.9|75.8|0.01|0.01|43.2894|31.2621
21|40|0|225|4.8|18.9|135|20.8|75.8|0.01|0.01|43.2909|31.2621
21|41|0|135|4.4|18.9|135|20.9|75.9|0.01|0.01|43.2888|31.2621
21|42|0|180|5.8|18.9|135|20.8|75.9|0.01|0.01|43.29|31.2621
21|44|0|180|5.8|18.9|135|20.8|75.8|0.01|0.01|43.2934|31.2621
21|45|0|113|8.1|18.9|135|20.8|75.7|0.01|0.01|43.2927|31.2621
21|46|0|135|7.3|18.9|135|20.8|75.7|0.00|0.01|43.2976|31.2621
21|47|0|180|8.7|18.9|135|20.9|75.7|0.00|0.01|43.2968|31.2621
21|48|0|135|2.9|18.9|135|20.9|75.7|0.00|0.01|43.3012|31.2621
21|49|0|180|4.4|18.9|135|21.1|75.5|0.00|0.01|43.2997|32.468
21|50|0|180|4.4|18.9|135|21.2|75.5|0.00|0.01|43.2995|32.468
21|51|0|135|7.3|18.9|135|21.2|75.4|0.00|0.01|43.3029|32.468
21|52|0|135|4.4|18.9|135|21.1|75.3|0.00|0.01|43.3025|32.468
21|53|0|135|4.4|18.9|135|21.2|75.3|0.00|0.01|43.3025|32.468
21|54|0|135|7.3|18.9|135|21.2|75.3|0.00|0.01|43.3025|32.468
21|56|0|180|5.8|18.9|135|21.2|75.2|0.00|0.01|43.3017|32.468
21|57|0|158|4.4|18.9|135|21.4|75.2|0.00|0.01|43.3047|32.468
21|58|0|180|5.8|18.9|135|21.4|75.2|0.00|0.01|43.3041|32.468
21|59|0|135|7.3|18.9|135|21.3|75.1|0.00|0.01|43.3027|32.468
22|00|0|135|8.0|18.9|135|21.3|75.1|0.00|0.01|43.302|32.468
22|01|0|135|10.2|18.9|135|21.3|75.0|0.00|0.01|43.3031|32.468
22|02|0|135|4.8|18.9|135|21.5|75.0|0.00|0.01|43.3035|32.468
22|04|0|180|2.9|18.9|135|21.7|75.0|0.00|0.01|43.3056|32.468
22|05|0|158|5.8|18.9|135|21.6|74.9|0.00|0.01|43.3082|31.6406
22|06|0|180|8.7|18.9|135|21.7|74.9|0.00|0.01|43.3052|31.6406
22|07|0|135|5.8|18.9|135|21.9|74.9|0.00|0.01|43.3071|31.6406
22|08|0|113|1.5|18.9|135|22.2|74.9|0.00|0.01|43.31|32.7924
22|10|0|135|1.5|18.9|135|22.3|74.8|0.00|0.01|43.3093|32.7924
22|11|0|180|2.9|18.9|135|22.1|74.8|0.00|0.01|43.3123|32.7924
22|12|0|180|4.8|18.9|135|22.6|74.6|0.00|0.01|43.3087|32.7924
22|13|0|180|2.9|18.9|135|23.0|74.5|0.00|0.01|43.3108|33.8987
22|14|0|135|4.8|18.9|135|23.2|74.4|0.00|0.01|43.3102|33.8987
22|15|0|135|4.4|18.9|135|23.2|74.3|0.00|0.01|43.3097|33.8987
22|16|0|135|1.6|18.9|135|23.4|74.2|0.00|0.01|43.3092|33.8987
22|17|0|135|4.4|18.9|135|23.8|74.1|0.00|0.01|43.3066|33.8987
22|20|0|180|4.4|18.9|135|23.2|73.9|0.00|0.01|43.3077|33.0622
22|21|0|180|2.9|18.9|135|23.5|73.7|0.00|0.01|43.3086|33.0622
22|22|0|180|1.5|18.9|135|23.5|73.6|0.00|0.01|43.3071|33.0622
22|23|0|158|1.6|18.9|135|23.5|73.5|0.00|0.01|43.3072|33.0622
22|24|0|135|3.2|18.9|135|23.6|73.4|0.00|0.01|43.3062|33.0622
22|25|0|180|4.4|18.9|135|23.4|73.3|0.00|0.01|43.3055|33.0622
22|27|0|135|4.8|18.9|135|23.5|73.1|0.00|0.01|43.3054|33.0622
22|28|0|180|2.9|18.9|135|23.6|73.1|0.00|0.01|43.3067|33.0622
22|29|0|180|4.4|18.9|135|23.5|73.0|0.00|0.01|43.307|33.0622
22|31|0|180|1.6|18.9|135|23.6|73.0|0.00|0.01|43.3089|33.0622
22|32|0|180|8.7|18.9|135|23.5|72.8|0.00|0.01|43.3067|32.2254
22|33|0|180|1.5|18.9|135|23.7|72.8|0.00|0.01|43.3053|32.2254
22|34|0|180|4.4|18.9|135|23.6|72.7|0.00|0.01|43.3062|32.2254
22|35|0|180|2.9|18.9|135|23.6|72.7|0.00|0.01|43.3071|32.2254
22|36|0|90|3.2|18.9|135|23.5|72.7|0.00|0.01|43.3059|32.2254
22|37|0|180|8.7|18.9|135|23.4|72.6|0.00|0.01|43.3034|32.2254
22|38|0|180|5.8|18.9|135|23.4|72.6|0.00|0.01|43.3053|32.2254
22|39|0|180|5.8|18.9|135|23.5|72.5|0.00|0.01|43.3052|32.2254
22|41|0|180|4.4|18.9|135|23.6|72.5|0.00|0.01|43.3064|32.2254
22|42|0|180|11.6|18.9|135|23.6|72.4|0.00|0.01|43.3029|32.2254
22|43|0|135|4.4|18.9|135|23.6|72.4|0.00|0.01|43.3059|32.2254
22|44|0|180|10.2|18.9|135|23.6|72.4|0.00|0.01|43.3022|32.2254
22|45|0|180|8.7|18.9|135|23.7|72.4|0.00|0.01|43.3029|32.2254
22|46|0|180|11.3|18.9|135|23.8|72.4|0.00|0.01|43.3015|32.2254
22|47|0|180|5.8|18.9|135|23.7|72.4|0.00|0.01|43.3041|32.2254
22|48|0|135|5.8|18.9|135|23.8|72.4|0.00|0.01|43.3038|32.2254
22|49|0|135|4.8|18.9|135|23.8|72.4|0.00|0.01|43.3037|32.2254
22|50|0|135|5.8|18.9|135|23.7|72.4|0.00|0.01|43.3031|32.2254
22|51|0|158|2.9|18.9|135|23.9|72.5|0.00|0.01|43.3037|32.2254
22|53|0|180|5.8|18.9|135|23.9|72.5|0.00|0.01|43.3028|32.2254
22|54|0|180|5.8|18.9|135|23.8|72.5|0.00|0.01|43.3036|32.2254
22|55|0|180|5.8|18.9|135|23.7|72.5|0.00|0.01|43.3019|32.2254
22|56|0|158|4.8|18.9|135|23.8|72.5|0.00|0.01|43.3025|32.2254
22|57|0|180|7.3|18.9|135|23.7|72.4|0.00|0.01|43.3012|32.2254
22|58|0|180|4.4|18.9|135|23.7|72.4|0.00|0.01|43.3045|32.2254
22|59|0|180|4.4|18.9|135|23.8|72.4|0.00|0.01|43.3035|32.2254
23|00|0|180|7.3|18.9|135|23.8|72.3|0.00|0.01|43.3054|32.2254
23|01|0|135|8.7|18.9|135|24.0|72.2|0.00|0.01|43.3047|33.2818
23|02|0|180|6.5|18.9|135|24.0|72.2|0.00|0.01|43.3069|33.2818
23|04|0|135|4.8|18.9|135|24.1|72.2|0.00|0.01|43.3074|33.2818
23|05|0|135|2.9|18.9|135|24.2|72.1|0.00|0.01|43.306|33.2818
23|06|0|180|7.3|18.9|135|24.3|72.1|0.00|0.01|43.3062|33.2818
23|08|0|180|7.3|18.9|135|24.6|71.9|0.00|0.01|43.305|32.4405
23|09|0|180|8.7|18.9|135|24.6|71.8|0.00|0.01|43.3035|32.4405
23|10|0|135|5.8|18.9|135|24.7|71.9|0.00|0.01|43.3038|32.4405
23|11|0|180|5.8|18.9|135|24.8|71.8|0.00|0.01|43.3035|32.4405
23|12|0|180|4.4|18.9|135|24.9|71.8|0.00|0.01|43.3044|32.4405
23|13|0|135|3.2|18.9|135|25.0|71.8|0.00|0.01|43.3041|33.4547
23|15|0|225|4.4|18.9|135|25.0|71.7|0.00|0.01|43.304|33.4547
23|16|0|180|4.4|18.9|135|25.2|71.7|0.00|0.01|43.3034|33.4547
23|17|0|135|10.2|18.9|135|25.2|71.7|0.00|0.01|43.3008|33.4547
23|18|0|180|8.1|18.9|135|25.4|71.6|0.00|0.01|43.3011|33.4547
23|19|0|135|2.9|18.9|135|25.5|71.6|0.00|0.01|43.3012|33.4547
23|20|0|180|3.2|18.9|135|25.4|71.6|0.00|0.01|43.3017|33.4547
23|21|0|180|5.8|18.9|135|25.5|71.6|0.00|0.01|43.3015|33.4547
23|22|0|180|4.4|18.9|135|25.5|71.5|0.00|0.01|43.3012|33.4547
23|23|0|158|7.3|18.9|135|25.5|71.5|0.00|0.01|43.3019|33.4547
23|25|0|158|8.1|18.9|135|25.7|71.5|0.00|0.01|43.3022|33.4547
23|26|0|180|4.8|18.9|135|25.7|71.5|0.00|0.01|43.301|33.4547
23|27|0|135|8.7|18.9|135|25.8|71.5|0.00|0.01|43.3038|33.4547
23|28|0|135|7.3|18.9|135|25.8|71.4|0.00|0.01|43.3006|33.4547
23|29|0|180|4.4|18.9|135|25.9|71.4|0.00|0.01|43.303|33.4547
23|30|0|135|4.4|18.9|135|25.9|71.4|0.00|0.01|43.3021|33.4547
23|31|0|180|9.7|18.9|135|25.9|71.4|0.00|0.01|43.3025|33.4547
23|32|0|135|7.3|18.9|135|26.1|71.4|0.00|0.01|43.3039|34.4336
23|33|0|158|8.7|18.9|135|26.0|71.5|0.00|0.01|43.3037|34.4336
23|34|0|158|5.8|18.9|135|26.0|71.4|0.00|0.01|43.3028|34.4336
23|35|0|180|10.2|18.9|135|26.0|71.4|0.00|0.01|43.302|34.4336
23|36|0|180|7.3|18.9|135|26.2|71.4|0.00|0.01|43.3038|34.4336
23|39|0|225|7.3|18.9|135|26.2|71.4|0.00|0.01|43.3041|34.4336
23|40|0|180|11.6|18.9|135|26.2|71.4|0.00|0.01|43.3059|34.4336
23|41|0|180|10.2|18.9|135|26.2|71.4|0.00|0.01|43.303|34.4336
23|42|0|135|14.5|18.9|135|26.3|71.4|0.00|0.01|43.3007|34.4336
23|43|0|203|10.2|18.9|135|26.2|71.4|0.00|0.01|43.3046|34.4336
23|44|0|180|7.3|18.9|135|26.2|71.4|0.00|0.01|43.3018|34.4336
23|45|0|180|7.3|23.3|180|26.2|71.4|0.00|0.01|43.3024|34.4336
23|46|0|180|10.2|23.3|180|26.3|71.5|0.00|0.01|43.3047|34.4336
23|47|0|180|5.8|23.3|180|26.4|71.5|0.00|0.01|43.3046|34.4336
23|51|0|180|18.9|26.2|180|26.3|71.4|0.00|0.01|43.3011|34.4336
23|52|0|135|13.1|26.2|180|26.3|71.4|0.00|0.01|43.305|34.4336
23|53|0|180|8.7|26.2|180|26.4|71.5|0.00|0.01|43.3055|34.4336
23|54|0|180|12.9|26.2|180|26.4|71.4|0.00|0.01|43.3021|34.4336
23|55|0|135|6.4|26.2|180|26.4|71.4|0.00|0.01|43.305|34.4336
23|56|0|180|21.8|27.6|180|26.4|71.3|0.00|0.01|43.2995|34.4336
23|57|0|180|10.2|27.6|180|26.5|71.3|0.00|0.01|43.3014|34.4336
23|58|0|135|4.4|27.6|180|26.5|71.3|0.00|0.01|43.3012|34.4336
23|59|0|180|5.8|27.6|180|26.6|71.3|0.00|0.01|43.3024|34.4336
