00|00|0|0|5.8|23.3|180|38.6|62.9|0.00|0.00|43.019|36.1397
00|02|0|315|6.4|23.3|180|38.8|62.8|0.00|0.00|43.023|36.1397
00|03|0|315|10.2|23.3|180|39.8|62.8|0.00|0.00|43.0247|36.7956
00|04|0|45|16.0|23.3|180|39.8|62.7|0.00|0.00|43.0184|36.7956
00|06|0|0|16.0|23.3|180|38.8|62.5|0.00|0.00|43.0146|36.1397
00|07|0|0|11.6|23.3|180|39.5|62.4|0.00|0.00|43.0157|36.7956
00|08|0|338|10.2|29.1|0|39.4|62.4|0.00|0.00|43.0153|36.7956
00|09|0|0|14.5|29.1|0|38.9|62.3|0.00|0.00|43.0158|36.1397
00|11|0|0|8.0|29.1|0|38.8|62.3|0.00|0.00|43.0238|36.1397
00|12|0|315|10.2|29.1|0|39.7|62.3|0.00|0.00|43.0244|36.7956
00|13|0|0|8.0|29.1|0|39.6|62.4|0.00|0.00|43.0264|36.7956
00|14|0|0|11.6|29.1|0|40.8|62.3|0.00|0.00|43.0261|37.4369
00|15|0|0|7.3|29.1|0|40.2|62.3|0.00|0.00|43.0262|37.4369
00|16|0|315|11.3|29.1|0|40.4|62.2|0.00|0.00|43.0277|37.4369
00|17|0|0|4.8|29.1|0|39.5|62.0|0.00|0.00|43.0295|36.7956
00|18|0|0|11.3|29.1|0|41.0|62.0|0.00|0.00|43.0271|38.0642
00|19|0|0|9.7|29.1|0|40.1|61.9|0.00|0.00|43.034|36.5414
00|20|0|0|5.8|29.1|0|39.4|61.9|0.00|0.00|43.0349|35.9027
00|21|0|0|8.1|29.1|0|39.7|61.9|0.00|0.00|43.0359|35.9027
00|22|0|0|8.0|29.1|0|39.4|61.8|0.00|0.00|43.0328|35.9027
00|24|0|0|5.8|29.1|0|39.1|61.8|0.00|0.00|43.0383|35.9027
00|25|0|0|5.8|29.1|0|40.0|61.9|0.00|0.00|43.0373|36.5414
00|26|0|0|2.9|29.1|0|39.5|62.0|0.00|0.00|43.0364|36.7956
00|27|0|315|4.8|29.1|0|39.4|62.0|0.00|0.00|43.0429|36.7956
00|28|0|315|1.5|29.1|0|39.4|62.0|0.00|0.00|43.0455|36.7956
00|29|0|0|2.9|29.1|0|40.0|62.0|0.00|0.00|43.0467|37.4369
00|30|0|0|1.5|29.1|0|39.2|62.0|0.00|0.00|43.0457|36.7956
00|31|0|0|1.6|29.1|0|40.5|62.0|0.00|0.00|43.0434|37.4369
00|32|0|315|4.8|29.1|0|40.2|61.9|0.00|0.00|43.0434|36.5414
00|33|0|0|3.2|29.1|0|40.0|61.8|0.00|0.00|43.0458|36.5414
00|34|0|315|5.8|29.1|0|40.5|61.7|0.00|0.00|43.0467|36.5414
00|35|0|315|1.5|29.1|0|40.0|61.7|0.00|0.00|43.0497|36.5414
00|37|0|0|2.9|29.1|0|40.4|61.7|0.00|0.00|43.0508|36.5414
00|38|0|0|4.4|29.1|0|40.3|61.6|0.00|0.00|43.0477|36.5414
00|39|0|0|3.2|29.1|0|41.2|61.6|0.00|0.00|43.0463|37.166
00|40|0|0|5.8|29.1|0|41.2|61.6|0.00|0.00|43.0469|37.166
00|41|0|338|4.8|29.1|0|41.4|61.5|0.00|0.00|43.0482|37.166
00|42|0|0|6.4|29.1|0|40.2|61.4|0.00|0.00|43.0474|36.5414
00|43|0|0|7.3|29.1|0|41.2|61.4|0.00|0.00|43.0507|37.166
00|44|0|0|6.4|29.1|0|40.5|61.4|0.00|0.00|43.0522|36.5414
00|45|0|0|5.8|29.1|0|40.8|61.2|0.00|0.00|43.0531|36.5414
00|47|0|0|4.4|29.1|0|40.1|61.2|0.00|0.00|43.0563|36.5414
00|48|0|0|7.3|29.1|0|40.1|61.2|0.00|0.00|43.057|36.5414
00|49|0|0|4.4|29.1|0|40.4|61.2|0.00|0.00|43.0611|36.5414
00|50|0|0|4.4|29.1|0|40.4|61.2|0.00|0.00|43.0603|36.5414
00|51|0|0|7.3|29.1|0|41.1|61.1|0.00|0.00|43.0593|37.166
00|52|0|0|5.8|29.1|0|40.8|61.1|0.00|0.00|43.0587|36.5414
00|53|0|0|5.8|29.1|0|40.5|61.0|0.00|0.00|43.0564|36.5414
00|54|0|0|7.3|29.1|0|41.2|61.0|0.00|0.00|43.0555|37.166
00|55|0|0|4.4|29.1|0|41.2|61.0|0.00|0.00|43.0578|37.166
00|56|0|0|4.4|29.1|0|41.7|61.0|0.00|0.00|43.0606|37.166
00|57|0|0|1.6|29.1|0|41.5|61.0|0.00|0.00|43.0667|37.166
00|58|0|0|1.6|29.1|0|41.6|60.9|0.00|0.00|43.0656|36.2677
00|59|0|0|1.6|29.1|0|41.0|60.8|0.00|0.00|43.0632|36.2677
01|02|0|23|1.6|29.1|0|41.3|60.8|0.00|0.00|43.0651|36.2677
01|03|0|315|0.0|29.1|0|41.4|60.8|0.00|0.00|43.0688|36.2677
01|04|0|315|0.0|29.1|0|41.6|60.7|0.00|0.00|43.0697|36.2677
01|05|0|0|2.9|29.1|0|41.5|60.7|0.00|0.00|43.069|36.2677
01|06|0|45|0.0|29.1|0|41.3|60.6|0.00|0.00|43.0661|36.2677
01|07|0|45|0.0|29.1|0|41.6|60.6|0.00|0.00|43.0657|36.2677
01|08|0|45|1.5|29.1|0|41.5|60.7|0.00|0.00|43.0675|36.2677
01|09|0|0|0.0|29.1|0|42.3|60.6|0.00|0.00|43.0652|36.8765
01|10|0|0|0.0|29.1|0|42.6|60.6|0.00|0.00|43.065|36.8765
01|11|0|23|1.5|29.1|0|41.9|60.6|0.00|0.00|43.0664|36.2677
01|12|0|0|1.5|29.1|0|42.3|60.5|0.00|0.00|43.0653|36.8765
01|13|0|315|1.5|29.1|0|42.3|60.3|0.00|0.00|43.0675|36.8765
01|14|0|0|2.9|29.1|0|42.4|60.2|0.00|0.00|43.0676|36.8765
01|15|0|315|1.6|29.1|0|42.1|60.2|0.00|0.00|43.0679|36.8765
01|17|0|315|1.6|29.1|0|43.3|60.1|0.00|0.00|43.0669|37.4727
01|18|0|0|3.2|29.1|0|43.6|60.0|0.00|0.00|43.0626|37.4727
01|19|0|0|4.4|29.1|0|43.9|60.0|0.00|0.00|43.0624|37.4727
01|20|0|0|4.8|29.1|0|43.6|59.8|0.00|0.00|43.0626|36.5692
01|21|0|0|2.9|29.1|0|44.4|59.7|0.00|0.00|43.065|37.1508
01|22|0|315|1.6|29.1|0|45.4|59.5|0.00|0.00|43.0642|37.7208
01|23|0|0|4.4|29.1|0|45.8|59.3|0.00|0.00|43.0637|37.7208
01|24|0|0|1.5|29.1|0|45.1|59.2|0.00|0.00|43.0672|37.7208
01|25|0|270|0.0|29.1|0|45.0|59.2|0.00|0.00|43.0714|37.7208
01|26|0|315|1.5|29.1|0|44.8|59.1|0.00|0.00|43.0716|37.1508
01|27|0|0|1.5|29.1|0|45.0|59.0|0.00|0.00|43.0689|37.7208
01|28|0|0|2.9|29.1|0|46.7|59.0|0.00|0.00|43.0659|38.2798
01|29|0|0|1.5|29.1|0|46.6|58.9|0.00|0.00|43.0668|37.3689
01|30|0|0|1.6|29.1|0|45.6|58.8|0.00|0.00|43.0666|36.8123
01|31|0|0|2.9|29.1|0|44.7|58.7|0.00|0.00|43.0645|36.2446
01|32|0|45|0.0|29.1|0|44.1|58.7|0.00|0.00|43.0659|36.2446
01|34|0|90|0.0|29.1|0|44.5|58.7|0.00|0.00|43.0679|36.2446
01|35|0|135|1.5|29.1|0|45.1|58.7|0.00|0.00|43.0713|36.8123
01|36|0|135|1.6|29.1|0|45.0|58.7|0.00|0.00|43.072|36.8123
01|38|0|135|0.0|29.1|0|44.8|58.8|0.00|0.00|43.0712|36.2446
01|39|0|45|1.5|29.1|0|44.4|58.8|0.00|0.00|43.0724|36.2446
01|40|0|225|1.5|29.1|0|44.1|58.8|0.00|0.00|43.075|36.2446
01|41|0|225|0.0|29.1|0|43.9|58.8|0.00|0.00|43.0744|35.6654
01|42|0|225|0.0|29.1|0|44.0|58.9|0.00|0.00|43.0715|36.2446
01|43|0|45|0.0|29.1|0|44.0|58.9|0.00|0.00|43.0689|36.2446
01|44|0|45|0.0|29.1|0|43.9|59.0|0.00|0.00|43.0692|36.5692
01|45|0|0|1.6|29.1|0|46.1|58.9|0.00|0.00|43.0686|37.3689
01|46|0|270|0.0|29.1|0|47.7|59.0|0.00|0.00|43.072|38.8282
01|48|0|225|1.5|29.1|0|47.7|59.0|0.00|0.00|43.0753|38.8282
01|50|0|180|1.5|29.1|0|45.5|58.9|0.00|0.00|43.076|36.8123
01|51|0|113|2.9|29.1|0|44.9|58.8|0.00|0.00|43.076|36.2446
01|52|0|90|4.4|29.1|0|44.4|58.8|0.00|0.00|43.0745|36.2446
01|53|0|45|1.5|29.1|0|44.5|58.8|0.00|0.00|43.076|36.2446
01|54|0|270|0.0|29.1|0|44.4|58.7|0.00|0.00|43.0766|36.2446
01|55|0|270|0.0|29.1|0|44.3|58.7|0.00|0.00|43.0776|36.2446
01|56|0|0|0.0|29.1|0|44.5|58.8|0.00|0.00|43.0771|36.2446
01|57|0|45|0.0|29.1|0|44.6|58.8|0.00|0.00|43.0748|36.2446
01|58|0|45|0.0|29.1|0|45.2|58.8|0.00|0.00|43.0754|36.8123
01|59|0|45|0.0|29.1|0|48.1|58.7|0.00|0.00|43.0753|38.4509
02|00|0|90|0.0|29.1|0|47.9|58.7|0.00|0.00|43.0764|37.915
02|01|0|90|0.0|29.1|0|47.4|58.7|0.00|0.00|43.0764|37.915
02|03|0|45|0.0|29.1|0|47.3|58.5|0.00|0.00|43.0776|37.915
02|04|0|180|0.0|29.1|0|47.3|58.7|0.00|0.00|43.08|37.915
02|05|0|180|0.0|29.1|0|47.2|58.5|0.00|0.00|43.0785|37.915
02|06|0|0|1.5|29.1|0|47.1|58.5|0.00|0.00|43.0769|37.915
02|07|0|0|1.5|29.1|0|46.9|58.4|0.00|0.00|43.0708|37.3689
02|08|0|0|3.2|29.1|0|47.2|58.3|0.00|0.00|43.0722|37.915
02|10|0|0|3.2|29.1|0|47.2|58.2|0.00|0.00|43.0682|37.915
02|11|0|0|2.9|29.1|0|46.4|58.1|0.00|0.00|43.067|37.3689
02|12|0|0|1.5|29.1|0|47.5|58.1|0.00|0.00|43.0668|37.915
02|13|0|23|2.9|29.1|0|48.2|58.0|0.00|0.00|43.0677|38.4509
02|14|0|0|1.6|29.1|0|48.3|58.0|0.00|0.00|43.0722|38.4509
02|15|0|270|1.5|29.1|0|48.9|58.0|0.00|0.00|43.0753|38.4509
02|16|0|315|0.0|29.1|0|48.0|58.0|0.00|0.00|43.0725|38.4509
02|17|0|0|1.5|29.1|0|48.2|57.9|0.00|0.00|43.0716|37.5352
02|18|0|315|1.5|29.1|0|48.3|57.9|0.00|0.00|43.0745|37.5352
02|21|0|315|1.5|29.1|0|47.4|57.9|0.00|0.00|43.0722|37.0016
02|22|0|315|0.0|29.1|0|47.7|57.9|0.00|0.00|43.0709|37.0016
02|23|0|315|0.0|29.1|0|47.9|57.9|0.00|0.00|43.0695|37.0016
02|24|0|315|0.0|29.1|0|47.8|57.8|0.00|0.00|43.0724|37.0016
02|25|0|315|0.0|29.1|0|47.5|57.8|0.00|0.00|43.0763|37.0016
02|26|0|225|1.5|29.1|0|47.4|57.8|0.00|0.00|43.0784|37.0016
02|27|0|225|1.5|29.1|0|47.4|57.8|0.00|0.00|43.08|37.0016
02|28|0|135|1.5|29.1|0|47.8|57.8|0.00|0.00|43.0782|37.0016
02|29|0|135|0.0|29.1|0|48.2|57.8|0.00|0.00|43.0798|37.5352
02|30|0|135|1.5|29.1|0|47.9|57.7|0.00|0.00|43.08|37.0016
02|31|0|135|0.0|29.1|0|47.5|57.7|0.00|0.00|43.0799|37.0016
02|32|0|135|0.0|29.1|0|47.6|57.7|0.00|0.00|43.0808|37.0016
02|33|0|135|0.0|29.1|0|47.5|57.5|0.00|0.00|43.0838|37.0016
02|35|0|225|0.0|29.1|0|47.5|57.5|0.00|0.00|43.0839|37.0016
02|36|0|225|0.0|29.1|0|47.4|57.5|0.00|0.00|43.0815|37.0016
02|37|0|90|1.5|29.1|0|47.1|57.7|0.00|0.00|43.075|37.0016
02|38|0|45|1.6|29.1|0|47.0|57.7|0.00|0.00|43.073|37.0016
02|40|0|270|0.0|29.1|0|48.8|57.7|0.00|0.00|43.0818|37.5352
02|41|0|225|2.9|29.1|0|50.0|57.7|0.00|0.00|43.0826|38.5737
02|43|0|225|0.0|29.1|0|48.9|57.5|0.00|0.00|43.0872|37.5352
02|44|0|225|0.0|29.1|0|49.0|57.4|0.00|0.00|43.0834|38.0591
02|45|0|90|2.9|29.1|0|48.3|57.4|0.00|0.00|43.0795|37.5352
02|46|0|45|0.0|29.1|0|47.7|57.4|0.00|0.00|43.0815|37.0016
02|47|0|45|0.0|29.1|0|47.6|57.3|0.00|0.00|43.0823|37.0016
02|48|0|45|0.0|29.1|0|48.0|57.3|0.00|0.00|43.083|37.5352
02|49|0|135|0.0|29.1|0|48.8|57.3|0.00|0.00|43.0817|37.5352
02|51|0|135|0.0|29.1|0|49.0|57.2|0.00|0.00|43.0815|38.0591
02|52|0|135|0.0|29.1|0|48.9|57.2|0.00|0.00|43.0804|37.5352
02|53|0|315|0.0|29.1|0|48.9|57.1|0.00|0.00|43.0792|37.5352
02|54|0|315|1.5|29.1|0|49.7|57.1|0.00|0.00|43.0815|38.0591
02|55|0|225|1.5|29.1|0|51.9|57.0|0.00|0.00|43.0812|39.0792
02|56|0|225|0.0|29.1|0|51.0|56.9|0.00|0.00|43.0812|38.1568
02|57|0|225|0.0|29.1|0|50.8|56.9|0.00|0.00|43.0849|37.6534
02|58|0|225|1.5|29.1|0|50.8|56.7|0.00|0.00|43.0847|37.6534
02|59|0|225|0.0|29.1|0|50.8|56.6|0.00|0.00|43.0846|37.6534
03|00|0|135|1.5|29.1|0|50.2|56.5|0.00|0.00|43.0823|37.6534
03|01|0|135|0.0|29.1|0|49.9|56.5|0.00|0.00|43.0822|37.141
03|02|0|225|1.6|29.1|0|49.5|56.4|0.00|0.00|43.0861|37.141
03|04|0|90|1.5|29.1|0|49.3|56.4|0.00|0.00|43.0794|37.141
03|06|0|0|2.9|29.1|0|50.6|56.4|0.00|0.00|43.0831|37.6534
03|07|0|315|0.0|29.1|0|53.2|56.4|0.00|0.00|43.0851|39.1381
03|08|0|315|0.0|29.1|0|52.7|56.3|0.00|0.00|43.0851|38.6516
03|09|0|225|1.5|29.1|0|51.5|56.2|0.00|0.00|43.0866|38.1568
03|10|0|135|1.5|29.1|0|51.9|56.2|0.00|0.00|43.0896|38.1568
03|11|0|90|1.5|29.1|0|51.6|56.1|0.00|0.00|43.0894|38.1568
03|12|0|90|0.0|29.1|0|51.1|56.0|0.00|0.00|43.0887|38.1568
03|13|0|90|1.5|29.1|0|50.4|55.8|0.00|0.00|43.0891|36.733
03|15|0|0|0.0|29.1|0|53.5|55.8|0.00|0.00|43.0946|38.2114
03|17|0|180|3.2|29.1|0|52.7|55.6|0.00|0.00|43.0954|37.727
03|18|0|180|4.8|29.1|0|52.4|55.5|0.00|0.00|43.0968|37.727
03|20|0|135|1.6|29.1|0|51.9|55.5|0.00|0.00|43.0959|37.2343
03|21|0|270|1.6|29.1|0|51.8|55.5|0.00|0.00|43.098|37.2343
03|22|0|270|1.5|29.1|0|51.6|55.5|0.00|0.00|43.0982|37.2343
03|23|0|0|0.0|29.1|0|52.0|55.4|0.00|0.00|43.0959|37.727
03|24|0|90|1.5|29.1|0|51.6|55.4|0.00|0.00|43.0959|37.2343
03|25|0|90|0.0|29.1|0|51.3|55.4|0.00|0.00|43.0919|37.2343
03|26|0|90|1.5|29.1|0|51.3|55.4|0.00|0.00|43.0931|37.2343
03|27|0|135|1.5|29.1|0|51.4|55.4|0.00|0.00|43.0954|37.2343
03|28|0|180|1.5|29.1|0|51.4|55.4|0.00|0.00|43.1004|37.2343
03|29|0|225|0.0|29.1|0|51.1|55.4|0.00|0.00|43.1001|37.2343
03|30|0|225|0.0|29.1|0|50.6|55.4|0.00|0.00|43.1009|36.733
03|31|0|315|1.5|29.1|0|50.7|55.4|0.00|0.00|43.099|36.733
03|33|0|0|0.0|29.1|0|51.0|55.4|0.00|0.00|43.0973|37.2343
03|34|0|225|1.5|29.1|0|50.9|55.4|0.00|0.00|43.1029|36.733
03|35|0|180|0.0|29.1|0|50.8|55.4|0.00|0.00|43.1044|36.733
03|36|0|180|3.2|29.1|0|51.2|55.3|0.00|0.00|43.1035|37.2343
03|37|0|135|3.2|29.1|0|51.3|55.3|0.00|0.00|43.1017|37.2343
03|38|0|135|2.9|29.1|0|51.4|55.3|0.00|0.00|43.1013|37.2343
03|39|0|90|0.0|29.1|0|51.5|55.3|0.00|0.00|43.1024|37.2343
03|40|0|135|1.5|29.1|0|51.4|55.3|0.00|0.00|43.1037|37.2343
03|41|0|135|0.0|29.1|0|51.2|55.2|0.00|0.00|43.1009|37.2343
03|42|0|45|3.2|29.1|0|51.2|55.2|0.00|0.00|43.0982|37.2343
03|43|0|45|2.9|29.1|0|50.9|55.2|0.00|0.00|43.1001|36.733
03|44|0|90|3.2|29.1|0|50.8|55.2|0.00|0.00|43.1008|36.733
03|45|0|90|0.0|29.1|0|50.6|55.1|0.00|0.00|43.1039|36.733
03|46|0|180|1.5|29.1|0|50.7|55.1|0.00|0.00|43.1044|36.733
03|47|0|270|1.6|29.1|0|51.0|55.1|0.00|0.00|43.1058|37.2343
03|49|0|270|1.5|29.1|0|51.1|55.1|0.00|0.00|43.1051|37.2343
03|50|0|270|1.5|29.1|0|51.7|55.2|0.00|0.00|43.1045|37.2343
03|52|0|225|0.0|29.1|0|52.2|55.2|0.00|0.00|43.1074|37.727
03|53|0|180|0.0|29.1|0|52.7|55.2|0.00|0.00|43.1094|37.727
03|54|0|180|0.0|29.1|0|52.2|55.2|0.00|0.00|43.1108|37.727
03|55|0|180|1.5|29.1|0|51.8|55.1|0.00|0.00|43.1111|37.2343
03|56|0|180|0.0|29.1|0|51.6|55.1|0.00|0.00|43.1105|37.2343
03|57|0|180|1.5|29.1|0|51.5|55.0|0.00|0.00|43.1095|37.2343
03|58|0|180|0.0|29.1|0|51.5|55.0|0.00|0.00|43.1076|37.2343
04|00|0|0|1.5|29.1|0|51.9|54.8|0.00|0.00|43.108|36.3116
04|02|0|0|0.0|29.1|0|52.5|54.7|0.00|0.00|43.1088|36.8022
04|03|0|0|0.0|29.1|0|53.2|54.6|0.00|0.00|43.1091|37.2845
04|04|0|0|0.0|29.1|0|52.7|54.6|0.00|0.00|43.1096|36.8022
04|05|0|135|0.0|29.1|0|52.8|54.6|0.00|0.00|43.1103|36.8022
04|06|0|90|0.0|29.1|0|52.7|54.5|0.00|0.00|43.1072|36.8022
04|07|0|90|1.5|29.1|0|52.3|54.5|0.00|0.00|43.1065|36.8022
04|08|0|90|1.6|29.1|0|52.4|54.4|0.00|0.00|43.1055|36.8022
04|09|0|45|1.5|29.1|0|52.3|54.4|0.00|0.00|43.1061|36.8022
04|10|0|135|0.0|29.1|0|52.3|54.4|0.00|0.00|43.1078|36.8022
04|12|0|225|1.5|29.1|0|52.8|54.4|0.00|0.00|43.1164|36.8022
04|13|0|315|0.0|29.1|0|52.7|54.3|0.00|0.00|43.1104|36.8022
04|14|0|0|4.4|29.1|0|53.4|54.3|0.00|0.00|43.1091|37.2845
04|15|0|0|2.9|29.1|0|56.3|54.3|0.00|0.00|43.1093|38.6847
04|16|0|0|1.5|29.1|0|58.0|54.3|0.00|0.00|43.1097|39.5818
04|17|0|45|0.0|29.1|0|57.9|54.2|0.00|0.00|43.1107|39.1367
04|18|0|90|0.0|29.1|0|57.4|54.0|0.00|0.00|43.1096|39.1367
04|19|0|0|1.6|29.1|0|56.8|53.9|0.00|0.00|43.1088|37.7517
04|21|0|315|0.0|29.1|0|56.2|53.8|0.00|0.00|43.1086|37.7517
04|22|0|338|0.0|29.1|0|55.6|53.7|0.00|0.00|43.1087|37.2944
04|23|0|180|0.0|29.1|0|55.7|53.7|0.00|0.00|43.1054|37.2944
04|24|0|315|0.0|29.1|0|55.7|53.6|0.00|0.00|43.1046|37.2944
04|25|0|315|0.0|29.1|0|55.6|53.6|0.00|0.00|43.1056|37.2944
04|26|0|225|4.4|29.1|0|56.3|53.5|0.00|0.00|43.1077|37.7517
04|27|0|180|1.5|29.1|0|56.9|53.4|0.00|0.00|43.1109|37.7517
04|28|0|135|2.9|29.1|0|56.5|53.3|0.00|0.00|43.1097|37.7517
04|29|0|45|4.4|29.1|0|55.9|53.2|0.00|0.00|43.1011|37.2944
04|30|0|0|2.9|29.1|0|56.5|53.2|0.00|0.00|43.1025|37.7517
04|31|0|225|3.2|29.1|0|57.2|53.2|0.00|0.00|43.1054|38.2018
04|32|0|225|4.4|29.1|0|56.6|53.2|0.00|0.00|43.109|37.7517
04|33|0|45|4.4|29.1|0|56.2|53.2|0.00|0.00|43.1022|37.7517
04|34|0|90|1.6|29.1|0|57.1|53.2|0.00|0.00|43.1094|38.2018
04|35|0|270|2.9|29.1|0|56.9|53.2|0.00|0.00|43.1062|37.7517
04|37|0|180|1.5|29.1|0|58.3|53.0|0.00|0.00|43.109|38.645
04|39|0|315|0.0|29.1|0|57.9|53.0|0.00|0.00|43.1096|38.2018
04|40|0|0|0.0|29.1|0|58.0|53.0|0.00|0.00|43.1083|38.645
04|41|0|270|1.5|29.1|0|57.8|53.0|0.00|0.00|43.1071|38.2018
04|43|0|0|2.9|29.1|0|58.0|52.9|0.00|0.00|43.1034|37.7079
04|44|0|45|1.5|29.1|0|57.9|52.9|0.00|0.00|43.1013|37.2666
04|45|0|135|1.5|29.1|0|58.3|52.9|0.00|0.00|43.1038|37.7079
04|46|0|23|2.9|29.1|0|59.1|52.9|0.00|0.00|43.106|38.1425
04|48|0|315|5.8|29.1|0|59.3|52.8|0.00|0.00|43.103|38.1425
04|49|0|225|2.9|29.1|0|60.5|52.8|0.00|0.00|43.1079|38.5707
04|50|0|225|2.9|29.1|0|60.8|52.8|0.00|0.00|43.1119|38.5707
04|51|0|270|0.0|29.1|0|60.6|52.7|0.00|0.00|43.1081|38.5707
04|52|0|45|5.8|29.1|0|59.7|52.7|0.00|0.00|43.1069|38.1425
04|53|0|0|0.0|29.1|0|59.8|52.7|0.00|0.00|43.1064|38.1425
04|54|0|225|1.6|29.1|0|59.8|52.6|0.00|0.00|43.109|38.1425
04|56|0|315|1.5|29.1|0|59.4|52.7|0.00|0.00|43.1099|38.1425
04|57|0|0|1.5|29.1|0|58.9|52.6|0.00|0.00|43.1095|37.7079
04|58|0|180|0.0|29.1|0|58.8|52.7|0.00|0.00|43.112|37.7079
04|59|0|315|1.6|29.1|0|58.4|52.7|0.00|0.00|43.1132|37.7079
05|00|0|0|1.5|29.1|0|57.0|52.8|0.00|0.00|43.1143|37.2666
05|01|0|0|1.6|29.1|0|56.7|52.8|0.00|0.00|43.1118|36.8185
05|02|0|45|1.6|29.1|0|56.6|52.9|0.00|0.00|43.1136|36.8185
05|03|0|45|1.5|29.1|0|56.5|53.2|0.00|0.00|43.1143|37.7517
05|05|0|180|7.3|29.1|0|57.2|53.3|0.00|0.00|43.1168|38.2018
05|06|0|180|0.0|29.1|0|57.1|53.4|0.00|0.00|43.1146|38.2018
05|07|0|90|2.9|29.1|0|51.0|53.6|0.00|0.00|43.1157|35.3887
05|08|0|45|1.6|29.1|0|49.8|53.8|0.00|0.00|43.1197|34.3859
05|09|0|90|1.5|29.1|0|49.4|54.0|0.00|0.00|43.1221|35.3044
05|10|0|225|0.0|29.1|0|49.2|54.3|0.00|0.00|43.1224|35.3044
05|11|0|90|1.5|29.1|0|48.4|54.5|0.00|0.00|43.1214|34.7871
05|12|0|68|4.4|29.1|0|47.3|54.8|0.00|0.00|43.1223|34.2603
05|13|0|90|2.9|29.1|0|45.4|55.2|0.00|0.00|43.1255|34.0854
05|14|0|45|4.4|29.1|0|43.3|55.5|0.00|0.00|43.1238|32.953
05|15|0|45|1.6|29.1|0|42.4|55.7|0.00|0.00|43.1219|32.3692
05|16|0|0|1.5|29.1|0|40.1|56.1|0.00|0.00|43.1211|32.0606
05|17|0|68|1.6|29.1|0|41.9|56.4|0.00|0.00|43.1237|32.6723
05|18|0|0|1.5|29.1|0|40.3|56.6|0.00|0.00|43.122|32.0606
05|19|0|90|0.0|29.1|0|39.2|56.9|0.00|0.00|43.1157|31.4351
05|20|0|45|1.6|29.1|0|36.5|57.2|0.00|0.00|43.112|30.3555
05|22|0|135|6.4|29.1|0|35.7|57.7|0.00|0.00|43.1214|29.6652
05|23|0|135|1.6|29.1|0|35.8|58.0|0.00|0.00|43.1222|30.5478
05|24|0|158|4.4|29.1|0|36.5|58.3|0.00|0.00|43.1235|31.241
05|25|0|135|17.5|32.0|180|33.1|58.8|0.00|0.00|43.1132|29.1073
05|26|0|225|13.1|37.8|180|28.9|59.7|0.00|0.00|43.1136|25.996
05|27|0|180|13.1|37.8|180|26.7|60.3|0.00|0.00|43.1235|25.0743
05|30|0|158|24.2|37.8|180|22.8|63.0|0.00|0.00|43.1179|23.621
05|31|0|180|11.3|37.8|180|22.1|63.7|0.00|0.00|43.1207|23.621
05|32|0|90|4.4|37.8|180|21.9|64.3|0.00|0.00|43.1229|23.349
05|33|0|135|4.8|37.8|180|21.6|64.6|0.00|0.00|43.1211|23.349
05|34|0|158|5.8|37.8|180|21.2|65.0|0.00|0.00|43.1214|24.1796
05|35|0|135|8.7|37.8|180|20.6|65.3|0.00|0.00|43.1243|23.0199
05|37|0|180|7.3|37.8|180|21.0|65.5|0.00|0.00|43.1277|24.1796
05|38|0|135|5.8|37.8|180|20.6|65.8|0.00|0.00|43.1282|23.0199
05|39|0|135|2.9|37.8|180|20.6|66.0|0.00|0.00|43.1322|23.8455
05|40|0|180|11.3|37.8|180|20.4|66.0|0.00|0.00|43.131|23.8455
05|41|0|180|4.4|37.8|180|20.2|66.1|0.00|0.00|43.1324|23.8455
05|42|0|180|5.8|37.8|180|21.1|66.2|0.00|0.00|43.1318|25.0099
05|43|0|135|8.7|37.8|180|21.9|66.2|0.00|0.00|43.1342|25.0099
05|44|0|180|2.9|37.8|180|20.9|66.3|0.00|0.00|43.1371|23.8455
05|46|0|135|7.3|37.8|180|20.9|66.3|0.00|0.00|43.1345|23.8455
05|47|0|135|4.4|37.8|180|20.3|66.2|0.00|0.00|43.1362|23.8455
05|48|0|180|4.8|37.8|180|20.9|66.3|0.00|0.00|43.1347|23.8455
05|49|0|180|3.2|37.8|180|20.9|66.4|0.00|0.00|43.1362|23.8455
05|50|0|180|5.8|37.8|180|20.5|66.3|0.00|0.00|43.1338|23.8455
05|51|0|135|2.9|37.8|180|20.5|66.3|0.00|0.00|43.1379|23.8455
05|52|0|135|2.9|37.8|180|20.3|66.3|0.00|0.00|43.1388|23.8455
05|56|0|135|4.4|37.8|180|20.1|66.2|0.00|0.00|43.1406|23.8455
05|57|0|135|0.0|37.8|180|20.4|66.3|0.00|0.00|43.1356|23.8455
05|58|0|135|1.5|37.8|180|20.2|66.4|0.00|0.00|43.1402|23.8455
05|59|0|180|0.0|37.8|180|20.5|66.4|0.00|0.00|43.1404|23.8455
06|00|0|180|0.0|37.8|180|21.0|66.4|0.00|0.00|43.1406|25.0099
06|01|0|90|1.6|37.8|180|21.0|66.4|0.00|0.00|43.1417|25.0099
06|02|0|135|0.0|37.8|180|20.4|66.5|0.00|0.00|43.1437|23.8455
06|03|0|135|17.5|37.8|180|20.3|66.4|0.00|0.00|43.1357|23.8455
06|04|0|135|10.2|37.8|180|20.1|66.2|0.00|0.00|43.1389|23.8455
06|05|0|158|14.5|37.8|180|20.2|66.2|0.00|0.00|43.1364|23.8455
06|07|0|225|9.7|37.8|180|20.0|66.3|0.00|0.00|43.1354|23.8455
06|08|0|180|10.2|37.8|180|20.2|66.4|0.00|0.00|43.1404|23.8455
06|09|0|180|12.9|37.8|180|20.0|66.5|0.00|0.00|43.1394|23.8455
06|10|0|135|5.8|37.8|180|20.2|66.7|0.00|0.00|43.1428|23.8455
06|11|0|180|8.7|37.8|180|20.0|66.8|0.00|0.00|43.1444|23.8455
06|12|0|135|2.9|37.8|180|20.1|66.8|0.00|0.00|43.1451|23.8455
06|13|0|135|4.4|37.8|180|20.7|66.9|0.00|0.00|43.1445|23.8455
06|14|0|180|2.9|37.8|180|20.1|66.9|0.00|0.00|43.1434|23.8455
06|15|0|135|1.5|37.8|180|20.2|67.0|0.00|0.00|43.1444|24.6709
06|16|0|135|2.9|37.8|180|20.2|67.0|0.00|0.00|43.1461|24.6709
06|17|0|135|4.4|37.8|180|20.0|67.0|0.00|0.00|43.1369|24.6709
06|18|0|180|10.2|37.8|180|19.8|66.9|0.00|0.00|43.1385|22.6284
06|20|0|180|4.4|37.8|180|19.9|66.9|0.00|0.00|43.1453|22.6284
06|21|0|135|2.9|37.8|180|19.9|67.0|0.00|0.00|43.1434|23.449
06|22|0|180|4.4|37.8|180|20.0|67.1|0.00|0.00|43.1443|24.6709
06|23|0|180|4.8|37.8|180|20.2|67.1|0.00|0.00|43.1436|24.6709
06|24|0|180|4.8|37.8|180|19.9|67.2|0.00|0.00|43.1458|23.449
06|25|0|180|6.4|37.8|180|19.6|67.0|0.00|0.00|43.1477|23.449
06|27|0|180|2.9|37.8|180|19.7|67.0|0.00|0.00|43.1435|23.449
06|28|0|90|2.9|37.8|180|20.1|67.1|0.00|0.00|43.1436|24.6709
06|29|0|135|2.9|37.8|180|20.2|67.2|0.00|0.00|43.1451|24.6709
06|30|0|45|1.6|37.8|180|20.2|67.2|0.00|0.00|43.1453|24.6709
06|31|0|225|4.4|37.8|180|20.3|67.3|0.00|0.00|43.1445|24.6709
06|32|0|0|1.6|37.8|180|20.1|67.3|0.00|0.00|43.1438|24.6709
06|33|0|135|0.0|37.8|180|20.4|67.2|0.00|0.00|43.1464|24.6709
06|34|0|135|4.4|37.8|180|20.7|67.1|0.00|0.00|43.148|24.6709
06|35|0|135|4.8|37.8|180|20.3|67.0|0.00|0.00|43.1521|24.6709
06|37|0|135|7.3|37.8|180|20.1|66.8|0.00|0.00|43.1535|23.8455
06|38|0|135|11.6|37.8|180|20.0|66.7|0.00|0.00|43.1506|23.8455
06|39|0|135|4.4|37.8|180|20.1|66.7|0.00|0.00|43.1547|23.8455
06|40|0|158|6.4|37.8|180|19.9|66.8|0.00|0.00|43.1552|22.6284
06|41|0|135|2.9|37.8|180|20.2|66.9|0.00|0.00|43.1556|23.8455
06|42|0|225|4.4|37.8|180|20.1|66.9|0.00|0.00|43.1578|23.8455
06|43|0|158|3.2|37.8|180|19.9|66.9|0.00|0.00|43.1555|22.6284
06|44|0|180|5.8|37.8|180|20.0|66.9|0.00|0.00|43.1572|23.8455
06|45|0|135|4.4|37.8|180|20.2|67.0|0.00|0.00|43.1563|24.6709
06|46|0|68|4.4|37.8|180|19.9|67.0|0.00|0.00|43.1546|23.449
06|47|0|135|7.3|37.8|180|19.8|66.9|0.00|0.00|43.1544|22.6284
06|48|0|135|6.4|37.8|180|19.8|67.0|0.00|0.00|43.1576|23.449
06|49|0|135|4.4|37.8|180|19.5|67.0|0.00|0.00|43.1593|23.449
06|50|0|135|5.8|37.8|180|19.6|67.0|0.00|0.00|43.1594|23.449
06|53|0|135|4.4|37.8|180|19.6|67.0|0.00|0.00|43.161|23.449
06|54|0|203|3.2|37.8|180|19.3|67.0|0.00|0.00|43.164|23.449
06|55|0|135|5.8|37.8|180|19.4|67.1|0.00|0.00|43.1635|23.449
06|56|0|180|5.8|37.8|180|19.6|67.1|0.00|0.00|43.1662|23.449
06|57|0|180|4.4|37.8|180|19.3|67.1|0.00|0.00|43.1649|23.449
06|58|0|180|4.4|37.8|180|19.4|67.2|0.00|0.00|43.1675|23.449
06|59|0|135|3.2|37.8|180|19.4|67.2|0.00|0.00|43.1665|23.449
07|00|0|135|4.4|37.8|180|19.6|67.2|0.00|0.00|43.1647|23.449
07|01|0|135|2.9|37.8|180|19.6|67.3|0.00|0.00|43.1681|23.449
07|02|0|135|1.6|37.8|180|19.5|67.3|0.00|0.00|43.1666|23.449
07|04|0|90|7.3|37.8|180|19.6|67.4|0.00|0.00|43.1644|23.449
07|05|0|180|10.2|37.8|180|19.2|67.3|0.00|0.00|43.164|23.449
07|06|0|180|1.5|37.8|180|19.3|67.4|0.00|0.00|43.1629|23.449
07|07|0|135|2.9|37.8|180|19.6|67.6|0.00|0.00|43.1647|23.449
07|08|0|158|4.4|37.8|180|19.7|67.7|0.00|0.00|43.1651|23.449
07|10|0|225|3.2|37.8|180|19.8|67.7|0.00|0.00|43.1639|23.449
07|11|0|180|1.6|37.8|180|19.9|67.8|0.00|0.00|43.167|23.449
07|12|0|135|7.3|37.8|180|19.6|67.8|0.00|0.00|43.1681|23.449
07|14|0|225|4.8|37.8|180|19.2|67.8|0.00|0.00|43.1709|23.449
07|15|0|135|4.4|37.8|180|19.3|67.8|0.00|0.00|43.172|23.449
07|16|0|180|4.4|37.8|180|19.5|67.9|0.00|0.00|43.1738|23.449
07|17|0|135|0.0|37.8|180|19.5|68.0|0.00|0.00|43.1745|24.2692
07|19|0|113|1.5|37.8|180|19.6|68.2|0.00|0.00|43.1754|24.2692
07|22|0|135|3.2|37.8|180|19.0|68.1|0.00|0.00|43.1745|24.2692
07|23|0|90|3.2|37.8|180|18.9|68.2|0.00|0.00|43.1762|22.9839
07|24|0|135|1.5|37.8|180|19.0|68.2|0.00|0.00|43.1768|24.2692
07|25|0|135|1.6|37.8|180|19.8|68.2|0.00|0.00|43.1775|24.2692
07|26|0|90|2.9|37.8|180|20.3|68.2|0.00|0.00|43.1766|25.496
07|28|0|180|4.4|37.8|180|19.0|68.2|0.00|0.00|43.1767|24.2692
07|29|0|135|2.9|37.8|180|19.4|68.2|0.00|0.00|43.1788|24.2692
07|31|0|90|1.6|37.8|180|19.6|68.2|0.00|0.00|43.1781|24.2692
07|32|0|90|1.5|37.8|180|19.2|68.2|0.00|0.00|43.1755|24.2692
07|33|0|135|0.0|37.8|180|19.6|68.2|0.00|0.00|43.1767|24.2692
07|34|0|135|1.5|37.8|180|19.5|68.2|0.00|0.00|43.1745|24.2692
07|35|0|135|1.5|37.8|180|19.4|68.2|0.00|0.00|43.1781|24.2692
07|36|0|135|1.5|37.8|180|19.6|68.2|0.00|0.00|43.176|24.2692
07|37|0|135|2.9|37.8|180|19.7|68.1|0.00|0.00|43.1714|24.2692
07|38|0|135|6.5|37.8|180|19.5|68.0|0.00|0.00|43.1749|24.2692
07|39|0|135|3.2|37.8|180|19.6|68.0|0.00|0.00|43.1752|24.2692
07|41|0|180|11.6|37.8|180|19.1|67.8|0.00|0.00|43.1735|23.449
07|43|0|45|5.8|37.8|180|19.2|67.8|0.00|0.00|43.1798|23.449
07|44|0|158|6.4|37.8|180|19.2|67.8|0.00|0.00|43.1748|23.449
07|45|0|135|10.2|37.8|180|19.1|67.8|0.00|0.00|43.1731|23.449
07|46|0|135|7.3|37.8|180|19.1|67.8|0.00|0.00|43.1773|23.449
07|49|0|180|5.8|37.8|180|19.2|67.9|0.00|0.00|43.179|23.449
07|50|0|180|11.6|37.8|180|19.0|67.9|0.00|0.00|43.1788|23.449
07|51|0|225|1.5|37.8|180|18.7|68.0|0.00|0.00|43.1788|22.9839
07|52|0|90|1.6|37.8|180|18.9|68.1|0.00|0.00|43.1805|22.9839
07|54|0|135|1.5|37.8|180|19.5|68.1|0.00|0.00|43.1815|24.2692
07|55|0|90|1.6|37.8|180|19.7|68.2|0.00|0.00|43.1794|24.2692
07|56|0|45|1.6|37.8|180|19.7|68.2|0.00|0.00|43.1812|24.2692
07|57|0|90|1.5|37.8|180|20.0|68.2|0.00|0.00|43.1822|25.496
07|58|0|90|0.0|37.8|180|20.8|68.3|0.00|0.00|43.1797|25.496
07|59|0|315|0.0|37.8|180|20.6|68.3|0.00|0.00|43.1801|25.496
08|00|0|135|1.5|37.8|180|21.1|68.2|0.00|0.00|43.1792|26.6695
08|01|0|45|1.6|37.8|180|21.1|68.2|0.00|0.00|43.1783|26.6695
08|02|0|45|1.6|37.8|180|20.1|68.1|0.00|0.00|43.1776|25.496
08|03|0|90|2.9|37.8|180|20.7|68.0|0.00|0.00|43.1782|25.496
08|04|0|180|0.0|37.8|180|20.8|67.9|0.00|0.00|43.179|24.6709
08|06|0|135|3.2|37.8|180|21.2|67.7|0.00|0.00|43.1812|25.8398
08|07|0|180|8.7|37.8|180|20.5|67.7|0.00|0.00|43.1818|24.6709
08|08|0|180|16.0|37.8|180|19.0|67.3|0.00|0.00|43.18|23.449
08|09|0|90|2.9|37.8|180|19.1|67.3|0.00|0.00|43.1837|23.449
08|10|0|135|2.9|37.8|180|19.5|67.4|0.00|0.00|43.1854|23.449
08|12|0|135|2.9|37.8|180|19.5|67.6|0.00|0.00|43.1828|23.449
08|13|0|135|4.4|37.8|180|19.8|67.4|0.00|0.00|43.181|23.449
08|15|0|135|7.3|37.8|180|18.9|67.4|0.00|0.00|43.1839|22.1687
08|16|0|135|2.9|37.8|180|18.7|67.3|0.00|0.00|43.1839|22.1687
08|17|0|135|4.8|37.8|180|18.9|67.4|0.00|0.00|43.18|22.1687
08|18|0|180|8.1|37.8|180|19.0|67.6|0.00|0.00|43.1817|23.449
08|19|0|135|6.5|37.8|180|19.0|67.6|0.00|0.00|43.1809|23.449
08|21|0|135|0.0|37.8|180|19.0|67.8|0.00|0.00|43.177|23.449
08|24|0|135|4.8|37.8|180|19.3|67.9|0.00|0.00|43.1798|23.449
08|25|0|90|1.5|37.8|180|19.0|67.8|0.00|0.00|43.1766|23.449
08|26|0|135|1.6|37.8|180|19.1|67.9|0.00|0.00|43.1757|23.449
08|27|0|158|5.8|37.8|180|19.6|67.9|0.00|0.00|43.176|23.449
08|28|0|180|4.4|37.8|180|19.0|67.8|0.00|0.00|43.1766|23.449
08|29|0|90|1.5|37.8|180|19.1|67.9|0.00|0.00|43.1772|23.449
08|30|0|135|4.4|37.8|180|19.6|67.9|0.00|0.00|43.1758|23.449
08|31|0|135|4.4|37.8|180|19.3|67.8|0.00|0.00|43.1782|23.449
08|32|0|135|3.2|37.8|180|19.3|67.8|0.00|0.00|43.177|23.449
08|33|0|135|2.9|37.8|180|19.1|67.8|0.00|0.00|43.1782|23.449
08|34|0|158|9.7|37.8|180|19.5|67.8|0.00|0.00|43.1777|23.449
08|35|0|180|10.2|37.8|180|18.8|67.7|0.00|0.00|43.1769|22.1687
08|36|0|135|5.8|37.8|180|18.4|67.7|0.00|0.00|43.1737|22.1687
08|37|0|180|10.2|37.8|180|18.6|67.7|0.00|0.00|43.1735|22.1687
08|40|0|180|4.8|37.8|180|18.8|67.8|0.00|0.00|43.175|22.1687
08|41|0|180|6.4|37.8|180|18.4|67.8|0.00|0.00|43.1715|22.1687
08|42|0|180|7.3|37.8|180|18.4|67.9|0.00|0.00|43.1714|22.1687
08|43|0|180|7.3|37.8|180|18.4|67.9|0.00|0.00|43.1712|22.1687
08|44|0|180|8.1|37.8|180|18.6|68.0|0.00|0.00|43.1731|22.9839
08|47|0|180|13.1|37.8|180|18.1|68.2|0.00|0.00|43.173|22.9839
08|48|0|180|11.6|37.8|180|17.8|68.2|0.00|0.00|43.1713|21.6336
08|49|0|113|10.2|37.8|180|17.8|68.5|0.00|0.00|43.1712|21.6336
08|50|0|180|11.3|37.8|180|17.6|68.6|0.00|0.00|43.1766|21.6336
08|51|0|180|14.5|37.8|180|17.3|68.8|0.00|0.00|43.1727|21.6336
08|52|0|135|11.6|37.8|180|17.5|68.9|0.00|0.00|43.1746|21.6336
08|54|0|135|7.3|37.8|180|17.3|69.1|0.00|0.00|43.1766|22.4433
08|55|0|180|5.8|37.8|180|17.6|69.4|0.00|0.00|43.177|22.4433
08|56|0|180|8.7|37.8|180|17.5|69.6|0.00|0.00|43.1793|22.4433
08|57|0|135|14.5|37.8|180|17.8|69.8|0.00|0.00|43.1753|22.4433
08|58|0|180|9.7|37.8|180|17.6|70.0|0.00|0.00|43.1746|23.2525
08|59|0|158|16.1|37.8|180|17.4|70.1|0.00|0.00|43.1704|23.2525
09|00|0|135|4.8|37.8|180|17.3|70.4|0.00|0.00|43.1779|23.2525
09|01|0|180|5.8|37.8|180|17.6|70.5|0.00|0.00|43.1777|23.2525
09|02|0|180|4.4|37.8|180|18.1|70.8|0.00|0.00|43.1778|24.6133
09|05|0|158|9.7|37.8|180|17.6|70.9|0.00|0.00|43.1797|23.2525
09|06|0|180|14.5|37.8|180|17.9|71.0|0.00|0.00|43.1769|24.0614
09|08|0|135|11.6|37.8|180|17.6|71.0|0.00|0.00|43.1784|24.0614
09|09|0|180|5.8|37.8|180|18.1|71.0|0.00|0.00|43.1768|25.4275
09|10|0|180|14.5|37.8|180|18.3|71.0|0.00|0.00|43.1774|25.4275
09|11|0|225|11.3|37.8|180|18.6|71.0|0.00|0.00|43.1788|25.4275
09|12|0|135|13.1|37.8|180|18.9|71.0|0.00|0.00|43.1788|25.4275
09|13|0|135|4.4|37.8|180|18.9|71.2|0.00|0.00|43.1804|25.4275
09|14|0|135|8.7|37.8|180|19.2|71.5|0.00|0.00|43.1744|26.7279
09|15|0|180|14.5|37.8|180|18.7|71.7|0.00|0.00|43.1704|25.4275
09|17|0|135|11.6|37.8|180|18.5|72.2|0.00|0.00|43.1715|26.2414
09|18|0|135|10.2|37.8|180|18.2|72.4|0.00|0.00|43.1736|26.2414
09|19|0|180|7.3|37.8|180|18.3|72.7|0.00|0.00|43.1799|26.2414
09|20|0|135|7.3|37.8|180|18.0|73.0|0.00|0.00|43.1822|27.0549
09|21|0|180|5.8|37.8|180|18.1|73.2|0.00|0.00|43.183|27.0549
09|22|0|180|8.7|37.8|180|18.2|73.3|0.00|0.00|43.1765|27.0549
09|23|0|158|8.7|37.8|180|18.3|73.6|0.00|0.00|43.1701|27.0549
09|24|0|90|6.5|37.8|180|18.4|74.0|0.00|0.00|43.1654|27.8681
09|25|0|180|8.7|37.8|180|17.7|74.0|0.00|0.00|43.1682|26.4861
09|27|0|135|7.3|37.8|180|18.3|74.1|0.00|0.00|43.1707|27.8681
09|28|0|180|6.4|37.8|180|17.9|74.2|0.00|0.00|43.1698|26.4861
09|31|0|225|3.2|37.8|180|17.8|73.7|0.00|0.00|43.1736|25.6782
09|32|0|225|11.6|37.8|180|18.0|73.7|0.00|0.00|43.1753|27.0549
09|33|0|90|8.7|37.8|180|18.1|73.9|0.00|0.00|43.1759|27.0549
09|34|0|135|8.7|37.8|180|17.9|73.6|0.00|0.00|43.1775|25.6782
09|35|0|180|8.7|37.8|180|17.6|73.3|0.00|0.00|43.1813|25.6782
09|36|0|180|4.4|37.8|180|17.7|73.2|0.00|0.00|43.1825|25.6782
09|37|0|135|7.3|37.8|180|17.8|73.1|0.00|0.00|43.1825|25.6782
09|38|0|180|7.3|37.8|180|18.0|73.1|0.00|0.00|43.1825|27.0549
09|39|0|158|8.7|37.8|180|18.1|73.0|0.00|0.00|43.1805|27.0549
09|40|0|135|9.7|37.8|180|17.9|73.0|0.00|0.00|43.1792|25.6782
09|42|0|225|4.4|37.8|180|18.0|72.8|0.00|0.00|43.181|26.2414
09|43|0|225|4.4|37.8|180|18.4|73.1|0.00|0.00|43.1838|27.0549
09|44|0|180|7.3|37.8|180|18.2|73.1|0.00|0.00|43.1818|27.0549
09|45|0|180|8.1|37.8|180|18.7|73.2|0.00|0.00|43.1825|27.0549
09|46|0|180|14.5|37.8|180|18.6|73.1|0.00|0.00|43.1795|27.0549
09|47|0|180|7.3|37.8|180|18.1|73.0|0.00|0.00|43.1781|27.0549
09|48|0|135|4.4|37.8|180|18.2|73.1|0.00|0.00|43.179|27.0549
09|49|0|135|14.5|37.8|180|18.1|73.2|0.00|0.00|43.1753|27.0549
09|50|0|135|11.6|37.8|180|18.3|73.0|0.00|0.00|43.1726|27.0549
09|51|0|158|12.9|37.8|180|18.5|73.0|0.00|0.00|43.171|27.0549
09|52|0|270|8.7|37.8|180|18.7|72.7|0.00|0.00|43.1737|26.2414
09|53|0|135|14.5|37.8|180|19.0|72.8|0.00|0.00|43.1757|27.5468
09|54|0|135|19.3|37.8|180|19.0|72.8|0.00|0.00|43.1679|27.5468
09|55|0|135|12.9|37.8|180|18.8|72.8|0.00|0.00|43.1728|26.2414
09|57|0|225|17.7|37.8|180|18.8|72.7|0.00|0.00|43.1698|26.2414
09|58|0|225|5.8|37.8|180|18.7|72.7|0.00|0.00|43.171|26.2414
09|59|0|180|14.5|37.8|180|18.7|72.7|0.00|0.00|43.1682|26.2414
10|00|0|180|14.5|37.8|180|18.6|72.6|0.00|0.00|43.1734|26.2414
10|01|0|180|17.5|37.8|180|18.7|72.6|0.00|0.00|43.1666|26.2414
10|03|0|225|18.9|37.8|180|18.3|72.6|0.00|0.00|43.1687|26.2414
10|04|0|225|8.1|37.8|180|18.5|72.6|0.00|0.00|43.1732|26.2414
10|05|0|90|8.1|37.8|180|18.8|72.6|0.00|0.00|43.1703|26.2414
10|06|0|180|8.7|37.8|180|18.8|72.7|0.00|0.00|43.1703|26.2414
10|07|0|180|7.3|37.8|180|18.9|72.8|0.00|0.00|43.1737|26.2414
10|08|0|180|16.0|37.8|180|19.0|72.7|0.00|0.00|43.1678|27.5468
10|10|0|135|11.6|37.8|180|18.8|72.7|0.00|0.00|43.1713|26.2414
10|11|0|180|10.2|37.8|180|18.7|72.8|0.00|0.00|43.1743|26.2414
10|12|0|158|17.5|37.8|180|18.5|72.8|0.00|0.00|43.1685|26.2414
10|13|0|203|11.6|37.8|180|18.1|72.7|0.00|0.00|43.1709|26.2414
10|14|0|180|16.1|37.8|180|18.4|72.8|0.00|0.00|43.1716|26.2414
10|15|0|158|10.2|37.8|180|18.4|72.8|0.00|0.00|43.1726|26.2414
10|16|0|158|18.9|37.8|180|18.3|72.7|0.00|0.00|43.1679|26.2414
10|17|0|180|12.9|37.8|180|18.1|72.7|0.00|0.00|43.1687|26.2414
10|18|0|135|11.6|37.8|180|18.3|72.8|0.00|0.00|43.1675|26.2414
10|19|0|135|16.0|37.8|180|18.5|72.8|0.00|0.00|43.1656|26.2414
10|20|0|135|9.7|37.8|180|18.3|73.0|0.00|0.00|43.1709|27.0549
10|22|0|135|10.2|37.8|180|18.3|73.1|0.00|0.00|43.1711|27.0549
10|23|0|180|16.0|37.8|180|18.4|73.2|0.00|0.00|43.167|27.0549
10|24|0|180|24.1|37.8|180|17.5|73.2|0.00|0.00|43.1533|25.6782
10|25|0|180|20.4|37.8|180|17.7|73.1|0.00|0.00|43.1562|25.6782
10|26|0|180|11.6|37.8|180|17.8|73.2|0.00|0.00|43.1635|25.6782
10|27|0|135|14.5|37.8|180|17.9|73.2|0.00|0.00|43.1566|25.6782
10|28|0|180|11.6|37.8|180|17.9|73.3|0.00|0.00|43.1625|25.6782
10|30|0|135|16.1|37.8|180|18.3|73.5|0.00|0.00|43.1537|27.0549
10|31|0|180|7.3|37.8|180|18.5|73.6|0.00|0.00|43.159|27.0549
10|33|0|135|5.8|37.8|180|18.0|73.7|0.00|0.00|43.1562|27.0549
10|34|0|180|16.1|37.8|180|18.3|74.0|0.00|0.00|43.1483|27.8681
10|36|0|203|13.1|37.8|180|17.9|74.2|0.00|0.00|43.1518|26.4861
10|37|0|135|18.9|37.8|180|16.9|74.3|0.00|0.00|43.1436|25.0302
10|38|0|135|11.6|37.8|180|16.6|74.4|0.00|0.00|43.154|25.0302
10|39|0|180|23.3|37.8|180|16.8|74.5|0.00|0.00|43.1468|25.0302
10|41|0|135|11.6|37.8|180|16.8|74.5|0.00|0.00|43.1566|25.0302
10|42|0|180|13.1|37.8|180|17.1|74.6|0.00|0.00|43.1517|26.4861
10|43|0|135|9.7|37.8|180|17.0|74.5|0.00|0.00|43.1545|26.4861
10|47|0|158|6.4|37.8|180|17.2|74.8|0.00|0.00|43.1543|26.4861
10|48|0|180|10.2|37.8|180|17.3|74.9|0.00|0.00|43.1485|26.4861
10|49|0|180|14.5|37.8|180|17.2|75.0|0.00|0.00|43.1435|27.2936
10|50|0|180|11.6|37.8|180|17.0|75.2|0.00|0.00|43.1476|27.2936
10|52|0|180|11.6|37.8|180|16.8|75.3|0.00|0.00|43.1496|25.8321
10|53|0|135|14.5|37.8|180|16.8|75.3|0.00|0.00|43.1471|25.8321
10|54|0|180|10.2|37.8|180|16.5|75.3|0.00|0.00|43.1462|25.8321
10|55|0|180|13.1|37.8|180|16.6|75.3|0.00|0.00|43.1473|25.8321
10|56|0|135|11.3|37.8|180|16.6|75.4|0.00|0.00|43.1471|25.8321
10|58|0|180|11.3|37.8|180|16.8|75.5|0.00|0.00|43.1506|25.8321
10|59|0|180|7.3|37.8|180|16.6|75.4|0.00|0.00|43.1483|25.8321
11|01|0|135|8.7|37.8|180|16.9|75.5|0.00|0.00|43.1493|25.8321
11|02|0|225|2.9|37.8|180|17.3|75.7|0.00|0.00|43.1499|27.2936
11|03|0|225|8.0|37.8|180|17.0|75.8|0.00|0.00|43.1472|27.2936
11|04|0|135|9.7|37.8|180|16.8|75.8|0.00|0.00|43.1446|25.8321
11|05|0|135|8.7|37.8|180|16.9|75.8|0.00|0.00|43.1425|25.8321
11|06|0|180|16.0|37.8|180|16.9|75.8|0.00|0.00|43.1372|25.8321
11|07|0|90|11.6|37.8|180|17.3|76.0|0.00|0.00|43.1419|28.1008
11|08|0|180|8.7|37.8|180|16.7|76.1|0.00|0.00|43.1461|26.6337
11|09|0|180|8.7|37.8|180|17.1|76.2|0.00|0.00|43.1459|28.1008
11|11|0|135|21.8|37.8|180|16.2|76.2|0.00|0.00|43.1397|26.6337
11|12|0|180|13.1|37.8|180|16.0|76.2|0.00|0.00|43.1462|26.6337
11|14|0|203|16.0|37.8|180|15.4|76.1|0.00|0.00|43.1461|25.0831
11|15|0|135|14.5|37.8|180|15.4|76.1|0.00|0.00|43.1449|25.0831
11|16|0|135|13.1|37.8|180|15.3|76.2|0.00|0.00|43.1475|25.0831
11|17|0|180|14.5|37.8|180|15.3|76.3|0.00|0.00|43.1522|25.0831
11|18|0|135|11.6|37.8|180|15.3|76.1|0.00|0.00|43.1498|25.0831
11|19|0|180|16.0|37.8|180|15.3|76.1|0.00|0.00|43.1498|25.0831
11|20|0|135|9.7|37.8|180|15.3|76.2|0.00|0.00|43.1541|25.0831
11|21|0|180|11.3|37.8|180|15.0|76.1|0.00|0.00|43.1531|25.0831
11|22|0|180|17.5|37.8|180|15.3|76.2|0.00|0.00|43.1525|25.0831
11|23|0|180|6.4|37.8|180|15.0|76.3|0.00|0.00|43.1538|25.0831
11|24|0|135|17.5|37.8|180|14.7|76.6|0.00|0.00|43.1498|23.438
11|26|0|225|11.3|37.8|180|14.3|76.6|0.00|0.00|43.1545|23.438
11|27|0|180|8.1|37.8|180|14.0|76.7|0.00|0.00|43.1528|23.438
11|28|0|225|4.8|37.8|180|14.4|76.9|0.00|0.00|43.1578|23.438
11|29|0|180|7.3|37.8|180|14.9|77.0|0.00|0.00|43.1562|24.2271
11|30|0|180|4.4|37.8|180|15.4|77.2|0.00|0.00|43.1501|25.8784
11|31|0|270|4.4|37.8|180|14.8|77.3|0.00|0.00|43.1445|24.2271
11|32|0|315|4.4|37.8|180|14.3|77.3|0.00|0.00|43.1417|24.2271
11|33|0|203|7.3|37.8|180|14.4|77.5|0.00|0.00|43.1503|24.2271
11|34|0|180|10.2|37.8|180|14.3|77.6|0.00|0.00|43.1457|24.2271
11|35|0|180|26.2|37.8|180|13.8|77.2|0.00|0.00|43.1341|22.4677
11|37|0|180|13.1|37.8|180|14.0|77.0|0.00|0.00|43.1495|24.2271
11|38|0|225|7.3|37.8|180|14.3|77.0|0.00|0.00|43.1609|24.2271
11|39|0|135|18.9|37.8|180|14.0|76.9|0.00|0.00|43.1442|23.438
11|40|0|180|6.4|37.8|180|14.2|76.9|0.00|0.00|43.1559|23.438
11|41|0|225|11.6|37.8|180|14.2|76.8|0.00|0.00|43.1512|23.438
11|42|0|180|21.8|37.8|180|14.1|76.7|0.00|0.00|43.157|23.438
11|43|0|180|8.7|37.8|180|14.4|76.6|0.00|0.00|43.164|23.438
11|45|0|225|5.8|37.8|180|14.8|76.6|0.00|0.00|43.1615|23.438
11|46|0|225|14.5|37.8|180|14.6|76.7|0.00|0.00|43.1561|23.438
11|47|0|180|24.7|37.8|180|14.3|76.4|0.00|0.00|43.1497|23.438
11|48|0|225|7.3|37.8|180|14.3|76.3|0.00|0.00|43.1604|23.438
11|51|0|203|5.8|37.8|180|14.7|76.3|0.00|0.00|43.16|23.438
11|52|0|225|2.9|37.8|180|14.7|76.6|0.00|0.00|43.1614|23.438
11|53|0|135|12.9|37.8|180|14.9|76.6|0.00|0.00|43.1584|23.438
11|54|0|225|13.1|37.8|180|15.0|76.7|0.00|0.00|43.1587|25.0831
11|55|0|135|11.3|37.8|180|14.9|76.6|0.00|0.00|43.159|23.438
11|56|0|158|13.1|37.8|180|15.1|76.6|0.00|0.00|43.155|25.0831
11|57|0|315|5.8|37.8|180|15.2|76.6|0.00|0.00|43.158|25.0831
11|58|0|225|5.8|37.8|180|15.3|76.6|0.00|0.00|43.1599|25.0831
11|59|0|180|5.8|37.8|180|15.6|76.7|0.00|0.00|43.1578|25.0831
12|00|0|135|7.3|37.8|180|14.9|76.8|0.00|0.00|43.1574|23.438
12|01|0|135|6.4|37.8|180|15.0|76.9|0.00|0.00|43.1536|25.0831
12|03|0|135|7.3|37.8|180|14.8|77.0|0.00|0.00|43.1514|24.2271
12|04|0|225|4.4|37.8|180|14.3|77.0|0.00|0.00|43.156|24.2271
12|06|0|225|5.8|37.8|180|14.5|77.0|0.00|0.00|43.1483|24.2271
12|07|0|180|5.8|37.8|180|14.6|77.1|0.00|0.00|43.1503|24.2271
12|08|0|135|7.3|37.8|180|15.1|77.2|0.00|0.00|43.1485|25.8784
12|09|0|180|8.7|37.8|180|14.7|77.2|0.00|0.00|43.1524|24.2271
12|10|0|180|5.8|37.8|180|14.4|77.1|0.00|0.00|43.1511|24.2271
12|11|0|225|7.3|37.8|180|14.4|77.0|0.00|0.00|43.1508|24.2271
12|12|0|0|1.6|37.8|180|14.4|77.0|0.00|0.00|43.1459|24.2271
12|13|0|225|5.8|37.8|180|14.6|77.2|0.00|0.00|43.145|24.2271
12|14|0|135|21.8|37.8|180|14.6|77.1|0.00|0.00|43.138|24.2271
12|15|0|90|10.2|37.8|180|14.4|76.9|0.00|0.00|43.1412|23.438
12|16|0|180|8.7|37.8|180|14.3|76.9|0.00|0.00|43.141|23.438
12|17|0|225|8.1|37.8|180|14.7|76.9|0.00|0.00|43.1436|23.438
12|18|0|225|20.9|37.8|180|14.4|76.8|0.00|0.00|43.145|23.438
12|20|0|135|10.2|37.8|180|14.3|76.7|0.00|0.00|43.1521|23.438
12|21|0|180|14.5|37.8|180|14.3|76.6|0.00|0.00|43.1478|23.438
12|22|0|180|8.1|37.8|180|14.2|76.3|0.00|0.00|43.1513|23.438
12|23|0|180|11.6|37.8|180|14.2|76.3|0.00|0.00|43.1481|23.438
12|24|0|135|8.0|37.8|180|14.1|76.2|0.00|0.00|43.1437|23.438
12|25|0|225|7.3|37.8|180|14.0|76.2|0.00|0.00|43.148|23.438
12|26|0|180|7.3|37.8|180|14.1|76.2|0.00|0.00|43.1443|23.438
12|27|0|180|8.7|37.8|180|14.3|76.3|0.00|0.00|43.1432|23.438
12|28|0|270|7.3|37.8|180|14.0|76.2|0.00|0.00|43.1459|23.438
12|29|0|180|5.8|37.8|180|14.1|76.3|0.00|0.00|43.1449|23.438
12|30|0|225|7.3|37.8|180|14.3|76.3|0.00|0.00|43.1477|23.438
12|31|0|135|11.6|37.8|180|14.2|76.4|0.00|0.00|43.1449|23.438
12|32|0|180|11.3|37.8|180|13.5|76.2|0.00|0.00|43.1428|21.6852
12|34|0|180|24.1|37.8|180|13.3|76.1|0.00|0.00|43.1373|21.6852
12|35|0|90|23.3|37.8|180|13.4|76.0|0.00|0.00|43.1341|21.6852
12|36|0|158|27.4|42.2|180|13.5|75.7|0.00|0.00|43.1298|20.9022
12|37|0|180|10.2|42.2|180|13.5|75.7|0.00|0.00|43.1437|20.9022
12|38|0|225|14.5|42.2|180|13.6|75.5|0.00|0.00|43.1438|20.9022
12|39|0|180|30.5|42.2|180|13.2|75.4|0.00|0.00|43.1254|20.9022
12|40|0|180|11.6|42.2|180|13.2|75.3|0.00|0.00|43.1475|20.9022
12|41|0|135|17.5|42.2|180|13.0|75.4|0.00|0.00|43.1389|20.9022
12|44|0|225|8.1|42.2|180|13.7|75.4|0.00|0.00|43.1468|20.9022
12|45|0|225|7.3|42.2|180|13.8|75.5|0.00|0.00|43.1461|20.9022
12|46|0|225|5.8|42.2|180|13.6|75.7|0.00|0.00|43.1456|20.9022
12|48|0|225|9.7|42.2|180|13.7|75.7|0.00|0.00|43.1445|20.9022
12|49|0|180|14.5|42.2|180|13.8|75.8|0.00|0.00|43.1469|20.9022
12|52|0|135|17.7|42.2|180|13.6|75.8|0.00|0.00|43.1379|20.9022
12|53|0|180|13.1|42.2|180|13.8|75.8|0.00|0.00|43.1398|20.9022
12|54|0|180|16.0|42.2|180|13.6|75.7|0.00|0.00|43.1399|20.9022
12|55|0|270|10.2|42.2|180|13.6|75.7|0.00|0.00|43.1409|20.9022
12|56|0|180|7.3|42.2|180|13.5|75.7|0.00|0.00|43.1386|20.9022
12|57|0|203|4.8|42.2|180|13.5|75.7|0.00|0.00|43.1377|20.9022
12|58|0|180|3.2|42.2|180|13.7|75.8|0.00|0.00|43.1398|20.9022
12|59|0|180|8.7|42.2|180|14.0|75.9|0.00|0.00|43.1431|22.6485
13|00|0|23|2.9|42.2|180|14.3|76.0|0.00|0.00|43.1435|23.438
13|01|0|180|2.9|42.2|180|14.4|76.1|0.00|0.00|43.1426|23.438
13|03|0|180|3.2|42.2|180|14.5|76.2|0.00|0.00|43.1437|23.438
13|04|0|158|4.8|42.2|180|13.7|76.2|0.00|0.00|43.1425|21.6852
13|05|0|180|4.4|42.2|180|13.9|76.3|0.00|0.00|43.1449|21.6852
13|06|0|180|7.3|42.2|180|13.8|76.3|0.00|0.00|43.1458|21.6852
13|07|0|180|7.3|42.2|180|14.3|76.3|0.00|0.00|43.1437|23.438
13|08|0|180|11.6|42.2|180|13.9|76.0|0.00|0.00|43.1361|21.6852
13|09|0|180|10.2|42.2|180|14.0|75.9|0.00|0.00|43.1395|22.6485
13|10|0|180|5.8|42.2|180|14.3|75.9|0.00|0.00|43.1389|22.6485
13|11|0|225|2.9|42.2|180|14.4|76.0|0.00|0.00|43.1371|23.438
13|14|0|135|5.8|42.2|180|14.2|76.1|0.00|0.00|43.1379|23.438
13|15|0|90|1.5|42.2|180|14.0|76.2|0.00|0.00|43.1381|23.438
13|17|0|180|7.3|42.2|180|13.8|76.3|0.00|0.00|43.1385|21.6852
13|18|0|180|10.2|42.2|180|14.1|76.2|0.00|0.00|43.1373|23.438
13|19|0|158|13.1|42.2|180|13.9|76.2|0.00|0.00|43.1359|21.6852
13|20|0|180|2.9|42.2|180|13.8|76.1|0.00|0.00|43.1384|21.6852
13|21|0|180|9.7|42.2|180|14.1|76.3|0.00|0.00|43.1409|23.438
13|22|0|225|5.8|42.2|180|13.8|76.2|0.00|0.00|43.1414|21.6852
13|23|0|270|10.2|42.2|180|14.0|76.2|0.00|0.00|43.142|23.438
13|24|0|135|20.4|42.2|180|13.6|76.2|0.00|0.00|43.1364|21.6852
13|25|0|180|12.9|42.2|180|13.4|76.1|0.00|0.00|43.1427|21.6852
13|26|0|180|11.6|42.2|180|13.1|76.0|0.00|0.00|43.1394|21.6852
13|27|0|203|4.4|42.2|180|13.7|76.0|0.00|0.00|43.1426|21.6852
13|28|0|180|8.7|42.2|180|14.0|76.1|0.00|0.00|43.1403|23.438
13|30|0|180|8.1|42.2|180|13.8|76.2|0.00|0.00|43.1388|21.6852
13|31|0|180|7.3|42.2|180|13.9|76.1|0.00|0.00|43.1401|21.6852
13|32|0|180|5.8|42.2|180|14.0|76.2|0.00|0.00|43.144|23.438
13|33|0|225|5.8|42.2|180|13.9|76.3|0.00|0.00|43.1456|21.6852
13|34|0|0|3.2|42.2|180|13.9|76.3|0.00|0.00|43.1441|21.6852
13|36|0|180|2.9|42.2|180|14.0|76.4|0.00|0.00|43.1457|23.438
13|37|0|180|1.5|42.2|180|13.7|76.6|0.00|0.00|43.1456|21.6852
13|38|0|225|5.8|42.2|180|13.9|76.6|0.00|0.00|43.1471|21.6852
13|39|0|180|8.7|42.2|180|13.7|76.6|0.00|0.00|43.149|21.6852
13|40|0|135|14.5|42.2|180|13.2|76.3|0.00|0.00|43.1455|21.6852
13|41|0|158|14.5|42.2|180|13.3|76.3|0.00|0.00|43.1432|21.6852
13|42|0|90|9.7|42.2|180|13.3|76.2|0.00|0.00|43.1406|21.6852
13|44|0|180|4.8|42.2|180|13.2|76.2|0.00|0.00|43.145|21.6852
13|45|0|180|11.6|42.2|180|13.1|76.2|0.00|0.00|43.1434|21.6852
13|46|0|180|5.8|42.2|180|13.3|76.1|0.00|0.00|43.1462|21.6852
13|47|0|180|4.4|42.2|180|13.4|76.2|0.00|0.00|43.1467|21.6852
13|48|0|225|8.7|42.2|180|13.2|76.2|0.00|0.00|43.142|21.6852
13|49|0|180|3.2|42.2|180|13.3|76.3|0.00|0.00|43.1441|21.6852
13|50|0|180|14.5|42.2|180|13.2|76.2|0.00|0.00|43.1404|21.6852
13|51|0|203|7.3|42.2|180|13.2|76.1|0.00|0.00|43.1449|21.6852
13|52|0|135|10.2|42.2|180|13.3|76.2|0.00|0.00|43.1456|21.6852
13|53|0|225|7.3|42.2|180|13.3|76.2|0.00|0.00|43.1398|21.6852
13|54|0|135|5.8|42.2|180|13.5|76.3|0.00|0.00|43.1432|21.6852
13|55|0|180|2.9|42.2|180|13.9|76.4|0.00|0.00|43.1433|21.6852
13|57|0|135|5.8|42.2|180|14.1|76.6|0.00|0.00|43.1411|23.438
13|58|0|135|8.7|42.2|180|13.7|76.4|0.00|0.00|43.1389|21.6852
13|59|0|180|4.4|42.2|180|13.6|76.6|0.00|0.00|43.1395|21.6852
14|00|0|180|8.7|42.2|180|14.0|76.4|0.00|0.00|43.1404|23.438
14|01|0|180|8.0|42.2|180|14.1|76.4|0.00|0.00|43.1382|23.438
14|02|0|225|8.7|42.2|180|14.5|76.7|0.00|0.00|43.1342|23.438
14|03|0|225|2.9|42.2|180|14.0|76.8|0.00|0.00|43.1382|23.438
14|04|0|225|5.8|42.2|180|14.1|76.8|0.00|0.00|43.1402|23.438
14|05|0|180|7.3|42.2|180|14.0|76.8|0.00|0.00|43.1425|23.438
14|06|0|225|5.8|42.2|180|14.2|76.8|0.00|0.00|43.1431|23.438
14|07|0|225|4.4|42.2|180|14.0|76.8|0.00|0.00|43.1461|23.438
14|08|0|180|2.9|42.2|180|14.5|77.0|0.00|0.00|43.1458|24.2271
14|09|0|180|8.1|42.2|180|14.2|76.8|0.00|0.00|43.1434|23.438
14|10|0|180|11.6|42.2|180|14.1|76.7|0.00|0.00|43.1433|23.438
14|12|0|180|10.2|42.2|180|13.8|76.7|0.00|0.00|43.1405|21.6852
14|13|0|158|18.9|42.2|180|13.5|76.6|0.00|0.00|43.139|21.6852
14|14|0|180|7.3|42.2|180|13.5|76.4|0.00|0.00|43.1429|21.6852
14|16|0|135|17.5|42.2|180|14.3|76.6|0.00|0.00|43.1315|23.438
14|17|0|225|5.8|42.2|180|14.0|76.6|0.00|0.00|43.1482|23.438
14|19|0|135|23.3|42.2|180|13.7|76.6|0.00|0.00|43.1321|21.6852
14|20|0|158|7.3|42.2|180|13.4|76.6|0.00|0.00|43.1434|21.6852
14|21|0|135|20.4|42.2|180|13.3|76.6|0.00|0.00|43.1331|21.6852
14|22|0|225|13.1|42.2|180|13.2|76.3|0.00|0.00|43.1409|21.6852
14|25|0|180|22.6|42.2|180|13.7|76.6|0.00|0.00|43.1372|21.6852
14|26|0|135|10.2|42.2|180|13.5|76.6|0.00|0.00|43.1468|21.6852
14|27|0|180|11.3|42.2|180|13.7|76.6|0.00|0.00|43.1441|21.6852
14|28|0|225|4.4|42.2|180|13.9|76.7|0.00|0.00|43.1434|21.6852
14|29|0|180|10.2|42.2|180|13.6|76.7|0.00|0.00|43.1452|21.6852
14|30|0|158|12.9|42.2|180|13.6|76.7|0.00|0.00|43.1468|21.6852
14|31|0|270|6.4|42.2|180|13.7|76.8|0.00|0.00|43.1444|21.6852
14|33|0|180|7.3|42.2|180|13.8|77.1|0.00|0.00|43.1356|22.4677
14|34|0|225|2.9|42.2|180|14.1|77.3|0.00|0.00|43.1364|24.2271
14|35|0|180|8.1|42.2|180|14.0|77.6|0.00|0.00|43.1263|24.2271
14|36|0|135|10.2|42.2|180|14.1|77.9|0.00|0.00|43.124|24.2271
14|37|0|180|11.6|42.2|180|14.3|78.2|0.00|0.00|43.1279|25.0159
14|38|0|180|9.7|42.2|180|13.9|78.8|0.00|0.00|43.1262|23.2498
14|40|0|180|7.3|42.2|180|13.7|79.0|0.00|0.00|43.1334|24.0316
14|41|0|225|7.3|42.2|180|13.0|79.3|0.00|0.00|43.1353|24.0316
14|42|0|180|16.1|42.2|180|13.4|79.3|0.00|0.00|43.1294|24.0316
14|43|0|180|10.2|42.2|180|13.3|79.5|0.00|0.00|43.1243|24.0316
14|44|0|135|13.1|42.2|180|13.4|79.6|0.00|0.00|43.1154|24.0316
14|45|0|225|11.3|42.2|180|13.6|79.8|0.00|0.00|43.1205|24.0316
14|46|0|113|7.3|42.2|180|13.8|80.4|0.00|0.00|43.1242|24.813
14|47|0|225|7.3|42.2|180|14.3|80.9|0.00|0.00|43.1266|26.5923
14|48|0|135|10.2|42.2|180|14.0|81.4|0.00|0.00|43.1173|27.3799
14|49|0|225|8.7|42.2|180|13.9|81.7|0.00|0.00|43.121|25.594
14|50|0|135|8.1|42.2|180|13.1|82.2|0.00|0.00|43.1228|26.3746
14|52|0|135|20.4|42.2|180|12.9|82.7|0.00|0.00|43.1175|24.4555
14|53|0|180|16.0|42.2|180|12.6|82.7|0.00|0.00|43.1259|24.4555
14|54|0|180|17.7|42.2|180|12.6|82.9|0.00|0.00|43.1243|24.4555
14|56|0|180|11.3|42.2|180|11.9|82.7|0.00|0.00|43.1345|22.389
14|57|0|180|17.5|42.2|180|11.6|82.3|0.00|0.00|43.1277|22.389
14|58|0|180|20.4|42.2|180|11.9|82.0|0.00|0.00|43.1306|22.389
15|01|0|225|7.3|42.2|180|11.9|81.4|0.00|0.00|43.1338|21.6231
15|02|0|135|10.2|42.2|180|12.1|80.9|0.00|0.00|43.1313|22.908
15|03|0|180|13.1|42.2|180|11.8|80.4|0.00|0.00|43.1249|20.8567
15|04|0|180|7.3|42.2|180|12.3|80.4|0.00|0.00|43.1222|22.908
15|05|0|203|8.7|42.2|180|12.6|80.6|0.00|0.00|43.1255|22.908
15|06|0|270|8.1|42.2|180|12.6|80.6|0.00|0.00|43.1384|22.908
15|07|0|180|7.3|42.2|180|12.6|80.6|0.00|0.00|43.1291|22.908
15|08|0|203|4.4|42.2|180|12.4|80.6|0.00|0.00|43.1331|22.908
15|09|0|180|7.3|42.2|180|12.8|80.5|0.00|0.00|43.1371|22.908
15|11|0|135|20.4|42.2|180|12.6|79.9|0.00|0.00|43.1282|22.1337
15|12|0|180|8.7|42.2|180|12.6|79.7|0.00|0.00|43.1358|22.1337
15|13|0|180|7.3|42.2|180|12.9|79.4|0.00|0.00|43.1384|22.1337
15|15|0|180|7.3|42.2|180|13.1|79.0|0.00|0.00|43.1427|24.0316
15|16|0|225|10.2|42.2|180|13.5|78.9|0.00|0.00|43.1468|23.2498
15|17|0|270|7.3|42.2|180|13.4|78.9|0.00|0.00|43.1425|23.2498
15|18|0|180|8.7|42.2|180|13.7|78.8|0.00|0.00|43.1452|23.2498
15|19|0|225|5.8|42.2|180|13.4|78.7|0.00|0.00|43.1434|23.2498
15|20|0|270|4.4|42.2|180|13.5|78.7|0.00|0.00|43.1425|23.2498
15|21|0|135|11.6|42.2|180|13.3|78.5|0.00|0.00|43.1377|23.2498
15|22|0|135|4.8|42.2|180|13.4|78.2|0.00|0.00|43.1382|23.2498
15|23|0|180|4.4|42.2|180|13.9|78.4|0.00|0.00|43.1409|23.2498
15|24|0|180|4.4|42.2|180|14.0|78.4|0.00|0.00|43.1406|25.0159
15|25|0|270|6.4|42.2|180|13.8|78.2|0.00|0.00|43.1425|23.2498
15|26|0|225|7.3|42.2|180|13.8|78.2|0.00|0.00|43.1408|23.2498
15|28|0|225|4.4|42.2|180|13.7|78.1|0.00|0.00|43.1369|23.2498
15|29|0|203|5.8|42.2|180|13.8|78.2|0.00|0.00|43.1451|23.2498
15|30|0|225|4.8|42.2|180|14.0|78.1|0.00|0.00|43.1405|25.0159
15|31|0|135|7.3|42.2|180|14.0|78.2|0.00|0.00|43.1354|25.0159
15|32|0|203|5.8|42.2|180|13.9|78.1|0.00|0.00|43.1379|23.2498
15|33|0|135|16.1|42.2|180|13.9|77.9|0.00|0.00|43.1359|22.4677
15|34|0|203|14.5|42.2|180|13.7|77.6|0.00|0.00|43.1415|22.4677
15|35|0|180|10.2|42.2|180|13.6|77.3|0.00|0.00|43.1467|22.4677
15|36|0|180|16.0|42.2|180|13.7|77.1|0.00|0.00|43.1443|22.4677
15|37|0|135|17.4|42.2|180|13.7|77.1|0.00|0.00|43.1341|22.4677
15|38|0|203|5.8|42.2|180|13.9|77.0|0.00|0.00|43.1524|22.4677
15|39|0|225|6.4|42.2|180|14.5|77.0|0.00|0.00|43.1512|24.2271
15|42|0|270|4.4|42.2|180|14.4|77.2|0.00|0.00|43.1496|24.2271
15|43|0|180|8.7|42.2|180|14.7|77.2|0.00|0.00|43.1477|24.2271
15|44|0|180|13.1|42.2|180|14.4|77.2|0.00|0.00|43.1431|24.2271
15|45|0|225|7.3|42.2|180|14.5|77.1|0.00|0.00|43.1588|24.2271
15|46|0|180|8.7|42.2|180|14.7|77.1|0.00|0.00|43.1538|24.2271
15|47|0|180|4.4|42.2|180|14.5|77.0|0.00|0.00|43.1551|24.2271
15|48|0|180|6.5|42.2|180|14.6|77.1|0.00|0.00|43.1553|24.2271
15|49|0|225|7.3|42.2|180|14.7|77.2|0.00|0.00|43.1566|24.2271
15|50|0|180|8.0|42.2|180|14.5|77.2|0.00|0.00|43.1557|24.2271
15|51|0|180|8.7|42.2|180|14.4|77.2|0.00|0.00|43.1543|24.2271
15|53|0|180|14.5|42.2|180|14.2|77.0|0.00|0.00|43.1459|24.2271
15|54|0|135|10.2|42.2|180|14.5|76.9|0.00|0.00|43.1485|23.438
15|55|0|135|16.0|42.2|180|14.2|76.8|0.00|0.00|43.1401|23.438
15|56|0|180|11.3|42.2|180|14.4|76.8|0.00|0.00|43.1455|23.438
15|57|0|180|7.3|42.2|180|14.5|76.7|0.00|0.00|43.1493|23.438
15|58|0|180|4.4|42.2|180|15.0|76.8|0.00|0.00|43.1487|25.0831
15|59|0|225|6.4|42.2|180|15.1|77.0|0.00|0.00|43.151|25.8784
16|00|0|225|10.2|42.2|180|14.8|77.0|0.00|0.00|43.1474|24.2271
16|01|0|270|6.5|42.2|180|14.7|77.1|0.00|0.00|43.1434|24.2271
16|02|0|180|14.5|42.2|180|14.5|77.2|0.00|0.00|43.1448|24.2271
16|03|0|180|14.5|42.2|180|14.5|77.1|0.00|0.00|43.1424|24.2271
16|04|0|135|11.3|42.2|180|14.1|77.1|0.00|0.00|43.1433|24.2271
16|06|0|180|4.4|42.2|180|14.1|77.0|0.00|0.00|43.1428|24.2271
16|07|0|270|3.2|42.2|180|14.4|77.1|0.00|0.00|43.1497|24.2271
16|08|0|180|2.9|42.2|180|15.2|77.2|0.00|0.00|43.1434|25.8784
16|09|0|180|7.3|42.2|180|15.6|77.3|0.00|0.00|43.1427|25.8784
16|10|0|135|10.2|42.2|180|15.1|77.3|0.00|0.00|43.1444|25.8784
16|11|0|225|7.3|42.2|180|14.5|77.1|0.00|0.00|43.1379|24.2271
16|12|0|135|11.6|42.2|180|14.5|77.0|0.00|0.00|43.1451|24.2271
16|13|0|225|5.8|42.2|180|14.8|76.9|0.00|0.00|43.1523|23.438
16|14|0|180|5.8|42.2|180|15.0|77.1|0.00|0.00|43.1445|25.8784
16|15|0|135|3.2|42.2|180|14.7|77.2|0.00|0.00|43.1396|24.2271
16|16|0|225|4.4|42.2|180|14.7|77.2|0.00|0.00|43.1424|24.2271
16|17|0|113|4.4|42.2|180|14.8|77.2|0.00|0.00|43.1374|24.2271
16|18|0|225|4.8|42.2|180|14.9|77.3|0.00|0.00|43.1376|24.2271
16|19|0|225|4.8|42.2|180|14.8|77.5|0.00|0.00|43.1436|24.2271
16|20|0|180|5.8|42.2|180|15.0|77.6|0.00|0.00|43.1481|25.8784
16|22|0|225|5.8|42.2|180|15.0|77.7|0.00|0.00|43.1426|25.8784
16|23|0|225|7.3|42.2|180|14.9|77.8|0.00|0.00|43.1365|24.2271
16|24|0|225|11.3|42.2|180|15.0|78.1|0.00|0.00|43.1318|26.6734
16|25|0|180|9.7|42.2|180|14.8|78.5|0.00|0.00|43.1279|25.0159
16|26|0|225|4.4|42.2|180|15.2|78.6|0.00|0.00|43.1358|26.6734
16|27|0|180|4.4|42.2|180|15.1|78.9|0.00|0.00|43.1414|26.6734
16|28|0|225|4.4|42.2|180|15.2|79.1|0.00|0.00|43.1427|27.4681
16|29|0|180|3.2|42.2|180|14.8|79.3|0.00|0.00|43.1394|25.8042
16|30|0|270|10.2|42.2|180|14.9|79.4|0.00|0.00|43.1298|25.8042
16|31|0|90|4.8|42.2|180|14.9|79.6|0.00|0.00|43.1324|25.8042
16|33|0|270|5.8|42.2|180|14.9|79.8|0.00|0.00|43.1239|25.8042
16|34|0|270|5.8|42.2|180|15.2|80.2|0.00|0.00|43.1329|28.2623
16|35|0|135|1.6|42.2|180|15.4|80.4|0.00|0.00|43.125|28.2623
16|36|0|225|4.4|42.2|180|15.4|80.7|0.00|0.00|43.1293|28.2623
16|37|0|180|8.0|42.2|180|15.7|81.1|0.00|0.00|43.1252|29.0562
16|39|0|225|1.5|42.2|180|14.5|81.6|0.00|0.00|43.1242|27.3799
16|40|0|180|5.8|42.2|180|14.3|82.0|0.00|0.00|43.1261|28.1672
16|42|0|225|2.9|42.2|180|13.9|82.6|0.00|0.00|43.1382|26.3746
16|44|0|90|5.8|42.2|180|13.6|82.6|0.00|0.00|43.1319|26.3746
16|45|0|180|3.2|42.2|180|13.6|82.7|0.00|0.00|43.1314|26.3746
16|47|0|225|8.1|42.2|180|12.9|82.5|0.00|0.00|43.1381|24.4555
16|48|0|180|4.4|42.2|180|13.0|82.4|0.00|0.00|43.1386|26.3746
16|49|0|225|4.4|42.2|180|13.1|82.3|0.00|0.00|43.1408|26.3746
16|50|0|180|3.2|42.2|180|13.4|82.0|0.00|0.00|43.1422|26.3746
16|51|0|135|7.3|42.2|180|13.5|81.7|0.00|0.00|43.1377|25.594
16|52|0|203|8.7|42.2|180|13.5|81.2|0.00|0.00|43.1334|25.594
16|53|0|180|8.7|42.2|180|13.8|80.9|0.00|0.00|43.1316|24.813
16|54|0|135|3.2|42.2|180|13.5|80.6|0.00|0.00|43.1322|24.813
16|55|0|225|4.8|42.2|180|13.8|80.6|0.00|0.00|43.1354|24.813
16|56|0|203|2.9|42.2|180|14.0|80.4|0.00|0.00|43.1326|26.5923
16|58|0|135|1.6|42.2|180|14.0|80.4|0.00|0.00|43.1285|26.5923
16|59|0|135|4.4|42.2|180|14.0|80.3|0.00|0.00|43.1229|26.5923
17|00|0|338|2.9|42.2|180|14.2|80.3|0.00|0.00|43.1268|26.5923
17|02|0|225|4.4|42.2|180|14.4|80.5|0.00|0.00|43.1256|26.5923
17|03|0|45|2.9|42.2|180|14.3|80.7|0.00|0.00|43.1263|26.5923
17|04|0|315|1.6|42.2|180|14.4|80.9|0.00|0.00|43.1262|26.5923
17|05|0|225|5.8|42.2|180|14.5|81.3|0.00|0.00|43.1262|27.3799
17|06|0|158|11.6|42.2|180|13.9|81.5|0.00|0.00|43.1223|25.594
17|08|0|135|4.4|42.2|180|14.1|82.0|0.00|0.00|43.1286|28.1672
17|09|0|315|10.2|42.2|180|13.8|82.0|0.00|0.00|43.1378|26.3746
17|12|0|225|8.1|42.2|180|13.6|81.6|0.00|0.00|43.1332|25.594
17|13|0|225|5.8|42.2|180|13.8|81.4|0.00|0.00|43.1389|25.594
17|14|0|225|4.4|42.2|180|13.5|81.2|0.00|0.00|43.1371|25.594
17|15|0|180|7.3|42.2|180|13.7|80.9|0.00|0.00|43.1324|24.813
17|16|0|180|17.7|42.2|180|13.5|80.2|0.00|0.00|43.124|24.813
17|17|0|225|5.8|42.2|180|13.8|79.5|0.00|0.00|43.1369|24.0316
17|18|0|225|1.6|42.2|180|13.9|79.5|0.00|0.00|43.1396|24.0316
17|19|0|315|5.8|42.2|180|14.3|79.5|0.00|0.00|43.1358|25.8042
17|21|0|270|5.8|42.2|180|14.2|79.5|0.00|0.00|43.1274|25.8042
17|22|0|180|4.8|42.2|180|14.0|79.6|0.00|0.00|43.1341|25.8042
17|23|0|180|4.4|42.2|180|14.4|79.6|0.00|0.00|43.1323|25.8042
17|24|0|135|14.5|42.2|180|14.4|79.7|0.00|0.00|43.1305|25.8042
17|26|0|135|8.7|42.2|180|13.7|79.8|0.00|0.00|43.1263|24.0316
17|27|0|225|3.2|42.2|180|14.4|79.9|0.00|0.00|43.142|25.8042
17|28|0|315|10.2|42.2|180|14.5|79.9|0.00|0.00|43.1322|25.8042
17|29|0|180|8.7|42.2|180|14.4|79.8|0.00|0.00|43.1488|25.8042
17|30|0|180|10.2|42.2|180|14.2|79.6|0.00|0.00|43.1453|25.8042
17|31|0|135|8.7|42.2|180|14.0|79.5|0.00|0.00|43.1359|25.8042
17|32|0|203|5.8|42.2|180|14.2|79.4|0.00|0.00|43.1418|25.8042
17|33|0|135|10.2|42.2|180|14.0|79.3|0.00|0.00|43.1411|25.8042
17|34|0|180|9.7|42.2|180|14.0|79.1|0.00|0.00|43.1333|25.8042
17|35|0|180|14.5|42.2|180|14.0|78.9|0.00|0.00|43.1381|25.0159
17|36|0|180|11.6|42.2|180|13.9|78.5|0.00|0.00|43.1377|23.2498
17|37|0|225|7.3|42.2|180|14.2|78.4|0.00|0.00|43.1377|25.0159
17|38|0|180|11.6|42.2|180|14.2|78.4|0.00|0.00|43.1382|25.0159
17|39|0|225|5.8|42.2|180|14.4|78.4|0.00|0.00|43.1424|25.0159
17|40|0|158|4.8|42.2|180|14.5|78.4|0.00|0.00|43.1443|25.0159
17|43|0|225|3.2|42.2|180|14.4|78.5|0.00|0.00|43.1418|25.0159
17|44|0|180|10.2|42.2|180|14.3|78.5|0.00|0.00|43.1386|25.0159
17|45|0|158|5.8|42.2|180|14.3|78.5|0.00|0.00|43.137|25.0159
17|46|0|180|7.3|42.2|180|14.3|78.6|0.00|0.00|43.1369|25.0159
17|47|0|225|5.8|42.2|180|14.5|78.7|0.00|0.00|43.1368|25.0159
17|48|0|270|2.9|42.2|180|14.4|78.8|0.00|0.00|43.141|25.0159
17|50|0|45|11.6|42.2|180|14.0|78.8|0.00|0.00|43.139|25.0159
17|51|0|180|8.1|42.2|180|14.3|78.8|0.00|0.00|43.1389|25.0159
17|52|0|270|2.9|42.2|180|14.2|78.9|0.00|0.00|43.1395|25.0159
17|56|0|180|4.8|42.2|180|14.7|79.1|0.00|0.00|43.1354|25.8042
17|57|0|225|3.2|42.2|180|14.7|79.3|0.00|0.00|43.1365|25.8042
17|58|0|135|3.2|42.2|180|13.8|79.3|0.00|0.00|43.1349|24.0316
17|59|0|315|3.2|42.2|180|13.6|79.4|0.00|0.00|43.1348|24.0316
18|00|0|180|1.5|42.2|180|14.1|79.5|0.00|0.00|43.1371|25.8042
18|01|0|180|5.8|42.2|180|14.4|79.4|0.00|0.00|43.1358|25.8042
18|02|0|315|4.8|42.2|180|14.1|79.4|0.00|0.00|43.1384|25.8042
18|03|0|180|4.4|42.2|180|14.1|79.3|0.00|0.00|43.1379|25.8042
18|05|0|180|2.9|42.2|180|14.1|79.3|0.00|0.00|43.1418|25.8042
18|06|0|225|2.9|42.2|180|14.1|79.4|0.00|0.00|43.1469|25.8042
18|07|0|225|5.8|42.2|180|14.3|79.4|0.00|0.00|43.1462|25.8042
18|08|0|180|7.3|42.2|180|13.9|79.1|0.00|0.00|43.1434|24.0316
18|09|0|180|4.4|42.2|180|14.0|79.1|0.00|0.00|43.149|25.8042
18|10|0|203|1.5|42.2|180|14.0|79.0|0.00|0.00|43.1489|25.8042
18|11|0|180|5.8|42.2|180|14.1|78.9|0.00|0.00|43.1512|25.0159
18|12|0|225|4.4|42.2|180|14.6|78.8|0.00|0.00|43.1508|25.0159
18|13|0|113|5.8|42.2|180|14.5|78.7|0.00|0.00|43.1489|25.0159
18|14|0|135|5.8|42.2|180|14.5|78.7|0.00|0.00|43.1508|25.0159
18|16|0|135|8.1|42.2|180|15.0|78.6|0.00|0.00|43.1478|26.6734
18|17|0|180|17.5|42.2|180|14.2|78.1|0.00|0.00|43.1398|25.0159
18|18|0|135|4.4|42.2|180|14.4|78.0|0.00|0.00|43.1455|25.0159
18|19|0|225|2.9|42.2|180|14.6|78.0|0.00|0.00|43.1487|25.0159
18|21|0|180|9.7|42.2|180|14.3|78.0|0.00|0.00|43.1443|25.0159
18|22|0|180|3.2|42.2|180|14.3|77.9|0.00|0.00|43.1452|24.2271
18|23|0|90|2.9|42.2|180|14.3|77.9|0.00|0.00|43.1443|24.2271
18|24|0|180|2.9|42.2|180|14.6|78.0|0.00|0.00|43.1428|25.0159
18|25|0|225|3.2|42.2|180|14.5|78.0|0.00|0.00|43.1449|25.0159
18|26|0|45|4.4|42.2|180|14.0|78.0|0.00|0.00|43.1443|25.0159
18|28|0|180|1.5|42.2|180|14.3|78.0|0.00|0.00|43.1455|25.0159
18|29|0|270|1.6|42.2|180|14.3|78.1|0.00|0.00|43.1452|25.0159
18|30|0|180|1.6|42.2|180|14.2|78.1|0.00|0.00|43.1465|25.0159
18|31|0|225|3.2|42.2|180|14.2|78.1|0.00|0.00|43.1464|25.0159
18|32|0|180|1.5|42.2|180|14.4|78.2|0.00|0.00|43.1483|25.0159
18|33|0|180|0.0|42.2|180|14.6|78.2|0.00|0.00|43.1473|25.0159
18|34|0|225|2.9|42.2|180|14.8|78.2|0.00|0.00|43.1491|25.0159
18|35|0|225|1.5|42.2|180|14.7|78.2|0.00|0.00|43.148|25.0159
18|36|0|315|1.5|42.2|180|14.6|78.2|0.00|0.00|43.1481|25.0159
18|37|0|270|1.5|42.2|180|14.8|78.2|0.00|0.00|43.149|25.0159
18|38|0|180|4.4|42.2|180|14.6|78.2|0.00|0.00|43.1484|25.0159
18|39|0|180|1.5|42.2|180|14.4|78.2|0.00|0.00|43.1521|25.0159
18|42|0|135|1.5|42.2|180|14.2|78.0|0.00|0.00|43.1492|25.0159
18|43|0|315|1.5|42.2|180|14.0|78.0|0.00|0.00|43.1491|25.0159
18|44|0|270|2.9|42.2|180|14.6|78.0|0.00|0.00|43.1498|25.0159
18|45|0|270|2.9|42.2|180|16.2|77.9|0.00|0.00|43.1533|27.435
18|46|0|315|8.7|42.2|180|17.0|77.6|0.00|0.00|43.1481|28.9077
18|47|0|315|1.6|42.2|180|17.9|77.5|0.00|0.00|43.1481|28.9077
18|49|0|180|4.4|42.2|180|17.4|77.2|0.00|0.00|43.1522|28.9077
18|50|0|270|1.6|42.2|180|16.9|77.1|0.00|0.00|43.1601|27.435
18|52|0|270|9.7|42.2|180|16.4|76.7|0.00|0.00|43.1626|26.6337
18|54|0|315|1.5|42.2|180|15.6|76.4|0.00|0.00|43.1579|25.0831
18|55|0|158|2.9|42.2|180|15.7|76.3|0.00|0.00|43.1531|25.0831
18|56|0|225|2.9|42.2|180|15.4|76.2|0.00|0.00|43.1564|25.0831
18|57|0|0|5.8|42.2|180|15.5|76.2|0.00|0.00|43.1572|25.0831
18|58|0|270|0.0|1.6|270|15.4|76.2|0.00|0.00|43.157|25.0831
18|59|0|270|4.4|5.8|315|16.7|76.2|0.00|0.00|43.1597|26.6337
19|00|0|315|10.2|13.1|315|16.7|76.1|0.00|0.00|43.1581|26.6337
19|01|0|338|6.4|13.1|315|17.0|76.1|0.00|0.00|43.1631|28.1008
19|02|0|315|4.4|13.1|315|17.3|76.0|0.00|0.00|43.1654|28.1008
19|03|0|135|5.8|13.1|315|17.4|75.9|0.00|0.00|43.1689|27.2936
19|04|0|315|4.8|13.1|315|17.2|75.8|0.00|0.00|43.1676|27.2936
19|05|0|180|4.4|13.1|315|15.7|75.7|0.00|0.00|43.1632|24.2874
19|06|0|225|1.5|13.1|315|15.3|75.8|0.00|0.00|43.1595|24.2874
19|07|0|0|0.0|13.1|315|16.1|75.8|0.00|0.00|43.1569|25.8321
19|08|0|315|7.3|13.1|315|18.4|75.7|0.00|0.00|43.1606|28.6809
19|09|0|315|4.8|13.1|315|18.3|75.5|0.00|0.00|43.1615|28.6809
19|11|0|315|4.4|13.1|315|19.7|75.4|0.00|0.00|43.1631|30.0016
19|12|0|248|8.7|13.1|315|19.9|75.1|0.00|0.00|43.1603|30.0016
19|14|0|315|13.1|14.5|315|19.5|74.3|0.00|0.00|43.1528|29.1837
19|15|0|270|4.4|14.5|315|19.7|74.0|0.00|0.00|43.1593|29.1837
19|16|0|203|2.9|14.5|315|21.0|73.9|0.00|0.00|43.161|30.8129
19|17|0|315|2.9|14.5|315|20.5|73.9|0.00|0.00|43.1643|29.6162
19|18|0|270|2.9|14.5|315|20.6|73.6|0.00|0.00|43.1635|29.6162
19|19|0|315|4.4|14.5|315|21.5|73.5|0.00|0.00|43.169|30.8129
19|20|0|225|4.8|14.5|315|19.7|73.4|0.00|0.00|43.1731|28.3654
19|21|0|315|5.8|14.5|315|20.2|73.3|0.00|0.00|43.1725|29.6162
19|24|0|270|5.8|14.5|315|20.6|73.2|0.00|0.00|43.1764|29.6162
19|25|0|315|5.8|14.5|315|20.1|73.1|0.00|0.00|43.1721|29.6162
19|26|0|203|4.4|14.5|315|20.7|73.1|0.00|0.00|43.1744|29.6162
19|27|0|225|2.9|14.5|315|19.7|73.1|0.00|0.00|43.1746|28.3654
19|28|0|315|3.2|14.5|315|19.8|73.0|0.00|0.00|43.1762|28.3654
19|29|0|315|4.4|14.5|315|19.7|73.0|0.00|0.00|43.1778|28.3654
19|30|0|315|2.9|14.5|315|20.9|73.0|0.00|0.00|43.18|29.6162
19|31|0|315|5.8|14.5|315|20.2|72.8|0.00|0.00|43.1795|28.7928
19|32|0|225|1.5|14.5|315|20.1|72.8|0.00|0.00|43.1812|28.7928
19|33|0|315|2.9|14.5|315|20.4|73.0|0.00|0.00|43.1825|29.6162
19|34|0|270|2.9|14.5|315|20.7|73.0|0.00|0.00|43.1798|29.6162
19|36|0|315|2.9|14.5|315|21.0|72.8|0.00|0.00|43.1792|29.9849
19|37|0|315|4.4|14.5|315|20.9|72.8|0.00|0.00|43.1769|28.7928
19|38|0|315|5.8|14.5|315|21.1|72.8|0.00|0.00|43.1768|29.9849
19|39|0|338|4.8|14.5|315|22.5|72.7|0.00|0.00|43.1742|31.1277
19|41|0|270|4.4|14.5|315|23.0|72.5|0.00|0.00|43.1734|32.2254
19|42|0|0|3.2|14.5|315|22.0|72.3|0.00|0.00|43.1764|31.1277
19|43|0|315|1.6|14.5|315|21.9|72.2|0.00|0.00|43.1794|29.9849
19|44|0|315|2.9|14.5|315|21.9|72.1|0.00|0.00|43.1817|29.9849
19|45|0|0|5.8|14.5|315|21.5|71.9|0.00|0.00|43.1813|29.1565
19|46|0|270|7.3|14.5|315|21.2|71.8|0.00|0.00|43.179|29.1565
19|47|0|315|7.3|14.5|315|21.6|71.7|0.00|0.00|43.1804|29.1565
19|49|0|270|4.4|14.5|315|22.0|71.6|0.00|0.00|43.1797|30.2948
19|50|0|315|5.8|14.5|315|22.1|71.5|0.00|0.00|43.177|30.2948
19|51|0|315|5.8|14.5|315|21.8|71.5|0.00|0.00|43.1783|29.1565
19|52|0|315|4.4|14.5|315|22.3|71.4|0.00|0.00|43.1799|30.2948
19|53|0|315|7.3|14.5|315|22.2|71.3|0.00|0.00|43.181|30.2948
19|54|0|315|7.3|14.5|315|22.5|71.2|0.00|0.00|43.1827|30.2948
19|55|0|315|7.3|14.5|315|22.5|70.9|0.00|0.00|43.1776|29.4617
19|57|0|315|5.8|14.5|315|21.9|70.9|0.00|0.00|43.1812|28.3278
19|58|0|315|6.4|14.5|315|22.4|70.8|0.00|0.00|43.1773|29.4617
19|59|0|270|4.4|14.5|315|21.8|70.8|0.00|0.00|43.1844|28.3278
20|01|0|0|2.9|14.5|315|21.5|70.9|0.00|0.00|43.1854|28.3278
20|02|0|315|4.4|14.5|315|21.6|70.8|0.00|0.00|43.1832|28.3278
20|03|0|270|5.8|14.5|315|22.0|70.8|0.00|0.00|43.1827|29.4617
20|04|0|315|8.7|14.5|315|22.0|70.8|0.00|0.00|43.1827|29.4617
20|05|0|0|2.9|14.5|315|21.7|70.7|0.00|0.00|43.1845|28.3278
20|06|0|179|2.9|14.5|315|22.3|70.6|0.00|0.00|43.1868|29.4617
20|07|0|315|4.4|14.5|315|22.1|70.6|0.00|0.00|43.1871|29.4617
20|08|0|270|4.4|14.5|315|22.1|70.6|0.00|0.00|43.1902|29.4617
20|09|0|270|4.4|14.5|315|21.7|70.4|0.00|0.00|43.1878|28.3278
20|10|0|315|5.8|14.5|315|22.0|70.5|0.00|0.00|43.1919|29.4617
20|12|0|315|4.4|14.5|315|21.8|70.4|0.00|0.00|43.1918|28.3278
20|13|0|315|2.9|14.5|315|22.7|70.5|0.00|0.00|43.1939|29.4617
20|14|0|315|2.9|14.5|315|22.3|70.4|0.00|0.00|43.1937|29.4617
20|15|0|315|6.5|14.5|315|22.3|70.5|0.00|0.00|43.1946|29.4617
20|16|0|315|2.9|14.5|315|22.3|70.4|0.00|0.00|43.1966|29.4617
20|17|0|315|1.5|14.5|315|22.3|70.4|0.00|0.00|43.1973|29.4617
20|18|0|315|4.4|14.5|315|22.7|70.1|0.00|0.00|43.1989|29.4617
20|19|0|315|5.8|14.5|315|22.3|70.1|0.00|0.00|43.2008|29.4617
20|20|0|315|5.8|14.5|315|22.1|70.0|0.00|0.00|43.2023|29.4617
20|22|0|0|4.4|14.5|315|22.4|70.0|0.00|0.00|43.2055|29.4617
20|23|0|0|3.2|14.5|315|22.5|70.0|0.00|0.00|43.2072|29.4617
20|25|0|315|3.2|14.5|315|22.9|70.0|0.00|0.00|43.2087|29.4617
20|26|0|315|3.2|14.5|315|22.1|69.9|0.00|0.00|43.2094|28.6283
20|27|0|270|4.8|14.5|315|22.0|69.8|0.00|0.00|43.2076|28.6283
20|28|0|270|4.8|14.5|315|22.1|69.8|0.00|0.00|43.207|28.6283
20|29|0|270|7.3|14.5|315|22.6|69.8|0.00|0.00|43.2081|28.6283
20|30|0|315|8.1|14.5|315|22.6|69.8|0.00|0.00|43.2092|28.6283
20|31|0|315|3.2|14.5|315|22.5|69.8|0.00|0.00|43.2101|28.6283
20|33|0|315|2.9|14.5|315|23.1|69.7|0.00|0.00|43.2112|29.7132
20|35|0|315|5.8|14.5|315|22.1|69.6|0.00|0.00|43.2139|28.6283
20|36|0|315|8.7|14.5|315|21.9|69.6|0.00|0.00|43.2115|27.4988
20|37|0|270|6.4|14.5|315|21.6|69.5|0.00|0.00|43.2102|27.4988
20|38|0|315|2.9|14.5|315|22.4|69.7|0.00|0.00|43.2169|28.6283
20|40|0|270|4.8|14.5|315|22.3|69.7|0.00|0.00|43.2188|28.6283
20|42|0|270|4.4|14.5|315|21.8|69.6|0.00|0.00|43.2172|27.4988
20|43|0|315|2.9|14.5|315|21.8|69.6|0.00|0.00|43.2184|27.4988
20|44|0|315|2.9|14.5|315|22.1|69.7|0.00|0.00|43.2193|28.6283
20|45|0|0|4.4|14.5|315|21.8|69.7|0.00|0.00|43.2194|27.4988
20|46|0|315|4.8|14.5|315|21.8|69.7|0.00|0.00|43.2195|27.4988
20|47|0|315|2.9|14.5|315|21.9|69.7|0.00|0.00|43.2213|27.4988
20|48|0|270|2.9|14.5|315|22.2|69.7|0.00|0.00|43.2204|28.6283
20|49|0|270|6.5|14.5|315|22.3|69.7|0.00|0.00|43.2206|28.6283
20|50|0|270|11.6|14.5|315|22.2|69.6|0.00|0.00|43.2219|28.6283
20|51|0|315|2.9|14.5|315|21.9|69.6|0.00|0.00|43.2222|27.4988
20|52|0|270|4.4|14.5|315|21.8|69.6|0.00|0.00|43.2227|27.4988
20|54|0|270|2.9|14.5|315|21.9|69.6|0.00|0.00|43.2274|27.4988
20|56|0|270|7.3|14.5|315|21.9|69.6|0.00|0.00|43.2281|27.4988
20|57|0|270|4.4|14.5|315|21.7|69.6|0.00|0.00|43.2278|27.4988
20|58|0|270|1.5|14.5|315|21.9|69.7|0.00|0.00|43.2308|27.4988
20|59|0|315|3.2|14.5|315|22.2|69.7|0.00|0.00|43.2301|28.6283
21|00|0|270|3.2|14.5|315|22.1|69.7|0.00|0.00|43.23|28.6283
21|01|0|270|4.8|14.5|315|22.3|69.6|0.00|0.00|43.2309|28.6283
21|03|0|270|5.8|14.5|315|22.0|69.6|0.00|0.00|43.2347|28.6283
21|04|0|270|2.9|14.5|315|22.1|69.6|0.00|0.00|43.2351|28.6283
21|06|0|270|1.5|14.5|315|22.2|69.6|0.00|0.00|43.2354|28.6283
21|07|0|270|4.4|14.5|315|22.4|69.6|0.00|0.00|43.2363|28.6283
21|08|0|270|4.8|14.5|315|22.3|69.5|0.00|0.00|43.2374|28.6283
21|09|0|270|1.6|14.5|315|22.4|69.5|0.00|0.00|43.2397|28.6283
21|10|0|270|1.6|14.5|315|22.4|69.4|0.00|0.00|43.2395|28.6283
21|11|0|315|1.5|14.5|315|22.3|69.4|0.00|0.00|43.2401|28.6283
21|12|0|315|1.5|14.5|315|22.3|69.4|0.00|0.00|43.2382|28.6283
21|13|0|315|1.5|14.5|315|22.6|69.4|0.00|0.00|43.2397|28.6283
21|14|0|270|1.5|14.5|315|22.9|69.2|0.00|0.00|43.2389|28.6283
21|15|0|270|1.5|14.5|315|22.5|69.2|0.00|0.00|43.2403|28.6283
21|16|0|225|1.5|14.5|315|22.5|69.1|0.00|0.00|43.2444|28.6283
21|17|0|248|2.9|14.5|315|22.5|69.1|0.00|0.00|43.2442|28.6283
21|18|0|270|1.6|14.5|315|22.2|69.1|0.00|0.00|43.2482|28.6283
21|19|0|270|2.9|14.5|315|22.3|69.0|0.00|0.00|43.2452|28.6283
21|20|0|270|2.9|14.5|315|22.2|69.0|0.00|0.00|43.2472|28.6283
21|23|0|270|1.6|14.5|315|22.1|68.9|0.00|0.00|43.2486|27.7945
21|24|0|315|1.5|14.5|315|22.1|68.9|0.00|0.00|43.2505|27.7945
21|25|0|315|1.5|14.5|315|23.0|68.9|0.00|0.00|43.2529|28.8752
21|26|0|315|2.9|14.5|315|23.1|68.8|0.00|0.00|43.2554|28.8752
21|27|0|315|1.6|14.5|315|23.6|68.8|0.00|0.00|43.2576|28.8752
21|28|0|315|1.5|14.5|315|23.3|68.7|0.00|0.00|43.2583|28.8752
21|29|0|270|1.5|14.5|315|23.3|68.7|0.00|0.00|43.261|28.8752
21|30|0|0|2.9|14.5|315|23.4|68.6|0.00|0.00|43.2617|28.8752
21|31|0|315|1.5|14.5|315|24.0|68.6|0.00|0.00|43.2643|29.915
21|32|0|315|1.5|14.5|315|24.3|68.5|0.00|0.00|43.2641|29.915
21|33|0|315|1.5|14.5|315|25.1|68.5|0.00|0.00|43.2665|30.9172
21|36|0|0|1.5|14.5|315|25.8|68.3|0.00|0.00|43.2666|30.9172
21|37|0|315|1.5|14.5|315|25.8|68.2|0.00|0.00|43.2659|30.9172
21|38|0|315|0.0|14.5|315|25.9|68.1|0.00|0.00|43.2666|30.9172
21|39|0|315|0.0|14.5|315|24.9|68.0|0.00|0.00|43.2658|29.915
21|40|0|315|0.0|14.5|315|25.4|67.9|0.00|0.00|43.2658|30.0707
21|41|0|0|2.9|14.5|315|24.7|67.8|0.00|0.00|43.2657|29.0725
21|42|0|0|0.0|14.5|315|25.7|67.7|0.00|0.00|43.2673|30.0707
21|43|0|0|1.5|14.5|315|26.1|67.7|0.00|0.00|43.269|31.0342
21|44|0|0|0.0|14.5|315|26.3|67.7|0.00|0.00|43.2695|31.0342
21|46|0|45|0.0|14.5|315|26.2|67.6|0.00|0.00|43.2727|31.0342
21|47|0|45|3.2|14.5|315|26.7|67.4|0.00|0.00|43.2721|31.0342
21|48|0|45|1.5|14.5|315|25.8|67.3|0.00|0.00|43.2723|30.0707
21|50|0|45|1.5|14.5|315|25.1|67.3|0.00|0.00|43.2732|30.0707
21|52|0|45|0.0|14.5|315|24.9|67.2|0.00|0.00|43.2734|29.0725
21|53|0|0|1.5|14.5|315|24.8|67.2|0.00|0.00|43.2735|29.0725
21|54|0|45|1.5|14.5|315|24.8|67.2|0.00|0.00|43.2751|29.0725
21|55|0|45|1.6|14.5|315|25.1|67.1|0.00|0.00|43.2742|30.0707
21|56|0|0|1.5|14.5|315|25.0|67.2|0.00|0.00|43.2768|30.0707
21|57|0|45|1.6|14.5|315|24.8|67.1|0.00|0.00|43.2764|29.0725
21|58|0|45|1.5|14.5|315|24.5|67.1|0.00|0.00|43.2748|29.0725
22|00|0|0|1.5|14.5|315|24.6|67.2|0.00|0.00|43.2782|29.0725
22|01|0|45|2.9|14.5|315|25.4|67.1|0.00|0.00|43.2784|30.0707
22|02|0|45|1.5|14.5|315|25.3|67.1|0.00|0.00|43.2749|30.0707
22|03|0|90|0.0|14.5|315|25.1|67.1|0.00|0.00|43.2759|30.0707
22|05|0|0|1.5|14.5|315|25.8|67.0|0.00|0.00|43.2807|30.0707
22|07|0|0|2.9|14.5|315|29.7|66.9|0.00|0.00|43.2821|32.8785
22|08|0|0|5.8|14.5|315|27.2|66.7|0.00|0.00|43.2798|31.1112
22|09|0|45|2.9|14.5|315|26.2|66.5|0.00|0.00|43.2825|30.1837
22|10|0|0|3.2|14.5|315|26.2|66.4|0.00|0.00|43.2832|30.1837
22|11|0|0|3.2|14.5|315|27.0|66.3|0.00|0.00|43.2843|31.1112
22|13|0|315|1.5|14.5|315|27.6|66.3|0.00|0.00|43.2879|31.1112
22|14|0|0|5.8|14.5|315|26.4|66.1|0.00|0.00|43.2877|30.1837
22|15|0|0|4.4|14.5|315|27.1|66.1|0.00|0.00|43.2903|31.1112
22|16|0|315|3.2|14.5|315|26.5|66.0|0.00|0.00|43.2909|30.1837
22|17|0|0|2.9|14.5|315|26.8|66.0|0.00|0.00|43.2922|30.1837
22|18|0|0|4.4|14.5|315|26.6|66.0|0.00|0.00|43.2922|30.1837
22|19|0|0|7.3|14.5|315|27.4|66.0|0.00|0.00|43.2901|31.1112
22|20|0|0|1.5|14.5|315|27.2|66.0|0.00|0.00|43.2917|31.1112
22|21|0|0|4.4|14.5|315|27.4|66.0|0.00|0.00|43.2934|31.1112
22|22|0|0|3.2|14.5|315|28.0|66.1|0.00|0.00|43.2942|32.0088
22|23|0|0|1.5|14.5|315|27.6|66.1|0.00|0.00|43.2926|31.1112
22|24|0|0|1.6|14.5|315|27.9|66.1|0.00|0.00|43.2964|31.1112
22|25|0|0|4.4|14.5|315|27.1|66.0|0.00|0.00|43.2952|31.1112
22|26|0|0|2.9|14.5|315|26.5|66.0|0.00|0.00|43.2956|30.1837
22|27|0|0|3.2|14.5|315|27.1|66.0|0.00|0.00|43.2956|31.1112
22|28|0|0|1.5|14.5|315|27.7|66.0|0.00|0.00|43.3004|31.1112
22|30|0|0|3.2|14.5|315|30.9|66.0|0.00|0.00|43.3018|33.7221
22|31|0|0|2.9|14.5|315|29.5|66.0|0.00|0.00|43.2982|32.8785
22|32|0|0|2.9|14.5|315|28.3|65.9|0.00|0.00|43.2985|31.1507
22|33|0|315|2.9|14.5|315|27.4|65.9|0.00|0.00|43.3003|30.2567
22|34|0|0|2.9|14.5|315|26.9|65.8|0.00|0.00|43.3011|29.3328
22|35|0|0|1.5|14.5|315|28.2|65.6|0.00|0.00|43.3048|31.1507
22|36|0|0|1.6|14.5|315|28.2|65.8|0.00|0.00|43.3063|31.1507
22|37|0|0|0.0|14.5|315|29.0|65.8|0.00|0.00|43.3078|32.0169
22|38|0|0|1.5|14.5|315|30.2|65.8|0.00|0.00|43.31|32.8571
22|39|0|45|1.5|14.5|315|28.3|65.6|0.00|0.00|43.3069|31.1507
22|40|0|23|1.5|14.5|315|28.8|65.5|0.00|0.00|43.308|31.1507
22|41|0|0|0.0|14.5|315|28.7|65.5|0.00|0.00|43.3087|31.1507
22|42|0|0|2.9|14.5|315|29.7|65.5|0.00|0.00|43.3108|32.0169
22|44|0|0|0.0|14.5|315|28.7|65.4|0.00|0.00|43.3101|31.1507
22|45|0|0|0.0|14.5|315|29.4|65.4|0.00|0.00|43.3107|32.0169
22|46|0|0|1.5|14.5|315|29.2|65.3|0.00|0.00|43.311|32.0169
22|47|0|45|0.0|14.5|315|29.0|65.3|0.00|0.00|43.3087|32.0169
22|48|0|225|0.0|14.5|315|30.8|65.3|0.00|0.00|43.311|32.8571
22|49|0|225|0.0|14.5|315|31.3|65.4|0.00|0.00|43.3127|33.6729
22|50|0|45|0.0|14.5|315|31.0|65.4|0.00|0.00|43.3108|33.6729
22|51|0|45|0.0|14.5|315|30.2|65.3|0.00|0.00|43.3116|32.8571
22|52|0|315|1.5|14.5|315|30.2|65.3|0.00|0.00|43.3112|32.8571
22|54|0|315|0.0|14.5|315|29.9|65.2|0.00|0.00|43.3114|32.0169
22|55|0|315|1.5|14.5|315|32.6|65.1|0.00|0.00|43.3105|34.4658
22|56|0|315|0.0|14.5|315|32.8|65.1|0.00|0.00|43.3078|34.4658
22|57|0|315|1.5|14.5|315|32.1|65.0|0.00|0.00|43.3086|34.4658
22|58|0|315|1.5|14.5|315|32.3|64.7|0.00|0.00|43.3089|33.594
22|59|0|315|0.0|14.5|315|32.0|64.6|0.00|0.00|43.3099|33.594
23|00|0|315|1.6|14.5|315|31.6|64.5|0.00|0.00|43.3095|32.8043
23|01|0|315|0.0|14.5|315|33.3|64.4|0.00|0.00|43.3093|34.3621
23|02|0|315|0.0|14.5|315|33.4|64.3|0.00|0.00|43.3117|34.3621
23|03|0|270|0.0|14.5|315|33.7|64.2|0.00|0.00|43.3125|34.3621
23|04|0|315|0.0|14.5|315|33.6|64.1|0.00|0.00|43.3116|34.3621
23|05|0|315|1.6|14.5|315|33.1|64.0|0.00|0.00|43.3111|34.3621
23|06|0|315|0.0|14.5|315|32.3|63.8|0.00|0.00|43.3114|32.7219
23|08|0|315|0.0|14.5|315|32.0|63.7|0.00|0.00|43.3085|32.7219
23|09|0|315|0.0|14.5|315|31.8|63.6|0.00|0.00|43.3109|31.9355
23|10|0|225|0.0|14.5|315|31.8|63.6|0.00|0.00|43.3108|31.9355
23|11|0|180|0.0|14.5|315|32.3|63.5|0.00|0.00|43.3116|32.7219
23|12|0|180|1.6|14.5|315|33.2|63.4|0.00|0.00|43.3099|33.4869
23|13|0|180|1.6|14.5|315|33.2|63.4|0.00|0.00|43.3103|33.4869
23|14|0|180|1.5|14.5|315|32.8|63.4|0.00|0.00|43.31|32.7219
23|15|0|135|0.0|14.5|315|32.3|63.3|0.00|0.00|43.3083|32.7219
23|16|0|90|0.0|14.5|315|30.6|63.3|0.00|0.00|43.3076|31.1262
23|17|0|90|1.5|14.5|315|30.5|63.3|0.00|0.00|43.3097|31.1262
23|18|0|90|0.0|14.5|315|29.9|63.3|0.00|0.00|43.3086|30.2928
23|20|0|315|0.0|14.5|315|32.7|63.4|0.00|0.00|43.3107|32.7219
23|21|0|45|0.0|14.5|315|34.7|63.4|0.00|0.00|43.31|34.2317
23|22|0|45|0.0|14.5|315|33.6|63.4|0.00|0.00|43.3115|33.4869
23|23|0|90|0.0|14.5|315|32.3|63.3|0.00|0.00|43.31|32.7219
23|24|0|90|0.0|14.5|315|31.8|63.3|0.00|0.00|43.3105|31.9355
23|25|0|90|0.0|14.5|315|31.5|63.3|0.00|0.00|43.3117|31.9355
23|26|0|90|0.0|14.5|315|31.3|63.3|0.00|0.00|43.3116|31.9355
23|28|0|180|0.0|14.5|315|31.7|63.2|0.00|0.00|43.312|31.9355
23|29|0|180|0.0|14.5|315|31.6|63.2|0.00|0.00|43.311|31.9355
23|31|0|0|0.0|14.5|315|31.6|63.2|0.00|0.00|43.3103|31.9355
23|32|0|0|0.0|14.5|315|32.0|63.2|0.00|0.00|43.308|32.7219
23|33|0|0|0.0|14.5|315|31.4|63.2|0.00|0.00|43.3103|31.9355
23|35|0|0|0.0|14.5|315|30.3|63.0|0.00|0.00|43.3105|31.1262
23|36|0|0|0.0|14.5|315|30.3|63.0|0.00|0.00|43.3087|31.1262
23|38|0|0|0.0|14.5|315|32.8|63.0|0.00|0.00|43.3099|32.7219
23|40|0|0|0.0|14.5|315|33.7|63.0|0.00|0.00|43.31|33.4869
23|41|0|315|0.0|14.5|315|35.2|62.9|0.00|0.00|43.3097|34.076
23|42|0|315|0.0|14.5|315|35.6|62.9|0.00|0.00|43.309|34.076
23|43|0|315|0.0|14.5|315|35.4|62.8|0.00|0.00|43.3097|34.076
23|44|0|315|0.0|14.5|315|34.8|62.7|0.00|0.00|43.3093|33.3532
23|45|0|90|0.0|14.5|315|33.9|62.6|0.00|0.00|43.3087|32.6115
23|46|0|90|0.0|14.5|315|33.3|62.5|0.00|0.00|43.3074|32.6115
23|47|0|270|0.0|14.5|315|33.4|62.5|0.00|0.00|43.3067|32.6115
23|48|0|315|0.0|14.5|315|34.3|62.4|0.00|0.00|43.3035|33.3532
23|49|0|135|0.0|14.5|315|34.8|62.3|0.00|0.00|43.3054|33.3532
23|50|0|0|0.0|14.5|315|35.3|62.2|0.00|0.00|43.3071|34.076
23|51|0|0|0.0|14.5|315|35.7|62.2|0.00|0.00|43.31|34.076
23|52|0|0|0.0|14.5|315|35.3|61.9|0.00|0.00|43.3109|33.1943
23|53|0|270|0.0|14.5|315|35.0|61.9|0.00|0.00|43.3135|33.1943
23|54|0|270|0.0|14.5|315|34.9|61.9|0.00|0.00|43.3135|32.4745
23|55|0|270|0.0|14.5|315|34.9|61.8|0.00|0.00|43.3109|32.4745
23|56|0|0|1.6|14.5|315|36.4|61.7|0.00|0.00|43.3101|33.8961
23|58|0|315|1.5|14.5|315|36.8|61.6|0.00|0.00|43.3124|33.8961
23|59|0|0|1.5|14.5|315|35.6|61.6|0.00|0.00|43.3117|33.1943
