00|00|0|270|1.5|26.2|0|33.7|60.9|0.00|0.00|43.705|30.8599
00|01|0|270|1.5|26.2|0|35.5|60.8|0.00|0.00|43.7041|32.3124
00|03|0|270|0.0|26.2|0|36.1|60.3|0.00|0.00|43.7065|33.0113
00|04|0|270|0.0|26.2|0|35.3|60.2|0.00|0.00|43.7094|32.3124
00|05|0|270|0.0|26.2|0|34.6|60.0|0.00|0.00|43.71|31.5956
00|06|0|45|0.0|26.2|0|34.1|59.9|0.00|0.00|43.7101|30.7164
00|08|0|45|0.0|26.2|0|32.6|59.8|0.00|0.00|43.7093|29.2311
00|09|0|45|0.0|26.2|0|32.7|59.7|0.00|0.00|43.7078|29.2311
00|10|0|90|0.0|26.2|0|33.4|59.6|0.00|0.00|43.7082|29.9837
00|11|0|90|0.0|26.2|0|32.7|59.3|0.00|0.00|43.7067|29.2311
00|13|0|180|1.5|26.2|0|35.1|59.3|0.00|0.00|43.7098|31.4302
00|14|0|203|1.5|26.2|0|35.7|59.2|0.00|0.00|43.708|31.4302
00|15|0|180|1.5|26.2|0|36.0|59.2|0.00|0.00|43.7077|32.1262
00|16|0|180|0.0|26.2|0|36.2|59.2|0.00|0.00|43.7097|32.1262
00|17|0|180|0.0|26.2|0|36.1|59.1|0.00|0.00|43.7083|32.1262
00|18|0|158|0.0|26.2|0|35.2|59.0|0.00|0.00|43.7044|31.4302
00|21|0|90|1.5|26.2|0|34.1|58.9|0.00|0.00|43.7023|29.8369
00|22|0|90|1.5|26.2|0|34.1|58.9|0.00|0.00|43.7018|29.8369
00|23|0|90|1.5|26.2|0|33.6|58.8|0.00|0.00|43.6988|29.1073
00|24|0|90|1.6|26.2|0|33.2|58.8|0.00|0.00|43.701|29.1073
00|25|0|90|0.0|26.2|0|33.2|58.7|0.00|0.00|43.6982|29.1073
00|26|0|180|0.0|26.2|0|33.5|58.7|0.00|0.00|43.7007|29.1073
00|27|0|225|1.5|26.2|0|33.6|58.7|0.00|0.00|43.6997|29.1073
00|28|0|225|0.0|26.2|0|33.6|58.7|0.00|0.00|43.6988|29.1073
00|29|0|45|0.0|26.2|0|33.7|58.7|0.00|0.00|43.6982|29.1073
00|30|0|45|0.0|26.2|0|33.5|58.5|0.00|0.00|43.6973|29.1073
00|31|0|45|1.5|26.2|0|34.1|58.7|0.00|0.00|43.6979|29.8369
00|32|0|90|1.5|26.2|0|34.6|58.5|0.00|0.00|43.6986|29.8369
00|33|0|45|0.0|26.2|0|35.1|58.5|0.00|0.00|43.6965|30.5478
00|34|0|45|1.5|26.2|0|35.0|58.4|0.00|0.00|43.697|30.5478
00|35|0|45|1.5|26.2|0|35.0|58.3|0.00|0.00|43.6941|30.5478
00|37|0|90|1.5|26.2|0|36.2|58.2|0.00|0.00|43.6966|31.241
00|38|0|135|0.0|26.2|0|35.0|58.2|0.00|0.00|43.6975|30.5478
00|39|0|180|3.2|26.2|0|35.1|58.1|0.00|0.00|43.6978|30.5478
00|40|0|225|1.5|26.2|0|34.7|58.0|0.00|0.00|43.6985|29.8369
00|41|0|225|0.0|26.2|0|34.7|58.0|0.00|0.00|43.6986|29.8369
00|42|0|225|0.0|26.2|0|34.6|58.0|0.00|0.00|43.6998|29.8369
00|43|0|90|0.0|26.2|0|34.4|58.0|0.00|0.00|43.6988|29.8369
00|45|0|45|1.5|26.2|0|33.6|57.9|0.00|0.00|43.7005|28.2306
00|46|0|90|1.6|26.2|0|33.6|57.9|0.00|0.00|43.7016|28.2306
00|47|0|90|1.5|26.2|0|33.6|57.9|0.00|0.00|43.699|28.2306
00|48|0|90|1.5|26.2|0|33.5|57.9|0.00|0.00|43.701|28.2306
00|49|0|90|1.5|26.2|0|33.5|57.8|0.00|0.00|43.6986|28.2306
00|50|0|135|2.9|26.2|0|33.3|57.8|0.00|0.00|43.6996|28.2306
00|51|0|113|2.9|26.2|0|33.0|57.8|0.00|0.00|43.7016|28.2306
00|53|0|135|0.0|26.2|0|33.1|57.8|0.00|0.00|43.7037|28.2306
00|54|0|180|1.6|26.2|0|33.7|57.9|0.00|0.00|43.7045|28.2306
00|55|0|180|1.5|26.2|0|33.7|57.9|0.00|0.00|43.7027|28.2306
00|56|0|225|2.9|26.2|0|33.7|57.9|0.00|0.00|43.7041|28.2306
00|58|0|225|0.0|26.2|0|33.8|57.9|0.00|0.00|43.7033|28.2306
01|00|0|225|0.0|26.2|0|33.6|57.9|0.00|0.00|43.7041|28.2306
01|01|0|135|0.0|26.2|0|33.1|57.9|0.00|0.00|43.7042|28.2306
01|02|0|135|0.0|26.2|0|32.9|57.9|0.00|0.00|43.7039|27.4842
01|03|0|135|0.0|26.2|0|33.1|58.0|0.00|0.00|43.7084|29.1073
01|04|0|135|0.0|26.2|0|33.6|57.9|0.00|0.00|43.7067|28.2306
01|05|0|135|0.0|26.2|0|33.8|57.9|0.00|0.00|43.7102|28.2306
01|06|0|135|0.0|26.2|0|33.7|58.0|0.00|0.00|43.71|29.1073
01|08|0|135|0.0|26.2|0|33.7|58.0|0.00|0.00|43.7112|29.1073
01|09|0|135|0.0|26.2|0|33.8|58.0|0.00|0.00|43.709|29.1073
01|10|0|135|0.0|26.2|0|34.0|58.0|0.00|0.00|43.7103|29.8369
01|11|0|135|0.0|26.2|0|33.7|57.9|0.00|0.00|43.709|28.2306
01|12|0|135|0.0|26.2|0|33.3|57.9|0.00|0.00|43.71|28.2306
01|14|0|180|0.0|26.2|0|32.3|57.9|0.00|0.00|43.7081|27.4842
01|15|0|180|0.0|26.2|0|32.6|57.9|0.00|0.00|43.7106|27.4842
01|16|0|180|0.0|26.2|0|33.0|57.9|0.00|0.00|43.7084|28.2306
01|17|0|225|0.0|26.2|0|33.0|57.9|0.00|0.00|43.7093|28.2306
01|18|0|180|0.0|26.2|0|32.4|57.9|0.00|0.00|43.7106|27.4842
01|19|0|180|1.5|26.2|0|32.1|57.9|0.00|0.00|43.7101|27.4842
01|20|0|180|0.0|26.2|0|31.9|57.9|0.00|0.00|43.7094|26.7169
01|21|0|180|0.0|26.2|0|32.3|57.9|0.00|0.00|43.7102|27.4842
01|22|0|180|0.0|26.2|0|32.1|57.9|0.00|0.00|43.7098|27.4842
01|23|0|180|0.0|26.2|0|31.5|57.9|0.00|0.00|43.7083|26.7169
01|24|0|180|0.0|26.2|0|31.3|57.9|0.00|0.00|43.71|26.7169
01|26|0|180|0.0|26.2|0|31.4|57.9|0.00|0.00|43.7092|26.7169
01|27|0|180|0.0|26.2|0|31.7|57.8|0.00|0.00|43.7083|26.7169
01|28|0|45|0.0|26.2|0|31.4|57.8|0.00|0.00|43.7093|26.7169
01|30|0|45|3.2|26.2|0|31.0|57.8|0.00|0.00|43.7094|26.7169
01|33|0|180|0.0|26.2|0|31.0|57.7|0.00|0.00|43.7094|26.7169
01|34|0|113|1.6|26.2|0|31.6|57.7|0.00|0.00|43.7102|26.7169
01|35|0|135|1.5|26.2|0|30.7|57.7|0.00|0.00|43.7082|25.9273
01|36|0|180|0.0|26.2|0|31.4|57.7|0.00|0.00|43.7085|26.7169
01|37|0|90|3.2|26.2|0|31.9|57.7|0.00|0.00|43.7103|26.7169
01|38|0|135|1.5|26.2|0|31.0|57.7|0.00|0.00|43.7087|26.7169
01|39|0|135|0.0|26.2|0|31.3|57.7|0.00|0.00|43.7098|26.7169
01|40|0|90|1.5|26.2|0|31.4|57.5|0.00|0.00|43.7083|26.7169
01|42|0|135|0.0|26.2|0|31.7|57.5|0.00|0.00|43.7096|26.7169
01|43|0|45|1.5|26.2|0|31.7|57.5|0.00|0.00|43.7086|26.7169
01|44|0|180|0.0|26.2|0|31.2|57.5|0.00|0.00|43.7097|26.7169
01|45|0|180|1.6|26.2|0|31.3|57.5|0.00|0.00|43.7109|26.7169
01|46|0|135|0.0|26.2|0|31.5|57.4|0.00|0.00|43.7107|26.7169
01|47|0|180|0.0|26.2|0|31.4|57.4|0.00|0.00|43.7131|26.7169
01|48|0|225|1.5|26.2|0|31.4|57.4|0.00|0.00|43.7137|26.7169
01|49|0|225|1.5|26.2|0|31.5|57.4|0.00|0.00|43.7141|26.7169
01|50|0|180|0.0|26.2|0|31.7|57.3|0.00|0.00|43.714|26.7169
01|51|0|180|0.0|26.2|0|31.7|57.3|0.00|0.00|43.7155|26.7169
01|52|0|113|0.0|26.2|0|31.7|57.3|0.00|0.00|43.7155|26.7169
01|53|0|135|1.5|26.2|0|31.2|57.2|0.00|0.00|43.7151|26.7169
01|54|0|180|1.5|26.2|0|31.5|57.2|0.00|0.00|43.715|26.7169
01|55|0|180|0.0|26.2|0|31.7|57.1|0.00|0.00|43.7141|26.7169
01|56|0|180|0.0|26.2|0|31.6|57.1|0.00|0.00|43.7145|26.7169
01|57|0|180|1.5|26.2|0|31.4|57.1|0.00|0.00|43.7137|26.7169
01|58|0|180|1.6|26.2|0|31.4|57.0|0.00|0.00|43.7138|26.7169
01|59|0|180|0.0|26.2|0|31.5|57.0|0.00|0.00|43.7124|26.7169
02|00|0|180|0.0|26.2|0|31.3|57.0|0.00|0.00|43.7145|26.7169
02|01|0|180|0.0|26.2|0|31.4|56.9|0.00|0.00|43.7129|25.8462
02|03|0|180|1.5|26.2|0|31.6|56.9|0.00|0.00|43.7144|25.8462
02|04|0|180|1.6|26.2|0|32.0|56.7|0.00|0.00|43.7145|26.6104
02|05|0|180|1.5|26.2|0|32.1|56.7|0.00|0.00|43.7141|26.6104
02|06|0|180|0.0|26.2|0|32.0|56.6|0.00|0.00|43.7142|26.6104
02|07|0|180|0.0|26.2|0|32.0|56.6|0.00|0.00|43.7151|26.6104
02|08|0|180|0.0|26.2|0|32.3|56.5|0.00|0.00|43.714|26.6104
02|09|0|180|0.0|26.2|0|32.5|56.5|0.00|0.00|43.715|26.6104
02|10|0|180|0.0|26.2|0|32.7|56.4|0.00|0.00|43.7145|26.6104
02|11|0|180|1.5|26.2|0|32.8|56.3|0.00|0.00|43.7168|26.6104
02|12|0|180|1.6|26.2|0|32.8|56.3|0.00|0.00|43.7155|26.6104
02|13|0|180|1.5|26.2|0|33.0|56.2|0.00|0.00|43.7141|27.3537
02|14|0|180|0.0|26.2|0|33.1|56.2|0.00|0.00|43.7183|27.3537
02|15|0|90|1.5|26.2|0|33.3|56.2|0.00|0.00|43.7192|27.3537
02|16|0|180|1.6|26.2|0|34.2|56.1|0.00|0.00|43.7188|28.0773
02|17|0|180|0.0|26.2|0|34.4|56.1|0.00|0.00|43.7215|28.0773
02|20|0|180|1.5|26.2|0|33.9|55.8|0.00|0.00|43.7221|26.4765
02|21|0|180|1.5|26.2|0|34.0|55.8|0.00|0.00|43.7197|27.1972
02|22|0|180|0.0|26.2|0|34.3|55.7|0.00|0.00|43.7195|27.1972
02|24|0|180|0.0|26.2|0|34.5|55.7|0.00|0.00|43.7196|27.1972
02|25|0|180|0.0|26.2|0|34.6|55.7|0.00|0.00|43.7183|27.1972
02|26|0|180|0.0|26.2|0|34.5|55.6|0.00|0.00|43.7171|27.1972
02|27|0|180|0.0|26.2|0|34.4|55.6|0.00|0.00|43.7183|27.1972
02|28|0|180|0.0|26.2|0|34.3|55.5|0.00|0.00|43.7165|27.1972
02|29|0|180|0.0|26.2|0|34.3|55.5|0.00|0.00|43.7161|27.1972
02|30|0|180|0.0|26.2|0|34.4|55.5|0.00|0.00|43.7168|27.1972
02|31|0|180|0.0|26.2|0|34.6|55.4|0.00|0.00|43.7156|27.1972
02|32|0|180|0.0|26.2|0|34.9|55.3|0.00|0.00|43.7144|27.1972
02|33|0|180|0.0|26.2|0|35.2|55.3|0.00|0.00|43.7144|27.8992
02|34|0|180|0.0|26.2|0|35.7|55.2|0.00|0.00|43.7137|27.8992
02|35|0|180|0.0|26.2|0|35.8|55.1|0.00|0.00|43.7133|27.8992
02|36|0|180|0.0|26.2|0|35.9|55.1|0.00|0.00|43.7148|27.8992
02|37|0|180|0.0|26.2|0|35.9|55.0|0.00|0.00|43.7117|27.8992
02|39|0|180|0.0|26.2|0|36.2|55.0|0.00|0.00|43.7116|28.5838
02|40|0|180|0.0|26.2|0|36.7|54.8|0.00|0.00|43.7131|27.6976
02|41|0|180|0.0|26.2|0|36.9|54.8|0.00|0.00|43.7117|27.6976
02|42|0|180|0.0|26.2|0|37.5|54.7|0.00|0.00|43.7117|28.3627
02|43|0|180|0.0|26.2|0|37.9|54.6|0.00|0.00|43.7094|28.3627
02|44|0|180|0.0|26.2|0|38.7|54.5|0.00|0.00|43.7096|29.0121
02|46|0|315|0.0|26.2|0|39.9|54.4|0.00|0.00|43.7102|29.6466
02|47|0|315|0.0|26.2|0|41.5|54.3|0.00|0.00|43.7112|30.8734
02|51|0|270|0.0|26.2|0|41.0|53.9|0.00|0.00|43.7161|29.9736
02|52|0|180|0.0|26.2|0|41.4|53.8|0.00|0.00|43.7197|29.9736
02|54|0|180|0.0|26.2|0|42.0|53.6|0.00|0.00|43.7181|30.5648
02|55|0|180|1.5|26.2|0|42.4|53.5|0.00|0.00|43.7179|30.5648
02|56|0|180|2.9|26.2|0|42.2|53.3|0.00|0.00|43.7177|30.5648
02|57|0|180|1.5|26.2|0|41.2|53.2|0.00|0.00|43.717|29.9736
02|58|0|180|1.6|26.2|0|41.1|53.0|0.00|0.00|43.7154|29.9736
02|59|0|180|1.6|26.2|0|40.5|53.0|0.00|0.00|43.7173|29.3696
03|00|0|180|0.0|26.2|0|40.4|53.0|0.00|0.00|43.7147|29.3696
03|01|0|180|0.0|26.2|0|40.8|53.0|0.00|0.00|43.7176|29.3696
03|02|0|180|1.6|26.2|0|40.9|53.0|0.00|0.00|43.7176|29.3696
03|03|0|203|1.5|26.2|0|40.4|53.0|0.00|0.00|43.7169|29.3696
03|04|0|135|0.0|26.2|0|39.5|52.9|0.00|0.00|43.7161|27.8571
03|06|0|135|1.5|26.2|0|39.1|53.0|0.00|0.00|43.717|28.752
03|07|0|180|2.9|26.2|0|39.0|53.0|0.00|0.00|43.7177|28.752
03|08|0|180|0.0|26.2|0|38.6|53.2|0.00|0.00|43.7186|28.1202
03|09|0|180|1.5|26.2|0|38.8|53.3|0.00|0.00|43.7187|28.1202
03|10|0|135|1.5|26.2|0|38.7|53.3|0.00|0.00|43.7188|28.1202
03|11|0|90|0.0|26.2|0|38.9|53.4|0.00|0.00|43.7198|28.1202
03|12|0|135|0.0|26.2|0|39.1|53.5|0.00|0.00|43.7204|28.752
03|13|0|90|4.8|26.2|0|38.6|53.6|0.00|0.00|43.7193|28.1202
03|14|0|180|1.5|26.2|0|38.6|53.7|0.00|0.00|43.7205|28.1202
03|15|0|180|1.6|26.2|0|38.5|53.7|0.00|0.00|43.7198|28.1202
03|16|0|135|1.5|26.2|0|38.3|53.8|0.00|0.00|43.7181|28.1202
03|17|0|135|4.4|26.2|0|38.1|53.9|0.00|0.00|43.7189|28.1202
03|18|0|135|4.4|26.2|0|37.6|54.0|0.00|0.00|43.7195|28.3627
03|19|0|158|2.9|26.2|0|37.6|54.0|0.00|0.00|43.717|28.3627
03|20|0|135|2.9|26.2|0|37.5|54.2|0.00|0.00|43.7162|28.3627
03|21|0|135|1.5|26.2|0|37.6|54.3|0.00|0.00|43.7162|28.3627
03|22|0|135|0.0|26.2|0|37.5|54.4|0.00|0.00|43.714|28.3627
03|24|0|180|0.0|26.2|0|37.5|54.4|0.00|0.00|43.7118|28.3627
03|25|0|180|1.5|26.2|0|37.6|54.5|0.00|0.00|43.7134|28.3627
03|26|0|135|1.6|26.2|0|37.4|54.6|0.00|0.00|43.7148|28.3627
03|27|0|135|1.6|26.2|0|37.4|54.6|0.00|0.00|43.7139|28.3627
03|28|0|135|2.9|26.2|0|37.4|54.6|0.00|0.00|43.7145|28.3627
03|29|0|180|4.4|26.2|0|37.4|54.6|0.00|0.00|43.7125|28.3627
03|30|0|180|2.9|26.2|0|37.0|54.6|0.00|0.00|43.7141|28.3627
03|31|0|135|6.4|26.2|0|36.4|54.6|0.00|0.00|43.7132|27.6976
03|33|0|135|8.7|26.2|0|36.0|54.7|0.00|0.00|43.7114|27.6976
03|34|0|180|8.7|26.2|0|35.5|55.0|0.00|0.00|43.7129|27.8992
03|36|0|180|7.3|26.2|0|34.3|55.4|0.00|0.00|43.7165|27.1972
03|37|0|135|6.4|26.2|0|34.0|55.6|0.00|0.00|43.7187|27.1972
03|38|0|203|7.3|26.2|0|33.9|55.8|0.00|0.00|43.7188|26.4765
03|39|0|180|2.9|26.2|0|33.5|56.0|0.00|0.00|43.7232|27.3537
03|40|0|180|5.8|26.2|0|33.5|56.2|0.00|0.00|43.7229|27.3537
03|41|0|180|4.4|26.2|0|33.2|56.3|0.00|0.00|43.7236|27.3537
03|42|0|180|4.8|26.2|0|33.1|56.4|0.00|0.00|43.7227|27.3537
03|43|0|180|4.4|26.2|0|33.0|56.4|0.00|0.00|43.7211|27.3537
03|44|0|135|4.4|26.2|0|32.9|56.5|0.00|0.00|43.7225|26.6104
03|45|0|180|1.5|26.2|0|33.2|56.6|0.00|0.00|43.7213|27.3537
03|46|0|135|1.5|26.2|0|33.0|56.6|0.00|0.00|43.7215|27.3537
03|47|0|90|1.6|26.2|0|32.9|56.6|0.00|0.00|43.7215|26.6104
03|48|0|135|1.5|26.2|0|33.0|56.7|0.00|0.00|43.7217|27.3537
03|49|0|90|1.6|26.2|0|33.0|56.7|0.00|0.00|43.7206|27.3537
03|50|0|90|1.5|26.2|0|32.8|56.6|0.00|0.00|43.7215|26.6104
03|51|0|90|1.5|26.2|0|33.0|56.7|0.00|0.00|43.7233|27.3537
03|52|0|90|1.6|26.2|0|33.1|56.6|0.00|0.00|43.7234|27.3537
03|54|0|90|1.5|26.2|0|33.1|56.6|0.00|0.00|43.7236|27.3537
03|55|0|45|1.6|26.2|0|33.3|56.5|0.00|0.00|43.7212|27.3537
03|56|0|90|1.5|26.2|0|33.8|56.4|0.00|0.00|43.721|27.3537
03|57|0|90|1.5|26.2|0|33.9|56.3|0.00|0.00|43.7224|27.3537
03|58|0|90|0.0|26.2|0|34.0|56.3|0.00|0.00|43.7235|28.0773
03|59|0|90|0.0|26.2|0|34.0|56.1|0.00|0.00|43.722|28.0773
04|00|0|90|0.0|26.2|0|34.1|56.1|0.00|0.00|43.7232|28.0773
04|01|0|90|1.6|26.2|0|34.4|56.0|0.00|0.00|43.7206|28.0773
04|02|0|135|0.0|26.2|0|34.6|55.8|0.00|0.00|43.7206|27.1972
04|03|0|135|1.6|26.2|0|35.0|55.6|0.00|0.00|43.7195|27.8992
04|04|0|135|1.5|26.2|0|35.4|55.5|0.00|0.00|43.7183|27.8992
04|05|0|90|0.0|26.2|0|35.5|55.4|0.00|0.00|43.7164|27.8992
04|07|0|90|1.5|26.2|0|35.6|55.3|0.00|0.00|43.715|27.8992
04|08|0|68|1.5|26.2|0|35.7|55.3|0.00|0.00|43.7162|27.8992
04|09|0|45|0.0|26.2|0|36.0|55.1|0.00|0.00|43.7136|28.5838
04|10|0|135|1.6|26.2|0|36.0|55.0|0.00|0.00|43.7118|28.5838
04|11|0|135|1.5|26.2|0|36.1|54.8|0.00|0.00|43.711|27.6976
04|12|0|90|1.6|26.2|0|36.1|54.8|0.00|0.00|43.7117|27.6976
04|13|0|90|1.5|26.2|0|36.0|54.6|0.00|0.00|43.7105|27.6976
04|14|0|135|1.5|26.2|0|36.1|54.6|0.00|0.00|43.7102|27.6976
04|15|0|45|0.0|26.2|0|35.9|54.5|0.00|0.00|43.7113|27.0159
04|16|0|90|0.0|26.2|0|36.0|54.5|0.00|0.00|43.7107|27.6976
04|17|0|135|1.5|26.2|0|35.9|54.5|0.00|0.00|43.7105|27.0159
04|18|0|90|1.5|26.2|0|35.8|54.5|0.00|0.00|43.7129|27.0159
04|19|0|135|0.0|26.2|0|35.7|54.5|0.00|0.00|43.7133|27.0159
04|20|0|135|1.5|26.2|0|35.7|54.4|0.00|0.00|43.7129|27.0159
04|21|0|180|1.5|26.2|0|35.7|54.4|0.00|0.00|43.7137|27.0159
04|22|0|90|1.5|26.2|0|35.7|54.5|0.00|0.00|43.7162|27.0159
04|24|0|135|1.5|26.2|0|35.7|54.5|0.00|0.00|43.7154|27.0159
04|25|0|135|1.5|26.2|0|35.7|54.5|0.00|0.00|43.7145|27.0159
04|26|0|90|1.5|26.2|0|35.7|54.6|0.00|0.00|43.716|27.0159
04|27|0|135|1.6|26.2|0|35.5|54.6|0.00|0.00|43.713|27.0159
04|28|0|135|1.5|26.2|0|35.4|54.6|0.00|0.00|43.7162|27.0159
04|29|0|90|1.5|26.2|0|35.6|54.7|0.00|0.00|43.7156|27.0159
04|30|0|90|1.5|26.2|0|35.4|54.7|0.00|0.00|43.7172|27.0159
04|31|0|135|0.0|26.2|0|35.4|54.7|0.00|0.00|43.7181|27.0159
04|32|0|180|0.0|26.2|0|35.7|54.7|0.00|0.00|43.7176|27.0159
04|33|0|135|1.6|26.2|0|36.0|54.7|0.00|0.00|43.7195|27.6976
04|34|0|135|0.0|26.2|0|36.3|54.7|0.00|0.00|43.7183|27.6976
04|35|0|135|0.0|26.2|0|36.3|54.7|0.00|0.00|43.7203|27.6976
04|36|0|135|0.0|26.2|0|36.3|54.7|0.00|0.00|43.717|27.6976
04|37|0|135|0.0|26.2|0|36.2|54.7|0.00|0.00|43.7201|27.6976
04|39|0|135|0.0|26.2|0|36.0|54.7|0.00|0.00|43.7174|27.6976
04|40|0|135|0.0|26.2|0|36.0|54.7|0.00|0.00|43.7209|27.6976
04|42|0|180|1.6|26.2|0|36.3|54.7|0.00|0.00|43.7177|27.6976
04|43|0|180|0.0|26.2|0|36.4|54.6|0.00|0.00|43.7186|27.6976
04|44|0|180|1.5|26.2|0|36.3|54.6|0.00|0.00|43.7166|27.6976
04|45|0|180|1.5|26.2|0|36.4|54.5|0.00|0.00|43.7178|27.6976
04|46|0|180|0.0|26.2|0|36.4|54.4|0.00|0.00|43.7178|27.6976
04|47|0|135|1.5|26.2|0|36.3|54.4|0.00|0.00|43.7181|27.6976
04|48|0|135|0.0|26.2|0|36.1|54.3|0.00|0.00|43.719|27.6976
04|49|0|135|1.5|26.2|0|36.1|54.3|0.00|0.00|43.7221|27.6976
04|50|0|180|1.6|26.2|0|36.5|54.3|0.00|0.00|43.7215|27.6976
04|51|0|180|1.5|26.2|0|36.8|54.2|0.00|0.00|43.7242|27.6976
04|52|0|135|1.6|26.2|0|36.8|54.0|0.00|0.00|43.7235|27.6976
04|53|0|135|0.0|26.2|0|36.4|54.0|0.00|0.00|43.7269|27.6976
04|55|0|90|0.0|26.2|0|36.4|54.0|0.00|0.00|43.7259|27.6976
04|56|0|45|2.9|26.2|0|36.6|54.0|0.00|0.00|43.7259|27.6976
04|57|0|135|2.9|26.2|0|36.6|53.9|0.00|0.00|43.7264|26.8112
04|58|0|113|2.9|26.2|0|36.6|53.8|0.00|0.00|43.7234|26.8112
04|59|0|135|2.9|26.2|0|36.5|53.9|0.00|0.00|43.7257|26.8112
05|00|0|135|2.9|26.2|0|36.4|53.9|0.00|0.00|43.7222|26.8112
05|01|0|90|4.4|26.2|0|37.7|54.0|0.00|0.00|43.7235|28.3627
05|02|0|180|3.2|26.2|0|37.6|54.0|0.00|0.00|43.7219|28.3627
05|04|0|225|7.3|26.2|0|38.9|54.2|0.00|0.00|43.7205|29.0121
05|06|0|135|2.9|26.2|0|37.2|54.2|0.00|0.00|43.719|28.3627
05|07|0|90|3.2|26.2|0|36.7|54.3|0.00|0.00|43.7189|27.6976
05|08|0|158|7.3|26.2|0|36.1|54.2|0.00|0.00|43.7156|27.6976
05|09|0|225|3.2|26.2|0|36.1|54.3|0.00|0.00|43.7173|27.6976
05|11|0|158|2.9|26.2|0|35.5|54.3|0.00|0.00|43.7102|27.0159
05|12|0|225|3.2|26.2|0|35.3|54.3|0.00|0.00|43.7098|27.0159
05|13|0|90|2.9|26.2|0|35.4|54.4|0.00|0.00|43.7117|27.0159
05|14|0|180|5.8|26.2|0|35.3|54.4|0.00|0.00|43.7099|27.0159
05|15|0|135|3.2|26.2|0|35.1|54.4|0.00|0.00|43.711|27.0159
05|16|0|180|5.8|26.2|0|35.7|54.5|0.00|0.00|43.7132|27.0159
05|17|0|135|3.2|26.2|0|35.3|54.5|0.00|0.00|43.7147|27.0159
05|18|0|158|4.4|26.2|0|35.1|54.5|0.00|0.00|43.715|27.0159
05|19|0|180|4.4|26.2|0|34.8|54.5|0.00|0.00|43.7157|26.3168
05|20|0|180|1.5|26.2|0|34.7|54.5|0.00|0.00|43.7183|26.3168
05|21|0|90|1.5|26.2|0|34.8|54.6|0.00|0.00|43.7212|26.3168
05|22|0|225|1.6|26.2|0|34.6|54.6|0.00|0.00|43.7217|26.3168
05|23|0|90|1.5|26.2|0|34.5|54.7|0.00|0.00|43.7222|26.3168
05|24|0|135|0.0|26.2|0|34.7|54.7|0.00|0.00|43.7222|26.3168
05|25|0|180|0.0|26.2|0|34.9|54.8|0.00|0.00|43.7241|26.3168
05|26|0|135|1.6|26.2|0|35.1|54.8|0.00|0.00|43.7219|27.0159
05|28|0|135|2.9|26.2|0|35.5|54.8|0.00|0.00|43.7232|27.0159
05|31|0|135|4.4|26.2|0|35.9|54.8|0.00|0.00|43.7238|27.0159
05|32|0|68|1.5|26.2|0|35.9|54.8|0.00|0.00|43.7228|27.0159
05|33|0|135|1.6|26.2|0|36.0|54.7|0.00|0.00|43.7211|27.6976
05|34|0|90|2.9|26.2|0|36.2|54.7|0.00|0.00|43.7213|27.6976
05|35|0|135|3.2|26.2|0|36.2|54.6|0.00|0.00|43.7219|27.6976
05|36|0|90|1.5|26.2|0|36.2|54.6|0.00|0.00|43.7226|27.6976
05|37|0|68|1.5|26.2|0|36.3|54.6|0.00|0.00|43.7217|27.6976
05|38|0|135|4.8|26.2|0|36.4|54.5|0.00|0.00|43.7237|27.6976
05|39|0|135|1.5|26.2|0|36.6|54.5|0.00|0.00|43.7246|27.6976
05|40|0|90|1.6|26.2|0|37.1|54.6|0.00|0.00|43.728|28.3627
05|41|0|135|2.9|26.2|0|37.2|54.5|0.00|0.00|43.7291|28.3627
05|42|0|135|4.4|26.2|0|37.2|54.5|0.00|0.00|43.728|28.3627
05|44|0|0|1.5|26.2|0|36.8|54.6|0.00|0.00|43.7289|27.6976
05|45|0|135|4.4|26.2|0|36.4|54.7|0.00|0.00|43.7312|27.6976
05|47|0|135|2.9|26.2|0|36.3|55.0|0.00|0.00|43.7305|28.5838
05|48|0|180|4.8|26.2|0|35.7|55.1|0.00|0.00|43.7332|27.8992
05|49|0|180|4.4|26.2|0|35.6|55.2|0.00|0.00|43.735|27.8992
05|50|0|180|3.2|26.2|0|35.8|55.4|0.00|0.00|43.7362|27.8992
05|52|0|135|2.9|26.2|0|36.1|55.4|0.00|0.00|43.7344|28.5838
05|53|0|90|1.5|26.2|0|35.7|55.5|0.00|0.00|43.7377|27.8992
05|54|0|135|1.6|26.2|0|35.7|55.6|0.00|0.00|43.7386|27.8992
05|55|0|90|1.6|26.2|0|35.6|55.6|0.00|0.00|43.7401|27.8992
05|56|0|180|4.4|26.2|0|35.6|55.6|0.00|0.00|43.741|27.8992
05|57|0|90|0.0|26.2|0|35.9|55.6|0.00|0.00|43.7376|27.8992
05|59|0|90|2.9|26.2|0|35.3|55.6|0.00|0.00|43.738|27.8992
06|00|0|135|1.5|26.2|0|35.4|55.6|0.00|0.00|43.7397|27.8992
06|02|0|90|1.5|26.2|0|35.2|55.5|0.00|0.00|43.7388|27.8992
06|03|0|45|1.5|26.2|0|35.0|55.5|0.00|0.00|43.7385|27.8992
06|04|0|90|4.4|26.2|0|34.8|55.5|0.00|0.00|43.7412|27.1972
06|05|0|90|2.9|26.2|0|34.5|55.5|0.00|0.00|43.7388|27.1972
06|06|0|90|8.0|26.2|0|34.2|55.6|0.00|0.00|43.7409|27.1972
06|07|0|68|4.4|26.2|0|33.9|55.7|0.00|0.00|43.741|26.4765
06|08|0|113|4.4|26.2|0|33.7|56.0|0.00|0.00|43.7422|27.3537
06|09|0|90|4.4|26.2|0|33.3|56.1|0.00|0.00|43.7467|27.3537
06|10|0|90|5.8|26.2|0|33.3|56.3|0.00|0.00|43.7499|27.3537
06|12|0|180|1.5|26.2|0|33.4|56.4|0.00|0.00|43.7498|27.3537
06|13|0|90|4.8|26.2|0|33.4|56.5|0.00|0.00|43.7522|27.3537
06|15|0|90|4.4|26.2|0|32.9|56.6|0.00|0.00|43.7498|26.6104
06|16|0|90|4.8|26.2|0|32.8|56.7|0.00|0.00|43.7483|26.6104
06|17|0|90|2.9|26.2|0|32.8|56.9|0.00|0.00|43.7501|26.6104
06|18|0|135|1.5|26.2|0|32.8|56.9|0.00|0.00|43.7483|26.6104
06|20|0|225|3.2|26.2|0|33.1|57.0|0.00|0.00|43.7485|28.2306
06|21|0|135|2.9|26.2|0|33.0|57.0|0.00|0.00|43.75|28.2306
06|24|0|135|2.9|26.2|0|33.4|57.1|0.00|0.00|43.7497|28.2306
06|26|0|113|3.2|26.2|0|33.0|57.0|0.00|0.00|43.7509|28.2306
06|27|0|90|5.8|26.2|0|33.0|57.1|0.00|0.00|43.7546|28.2306
06|28|0|113|3.2|26.2|0|33.1|57.1|0.00|0.00|43.7557|28.2306
06|30|0|225|2.9|26.2|0|33.1|57.1|0.00|0.00|43.7544|28.2306
06|31|0|135|3.2|26.2|0|33.2|57.1|0.00|0.00|43.7548|28.2306
06|32|0|135|4.4|26.2|0|32.8|57.1|0.00|0.00|43.7563|27.4842
06|33|0|45|1.5|26.2|0|33.0|57.0|0.00|0.00|43.7569|28.2306
06|34|0|135|1.5|26.2|0|33.1|57.1|0.00|0.00|43.7571|28.2306
06|35|0|135|2.9|26.2|0|33.0|57.1|0.00|0.00|43.7597|28.2306
06|36|0|135|3.2|26.2|0|33.1|57.0|0.00|0.00|43.7606|28.2306
06|38|0|135|5.8|26.2|0|33.2|56.9|0.00|0.00|43.7627|27.3537
06|39|0|135|4.4|26.2|0|33.1|56.6|0.00|0.00|43.7622|27.3537
06|40|0|135|2.9|26.2|0|33.4|56.6|0.00|0.00|43.7651|27.3537
06|41|0|135|1.6|26.2|0|33.4|56.5|0.00|0.00|43.7644|27.3537
06|42|0|180|3.2|26.2|0|33.7|56.5|0.00|0.00|43.7643|27.3537
06|43|0|180|10.2|26.2|0|33.3|56.2|0.00|0.00|43.759|27.3537
06|44|0|180|6.4|26.2|0|33.2|56.0|0.00|0.00|43.7611|27.3537
06|45|0|180|5.8|26.2|0|33.2|55.8|0.00|0.00|43.7604|26.4765
06|46|0|180|10.2|26.2|0|33.4|55.6|0.00|0.00|43.7592|26.4765
06|47|0|135|7.3|26.2|0|33.8|55.5|0.00|0.00|43.7579|26.4765
06|48|0|180|5.8|26.2|0|34.1|55.4|0.00|0.00|43.7574|27.1972
06|49|0|180|8.7|26.2|0|33.9|55.3|0.00|0.00|43.7546|26.4765
06|50|0|180|13.1|26.2|0|33.8|55.3|0.00|0.00|43.7558|26.4765
06|51|0|180|7.3|26.2|0|33.6|55.2|0.00|0.00|43.757|26.4765
06|53|0|135|6.4|26.2|0|33.7|55.2|0.00|0.00|43.7592|26.4765
06|54|0|90|4.4|26.2|0|34.0|55.3|0.00|0.00|43.7593|27.1972
06|55|0|135|4.4|26.2|0|34.0|55.2|0.00|0.00|43.7618|27.1972
06|56|0|135|2.9|26.2|0|34.2|55.1|0.00|0.00|43.7583|27.1972
06|57|0|135|4.4|26.2|0|34.5|55.2|0.00|0.00|43.7605|27.1972
06|59|0|270|1.5|26.2|0|34.4|55.1|0.00|0.00|43.7629|27.1972
07|00|0|180|5.8|26.2|0|34.8|55.1|0.00|0.00|43.7611|27.1972
07|01|0|180|3.2|26.2|0|34.6|55.0|0.00|0.00|43.7673|27.1972
07|02|0|90|1.5|26.2|0|35.2|55.1|0.00|0.00|43.7647|27.8992
07|03|0|90|0.0|26.2|0|35.1|55.2|0.00|0.00|43.7633|27.8992
07|04|0|135|2.9|26.2|0|35.6|55.2|0.00|0.00|43.7612|27.8992
07|05|0|135|1.6|26.2|0|35.7|55.3|0.00|0.00|43.7648|27.8992
07|06|0|135|2.9|26.2|0|35.9|55.3|0.00|0.00|43.7645|27.8992
07|07|0|135|1.6|26.2|0|36.2|55.3|0.00|0.00|43.7663|28.5838
07|08|0|135|4.4|26.2|0|36.6|55.3|0.00|0.00|43.7659|28.5838
07|10|0|135|1.5|26.2|0|36.9|55.4|0.00|0.00|43.7674|28.5838
07|11|0|135|1.5|26.2|0|37.2|55.4|0.00|0.00|43.7682|29.2517
07|12|0|135|2.9|26.2|0|37.5|55.5|0.00|0.00|43.7668|29.2517
07|13|0|135|1.6|26.2|0|38.1|55.5|0.00|0.00|43.7669|29.9038
07|14|0|135|1.5|26.2|0|37.8|55.7|0.00|0.00|43.7699|29.2517
07|15|0|90|2.9|26.2|0|37.6|55.7|0.00|0.00|43.7691|29.2517
07|16|0|135|0.0|26.2|0|37.1|55.7|0.00|0.00|43.7699|29.2517
07|17|0|180|4.4|26.2|0|37.1|55.8|0.00|0.00|43.7706|29.2517
07|18|0|180|2.9|26.2|0|37.4|55.8|0.00|0.00|43.7727|29.2517
07|19|0|180|4.4|26.2|0|37.4|55.8|0.00|0.00|43.773|29.2517
07|20|0|180|1.5|26.2|0|37.6|55.8|0.00|0.00|43.7721|29.2517
07|21|0|135|1.5|26.2|0|37.8|56.0|0.00|0.00|43.7752|30.1405
07|22|0|135|3.2|26.2|0|38.1|56.1|0.00|0.00|43.7757|30.7953
07|23|0|180|5.8|26.2|0|37.7|56.1|0.00|0.00|43.7788|30.1405
07|24|0|180|5.8|26.2|0|37.7|56.2|0.00|0.00|43.7798|30.1405
07|25|0|135|3.2|26.2|0|37.6|56.2|0.00|0.00|43.7812|30.1405
07|26|0|180|5.8|26.2|0|37.6|56.3|0.00|0.00|43.7836|30.1405
07|27|0|135|3.2|26.2|0|37.1|56.3|0.00|0.00|43.7858|30.1405
07|28|0|180|2.9|26.2|0|37.2|56.4|0.00|0.00|43.7855|30.1405
07|31|0|135|1.5|26.2|0|37.8|56.6|0.00|0.00|43.7899|30.1405
07|32|0|158|2.9|26.2|0|37.7|56.6|0.00|0.00|43.7921|30.1405
07|33|0|135|1.6|26.2|0|38.0|56.7|0.00|0.00|43.7928|30.7953
07|34|0|135|1.5|26.2|0|37.7|56.9|0.00|0.00|43.7937|30.1405
07|36|0|45|1.5|26.2|0|38.2|57.0|0.00|0.00|43.7945|31.6866
07|37|0|180|2.9|26.2|0|38.1|57.0|0.00|0.00|43.7951|31.6866
07|38|0|180|2.9|26.2|0|36.8|57.1|0.00|0.00|43.7956|30.3555
07|39|0|158|1.5|26.2|0|36.2|57.1|0.00|0.00|43.7968|30.3555
07|40|0|135|2.9|26.2|0|36.3|57.1|0.00|0.00|43.796|30.3555
07|41|0|135|0.0|26.2|0|36.9|57.2|0.00|0.00|43.7974|30.3555
07|42|0|180|2.9|26.2|0|37.4|57.2|0.00|0.00|43.8003|31.029
07|43|0|90|1.6|26.2|0|37.8|57.3|0.00|0.00|43.7996|31.029
07|44|0|135|1.5|26.2|0|37.9|57.3|0.00|0.00|43.7963|31.029
07|45|0|135|0.0|26.2|0|37.6|57.3|0.00|0.00|43.7952|31.029
07|47|0|180|2.9|26.2|0|37.5|57.4|0.00|0.00|43.7969|31.029
07|48|0|180|2.9|26.2|0|37.1|57.4|0.00|0.00|43.7969|31.029
07|49|0|135|1.6|26.2|0|37.3|57.4|0.00|0.00|43.7956|31.029
07|51|0|135|2.9|26.2|0|37.9|57.5|0.00|0.00|43.7971|31.029
07|52|0|135|3.2|26.2|0|36.9|57.5|0.00|0.00|43.7979|30.3555
07|53|0|135|6.4|26.2|0|35.4|57.5|0.00|0.00|43.7985|29.6652
07|54|0|180|4.4|26.2|0|33.6|57.5|0.00|0.00|43.8012|28.2306
07|55|0|225|3.2|26.2|0|32.8|57.5|0.00|0.00|43.8033|27.4842
07|56|0|180|4.4|26.2|0|32.5|57.5|0.00|0.00|43.8033|27.4842
07|57|0|135|7.3|26.2|0|32.3|57.5|0.00|0.00|43.804|27.4842
07|59|0|135|4.4|26.2|0|32.4|57.4|0.00|0.00|43.8057|27.4842
08|01|0|180|5.8|26.2|0|33.0|57.4|0.00|0.00|43.8033|28.2306
08|02|0|180|5.8|26.2|0|33.2|57.3|0.00|0.00|43.8003|28.2306
08|04|0|180|4.4|26.2|0|33.1|57.2|0.00|0.00|43.7992|28.2306
08|05|0|180|3.2|26.2|0|33.4|57.2|0.00|0.00|43.797|28.2306
08|06|0|158|4.4|26.2|0|33.6|57.2|0.00|0.00|43.7962|28.2306
08|07|0|180|3.2|26.2|0|33.7|57.2|0.00|0.00|43.7976|28.2306
08|08|0|180|2.9|26.2|0|34.2|57.2|0.00|0.00|43.7947|28.9573
08|10|0|135|2.9|26.2|0|33.9|57.3|0.00|0.00|43.7948|28.2306
08|11|0|158|4.8|26.2|0|33.9|57.2|0.00|0.00|43.7953|28.2306
08|12|0|180|4.4|26.2|0|33.9|57.3|0.00|0.00|43.7922|28.2306
08|13|0|180|4.4|26.2|0|34.0|57.5|0.00|0.00|43.7922|28.9573
08|14|0|135|3.2|26.2|0|33.9|57.5|0.00|0.00|43.7919|28.2306
08|15|0|225|1.5|26.2|0|34.1|57.8|0.00|0.00|43.7894|28.9573
08|16|0|180|1.5|26.2|0|34.3|57.9|0.00|0.00|43.7923|28.9573
08|17|0|180|2.9|26.2|0|34.2|58.0|0.00|0.00|43.7931|29.8369
08|18|0|180|4.4|26.2|0|34.8|58.2|0.00|0.00|43.7924|29.8369
08|19|0|135|6.5|26.2|0|34.5|58.3|0.00|0.00|43.7935|29.8369
08|20|0|135|2.9|26.2|0|34.3|58.4|0.00|0.00|43.7931|29.8369
08|21|0|180|3.2|26.2|0|34.1|58.5|0.00|0.00|43.7925|29.8369
08|22|0|180|6.4|26.2|0|34.2|58.8|0.00|0.00|43.7938|29.8369
08|23|0|135|5.8|26.2|0|34.1|58.9|0.00|0.00|43.7929|29.8369
08|24|0|180|4.8|26.2|0|34.3|59.1|0.00|0.00|43.7901|30.7164
08|25|0|135|4.4|26.2|0|34.4|59.3|0.00|0.00|43.7913|30.7164
08|27|0|180|6.5|26.2|0|34.1|59.6|0.00|0.00|43.79|30.7164
08|28|0|135|2.9|26.2|0|34.0|59.8|0.00|0.00|43.7897|30.7164
08|29|0|158|3.2|26.2|0|34.0|59.9|0.00|0.00|43.7891|30.7164
08|30|0|180|5.8|26.2|0|33.7|60.0|0.00|0.00|43.7881|30.8599
08|31|0|180|8.7|26.2|0|33.5|59.9|0.00|0.00|43.7873|29.9837
08|32|0|90|1.5|26.2|0|33.7|60.0|0.00|0.00|43.7883|30.8599
08|34|0|90|1.5|26.2|0|34.4|60.2|0.00|0.00|43.7891|31.5956
08|35|0|180|1.5|26.2|0|34.4|60.5|0.00|0.00|43.7921|31.5956
08|36|0|135|4.4|26.2|0|35.1|60.5|0.00|0.00|43.7944|32.3124
08|37|0|135|2.9|26.2|0|34.9|60.6|0.00|0.00|43.7965|31.5956
08|38|0|135|5.8|26.2|0|34.0|60.7|0.00|0.00|43.7985|31.5956
08|39|0|135|4.8|26.2|0|33.8|60.7|0.00|0.00|43.7971|30.8599
08|40|0|180|2.9|26.2|0|33.9|60.8|0.00|0.00|43.8024|30.8599
08|41|0|135|1.6|26.2|0|34.3|60.9|0.00|0.00|43.8015|31.5956
08|42|0|90|4.4|26.2|0|34.7|61.0|0.00|0.00|43.8008|32.4745
08|43|0|90|1.5|26.2|0|34.7|61.1|0.00|0.00|43.8041|32.4745
08|44|0|180|1.6|26.2|0|34.6|61.2|0.00|0.00|43.8053|32.4745
08|45|0|68|1.6|26.2|0|35.0|61.4|0.00|0.00|43.806|33.1943
08|47|0|135|0.0|26.2|0|34.7|61.5|0.00|0.00|43.8056|32.4745
08|49|0|45|1.5|26.2|0|34.0|61.6|0.00|0.00|43.8075|32.4745
08|50|0|90|4.4|26.2|0|33.3|61.6|0.00|0.00|43.8064|31.7358
08|51|0|135|4.4|26.2|0|33.0|61.7|0.00|0.00|43.8085|31.7358
08|52|0|180|4.4|26.2|0|32.6|61.7|0.00|0.00|43.8085|30.977
08|53|0|180|7.3|26.2|0|32.2|61.7|0.00|0.00|43.8044|30.977
08|54|0|135|4.4|26.2|0|31.9|61.7|0.00|0.00|43.8054|30.197
08|55|0|135|4.8|26.2|0|31.9|61.7|0.00|0.00|43.8058|30.197
08|56|0|135|0.0|26.2|0|32.3|61.8|0.00|0.00|43.8059|30.977
08|57|0|180|2.9|26.2|0|32.7|61.9|0.00|0.00|43.8046|30.977
08|58|0|135|8.7|26.2|0|32.2|61.9|0.00|0.00|43.8033|30.977
08|59|0|135|8.1|26.2|0|31.0|61.8|0.00|0.00|43.8003|30.197
09|01|0|180|2.9|26.2|0|31.2|61.9|0.00|0.00|43.8017|30.197
09|03|0|135|3.2|26.2|0|31.0|62.2|0.00|0.00|43.7996|31.0663
09|04|0|45|1.5|26.2|0|30.9|62.3|0.00|0.00|43.7985|30.2604
09|05|0|90|1.6|26.2|0|30.5|62.4|0.00|0.00|43.7983|30.2604
09|09|0|90|1.6|26.2|0|30.0|62.7|0.00|0.00|43.8022|30.2604
09|10|0|135|5.8|26.2|0|29.8|62.9|0.00|0.00|43.8009|29.4304
09|11|0|90|5.8|26.2|0|29.7|63.0|0.00|0.00|43.8011|30.2928
09|12|0|135|4.8|26.2|0|29.4|63.0|0.00|0.00|43.8001|30.2928
09|13|0|180|7.3|26.2|0|29.2|62.9|0.00|0.00|43.801|29.4304
09|15|0|135|4.8|26.2|0|28.9|63.0|0.00|0.00|43.801|29.4336
09|16|0|90|4.4|26.2|0|29.7|63.3|0.00|0.00|43.8022|30.2928
09|17|0|135|5.8|26.2|0|29.3|63.5|0.00|0.00|43.8034|30.2928
09|18|0|158|1.5|26.2|0|29.1|63.6|0.00|0.00|43.8037|30.2928
09|19|0|135|4.4|26.2|0|29.3|63.8|0.00|0.00|43.8045|30.2928
09|21|0|135|5.8|26.2|0|29.4|64.2|0.00|0.00|43.8004|31.155
09|22|0|135|3.2|26.2|0|28.1|64.3|0.00|0.00|43.8012|30.2923
09|23|0|180|2.9|26.2|0|28.5|64.5|0.00|0.00|43.8041|30.2923
09|25|0|225|2.9|26.2|0|28.7|64.9|0.00|0.00|43.8001|30.2923
09|26|0|225|4.4|26.2|0|28.7|65.0|0.00|0.00|43.8003|31.1507
09|27|0|135|4.8|26.2|0|27.8|65.1|0.00|0.00|43.7993|30.2567
09|28|0|90|2.9|26.2|0|27.3|65.2|0.00|0.00|43.7997|30.2567
09|29|0|135|4.8|26.2|0|27.6|65.3|0.00|0.00|43.7987|30.2567
09|30|0|135|1.5|26.2|0|27.7|65.4|0.00|0.00|43.8005|30.2567
09|31|0|180|2.9|26.2|0|28.4|65.8|0.00|0.00|43.8041|31.1507
09|33|0|225|4.4|26.2|0|28.0|65.9|0.00|0.00|43.8024|31.1507
09|34|0|135|10.2|26.2|0|28.0|66.0|0.00|0.00|43.8036|32.0088
09|35|0|135|4.8|26.2|0|27.6|66.2|0.00|0.00|43.8085|31.1112
09|36|0|180|5.8|26.2|0|27.7|66.3|0.00|0.00|43.8116|31.1112
09|37|0|135|4.4|26.2|0|27.4|66.4|0.00|0.00|43.8095|31.1112
09|38|0|180|4.4|26.2|0|26.9|66.4|0.00|0.00|43.8073|30.1837
09|39|0|135|5.8|26.2|0|27.1|66.5|0.00|0.00|43.8093|31.1112
09|40|0|135|4.4|26.2|0|26.2|66.4|0.00|0.00|43.8074|30.1837
09|41|0|135|2.9|26.2|0|25.9|66.5|0.00|0.00|43.8072|29.224
09|42|0|225|4.4|26.2|0|25.9|66.3|0.00|0.00|43.8118|29.224
09|44|0|135|4.4|26.2|0|26.7|66.2|0.00|0.00|43.8073|30.1837
09|46|0|225|1.6|26.2|0|27.3|66.4|0.00|0.00|43.8089|31.1112
09|47|0|225|4.4|26.2|0|27.5|66.5|0.00|0.00|43.8081|31.1112
09|48|0|135|4.4|26.2|0|27.4|66.7|0.00|0.00|43.8072|31.1112
09|49|0|45|1.5|26.2|0|27.3|66.8|0.00|0.00|43.8058|31.1112
09|50|0|135|2.9|26.2|0|26.8|66.9|0.00|0.00|43.8035|30.1837
09|51|0|135|3.2|26.2|0|27.5|67.1|0.00|0.00|43.8048|31.9655
09|52|0|135|4.4|26.2|0|28.0|67.3|0.00|0.00|43.8061|32.8667
09|53|0|90|4.4|26.2|0|27.6|67.4|0.00|0.00|43.8101|31.9655
09|54|0|135|2.9|26.2|0|27.5|67.6|0.00|0.00|43.8117|31.9655
09|55|0|315|1.6|26.2|0|27.6|67.7|0.00|0.00|43.8112|31.9655
09|56|0|135|4.4|26.2|0|27.4|67.8|0.00|0.00|43.8093|31.9655
09|58|0|180|3.2|26.2|0|27.5|68.0|0.00|0.00|43.806|32.8195
10|00|0|135|4.4|26.2|0|27.8|68.5|0.00|0.00|43.8048|32.8195
10|01|0|90|5.8|26.2|0|27.1|68.6|0.00|0.00|43.8057|32.8195
10|03|0|135|4.4|26.2|0|27.8|68.8|0.00|0.00|43.8051|32.8195
10|05|0|180|4.4|26.2|0|28.1|69.2|0.00|0.00|43.799|34.5816
10|07|0|180|3.2|26.2|0|26.1|69.5|0.00|0.00|43.7971|32.7345
10|08|0|45|2.9|26.2|0|25.9|69.7|0.00|0.00|43.7979|31.7633
10|09|0|135|3.2|26.2|0|25.8|69.9|0.00|0.00|43.7984|31.7633
10|10|0|90|2.9|26.2|0|24.8|69.9|0.00|0.00|43.7935|30.7571
10|11|0|135|4.4|26.2|0|25.8|70.1|0.00|0.00|43.7939|32.6091
10|13|0|90|4.4|26.2|0|26.2|70.3|0.00|0.00|43.7915|33.5842
10|14|0|135|2.9|26.2|0|25.8|70.6|0.00|0.00|43.7835|32.6091
10|15|0|90|4.4|26.2|0|25.0|70.8|0.00|0.00|43.7827|32.6091
10|16|0|135|2.9|26.2|0|24.4|71.2|0.00|0.00|43.7839|32.4405
10|18|0|135|2.9|26.2|0|24.7|71.6|0.00|0.00|43.788|32.4405
10|19|0|90|4.4|26.2|0|23.1|71.5|0.00|0.00|43.7857|31.3883
10|20|0|90|4.8|26.2|0|22.9|71.5|0.00|0.00|43.7856|30.2948
10|21|0|135|3.2|26.2|0|23.3|71.5|0.00|0.00|43.7849|31.3883
10|22|0|180|2.9|26.2|0|23.8|71.6|0.00|0.00|43.7856|31.3883
10|24|0|135|7.3|26.2|0|24.0|71.5|0.00|0.00|43.7809|32.4405
10|25|0|135|5.8|26.2|0|23.0|71.4|0.00|0.00|43.7818|31.3883
10|26|0|135|8.1|26.2|0|24.1|71.3|0.00|0.00|43.7785|32.4405
10|27|0|135|5.8|26.2|0|23.3|71.3|0.00|0.00|43.7771|31.3883
10|28|0|0|1.5|26.2|0|22.8|71.2|0.00|0.00|43.7752|30.2948
10|29|0|180|4.8|26.2|0|22.9|71.4|0.00|0.00|43.7765|30.2948
10|30|0|135|4.4|26.2|0|23.1|71.3|0.00|0.00|43.7736|31.3883
10|31|0|135|4.4|26.2|0|22.7|71.3|0.00|0.00|43.7753|30.2948
10|32|0|135|4.4|26.2|0|22.5|71.3|0.00|0.00|43.7755|30.2948
10|33|0|135|4.4|26.2|0|22.6|71.4|0.00|0.00|43.7773|30.2948
10|35|0|135|3.2|26.2|0|23.1|71.6|0.00|0.00|43.7807|31.3883
10|37|0|135|2.9|26.2|0|22.9|71.8|0.00|0.00|43.7813|30.2948
10|38|0|135|4.4|26.2|0|23.3|71.8|0.00|0.00|43.7801|31.3883
10|39|0|180|8.1|26.2|0|22.5|71.7|0.00|0.00|43.7779|30.2948
10|40|0|135|8.1|26.2|0|22.7|71.8|0.00|0.00|43.7784|30.2948
10|41|0|135|3.2|26.2|0|22.1|71.9|0.00|0.00|43.7797|30.2948
10|42|0|135|2.9|26.2|0|23.2|72.1|0.00|0.00|43.7804|32.2254
10|43|0|180|7.3|26.2|0|24.1|72.3|0.00|0.00|43.78|33.2818
10|44|0|180|5.8|26.2|0|22.8|72.3|0.00|0.00|43.7801|31.1277
10|45|0|90|4.4|26.2|0|22.5|72.4|0.00|0.00|43.7803|31.1277
10|46|0|90|5.8|26.2|0|23.0|72.6|0.00|0.00|43.7818|32.2254
10|48|0|45|2.9|26.2|0|22.9|72.7|0.00|0.00|43.7804|31.1277
10|50|0|135|4.4|26.2|0|22.5|73.0|0.00|0.00|43.7782|31.9602
10|51|0|225|4.4|26.2|0|22.6|73.1|0.00|0.00|43.7792|31.9602
10|52|0|135|8.7|26.2|0|22.1|73.0|0.00|0.00|43.7777|31.9602
10|53|0|225|4.8|26.2|0|22.6|73.0|0.00|0.00|43.7776|31.9602
10|54|0|158|4.4|26.2|0|22.7|73.0|0.00|0.00|43.7752|31.9602
10|55|0|135|4.4|26.2|0|22.4|72.8|0.00|0.00|43.775|31.1277
10|56|0|180|2.9|26.2|0|22.6|73.0|0.00|0.00|43.7746|31.9602
10|57|0|135|7.3|26.2|0|23.3|73.3|0.00|0.00|43.774|33.0622
10|58|0|135|7.3|26.2|0|22.9|73.4|0.00|0.00|43.7744|31.9602
10|59|0|90|1.6|26.2|0|21.9|73.5|0.00|0.00|43.7761|30.8129
11|02|0|135|4.4|26.2|0|21.7|73.5|0.00|0.00|43.7775|30.8129
11|03|0|135|4.4|26.2|0|21.8|73.5|0.00|0.00|43.7761|30.8129
11|04|0|135|5.8|26.2|0|21.9|73.5|0.00|0.00|43.7759|30.8129
11|05|0|135|4.8|26.2|0|21.7|73.5|0.00|0.00|43.7753|30.8129
11|06|0|135|4.4|26.2|0|22.1|73.6|0.00|0.00|43.7759|31.9602
11|07|0|225|3.2|26.2|0|21.9|73.9|0.00|0.00|43.7759|30.8129
11|08|0|135|3.2|26.2|0|22.3|74.0|0.00|0.00|43.7746|32.7924
11|09|0|90|4.4|26.2|0|22.3|74.2|0.00|0.00|43.7792|32.7924
11|10|0|180|2.9|26.2|0|22.6|74.4|0.00|0.00|43.7776|32.7924
11|11|0|225|1.5|26.2|0|21.5|74.6|0.00|0.00|43.775|31.6406
11|12|0|180|5.8|26.2|0|21.5|74.8|0.00|0.00|43.7832|31.6406
11|13|0|180|2.9|26.2|0|21.9|74.6|0.00|0.00|43.7739|31.6406
11|16|0|90|5.8|26.2|0|22.2|75.0|0.00|0.00|43.7712|33.6243
11|17|0|135|1.6|26.2|0|20.8|75.0|0.00|0.00|43.7737|31.2621
11|18|0|45|1.5|26.2|0|21.4|75.1|0.00|0.00|43.7707|32.468
11|19|0|135|1.5|26.2|0|21.5|75.3|0.00|0.00|43.7748|32.468
11|20|0|90|1.6|26.2|0|21.8|75.5|0.00|0.00|43.7688|32.468
11|21|0|225|1.5|26.2|0|21.3|75.8|0.00|0.00|43.7691|32.468
11|22|0|90|4.4|26.2|0|22.4|76.0|0.00|0.00|43.7681|34.4558
11|23|0|90|1.5|26.2|0|20.0|76.1|0.00|0.00|43.7658|32.0845
11|24|0|90|4.4|26.2|0|20.4|76.4|0.00|0.00|43.7698|32.0845
11|25|0|135|1.6|26.2|0|20.9|76.7|0.00|0.00|43.7672|32.0845
11|27|0|113|1.6|26.2|0|19.8|76.9|0.00|0.00|43.7666|30.8191
11|28|0|135|4.4|26.2|0|20.1|77.0|0.00|0.00|43.7688|32.9066
11|30|0|135|2.9|26.2|0|20.3|76.9|0.00|0.00|43.7709|32.0845
11|31|0|180|1.5|26.2|0|20.4|77.0|0.00|0.00|43.7754|32.9066
11|32|0|180|1.5|26.2|0|19.6|76.9|0.00|0.00|43.7728|30.8191
11|33|0|135|1.6|26.2|0|19.8|76.9|0.00|0.00|43.774|30.8191
11|34|0|0|1.6|26.2|0|19.5|77.0|0.00|0.00|43.7743|31.6364
11|35|0|135|4.4|26.2|0|19.6|77.0|0.00|0.00|43.7737|31.6364
11|36|0|45|2.9|26.2|0|19.7|77.1|0.00|0.00|43.774|31.6364
11|37|0|90|4.4|26.2|0|18.9|77.0|0.00|0.00|43.7772|30.3056
11|38|0|135|5.8|26.2|0|19.8|76.8|0.00|0.00|43.7798|30.8191
11|40|0|135|1.5|26.2|0|20.5|76.7|0.00|0.00|43.7677|32.0845
11|41|0|90|4.4|26.2|0|21.2|76.9|0.00|0.00|43.7691|33.2951
11|42|0|45|3.2|26.2|0|20.9|77.1|0.00|0.00|43.7721|32.9066
11|44|0|180|2.9|26.2|0|19.2|77.5|0.00|0.00|43.772|31.6364
11|45|0|180|5.8|26.2|0|20.1|77.6|0.00|0.00|43.7713|32.9066
11|46|0|203|1.5|26.2|0|20.1|77.8|0.00|0.00|43.7739|32.9066
11|47|0|23|1.5|26.2|0|19.9|77.9|0.00|0.00|43.7732|31.6364
11|48|0|135|1.5|26.2|0|20.0|78.1|0.00|0.00|43.7766|33.7284
11|49|0|90|1.6|26.2|0|19.6|78.1|0.00|0.00|43.7781|32.4533
11|50|0|113|1.5|26.2|0|19.7|78.1|0.00|0.00|43.7802|32.4533
11|51|0|45|4.4|26.2|0|19.5|78.1|0.00|0.00|43.7723|32.4533
11|52|0|68|4.4|26.2|0|18.5|77.9|0.00|0.00|43.7739|30.3056
11|54|0|90|6.4|26.2|0|19.1|77.6|0.00|0.00|43.7688|31.6364
11|55|0|90|4.4|26.2|0|19.9|77.3|0.00|0.00|43.7665|31.6364
11|56|0|90|2.9|26.2|0|19.8|77.2|0.00|0.00|43.7651|31.6364
11|58|0|45|0.0|26.2|0|19.0|77.5|0.00|0.00|43.764|31.6364
11|59|0|0|2.9|26.2|0|20.2|77.7|0.00|0.00|43.7635|32.9066
12|00|0|45|4.8|26.2|0|21.4|77.9|0.00|0.00|43.7633|34.1219
12|01|0|90|1.5|26.2|0|20.7|78.1|0.00|0.00|43.7603|33.7284
12|02|0|135|2.9|26.2|0|19.1|78.2|0.00|0.00|43.7587|32.4533
12|03|0|90|2.9|26.2|0|20.6|78.4|0.00|0.00|43.7586|33.7284
12|04|0|90|4.4|26.2|0|19.9|78.6|0.00|0.00|43.757|32.4533
12|05|0|135|2.9|26.2|0|19.1|78.8|0.00|0.00|43.7597|32.4533
12|06|0|315|1.5|26.2|0|19.2|79.0|0.00|0.00|43.759|33.2698
12|08|0|0|1.5|26.2|0|19.4|79.4|0.00|0.00|43.7573|33.2698
12|09|0|45|3.2|26.2|0|20.4|79.6|0.00|0.00|43.7548|34.5498
12|10|0|45|1.5|26.2|0|20.7|80.0|0.00|0.00|43.7599|35.371
12|11|0|45|4.4|26.2|0|19.5|80.3|0.00|0.00|43.7594|34.0861
12|12|0|90|2.9|26.2|0|18.7|80.5|0.00|0.00|43.7606|32.74
12|13|0|180|1.5|26.2|0|18.4|80.6|0.00|0.00|43.761|32.74
12|14|0|90|5.8|26.2|0|17.9|80.5|0.00|0.00|43.764|31.326
12|15|0|113|2.9|26.2|0|17.9|80.4|0.00|0.00|43.7628|31.326
12|16|0|135|1.6|26.2|0|17.9|80.4|0.00|0.00|43.7609|31.326
12|17|0|90|4.4|26.2|0|18.0|80.3|0.00|0.00|43.7605|32.74
12|18|0|270|1.5|26.2|0|17.6|80.2|0.00|0.00|43.7636|31.326
12|19|0|180|4.4|26.2|0|17.9|80.0|0.00|0.00|43.762|31.326
12|20|0|225|4.4|26.2|0|18.0|79.8|0.00|0.00|43.7563|31.9288
12|22|0|315|2.9|26.2|0|17.7|79.9|0.00|0.00|43.7592|30.5203
12|23|0|0|4.4|26.2|0|18.0|80.0|0.00|0.00|43.7563|32.74
12|25|0|315|2.9|26.2|0|18.1|80.4|0.00|0.00|43.7594|32.74
12|26|0|315|2.9|26.2|0|18.1|80.4|0.00|0.00|43.7589|32.74
12|27|0|270|1.6|26.2|0|18.8|80.4|0.00|0.00|43.7568|32.74
12|28|0|270|1.5|26.2|0|19.1|80.5|0.00|0.00|43.7576|34.0861
12|29|0|315|3.2|26.2|0|18.8|80.5|0.00|0.00|43.7553|32.74
12|30|0|270|1.5|26.2|0|17.8|80.6|0.00|0.00|43.7545|31.326
12|31|0|270|2.9|26.2|0|17.5|80.6|0.00|0.00|43.7555|31.326
12|32|0|180|2.9|26.2|0|18.2|80.6|0.00|0.00|43.7535|32.74
12|33|0|248|0.0|26.2|0|17.9|80.7|0.00|0.00|43.7524|31.326
12|34|0|270|4.4|26.2|0|17.5|80.8|0.00|0.00|43.752|31.326
12|35|0|225|1.5|26.2|0|18.2|80.9|0.00|0.00|43.7508|32.74
12|37|0|315|1.5|26.2|0|18.4|81.2|0.00|0.00|43.7522|33.5508
12|38|0|135|1.5|26.2|0|18.3|81.4|0.00|0.00|43.7531|33.5508
12|39|0|225|0.0|26.2|0|18.7|81.6|0.00|0.00|43.7532|33.5508
12|40|0|315|2.9|26.2|0|17.9|81.8|0.00|0.00|43.7567|32.1315
12|41|0|315|1.5|26.2|0|17.6|81.8|0.00|0.00|43.7545|32.1315
12|43|0|315|1.6|26.2|0|17.4|82.2|0.00|0.00|43.7583|32.9366
12|44|0|270|1.5|26.2|0|18.9|82.4|0.00|0.00|43.7556|34.3612
12|45|0|315|0.0|26.2|0|18.6|82.5|0.00|0.00|43.7544|34.3612
12|46|0|338|3.2|26.2|0|19.4|82.7|0.00|0.00|43.7547|35.7176
12|48|0|315|1.5|26.2|0|17.5|82.9|0.00|0.00|43.7537|32.9366
12|49|0|315|1.6|26.2|0|17.2|83.0|0.00|0.00|43.7509|33.7413
12|50|0|315|2.9|26.2|0|16.4|83.0|0.00|0.00|43.7467|32.2349
12|51|0|315|1.5|26.2|0|17.8|83.0|0.00|0.00|43.7494|33.7413
12|53|0|0|5.8|26.2|0|18.5|82.9|0.00|0.00|43.7481|34.3612
12|54|0|0|1.5|26.2|0|18.5|82.9|0.00|0.00|43.7508|34.3612
12|55|0|270|1.6|26.2|0|17.5|82.9|0.00|0.00|43.7492|32.9366
12|56|0|45|1.5|26.2|0|18.2|82.9|0.00|0.00|43.7478|34.3612
12|57|0|225|1.5|26.2|0|17.6|82.9|0.00|0.00|43.7514|32.9366
12|58|0|315|1.5|26.2|0|16.7|82.9|0.00|0.00|43.75|31.4358
12|59|0|315|1.6|26.2|0|16.2|83.0|0.00|0.00|43.7475|32.2349
13|00|0|315|1.5|26.2|0|16.3|83.1|0.00|0.00|43.7487|32.2349
13|01|0|315|1.5|26.2|0|17.5|83.2|0.00|0.00|43.7465|33.7413
13|02|0|135|1.5|26.2|0|16.6|83.2|0.00|0.00|43.7453|32.2349
13|03|0|90|1.5|26.2|0|17.1|83.2|0.00|0.00|43.7441|33.7413
13|04|0|225|4.4|26.2|0|16.7|83.2|0.00|0.00|43.7439|32.2349
13|05|0|315|4.4|26.2|0|16.4|83.3|0.00|0.00|43.744|32.2349
13|06|0|315|4.4|26.2|0|16.6|83.3|0.00|0.00|43.7421|32.2349
13|07|0|315|1.6|26.2|0|16.4|83.4|0.00|0.00|43.7395|32.2349
13|08|0|315|2.9|26.2|0|16.3|83.4|0.00|0.00|43.7396|32.2349
13|10|0|180|3.2|26.2|0|15.9|83.4|0.00|0.00|43.7386|30.6429
13|11|0|315|1.6|26.2|0|16.3|83.4|0.00|0.00|43.7397|32.2349
13|13|0|315|1.6|26.2|0|17.0|83.5|0.00|0.00|43.7349|33.7413
13|14|0|315|1.5|26.2|0|16.0|83.5|0.00|0.00|43.7393|32.2349
13|15|0|315|2.9|26.2|0|16.5|83.4|0.00|0.00|43.7354|32.2349
13|16|0|315|4.4|26.2|0|16.0|83.4|0.00|0.00|43.7327|32.2349
13|17|0|338|5.8|26.2|0|16.7|83.4|0.00|0.00|43.7339|32.2349
13|18|0|315|5.8|26.2|0|17.5|83.4|0.00|0.00|43.7315|33.7413
13|19|0|270|3.2|26.2|0|16.5|83.5|0.00|0.00|43.7318|32.2349
13|20|0|315|5.8|26.2|0|16.2|83.6|0.00|0.00|43.7291|32.2349
13|21|0|0|4.4|26.2|0|17.3|83.5|0.00|0.00|43.7298|33.7413
13|22|0|0|5.8|26.2|0|17.4|83.5|0.00|0.00|43.7289|33.7413
13|23|0|0|2.9|26.2|0|16.2|83.5|0.00|0.00|43.7274|32.2349
13|24|0|315|2.9|26.2|0|16.8|83.5|0.00|0.00|43.727|32.2349
13|26|0|0|4.4|26.2|0|17.0|83.5|0.00|0.00|43.7282|33.7413
13|27|0|0|4.8|26.2|0|16.3|83.5|0.00|0.00|43.7286|32.2349
13|28|0|0|4.8|26.2|0|17.2|83.4|0.00|0.00|43.7293|33.7413
13|29|0|0|2.9|26.2|0|16.1|83.3|0.00|0.00|43.7309|32.2349
13|30|0|270|4.4|26.2|0|15.1|83.4|0.00|0.00|43.7316|30.6429
13|31|0|180|1.5|26.2|0|15.5|83.5|0.00|0.00|43.726|30.6429
13|32|0|180|4.8|26.2|0|15.1|83.8|0.00|0.00|43.7201|30.6429
13|33|0|135|6.4|26.2|0|15.5|83.9|0.00|0.00|43.7174|30.6429
13|35|0|180|2.9|26.2|0|14.8|84.2|0.00|0.00|43.7166|29.7406
13|36|0|270|7.3|26.2|0|15.2|84.3|0.00|0.00|43.7158|31.4357
13|37|0|315|1.6|26.2|0|14.4|84.4|0.00|0.00|43.7151|29.7406
13|38|0|270|5.8|26.2|0|14.6|84.5|0.00|0.00|43.7172|29.7406
13|39|0|225|2.9|26.2|0|14.2|84.5|0.00|0.00|43.7162|29.7406
13|40|0|315|2.9|26.2|0|14.1|84.7|0.00|0.00|43.7174|29.7406
13|42|0|315|5.8|26.2|0|15.1|84.7|0.00|0.00|43.7163|31.4357
13|43|0|315|4.4|26.2|0|15.0|84.7|0.00|0.00|43.7141|31.4357
13|44|0|270|4.4|26.2|0|15.7|84.8|0.00|0.00|43.713|31.4357
13|45|0|45|2.9|26.2|0|16.3|84.9|0.00|0.00|43.7132|33.0337
13|46|0|45|1.5|26.2|0|15.2|85.1|0.00|0.00|43.7142|32.2282
13|47|0|315|4.8|26.2|0|16.6|85.1|0.00|0.00|43.7137|33.8321
13|48|0|45|1.5|26.2|0|15.2|85.3|0.00|0.00|43.7132|32.2282
13|49|0|0|4.8|26.2|0|16.3|85.4|0.00|0.00|43.7129|33.8321
13|50|0|0|4.8|26.2|0|15.1|85.6|0.00|0.00|43.7132|32.2282
13|51|0|45|2.9|26.2|0|14.3|85.8|0.00|0.00|43.7149|30.5267
13|52|0|90|5.8|26.2|0|14.6|85.8|0.00|0.00|43.7141|30.5267
13|53|0|90|1.6|26.2|0|13.3|85.7|0.00|0.00|43.713|28.7142
13|54|0|135|1.6|26.2|0|13.4|85.7|0.00|0.00|43.7133|28.7142
13|55|0|180|2.9|26.2|0|14.0|85.8|0.00|0.00|43.714|30.5267
13|56|0|0|2.9|26.2|0|14.4|85.9|0.00|0.00|43.7132|30.5267
13|58|0|0|2.9|26.2|0|14.7|85.9|0.00|0.00|43.7119|30.5267
13|59|0|315|5.8|26.2|0|15.3|86.0|0.00|0.00|43.7128|33.0202
14|00|0|0|5.8|26.2|0|14.6|85.8|0.00|0.00|43.7126|30.5267
14|01|0|45|1.6|26.2|0|13.7|85.8|0.00|0.00|43.7119|28.7142
14|02|0|90|4.8|26.2|0|13.7|85.9|0.00|0.00|43.7126|28.7142
14|03|0|0|0.0|26.2|0|13.9|85.8|0.00|0.00|43.7109|28.7142
14|04|0|315|4.8|26.2|0|14.5|85.7|0.00|0.00|43.7098|30.5267
14|05|0|45|2.9|26.2|0|13.7|85.7|0.00|0.00|43.7094|28.7142
14|06|0|23|2.9|26.2|0|13.9|85.8|0.00|0.00|43.7083|28.7142
14|08|0|0|4.4|26.2|0|13.5|85.8|0.00|0.00|43.7089|28.7142
14|09|0|315|2.9|26.2|0|13.4|85.8|0.00|0.00|43.7055|28.7142
14|10|0|23|1.6|26.2|0|13.7|85.8|0.00|0.00|43.7068|28.7142
14|11|0|45|1.6|26.2|0|13.8|85.8|0.00|0.00|43.7074|28.7142
14|12|0|0|2.9|26.2|0|13.4|85.7|0.00|0.00|43.7048|28.7142
14|14|0|135|0.0|26.2|0|13.3|85.7|0.00|0.00|43.7029|28.7142
14|15|0|45|4.4|26.2|0|14.3|85.6|0.00|0.00|43.7026|30.5267
14|16|0|315|1.6|26.2|0|15.0|85.4|0.00|0.00|43.7028|32.2282
14|17|0|135|0.0|26.2|0|15.8|85.6|0.00|0.00|43.7026|32.2282
14|18|0|270|4.8|26.2|0|16.7|85.6|0.00|0.00|43.7027|33.8321
14|19|0|270|2.9|26.2|0|15.0|85.7|0.00|0.00|43.7026|32.2282
14|20|0|135|2.9|26.2|0|14.1|86.0|0.00|0.00|43.7026|31.3125
14|21|0|315|1.5|26.2|0|14.6|86.1|0.00|0.00|43.7023|31.3125
14|22|0|315|4.8|26.2|0|14.6|86.2|0.00|0.00|43.7033|31.3125
14|24|0|0|4.4|26.2|0|13.6|86.0|0.00|0.00|43.6993|29.4933
14|26|0|90|2.9|26.2|0|14.6|85.9|0.00|0.00|43.6988|30.5267
14|27|0|68|2.9|26.2|0|15.1|86.0|0.00|0.00|43.6994|33.0202
14|28|0|315|2.9|26.2|0|14.4|86.0|0.00|0.00|43.7012|31.3125
14|29|0|0|2.9|26.2|0|14.4|85.9|0.00|0.00|43.6993|30.5267
14|30|0|90|1.5|26.2|0|14.2|85.9|0.00|0.00|43.7018|30.5267
14|32|0|45|3.2|26.2|0|13.8|85.8|0.00|0.00|43.7032|28.7142
14|34|0|315|4.4|26.2|0|14.9|85.3|0.00|0.00|43.6984|30.5267
14|35|0|270|2.9|26.2|0|14.7|85.0|0.00|0.00|43.6987|30.5267
14|36|0|315|2.9|26.2|0|14.3|84.8|0.00|0.00|43.6974|29.7406
14|37|0|270|1.5|26.2|0|14.3|84.5|0.00|0.00|43.6937|29.7406
14|38|0|315|2.9|26.2|0|13.9|84.4|0.00|0.00|43.6923|27.9347
14|40|0|315|5.8|26.2|0|16.0|84.1|0.00|0.00|43.6879|33.0337
14|41|0|0|4.4|26.2|0|16.1|84.1|0.00|0.00|43.6853|33.0337
14|42|0|315|4.8|26.2|0|18.6|84.1|0.00|0.00|43.6854|35.9811
14|43|0|315|4.8|26.2|0|17.0|84.1|0.00|0.00|43.683|34.5457
14|44|0|0|3.2|26.2|0|17.1|84.1|0.00|0.00|43.6845|34.5457
14|45|0|0|7.3|26.2|0|18.1|84.2|0.00|0.00|43.6816|35.9811
14|46|0|0|3.2|26.2|0|17.3|84.1|0.00|0.00|43.6805|34.5457
14|47|0|0|4.4|26.2|0|16.9|84.3|0.00|0.00|43.6779|33.0337
14|49|0|0|1.5|26.2|0|18.2|84.4|0.00|0.00|43.6783|35.9811
14|50|0|0|4.8|26.2|0|17.0|84.5|0.00|0.00|43.6776|34.5457
14|51|0|0|4.4|26.2|0|15.6|84.8|0.00|0.00|43.6788|31.4357
14|52|0|315|1.6|26.2|0|14.0|85.0|0.00|0.00|43.6796|30.5267
14|53|0|315|4.4|26.2|0|15.0|85.2|0.00|0.00|43.6811|32.2282
14|54|0|315|3.2|26.2|0|17.2|85.4|0.00|0.00|43.6818|35.3498
14|55|0|315|7.3|26.2|0|17.2|85.6|0.00|0.00|43.6814|35.3498
14|56|0|315|4.8|26.2|0|16.5|85.7|0.00|0.00|43.6797|33.8321
14|57|0|315|7.3|26.2|0|17.2|85.9|0.00|0.00|43.6806|35.3498
14|58|0|315|7.3|26.2|0|16.1|86.0|0.00|0.00|43.6812|34.6301
14|59|0|0|3.2|26.2|0|17.7|86.1|0.00|0.00|43.6839|36.1535
15|00|0|315|4.4|26.2|0|16.6|86.1|0.00|0.00|43.682|34.6301
15|02|0|315|5.8|26.2|0|17.2|86.0|0.00|0.00|43.6821|36.1535
15|03|0|315|5.8|26.2|0|16.5|85.9|0.00|0.00|43.6818|33.8321
15|04|0|315|5.8|26.2|0|15.3|85.7|0.00|0.00|43.6801|32.2282
15|05|0|270|3.2|26.2|0|15.7|85.3|0.00|0.00|43.6775|32.2282
15|06|0|315|2.9|26.2|0|14.4|85.3|0.00|0.00|43.6759|30.5267
15|07|0|270|3.2|26.2|0|14.9|85.2|0.00|0.00|43.6764|30.5267
15|08|0|315|4.4|26.2|0|15.6|85.0|0.00|0.00|43.6732|32.2282
15|09|0|315|2.9|26.2|0|14.1|84.9|0.00|0.00|43.6692|29.7406
15|10|0|315|4.8|26.2|0|16.2|85.0|0.00|0.00|43.6711|33.8321
15|11|0|0|4.4|26.2|0|14.4|85.0|0.00|0.00|43.6689|30.5267
15|12|0|0|2.9|26.2|0|15.8|85.0|0.00|0.00|43.6674|32.2282
15|13|0|45|4.4|26.2|0|16.1|85.1|0.00|0.00|43.6676|33.8321
15|14|0|45|2.9|26.2|0|15.2|85.1|0.00|0.00|43.6651|32.2282
15|15|0|0|4.4|26.2|0|15.3|85.2|0.00|0.00|43.667|32.2282
15|16|0|23|7.3|26.2|0|16.1|85.2|0.00|0.00|43.6666|33.8321
15|18|0|23|5.8|26.2|0|16.2|85.2|0.00|0.00|43.6654|33.8321
15|19|0|0|4.8|26.2|0|16.9|85.3|0.00|0.00|43.6667|33.8321
15|20|0|315|4.4|26.2|0|16.9|85.3|0.00|0.00|43.6674|33.8321
15|21|0|315|1.6|26.2|0|16.6|85.4|0.00|0.00|43.6663|33.8321
15|22|0|0|2.9|26.2|0|16.8|85.6|0.00|0.00|43.6692|33.8321
15|23|0|315|2.9|26.2|0|16.3|85.6|0.00|0.00|43.6689|33.8321
15|24|0|315|2.9|26.2|0|15.8|85.8|0.00|0.00|43.6692|32.2282
15|25|0|0|3.2|26.2|0|15.5|85.9|0.00|0.00|43.6704|32.2282
15|26|0|0|2.9|26.2|0|17.8|85.9|0.00|0.00|43.6698|35.3498
15|27|0|45|1.6|26.2|0|16.1|86.0|0.00|0.00|43.6718|34.6301
15|28|0|0|2.9|26.2|0|16.2|86.0|0.00|0.00|43.6701|34.6301
15|30|0|0|5.8|26.2|0|16.7|85.9|0.00|0.00|43.6692|33.8321
15|31|0|0|8.7|26.2|0|16.5|85.7|0.00|0.00|43.6666|33.8321
15|33|0|0|4.4|26.2|0|17.2|85.6|0.00|0.00|43.6666|35.3498
15|34|0|45|3.2|26.2|0|16.7|85.3|0.00|0.00|43.6647|33.8321
15|35|0|45|4.4|26.2|0|15.7|85.1|0.00|0.00|43.6615|32.2282
15|36|0|45|0.0|26.2|0|15.8|85.0|0.00|0.00|43.6618|32.2282
15|37|0|23|5.8|26.2|0|16.2|85.0|0.00|0.00|43.6595|33.8321
15|38|0|0|7.3|26.2|0|16.6|84.8|0.00|0.00|43.6592|33.0337
15|39|0|0|7.3|26.2|0|16.9|84.7|0.00|0.00|43.6578|33.0337
15|40|0|0|4.8|26.2|0|17.0|84.4|0.00|0.00|43.6563|34.5457
15|41|0|315|4.4|26.2|0|16.1|84.2|0.00|0.00|43.6519|33.0337
15|42|0|0|9.7|26.2|0|17.1|84.2|0.00|0.00|43.653|34.5457
15|44|0|0|4.4|26.2|0|15.8|83.9|0.00|0.00|43.65|30.6429
15|46|0|0|8.7|26.2|0|16.7|83.5|0.00|0.00|43.6478|32.2349
15|47|0|0|7.3|26.2|0|15.8|83.3|0.00|0.00|43.6438|30.6429
15|48|0|0|4.8|26.2|0|15.2|83.3|0.00|0.00|43.6469|30.6429
15|49|0|0|5.8|26.2|0|15.5|83.2|0.00|0.00|43.6458|30.6429
15|50|0|45|1.6|26.2|0|16.7|83.2|0.00|0.00|43.6469|32.2349
15|52|0|0|4.4|26.2|0|15.6|83.3|0.00|0.00|43.6446|30.6429
15|53|0|0|5.8|26.2|0|17.2|83.2|0.00|0.00|43.6446|33.7413
15|54|0|0|1.5|26.2|0|15.3|83.2|0.00|0.00|43.6428|30.6429
15|55|0|0|2.9|26.2|0|17.2|83.3|0.00|0.00|43.6431|33.7413
15|56|0|315|4.4|26.2|0|17.9|83.3|0.00|0.00|43.6407|33.7413
15|57|0|0|2.9|26.2|0|16.7|83.4|0.00|0.00|43.6402|32.2349
15|58|0|0|5.8|26.2|0|18.4|83.5|0.00|0.00|43.6402|35.1713
15|59|0|0|5.8|26.2|0|17.8|83.6|0.00|0.00|43.6406|33.7413
16|00|0|0|8.1|26.2|0|16.4|83.6|0.00|0.00|43.6409|32.2349
16|01|0|0|8.7|26.2|0|15.1|83.5|0.00|0.00|43.6389|30.6429
16|02|0|315|4.4|26.2|0|14.7|83.4|0.00|0.00|43.6399|28.9541
16|03|0|0|4.8|26.2|0|15.6|83.5|0.00|0.00|43.6421|30.6429
16|04|0|0|4.4|26.2|0|14.6|83.4|0.00|0.00|43.6384|28.9541
16|05|0|0|10.2|26.2|0|15.3|83.4|0.00|0.00|43.6397|30.6429
16|07|0|0|7.3|26.2|0|15.1|83.2|0.00|0.00|43.6407|30.6429
16|08|0|0|2.9|26.2|0|14.6|83.2|0.00|0.00|43.6422|28.9541
16|09|0|0|4.4|26.2|0|15.0|83.2|0.00|0.00|43.6416|30.6429
16|10|0|0|4.4|26.2|0|14.6|83.1|0.00|0.00|43.6389|28.9541
16|11|0|315|5.8|26.2|0|16.3|83.1|0.00|0.00|43.6426|32.2349
16|12|0|315|5.8|26.2|0|17.2|83.0|0.00|0.00|43.6435|33.7413
16|13|0|315|2.9|26.2|0|16.1|83.0|0.00|0.00|43.6395|32.2349
16|14|0|315|2.9|26.2|0|17.3|83.0|0.00|0.00|43.6426|33.7413
16|15|0|0|2.9|26.2|0|17.2|83.0|0.00|0.00|43.6407|33.7413
16|16|0|0|4.8|26.2|0|16.5|82.9|0.00|0.00|43.6399|31.4358
16|17|0|0|2.9|26.2|0|16.6|82.9|0.00|0.00|43.6409|31.4358
16|18|0|0|4.4|26.2|0|16.2|82.7|0.00|0.00|43.6401|31.4358
16|19|0|0|5.8|26.2|0|15.6|82.7|0.00|0.00|43.6386|29.8497
16|20|0|0|2.9|26.2|0|16.2|82.6|0.00|0.00|43.6392|31.4358
16|23|0|45|2.9|26.2|0|17.1|82.6|0.00|0.00|43.6388|32.9366
16|24|0|0|4.4|26.2|0|16.0|82.5|0.00|0.00|43.6372|31.4358
16|25|0|0|2.9|26.2|0|15.3|82.4|0.00|0.00|43.6375|29.8497
16|26|0|338|1.5|26.2|0|18.1|82.5|0.00|0.00|43.6395|34.3612
16|27|0|0|2.9|26.2|0|17.9|82.5|0.00|0.00|43.6367|32.9366
16|28|0|0|1.6|26.2|0|17.6|82.5|0.00|0.00|43.6341|32.9366
16|29|0|0|2.9|26.2|0|15.9|82.6|0.00|0.00|43.6351|29.8497
16|30|0|0|0.0|26.2|0|15.4|82.5|0.00|0.00|43.6334|29.8497
16|31|0|0|1.5|26.2|0|15.6|82.6|0.00|0.00|43.6334|29.8497
16|32|0|0|0.0|26.2|0|17.3|82.6|0.00|0.00|43.6321|32.9366
16|33|0|315|1.6|26.2|0|17.4|82.6|0.00|0.00|43.6315|32.9366
16|34|0|45|4.4|26.2|0|17.8|82.6|0.00|0.00|43.6296|32.9366
16|35|0|0|3.2|26.2|0|15.1|82.5|0.00|0.00|43.6314|29.8497
16|36|0|0|2.9|26.2|0|14.4|82.5|0.00|0.00|43.6314|28.1672
16|37|0|0|2.9|26.2|0|15.1|82.4|0.00|0.00|43.6308|29.8497
16|38|0|0|2.9|26.2|0|16.2|82.5|0.00|0.00|43.6325|31.4358
16|40|0|315|4.4|26.2|0|17.1|82.4|0.00|0.00|43.6316|32.9366
16|41|0|0|2.9|26.2|0|17.4|82.4|0.00|0.00|43.6317|32.9366
16|42|0|0|4.4|26.2|0|16.4|82.3|0.00|0.00|43.6317|31.4358
16|43|0|315|4.4|26.2|0|15.6|82.2|0.00|0.00|43.6296|29.8497
16|44|0|0|4.4|26.2|0|15.8|82.2|0.00|0.00|43.633|29.8497
16|45|0|315|1.5|26.2|0|15.2|82.2|0.00|0.00|43.6309|29.8497
16|47|0|0|2.9|26.2|0|17.7|82.3|0.00|0.00|43.6303|32.9366
16|48|0|0|1.5|26.2|0|18.6|82.3|0.00|0.00|43.6291|34.3612
16|49|0|45|2.9|26.2|0|17.9|82.3|0.00|0.00|43.6273|32.9366
16|50|0|0|5.8|26.2|0|15.1|82.2|0.00|0.00|43.6271|29.8497
16|51|0|45|0.0|26.2|0|13.9|82.3|0.00|0.00|43.6266|26.3746
16|52|0|0|5.8|26.2|0|14.7|82.3|0.00|0.00|43.6255|28.1672
16|53|0|45|2.9|26.2|0|15.8|82.3|0.00|0.00|43.6275|29.8497
16|54|0|45|1.5|26.2|0|15.3|82.3|0.00|0.00|43.6254|29.8497
16|55|0|45|1.5|26.2|0|14.6|82.3|0.00|0.00|43.6246|28.1672
16|57|0|0|1.5|26.2|0|14.7|82.3|0.00|0.00|43.6253|28.1672
16|58|0|0|0.0|26.2|0|14.7|82.3|0.00|0.00|43.6226|28.1672
16|59|0|45|0.0|26.2|0|14.7|82.4|0.00|0.00|43.6251|28.1672
17|00|0|0|1.5|26.2|0|15.4|82.4|0.00|0.00|43.6244|29.8497
17|01|0|0|1.5|26.2|0|17.1|82.5|0.00|0.00|43.6247|32.9366
17|02|0|90|1.5|26.2|0|16.3|82.6|0.00|0.00|43.627|31.4358
17|03|0|0|1.6|26.2|0|15.7|82.6|0.00|0.00|43.6257|29.8497
17|04|0|0|1.5|26.2|0|15.4|82.6|0.00|0.00|43.6263|29.8497
17|05|0|45|0.0|26.2|0|15.9|82.6|0.00|0.00|43.6241|29.8497
17|06|0|45|2.9|26.2|0|15.3|82.6|0.00|0.00|43.6257|29.8497
17|07|0|45|2.9|26.2|0|14.3|82.6|0.00|0.00|43.6246|28.1672
17|08|0|45|1.6|26.2|0|14.9|82.5|0.00|0.00|43.6245|28.1672
17|09|0|45|1.6|26.2|0|15.0|82.5|0.00|0.00|43.6258|29.8497
17|10|0|45|1.5|26.2|0|14.8|82.4|0.00|0.00|43.6258|28.1672
17|11|0|45|1.6|26.2|0|14.6|82.4|0.00|0.00|43.6273|28.1672
17|12|0|45|1.5|26.2|0|14.3|82.4|0.00|0.00|43.6264|28.1672
17|14|0|0|2.9|26.2|0|15.7|82.3|0.00|0.00|43.6263|29.8497
17|15|0|0|1.6|26.2|0|15.5|82.3|0.00|0.00|43.6271|29.8497
17|16|0|45|1.5|26.2|0|14.7|82.3|0.00|0.00|43.6267|28.1672
17|17|0|0|1.5|26.2|0|15.2|82.3|0.00|0.00|43.6252|29.8497
17|18|0|45|1.5|26.2|0|15.6|82.3|0.00|0.00|43.6243|29.8497
17|19|0|45|1.5|26.2|0|14.3|82.3|0.00|0.00|43.6223|28.1672
17|20|0|45|0.0|26.2|0|14.1|82.3|0.00|0.00|43.6236|28.1672
17|21|0|45|0.0|26.2|0|14.0|82.3|0.00|0.00|43.6237|28.1672
17|22|0|0|1.5|26.2|0|14.4|82.3|0.00|0.00|43.6229|28.1672
17|23|0|0|4.4|26.2|0|17.0|82.3|0.00|0.00|43.6224|32.9366
17|25|0|315|3.2|26.2|0|15.8|82.2|0.00|0.00|43.6231|29.8497
17|26|0|45|1.5|26.2|0|14.2|82.2|0.00|0.00|43.6229|28.1672
17|27|0|0|0.0|26.2|0|13.7|82.2|0.00|0.00|43.6242|26.3746
17|29|0|0|0.0|26.2|0|13.6|82.2|0.00|0.00|43.6241|26.3746
17|30|0|315|0.0|26.2|0|14.9|82.2|0.00|0.00|43.6239|28.1672
17|31|0|315|1.5|26.2|0|17.2|82.2|0.00|0.00|43.6216|32.9366
17|32|0|45|0.0|26.2|0|17.2|82.2|0.00|0.00|43.623|32.9366
17|33|0|0|1.5|26.2|0|16.0|82.2|0.00|0.00|43.6202|31.4358
17|34|0|315|1.5|26.2|0|17.2|82.2|0.00|0.00|43.6255|32.9366
17|35|0|0|5.8|26.2|0|19.0|82.2|0.00|0.00|43.6239|35.7176
17|36|0|0|2.9|26.2|0|15.4|82.0|0.00|0.00|43.6238|29.8497
17|37|0|0|5.8|26.2|0|15.8|81.8|0.00|0.00|43.6269|29.0562
17|38|0|0|7.3|26.2|0|15.8|81.7|0.00|0.00|43.6286|29.0562
17|39|0|0|6.4|26.2|0|15.6|81.6|0.00|0.00|43.6309|29.0562
17|40|0|0|5.8|26.2|0|15.2|81.4|0.00|0.00|43.6305|29.0562
17|41|0|0|5.8|26.2|0|14.8|81.3|0.00|0.00|43.6291|27.3799
17|42|0|0|5.8|26.2|0|15.4|81.2|0.00|0.00|43.6289|29.0562
17|43|0|0|4.4|26.2|0|14.8|80.9|0.00|0.00|43.6252|26.5923
17|45|0|0|4.4|26.2|0|16.8|80.9|0.00|0.00|43.6277|29.8366
17|46|0|0|4.4|26.2|0|16.3|80.7|0.00|0.00|43.6263|29.8366
17|47|0|45|4.4|26.2|0|16.0|80.7|0.00|0.00|43.6262|29.8366
17|48|0|315|3.2|26.2|0|16.7|80.6|0.00|0.00|43.6263|29.8366
17|49|0|0|4.8|26.2|0|18.8|80.6|0.00|0.00|43.6274|32.74
17|50|0|315|5.8|26.2|0|17.3|80.5|0.00|0.00|43.6268|31.326
17|52|0|0|8.7|10.2|0|17.2|80.3|0.00|0.00|43.6241|31.326
17|53|0|0|7.3|11.3|0|16.4|80.0|0.00|0.00|43.6243|29.8366
17|54|0|0|3.2|11.3|0|16.0|79.9|0.00|0.00|43.6254|29.0364
17|55|0|0|4.4|11.3|0|17.9|79.9|0.00|0.00|43.6247|30.5203
17|57|0|0|7.3|11.3|0|17.1|79.8|0.00|0.00|43.625|30.5203
17|58|0|315|4.4|11.3|0|17.6|79.7|0.00|0.00|43.6238|30.5203
17|59|0|0|4.4|11.3|0|17.0|79.6|0.00|0.00|43.6247|30.5203
18|00|0|0|8.7|11.6|0|17.5|79.6|0.00|0.00|43.6204|30.5203
18|01|0|0|8.1|14.5|0|15.6|79.4|0.00|0.00|43.6209|27.4681
18|02|0|0|7.3|14.5|0|16.8|79.3|0.00|0.00|43.6195|29.0364
18|04|0|0|5.8|17.5|0|16.9|79.1|0.00|0.00|43.6182|29.0364
18|05|0|23|4.8|17.5|0|17.1|79.1|0.00|0.00|43.6189|30.5203
18|06|0|0|4.4|17.5|0|16.9|79.0|0.00|0.00|43.6177|29.0364
18|07|0|0|3.2|17.5|0|16.8|79.0|0.00|0.00|43.6176|29.0364
18|08|0|315|6.4|17.5|0|17.0|78.9|0.00|0.00|43.6175|29.7141
18|12|0|315|4.8|17.5|0|16.4|78.8|0.00|0.00|43.6167|28.2359
18|13|0|315|4.8|17.5|0|17.5|78.8|0.00|0.00|43.6163|29.7141
18|14|0|0|3.2|17.5|0|16.2|78.7|0.00|0.00|43.6166|28.2359
18|15|0|0|4.4|17.5|0|16.8|78.7|0.00|0.00|43.6166|28.2359
18|16|0|0|6.4|17.5|0|16.3|78.6|0.00|0.00|43.6149|28.2359
18|17|0|315|8.7|17.5|0|16.1|78.6|0.00|0.00|43.6134|28.2359
18|18|0|0|5.8|17.5|0|15.6|78.5|0.00|0.00|43.6133|26.6734
18|19|0|0|3.2|17.5|0|17.0|78.5|0.00|0.00|43.6136|29.7141
18|20|0|23|4.4|17.5|0|17.0|78.5|0.00|0.00|43.6129|29.7141
18|21|0|0|4.4|17.5|0|17.0|78.5|0.00|0.00|43.6143|29.7141
18|22|0|0|3.2|17.5|0|16.9|78.5|0.00|0.00|43.6113|28.2359
18|23|0|0|4.4|17.5|0|17.5|78.5|0.00|0.00|43.612|29.7141
18|24|0|315|3.2|17.5|0|18.8|78.5|0.00|0.00|43.6119|31.1174
18|25|0|0|1.5|17.5|0|18.3|78.4|0.00|0.00|43.6099|31.1174
18|26|0|0|5.8|17.5|0|17.3|78.4|0.00|0.00|43.6076|29.7141
18|27|0|315|2.9|17.5|0|16.7|78.4|0.00|0.00|43.609|28.2359
18|29|0|0|2.9|17.5|0|18.2|78.4|0.00|0.00|43.6103|31.1174
18|30|0|0|1.5|17.5|0|19.5|78.4|0.00|0.00|43.608|32.4533
18|32|0|315|3.2|17.5|0|19.5|78.2|0.00|0.00|43.6094|32.4533
18|33|0|0|4.4|17.5|0|18.2|78.2|0.00|0.00|43.6081|31.1174
18|34|0|315|3.2|17.5|0|18.7|78.1|0.00|0.00|43.6078|31.1174
18|35|0|315|2.9|17.5|0|19.2|78.1|0.00|0.00|43.6088|32.4533
18|36|0|0|2.9|17.5|0|18.3|78.1|0.00|0.00|43.608|31.1174
18|37|0|338|3.2|17.5|0|18.8|78.0|0.00|0.00|43.6086|31.1174
18|38|0|270|2.9|17.5|0|19.4|77.9|0.00|0.00|43.6075|31.6364
18|39|0|0|1.6|17.5|0|20.3|77.9|0.00|0.00|43.6071|32.9066
18|40|0|0|1.5|17.5|0|20.6|77.8|0.00|0.00|43.6083|32.9066
18|41|0|338|4.4|17.5|0|20.3|77.8|0.00|0.00|43.6092|32.9066
18|43|0|0|2.9|17.5|0|19.0|77.7|0.00|0.00|43.6086|31.6364
18|44|0|315|4.4|17.5|0|20.2|77.6|0.00|0.00|43.6073|32.9066
18|46|0|315|1.6|17.5|0|19.7|77.5|0.00|0.00|43.6095|31.6364
18|47|0|315|2.9|17.5|0|19.0|77.3|0.00|0.00|43.606|31.6364
18|48|0|315|4.4|17.5|0|19.3|77.3|0.00|0.00|43.608|31.6364
18|49|0|315|2.9|17.5|0|20.3|77.3|0.00|0.00|43.6066|32.9066
18|50|0|315|2.9|17.5|0|20.2|77.2|0.00|0.00|43.6056|32.9066
18|51|0|315|2.9|17.5|0|19.8|77.2|0.00|0.00|43.6059|31.6364
18|52|0|315|1.5|17.5|0|18.8|77.1|0.00|0.00|43.6047|30.3056
18|53|0|315|1.5|17.5|0|21.0|77.1|0.00|0.00|43.6057|34.1219
18|54|0|0|1.5|17.5|0|21.1|77.1|0.00|0.00|43.6043|34.1219
18|56|0|315|1.5|17.5|0|21.5|77.0|0.00|0.00|43.6019|34.1219
18|57|0|315|1.6|17.5|0|21.3|77.0|0.00|0.00|43.6002|34.1219
18|59|0|315|1.5|17.5|0|20.4|77.0|0.00|0.00|43.6013|32.9066
19|00|0|315|1.5|17.5|0|22.9|76.9|0.00|0.00|43.6002|34.4558
19|02|0|315|1.5|17.5|0|23.2|76.9|0.00|0.00|43.598|35.5708
19|03|0|315|2.9|17.5|0|23.5|76.8|0.00|0.00|43.5988|35.5708
19|05|0|0|1.5|17.5|0|22.2|76.6|0.00|0.00|43.5948|34.4558
19|06|0|315|1.5|17.5|0|23.0|76.6|0.00|0.00|43.5963|35.5708
19|07|0|315|1.5|17.5|0|24.4|76.4|0.00|0.00|43.596|36.6438
19|08|0|315|1.5|17.5|0|24.4|76.4|0.00|0.00|43.5956|36.6438
19|09|0|315|2.9|17.5|0|22.5|76.3|0.00|0.00|43.5934|34.4558
19|10|0|315|2.9|17.5|0|22.9|76.2|0.00|0.00|43.5953|34.4558
19|14|0|315|1.5|17.5|0|23.6|76.0|0.00|0.00|43.5987|35.5708
19|17|0|0|1.5|17.5|0|23.8|76.0|0.00|0.00|43.5991|35.5708
19|18|0|315|0.0|17.5|0|22.9|75.9|0.00|0.00|43.5972|33.6243
19|19|0|315|1.5|17.5|0|24.4|75.9|0.00|0.00|43.5988|35.8037
19|20|0|315|1.6|17.5|0|23.1|75.8|0.00|0.00|43.5968|34.7349
19|21|0|0|2.9|17.5|0|22.0|75.8|0.00|0.00|43.5963|33.6243
19|22|0|315|2.9|17.5|0|20.9|75.8|0.00|0.00|43.5955|31.2621
19|23|0|0|1.6|17.5|0|21.1|75.7|0.00|0.00|43.5956|32.468
19|24|0|338|1.5|17.5|0|20.4|75.7|0.00|0.00|43.5952|31.2621
19|25|0|0|2.9|17.5|0|21.4|75.7|0.00|0.00|43.5955|32.468
19|26|0|315|1.5|17.5|0|21.9|75.7|0.00|0.00|43.5944|32.468
19|27|0|315|1.6|17.5|0|21.4|75.7|0.00|0.00|43.5923|32.468
19|29|0|315|1.6|17.5|0|21.6|75.7|0.00|0.00|43.5936|32.468
19|30|0|315|0.0|17.5|0|20.6|75.8|0.00|0.00|43.5927|31.2621
19|31|0|0|2.9|17.5|0|19.5|75.7|0.00|0.00|43.5906|30.0016
19|32|0|0|1.5|17.5|0|18.9|75.7|0.00|0.00|43.5895|28.6809
19|34|0|0|1.5|17.5|0|19.3|75.8|0.00|0.00|43.5873|30.0016
19|35|0|0|1.5|17.5|0|20.4|75.8|0.00|0.00|43.5887|31.2621
19|36|0|0|3.2|17.5|0|20.1|75.8|0.00|0.00|43.5883|31.2621
19|37|0|0|1.5|17.5|0|18.6|75.8|0.00|0.00|43.5887|28.6809
19|39|0|315|1.5|17.5|0|19.5|75.8|0.00|0.00|43.5854|30.0016
19|40|0|315|1.5|17.5|0|21.5|75.8|0.00|0.00|43.5894|32.468
19|41|0|315|1.5|17.5|0|21.1|75.8|0.00|0.00|43.5879|32.468
19|42|0|315|1.5|17.5|0|21.3|75.7|0.00|0.00|43.5885|32.468
19|43|0|315|1.6|17.5|0|20.8|75.7|0.00|0.00|43.5869|31.2621
19|44|0|315|1.5|17.5|0|20.9|75.5|0.00|0.00|43.5873|31.2621
19|46|0|0|1.6|17.5|0|19.9|75.4|0.00|0.00|43.5853|30.0016
19|47|0|0|1.5|17.5|0|19.5|75.4|0.00|0.00|43.5867|30.0016
19|48|0|0|1.6|17.5|0|19.0|75.3|0.00|0.00|43.5867|30.0016
19|49|0|0|1.5|17.5|0|18.9|75.3|0.00|0.00|43.5868|28.6809
19|50|0|315|1.5|17.5|0|19.7|75.2|0.00|0.00|43.5888|30.0016
19|51|0|315|1.6|17.5|0|20.4|75.2|0.00|0.00|43.5885|31.2621
19|52|0|315|1.5|17.5|0|20.4|75.1|0.00|0.00|43.5921|31.2621
19|53|0|315|1.6|17.5|0|20.0|75.1|0.00|0.00|43.5919|31.2621
19|54|0|315|0.0|17.5|0|19.8|75.1|0.00|0.00|43.5942|30.0016
19|55|0|270|0.0|17.5|0|19.5|75.0|0.00|0.00|43.5929|30.0016
19|56|0|180|0.0|17.5|0|21.1|75.0|0.00|0.00|43.5965|32.468
19|57|0|180|0.0|17.5|0|22.7|75.0|0.00|0.00|43.5968|33.6243
19|58|0|135|0.0|17.5|0|23.0|74.9|0.00|0.00|43.598|33.8987
19|59|0|135|0.0|17.5|0|23.3|74.8|0.00|0.00|43.5976|33.8987
20|02|0|180|0.0|17.5|0|22.8|74.5|0.00|0.00|43.6003|32.7924
20|03|0|180|0.0|17.5|0|22.7|74.4|0.00|0.00|43.5995|32.7924
20|05|0|180|0.0|17.5|0|22.5|74.3|0.00|0.00|43.5999|32.7924
20|06|0|180|0.0|17.5|0|22.7|74.3|0.00|0.00|43.5998|32.7924
20|07|0|180|0.0|17.5|0|22.8|74.2|0.00|0.00|43.5982|32.7924
20|08|0|180|0.0|17.5|0|22.7|74.1|0.00|0.00|43.5984|32.7924
20|09|0|180|0.0|17.5|0|22.8|74.1|0.00|0.00|43.5984|32.7924
20|10|0|180|0.0|17.5|0|22.6|74.0|0.00|0.00|43.5968|32.7924
20|11|0|180|0.0|17.5|0|22.4|73.9|0.00|0.00|43.5953|31.9602
20|12|0|180|0.0|17.5|0|22.0|73.9|0.00|0.00|43.5957|31.9602
20|13|0|180|0.0|17.5|0|22.1|73.7|0.00|0.00|43.5952|31.9602
20|14|0|180|0.0|17.5|0|21.9|73.7|0.00|0.00|43.5945|30.8129
20|15|0|180|0.0|17.5|0|22.0|73.6|0.00|0.00|43.5943|31.9602
20|17|0|135|0.0|17.5|0|20.6|73.5|0.00|0.00|43.5933|29.6162
20|18|0|180|0.0|17.5|0|21.3|73.5|0.00|0.00|43.5941|30.8129
20|19|0|135|0.0|17.5|0|22.6|73.5|0.00|0.00|43.5948|31.9602
20|21|0|135|0.0|17.5|0|22.9|73.5|0.00|0.00|43.5963|31.9602
20|22|0|135|0.0|17.5|0|22.1|73.4|0.00|0.00|43.5957|31.9602
20|23|0|135|0.0|17.5|0|21.7|73.4|0.00|0.00|43.5967|30.8129
20|24|0|135|0.0|17.5|0|22.5|73.3|0.00|0.00|43.598|31.9602
20|25|0|135|0.0|17.5|0|22.7|73.2|0.00|0.00|43.597|31.9602
20|26|0|225|0.0|17.5|0|22.7|73.2|0.00|0.00|43.5963|31.9602
20|27|0|225|0.0|17.5|0|22.8|73.1|0.00|0.00|43.5957|31.9602
20|28|0|225|0.0|17.5|0|22.8|73.1|0.00|0.00|43.5953|31.9602
20|29|0|225|0.0|17.5|0|22.9|73.0|0.00|0.00|43.5968|31.9602
20|30|0|225|0.0|17.5|0|23.1|73.0|0.00|0.00|43.5953|33.0622
20|31|0|225|0.0|17.5|0|23.2|72.8|0.00|0.00|43.5934|32.2254
20|32|0|225|0.0|17.5|0|23.3|72.7|0.00|0.00|43.594|32.2254
20|33|0|225|0.0|17.5|0|23.3|72.6|0.00|0.00|43.5941|32.2254
20|34|0|225|0.0|17.5|0|23.7|72.5|0.00|0.00|43.5937|32.2254
20|35|0|225|0.0|17.5|0|24.1|72.4|0.00|0.00|43.5965|33.2818
20|36|0|270|0.0|17.5|0|24.7|72.4|0.00|0.00|43.602|33.2818
20|37|0|270|0.0|17.5|0|24.0|72.2|0.00|0.00|43.6006|33.2818
20|39|0|270|0.0|17.5|0|24.0|72.1|0.00|0.00|43.6008|33.2818
20|40|0|270|0.0|17.5|0|24.2|71.9|0.00|0.00|43.6032|32.4405
20|41|0|270|0.0|17.5|0|24.7|71.8|0.00|0.00|43.6025|32.4405
20|42|0|315|0.0|17.5|0|26.8|71.6|0.00|0.00|43.6029|34.4336
20|43|0|315|0.0|17.5|0|27.4|71.4|0.00|0.00|43.6039|35.3797
20|44|0|315|1.5|17.5|0|26.0|71.3|0.00|0.00|43.6083|34.4336
20|46|0|315|1.5|17.5|0|25.0|70.7|0.00|0.00|43.6067|32.6091
20|47|0|315|0.0|17.5|0|24.9|70.5|0.00|0.00|43.6071|31.599
20|48|0|315|0.0|17.5|0|24.7|70.3|0.00|0.00|43.6031|31.599
20|49|0|270|0.0|17.5|0|25.1|70.1|0.00|0.00|43.6029|32.6091
20|50|0|270|0.0|17.5|0|25.4|70.0|0.00|0.00|43.6055|32.6091
20|51|0|270|0.0|17.5|0|25.6|69.8|0.00|0.00|43.6038|31.7633
20|53|0|270|0.0|17.5|0|25.1|69.8|0.00|0.00|43.6077|31.7633
20|54|0|270|0.0|17.5|0|25.1|69.7|0.00|0.00|43.6096|31.7633
20|55|0|270|0.0|17.5|0|25.3|69.6|0.00|0.00|43.6094|31.7633
20|57|0|315|1.5|17.5|0|26.4|69.4|0.00|0.00|43.6124|32.7345
20|59|0|315|0.0|17.5|0|26.0|69.1|0.00|0.00|43.6108|32.7345
21|00|0|315|1.6|17.5|0|25.6|69.0|0.00|0.00|43.6125|31.7633
21|01|0|315|1.6|17.5|0|26.1|68.9|0.00|0.00|43.6132|31.8845
21|02|0|315|0.0|17.5|0|26.8|68.9|0.00|0.00|43.6155|31.8845
21|03|0|315|0.0|17.5|0|26.8|68.8|0.00|0.00|43.6151|31.8845
21|05|0|270|1.6|17.5|0|27.0|68.6|0.00|0.00|43.615|32.8195
21|06|0|225|1.5|17.5|0|26.8|68.5|0.00|0.00|43.6148|31.8845
21|07|0|225|1.5|17.5|0|27.3|68.5|0.00|0.00|43.6147|32.8195
21|08|0|225|0.0|17.5|0|27.4|68.3|0.00|0.00|43.6136|32.8195
21|09|0|225|0.0|17.5|0|27.8|68.3|0.00|0.00|43.6127|32.8195
21|11|0|225|0.0|17.5|0|28.3|68.2|0.00|0.00|43.6126|33.7243
21|12|0|225|0.0|17.5|0|28.8|68.2|0.00|0.00|43.6134|33.7243
21|13|0|225|0.0|17.5|0|29.2|68.2|0.00|0.00|43.6115|34.601
21|14|0|225|0.0|17.5|0|28.9|68.1|0.00|0.00|43.6103|33.7243
21|15|0|225|0.0|17.5|0|28.9|68.1|0.00|0.00|43.6111|33.7243
21|17|0|225|0.0|17.5|0|29.1|68.1|0.00|0.00|43.6108|34.601
21|18|0|225|0.0|17.5|0|28.8|68.0|0.00|0.00|43.6096|33.7243
21|19|0|225|0.0|17.5|0|28.4|68.0|0.00|0.00|43.611|33.7243
21|20|0|225|0.0|17.5|0|28.0|68.0|0.00|0.00|43.6109|33.7243
21|21|0|225|0.0|17.5|0|28.4|68.0|0.00|0.00|43.6115|33.7243
21|22|0|135|0.0|17.5|0|28.9|68.0|0.00|0.00|43.614|33.7243
21|23|0|135|0.0|17.5|0|28.9|68.0|0.00|0.00|43.614|33.7243
21|24|0|135|0.0|17.5|0|29.0|67.9|0.00|0.00|43.6131|33.7399
21|26|0|135|0.0|17.5|0|28.8|67.8|0.00|0.00|43.6148|32.8667
21|27|0|135|0.0|17.5|0|27.7|67.8|0.00|0.00|43.6148|31.9655
21|28|0|45|0.0|17.5|0|27.1|67.7|0.00|0.00|43.6163|31.9655
21|29|0|45|0.0|17.5|0|27.2|67.7|0.00|0.00|43.6165|31.9655
21|30|0|45|0.0|17.5|0|27.3|67.7|0.00|0.00|43.6167|31.9655
21|31|0|45|0.0|17.5|0|27.3|67.7|0.00|0.00|43.6195|31.9655
21|32|0|45|0.0|17.5|0|27.9|67.7|0.00|0.00|43.618|31.9655
21|33|0|45|0.0|17.5|0|27.5|67.7|0.00|0.00|43.6198|31.9655
21|35|0|45|0.0|17.5|0|27.2|67.6|0.00|0.00|43.6203|31.9655
21|37|0|45|0.0|17.5|0|27.2|67.6|0.00|0.00|43.6214|31.9655
21|38|0|90|1.6|17.5|0|27.7|67.4|0.00|0.00|43.6231|31.9655
21|39|0|135|0.0|17.5|0|28.4|67.4|0.00|0.00|43.6269|32.8667
21|40|0|135|0.0|17.5|0|28.6|67.2|0.00|0.00|43.6255|32.8667
21|41|0|135|0.0|17.5|0|28.9|67.2|0.00|0.00|43.6264|32.8667
21|42|0|135|0.0|17.5|0|29.2|67.1|0.00|0.00|43.6252|33.7399
21|43|0|135|0.0|17.5|0|29.6|67.0|0.00|0.00|43.6275|33.7399
21|44|0|90|1.5|17.5|0|29.7|66.9|0.00|0.00|43.6248|32.8785
21|45|0|90|1.5|17.5|0|29.9|66.9|0.00|0.00|43.6263|32.8785
21|46|0|90|0.0|17.5|0|29.8|66.8|0.00|0.00|43.6267|32.8785
21|47|0|90|0.0|17.5|0|29.9|66.7|0.00|0.00|43.6254|32.8785
21|48|0|90|1.5|17.5|0|29.6|66.5|0.00|0.00|43.6243|32.8785
21|49|0|90|1.6|17.5|0|29.8|66.5|0.00|0.00|43.6254|32.8785
21|51|0|90|1.5|17.5|0|29.8|66.4|0.00|0.00|43.6255|32.8785
21|52|0|135|0.0|17.5|0|29.9|66.3|0.00|0.00|43.6263|32.8785
21|53|0|90|1.5|17.5|0|30.1|66.3|0.00|0.00|43.6259|33.7221
21|54|0|90|0.0|17.5|0|30.3|66.3|0.00|0.00|43.6255|33.7221
21|55|0|90|0.0|17.5|0|30.4|66.2|0.00|0.00|43.6263|33.7221
21|56|0|90|0.0|17.5|0|30.5|66.2|0.00|0.00|43.6242|33.7221
21|57|0|90|0.0|17.5|0|30.6|66.2|0.00|0.00|43.6227|33.7221
22|00|0|90|0.0|17.5|0|30.7|66.2|0.00|0.00|43.6224|33.7221
22|01|0|90|0.0|17.5|0|31.0|66.1|0.00|0.00|43.6222|34.5413
22|02|0|90|0.0|17.5|0|31.2|66.1|0.00|0.00|43.625|34.5413
22|03|0|90|0.0|17.5|0|31.2|66.1|0.00|0.00|43.6245|34.5413
22|04|0|90|0.0|17.5|0|31.3|66.0|0.00|0.00|43.6219|34.5413
22|05|0|90|0.0|17.5|0|31.4|66.0|0.00|0.00|43.6229|34.5413
22|06|0|90|0.0|17.5|0|31.6|65.9|0.00|0.00|43.6234|33.6729
22|08|0|90|0.0|17.5|0|31.7|65.9|0.00|0.00|43.6232|33.6729
22|09|0|90|0.0|17.5|0|31.7|65.8|0.00|0.00|43.6239|33.6729
22|10|0|90|0.0|17.5|0|31.7|65.8|0.00|0.00|43.6247|33.6729
22|11|0|180|0.0|17.5|0|31.9|65.6|0.00|0.00|43.6271|33.6729
22|12|0|180|1.6|17.5|0|32.1|65.6|0.00|0.00|43.6295|34.4658
22|13|0|135|1.5|17.5|0|32.4|65.5|0.00|0.00|43.6302|34.4658
22|15|0|90|1.6|17.5|0|31.9|65.4|0.00|0.00|43.6324|33.6729
22|16|0|90|1.5|17.5|0|31.6|65.3|0.00|0.00|43.6312|33.6729
22|17|0|90|1.5|17.5|0|31.7|65.3|0.00|0.00|43.6341|33.6729
22|19|0|90|1.6|17.5|0|31.8|65.2|0.00|0.00|43.6324|33.6729
22|20|0|90|1.5|17.5|0|32.0|65.2|0.00|0.00|43.6328|34.4658
22|21|0|90|0.0|17.5|0|32.1|65.1|0.00|0.00|43.6331|34.4658
22|22|0|90|1.6|17.5|0|32.4|65.0|0.00|0.00|43.6335|34.4658
22|23|0|90|0.0|17.5|0|33.6|65.0|0.00|0.00|43.6364|35.2371
22|24|0|90|0.0|17.5|0|34.4|64.9|0.00|0.00|43.6375|35.11
22|25|0|90|1.5|17.5|0|35.5|64.7|0.00|0.00|43.6401|35.8386
22|26|0|0|0.0|17.5|0|37.9|64.6|0.00|0.00|43.6422|37.2424
22|27|0|45|1.5|17.5|0|38.7|64.5|0.00|0.00|43.6436|37.9193
22|28|0|45|1.5|17.5|0|37.5|64.4|0.00|0.00|43.643|37.2424
22|29|0|45|1.5|17.5|0|36.4|64.3|0.00|0.00|43.6446|36.5491
22|31|0|45|0.0|17.5|0|37.4|64.2|0.00|0.00|43.6438|37.2424
22|32|0|45|0.0|17.5|0|38.7|64.1|0.00|0.00|43.643|37.9193
22|34|0|45|0.0|17.5|0|39.2|64.0|0.00|0.00|43.6415|38.5807
22|35|0|45|0.0|17.5|0|39.3|63.8|0.00|0.00|43.6415|37.6883
22|36|0|45|0.0|17.5|0|38.8|63.8|0.00|0.00|43.6406|37.0296
22|37|0|45|0.0|17.5|0|37.4|63.7|0.00|0.00|43.6413|36.3554
22|38|0|45|1.5|17.5|0|38.2|63.6|0.00|0.00|43.6405|37.0296
22|39|0|45|1.6|17.5|0|37.8|63.5|0.00|0.00|43.642|36.3554
22|41|0|90|0.0|17.5|0|37.5|63.2|0.00|0.00|43.6415|36.3554
22|42|0|90|0.0|17.5|0|36.6|63.0|0.00|0.00|43.6396|35.665
22|43|0|90|1.5|17.5|0|35.8|62.9|0.00|0.00|43.6395|34.076
22|44|0|90|0.0|17.5|0|35.1|62.9|0.00|0.00|43.6414|34.076
22|46|0|90|1.5|17.5|0|34.6|62.7|0.00|0.00|43.6402|33.3532
22|47|0|90|1.5|17.5|0|34.1|62.7|0.00|0.00|43.6407|33.3532
22|48|0|90|2.9|17.5|0|33.8|62.7|0.00|0.00|43.6399|32.6115
22|49|0|68|1.5|17.5|0|33.6|62.6|0.00|0.00|43.6389|32.6115
22|51|0|90|1.5|17.5|0|33.5|62.6|0.00|0.00|43.6405|32.6115
22|52|0|90|1.5|17.5|0|33.3|62.6|0.00|0.00|43.6407|32.6115
22|53|0|90|2.9|17.5|0|33.4|62.7|0.00|0.00|43.6423|32.6115
22|55|0|90|2.9|17.5|0|33.0|62.6|0.00|0.00|43.6379|32.6115
22|58|0|135|1.6|17.5|0|32.2|62.8|0.00|0.00|43.6418|31.8496
22|59|0|135|1.5|17.5|0|32.4|62.8|0.00|0.00|43.6395|31.8496
23|01|0|90|1.5|17.5|0|32.3|62.9|0.00|0.00|43.6435|31.8496
23|02|0|90|1.5|17.5|0|32.1|62.9|0.00|0.00|43.6429|31.8496
23|03|0|90|1.5|17.5|0|31.7|62.9|0.00|0.00|43.6422|31.0663
23|05|0|45|3.2|17.5|0|31.6|62.9|0.00|0.00|43.6411|31.0663
23|06|0|90|1.6|17.5|0|31.1|62.9|0.00|0.00|43.6421|31.0663
23|07|0|45|1.5|17.5|0|31.9|62.9|0.00|0.00|43.6404|31.0663
23|08|0|0|0.0|17.5|0|32.9|62.9|0.00|0.00|43.6422|31.8496
23|09|0|315|1.5|17.5|0|34.4|62.9|0.00|0.00|43.6406|33.3532
23|10|0|315|3.2|17.5|0|36.9|62.8|0.00|0.00|43.6416|34.7807
23|11|0|315|4.4|17.5|0|38.9|62.7|0.00|0.00|43.639|36.1397
23|13|0|315|4.4|17.5|0|39.2|62.4|0.00|0.00|43.6413|36.7956
23|14|0|315|4.4|17.5|0|38.2|62.2|0.00|0.00|43.6404|36.1397
23|15|0|270|0.0|17.5|0|36.2|61.8|0.00|0.00|43.6419|33.8961
23|16|0|270|2.9|17.5|0|35.9|61.6|0.00|0.00|43.6431|33.1943
23|17|0|225|2.9|17.5|0|36.7|61.5|0.00|0.00|43.6442|33.8961
23|18|0|225|0.0|17.5|0|37.2|61.2|0.00|0.00|43.6409|34.5809
23|19|0|90|1.5|17.5|0|36.8|61.1|0.00|0.00|43.6404|33.8961
23|20|0|90|0.0|17.5|0|33.4|61.0|0.00|0.00|43.6397|31.7358
23|22|0|90|0.0|17.5|0|32.6|61.0|0.00|0.00|43.6411|30.977
23|23|0|270|2.9|17.5|0|36.8|61.0|0.00|0.00|43.6396|33.8961
23|24|0|270|3.2|17.5|0|39.5|60.9|0.00|0.00|43.6399|35.0096
23|25|0|270|1.5|17.5|0|38.0|60.8|0.00|0.00|43.6419|34.3591
23|26|0|270|1.5|17.5|0|37.8|60.8|0.00|0.00|43.6434|33.6932
23|27|0|180|1.6|17.5|0|39.8|60.7|0.00|0.00|43.6459|35.0096
23|28|0|135|1.6|17.5|0|39.3|60.6|0.00|0.00|43.6447|35.0096
23|29|0|90|1.5|17.5|0|35.9|60.6|0.00|0.00|43.6453|32.3124
23|30|0|90|0.0|17.5|0|33.2|60.5|0.00|0.00|43.645|30.8599
23|31|0|135|1.5|17.5|0|33.4|60.5|0.00|0.00|43.6439|30.8599
23|32|0|135|0.0|17.5|0|33.9|60.5|0.00|0.00|43.6462|30.8599
23|33|0|135|0.0|17.5|0|34.2|60.6|0.00|0.00|43.646|31.5956
23|34|0|270|0.0|17.5|0|37.1|60.6|0.00|0.00|43.6461|33.6932
23|35|0|0|1.6|17.5|0|39.7|60.6|0.00|0.00|43.6482|35.0096
23|36|0|45|1.5|17.5|0|44.3|60.6|0.00|0.00|43.6474|38.0568
23|37|0|45|1.6|17.5|0|44.9|60.5|0.00|0.00|43.6478|38.0568
23|39|0|45|1.5|17.5|0|46.7|60.2|0.00|0.00|43.6463|39.1906
23|40|0|90|1.5|17.5|0|45.2|60.1|0.00|0.00|43.6461|38.6292
23|41|0|45|1.6|17.5|0|41.2|59.8|0.00|0.00|43.6444|35.3692
23|42|0|270|0.0|17.5|0|44.0|59.8|0.00|0.00|43.6432|37.1508
23|43|0|315|2.9|17.5|0|44.5|59.6|0.00|0.00|43.643|37.1508
23|44|0|315|1.5|17.5|0|48.3|59.1|0.00|0.00|43.6442|39.3663
23|45|0|0|1.5|17.5|0|48.1|58.9|0.00|0.00|43.646|38.4509
23|48|0|0|1.5|17.5|0|40.8|58.4|0.00|0.00|43.6428|33.8535
23|49|0|45|0.0|17.5|0|38.7|58.3|0.00|0.00|43.6432|32.5777
23|51|0|45|1.5|17.5|0|37.0|58.1|0.00|0.00|43.6432|31.9173
23|52|0|90|1.6|17.5|0|34.8|58.2|0.00|0.00|43.6435|29.8369
23|53|0|90|2.9|17.5|0|33.9|58.4|0.00|0.00|43.6428|29.1073
23|54|0|90|1.6|17.5|0|33.1|58.9|0.00|0.00|43.6477|29.1073
23|55|0|90|1.5|17.5|0|33.5|59.1|0.00|0.00|43.6495|29.9837
23|56|0|180|1.5|17.5|0|34.1|59.5|0.00|0.00|43.6479|30.7164
23|57|0|225|1.5|17.5|0|34.1|59.6|0.00|0.00|43.647|30.7164
23|58|0|270|1.5|17.5|0|33.6|59.8|0.00|0.00|43.6502|29.9837
23|59|0|270|0.0|17.5|0|32.9|60.0|0.00|0.00|43.6506|30.1042
