00|00|0|270|1.5|5.8|90|56.6|29.3|0.00|0.02|43.6672|15.3162
00|02|0|315|2.9|5.8|90|56.9|29.2|0.00|0.02|43.6659|15.3162
00|03|0|315|1.5|5.8|90|57.2|29.1|0.00|0.02|43.6634|15.7209
00|04|0|315|1.5|5.8|90|57.5|29.1|0.00|0.02|43.6635|15.7209
00|05|0|315|1.5|5.8|90|57.7|29.1|0.00|0.02|43.6636|15.7209
00|07|0|315|2.9|5.8|90|58.0|29.0|0.00|0.02|43.6627|16.1192
00|08|0|0|1.5|5.8|90|58.3|28.8|0.00|0.02|43.6602|15.179
00|09|0|0|1.6|5.8|90|58.4|28.8|0.00|0.02|43.6617|15.179
00|13|0|0|0.0|5.8|90|58.5|28.8|0.00|0.02|43.6619|15.179
00|14|0|225|1.5|5.8|90|58.4|29.0|0.00|0.02|43.6606|16.1192
00|15|0|225|1.5|5.8|90|58.3|29.1|0.00|0.02|43.6603|16.1192
00|16|0|225|1.5|5.8|90|58.1|29.2|0.00|0.02|43.6608|16.1192
00|17|0|225|1.6|5.8|90|58.0|29.2|0.00|0.02|43.6608|16.1192
00|18|0|225|2.9|5.8|90|57.8|29.2|0.00|0.02|43.6602|15.7209
00|19|0|225|2.9|5.8|90|57.9|29.2|0.00|0.02|43.6612|15.7209
00|20|0|270|1.5|5.8|90|57.8|29.2|0.00|0.02|43.6589|15.7209
00|21|0|270|4.4|7.3|270|57.5|29.1|0.00|0.02|43.6578|15.7209
00|22|0|270|6.4|8.7|270|57.2|29.1|0.00|0.02|43.6589|15.7209
00|23|0|270|6.4|11.3|270|57.2|29.1|0.00|0.02|43.6592|15.7209
00|24|0|270|1.6|11.3|270|57.2|29.0|0.00|0.02|43.6567|15.7209
00|25|0|315|5.8|11.3|270|57.2|28.8|0.00|0.02|43.6542|14.7824
00|27|0|225|5.8|11.3|270|57.6|28.6|0.00|0.02|43.6523|14.7824
00|29|0|315|1.5|11.3|270|57.9|28.5|0.00|0.02|43.6526|14.7824
00|30|0|270|4.4|11.3|270|58.2|28.4|0.00|0.02|43.6523|15.179
00|31|0|270|4.8|11.3|270|58.5|28.2|0.00|0.02|43.6523|15.179
00|32|0|315|1.5|11.3|270|58.7|28.1|0.00|0.02|43.6534|15.179
00|33|0|270|2.9|11.3|270|59.0|28.0|0.00|0.02|43.6553|15.5695
00|34|0|270|4.8|11.3|270|59.3|27.8|0.00|0.02|43.6551|14.6273
00|35|0|270|1.5|11.3|270|59.7|27.7|0.00|0.02|43.6585|14.6273
00|36|0|270|4.4|11.3|270|59.9|27.7|0.00|0.02|43.6596|14.6273
00|37|0|270|3.2|11.3|270|60.2|27.6|0.00|0.02|43.661|15.0103
00|38|0|315|1.6|11.3|270|60.7|27.4|0.00|0.02|43.6613|15.0103
00|39|0|315|4.4|11.3|270|61.1|27.3|0.00|0.02|43.6636|15.3876
00|40|0|315|3.2|11.3|270|61.3|27.3|0.00|0.02|43.6645|15.3876
00|41|0|270|4.4|11.3|270|61.5|27.2|0.00|0.02|43.6653|15.3876
00|42|0|315|5.8|11.3|270|61.8|26.9|0.00|0.02|43.6662|14.4418
00|43|0|270|5.8|11.3|270|62.2|26.8|0.00|0.02|43.6665|14.8119
00|44|0|315|2.9|11.3|270|62.5|26.7|0.00|0.02|43.6667|14.8119
00|45|0|315|5.8|11.3|270|62.7|26.6|0.00|0.02|43.6661|14.8119
00|47|0|315|3.2|11.3|270|62.9|26.5|0.00|0.02|43.6674|14.8119
00|48|0|315|2.9|11.3|270|63.2|26.5|0.00|0.02|43.6684|15.1767
00|50|0|315|3.2|11.3|270|63.4|26.3|0.00|0.02|43.6659|15.1767
00|51|0|315|1.5|11.3|270|63.5|26.3|0.00|0.02|43.6663|15.1767
00|52|0|315|1.6|11.3|270|63.5|26.1|0.00|0.02|43.6668|15.1767
00|53|0|270|1.5|11.3|270|63.4|26.1|0.00|0.02|43.6665|15.1767
00|54|0|270|2.9|11.3|270|63.5|26.1|0.00|0.02|43.6679|15.1767
00|55|0|270|3.2|11.3|270|63.9|26.1|0.00|0.02|43.6635|15.1767
00|56|0|315|1.5|11.3|270|63.9|26.1|0.00|0.02|43.6601|15.1767
00|57|0|315|1.5|11.3|270|63.9|26.1|0.00|0.02|43.6601|15.1767
00|58|0|315|1.6|11.3|270|63.9|26.3|0.00|0.02|43.6606|15.1767
00|59|0|315|0.0|11.3|270|63.5|26.3|0.00|0.02|43.6613|15.1767
01|00|0|315|1.6|11.3|270|63.1|26.3|0.00|0.02|43.6605|15.1767
01|01|0|315|1.5|11.3|270|63.0|26.3|0.00|0.02|43.6576|15.1767
01|02|0|315|0.0|11.3|270|62.9|26.3|0.00|0.02|43.6573|14.8119
01|03|0|315|0.0|11.3|270|62.8|26.3|0.00|0.02|43.6571|14.8119
01|04|0|180|1.5|11.3|270|62.6|26.3|0.00|0.02|43.6604|14.8119
01|05|0|180|3.2|11.3|270|62.7|26.3|0.00|0.02|43.6602|14.8119
01|07|0|180|2.9|11.3|270|63.0|26.1|0.00|0.02|43.658|15.1767
01|09|0|180|1.5|11.3|270|63.1|26.1|0.00|0.02|43.6596|15.1767
01|10|0|180|1.6|11.3|270|63.5|26.1|0.00|0.02|43.6606|15.1767
01|11|0|180|1.5|11.3|270|63.9|26.1|0.00|0.02|43.6601|15.1767
01|12|0|180|1.5|11.3|270|64.0|26.1|0.00|0.02|43.6576|15.5365
01|13|0|180|0.0|11.3|270|63.9|26.1|0.00|0.02|43.6586|15.1767
01|14|0|180|1.5|11.3|270|63.8|26.1|0.00|0.02|43.6592|15.1767
01|15|0|180|0.0|11.3|270|63.8|26.1|0.00|0.02|43.6606|15.1767
01|16|0|180|0.0|11.3|270|63.8|26.3|0.00|0.02|43.6594|15.1767
01|17|0|180|0.0|11.3|270|63.6|26.1|0.00|0.02|43.6558|15.1767
01|18|0|180|1.5|11.3|270|63.7|26.3|0.00|0.02|43.6566|15.1767
01|19|0|180|1.6|11.3|270|63.8|26.3|0.00|0.02|43.6572|15.1767
01|20|0|180|1.5|11.3|270|63.9|26.1|0.00|0.02|43.655|15.1767
01|21|0|180|1.6|11.3|270|64.1|26.1|0.00|0.02|43.6543|15.5365
01|23|0|180|1.5|11.3|270|64.5|26.1|0.00|0.02|43.6567|15.5365
01|24|0|180|1.6|11.3|270|64.5|26.1|0.00|0.02|43.6587|15.5365
01|25|0|180|0.0|11.3|270|64.7|26.1|0.00|0.02|43.6548|15.5365
01|26|0|180|0.0|11.3|270|64.7|26.1|0.00|0.02|43.6548|15.5365
01|27|0|180|1.5|11.3|270|64.8|26.1|0.00|0.02|43.6544|15.5365
01|29|0|180|1.5|11.3|270|64.7|26.3|0.00|0.02|43.6564|15.5365
01|30|0|180|0.0|11.3|270|64.7|26.1|0.00|0.02|43.653|15.5365
01|31|0|180|1.5|11.3|270|64.6|26.3|0.00|0.02|43.6528|15.5365
01|32|0|180|1.5|11.3|270|64.8|26.3|0.00|0.02|43.6521|15.5365
01|33|0|180|1.5|11.3|270|65.0|26.3|0.00|0.02|43.651|15.8913
01|34|0|180|0.0|11.3|270|64.9|26.1|0.00|0.02|43.6486|15.5365
01|35|0|180|1.5|11.3|270|64.8|26.3|0.00|0.02|43.6498|15.5365
01|36|0|180|1.5|11.3|270|64.7|26.3|0.00|0.02|43.6506|15.5365
01|37|0|180|0.0|11.3|270|64.6|26.3|0.00|0.02|43.6469|15.5365
01|38|0|180|0.0|11.3|270|64.6|26.3|0.00|0.02|43.6444|15.5365
01|39|0|180|1.5|11.3|270|64.8|26.3|0.00|0.02|43.6439|15.5365
01|40|0|90|1.6|11.3|270|64.9|26.3|0.00|0.02|43.6468|15.5365
01|41|0|90|1.5|11.3|270|64.9|26.3|0.00|0.02|43.6437|15.5365
01|42|0|90|1.6|11.3|270|64.9|26.3|0.00|0.02|43.6406|15.5365
01|43|0|90|0.0|11.3|270|64.9|26.3|0.00|0.02|43.6376|15.5365
01|44|0|135|0.0|11.3|270|64.8|26.3|0.00|0.02|43.6351|15.5365
01|45|0|113|1.5|11.3|270|64.7|26.3|0.00|0.02|43.6357|15.5365
01|46|0|90|0.0|11.3|270|64.7|26.1|0.00|0.02|43.6325|15.5365
01|47|0|90|1.5|11.3|270|64.6|26.1|0.00|0.02|43.6321|15.5365
01|48|0|90|1.5|11.3|270|64.5|26.1|0.00|0.02|43.6335|15.5365
01|49|0|90|1.5|11.3|270|64.5|26.0|0.00|0.02|43.6363|15.5365
01|51|0|90|1.6|11.3|270|64.4|25.9|0.00|0.02|43.6339|14.5855
01|52|0|90|1.5|11.3|270|64.4|25.9|0.00|0.02|43.6363|14.5855
01|53|0|90|3.2|11.3|270|64.6|25.8|0.01|0.03|43.6346|14.5855
01|54|0|90|0.0|11.3|270|64.7|25.8|0.01|0.03|43.6327|14.5855
01|55|0|90|0.0|11.3|270|64.7|25.8|0.01|0.03|43.6323|14.5855
01|56|0|90|0.0|11.3|270|64.7|25.7|0.01|0.03|43.6282|14.5855
01|57|0|90|1.5|11.3|270|64.7|25.7|0.01|0.03|43.6285|14.5855
01|58|0|90|0.0|11.3|270|64.7|25.7|0.01|0.03|43.6315|14.5855
01|59|0|90|0.0|11.3|270|64.6|25.6|0.01|0.03|43.6355|14.5855
02|00|0|90|0.0|11.3|270|64.6|25.6|0.01|0.03|43.6343|14.5855
02|01|0|90|0.0|11.3|270|64.8|25.6|0.01|0.03|43.6364|14.5855
02|02|0|90|0.0|11.3|270|64.9|25.6|0.01|0.03|43.637|14.5855
02|03|0|90|0.0|11.3|270|64.8|25.6|0.01|0.03|43.638|14.5855
02|04|0|90|0.0|11.3|270|64.7|25.5|0.01|0.03|43.6363|14.5855
02|05|0|90|0.0|11.3|270|64.9|25.5|0.01|0.03|43.6362|14.5855
02|06|0|90|0.0|11.3|270|65.2|25.6|0.01|0.03|43.6374|14.9386
02|07|0|90|0.0|11.3|270|65.4|25.5|0.01|0.03|43.6365|14.9386
02|08|0|90|0.0|11.3|270|65.4|25.6|0.01|0.03|43.6369|14.9386
02|09|0|90|0.0|11.3|270|65.4|25.6|0.01|0.03|43.6372|14.9386
02|12|0|90|0.0|11.3|270|65.1|25.6|0.01|0.03|43.6357|14.9386
02|13|0|90|0.0|11.3|270|65.0|25.6|0.01|0.03|43.6342|14.9386
02|14|0|90|0.0|11.3|270|64.9|25.6|0.01|0.03|43.6356|14.5855
02|15|0|90|0.0|11.3|270|64.8|25.6|0.01|0.03|43.6346|14.5855
02|16|0|90|0.0|11.3|270|64.7|25.6|0.01|0.03|43.6359|14.5855
02|17|0|90|0.0|11.3|270|64.8|25.5|0.01|0.03|43.6332|14.5855
02|18|0|90|0.0|11.3|270|65.2|25.6|0.01|0.03|43.6357|14.9386
02|19|0|90|1.6|11.3|270|65.7|25.5|0.01|0.03|43.6372|14.9386
02|20|0|90|0.0|11.3|270|65.8|25.5|0.01|0.03|43.6406|14.9386
02|22|0|90|0.0|11.3|270|65.6|25.5|0.01|0.03|43.6382|14.9386
02|23|0|90|0.0|11.3|270|65.6|25.5|0.01|0.03|43.6381|14.9386
02|24|0|90|0.0|11.3|270|65.6|25.5|0.01|0.03|43.6382|14.9386
02|25|0|90|1.5|11.3|270|65.6|25.5|0.01|0.03|43.6382|14.9386
02|26|0|90|1.5|11.3|270|65.9|25.4|0.01|0.03|43.6379|14.9386
02|27|0|90|0.0|11.3|270|66.0|25.4|0.01|0.03|43.6393|15.287
02|28|0|90|1.5|11.3|270|66.2|25.4|0.01|0.03|43.6402|15.287
02|29|0|90|1.5|11.3|270|66.2|25.4|0.01|0.03|43.6392|15.287
02|30|0|90|1.5|11.3|270|66.2|25.2|0.01|0.03|43.6396|15.287
02|32|0|90|2.9|11.3|270|66.2|25.1|0.01|0.03|43.6366|15.287
02|33|0|90|1.6|11.3|270|66.1|25.0|0.01|0.03|43.637|15.287
02|34|0|90|1.5|11.3|270|66.1|25.0|0.01|0.03|43.6418|15.287
02|35|0|315|2.9|11.3|270|66.3|24.9|0.01|0.03|43.6422|14.3326
02|36|0|315|1.6|11.3|270|66.4|24.8|0.01|0.03|43.6422|14.3326
02|37|0|315|0.0|11.3|270|66.5|24.7|0.01|0.03|43.6418|14.3326
02|38|0|315|1.5|11.3|270|66.8|24.7|0.01|0.03|43.6436|14.3326
02|39|0|315|0.0|11.3|270|67.0|24.6|0.01|0.03|43.6404|14.6747
02|40|0|315|1.5|11.3|270|67.2|24.5|0.01|0.03|43.6414|14.6747
02|41|0|315|1.6|11.3|270|67.2|24.5|0.01|0.03|43.6412|14.6747
02|42|0|315|0.0|11.3|270|67.6|24.5|0.01|0.03|43.6412|14.6747
02|43|0|315|2.9|11.3|270|67.6|24.3|0.01|0.03|43.6409|14.6747
02|44|0|315|1.6|11.3|270|67.4|24.2|0.02|0.04|43.642|14.6747
02|45|0|315|1.5|11.3|270|67.7|24.2|0.02|0.04|43.6419|14.6747
02|46|0|315|1.6|11.3|270|68.0|24.1|0.02|0.04|43.6413|15.0123
02|47|0|315|1.5|11.3|270|68.3|24.1|0.02|0.04|43.6391|15.0123
02|48|0|315|0.0|11.3|270|68.4|24.1|0.02|0.04|43.6381|15.0123
02|49|0|315|1.5|11.3|270|68.3|24.2|0.02|0.04|43.6409|15.0123
02|50|0|270|1.5|11.3|270|68.2|24.2|0.02|0.04|43.6397|15.0123
02|52|0|270|1.5|11.3|270|68.4|24.3|0.02|0.04|43.6374|15.0123
02|53|0|315|3.2|11.3|270|68.4|24.3|0.01|0.04|43.6364|15.0123
02|54|0|0|1.6|11.3|270|68.1|24.3|0.01|0.04|43.6366|15.0123
02|55|0|0|0.0|11.3|270|68.0|24.5|0.01|0.04|43.6369|15.0123
02|56|0|0|0.0|11.3|270|67.8|24.5|0.01|0.04|43.638|14.6747
02|57|0|0|0.0|11.3|270|67.7|24.6|0.01|0.04|43.6369|14.6747
02|58|0|0|0.0|11.3|270|67.6|24.6|0.01|0.04|43.6381|14.6747
02|59|0|0|0.0|11.3|270|67.6|24.6|0.01|0.04|43.6386|14.6747
03|00|0|180|1.6|11.3|270|67.4|24.7|0.01|0.04|43.6396|14.6747
03|01|0|180|0.0|11.3|270|67.2|24.7|0.01|0.04|43.6426|14.6747
03|02|0|180|1.5|11.3|270|67.1|24.7|0.01|0.04|43.6431|14.6747
03|06|0|225|0.0|11.3|270|67.2|24.7|0.01|0.04|43.6416|14.6747
03|07|0|135|0.0|11.3|270|67.2|24.7|0.01|0.04|43.6382|14.6747
03|08|0|135|1.6|11.3|270|67.5|24.7|0.01|0.04|43.6372|14.6747
03|09|0|135|0.0|11.3|270|67.5|24.7|0.01|0.04|43.6341|14.6747
03|10|0|135|0.0|11.3|270|67.4|24.7|0.01|0.04|43.6332|14.6747
03|12|0|135|0.0|11.3|270|67.3|24.7|0.01|0.04|43.6349|14.6747
03|13|0|135|1.5|11.3|270|67.2|24.7|0.01|0.04|43.6342|14.6747
03|14|0|90|1.5|11.3|270|67.4|24.6|0.01|0.04|43.6319|14.6747
03|15|0|90|2.9|11.3|270|67.5|24.7|0.01|0.04|43.6346|14.6747
03|16|0|90|2.9|11.3|270|67.6|24.7|0.01|0.04|43.636|14.6747
03|17|0|90|0.0|11.3|270|67.6|24.6|0.01|0.04|43.6363|14.6747
03|18|0|135|0.0|11.3|270|67.5|24.6|0.01|0.04|43.6374|14.6747
03|19|0|180|1.5|11.3|270|67.5|24.6|0.01|0.04|43.6372|14.6747
03|20|0|180|1.6|11.3|270|67.5|24.6|0.01|0.04|43.6364|14.6747
03|21|0|180|1.6|11.3|270|67.5|24.6|0.01|0.04|43.6343|14.6747
03|23|0|180|1.5|11.3|270|67.5|24.6|0.01|0.04|43.631|14.6747
03|24|0|180|1.5|11.3|270|67.5|24.7|0.01|0.04|43.6324|14.6747
03|25|0|135|1.6|11.3|270|67.5|24.6|0.01|0.04|43.6309|14.6747
03|26|0|180|1.5|11.3|270|67.5|24.6|0.01|0.04|43.6301|14.6747
03|27|0|180|1.6|11.3|270|67.6|24.5|0.01|0.04|43.6302|14.6747
03|28|0|180|1.5|11.3|270|67.7|24.5|0.01|0.04|43.6306|14.6747
03|29|0|180|0.0|11.3|270|67.6|24.5|0.01|0.04|43.6317|14.6747
03|30|0|180|1.6|11.3|270|67.6|24.5|0.01|0.04|43.6307|14.6747
03|31|0|180|1.5|11.3|270|67.6|24.5|0.01|0.04|43.628|14.6747
03|33|0|180|0.0|11.3|270|67.5|24.5|0.01|0.04|43.6246|14.6747
03|34|0|90|1.5|11.3|270|67.6|24.5|0.01|0.04|43.6208|14.6747
03|35|0|90|0.0|11.3|270|67.7|24.5|0.02|0.05|43.6212|14.6747
03|36|0|90|0.0|11.3|270|67.7|24.5|0.03|0.07|43.6208|14.6747
03|37|0|179|0.0|11.3|270|67.6|24.5|0.03|0.07|43.6213|14.6747
03|38|0|90|0.0|11.3|270|67.5|24.3|0.03|0.07|43.6199|14.6747
03|39|0|90|0.0|11.3|270|67.5|24.3|0.03|0.07|43.6197|14.6747
03|40|0|90|0.0|11.3|270|67.5|24.3|0.03|0.07|43.6182|14.6747
03|41|0|90|1.5|11.3|270|67.5|24.3|0.03|0.07|43.617|14.6747
03|42|0|90|1.5|11.3|270|67.4|24.3|0.03|0.07|43.6208|14.6747
03|43|0|90|1.5|11.3|270|67.3|24.2|0.03|0.07|43.6184|14.6747
03|44|0|90|1.5|11.3|270|67.4|24.2|0.02|0.07|43.6175|14.6747
03|45|0|0|1.5|11.3|270|67.6|24.1|0.02|0.07|43.6161|14.6747
03|46|0|0|1.5|11.3|270|67.5|24.0|0.02|0.07|43.6156|14.6747
03|47|0|0|1.5|11.3|270|67.4|23.9|0.02|0.07|43.6152|13.7187
03|49|0|0|1.5|11.3|270|68.4|23.7|0.02|0.07|43.614|14.0547
03|50|0|0|1.6|11.3|270|69.1|23.6|0.02|0.07|43.6124|14.3863
03|51|0|0|0.0|11.3|270|69.3|23.5|0.02|0.07|43.6097|14.3863
03|52|0|0|0.0|11.3|270|69.4|23.3|0.02|0.07|43.6101|14.3863
03|53|0|0|0.0|11.3|270|69.4|23.3|0.02|0.07|43.6079|14.3863
03|55|0|0|0.0|11.3|270|69.2|23.3|0.02|0.07|43.6067|14.3863
03|56|0|0|0.0|11.3|270|69.3|23.3|0.02|0.07|43.6069|14.3863
03|57|0|0|0.0|11.3|270|69.5|23.3|0.02|0.07|43.6056|14.3863
03|58|0|0|0.0|11.3|270|69.7|23.2|0.02|0.07|43.6045|14.3863
03|59|0|0|0.0|11.3|270|69.7|23.3|0.02|0.07|43.6043|14.3863
04|00|0|0|0.0|11.3|270|69.6|23.3|0.02|0.07|43.6045|14.3863
04|01|0|0|0.0|11.3|270|69.5|23.3|0.02|0.07|43.603|14.3863
04|02|0|0|0.0|11.3|270|69.6|23.3|0.02|0.07|43.6011|14.3863
04|03|0|0|0.0|11.3|270|69.6|23.2|0.02|0.07|43.5973|14.3863
04|04|0|0|0.0|11.3|270|69.4|23.2|0.02|0.07|43.5949|14.3863
04|05|0|0|1.5|11.3|270|69.2|23.3|0.02|0.07|43.5947|14.3863
04|06|0|90|1.6|11.3|270|69.3|23.2|0.02|0.07|43.5937|14.3863
04|07|0|90|1.6|11.3|270|69.6|23.2|0.02|0.07|43.5956|14.3863
04|08|0|90|1.5|11.3|270|70.0|23.2|0.02|0.07|43.5945|14.7137
04|09|0|45|4.8|11.3|270|70.4|23.2|0.02|0.07|43.5933|14.7137
04|10|0|45|2.9|11.3|270|70.7|23.2|0.02|0.07|43.5923|14.7137
04|11|0|45|1.6|11.3|270|70.6|23.2|0.02|0.07|43.5942|14.7137
04|12|0|45|1.5|11.3|270|70.4|23.2|0.02|0.07|43.5921|14.7137
04|14|0|45|1.6|11.3|270|70.5|23.1|0.03|0.08|43.5916|14.7137
04|15|0|45|2.9|11.3|270|70.6|23.1|0.03|0.08|43.5945|14.7137
04|16|0|45|1.5|11.3|270|70.6|23.1|0.03|0.08|43.5944|14.7137
04|17|0|45|1.6|11.3|270|70.6|23.1|0.03|0.08|43.5945|14.7137
04|18|0|45|1.5|11.3|270|70.6|23.1|0.03|0.08|43.5955|14.7137
04|19|0|45|2.9|11.3|270|70.5|23.0|0.03|0.08|43.5938|14.7137
04|20|0|45|2.9|11.3|270|70.8|23.1|0.04|0.09|43.5944|14.7137
04|21|0|45|1.5|11.3|270|71.3|23.1|0.04|0.09|43.5933|15.037
04|22|0|45|1.5|11.3|270|71.7|23.1|0.04|0.09|43.5913|15.037
04|23|0|45|0.0|11.3|270|71.9|23.2|0.04|0.09|43.5915|15.037
04|24|0|45|0.0|11.3|270|71.9|23.2|0.04|0.09|43.5886|15.037
04|25|0|45|0.0|11.3|270|71.9|23.2|0.05|0.10|43.5887|15.037
04|26|0|45|0.0|11.3|270|71.8|23.2|0.05|0.10|43.5856|15.037
04|27|0|45|1.5|11.3|270|71.9|23.3|0.05|0.10|43.5878|15.037
04|28|0|45|0.0|11.3|270|71.8|23.5|0.05|0.10|43.5904|15.037
04|29|0|45|0.0|11.3|270|71.6|23.5|0.05|0.10|43.5912|15.037
04|30|0|45|0.0|11.3|270|71.4|23.5|0.05|0.10|43.5893|15.037
04|31|0|45|0.0|11.3|270|71.1|23.6|0.05|0.10|43.5897|15.037
04|32|0|45|0.0|11.3|270|70.9|23.6|0.05|0.10|43.5893|14.7137
04|34|0|45|0.0|11.3|270|70.8|23.6|0.04|0.10|43.5871|14.7137
04|35|0|45|0.0|11.3|270|70.7|23.6|0.03|0.10|43.5881|14.7137
04|36|0|45|1.5|11.3|270|70.8|23.6|0.03|0.10|43.5852|14.7137
04|37|0|45|0.0|11.3|270|70.6|23.6|0.03|0.10|43.5861|14.7137
04|38|0|45|0.0|11.3|270|70.3|23.6|0.03|0.10|43.5856|14.7137
04|39|0|45|0.0|11.3|270|70.0|23.6|0.03|0.10|43.5855|14.7137
04|40|0|45|1.6|11.3|270|69.9|23.6|0.03|0.10|43.5841|14.3863
04|41|0|45|1.5|11.3|270|69.6|23.6|0.03|0.10|43.5869|14.3863
04|42|0|45|1.5|11.3|270|69.2|23.5|0.03|0.10|43.5855|14.3863
04|43|0|45|0.0|11.3|270|69.0|23.5|0.03|0.10|43.5845|14.3863
04|45|0|45|0.0|11.3|270|69.1|23.3|0.03|0.10|43.5833|14.3863
04|46|0|45|0.0|11.3|270|69.1|23.2|0.03|0.10|43.5824|14.3863
04|47|0|45|1.5|11.3|270|69.5|23.1|0.03|0.10|43.5832|14.3863
04|48|0|45|0.0|11.3|270|69.8|23.0|0.03|0.10|43.5814|14.3863
04|49|0|45|0.0|11.3|270|69.9|23.0|0.03|0.10|43.5822|14.3863
04|50|0|45|0.0|11.3|270|69.8|22.9|0.03|0.10|43.5807|13.427
04|51|0|45|0.0|11.3|270|69.8|22.9|0.03|0.10|43.5797|13.427
04|52|0|45|0.0|11.3|270|69.9|22.9|0.03|0.10|43.5802|13.427
04|53|0|45|0.0|11.3|270|69.9|22.9|0.03|0.10|43.582|13.427
04|55|0|45|0.0|11.3|270|69.8|22.8|0.03|0.10|43.5822|13.427
04|57|0|45|0.0|11.3|270|69.6|22.8|0.03|0.10|43.5798|13.427
04|58|0|45|0.0|11.3|270|69.6|22.7|0.03|0.10|43.5807|13.427
04|59|0|45|0.0|11.3|270|69.8|22.7|0.03|0.10|43.5797|13.427
05|00|0|45|0.0|11.3|270|69.9|22.7|0.03|0.10|43.5784|13.427
05|01|0|45|0.0|11.3|270|70.0|22.7|0.03|0.10|43.5801|13.7529
05|02|0|45|0.0|11.3|270|70.3|22.7|0.03|0.10|43.5805|13.7529
05|03|0|45|0.0|11.3|270|70.6|22.7|0.03|0.10|43.5784|13.7529
05|04|0|45|0.0|11.3|270|70.6|22.7|0.04|0.11|43.579|13.7529
05|05|0|45|0.0|11.3|270|70.6|22.7|0.04|0.11|43.5763|13.7529
05|06|0|45|0.0|11.3|270|70.4|22.7|0.04|0.11|43.5767|13.7529
05|07|0|45|0.0|11.3|270|70.9|22.7|0.04|0.11|43.5752|13.7529
05|08|0|45|0.0|11.3|270|71.4|22.8|0.04|0.11|43.5751|14.0746
05|09|0|45|1.6|11.3|270|71.1|22.7|0.04|0.11|43.5748|14.0746
05|10|0|45|0.0|11.3|270|70.6|22.8|0.04|0.11|43.5743|13.7529
05|11|0|45|0.0|11.3|270|70.4|22.7|0.04|0.11|43.5713|13.7529
05|12|0|45|0.0|11.3|270|70.5|22.7|0.04|0.11|43.5719|13.7529
05|13|0|45|0.0|11.3|270|71.0|22.8|0.03|0.11|43.5701|14.0746
05|15|0|45|1.5|11.3|270|71.4|22.8|0.03|0.11|43.5704|14.0746
05|17|0|45|0.0|11.3|270|70.8|22.8|0.03|0.11|43.5682|13.7529
05|18|0|45|0.0|11.3|270|70.7|22.8|0.03|0.11|43.5699|13.7529
05|19|0|45|0.0|11.3|270|70.6|22.8|0.03|0.11|43.5682|13.7529
05|20|0|45|1.5|11.3|270|70.7|22.8|0.02|0.11|43.5693|13.7529
05|21|0|45|0.0|11.3|270|71.0|22.8|0.02|0.11|43.5697|14.0746
05|22|0|45|0.0|11.3|270|71.2|22.8|0.02|0.11|43.569|14.0746
05|23|0|45|0.0|11.3|270|71.1|22.8|0.02|0.11|43.5689|14.0746
05|24|0|45|0.0|11.3|270|70.7|22.8|0.01|0.11|43.569|13.7529
05|25|0|45|0.0|11.3|270|70.5|22.8|0.01|0.11|43.5669|13.7529
05|26|0|45|0.0|11.3|270|70.4|22.8|0.01|0.11|43.5639|13.7529
05|27|0|45|0.0|11.3|270|70.6|22.8|0.01|0.11|43.5642|13.7529
05|29|0|45|0.0|11.3|270|70.9|22.8|0.01|0.11|43.5646|13.7529
05|30|0|45|0.0|11.3|270|70.8|22.8|0.01|0.11|43.5637|13.7529
05|31|0|45|0.0|11.3|270|70.8|22.8|0.01|0.11|43.5635|13.7529
05|32|0|45|0.0|11.3|270|71.3|22.8|0.01|0.11|43.5655|14.0746
05|33|0|45|0.0|11.3|270|71.6|22.8|0.01|0.11|43.5639|14.0746
05|34|0|45|0.0|11.3|270|71.8|22.8|0.01|0.11|43.5645|14.0746
05|36|0|45|0.0|11.3|270|71.7|22.8|0.01|0.11|43.5654|14.0746
05|37|0|45|0.0|11.3|270|71.6|22.8|0.01|0.11|43.5633|14.0746
05|38|0|45|0.0|11.3|270|71.5|22.8|0.01|0.11|43.5633|14.0746
05|39|0|45|0.0|11.3|270|71.1|22.8|0.01|0.11|43.5628|14.0746
05|40|0|45|0.0|11.3|270|70.7|22.7|0.01|0.11|43.5625|13.7529
05|41|0|45|0.0|11.3|270|70.6|22.5|0.01|0.11|43.5638|13.7529
05|42|0|45|0.0|11.3|270|70.6|22.5|0.01|0.11|43.5644|13.7529
05|43|0|45|0.0|11.3|270|70.7|22.4|0.01|0.11|43.5627|13.7529
05|46|0|45|1.5|11.3|270|70.9|22.2|0.01|0.11|43.5596|13.7529
05|47|0|45|0.0|11.3|270|70.9|22.2|0.02|0.12|43.5599|13.7529
05|48|0|45|0.0|11.3|270|70.7|22.1|0.02|0.12|43.5578|13.7529
05|49|0|45|0.0|11.3|270|70.5|22.1|0.02|0.12|43.5576|13.7529
05|50|0|45|0.0|11.3|270|70.4|22.0|0.02|0.12|43.5575|13.7529
05|51|0|45|2.9|11.3|270|70.3|22.0|0.03|0.13|43.5591|13.7529
05|52|0|45|1.5|11.3|270|70.4|21.9|0.03|0.13|43.5606|12.792
05|53|0|45|1.5|11.3|270|70.6|21.9|0.03|0.13|43.5631|12.792
05|54|0|45|0.0|11.3|270|70.9|21.8|0.03|0.13|43.5618|12.792
05|55|0|45|0.0|11.3|270|71.2|21.8|0.03|0.13|43.5622|13.1122
05|57|0|45|1.5|11.3|270|71.6|21.8|0.03|0.13|43.563|13.1122
05|58|0|45|1.5|11.3|270|71.8|21.8|0.03|0.13|43.5648|13.1122
05|59|0|45|1.5|11.3|270|71.7|21.6|0.03|0.13|43.5597|13.1122
06|00|0|45|0.0|11.3|270|71.7|21.6|0.03|0.13|43.5602|13.1122
06|01|0|45|0.0|11.3|270|71.7|21.5|0.03|0.13|43.5599|13.1122
06|02|0|45|1.6|11.3|270|71.8|21.5|0.03|0.13|43.5604|13.1122
06|03|0|45|0.0|11.3|270|71.5|21.4|0.03|0.13|43.5602|13.1122
06|04|0|45|0.0|11.3|270|71.4|21.4|0.02|0.13|43.559|13.1122
06|05|0|45|0.0|11.3|270|71.6|21.3|0.02|0.13|43.5581|13.1122
06|06|0|45|0.0|11.3|270|72.1|21.3|0.02|0.13|43.5594|13.4285
06|07|0|45|0.0|11.3|270|72.4|21.2|0.02|0.13|43.5585|13.4285
06|08|0|45|0.0|11.3|270|72.7|21.2|0.02|0.13|43.556|13.4285
06|09|0|45|1.5|11.3|270|73.1|21.1|0.02|0.13|43.5554|13.7409
06|10|0|45|0.0|11.3|270|73.2|21.1|0.02|0.13|43.5563|13.7409
06|11|0|45|0.0|11.3|270|73.5|21.1|0.02|0.13|43.5576|13.7409
06|12|0|45|0.0|11.3|270|73.8|21.1|0.02|0.13|43.5542|13.7409
06|13|0|45|1.6|11.3|270|74.4|21.1|0.02|0.13|43.5569|14.0494
06|14|0|45|1.5|11.3|270|74.7|21.1|0.02|0.13|43.5559|14.0494
06|15|0|45|1.5|11.3|270|74.7|21.1|0.02|0.13|43.5566|14.0494
06|16|0|45|1.5|11.3|270|74.6|21.1|0.02|0.13|43.5593|14.0494
06|18|0|45|2.9|11.3|270|74.8|21.1|0.02|0.13|43.5568|14.0494
06|19|0|45|1.5|11.3|270|75.1|21.2|0.02|0.13|43.5569|14.3543
06|20|0|45|0.0|11.3|270|75.2|21.2|0.02|0.13|43.557|14.3543
06|21|0|45|0.0|11.3|270|75.0|21.3|0.02|0.13|43.5552|14.3543
06|22|0|45|0.0|11.3|270|74.6|21.3|0.02|0.13|43.5541|14.0494
06|23|0|45|0.0|11.3|270|74.2|21.4|0.02|0.13|43.5525|14.0494
06|24|0|45|0.0|11.3|270|74.0|21.4|0.02|0.13|43.5508|14.0494
06|25|0|45|0.0|11.3|270|74.0|21.5|0.02|0.13|43.551|14.0494
06|26|0|45|0.0|11.3|270|74.0|21.5|0.02|0.13|43.5534|14.0494
06|27|0|45|1.5|11.3|270|73.8|21.5|0.02|0.13|43.5525|13.7409
06|28|0|45|0.0|11.3|270|73.5|21.6|0.02|0.13|43.5536|13.7409
06|29|0|45|0.0|11.3|270|73.3|21.5|0.02|0.13|43.5528|13.7409
06|30|0|45|0.0|11.3|270|73.0|21.6|0.02|0.13|43.5575|13.7409
06|31|0|45|0.0|11.3|270|72.6|21.6|0.02|0.13|43.5547|13.4285
06|32|0|45|1.5|11.3|270|72.3|21.5|0.02|0.13|43.5514|13.4285
06|33|0|45|1.5|11.3|270|72.2|21.5|0.02|0.13|43.5514|13.4285
06|34|0|45|0.0|11.3|270|72.2|21.4|0.02|0.13|43.5512|13.4285
06|35|0|45|0.0|11.3|270|72.7|21.4|0.02|0.13|43.5506|13.4285
06|36|0|45|0.0|11.3|270|72.9|21.3|0.02|0.13|43.5481|13.4285
06|38|0|45|0.0|11.3|270|73.1|21.3|0.02|0.13|43.5493|13.7409
06|39|0|45|0.0|11.3|270|73.2|21.3|0.02|0.13|43.5489|13.7409
06|40|0|45|1.5|11.3|270|73.2|21.3|0.03|0.14|43.5501|13.7409
06|42|0|45|0.0|11.3|270|72.5|21.3|0.03|0.14|43.5479|13.4285
06|43|0|45|0.0|11.3|270|72.4|21.2|0.03|0.14|43.5496|13.4285
06|44|0|45|0.0|11.3|270|72.3|21.2|0.03|0.14|43.5486|13.4285
06|46|0|45|0.0|11.3|270|72.5|21.2|0.03|0.14|43.5511|13.4285
06|48|0|45|0.0|11.3|270|72.7|21.1|0.02|0.14|43.5502|13.4285
06|49|0|45|0.0|11.3|270|72.7|21.1|0.02|0.14|43.5503|13.4285
06|50|0|45|0.0|11.3|270|72.6|21.1|0.02|0.14|43.552|13.4285
06|51|0|45|0.0|11.3|270|72.8|21.0|0.01|0.14|43.5533|13.4285
06|52|0|45|0.0|11.3|270|73.0|21.0|0.01|0.14|43.5522|13.7409
06|53|0|45|0.0|11.3|270|73.1|21.0|0.01|0.14|43.5534|13.7409
06|55|0|45|1.5|11.3|270|73.3|20.9|0.01|0.14|43.5575|12.7754
06|56|0|45|1.6|11.3|270|73.4|20.9|0.01|0.14|43.5567|12.7754
06|57|0|45|0.0|11.3|270|73.2|20.9|0.01|0.14|43.555|12.7754
06|59|0|45|0.0|11.3|270|73.2|20.7|0.01|0.14|43.5514|12.7754
07|00|0|225|1.5|11.3|270|73.2|20.7|0.01|0.14|43.5534|12.7754
07|01|0|225|1.6|11.3|270|73.1|20.7|0.01|0.14|43.5525|12.7754
07|02|0|225|1.5|11.3|270|73.2|20.7|0.01|0.14|43.552|12.7754
07|03|0|45|1.5|11.3|270|73.6|20.7|0.01|0.14|43.5541|12.7754
07|04|0|45|0.0|11.3|270|73.9|20.6|0.01|0.14|43.5551|12.7754
07|05|0|45|0.0|11.3|270|73.9|20.6|0.01|0.14|43.5538|12.7754
07|06|0|45|0.0|11.3|270|73.8|20.6|0.01|0.14|43.5519|12.7754
07|07|0|45|0.0|11.3|270|73.8|20.6|0.01|0.14|43.5526|12.7754
07|08|0|45|0.0|11.3|270|73.7|20.6|0.01|0.14|43.5534|12.7754
07|09|0|45|0.0|11.3|270|73.7|20.5|0.01|0.14|43.5531|12.7754
07|10|0|45|1.5|11.3|270|73.8|20.5|0.01|0.14|43.5488|12.7754
07|11|0|45|1.5|11.3|270|74.0|20.5|0.01|0.14|43.5481|13.0825
07|12|0|45|0.0|11.3|270|74.1|20.5|0.01|0.14|43.5527|13.0825
07|13|0|270|1.5|11.3|270|74.7|20.4|0.01|0.14|43.5504|13.0825
07|14|0|315|0.0|11.3|270|75.1|20.4|0.01|0.14|43.5508|13.386
07|15|0|315|0.0|11.3|270|75.2|20.4|0.01|0.14|43.5497|13.386
07|16|0|315|0.0|11.3|270|75.0|20.4|0.01|0.14|43.5486|13.386
07|17|0|315|0.0|11.3|270|75.0|20.4|0.01|0.14|43.5482|13.386
07|19|0|315|0.0|11.3|270|75.1|20.4|0.01|0.14|43.547|13.386
07|20|0|315|0.0|11.3|270|75.4|20.4|0.01|0.14|43.5478|13.386
07|21|0|225|1.5|11.3|270|75.5|20.4|0.01|0.14|43.5477|13.386
07|22|0|225|1.5|11.3|270|75.3|20.4|0.01|0.14|43.545|13.386
07|23|0|180|1.5|11.3|270|75.1|20.4|0.01|0.14|43.5464|13.386
07|24|0|180|1.5|11.3|270|74.9|20.4|0.01|0.14|43.5489|13.0825
07|25|0|180|0.0|11.3|270|74.9|20.4|0.01|0.14|43.5462|13.0825
07|26|0|225|1.6|11.3|270|74.9|20.4|0.01|0.14|43.5463|13.0825
07|27|0|180|1.6|11.3|270|74.9|20.4|0.01|0.14|43.5472|13.0825
07|28|0|180|0.0|11.3|270|74.8|20.3|0.01|0.14|43.547|13.0825
07|29|0|180|0.0|11.3|270|74.8|20.3|0.01|0.14|43.545|13.0825
07|30|0|180|1.5|11.3|270|74.8|20.4|0.01|0.14|43.5465|13.0825
07|31|0|180|0.0|11.3|270|74.9|20.3|0.01|0.14|43.5451|13.0825
07|32|0|180|0.0|11.3|270|74.9|20.4|0.01|0.14|43.5466|13.0825
07|33|0|180|0.0|11.3|270|75.0|20.3|0.01|0.14|43.5447|13.386
07|34|0|180|0.0|11.3|270|75.1|20.4|0.01|0.14|43.5449|13.386
07|35|0|180|0.0|11.3|270|75.1|20.4|0.01|0.14|43.5428|13.386
07|37|0|180|1.5|11.3|270|75.8|20.4|0.01|0.14|43.5458|13.386
07|38|0|180|0.0|11.3|270|75.9|20.4|0.01|0.14|43.548|13.386
07|40|0|180|0.0|11.3|270|76.0|20.4|0.00|0.14|43.5473|13.6859
07|41|0|180|0.0|11.3|270|75.8|20.4|0.00|0.14|43.5481|13.386
07|42|0|180|0.0|11.3|270|75.5|20.4|0.00|0.14|43.5483|13.386
07|43|0|270|0.0|11.3|270|75.1|20.4|0.00|0.14|43.548|13.386
07|44|0|270|1.5|11.3|270|75.0|20.4|0.00|0.14|43.5462|13.386
07|45|0|270|0.0|11.3|270|75.0|20.4|0.01|0.15|43.548|13.386
07|46|0|270|0.0|11.3|270|75.0|20.3|0.02|0.17|43.5458|13.386
07|47|0|270|1.5|11.3|270|75.4|20.3|0.02|0.17|43.5446|13.386
07|48|0|270|1.5|11.3|270|75.7|20.2|0.02|0.17|43.5439|13.386
07|49|0|270|1.5|11.3|270|75.9|20.2|0.02|0.17|43.5455|13.386
07|50|0|270|2.9|11.3|270|76.2|20.2|0.02|0.17|43.5479|13.6859
07|51|0|270|4.4|11.3|270|76.8|20.3|0.02|0.17|43.5505|13.6859
07|52|0|270|3.2|11.3|270|77.3|20.3|0.02|0.17|43.5505|13.9823
07|53|0|270|1.5|11.3|270|77.5|20.3|0.02|0.17|43.5503|13.9823
07|54|0|270|1.5|11.3|270|77.4|20.4|0.02|0.17|43.548|13.9823
07|55|0|270|1.5|11.3|270|77.3|20.5|0.02|0.17|43.5501|13.9823
07|56|0|270|1.5|11.3|270|77.2|20.6|0.02|0.17|43.5495|13.9823
07|57|0|270|1.5|11.3|270|77.0|20.9|0.02|0.17|43.548|13.9823
07|58|0|315|1.5|11.3|270|76.8|21.0|0.02|0.17|43.5477|14.6557
07|59|0|315|1.5|11.3|270|76.6|21.1|0.02|0.17|43.545|14.6557
08|01|0|315|1.6|11.3|270|76.2|21.2|0.02|0.17|43.5454|14.6557
08|02|0|315|2.9|11.3|270|75.7|21.3|0.02|0.17|43.5461|14.3543
08|03|0|315|3.2|11.3|270|75.3|21.5|0.02|0.17|43.5469|14.3543
08|04|0|315|3.2|11.3|270|75.1|21.6|0.02|0.17|43.5446|14.3543
08|05|0|315|2.9|11.3|270|74.8|21.8|0.02|0.17|43.5437|14.0494
08|07|0|315|1.5|11.3|270|74.2|22.1|0.02|0.17|43.5442|15.0163
08|08|0|270|1.5|11.3|270|74.0|22.3|0.02|0.17|43.5457|15.0163
08|09|0|315|2.9|11.3|270|73.8|22.4|0.02|0.17|43.5427|14.7062
08|10|0|315|2.9|11.3|270|73.4|22.5|0.02|0.17|43.5423|14.7062
08|11|0|315|2.9|11.3|270|73.1|22.7|0.02|0.17|43.543|14.7062
08|12|0|315|2.9|11.3|270|72.8|22.9|0.02|0.17|43.5439|14.3924
08|13|0|270|0.0|11.3|270|72.6|23.0|0.02|0.17|43.542|15.3562
08|14|0|315|2.9|11.3|270|72.3|23.2|0.02|0.17|43.5439|15.3562
08|15|0|315|2.9|11.3|270|72.0|23.3|0.02|0.17|43.5432|15.3562
08|16|0|270|4.4|11.3|270|71.7|23.6|0.02|0.17|43.5496|15.037
08|17|0|270|2.9|11.3|270|71.4|23.8|0.02|0.17|43.5457|15.037
08|18|0|315|1.5|11.3|270|70.8|23.9|0.03|0.18|43.5448|14.7137
08|19|0|315|2.9|11.3|270|70.4|24.1|0.03|0.18|43.5438|15.6744
08|20|0|315|1.5|11.3|270|70.2|24.2|0.03|0.18|43.544|15.6744
08|22|0|315|1.5|11.3|270|69.9|24.3|0.03|0.18|43.5438|15.3455
08|23|0|315|1.6|11.3|270|69.7|24.6|0.03|0.18|43.543|15.3455
08|24|0|315|2.9|11.3|270|69.7|24.8|0.04|0.19|43.5424|15.3455
08|25|0|315|3.2|11.3|270|69.2|24.9|0.04|0.19|43.5389|15.3455
08|26|0|315|1.5|11.3|270|69.0|25.1|0.04|0.19|43.5411|16.3046
08|27|0|315|1.5|11.3|270|68.9|25.2|0.04|0.19|43.5401|15.9698
08|28|0|315|3.2|11.3|270|68.8|25.4|0.04|0.19|43.5384|15.9698
08|29|0|315|0.0|11.3|270|68.5|25.5|0.04|0.19|43.5378|15.9698
08|30|0|315|0.0|11.3|270|68.4|25.7|0.04|0.19|43.5338|15.9698
08|31|0|315|0.0|11.3|270|68.1|25.9|0.04|0.19|43.534|15.9698
08|32|0|315|0.0|11.3|270|68.0|26.1|0.04|0.19|43.5317|16.9272
08|33|0|315|0.0|11.3|270|67.4|26.4|0.04|0.19|43.5328|16.5865
08|34|0|315|0.0|11.3|270|67.0|26.6|0.04|0.19|43.5355|16.5865
08|35|0|315|0.0|11.3|270|66.7|26.8|0.04|0.19|43.5384|16.2412
08|36|0|315|1.5|11.3|270|66.3|26.9|0.04|0.19|43.541|16.2412
08|37|0|315|0.0|11.3|270|65.8|27.2|0.04|0.19|43.5424|16.8438
08|38|0|315|0.0|11.3|270|65.6|27.4|0.04|0.19|43.5417|16.8438
08|39|0|315|0.0|11.3|270|65.5|27.6|0.04|0.19|43.5404|16.8438
08|40|0|315|0.0|11.3|270|65.1|27.8|0.04|0.19|43.5378|16.8438
08|42|0|315|0.0|11.3|270|64.5|28.1|0.04|0.19|43.5401|17.4381
08|43|0|315|0.0|11.3|270|64.4|28.3|0.04|0.19|43.5413|17.4381
08|45|0|315|1.6|11.3|270|63.8|28.7|0.02|0.19|43.54|17.075
08|46|0|315|1.5|11.3|270|63.2|29.0|0.02|0.19|43.5377|18.024
08|47|0|315|1.6|11.3|270|62.8|29.1|0.02|0.19|43.5342|17.6541
08|48|0|315|2.9|11.3|270|62.4|29.2|0.02|0.19|43.534|17.6541
08|49|0|315|2.9|11.3|270|62.1|29.2|0.02|0.19|43.5368|17.6541
08|50|0|315|1.5|11.3|270|61.9|29.2|0.02|0.19|43.5443|17.2788
08|51|0|270|1.5|11.3|270|62.1|29.2|0.02|0.19|43.5518|17.6541
08|52|0|315|3.2|11.3|270|62.3|29.0|0.02|0.19|43.553|17.6541
08|53|0|315|2.9|11.3|270|62.3|29.0|0.02|0.19|43.5544|17.6541
08|54|0|315|2.9|11.3|270|62.4|28.8|0.02|0.19|43.5534|16.7068
08|55|0|315|1.5|11.3|270|62.8|28.7|0.02|0.19|43.5487|16.7068
08|56|0|270|1.5|11.3|270|63.2|28.8|0.02|0.19|43.5476|17.075
08|57|0|315|2.9|11.3|270|63.0|29.1|0.02|0.19|43.5444|18.024
08|58|0|315|3.2|11.3|270|63.1|29.2|0.02|0.19|43.5423|18.024
08|59|0|315|2.9|11.3|270|62.9|29.3|0.02|0.19|43.5431|17.6541
09|00|0|315|1.6|11.3|270|62.6|29.4|0.03|0.20|43.5417|17.6541
09|02|0|315|1.5|11.3|270|62.7|29.5|0.03|0.20|43.5481|17.6541
09|03|0|315|1.5|11.3|270|62.5|29.6|0.03|0.20|43.5472|17.6541
09|04|0|315|1.5|11.3|270|62.1|29.6|0.03|0.20|43.5417|17.6541
09|05|0|315|2.9|11.3|270|61.6|29.9|0.03|0.20|43.5432|17.2788
09|06|0|0|1.5|11.3|270|61.5|30.1|0.03|0.20|43.5417|18.2242
09|07|0|0|1.5|11.3|270|61.4|30.2|0.03|0.20|43.5415|18.2242
09|08|0|315|2.9|11.3|270|60.9|30.4|0.03|0.20|43.5411|17.8417
09|09|0|315|2.9|11.3|270|60.7|30.5|0.03|0.20|43.5431|17.8417
09|10|0|0|1.5|11.3|270|60.4|30.8|0.03|0.20|43.5437|17.8417
09|11|0|0|1.6|11.3|270|60.0|31.0|0.03|0.20|43.5416|18.7853
09|13|0|0|1.6|11.3|270|60.0|31.4|0.03|0.20|43.5439|18.7853
09|14|0|0|0.0|11.3|270|59.1|31.4|0.03|0.20|43.5481|18.3953
09|16|0|0|0.0|11.3|270|58.9|31.9|0.03|0.20|43.5439|17.9993
09|17|0|0|1.5|11.3|270|58.6|32.1|0.03|0.20|43.5433|18.9392
09|18|0|0|0.0|11.3|270|57.9|32.3|0.02|0.20|43.541|18.5353
09|19|0|0|0.0|11.3|270|57.5|32.6|0.02|0.20|43.5387|18.5353
09|20|0|135|1.5|11.3|270|57.1|32.9|0.02|0.20|43.5397|18.5353
09|21|0|90|1.5|11.3|270|56.5|33.1|0.02|0.20|43.5398|19.0612
09|22|0|90|0.0|11.3|270|55.9|33.3|0.02|0.20|43.5404|18.6425
09|24|0|90|1.5|11.3|270|55.3|33.6|0.01|0.20|43.5399|18.6425
09|25|0|68|1.6|11.3|270|54.9|33.7|0.01|0.20|43.5386|18.2171
09|26|0|135|1.5|11.3|270|54.8|33.9|0.01|0.20|43.5357|18.2171
09|27|0|135|0.0|11.3|270|54.2|34.1|0.01|0.20|43.5312|19.1491
09|28|0|135|1.6|11.3|270|53.8|34.4|0.01|0.20|43.5296|18.7147
09|29|0|135|1.5|11.3|270|53.1|34.6|0.01|0.20|43.5248|18.7147
09|31|0|135|2.9|11.3|270|51.8|35.0|0.01|0.20|43.5279|18.7494
09|32|0|135|4.8|11.3|270|51.6|35.0|0.01|0.20|43.5307|18.7494
09|33|0|135|2.9|11.3|270|51.5|35.0|0.01|0.20|43.5318|18.7494
09|34|0|135|1.5|11.3|270|51.5|35.2|0.01|0.20|43.5273|18.7494
09|35|0|180|2.9|11.3|270|51.3|35.4|0.01|0.20|43.5268|18.7494
09|36|0|135|1.5|11.3|270|51.3|35.5|0.01|0.20|43.5275|18.7494
09|37|0|225|1.5|11.3|270|51.6|35.8|0.01|0.20|43.5288|18.7494
09|38|0|180|1.6|11.3|270|51.7|36.0|0.01|0.20|43.5257|19.6752
09|40|0|135|1.5|11.3|270|50.6|36.6|0.01|0.20|43.5259|19.2138
09|41|0|90|1.6|11.3|270|50.2|36.6|0.01|0.20|43.5298|19.2138
09|42|0|90|2.9|11.3|270|50.1|36.6|0.01|0.20|43.5315|19.2138
09|46|0|135|2.9|11.3|270|49.8|36.7|0.01|0.20|43.5217|18.7441
09|47|0|135|1.5|11.3|270|49.5|36.8|0.01|0.20|43.5239|18.7441
09|48|0|90|1.5|11.3|270|49.5|36.8|0.01|0.20|43.5234|18.7441
09|49|0|90|0.0|11.3|270|49.1|36.8|0.01|0.20|43.5286|18.7441
09|50|0|90|1.5|11.3|270|49.1|36.8|0.01|0.20|43.529|18.7441
09|51|0|225|2.9|11.3|270|49.0|36.7|0.01|0.20|43.5281|18.7441
09|52|0|180|1.6|11.3|270|49.5|36.5|0.01|0.20|43.5269|18.7441
09|53|0|45|0.0|11.3|270|49.5|36.5|0.01|0.20|43.5291|18.7441
09|54|0|90|0.0|11.3|270|49.5|36.4|0.01|0.20|43.5294|18.7441
09|55|0|90|0.0|11.3|270|49.8|36.3|0.01|0.20|43.5301|18.7441
09|56|0|225|0.0|11.3|270|50.1|36.2|0.01|0.20|43.5297|19.2138
09|57|0|225|0.0|11.3|270|50.5|36.0|0.01|0.20|43.532|19.2138
09|58|0|45|0.0|11.3|270|50.7|36.0|0.01|0.20|43.5292|19.2138
09|59|0|45|1.6|11.3|270|50.7|36.0|0.01|0.20|43.5301|19.2138
10|00|0|45|0.0|11.3|270|50.6|36.0|0.00|0.20|43.5301|19.2138
10|01|0|45|0.0|11.3|270|50.8|36.0|0.00|0.20|43.5326|19.2138
10|02|0|45|0.0|11.3|270|51.1|36.0|0.00|0.20|43.5333|19.6752
10|03|0|45|1.5|11.3|270|51.0|36.0|0.00|0.20|43.5312|19.6752
10|04|0|45|1.5|11.3|270|50.5|36.0|0.00|0.20|43.5331|19.2138
10|06|0|0|1.5|11.3|270|50.2|36.0|0.00|0.20|43.5301|19.2138
10|07|0|0|1.6|11.3|270|50.1|35.9|0.00|0.20|43.5274|18.2901
10|08|0|0|1.5|11.3|270|50.0|35.8|0.00|0.20|43.527|18.2901
10|09|0|0|1.6|11.3|270|50.1|35.7|0.00|0.20|43.5294|18.2901
10|10|0|0|0.0|11.3|270|50.4|35.6|0.00|0.20|43.5313|18.2901
10|11|0|0|1.6|11.3|270|50.6|35.5|0.00|0.20|43.5323|18.2901
10|12|0|0|0.0|11.3|270|50.6|35.4|0.00|0.20|43.5339|18.2901
10|13|0|0|0.0|11.3|270|50.8|35.4|0.00|0.20|43.5338|18.2901
10|14|0|0|0.0|11.3|270|51.2|35.2|0.00|0.20|43.5321|18.7494
10|15|0|315|2.9|11.3|270|51.5|35.2|0.00|0.20|43.5347|18.7494
10|16|0|315|4.4|11.3|270|51.5|34.8|0.00|0.20|43.5324|17.8235
10|17|0|315|2.9|11.3|270|51.8|34.7|0.00|0.20|43.5347|17.8235
10|18|0|315|2.9|11.3|270|52.1|34.5|0.00|0.20|43.5314|18.2729
10|19|0|315|1.5|11.3|270|52.6|34.4|0.00|0.20|43.532|18.2729
10|20|0|315|1.5|11.3|270|52.9|34.2|0.00|0.20|43.5296|18.2729
10|21|0|315|1.5|11.3|270|52.8|34.2|0.00|0.20|43.5295|18.2729
10|22|0|315|1.5|11.3|270|52.8|34.1|0.00|0.20|43.5313|18.2729
10|24|0|315|2.9|11.3|270|53.4|34.1|0.00|0.20|43.5287|18.7147
10|26|0|315|1.6|11.3|270|53.5|34.2|0.00|0.20|43.5224|18.7147
10|27|0|315|2.9|11.3|270|53.6|34.5|0.00|0.20|43.5204|18.7147
10|28|0|270|2.9|11.3|270|53.9|34.6|0.00|0.20|43.5234|18.7147
10|29|0|315|4.8|11.3|270|54.2|34.7|0.00|0.20|43.5156|19.1491
10|30|0|315|2.9|11.3|270|53.1|35.0|0.00|0.20|43.517|19.6446
10|31|0|315|2.9|11.3|270|52.6|35.3|0.00|0.20|43.5139|19.2008
10|32|0|315|4.4|11.3|270|52.6|35.6|0.00|0.20|43.5133|19.2008
10|33|0|0|2.9|11.3|270|52.2|35.9|0.00|0.20|43.5098|19.2008
10|34|0|315|2.9|11.3|270|51.6|36.3|0.00|0.20|43.512|19.6752
10|35|0|315|5.8|11.3|270|51.6|36.3|0.00|0.20|43.5182|19.6752
10|36|0|315|2.9|11.3|270|51.0|36.3|0.00|0.20|43.5194|19.6752
10|37|0|315|4.4|11.3|270|51.0|36.3|0.00|0.20|43.516|19.6752
10|38|0|315|2.9|11.3|270|50.7|36.3|0.00|0.20|43.5145|19.2138
10|39|0|270|1.6|11.3|270|50.2|36.5|0.00|0.20|43.5175|19.2138
10|40|0|315|5.8|11.3|270|49.8|36.6|0.00|0.20|43.519|18.7441
10|41|0|315|3.2|11.3|270|49.5|36.5|0.00|0.20|43.5214|18.7441
10|42|0|0|2.9|11.3|270|49.6|36.7|0.00|0.20|43.5164|18.7441
10|43|0|315|4.4|11.3|270|50.1|37.1|0.00|0.20|43.5183|20.1374
10|44|0|315|2.9|11.3|270|50.1|37.2|0.00|0.20|43.5178|20.1374
10|45|0|315|2.9|11.3|270|49.2|37.3|0.00|0.20|43.5281|19.6656
10|47|0|315|4.4|11.3|270|49.0|37.3|0.00|0.20|43.521|19.6656
10|48|0|270|2.9|11.3|270|48.6|37.3|0.00|0.20|43.5247|19.1852
10|49|0|270|1.6|11.3|270|48.7|37.3|0.00|0.20|43.526|19.1852
10|50|0|315|2.9|11.3|270|48.6|37.4|0.00|0.20|43.5191|19.1852
10|51|0|315|2.9|11.3|270|48.5|37.5|0.00|0.20|43.5163|19.1852
10|52|0|315|4.4|11.3|270|48.2|38.1|0.01|0.21|43.5108|20.1044
10|53|0|315|6.4|11.3|270|47.6|38.2|0.01|0.21|43.5096|19.6128
10|54|0|248|2.9|11.3|270|47.2|38.4|0.01|0.21|43.5113|19.6128
10|55|0|315|4.8|11.3|270|46.9|38.7|0.01|0.21|43.5082|19.1119
10|56|0|315|1.5|11.3|270|46.9|39.0|0.01|0.21|43.5065|20.0265
10|57|0|315|1.5|11.3|270|46.6|39.3|0.01|0.21|43.5094|20.0265
10|59|0|315|4.8|11.3|270|46.1|39.7|0.01|0.21|43.5058|20.0265
11|00|0|315|5.8|11.3|270|45.4|39.7|0.01|0.21|43.508|19.5136
11|01|0|270|1.6|11.3|270|45.2|39.7|0.01|0.21|43.5056|19.5136
11|02|0|270|1.5|11.3|270|45.1|40.0|0.01|0.21|43.5075|20.4257
11|03|0|270|5.8|11.3|270|45.0|40.3|0.01|0.21|43.5107|20.4257
11|04|0|315|2.9|11.3|270|44.5|40.4|0.01|0.21|43.5108|19.9003
11|05|0|315|4.4|11.3|270|44.2|40.7|0.01|0.21|43.5114|19.9003
11|06|0|270|4.4|11.3|270|44.3|41.0|0.01|0.21|43.5084|20.81
11|07|0|270|3.2|11.3|270|43.8|41.1|0.01|0.21|43.5057|20.2715
11|08|0|248|2.9|11.3|270|43.3|41.3|0.01|0.21|43.5081|20.2715
11|09|0|315|5.8|11.3|270|43.1|41.7|0.01|0.21|43.5078|20.2715
11|10|0|270|3.2|11.3|270|42.5|41.8|0.01|0.21|43.5049|19.7217
11|11|0|315|0.0|11.3|270|42.2|42.0|0.01|0.21|43.5019|20.6264
11|12|0|270|2.9|11.3|270|42.0|42.1|0.01|0.21|43.5031|20.6264
11|13|0|315|1.5|11.3|270|41.5|42.1|0.01|0.21|43.4976|20.0625
11|14|0|270|1.5|11.3|270|41.1|42.3|0.01|0.21|43.4984|20.0625
11|15|0|0|2.9|11.3|270|41.1|42.3|0.01|0.21|43.5017|20.0625
11|16|0|0|2.9|11.3|270|41.1|42.1|0.01|0.21|43.5016|20.0625
11|17|0|315|2.9|11.3|270|41.2|42.1|0.01|0.21|43.5001|20.0625
11|19|0|315|2.9|11.3|270|41.1|42.2|0.01|0.21|43.5007|20.0625
11|20|0|315|4.4|11.3|270|41.1|42.3|0.01|0.21|43.4968|20.0625
11|21|0|0|1.5|11.3|270|40.8|42.7|0.01|0.21|43.494|19.4862
11|22|0|135|1.5|11.3|270|40.3|42.9|0.01|0.21|43.4861|19.4862
11|23|0|135|2.9|11.3|270|40.1|43.0|0.01|0.21|43.4875|20.3858
11|24|0|135|0.0|11.3|270|40.2|43.0|0.01|0.21|43.4914|20.3858
11|26|0|315|2.9|11.3|270|40.2|43.2|0.01|0.21|43.4868|20.3858
11|28|0|135|1.5|11.3|270|39.4|43.8|0.01|0.21|43.4867|19.794
11|30|0|270|2.9|11.3|270|39.4|44.5|0.01|0.21|43.4885|20.6908
11|31|0|270|2.9|11.3|270|38.9|44.7|0.01|0.21|43.4908|20.0828
11|32|0|270|1.6|11.3|270|38.2|44.7|0.01|0.21|43.4921|20.0828
11|33|0|270|2.9|11.3|270|37.8|44.9|0.01|0.21|43.4876|19.4604
11|34|0|270|2.9|11.3|270|37.8|45.2|0.01|0.21|43.4776|20.3517
11|35|0|270|0.0|11.3|270|37.4|45.4|0.01|0.21|43.4808|20.3517
11|36|0|270|4.4|11.3|270|37.4|45.7|0.01|0.21|43.4831|20.3517
11|37|0|315|2.9|11.3|270|36.9|45.7|0.01|0.21|43.4799|19.7115
11|39|0|0|1.6|11.3|270|36.8|46.1|0.01|0.21|43.482|20.5997
11|40|0|270|4.4|11.3|270|36.4|46.2|0.01|0.21|43.4794|20.5997
11|41|0|225|1.6|11.3|270|36.0|46.3|0.01|0.21|43.4749|20.5997
11|42|0|315|1.6|11.3|270|36.0|46.4|0.01|0.21|43.4728|20.5997
11|43|0|270|5.8|11.3|270|35.4|46.4|0.01|0.21|43.4733|19.9407
11|44|0|270|4.4|11.3|270|35.1|46.3|0.01|0.21|43.4753|19.9407
11|46|0|0|1.5|11.3|270|35.6|46.1|0.01|0.21|43.4701|19.9407
11|47|0|270|3.2|11.3|270|35.7|45.8|0.01|0.21|43.4724|19.0553
11|48|0|270|4.8|11.3|270|35.9|45.8|0.01|0.21|43.4714|19.0553
11|49|0|270|2.9|11.3|270|35.9|45.7|0.01|0.21|43.4695|19.0553
11|50|0|270|1.5|11.3|270|35.9|45.7|0.01|0.21|43.4666|19.0553
11|51|0|270|5.8|11.3|270|36.0|45.7|0.00|0.21|43.4652|19.7115
11|52|0|315|2.9|11.3|270|35.9|45.7|0.00|0.21|43.4669|19.0553
11|55|0|0|1.6|11.3|270|35.4|46.3|0.00|0.21|43.4498|19.9407
11|56|0|315|2.9|11.3|270|35.5|46.5|0.00|0.21|43.4545|19.9407
11|57|0|315|0.0|11.3|270|35.3|46.6|0.00|0.21|43.4548|19.9407
11|59|0|270|3.2|11.3|270|35.1|46.7|0.00|0.21|43.4508|19.9407
12|00|0|270|0.0|11.3|270|35.0|47.0|0.00|0.21|43.4471|20.826
12|01|0|0|0.0|11.3|270|34.6|47.2|0.00|0.21|43.4432|20.1471
12|02|0|315|1.5|11.3|270|34.2|47.5|0.00|0.21|43.4373|20.1471
12|04|0|135|1.6|11.3|270|33.8|47.7|0.00|0.21|43.4301|19.4504
12|05|0|270|1.5|11.3|270|33.8|48.0|0.00|0.21|43.4335|20.3295
12|06|0|45|1.5|11.3|270|33.7|48.3|0.00|0.21|43.4385|20.3295
12|07|0|270|4.8|11.3|270|33.5|48.4|0.00|0.21|43.4365|20.3295
12|08|0|270|4.4|11.3|270|32.9|48.5|0.00|0.21|43.435|19.6107
12|09|0|0|2.9|11.3|270|32.4|48.5|0.00|0.21|43.4316|19.6107
12|10|0|315|4.8|11.3|270|32.5|48.4|0.00|0.21|43.4314|19.6107
12|11|0|315|2.9|11.3|270|32.8|48.2|0.00|0.21|43.4314|19.6107
12|12|0|0|2.9|11.3|270|33.2|48.2|0.00|0.21|43.4342|20.3295
12|13|0|315|2.9|11.3|270|33.3|48.1|0.00|0.21|43.4327|20.3295
12|14|0|315|1.5|11.3|270|33.2|48.1|0.00|0.21|43.4318|20.3295
12|16|0|180|2.9|11.3|270|33.1|48.2|0.00|0.21|43.4302|20.3295
12|17|0|90|1.6|11.3|270|32.7|48.3|0.00|0.21|43.4226|19.6107
12|18|0|293|1.5|11.3|270|32.5|48.5|0.00|0.21|43.4228|19.6107
12|19|0|315|1.6|11.3|270|32.7|48.7|0.00|0.21|43.4226|19.6107
12|20|0|225|1.6|11.3|270|32.6|48.8|0.00|0.21|43.4258|19.6107
12|21|0|270|1.5|11.3|270|32.6|48.8|0.00|0.21|43.4254|19.6107
12|22|0|270|4.8|11.3|270|32.5|48.9|0.00|0.21|43.4233|19.6107
12|23|0|270|2.9|11.3|270|32.5|48.8|0.00|0.21|43.4228|19.6107
12|24|0|315|4.4|11.3|270|32.4|48.7|0.00|0.21|43.4266|19.6107
12|25|0|270|2.9|11.3|270|32.3|48.5|0.00|0.21|43.4261|19.6107
12|26|0|270|2.9|11.3|270|32.5|48.5|0.00|0.21|43.4246|19.6107
12|27|0|180|1.5|11.3|270|32.8|48.5|0.00|0.21|43.4213|19.6107
12|28|0|225|1.6|11.3|270|33.2|48.5|0.00|0.21|43.421|20.3295
12|29|0|225|1.5|11.3|270|32.9|48.5|0.00|0.21|43.4215|19.6107
12|30|0|270|4.8|11.3|270|32.6|48.7|0.00|0.21|43.4224|19.6107
12|32|0|270|1.5|11.3|270|32.5|48.5|0.00|0.21|43.4228|19.6107
12|33|0|315|3.2|11.3|270|32.5|48.7|0.00|0.21|43.4239|19.6107
12|34|0|0|2.9|11.3|270|32.5|48.5|0.00|0.21|43.4199|19.6107
12|35|0|0|1.5|11.3|270|32.6|48.5|0.00|0.21|43.4174|19.6107
12|36|0|270|1.6|11.3|270|32.7|48.5|0.00|0.21|43.4191|19.6107
12|38|0|0|4.4|11.3|270|32.8|48.5|0.00|0.21|43.4201|19.6107
12|39|0|315|3.2|11.3|270|32.5|48.4|0.00|0.21|43.4223|19.6107
12|40|0|315|2.9|11.3|270|32.6|48.3|0.00|0.21|43.4214|19.6107
12|41|0|315|2.9|11.3|270|33.0|48.0|0.00|0.21|43.418|20.3295
12|42|0|315|0.0|11.3|270|33.2|47.9|0.00|0.21|43.4142|19.4504
12|43|0|315|4.4|11.3|270|33.6|47.7|0.00|0.21|43.4112|19.4504
12|44|0|293|1.5|11.3|270|33.5|47.6|0.00|0.21|43.4084|19.4504
12|45|0|248|2.9|11.3|270|33.5|47.4|0.00|0.21|43.4083|19.4504
12|46|0|225|4.4|11.3|270|33.6|47.4|0.00|0.21|43.4078|19.4504
12|47|0|270|0.0|11.3|270|33.6|47.3|0.00|0.21|43.4043|19.4504
12|48|0|315|4.4|11.3|270|33.8|47.1|0.00|0.21|43.397|19.4504
12|49|0|0|2.9|11.3|270|34.0|47.2|0.00|0.21|43.395|20.1471
12|50|0|315|1.5|11.3|270|34.1|47.2|0.00|0.21|43.397|20.1471
12|51|0|315|1.5|11.3|270|34.1|47.1|0.00|0.21|43.3923|20.1471
12|52|0|315|4.4|11.3|270|34.1|47.0|0.00|0.21|43.3905|20.1471
12|53|0|315|2.9|11.3|270|34.3|47.0|0.00|0.21|43.3912|20.1471
12|54|0|315|3.2|11.3|270|34.4|47.0|0.00|0.21|43.3909|20.1471
12|56|0|270|0.0|11.3|270|34.4|46.8|0.00|0.21|43.3902|19.2648
12|57|0|270|1.6|11.3|270|34.4|46.8|0.00|0.21|43.384|19.2648
12|58|0|180|1.5|11.3|270|34.4|47.1|0.00|0.21|43.383|20.1471
12|59|0|270|2.9|11.3|270|34.2|47.2|0.00|0.21|43.3866|20.1471
13|00|0|315|1.6|11.3|270|34.2|47.3|0.00|0.21|43.3846|20.1471
13|01|0|0|2.9|11.3|270|33.8|47.4|0.00|0.21|43.3854|19.4504
13|02|0|315|0.0|11.3|270|33.9|47.6|0.00|0.21|43.3851|19.4504
13|03|0|270|1.6|11.3|270|33.5|47.9|0.00|0.21|43.3848|19.4504
13|04|0|225|0.0|11.3|270|33.4|48.1|0.00|0.21|43.3809|20.3295
13|05|0|0|1.5|11.3|270|33.2|48.2|0.00|0.21|43.3786|20.3295
13|06|0|0|1.6|11.3|270|33.0|48.3|0.00|0.21|43.3768|20.3295
13|07|0|225|1.5|11.3|270|33.0|48.7|0.00|0.21|43.3761|20.3295
13|08|0|270|5.8|11.3|270|32.9|48.8|0.00|0.21|43.377|19.6107
13|09|0|270|1.6|11.3|270|32.5|49.0|0.00|0.21|43.3745|20.4865
13|10|0|270|1.5|11.3|270|32.4|49.2|0.00|0.21|43.3749|20.4865
13|12|0|0|1.6|11.3|270|32.1|49.2|0.00|0.21|43.3737|20.4865
13|13|0|315|3.2|11.3|270|32.0|49.3|0.00|0.21|43.3745|20.4865
13|14|0|315|2.9|11.3|270|31.7|49.2|0.00|0.21|43.3726|19.7444
13|15|0|315|3.2|11.3|270|31.5|49.1|0.00|0.21|43.3707|19.7444
13|16|0|315|2.9|11.3|270|31.7|48.9|0.00|0.21|43.3723|18.8717
13|17|0|315|1.5|11.3|270|31.8|48.8|0.00|0.21|43.372|18.8717
13|18|0|315|2.9|11.3|270|31.8|48.5|0.00|0.21|43.3671|18.8717
13|19|0|270|1.5|11.3|270|31.7|48.4|0.00|0.21|43.3681|18.8717
13|20|0|315|4.4|11.3|270|31.6|48.3|0.00|0.21|43.3692|18.8717
13|21|0|315|1.6|11.3|270|31.5|48.1|0.00|0.21|43.3685|18.8717
13|22|0|315|1.5|11.3|270|31.6|48.1|0.00|0.21|43.3672|18.8717
13|23|0|315|1.5|11.3|270|31.6|48.0|0.00|0.21|43.3675|18.8717
13|24|0|0|1.5|11.3|270|31.7|48.0|0.00|0.21|43.365|18.8717
13|25|0|270|2.9|11.3|270|31.8|48.0|0.00|0.21|43.3662|18.8717
13|26|0|315|4.4|11.3|270|31.8|48.0|0.00|0.21|43.3634|18.8717
13|27|0|315|1.5|11.3|270|31.7|48.0|0.00|0.21|43.3652|18.8717
13|28|0|315|4.4|11.3|270|31.8|47.7|0.00|0.21|43.3706|17.9987
13|30|0|315|3.2|11.3|270|31.9|47.5|0.00|0.21|43.3664|17.9987
13|31|0|270|2.9|11.3|270|32.1|47.4|0.00|0.21|43.3663|18.7346
13|32|0|270|1.5|11.3|270|32.2|47.4|0.00|0.21|43.3687|18.7346
13|33|0|270|1.5|11.3|270|32.0|47.2|0.00|0.21|43.3651|18.7346
13|34|0|315|2.9|11.3|270|32.1|47.1|0.00|0.21|43.3616|18.7346
13|35|0|270|1.5|11.3|270|32.3|47.0|0.00|0.21|43.3617|18.7346
13|36|0|270|1.5|11.3|270|32.4|46.8|0.00|0.21|43.3641|17.8582
13|37|0|270|1.5|11.3|270|32.7|46.8|0.00|0.21|43.3631|17.8582
13|39|0|315|2.9|11.3|270|32.9|47.0|0.00|0.21|43.3638|18.7346
13|40|0|315|1.6|11.3|270|32.8|46.8|0.00|0.21|43.3636|17.8582
13|41|0|225|3.2|11.3|270|32.9|46.8|0.00|0.21|43.36|17.8582
13|42|0|270|2.9|11.3|270|32.7|47.0|0.00|0.21|43.3592|18.7346
13|43|0|270|3.2|11.3|270|32.5|47.0|0.00|0.21|43.3588|18.7346
13|44|0|270|1.5|11.3|270|32.4|47.1|0.00|0.21|43.3597|18.7346
13|45|0|315|1.5|11.3|270|32.4|47.1|0.00|0.21|43.3578|18.7346
13|46|0|315|2.9|11.3|270|32.3|47.2|0.00|0.21|43.3548|18.7346
13|47|0|315|1.5|11.3|270|32.0|47.3|0.00|0.21|43.3534|18.7346
13|48|0|315|2.9|11.3|270|31.9|47.3|0.00|0.21|43.3508|17.9987
13|49|0|315|2.9|11.3|270|32.0|47.3|0.00|0.21|43.3497|18.7346
13|51|0|315|4.4|11.3|270|32.1|47.1|0.00|0.21|43.3495|18.7346
13|52|0|225|0.0|11.3|270|32.0|47.1|0.00|0.21|43.3515|18.7346
13|53|0|225|0.0|11.3|270|32.2|47.2|0.00|0.21|43.3482|18.7346
13|54|0|225|1.5|11.3|270|32.4|47.3|0.00|0.21|43.3524|18.7346
13|55|0|270|3.2|11.3|270|32.4|47.3|0.00|0.21|43.3498|18.7346
13|56|0|270|2.9|11.3|270|32.3|47.3|0.00|0.21|43.3505|18.7346
13|57|0|315|2.9|11.3|270|32.1|47.2|0.00|0.21|43.3492|18.7346
13|58|0|270|1.5|11.3|270|32.1|47.1|0.00|0.21|43.3481|18.7346
13|59|0|270|4.4|11.3|270|32.1|47.2|0.00|0.21|43.3536|18.7346
14|00|0|225|1.5|11.3|270|31.9|47.1|0.00|0.21|43.3518|17.9987
14|01|0|135|1.5|11.3|270|32.0|47.2|0.00|0.21|43.3499|18.7346
14|02|0|0|0.0|11.3|270|32.0|47.2|0.00|0.21|43.3459|18.7346
14|03|0|270|1.6|11.3|270|31.8|47.4|0.00|0.21|43.3492|17.9987
14|04|0|225|1.5|11.3|270|31.6|47.4|0.00|0.21|43.3521|17.9987
14|06|0|270|3.2|11.3|270|31.2|47.4|0.00|0.21|43.3505|17.9987
14|07|0|315|2.9|11.3|270|31.1|47.4|0.00|0.21|43.3433|17.9987
14|08|0|315|4.4|11.3|270|31.3|47.3|0.00|0.21|43.3405|17.9987
14|09|0|315|1.5|11.3|270|31.2|47.2|0.00|0.21|43.3388|17.9987
14|11|0|270|1.5|11.3|270|31.2|47.2|0.00|0.21|43.3401|17.9987
14|12|0|270|1.6|11.3|270|31.1|47.2|0.00|0.21|43.3411|17.9987
14|14|0|135|1.5|11.3|270|31.5|47.3|0.00|0.21|43.3379|17.9987
14|15|0|90|1.5|11.3|270|31.4|47.5|0.00|0.21|43.3366|17.9987
14|16|0|270|1.5|11.3|270|31.1|47.6|0.00|0.21|43.3364|17.9987
14|17|0|315|3.2|11.3|270|30.8|47.6|0.00|0.21|43.3346|17.2414
14|18|0|0|2.9|11.3|270|31.1|47.7|0.00|0.21|43.3353|17.9987
14|19|0|270|4.4|11.3|270|31.3|47.7|0.00|0.21|43.3342|17.9987
14|21|0|270|4.4|11.3|270|30.7|47.5|0.00|0.21|43.3412|17.2414
14|22|0|315|2.9|11.3|270|30.5|47.5|0.00|0.21|43.3385|17.2414
14|23|0|315|2.9|11.3|270|30.4|47.4|0.00|0.21|43.3357|17.2414
14|24|0|315|1.5|11.3|270|30.6|47.4|0.00|0.21|43.3332|17.2414
14|25|0|0|1.5|11.3|270|30.9|47.4|0.00|0.21|43.3314|17.2414
14|26|0|270|2.9|11.3|270|30.9|47.4|0.00|0.21|43.3282|17.2414
14|27|0|270|3.2|11.3|270|30.7|47.5|0.00|0.21|43.3272|17.2414
14|28|0|315|2.9|11.3|270|30.5|47.5|0.00|0.21|43.3228|17.2414
14|30|0|315|1.6|11.3|270|30.4|47.6|0.00|0.21|43.3192|17.2414
14|31|0|315|0.0|11.3|270|30.5|47.7|0.00|0.21|43.3194|17.2414
14|32|0|270|2.9|11.3|270|30.5|47.9|0.00|0.21|43.3226|17.2414
14|33|0|270|1.6|11.3|270|30.5|47.9|0.00|0.21|43.3268|17.2414
14|34|0|270|5.8|11.3|270|30.6|47.9|0.00|0.21|43.3313|17.2414
14|35|0|270|2.9|11.3|270|30.4|47.9|0.00|0.21|43.3323|17.2414
14|36|0|315|2.9|11.3|270|30.3|47.9|0.00|0.21|43.33|17.2414
14|37|0|0|0.0|11.3|270|30.2|48.0|0.00|0.21|43.3246|18.1112
14|39|0|0|4.4|11.3|270|30.3|48.1|0.00|0.21|43.3188|18.1112
14|40|0|0|3.2|11.3|270|30.8|48.1|0.00|0.21|43.3214|18.1112
14|41|0|315|1.5|11.3|270|30.9|48.2|0.00|0.21|43.3249|18.1112
14|42|0|270|1.5|11.3|270|30.9|48.3|0.00|0.21|43.3254|18.1112
14|43|0|0|1.5|11.3|270|31.1|48.4|0.00|0.21|43.323|18.8717
14|44|0|23|2.9|11.3|270|31.1|48.3|0.00|0.21|43.3177|18.8717
14|45|0|315|1.6|11.3|270|31.0|48.3|0.00|0.21|43.3211|18.8717
14|46|0|315|0.0|11.3|270|31.1|48.3|0.00|0.21|43.3235|18.8717
14|48|0|270|2.9|11.3|270|30.9|48.3|0.00|0.21|43.3243|18.1112
14|49|0|315|2.9|11.3|270|30.8|48.3|0.00|0.21|43.3227|18.1112
14|50|0|315|2.9|11.3|270|30.4|48.3|0.00|0.21|43.3261|18.1112
14|51|0|270|1.6|11.3|270|30.2|48.3|0.00|0.21|43.3251|18.1112
14|52|0|315|2.9|11.3|270|30.2|48.3|0.00|0.21|43.3197|18.1112
14|53|0|0|1.6|11.3|270|30.2|48.3|0.00|0.21|43.318|18.1112
14|54|0|0|1.5|11.3|270|30.4|48.2|0.00|0.21|43.3191|18.1112
14|55|0|270|1.5|11.3|270|30.6|48.2|0.00|0.21|43.325|18.1112
14|56|0|225|3.2|11.3|270|30.6|48.2|0.00|0.21|43.3278|18.1112
14|57|0|225|1.6|11.3|270|30.7|48.3|0.00|0.21|43.3267|18.1112
14|58|0|0|2.9|11.3|270|30.6|48.3|0.00|0.21|43.3192|18.1112
14|59|0|0|1.6|11.3|270|30.4|48.3|0.00|0.21|43.3143|18.1112
15|01|0|270|1.5|11.3|270|30.4|48.2|0.00|0.21|43.3197|18.1112
15|02|0|270|1.5|11.3|270|30.4|48.2|0.00|0.21|43.3235|18.1112
15|03|0|270|1.5|11.3|270|30.6|48.2|0.00|0.21|43.326|18.1112
15|04|0|270|1.5|11.3|270|30.6|48.2|0.00|0.21|43.3241|18.1112
15|05|0|270|0.0|11.3|270|30.4|48.2|0.00|0.21|43.3215|18.1112
15|06|0|270|1.5|11.3|270|30.4|48.2|0.00|0.21|43.3188|18.1112
15|08|0|0|2.9|11.3|270|30.5|48.3|0.00|0.21|43.3169|18.1112
15|09|0|0|3.2|11.3|270|30.3|48.2|0.00|0.21|43.313|18.1112
15|10|0|0|1.5|11.3|270|30.2|48.3|0.00|0.21|43.3107|18.1112
15|11|0|315|1.5|11.3|270|30.3|48.3|0.00|0.21|43.3159|18.1112
15|12|0|270|1.5|11.3|270|30.6|48.3|0.00|0.21|43.3199|18.1112
15|13|0|225|1.5|11.3|270|30.5|48.3|0.00|0.21|43.3274|18.1112
15|14|0|180|1.5|11.3|270|30.6|48.3|0.00|0.21|43.3273|18.1112
15|15|0|135|1.6|11.3|270|30.6|48.4|0.00|0.21|43.3233|18.1112
15|16|0|45|0.0|11.3|270|30.4|48.4|0.00|0.21|43.3211|18.1112
15|17|0|0|1.6|11.3|270|30.5|48.4|0.00|0.21|43.3195|18.1112
15|18|0|315|1.5|11.3|270|30.7|48.4|0.00|0.21|43.3224|18.1112
15|20|0|0|1.6|11.3|270|30.9|48.4|0.00|0.21|43.3186|18.1112
15|21|0|0|0.0|11.3|270|30.9|48.4|0.00|0.21|43.3205|18.1112
15|22|0|0|1.5|11.3|270|30.8|48.4|0.00|0.21|43.3167|18.1112
15|23|0|0|2.9|11.3|270|30.8|48.4|0.00|0.21|43.3179|18.1112
15|25|0|0|1.5|11.3|270|30.5|48.4|0.00|0.21|43.3181|18.1112
15|26|0|315|1.5|11.3|270|30.6|48.4|0.00|0.21|43.3205|18.1112
15|27|0|225|4.4|11.3|270|30.7|48.4|0.00|0.21|43.3211|18.1112
15|28|0|270|1.5|11.3|270|30.7|48.4|0.00|0.21|43.3224|18.1112
15|29|0|315|1.6|11.3|270|30.8|48.4|0.00|0.21|43.3188|18.1112
15|30|0|0|2.9|11.3|270|30.7|48.3|0.00|0.21|43.3175|18.1112
15|31|0|0|1.5|11.3|270|31.1|48.3|0.00|0.21|43.3161|18.8717
15|32|0|0|3.2|11.3|270|31.1|48.3|0.00|0.21|43.3172|18.8717
15|33|0|0|1.6|11.3|270|30.9|48.2|0.00|0.21|43.3133|18.1112
15|34|0|315|1.5|11.3|270|30.9|48.2|0.00|0.21|43.3118|18.1112
15|35|0|270|1.6|11.3|270|30.9|48.2|0.00|0.21|43.3159|18.1112
15|36|0|315|1.5|11.3|270|30.9|48.2|0.00|0.21|43.3164|18.1112
15|37|0|315|0.0|11.3|270|31.1|48.2|0.00|0.21|43.3151|18.8717
15|38|0|0|3.2|11.3|270|31.4|48.2|0.00|0.21|43.3124|18.8717
15|39|0|0|0.0|11.3|270|31.1|48.2|0.00|0.21|43.3125|18.8717
15|40|0|0|0.0|11.3|270|31.0|48.2|0.00|0.21|43.3123|18.8717
15|41|0|0|0.0|11.3|270|31.1|48.3|0.00|0.21|43.3132|18.8717
15|42|0|315|1.5|11.3|270|31.2|48.3|0.00|0.21|43.3132|18.8717
15|43|0|315|1.5|11.3|270|31.0|48.3|0.00|0.21|43.3133|18.8717
15|45|0|0|1.5|11.3|270|30.8|48.4|0.00|0.21|43.3125|18.1112
15|46|0|0|2.9|11.3|270|30.5|48.4|0.00|0.21|43.3097|18.1112
15|47|0|0|0.0|11.3|270|30.6|48.4|0.00|0.21|43.3077|18.1112
15|48|0|0|1.5|11.3|270|30.5|48.5|0.00|0.21|43.3076|18.1112
15|49|0|225|1.5|11.3|270|30.5|48.7|0.00|0.21|43.3171|18.1112
15|50|0|270|0.0|11.3|270|30.6|48.7|0.00|0.21|43.3187|18.1112
15|51|0|270|0.0|11.3|270|30.6|48.7|0.00|0.21|43.3173|18.1112
15|52|0|270|0.0|11.3|270|30.4|48.7|0.00|0.21|43.3181|18.1112
15|53|0|90|1.5|11.3|270|30.4|48.7|0.00|0.21|43.3155|18.1112
15|54|0|113|1.5|11.3|270|30.2|48.7|0.00|0.21|43.314|18.1112
15|55|0|113|0.0|11.3|270|30.0|48.7|0.00|0.21|43.3156|18.1112
15|56|0|113|0.0|11.3|270|30.1|48.7|0.00|0.21|43.3152|18.1112
15|57|0|113|0.0|11.3|270|30.2|48.7|0.00|0.21|43.3156|18.1112
15|58|0|45|0.0|11.3|270|30.3|48.7|0.00|0.21|43.3166|18.1112
16|02|0|270|0.0|11.3|270|30.9|48.9|0.00|0.21|43.3139|18.1112
16|03|0|315|1.5|11.3|270|30.9|48.8|0.00|0.21|43.3135|18.1112
16|04|0|315|1.6|11.3|270|30.9|48.8|0.00|0.21|43.3142|18.1112
16|05|0|315|0.0|11.3|270|30.8|48.8|0.00|0.21|43.3147|18.1112
16|07|0|315|1.5|11.3|270|30.6|48.8|0.00|0.21|43.3181|18.1112
16|08|0|315|1.6|11.3|270|30.6|48.7|0.00|0.21|43.3161|18.1112
16|09|0|315|1.5|11.3|270|31.0|48.5|0.00|0.21|43.314|18.8717
16|10|0|315|1.6|11.3|270|31.1|48.4|0.00|0.21|43.3114|18.8717
16|11|0|315|0.0|11.3|270|31.1|48.4|0.00|0.21|43.3101|18.8717
16|12|0|315|0.0|11.3|270|31.1|48.3|0.00|0.21|43.3091|18.8717
16|13|0|315|0.0|11.3|270|31.1|48.2|0.00|0.21|43.3068|18.8717
16|14|0|315|0.0|11.3|270|31.2|48.1|0.00|0.21|43.3059|18.8717
16|15|0|315|0.0|11.3|270|31.3|48.1|0.00|0.21|43.3074|18.8717
16|16|0|270|1.5|11.3|270|31.4|48.1|0.00|0.21|43.3101|18.8717
16|17|0|270|0.0|11.3|270|31.5|48.1|0.00|0.21|43.309|18.8717
16|18|0|270|0.0|11.3|270|31.6|48.1|0.00|0.21|43.3072|18.8717
16|19|0|270|0.0|11.3|270|31.6|48.1|0.00|0.21|43.306|18.8717
16|20|0|270|0.0|11.3|270|31.5|48.1|0.00|0.21|43.3057|18.8717
16|21|0|270|1.5|11.3|270|31.3|48.1|0.00|0.21|43.305|18.8717
16|22|0|270|1.5|11.3|270|31.2|48.1|0.00|0.21|43.3076|18.8717
16|23|0|270|0.0|11.3|270|31.1|48.0|0.00|0.21|43.3062|18.8717
16|25|0|270|0.0|11.3|270|31.1|48.0|0.00|0.21|43.3057|18.8717
16|26|0|270|1.5|11.3|270|31.2|47.9|0.00|0.21|43.3054|17.9987
16|27|0|270|0.0|11.3|270|31.4|47.7|0.00|0.21|43.3045|17.9987
16|29|0|270|0.0|11.3|270|31.6|47.6|0.00|0.21|43.3082|17.9987
16|30|0|270|1.5|11.3|270|31.5|47.5|0.00|0.21|43.3045|17.9987
16|31|0|270|1.5|11.3|270|31.5|47.4|0.00|0.21|43.304|17.9987
16|32|0|270|0.0|11.3|270|31.8|47.4|0.00|0.21|43.3031|17.9987
16|34|0|225|0.0|11.3|270|32.1|47.3|0.00|0.21|43.2972|18.7346
16|35|0|225|1.5|11.3|270|32.0|47.3|0.00|0.21|43.2984|18.7346
16|36|0|225|0.0|11.3|270|31.9|47.2|0.00|0.21|43.2984|17.9987
16|37|0|225|2.9|11.3|270|31.9|47.2|0.00|0.21|43.2965|17.9987
16|38|0|225|1.5|11.3|270|32.0|47.2|0.00|0.21|43.2973|18.7346
16|39|0|225|0.0|11.3|270|32.0|47.2|0.00|0.21|43.2974|18.7346
16|40|0|225|0.0|11.3|270|32.0|47.1|0.00|0.21|43.2962|18.7346
16|41|0|225|0.0|11.3|270|32.1|47.1|0.00|0.21|43.2969|18.7346
16|42|0|225|1.6|11.3|270|32.2|47.1|0.00|0.21|43.2994|18.7346
16|43|0|225|1.5|11.3|270|32.2|47.1|0.00|0.21|43.3006|18.7346
16|44|0|225|1.5|11.3|270|32.2|47.0|0.00|0.21|43.3005|18.7346
16|45|0|225|1.6|11.3|270|32.3|47.0|0.00|0.21|43.299|18.7346
16|47|0|225|0.0|11.3|270|32.3|47.0|0.00|0.21|43.2965|18.7346
16|48|0|225|0.0|11.3|270|32.2|46.8|0.00|0.21|43.2934|17.8582
16|49|0|225|0.0|11.3|270|32.1|46.8|0.00|0.21|43.2965|17.8582
16|50|0|225|1.5|11.3|270|32.3|46.7|0.00|0.21|43.2988|17.8582
16|52|0|180|1.5|11.3|270|32.5|46.7|0.00|0.21|43.3006|17.8582
16|53|0|180|0.0|11.3|270|32.5|46.6|0.00|0.21|43.2972|17.8582
16|54|0|180|0.0|11.3|270|32.5|46.6|0.00|0.21|43.2984|17.8582
16|55|0|180|0.0|11.3|270|32.5|46.5|0.00|0.21|43.2996|17.8582
16|56|0|180|1.5|11.3|270|32.7|46.5|0.00|0.21|43.3036|17.8582
16|57|0|180|1.5|11.3|270|32.8|46.4|0.00|0.21|43.3036|17.8582
16|58|0|180|0.0|11.3|270|32.9|46.4|0.00|0.21|43.3015|17.8582
16|59|0|180|0.0|11.3|270|32.9|46.3|0.00|0.21|43.3006|17.8582
17|00|0|180|0.0|11.3|270|32.8|46.3|0.00|0.21|43.2995|17.8582
17|01|0|180|0.0|11.3|270|32.9|46.2|0.00|0.21|43.302|17.8582
17|02|0|180|0.0|11.3|270|33.0|46.2|0.00|0.21|43.3018|18.571
17|03|0|180|0.0|11.3|270|33.1|46.2|0.00|0.21|43.3008|18.571
17|04|0|180|0.0|11.3|270|33.1|46.2|0.00|0.21|43.3013|18.571
17|05|0|180|0.0|11.3|270|33.2|46.1|0.00|0.21|43.2982|18.571
17|06|0|180|0.0|11.3|270|33.2|46.1|0.00|0.21|43.3003|18.571
17|08|0|180|0.0|11.3|270|33.3|46.0|0.00|0.21|43.3007|18.571
17|09|0|180|0.0|11.3|270|33.2|45.8|0.00|0.21|43.3012|17.6913
17|10|0|180|0.0|11.3|270|33.2|45.8|0.00|0.21|43.3022|17.6913
17|11|0|180|0.0|11.3|270|33.5|45.7|0.00|0.21|43.3012|17.6913
17|12|0|180|1.5|11.3|270|33.7|45.6|0.00|0.21|43.2998|17.6913
17|13|0|180|0.0|11.3|270|33.9|45.5|0.00|0.21|43.2976|17.6913
17|15|0|180|0.0|11.3|270|34.1|45.4|0.00|0.21|43.2948|18.3822
17|16|0|180|0.0|11.3|270|34.1|45.3|0.00|0.21|43.2958|18.3822
17|17|0|180|0.0|11.3|270|34.2|45.2|0.00|0.21|43.2973|18.3822
17|18|0|180|1.5|11.3|270|34.5|45.0|0.00|0.21|43.3|18.3822
17|19|0|180|1.5|11.3|270|34.7|45.0|0.00|0.21|43.3038|18.3822
17|20|0|180|0.0|11.3|270|34.8|44.9|0.00|0.21|43.3039|17.4994
17|23|0|180|1.5|11.3|270|35.1|44.7|0.00|0.21|43.3012|18.1696
17|24|0|180|0.0|11.3|270|35.2|44.6|0.00|0.21|43.3005|18.1696
17|25|0|180|0.0|11.3|270|35.2|44.6|0.00|0.21|43.3024|18.1696
17|26|0|180|0.0|11.3|270|35.3|44.5|0.00|0.21|43.3035|18.1696
17|27|0|180|0.0|11.3|270|35.3|44.5|0.00|0.21|43.3032|18.1696
17|29|0|180|0.0|11.3|270|35.4|44.4|0.00|0.21|43.3037|18.1696
17|30|0|180|1.5|11.3|270|35.5|44.3|0.00|0.21|43.3055|18.1696
17|31|0|180|1.5|11.3|270|35.7|44.2|0.00|0.21|43.3084|18.1696
17|32|0|180|0.0|11.3|270|35.9|44.0|0.00|0.21|43.3111|18.1696
17|33|0|180|0.0|11.3|270|36.1|44.0|0.00|0.21|43.3111|18.823
17|34|0|180|0.0|11.3|270|36.3|43.9|0.00|0.21|43.3079|17.9342
17|35|0|180|1.5|11.3|270|36.4|43.8|0.00|0.21|43.3056|17.9342
17|36|0|45|1.5|11.3|270|37.1|43.6|0.00|0.21|43.3053|18.569
17|37|0|45|0.0|11.3|270|37.3|43.5|0.00|0.21|43.308|18.569
17|38|0|45|0.0|11.3|270|37.2|43.4|0.00|0.21|43.31|18.569
17|39|0|45|0.0|11.3|270|37.0|43.2|0.00|0.21|43.3119|18.569
17|40|0|45|1.5|11.3|270|37.0|43.1|0.00|0.21|43.3107|18.569
17|41|0|90|1.5|11.3|270|37.0|43.0|0.00|0.21|43.3084|18.569
17|43|0|90|0.0|11.3|270|37.1|42.8|0.00|0.21|43.3107|17.6773
17|44|0|180|0.0|11.3|270|37.2|42.7|0.00|0.21|43.3107|17.6773
17|46|0|68|1.5|11.3|270|37.4|42.6|0.00|0.21|43.3067|17.6773
17|47|0|68|1.5|11.3|270|37.6|42.5|0.00|0.21|43.3028|17.6773
17|48|0|68|1.5|11.3|270|37.5|42.5|0.00|0.21|43.3035|17.6773
17|50|0|68|0.0|11.3|270|37.5|42.3|0.00|0.21|43.3045|17.6773
17|51|0|68|0.0|11.3|270|37.5|42.3|0.00|0.21|43.3067|17.6773
17|52|0|68|0.0|11.3|270|37.5|42.2|0.00|0.21|43.305|17.6773
17|53|0|68|0.0|11.3|270|37.5|42.1|0.00|0.21|43.3017|17.6773
17|54|0|68|0.0|11.3|270|37.6|42.1|0.00|0.21|43.302|17.6773
17|55|0|68|1.5|11.3|270|37.6|42.1|0.00|0.21|43.3008|17.6773
17|56|0|68|0.0|11.3|270|37.7|42.0|0.00|0.21|43.3039|17.6773
17|57|0|68|0.0|11.3|270|37.8|42.0|0.00|0.21|43.3023|17.6773
17|58|0|68|0.0|11.3|270|37.9|42.0|0.00|0.21|43.3039|17.6773
17|59|0|68|0.0|11.3|270|38.1|41.9|0.00|0.21|43.3029|17.3997
18|00|0|68|0.0|11.3|270|38.3|41.9|0.00|0.21|43.3045|17.3997
18|01|0|68|0.0|11.3|270|38.4|41.8|0.00|0.21|43.3057|17.3997
18|02|0|68|0.0|11.3|270|38.5|41.8|0.00|0.21|43.3071|17.3997
18|03|0|68|0.0|11.3|270|38.6|41.7|0.00|0.21|43.311|17.3997
18|05|0|90|0.0|11.3|270|38.6|41.6|0.00|0.21|43.3101|17.3997
18|06|0|90|0.0|11.3|270|38.8|41.6|0.00|0.21|43.3105|17.3997
18|07|0|90|1.5|11.3|270|38.9|41.6|0.00|0.21|43.3119|17.3997
18|08|0|90|0.0|11.3|270|39.1|41.5|0.00|0.21|43.3125|17.9998
18|10|0|90|0.0|11.3|270|39.2|41.5|0.00|0.21|43.3132|17.9998
18|11|0|90|0.0|11.3|270|39.3|41.5|0.00|0.21|43.3155|17.9998
18|12|0|90|0.0|11.3|270|39.2|41.3|0.00|0.21|43.3147|17.9998
18|13|0|90|0.0|11.3|270|39.2|41.3|0.00|0.21|43.315|17.9998
18|14|0|90|0.0|11.3|270|39.2|41.3|0.00|0.21|43.3147|17.9998
18|15|0|90|0.0|11.3|270|39.3|41.3|0.00|0.21|43.3164|17.9998
18|16|0|90|0.0|11.3|270|39.3|41.3|0.00|0.21|43.3182|17.9998
18|17|0|90|0.0|11.3|270|39.4|41.3|0.00|0.21|43.3187|17.9998
18|18|0|90|1.5|11.3|270|39.4|41.2|0.00|0.21|43.3163|17.9998
18|19|0|90|0.0|11.3|270|39.4|41.2|0.00|0.21|43.317|17.9998
18|20|0|90|0.0|11.3|270|39.5|41.2|0.00|0.21|43.318|17.9998
18|21|0|90|0.0|11.3|270|39.5|41.2|0.01|0.22|43.3195|17.9998
18|22|0|90|0.0|11.3|270|39.5|41.1|0.01|0.22|43.3181|17.9998
18|23|0|90|0.0|11.3|270|39.5|41.1|0.01|0.22|43.3179|17.9998
18|24|0|90|0.0|11.3|270|39.5|41.1|0.01|0.22|43.3182|17.9998
18|25|0|90|0.0|11.3|270|39.5|41.1|0.01|0.22|43.3166|17.9998
18|26|0|90|0.0|11.3|270|39.5|41.1|0.01|0.22|43.3171|17.9998
18|27|0|90|0.0|11.3|270|39.5|41.1|0.01|0.22|43.3174|17.9998
18|28|0|90|0.0|11.3|270|39.6|41.1|0.01|0.22|43.3189|17.9998
18|29|0|90|0.0|11.3|270|39.7|41.0|0.01|0.22|43.3187|17.9998
18|32|0|90|1.6|11.3|270|40.0|40.9|0.01|0.22|43.3192|17.6865
18|33|0|90|0.0|11.3|270|40.0|40.9|0.01|0.22|43.3188|17.6865
18|34|0|90|0.0|11.3|270|40.1|40.9|0.01|0.22|43.3161|17.6865
18|35|0|90|0.0|11.3|270|40.2|40.8|0.01|0.22|43.3179|17.6865
18|37|0|90|0.0|11.3|270|40.5|40.7|0.01|0.22|43.317|17.6865
18|38|0|90|0.0|11.3|270|40.6|40.7|0.01|0.22|43.315|17.6865
18|39|0|90|0.0|11.3|270|40.7|40.7|0.01|0.22|43.3147|17.6865
18|40|0|90|0.0|11.3|270|40.8|40.5|0.01|0.22|43.313|17.6865
18|41|0|90|0.0|11.3|270|40.8|40.5|0.01|0.22|43.3107|17.6865
18|42|0|90|0.0|11.3|270|40.8|40.5|0.01|0.22|43.3102|17.6865
18|43|0|90|0.0|11.3|270|40.9|40.4|0.01|0.22|43.3119|17.6865
18|44|0|225|1.5|11.3|270|40.9|40.3|0.01|0.22|43.3117|17.6865
18|46|0|180|0.0|11.3|270|41.3|40.2|0.01|0.22|43.3103|18.2578
18|47|0|90|1.6|11.3|270|41.4|40.2|0.01|0.22|43.3068|18.2578
18|48|0|90|1.5|11.3|270|41.5|40.0|0.01|0.22|43.3052|18.2578
18|50|0|90|0.0|11.3|270|41.5|40.0|0.01|0.22|43.3087|18.2578
18|51|0|225|2.9|11.3|270|41.8|39.9|0.01|0.22|43.312|17.3551
18|52|0|225|1.5|11.3|270|42.0|39.8|0.01|0.22|43.3154|17.9117
18|53|0|225|0.0|11.3|270|42.2|39.7|0.01|0.22|43.3114|17.9117
18|54|0|90|1.5|11.3|270|42.4|39.7|0.01|0.22|43.3085|17.9117
18|55|0|90|1.5|11.3|270|42.6|39.5|0.01|0.22|43.3061|17.9117
18|56|0|90|0.0|11.3|270|42.8|39.4|0.01|0.22|43.3099|17.9117
18|57|0|225|2.9|11.3|270|42.9|39.3|0.01|0.22|43.3141|17.9117
18|58|0|225|2.9|11.3|270|43.2|39.2|0.01|0.22|43.3159|18.4567
18|59|0|225|1.5|11.3|270|43.3|39.1|0.01|0.22|43.3126|18.4567
19|00|0|225|0.0|11.3|270|43.3|39.1|0.01|0.22|43.3105|18.4567
19|01|0|90|1.5|11.3|270|43.5|39.0|0.01|0.22|43.3087|18.4567
19|02|0|90|1.6|11.3|270|43.5|38.9|0.01|0.22|43.3105|17.549
19|03|0|180|3.2|11.3|270|43.8|38.7|0.01|0.22|43.3127|17.549
19|04|0|180|2.9|11.3|270|44.2|38.6|0.01|0.22|43.3178|18.0804
19|05|0|180|1.6|11.3|270|44.4|38.5|0.01|0.22|43.3214|18.0804
19|06|0|180|0.0|11.3|270|44.4|38.4|0.01|0.22|43.3178|18.0804
19|07|0|180|1.5|11.3|270|44.5|38.3|0.01|0.22|43.314|18.0804
19|08|0|45|1.6|11.3|270|44.7|38.2|0.01|0.22|43.3094|18.0804
19|09|0|45|2.9|11.3|270|44.8|38.2|0.01|0.22|43.3106|18.0804
19|10|0|90|3.2|11.3|270|45.9|38.0|0.01|0.22|43.3082|18.6013
19|12|0|90|3.2|11.3|270|48.2|37.6|0.01|0.22|43.3103|19.1852
19|13|0|90|1.5|11.3|270|47.7|37.5|0.01|0.22|43.3146|18.6958
19|14|0|225|3.2|11.3|270|47.5|37.3|0.01|0.22|43.3186|18.6958
19|15|0|225|1.5|11.3|270|48.2|37.2|0.01|0.22|43.3221|19.1852
19|16|0|225|2.9|11.3|270|48.3|37.1|0.01|0.22|43.3219|19.1852
19|18|0|90|1.5|11.3|270|47.9|37.0|0.01|0.22|43.3139|18.6958
19|19|0|90|1.5|11.3|270|48.0|36.8|0.01|0.22|43.3115|18.2659
19|20|0|90|0.0|11.3|270|48.0|36.7|0.01|0.22|43.3102|18.2659
19|21|0|180|2.9|11.3|270|48.0|36.6|0.00|0.22|43.314|18.2659
19|22|0|225|1.5|11.3|270|48.0|36.6|0.00|0.22|43.314|18.2659
19|23|0|225|0.0|11.3|270|48.0|36.6|0.00|0.22|43.3129|18.2659
19|24|0|0|1.5|11.3|270|48.0|36.6|0.00|0.22|43.3092|18.2659
19|25|0|0|1.6|11.3|270|48.1|36.5|0.00|0.22|43.3079|18.2659
19|26|0|0|0.0|11.3|270|48.1|36.5|0.00|0.22|43.3076|18.2659
19|27|0|0|0.0|11.3|270|48.1|36.5|0.00|0.22|43.3085|18.2659
19|29|0|0|1.5|11.3|270|48.4|36.4|0.00|0.22|43.3064|18.2659
19|30|0|45|1.5|11.3|270|48.6|36.4|0.00|0.22|43.3025|18.2659
19|32|0|45|0.0|11.3|270|48.5|36.3|0.00|0.22|43.3035|18.2659
19|33|0|135|1.6|11.3|270|48.6|36.3|0.00|0.22|43.3067|18.2659
19|34|0|180|1.5|11.3|270|48.8|36.2|0.00|0.22|43.3069|18.2659
19|35|0|180|1.5|11.3|270|48.9|36.2|0.00|0.22|43.3057|18.2659
19|36|0|45|1.6|11.3|270|49.0|36.2|0.00|0.22|43.3015|18.7441
19|37|0|90|1.5|11.3|270|49.0|36.0|0.00|0.22|43.3012|18.7441
19|39|0|90|0.0|11.3|270|48.8|36.0|0.00|0.22|43.3029|18.2659
19|40|0|90|0.0|11.3|270|48.8|36.0|0.00|0.22|43.2985|18.2659
19|41|0|90|1.5|11.3|270|48.8|36.0|0.00|0.22|43.298|18.2659
19|42|0|68|1.5|11.3|270|48.9|36.0|0.00|0.22|43.2973|18.2659
19|43|0|68|0.0|11.3|270|49.0|35.9|0.00|0.22|43.3023|17.8225
19|45|0|203|1.5|11.3|270|49.0|35.9|0.00|0.22|43.3052|17.8225
19|46|0|225|1.5|11.3|270|49.1|35.9|0.00|0.22|43.3051|17.8225
19|47|0|225|0.0|11.3|270|49.2|35.9|0.00|0.22|43.3053|17.8225
19|48|0|225|0.0|11.3|270|49.0|35.8|0.00|0.22|43.3007|17.8225
19|49|0|45|1.6|11.3|270|49.0|35.8|0.00|0.22|43.2972|17.8225
19|51|0|90|2.9|11.3|270|48.9|35.8|0.00|0.22|43.2943|17.3463
19|52|0|90|1.6|11.3|270|48.9|35.8|0.00|0.22|43.2968|17.3463
19|53|0|225|1.5|11.3|270|49.1|35.8|0.00|0.22|43.2988|17.8225
19|54|0|225|2.9|11.3|270|49.2|35.8|0.00|0.22|43.3028|17.8225
19|55|0|225|2.9|11.3|270|49.3|35.9|0.00|0.22|43.3031|17.8225
19|56|0|225|0.0|11.3|270|49.2|35.9|0.00|0.22|43.3005|17.8225
19|57|0|45|2.9|11.3|270|49.1|35.9|0.00|0.22|43.2931|17.8225
19|58|0|45|2.9|11.3|270|48.9|35.9|0.00|0.22|43.2901|17.3463
19|59|0|90|1.6|11.3|270|49.0|35.9|0.00|0.22|43.2918|17.8225
20|00|0|135|1.5|11.3|270|49.5|35.8|0.00|0.22|43.2985|17.8225
20|01|0|180|3.2|11.3|270|49.6|35.8|0.00|0.22|43.3039|17.8225
20|02|0|203|1.5|11.3|270|49.5|35.7|0.00|0.22|43.303|17.8225
20|03|0|203|0.0|11.3|270|49.3|35.7|0.00|0.22|43.298|17.8225
20|05|0|68|1.5|11.3|270|49.2|35.7|0.00|0.22|43.2949|17.8225
20|06|0|45|2.9|11.3|270|49.1|35.7|0.00|0.22|43.2913|17.8225
20|07|0|90|1.5|11.3|270|49.1|35.6|0.00|0.22|43.289|17.8225
20|09|0|225|2.9|11.3|270|49.1|35.6|0.00|0.22|43.2967|17.8225
20|10|0|225|1.5|11.3|270|49.3|35.6|0.00|0.22|43.2989|17.8225
20|11|0|180|1.5|11.3|270|49.4|35.6|0.00|0.22|43.2981|17.8225
20|12|0|135|1.6|11.3|270|49.4|35.6|0.00|0.22|43.2958|17.8225
20|13|0|90|2.9|11.3|270|49.5|35.5|0.00|0.22|43.2923|17.8225
20|14|0|68|3.2|11.3|270|49.5|35.5|0.00|0.22|43.2908|17.8225
20|15|0|90|1.6|11.3|270|49.5|35.4|0.00|0.22|43.2926|17.8225
20|16|0|225|1.5|11.3|270|49.5|35.4|0.00|0.22|43.295|17.8225
20|17|0|225|1.6|11.3|270|49.5|35.4|0.00|0.22|43.2969|17.8225
20|18|0|225|0.0|11.3|270|49.6|35.4|0.00|0.22|43.2974|17.8225
20|19|0|225|1.5|11.3|270|49.7|35.3|0.00|0.22|43.2936|17.8225
20|20|0|90|1.5|11.3|270|49.9|35.3|0.00|0.22|43.2894|17.8225
20|21|0|45|2.9|11.3|270|49.9|35.2|0.00|0.22|43.2868|17.8225
20|22|0|45|0.0|11.3|270|49.9|35.2|0.00|0.22|43.2894|17.8225
20|23|0|225|4.4|11.3|270|49.9|35.0|0.00|0.22|43.2924|17.8225
20|24|0|225|4.4|11.3|270|50.3|35.0|0.01|0.23|43.2974|18.2901
20|26|0|225|1.5|11.3|270|50.6|34.9|0.01|0.23|43.2957|17.3662
20|27|0|179|1.6|11.3|270|50.5|34.9|0.01|0.23|43.2876|17.3662
20|28|0|68|4.4|11.3|270|50.5|34.9|0.01|0.23|43.2845|17.3662
20|29|0|135|4.4|11.3|270|50.6|34.7|0.01|0.23|43.2785|17.3662
20|31|0|180|1.5|11.3|270|50.8|34.6|0.01|0.23|43.2844|17.3662
20|32|0|225|2.9|11.3|270|50.8|34.6|0.01|0.23|43.29|17.3662
20|33|0|180|1.5|11.3|270|51.0|34.6|0.01|0.23|43.2945|17.8235
20|34|0|135|1.5|11.3|270|51.0|34.6|0.01|0.23|43.2907|17.8235
20|35|0|45|1.6|11.3|270|51.0|34.6|0.01|0.23|43.2883|17.8235
20|36|0|90|1.5|11.3|270|51.0|34.6|0.01|0.23|43.289|17.8235
20|37|0|225|2.9|11.3|270|50.9|34.6|0.01|0.23|43.2966|17.3662
20|38|0|225|3.2|11.3|270|51.0|34.6|0.01|0.23|43.2983|17.8235
20|39|0|225|2.9|11.3|270|51.3|34.5|0.01|0.23|43.2979|17.8235
20|40|0|90|1.6|11.3|270|51.4|34.5|0.01|0.23|43.2885|17.8235
20|41|0|45|4.4|11.3|270|51.5|34.5|0.01|0.23|43.2782|17.8235
20|42|0|45|4.4|11.3|270|51.9|34.2|0.01|0.23|43.2733|17.8235
20|43|0|45|1.5|11.3|270|53.7|34.2|0.01|0.23|43.276|18.7147
20|44|0|90|0.0|11.3|270|54.9|34.1|0.02|0.24|43.2825|19.1491
20|45|0|225|2.9|11.3|270|54.8|34.0|0.02|0.24|43.2856|19.1491
20|46|0|225|1.5|3.2|225|54.3|33.9|0.02|0.00|43.2936|18.2171
20|48|0|225|1.6|4.8|225|53.8|33.9|0.02|0.00|43.2964|17.7846
20|49|0|180|1.5|4.8|225|53.4|33.8|0.02|0.00|43.2941|17.7846
20|50|0|180|0.0|4.8|225|53.2|33.8|0.02|0.00|43.2901|17.7846
20|51|0|90|0.0|4.8|225|53.1|33.8|0.02|0.00|43.2887|17.7846
20|52|0|180|2.9|4.8|225|53.2|33.8|0.02|0.00|43.2918|17.7846
20|53|0|180|1.5|4.8|225|53.2|33.7|0.02|0.00|43.2841|17.7846
20|54|0|90|2.9|4.8|225|53.3|33.7|0.02|0.00|43.279|17.7846
20|55|0|45|3.2|5.8|90|53.3|33.7|0.01|0.00|43.2753|17.7846
20|56|0|45|2.9|5.8|90|53.5|33.7|0.01|0.00|43.2739|17.7846
20|57|0|68|1.5|5.8|90|53.9|33.7|0.01|0.00|43.279|17.7846
20|58|0|225|1.5|5.8|90|53.7|33.6|0.01|0.00|43.2854|17.7846
20|59|0|225|1.5|5.8|90|53.7|33.6|0.01|0.00|43.2883|17.7846
21|00|0|225|0.0|5.8|90|53.9|33.6|0.01|0.00|43.2894|17.7846
21|01|0|225|1.5|5.8|90|53.9|33.6|0.01|0.00|43.2894|17.7846
21|02|0|225|0.0|5.8|90|53.8|33.6|0.01|0.00|43.288|17.7846
21|03|0|225|0.0|5.8|90|53.7|33.6|0.01|0.00|43.2867|17.7846
21|04|0|225|1.5|5.8|90|53.7|33.6|0.01|0.00|43.2855|17.7846
21|05|0|225|0.0|5.8|90|53.6|33.6|0.01|0.00|43.2828|17.7846
21|06|0|225|1.5|5.8|90|53.6|33.6|0.01|0.00|43.2831|17.7846
21|09|0|225|0.0|5.8|90|53.7|33.5|0.01|0.00|43.2821|17.7846
21|10|0|225|1.5|5.8|90|53.7|33.5|0.01|0.00|43.2845|17.7846
21|11|0|225|1.5|5.8|90|53.7|33.5|0.01|0.00|43.2859|17.7846
21|12|0|225|0.0|5.8|90|53.6|33.5|0.01|0.00|43.2847|17.7846
21|13|0|225|1.5|5.8|90|53.6|33.3|0.01|0.00|43.2854|17.7846
21|14|0|180|1.6|5.8|90|53.9|33.3|0.01|0.00|43.2854|17.7846
21|15|0|180|0.0|5.8|90|54.0|33.3|0.01|0.00|43.285|18.2171
21|16|0|180|0.0|5.8|90|53.9|33.3|0.01|0.00|43.2832|17.7846
21|17|0|225|1.5|5.8|90|53.9|33.3|0.01|0.00|43.2864|17.7846
21|18|0|225|2.9|5.8|90|54.0|33.3|0.01|0.00|43.2917|18.2171
21|20|0|225|1.5|5.8|90|54.1|33.3|0.01|0.00|43.2837|18.2171
21|21|0|45|2.9|5.8|90|54.2|33.3|0.01|0.00|43.2757|18.2171
21|23|0|225|0.0|5.8|90|56.1|33.1|0.01|0.00|43.2778|19.0612
21|24|0|225|2.9|5.8|90|56.2|33.0|0.01|0.00|43.2852|19.0612
21|25|0|225|3.2|5.8|90|55.7|32.9|0.01|0.00|43.2879|17.7084
21|26|0|225|0.0|5.8|90|55.4|32.9|0.01|0.00|43.2827|17.7084
21|27|0|45|3.2|5.8|90|55.3|32.9|0.01|0.00|43.2738|17.7084
21|29|0|45|2.9|5.8|90|55.4|32.8|0.01|0.00|43.2686|17.7084
21|30|0|180|2.9|5.8|90|56.0|32.7|0.01|0.00|43.2733|18.1251
21|32|0|225|3.2|5.8|90|56.0|32.7|0.01|0.00|43.2869|18.1251
21|33|0|180|1.5|5.8|90|55.9|32.7|0.01|0.00|43.2845|17.7084
21|34|0|45|4.4|5.8|90|55.8|32.7|0.01|0.00|43.2742|17.7084
21|35|0|90|1.6|5.8|90|55.8|32.7|0.01|0.00|43.2717|17.7084
21|36|0|90|2.9|5.8|90|55.9|32.6|0.00|0.00|43.2735|17.7084
21|37|0|90|0.0|5.8|90|55.9|32.7|0.00|0.00|43.2798|17.7084
21|38|0|225|2.9|5.8|90|55.8|32.6|0.00|0.00|43.2834|17.7084
21|39|0|225|2.9|5.8|90|55.9|32.7|0.00|0.00|43.2865|17.7084
21|40|0|113|1.6|5.8|90|55.9|32.7|0.00|0.00|43.2838|17.7084
21|41|0|90|1.5|5.8|90|55.9|32.7|0.00|0.00|43.2772|17.7084
21|42|0|180|1.5|5.8|90|56.0|32.7|0.00|0.00|43.2846|18.1251
21|43|0|225|4.4|5.8|90|56.1|32.7|0.00|0.00|43.2917|18.1251
21|44|0|225|2.9|5.8|90|56.1|32.6|0.00|0.00|43.2919|18.1251
21|45|0|270|0.0|5.8|90|56.1|32.7|0.00|0.00|43.2899|18.1251
21|46|0|90|0.0|5.8|90|56.0|32.7|0.00|0.00|43.2849|18.1251
21|47|0|90|4.4|5.8|90|56.0|32.7|0.00|0.00|43.2739|18.1251
21|49|0|90|4.8|7.3|90|56.1|32.6|0.00|0.00|43.2706|18.1251
21|50|0|45|2.9|7.3|90|56.2|32.5|0.00|0.00|43.2702|18.1251
21|51|0|225|4.8|7.3|90|56.2|32.5|0.00|0.00|43.2793|18.1251
21|52|0|270|4.4|7.3|90|56.4|32.3|0.00|0.00|43.2878|18.1251
21|54|0|90|4.4|7.3|90|56.5|32.3|0.00|0.00|43.275|18.1251
21|55|0|45|4.4|7.3|90|56.6|32.1|0.00|0.00|43.265|18.1251
21|56|0|45|1.6|7.3|90|56.8|32.1|0.00|0.00|43.2634|18.1251
21|57|0|180|1.5|7.3|90|57.1|32.0|0.01|0.01|43.2717|18.5353
21|58|0|225|4.8|7.3|90|57.1|31.9|0.01|0.01|43.2757|17.5973
21|59|0|248|3.2|7.3|90|57.2|31.9|0.01|0.01|43.2756|17.5973
22|00|0|225|1.5|7.3|90|57.3|31.8|0.01|0.01|43.2759|17.5973
22|01|0|90|1.6|7.3|90|57.3|31.9|0.01|0.01|43.2749|17.5973
22|02|0|90|1.5|7.3|90|57.3|31.8|0.01|0.01|43.2687|17.5973
22|03|0|315|1.5|7.3|90|57.4|31.8|0.01|0.01|43.2745|17.5973
22|04|0|270|1.5|7.3|90|57.3|31.7|0.01|0.01|43.2765|17.5973
22|05|0|180|2.9|7.3|90|57.2|31.7|0.01|0.01|43.2818|17.5973
22|06|0|180|3.2|7.3|90|57.6|31.5|0.01|0.01|43.2853|17.5973
22|07|0|135|2.9|7.3|90|57.8|31.5|0.01|0.01|43.2804|17.5973
22|08|0|45|0.0|7.3|90|57.9|31.4|0.01|0.01|43.2766|17.5973
22|09|0|270|3.2|7.3|90|58.1|31.4|0.01|0.01|43.2814|17.9993
22|11|0|180|1.5|7.3|90|58.1|31.4|0.01|0.01|43.284|17.9993
22|12|0|135|2.9|7.3|90|58.2|31.4|0.01|0.01|43.2762|17.9993
22|13|0|90|1.6|7.3|90|58.6|31.3|0.01|0.01|43.275|17.9993
22|14|0|180|5.8|7.3|90|58.8|31.2|0.01|0.01|43.2825|17.9993
22|15|0|225|3.2|7.3|90|59.1|31.2|0.01|0.01|43.2893|18.3953
22|16|0|225|1.5|7.3|90|59.2|31.2|0.01|0.01|43.2806|18.3953
22|17|0|45|3.2|7.3|90|59.2|31.2|0.01|0.01|43.2672|18.3953
22|18|0|0|2.9|7.3|90|59.3|31.2|0.01|0.01|43.2696|18.3953
22|19|0|270|1.5|7.3|90|59.6|31.2|0.01|0.01|43.2771|18.3953
22|20|0|225|2.9|7.3|90|59.6|31.1|0.01|0.01|43.2815|18.3953
22|21|0|225|0.0|7.3|90|59.5|31.1|0.01|0.01|43.2836|18.3953
22|23|0|45|4.4|7.3|90|59.7|31.0|0.01|0.01|43.2598|18.3953
22|24|0|0|1.5|7.3|90|60.6|31.0|0.01|0.01|43.2672|18.7853
22|25|0|225|3.2|7.3|90|61.3|31.0|0.01|0.01|43.2785|19.1695
22|26|0|270|1.5|7.3|90|60.9|31.0|0.01|0.01|43.2788|18.7853
22|27|0|225|0.0|7.3|90|60.4|31.0|0.01|0.01|43.2739|18.7853
22|28|0|45|0.0|7.3|90|60.1|31.0|0.01|0.01|43.2733|18.7853
22|30|0|270|1.5|7.3|90|59.9|31.0|0.01|0.01|43.276|18.3953
22|32|0|315|2.9|7.3|90|59.9|31.0|0.01|0.01|43.272|18.3953
22|33|0|315|0.0|7.3|90|59.9|31.0|0.01|0.01|43.2748|18.3953
22|34|0|315|0.0|7.3|90|59.7|31.0|0.01|0.01|43.2749|18.3953
22|35|0|315|0.0|7.3|90|59.5|31.0|0.01|0.01|43.2762|18.3953
22|36|0|270|1.5|7.3|90|59.5|30.9|0.01|0.01|43.2769|17.4535
22|37|0|270|4.4|7.3|90|59.6|30.9|0.01|0.01|43.2767|17.4535
22|38|0|248|1.6|7.3|90|59.8|30.9|0.01|0.01|43.2809|17.4535
22|39|0|248|0.0|7.3|90|59.8|30.9|0.01|0.01|43.2776|17.4535
22|40|0|45|1.5|7.3|90|59.9|30.9|0.01|0.01|43.271|17.4535
22|41|0|0|1.6|7.3|90|59.9|30.9|0.01|0.01|43.2699|17.4535
22|42|0|270|2.9|7.3|90|60.1|30.9|0.01|0.01|43.2752|17.8417
22|43|0|270|3.2|7.3|90|60.1|30.8|0.01|0.01|43.276|17.8417
22|44|0|270|1.5|7.3|90|60.1|30.8|0.01|0.01|43.2779|17.8417
22|45|0|270|0.0|7.3|90|60.1|30.8|0.01|0.01|43.2759|17.8417
22|46|0|0|1.5|7.3|90|60.1|30.8|0.01|0.01|43.2739|17.8417
22|47|0|0|1.5|7.3|90|60.4|30.8|0.01|0.01|43.2699|17.8417
22|49|0|225|2.9|7.3|90|60.4|30.8|0.01|0.01|43.2785|17.8417
22|50|0|225|1.5|7.3|90|60.5|30.8|0.01|0.01|43.2773|17.8417
22|52|0|0|3.2|7.3|90|60.5|30.8|0.01|0.01|43.2718|17.8417
22|53|0|0|2.9|7.3|90|60.6|30.8|0.01|0.01|43.2679|17.8417
22|54|0|315|1.5|7.3|90|61.0|30.8|0.01|0.01|43.2734|18.2242
22|55|0|225|1.5|7.3|90|61.1|30.9|0.01|0.01|43.2782|18.2242
22|56|0|225|0.0|7.3|90|61.0|30.9|0.01|0.01|43.2745|18.2242
22|58|0|225|0.0|7.3|90|60.5|31.0|0.00|0.01|43.2714|18.7853
22|59|0|315|1.5|7.3|90|60.4|31.0|0.00|0.01|43.2751|18.7853
23|00|0|270|2.9|7.3|90|60.6|31.0|0.00|0.01|43.2737|18.7853
23|01|0|315|2.9|7.3|90|60.6|31.1|0.00|0.01|43.2741|18.7853
23|02|0|315|1.5|7.3|90|60.6|31.1|0.00|0.01|43.2733|18.7853
23|03|0|315|1.5|7.3|90|60.4|31.2|0.00|0.01|43.2751|18.7853
23|06|0|315|1.5|7.3|90|60.2|31.3|0.00|0.01|43.2678|18.7853
23|07|0|315|1.5|7.3|90|60.1|31.4|0.00|0.01|43.2698|18.7853
23|10|0|0|1.5|7.3|90|59.8|31.5|0.00|0.01|43.2644|18.3953
23|11|0|0|1.6|7.3|90|59.8|31.5|0.00|0.01|43.2604|18.3953
23|12|0|0|1.5|7.3|90|59.7|31.5|0.00|0.01|43.2622|18.3953
23|13|0|270|2.9|7.3|90|59.6|31.5|0.00|0.01|43.267|18.3953
23|14|0|270|1.6|7.3|90|59.4|31.5|0.00|0.01|43.2665|18.3953
23|15|0|270|1.5|7.3|90|59.2|31.5|0.00|0.01|43.2615|18.3953
23|16|0|0|1.5|7.3|90|59.1|31.7|0.00|0.01|43.2606|18.3953
23|17|0|0|1.5|7.3|90|59.1|31.5|0.00|0.01|43.2572|18.3953
23|18|0|315|1.5|7.3|90|59.0|31.7|0.00|0.01|43.2599|18.3953
23|19|0|315|1.6|7.3|90|59.1|31.5|0.00|0.01|43.2561|18.3953
23|20|0|315|1.5|7.3|90|59.0|31.5|0.00|0.01|43.252|18.3953
23|21|0|315|0.0|7.3|90|58.9|31.5|0.00|0.01|43.2559|17.9993
23|23|0|225|0.0|7.3|90|59.0|31.4|0.00|0.01|43.2647|18.3953
23|24|0|315|1.6|7.3|90|59.0|31.4|0.00|0.01|43.2572|18.3953
23|25|0|0|1.5|7.3|90|59.1|31.3|0.00|0.01|43.2502|18.3953
23|26|0|23|0.0|7.3|90|59.1|31.3|0.00|0.01|43.2529|18.3953
23|27|0|23|0.0|7.3|90|59.1|31.3|0.00|0.01|43.257|18.3953
23|30|0|225|1.6|7.3|90|59.1|31.2|0.00|0.01|43.2622|18.3953
23|33|0|45|0.0|7.3|90|59.2|31.2|0.00|0.01|43.2575|18.3953
23|34|0|45|1.5|7.3|90|59.2|31.2|0.00|0.01|43.2544|18.3953
23|35|0|45|1.5|7.3|90|59.2|31.2|0.00|0.01|43.2553|18.3953
23|36|0|45|0.0|7.3|90|59.3|31.2|0.01|0.02|43.2586|18.3953
23|38|0|45|0.0|7.3|90|59.2|31.1|0.01|0.02|43.2583|18.3953
23|39|0|45|0.0|7.3|90|59.2|31.0|0.01|0.02|43.2603|18.3953
23|41|0|45|0.0|7.3|90|59.3|31.0|0.01|0.02|43.2586|18.3953
23|42|0|45|0.0|7.3|90|59.3|31.0|0.01|0.02|43.2545|18.3953
23|43|0|45|1.6|7.3|90|59.5|31.0|0.01|0.02|43.2539|18.3953
23|44|0|45|1.5|7.3|90|59.7|31.0|0.01|0.02|43.2565|18.3953
23|45|0|225|1.5|7.3|90|59.7|30.9|0.01|0.02|43.2587|17.4535
23|46|0|270|0.0|7.3|90|59.7|30.9|0.01|0.02|43.2552|17.4535
23|48|0|270|1.5|7.3|90|59.7|30.9|0.01|0.02|43.2519|17.4535
23|49|0|270|0.0|7.3|90|59.6|30.9|0.01|0.02|43.2538|17.4535
23|50|0|270|0.0|7.3|90|59.5|30.9|0.01|0.02|43.2558|17.4535
23|51|0|270|0.0|7.3|90|59.5|30.8|0.01|0.02|43.2559|17.4535
23|52|0|270|0.0|7.3|90|59.6|30.8|0.01|0.02|43.2547|17.4535
23|55|0|45|1.6|7.3|90|59.8|30.6|0.01|0.02|43.2496|17.4535
23|56|0|45|1.5|7.3|90|60.0|30.5|0.01|0.02|43.2536|17.8417
23|57|0|225|3.2|7.3|90|60.0|30.5|0.01|0.02|43.2542|17.8417
23|58|0|225|0.0|7.3|90|60.1|30.4|0.01|0.02|43.2519|17.8417
23|59|0|225|0.0|7.3|90|60.2|30.4|0.01|0.02|43.2464|17.8417
