00|00|0|180|0.0|22.5|135|43.6|64.1|0.00|0.00|43.6458|41.085
00|02|0|90|4.8|22.5|135|43.7|64.0|0.00|0.00|43.6464|41.085
00|03|0|45|1.6|22.5|135|43.8|63.8|0.00|0.00|43.6443|40.1822
00|04|0|45|2.9|22.5|135|43.9|63.8|0.00|0.00|43.6451|40.1822
00|05|0|90|1.6|22.5|135|44.0|63.7|0.00|0.00|43.6452|40.7736
00|06|0|135|3.2|22.5|135|44.1|63.7|0.00|0.00|43.6448|40.7736
00|07|0|135|1.6|22.5|135|44.2|63.6|0.00|0.00|43.6442|40.7736
00|08|0|90|2.9|22.5|135|44.3|63.5|0.00|0.00|43.6457|40.7736
00|09|0|0|2.9|22.5|135|44.5|63.5|0.00|0.00|43.6438|40.7736
00|10|0|90|0.0|22.5|135|44.6|63.4|0.00|0.00|43.643|40.7736
00|11|0|90|4.4|22.5|135|44.8|63.4|0.00|0.00|43.6446|40.7736
00|12|0|90|1.5|22.5|135|45.0|63.3|0.00|0.00|43.6414|41.3533
00|14|0|90|4.4|22.5|135|45.2|63.2|0.00|0.00|43.6429|41.3533
00|15|0|90|1.6|22.5|135|45.5|63.0|0.00|0.00|43.6386|41.3533
00|16|0|135|5.8|22.5|135|45.7|63.0|0.00|0.00|43.6415|41.3533
00|17|0|158|1.5|22.5|135|45.9|63.0|0.00|0.00|43.6418|41.3533
00|18|0|180|4.4|22.5|135|46.0|62.9|0.00|0.00|43.6402|41.0115
00|19|0|135|1.5|22.5|135|46.2|62.8|0.00|0.00|43.6384|41.0115
00|20|0|225|4.4|22.5|135|46.5|62.8|0.00|0.00|43.6416|41.0115
00|21|0|90|1.5|22.5|135|46.6|62.7|0.00|0.00|43.6397|41.0115
00|22|0|113|5.8|22.5|135|46.7|62.6|0.00|0.00|43.6378|41.0115
00|23|0|135|4.8|22.5|135|47.0|62.5|0.00|0.00|43.6375|41.5668
00|24|0|135|3.2|22.5|135|47.1|62.5|0.00|0.00|43.6359|41.5668
00|25|0|68|3.2|22.5|135|47.3|62.5|0.00|0.00|43.6371|41.5668
00|26|0|90|5.8|22.5|135|47.4|62.5|0.00|0.00|43.6359|41.5668
00|27|0|135|4.4|22.5|135|47.5|62.4|0.00|0.00|43.634|41.5668
00|28|0|135|4.4|22.5|135|47.6|62.4|0.00|0.00|43.6341|41.5668
00|30|0|135|5.8|22.5|135|47.6|62.3|0.00|0.00|43.6318|41.5668
00|31|0|180|5.8|22.5|135|47.7|62.3|0.00|0.00|43.6326|41.5668
00|32|0|90|4.8|22.5|135|47.8|62.3|0.00|0.00|43.6337|41.5668
00|33|0|135|3.2|22.5|135|47.9|62.2|0.00|0.00|43.6318|41.5668
00|34|0|135|5.8|22.5|135|48.0|62.2|0.00|0.00|43.6332|42.1118
00|36|0|135|4.4|22.5|135|48.0|62.2|0.00|0.00|43.6326|42.1118
00|38|0|315|2.9|22.5|135|48.0|62.2|0.00|0.00|43.6312|42.1118
00|39|0|45|3.2|22.5|135|48.1|62.2|0.00|0.00|43.6323|42.1118
00|40|0|180|2.9|22.5|135|48.0|62.2|0.00|0.00|43.631|42.1118
00|41|0|180|5.8|22.5|135|48.0|62.2|0.00|0.00|43.6318|42.1118
00|43|0|90|2.9|22.5|135|48.2|62.2|0.00|0.00|43.631|42.1118
00|44|0|0|4.4|22.5|135|48.2|62.2|0.00|0.00|43.6275|42.1118
00|47|0|135|4.4|22.5|135|48.2|62.2|0.00|0.00|43.6291|42.1118
00|48|0|135|2.9|22.5|135|48.3|62.2|0.00|0.00|43.6294|42.1118
00|49|0|113|2.9|22.5|135|48.3|62.0|0.00|0.00|43.6273|42.1118
00|50|0|180|7.3|22.5|135|48.3|61.9|0.00|0.00|43.625|41.1968
00|51|0|45|3.2|22.5|135|48.3|61.9|0.00|0.00|43.6262|41.1968
00|52|0|90|5.8|22.5|135|48.2|61.9|0.00|0.00|43.6266|41.1968
00|53|0|180|2.9|22.5|135|48.1|61.9|0.00|0.00|43.6283|41.1968
00|54|0|135|5.8|22.5|135|48.1|61.9|0.00|0.00|43.6267|41.1968
00|56|0|90|3.2|22.5|135|48.1|61.9|0.00|0.00|43.6283|41.1968
00|57|0|135|2.9|22.5|135|48.1|61.8|0.00|0.00|43.6278|41.1968
00|58|0|90|2.9|22.5|135|48.1|61.8|0.00|0.00|43.6292|41.1968
00|59|0|135|2.9|22.5|135|48.2|61.8|0.00|0.00|43.6292|41.1968
01|00|0|135|1.5|22.5|135|48.1|61.7|0.00|0.00|43.6309|41.1968
01|01|0|135|8.7|22.5|135|48.1|61.7|0.00|0.00|43.6295|41.1968
01|02|0|90|2.9|22.5|135|48.1|61.7|0.00|0.00|43.6321|41.1968
01|03|0|90|3.2|22.5|135|48.1|61.7|0.00|0.00|43.6317|41.1968
01|04|0|135|4.4|22.5|135|48.2|61.7|0.00|0.00|43.6284|41.1968
01|06|0|90|5.8|22.5|135|48.2|61.6|0.00|0.00|43.6296|41.1968
01|07|0|45|3.2|22.5|135|48.3|61.6|0.00|0.00|43.6268|41.1968
01|08|0|90|6.4|22.5|135|48.1|61.6|0.00|0.00|43.6269|41.1968
01|09|0|135|5.8|22.5|135|48.1|61.5|0.00|0.00|43.6247|41.1968
01|10|0|135|9.7|22.5|135|48.2|61.6|0.00|0.00|43.6242|41.1968
01|11|0|45|1.5|22.5|135|48.1|61.5|0.00|0.00|43.6232|41.1968
01|12|0|315|4.4|22.5|135|48.1|61.4|0.00|0.00|43.6237|41.1968
01|13|0|0|3.2|22.5|135|48.2|61.4|0.00|0.00|43.6243|41.1968
01|14|0|158|7.3|22.5|135|48.2|61.4|0.00|0.00|43.6251|41.1968
01|15|0|68|4.4|22.5|135|48.3|61.4|0.00|0.00|43.6269|41.1968
01|17|0|90|2.9|22.5|135|48.3|61.2|0.00|0.00|43.6264|41.1968
01|18|0|135|2.9|22.5|135|48.2|61.2|0.00|0.00|43.6275|41.1968
01|19|0|90|1.5|22.5|135|48.3|61.2|0.00|0.00|43.6286|41.1968
01|21|0|90|4.4|22.5|135|48.5|61.1|0.00|0.00|43.6267|41.1968
01|22|0|113|7.3|22.5|135|48.4|61.1|0.00|0.00|43.63|41.1968
01|23|0|90|4.4|22.5|135|48.4|61.0|0.00|0.00|43.6278|41.1968
01|24|0|45|8.7|22.5|135|48.4|61.0|0.00|0.00|43.6273|41.1968
01|25|0|90|5.8|22.5|135|48.4|60.9|0.00|0.00|43.6257|40.2817
01|26|0|135|4.4|22.5|135|48.5|60.9|0.00|0.00|43.6253|40.2817
01|27|0|45|2.9|22.5|135|48.5|60.9|0.00|0.00|43.6292|40.2817
01|28|0|135|4.4|22.5|135|48.4|60.8|0.00|0.00|43.6294|40.2817
01|29|0|135|4.8|22.5|135|48.5|60.8|0.00|0.00|43.6298|40.2817
01|31|0|90|8.7|22.5|135|48.5|60.9|0.00|0.00|43.63|40.2817
01|33|0|135|3.2|22.5|135|48.4|60.9|0.00|0.00|43.6311|40.2817
01|34|0|135|2.9|22.5|135|48.5|60.9|0.00|0.00|43.6286|40.2817
01|35|0|90|2.9|22.5|135|48.4|60.9|0.00|0.00|43.6275|40.2817
01|36|0|90|4.4|22.5|135|48.5|60.8|0.00|0.00|43.627|40.2817
01|37|0|135|2.9|22.5|135|48.5|60.8|0.00|0.00|43.6269|40.2817
01|38|0|45|2.9|22.5|135|48.6|60.9|0.00|0.00|43.6279|40.2817
01|39|0|180|2.9|22.5|135|48.6|60.9|0.00|0.00|43.6283|40.2817
01|41|0|90|3.2|22.5|135|48.7|60.9|0.00|0.00|43.6274|40.2817
01|42|0|158|4.4|22.5|135|48.7|60.8|0.00|0.00|43.6271|40.2817
01|43|0|135|3.2|22.5|135|48.7|60.9|0.00|0.00|43.6283|40.2817
01|44|0|90|7.3|22.5|135|48.8|60.9|0.00|0.00|43.6278|40.2817
01|45|0|45|1.5|22.5|135|48.9|60.8|0.00|0.00|43.6271|40.2817
01|47|0|45|4.4|22.5|135|49.0|60.8|0.00|0.00|43.6291|40.8123
01|48|0|135|2.9|22.5|135|48.9|60.8|0.00|0.00|43.6263|40.2817
01|49|0|45|2.9|22.5|135|49.0|60.8|0.00|0.00|43.6284|40.8123
01|50|0|180|4.4|22.5|135|49.1|60.7|0.00|0.00|43.6267|40.8123
01|51|0|135|3.2|22.5|135|49.1|60.7|0.00|0.00|43.6296|40.8123
01|52|0|90|2.9|22.5|135|49.1|60.7|0.00|0.00|43.631|40.8123
01|53|0|135|5.8|22.5|135|49.2|60.7|0.00|0.00|43.6299|40.8123
01|54|0|135|5.8|22.5|135|49.2|60.6|0.00|0.00|43.633|40.8123
01|55|0|90|4.8|22.5|135|49.2|60.6|0.00|0.00|43.6325|40.8123
01|56|0|135|4.8|22.5|135|49.2|60.6|0.00|0.00|43.6335|40.8123
01|57|0|135|4.8|22.5|135|49.1|60.6|0.00|0.00|43.631|40.8123
01|59|0|180|8.7|22.5|135|49.1|60.7|0.00|0.00|43.6339|40.8123
02|00|0|113|8.7|22.5|135|49.0|60.7|0.00|0.00|43.6315|40.8123
02|01|0|225|2.9|22.5|135|48.6|60.7|0.00|0.00|43.6339|40.2817
02|02|0|135|3.2|22.5|135|48.6|60.7|0.00|0.00|43.6352|40.2817
02|04|0|225|1.6|22.5|135|48.5|60.7|0.00|0.00|43.6357|40.2817
02|05|0|135|5.8|22.5|135|48.4|60.7|0.00|0.00|43.6347|40.2817
02|06|0|90|4.8|22.5|135|48.3|60.6|0.00|0.00|43.6372|40.2817
02|07|0|180|7.3|22.5|135|48.2|60.6|0.00|0.00|43.6371|40.2817
02|08|0|90|4.4|22.5|135|48.3|60.6|0.00|0.00|43.6369|40.2817
02|09|0|180|7.3|22.5|135|48.4|60.6|0.00|0.00|43.6358|40.2817
02|10|0|135|5.8|22.5|135|48.4|60.7|0.00|0.00|43.6379|40.2817
02|11|0|135|3.2|22.5|135|48.4|60.7|0.00|0.00|43.6383|40.2817
02|12|0|135|7.3|22.5|135|48.5|60.6|0.00|0.00|43.6347|40.2817
02|14|0|135|3.2|22.5|135|48.6|60.6|0.00|0.00|43.6378|40.2817
02|15|0|135|4.4|22.5|135|48.6|60.6|0.00|0.00|43.6366|40.2817
02|16|0|180|2.9|22.5|135|48.6|60.5|0.00|0.00|43.638|40.2817
02|17|0|135|8.1|22.5|135|48.7|60.5|0.00|0.00|43.6369|40.2817
02|18|0|90|1.5|22.5|135|48.7|60.5|0.00|0.00|43.6383|40.2817
02|19|0|180|2.9|22.5|135|48.8|60.6|0.00|0.00|43.6414|40.2817
02|20|0|90|6.4|22.5|135|48.8|60.5|0.00|0.00|43.6403|40.2817
02|21|0|90|4.4|22.5|135|48.8|60.5|0.00|0.00|43.6404|40.2817
02|22|0|135|7.3|22.5|135|48.9|60.5|0.00|0.00|43.6397|40.2817
02|24|0|180|4.4|22.5|135|48.9|60.5|0.00|0.00|43.6404|40.2817
02|25|0|90|3.2|22.5|135|49.0|60.5|0.00|0.00|43.6413|40.8123
02|26|0|90|2.9|22.5|135|49.2|60.5|0.00|0.00|43.6445|40.8123
02|27|0|45|4.4|22.5|135|49.2|60.5|0.00|0.00|43.6435|40.8123
02|29|0|135|3.2|22.5|135|49.4|60.3|0.00|0.00|43.6423|40.8123
02|31|0|90|1.6|22.5|135|49.5|60.1|0.00|0.00|43.6444|40.8123
02|32|0|90|3.2|22.5|135|49.7|60.1|0.00|0.00|43.6443|40.8123
02|33|0|135|2.9|22.5|135|49.7|60.1|0.00|0.00|43.6446|40.8123
02|34|0|135|1.5|22.5|135|49.7|60.0|0.00|0.00|43.6434|40.8123
02|36|0|90|1.5|22.5|135|50.0|59.8|0.00|0.00|43.6445|40.4136
02|37|0|135|4.4|22.5|135|50.1|59.7|0.00|0.00|43.6444|40.4136
02|39|0|135|2.9|22.5|135|50.4|59.6|0.00|0.00|43.6439|40.4136
02|40|0|90|4.4|22.5|135|50.3|59.6|0.00|0.00|43.6444|40.4136
02|41|0|180|12.9|22.5|135|50.4|59.5|0.00|0.00|43.6439|40.4136
02|42|0|180|7.3|22.5|135|50.6|59.2|0.00|0.00|43.6469|40.4136
02|43|0|135|1.5|22.5|135|50.8|59.1|0.00|0.00|43.6498|40.4136
02|45|0|135|2.9|22.5|135|51.0|59.0|0.00|0.00|43.6533|40.9235
02|46|0|135|4.4|22.5|135|51.1|58.9|0.00|0.00|43.6525|40.0014
02|47|0|180|2.9|22.5|135|51.3|58.8|0.00|0.00|43.6514|40.0014
02|48|0|225|2.9|22.5|135|51.4|58.8|0.00|0.00|43.6512|40.0014
02|49|0|135|5.8|22.5|135|51.5|58.7|0.00|0.00|43.6502|40.0014
02|50|0|135|4.4|22.5|135|51.6|58.7|0.00|0.00|43.6514|40.0014
02|52|0|135|4.4|22.5|135|51.7|58.5|0.00|0.00|43.6502|40.0014
02|53|0|135|8.7|22.5|135|51.8|58.4|0.00|0.00|43.6499|40.0014
02|54|0|135|2.9|22.5|135|51.9|58.3|0.00|0.00|43.6492|40.0014
02|55|0|135|4.4|22.5|135|52.0|58.2|0.00|0.00|43.6503|40.5004
02|56|0|180|4.4|22.5|135|52.1|58.2|0.00|0.00|43.6505|40.5004
02|57|0|135|4.4|22.5|135|52.2|58.2|0.00|0.00|43.6519|40.5004
02|58|0|225|4.4|22.5|135|52.3|58.1|0.00|0.00|43.6524|40.5004
02|59|0|135|5.8|22.5|135|52.5|58.1|0.00|0.00|43.6528|40.5004
03|00|0|135|2.9|22.5|135|52.6|58.0|0.00|0.00|43.6522|40.5004
03|01|0|180|5.8|22.5|135|52.7|57.9|0.00|0.00|43.6533|39.5761
03|02|0|180|7.3|22.5|135|52.9|57.8|0.00|0.00|43.6501|39.5761
03|03|0|135|7.3|22.5|135|53.1|57.8|0.00|0.00|43.651|40.0646
03|04|0|135|5.8|22.5|135|53.2|57.7|0.00|0.00|43.65|40.0646
03|06|0|135|4.4|22.5|135|53.5|57.7|0.00|0.00|43.6489|40.0646
03|08|0|90|5.8|22.5|135|53.7|57.5|0.00|0.00|43.6482|40.0646
03|10|0|135|4.4|22.5|135|54.2|57.5|0.00|0.00|43.6517|40.5451
03|11|0|90|2.9|22.5|135|54.4|57.5|0.00|0.00|43.6509|40.5451
03|12|0|135|1.6|22.5|135|54.5|57.5|0.00|0.00|43.653|40.5451
03|13|0|90|2.9|22.5|135|54.6|57.4|0.00|0.00|43.6509|40.5451
03|14|0|90|5.8|22.5|135|54.9|57.3|0.00|0.00|43.6509|40.5451
03|15|0|180|1.5|22.5|135|55.1|57.3|0.00|0.00|43.6525|41.0178
03|16|0|135|4.4|22.5|135|55.2|57.3|0.00|0.00|43.6523|41.0178
03|18|0|90|5.8|22.5|135|55.3|57.3|0.00|0.00|43.6517|41.0178
03|20|0|135|5.8|22.5|135|55.6|57.1|0.00|0.00|43.6533|41.0178
03|22|0|135|10.2|22.5|135|55.6|57.1|0.00|0.00|43.6508|41.0178
03|23|0|135|13.1|22.5|135|55.6|57.0|0.00|0.00|43.6479|41.0178
03|24|0|135|9.7|22.5|135|55.7|57.0|0.00|0.00|43.6495|41.0178
03|25|0|90|7.3|22.5|135|55.6|57.0|0.00|0.00|43.6516|41.0178
03|26|0|180|8.7|22.5|135|55.5|57.0|0.00|0.00|43.6471|41.0178
03|27|0|90|7.3|22.5|135|55.4|57.0|0.00|0.00|43.6516|41.0178
03|28|0|90|2.9|22.5|135|55.4|57.0|0.00|0.00|43.6499|41.0178
03|29|0|180|5.8|22.5|135|55.4|57.1|0.00|0.00|43.6506|41.0178
03|30|0|158|9.7|22.5|135|55.3|57.1|0.00|0.00|43.6509|41.0178
03|31|0|135|9.7|22.5|135|55.3|57.1|0.00|0.00|43.6501|41.0178
03|32|0|90|7.3|22.5|135|55.3|57.1|0.00|0.00|43.6523|41.0178
03|33|0|180|5.8|22.5|135|55.4|57.2|0.00|0.00|43.6506|41.0178
03|34|0|135|8.0|22.5|135|55.3|57.2|0.00|0.00|43.6531|41.0178
03|37|0|90|2.9|22.5|135|55.4|57.2|0.00|0.00|43.6516|41.0178
03|38|0|135|2.9|22.5|135|55.5|57.2|0.00|0.00|43.6515|41.0178
03|39|0|158|8.7|22.5|135|55.5|57.1|0.00|0.00|43.6474|41.0178
03|40|0|158|4.8|22.5|135|55.5|57.1|0.00|0.00|43.6512|41.0178
03|41|0|135|5.8|22.5|135|55.5|57.1|0.00|0.00|43.6496|41.0178
03|42|0|135|8.1|22.5|135|55.3|57.1|0.00|0.00|43.6474|41.0178
03|43|0|135|8.7|22.5|135|55.1|57.2|0.00|0.00|43.6478|41.0178
03|44|0|135|11.3|22.5|135|55.0|57.2|0.00|0.00|43.6494|41.0178
03|47|0|0|6.4|22.5|135|54.6|57.4|0.00|0.00|43.6486|40.5451
03|48|0|90|4.4|22.5|135|54.3|57.5|0.00|0.00|43.6485|40.5451
03|50|0|135|8.7|22.5|135|54.3|57.7|0.00|0.00|43.6483|40.5451
03|52|0|135|13.1|22.5|135|54.1|57.7|0.00|0.00|43.6418|40.5451
03|53|0|135|4.4|22.5|135|54.0|57.7|0.00|0.00|43.6468|40.5451
03|54|0|135|5.8|22.5|135|54.0|57.7|0.00|0.00|43.6457|40.5451
03|55|0|45|4.8|22.5|135|53.9|57.7|0.00|0.00|43.6444|40.0646
03|56|0|135|7.3|22.5|135|53.9|57.7|0.00|0.00|43.6415|40.0646
03|58|0|90|7.3|22.5|135|53.8|57.7|0.00|0.00|43.6431|40.0646
03|59|0|90|1.6|22.5|135|53.7|57.7|0.00|0.00|43.6399|40.0646
04|00|0|90|9.7|22.5|135|53.7|57.7|0.00|0.00|43.6419|40.0646
04|01|0|90|1.6|22.5|135|53.7|57.5|0.00|0.00|43.6376|40.0646
04|03|0|90|5.8|22.5|135|53.8|57.5|0.00|0.00|43.6378|40.0646
04|04|0|68|2.9|22.5|135|53.9|57.5|0.00|0.00|43.6372|40.0646
04|05|0|135|4.4|22.5|135|53.9|57.5|0.00|0.00|43.6359|40.0646
04|08|0|135|3.2|22.5|135|54.0|57.4|0.00|0.00|43.636|40.5451
04|09|0|180|2.9|22.5|135|53.8|57.4|0.00|0.00|43.6369|40.0646
04|10|0|135|3.2|22.5|135|53.7|57.3|0.00|0.00|43.6352|40.0646
04|11|0|180|2.9|22.5|135|53.7|57.3|0.00|0.00|43.637|40.0646
04|12|0|90|3.2|22.5|135|53.7|57.3|0.00|0.00|43.6386|40.0646
04|13|0|90|4.4|22.5|135|53.7|57.3|0.00|0.00|43.6391|40.0646
04|14|0|90|4.4|22.5|135|53.6|57.2|0.00|0.00|43.639|40.0646
04|15|0|90|2.9|22.5|135|53.7|57.3|0.00|0.00|43.6411|40.0646
04|16|0|135|4.8|22.5|135|53.7|57.2|0.00|0.00|43.6413|40.0646
04|17|0|158|5.8|22.5|135|53.5|57.2|0.00|0.00|43.6416|40.0646
04|18|0|135|5.8|22.5|135|53.4|57.2|0.00|0.00|43.6421|40.0646
04|19|0|135|7.3|22.5|135|53.2|57.1|0.00|0.00|43.6452|40.0646
04|20|0|135|7.3|22.5|135|53.0|57.1|0.00|0.00|43.6436|40.0646
04|21|0|90|3.2|22.5|135|52.8|57.2|0.00|0.00|43.648|39.5761
04|22|0|90|2.9|22.5|135|52.4|57.2|0.00|0.00|43.65|39.5761
04|23|0|45|4.4|22.5|135|52.2|57.2|0.00|0.00|43.6499|39.5761
04|25|0|90|2.9|22.5|135|51.8|57.2|0.00|0.00|43.6515|39.0792
04|26|0|225|3.2|22.5|135|51.5|57.3|0.00|0.00|43.6508|39.0792
04|27|0|180|1.5|22.5|135|51.4|57.3|0.00|0.00|43.6511|39.0792
04|28|0|90|8.7|22.5|135|51.2|57.3|0.00|0.00|43.651|39.0792
04|29|0|135|6.5|22.5|135|51.1|57.3|0.00|0.00|43.6509|39.0792
04|30|0|90|2.9|22.5|135|51.1|57.3|0.00|0.00|43.6505|39.0792
04|31|0|158|2.9|22.5|135|51.2|57.4|0.00|0.00|43.6524|39.0792
04|32|0|180|0.0|22.5|135|51.3|57.3|0.00|0.00|43.6521|39.0792
04|34|0|90|5.8|22.5|135|51.5|57.3|0.00|0.00|43.6534|39.0792
04|35|0|135|10.2|22.5|135|51.6|57.2|0.00|0.00|43.6523|39.0792
04|36|0|135|1.5|22.5|135|51.7|57.2|0.00|0.00|43.6538|39.0792
04|37|0|45|4.4|22.5|135|51.8|57.1|0.00|0.00|43.6533|39.0792
04|39|0|90|2.9|22.5|135|52.0|57.0|0.00|0.00|43.6527|39.5761
04|41|0|135|7.3|22.5|135|52.3|56.7|0.00|0.00|43.6517|38.6516
04|43|0|45|5.8|22.5|135|52.8|56.6|0.00|0.00|43.6549|38.6516
04|44|0|135|5.8|22.5|135|53.0|56.5|0.00|0.00|43.6558|39.1381
04|45|0|135|10.2|22.5|135|53.3|56.3|0.00|0.00|43.653|39.1381
04|46|0|135|7.3|22.5|135|53.6|56.2|0.00|0.00|43.6556|39.1381
04|47|0|135|5.8|22.5|135|53.7|56.0|0.00|0.00|43.6535|39.1381
04|49|0|135|4.4|22.5|135|53.9|56.0|0.00|0.00|43.6496|39.1381
04|52|0|135|2.9|22.5|135|52.7|56.2|0.00|0.00|43.6508|38.6516
04|53|0|135|5.8|22.5|135|52.4|56.3|0.00|0.00|43.65|38.6516
04|54|0|90|13.1|22.5|135|52.0|56.5|0.00|0.00|43.6475|38.6516
04|55|0|135|8.1|22.5|135|51.5|56.7|0.00|0.00|43.6437|38.1568
04|58|0|45|5.8|22.5|135|51.0|57.1|0.00|0.00|43.6405|39.0792
04|59|0|135|5.8|22.5|135|50.9|57.3|0.00|0.00|43.6435|38.5737
05|00|0|135|2.9|22.5|135|50.9|57.4|0.00|0.00|43.6422|38.5737
05|02|0|90|3.2|22.5|135|51.0|57.5|0.00|0.00|43.645|39.0792
05|03|0|180|4.4|22.5|135|50.8|57.5|0.00|0.00|43.6437|38.5737
05|04|0|90|3.2|22.5|135|50.9|57.7|0.00|0.00|43.6448|38.5737
05|05|0|135|2.9|22.5|135|50.4|57.5|0.00|0.00|43.6457|38.5737
05|06|0|90|11.6|22.5|135|50.3|57.5|0.00|0.00|43.6438|38.5737
05|07|0|90|6.4|22.5|135|50.0|57.5|0.00|0.00|43.6457|38.5737
05|08|0|90|4.4|22.5|135|49.7|57.7|0.00|0.00|43.6489|38.0591
05|09|0|135|2.9|22.5|135|49.5|57.7|0.00|0.00|43.6503|38.0591
05|10|0|45|2.9|22.5|135|49.5|57.8|0.00|0.00|43.6523|38.0591
05|11|0|135|3.2|22.5|135|49.3|57.8|0.00|0.00|43.6542|38.0591
05|12|0|45|2.9|22.5|135|49.3|57.9|0.00|0.00|43.6567|38.0591
05|14|0|90|10.2|22.5|135|49.3|57.9|0.00|0.00|43.6524|38.0591
05|15|0|225|2.9|22.5|135|49.4|58.0|0.00|0.00|43.6549|38.977
05|16|0|90|4.4|22.5|135|49.3|58.0|0.00|0.00|43.6549|38.977
05|17|0|90|2.9|22.5|135|49.2|58.1|0.00|0.00|43.6583|38.977
05|18|0|135|4.4|22.5|135|49.3|58.2|0.00|0.00|43.6572|38.977
05|19|0|90|7.3|22.5|135|49.0|58.3|0.00|0.00|43.6588|38.977
05|20|0|135|5.8|22.5|135|49.0|58.3|0.00|0.00|43.6588|38.977
05|21|0|90|4.4|22.5|135|49.2|58.3|0.00|0.00|43.6595|38.977
05|22|0|135|4.8|22.5|135|49.2|58.4|0.00|0.00|43.6602|38.977
05|23|0|45|7.3|22.5|135|49.1|58.4|0.00|0.00|43.6594|38.977
05|24|0|135|1.5|22.5|135|49.2|58.4|0.00|0.00|43.6604|38.977
05|26|0|113|2.9|22.5|135|49.4|58.4|0.00|0.00|43.6601|38.977
05|27|0|45|7.3|22.5|135|49.2|58.4|0.00|0.00|43.6602|38.977
05|28|0|135|4.4|22.5|135|49.3|58.3|0.00|0.00|43.6604|38.977
05|29|0|135|1.6|22.5|135|49.4|58.3|0.00|0.00|43.661|38.977
05|30|0|270|4.4|22.5|135|49.5|58.2|0.00|0.00|43.6602|38.977
05|31|0|180|5.8|22.5|135|49.6|58.2|0.00|0.00|43.6605|38.977
05|32|0|45|4.4|22.5|135|49.6|58.1|0.00|0.00|43.6628|38.977
05|33|0|68|4.4|22.5|135|49.6|58.1|0.00|0.00|43.6623|38.977
05|34|0|90|10.2|22.5|135|49.6|58.0|0.00|0.00|43.6636|38.977
05|35|0|135|2.9|22.5|135|49.7|58.0|0.00|0.00|43.6667|38.977
05|36|0|113|8.7|22.5|135|49.7|57.9|0.00|0.00|43.6658|38.0591
05|37|0|45|5.8|22.5|135|49.7|57.9|0.00|0.00|43.665|38.0591
05|38|0|45|7.3|22.5|135|49.8|57.8|0.00|0.00|43.6629|38.0591
05|39|0|135|5.8|22.5|135|49.9|57.7|0.00|0.00|43.6651|38.0591
05|40|0|90|5.8|22.5|135|50.5|57.8|0.00|0.00|43.6647|38.5737
05|41|0|90|10.2|22.5|135|51.3|57.7|0.00|0.00|43.6646|39.0792
05|42|0|135|2.9|22.5|135|51.0|57.5|0.00|0.00|43.6669|39.0792
05|45|0|180|4.4|22.5|135|52.1|57.4|0.00|0.00|43.6652|39.5761
05|46|0|113|4.4|22.5|135|51.6|57.3|0.00|0.00|43.6672|39.0792
05|47|0|180|4.4|22.5|135|51.8|57.3|0.00|0.00|43.6665|39.0792
05|48|0|135|4.8|22.5|135|52.3|57.2|0.00|0.00|43.6681|39.5761
05|49|0|135|2.9|22.5|135|51.7|57.1|0.00|0.00|43.6695|39.0792
05|50|0|135|4.4|22.5|135|51.4|57.0|0.00|0.00|43.6702|39.0792
05|51|0|135|2.9|22.5|135|51.3|57.0|0.00|0.00|43.6711|39.0792
05|52|0|135|2.9|22.5|135|51.4|57.0|0.00|0.00|43.669|39.0792
05|53|0|90|0.0|22.5|135|51.7|57.0|0.00|0.00|43.6713|39.0792
05|54|0|135|1.5|22.5|135|51.5|57.0|0.00|0.00|43.6705|39.0792
05|55|0|135|1.5|22.5|135|50.9|57.0|0.00|0.00|43.667|38.5737
05|57|0|135|1.5|22.5|135|51.0|57.0|0.00|0.00|43.6676|39.0792
05|58|0|158|2.9|22.5|135|50.6|57.0|0.00|0.00|43.6651|38.5737
05|59|0|135|2.9|22.5|135|50.0|57.0|0.00|0.00|43.6653|38.5737
06|00|0|135|1.5|22.5|135|50.0|57.0|0.00|0.00|43.6688|38.5737
06|01|0|135|0.0|22.5|135|50.1|57.1|0.00|0.00|43.6678|38.5737
06|02|0|135|1.6|22.5|135|49.8|57.1|0.00|0.00|43.6656|38.0591
06|03|0|135|0.0|22.5|135|49.9|57.1|0.00|0.00|43.6635|38.0591
06|04|0|135|1.5|22.5|135|49.4|57.2|0.00|0.00|43.6682|38.0591
06|05|0|90|1.5|22.5|135|49.0|57.1|0.00|0.00|43.6684|38.0591
06|06|0|68|4.8|22.5|135|48.6|57.1|0.00|0.00|43.6702|37.5352
06|07|0|90|4.8|22.5|135|48.2|57.1|0.00|0.00|43.6729|37.5352
06|08|0|90|4.4|22.5|135|47.9|57.1|0.00|0.00|43.6761|37.0016
06|11|0|113|6.4|22.5|135|47.5|57.0|0.00|0.00|43.6771|37.0016
06|12|0|135|5.8|22.5|135|47.4|57.1|0.00|0.00|43.6797|37.0016
06|13|0|90|7.3|22.5|135|47.6|57.1|0.00|0.00|43.681|37.0016
06|14|0|45|7.3|22.5|135|47.4|57.1|0.00|0.00|43.6812|37.0016
06|15|0|135|4.4|22.5|135|47.4|57.1|0.00|0.00|43.6791|37.0016
06|16|0|135|3.2|22.5|135|47.5|57.2|0.00|0.00|43.6806|37.0016
06|17|0|90|1.6|22.5|135|48.1|57.2|0.00|0.00|43.6789|37.5352
06|18|0|135|1.5|22.5|135|48.2|57.2|0.00|0.00|43.6771|37.5352
06|20|0|180|2.9|22.5|135|47.7|57.2|0.00|0.00|43.6745|37.0016
06|21|0|90|1.5|22.5|135|47.9|57.2|0.00|0.00|43.6739|37.0016
06|22|0|135|4.4|22.5|135|48.3|57.2|0.00|0.00|43.6738|37.5352
06|23|0|135|1.6|22.5|135|49.4|57.2|0.00|0.00|43.6766|38.0591
06|24|0|180|1.6|22.5|135|49.4|57.2|0.00|0.00|43.6718|38.0591
06|26|0|90|4.4|22.5|135|48.4|57.3|0.00|0.00|43.6726|37.5352
06|27|0|90|2.9|22.5|135|48.8|57.4|0.00|0.00|43.6711|37.5352
06|28|0|113|1.6|22.5|135|48.6|57.5|0.00|0.00|43.6724|37.5352
06|29|0|68|4.4|22.5|135|48.9|57.5|0.00|0.00|43.6721|37.5352
06|30|0|135|4.4|22.5|135|48.6|57.7|0.00|0.00|43.6735|37.5352
06|31|0|135|5.8|22.5|135|49.0|57.7|0.00|0.00|43.6715|38.0591
06|32|0|135|3.2|22.5|135|48.7|57.8|0.00|0.00|43.6747|37.5352
06|33|0|180|2.9|22.5|135|48.1|57.9|0.00|0.00|43.672|37.5352
06|34|0|158|4.4|22.5|135|48.0|58.1|0.00|0.00|43.6763|38.4509
06|35|0|135|8.0|22.5|135|48.0|58.2|0.00|0.00|43.6748|38.4509
06|36|0|180|4.8|22.5|135|47.7|58.4|0.00|0.00|43.6761|37.915
06|37|0|135|6.5|22.5|135|47.6|58.7|0.00|0.00|43.6793|37.915
06|39|0|135|6.4|22.5|135|47.5|58.8|0.00|0.00|43.6788|37.915
06|40|0|135|4.4|22.5|135|47.3|58.9|0.00|0.00|43.6794|37.915
06|41|0|180|6.4|22.5|135|47.1|58.9|0.00|0.00|43.6793|37.915
06|42|0|180|5.8|22.5|135|47.2|58.9|0.00|0.00|43.6818|37.915
06|44|0|180|5.8|22.5|135|47.5|59.0|0.00|0.00|43.6851|38.8282
06|45|0|180|7.3|22.5|135|47.7|58.9|0.00|0.00|43.6838|37.915
06|46|0|180|8.7|22.5|135|47.8|58.9|0.00|0.00|43.6846|37.915
06|47|0|180|5.8|22.5|135|48.2|58.8|0.00|0.00|43.6841|38.4509
06|48|0|135|8.0|22.5|135|48.4|58.5|0.00|0.00|43.6835|38.4509
06|50|0|135|4.4|22.5|135|48.9|58.2|0.00|0.00|43.6805|38.4509
06|51|0|180|4.8|22.5|135|49.3|58.3|0.00|0.00|43.6776|38.977
06|52|0|90|4.4|22.5|135|49.3|58.2|0.00|0.00|43.6806|38.977
06|53|0|248|4.8|22.5|135|49.6|58.2|0.00|0.00|43.6817|38.977
06|54|0|180|8.7|22.5|135|49.5|58.1|0.00|0.00|43.6814|38.977
06|55|0|135|9.7|22.5|135|49.8|58.2|0.00|0.00|43.6842|38.977
06|56|0|135|3.2|22.5|135|49.7|58.2|0.00|0.00|43.6794|38.977
06|58|0|113|14.5|22.5|135|49.6|58.2|0.00|0.00|43.6805|38.977
06|59|0|45|4.8|22.5|135|49.9|58.2|0.00|0.00|43.6737|38.977
07|01|0|158|5.8|22.5|135|49.5|58.4|0.00|0.00|43.6823|38.977
07|02|0|180|5.8|22.5|135|49.5|58.4|0.00|0.00|43.6805|38.977
07|03|0|45|1.5|22.5|135|49.8|58.5|0.00|0.00|43.6798|38.977
07|04|0|135|2.9|22.5|135|49.7|58.7|0.00|0.00|43.6821|38.977
07|05|0|135|4.4|22.5|135|49.4|58.9|0.00|0.00|43.6858|38.977
07|06|0|135|5.8|22.5|135|48.8|58.9|0.00|0.00|43.6849|38.4509
07|07|0|135|10.2|22.5|135|48.8|59.1|0.00|0.00|43.6909|39.3663
07|08|0|135|8.7|22.5|135|48.2|59.2|0.00|0.00|43.6925|39.3663
07|09|0|135|4.4|22.5|135|48.2|59.3|0.00|0.00|43.6926|39.3663
07|10|0|180|1.5|22.5|135|48.7|59.6|0.00|0.00|43.6948|39.3663
07|11|0|135|7.3|22.5|135|48.5|59.7|0.00|0.00|43.6975|39.3663
07|12|0|90|5.8|22.5|135|48.4|59.9|0.00|0.00|43.6975|39.3663
07|14|0|135|5.8|22.5|135|46.6|60.0|0.00|0.00|43.6993|39.1906
07|15|0|158|4.4|22.5|135|46.2|60.2|0.00|0.00|43.6968|39.1906
07|16|0|180|1.5|22.5|135|45.6|60.3|0.00|0.00|43.6964|38.6292
07|17|0|135|5.8|22.5|135|45.5|60.5|0.00|0.00|43.6956|38.6292
07|18|0|135|2.9|22.5|135|45.3|60.6|0.00|0.00|43.6962|38.6292
07|19|0|90|4.4|22.5|135|45.1|60.6|0.00|0.00|43.6948|38.6292
07|20|0|135|6.4|22.5|135|45.1|60.8|0.00|0.00|43.6962|38.6292
07|21|0|45|2.9|22.5|135|45.0|61.0|0.00|0.00|43.6979|39.5374
07|22|0|135|3.2|22.5|135|44.5|61.1|0.00|0.00|43.6979|38.9626
07|26|0|135|1.6|22.5|135|43.8|61.5|0.00|0.00|43.6998|38.3761
07|27|0|113|3.2|22.5|135|43.7|61.6|0.00|0.00|43.703|38.3761
07|28|0|68|2.9|22.5|135|43.6|61.7|0.00|0.00|43.7029|38.3761
07|29|0|135|7.3|22.5|135|43.3|61.8|0.00|0.00|43.7011|38.3761
07|30|0|90|3.2|22.5|135|43.3|62.0|0.00|0.00|43.6997|39.2792
07|31|0|90|7.3|22.5|135|42.9|62.2|0.00|0.00|43.6989|38.6781
07|32|0|90|5.8|22.5|135|43.0|62.3|0.00|0.00|43.7|39.2792
07|34|0|135|4.8|22.5|135|42.7|62.5|0.00|0.00|43.7004|38.6781
07|35|0|135|4.8|22.5|135|42.8|62.7|0.00|0.00|43.7013|38.6781
07|36|0|135|2.9|22.5|135|42.7|62.8|0.00|0.00|43.6985|38.6781
07|37|0|90|1.6|22.5|135|42.7|63.0|0.00|0.00|43.7001|39.5786
07|38|0|180|3.2|22.5|135|42.5|63.2|0.00|0.00|43.7|39.5786
07|39|0|135|5.8|22.5|135|42.0|63.4|0.00|0.00|43.7002|39.5786
07|40|0|45|1.6|22.5|135|42.1|63.5|0.00|0.00|43.699|39.5786
07|41|0|135|4.8|22.5|135|41.9|63.7|0.00|0.00|43.7009|38.9621
07|42|0|225|4.8|22.5|135|41.3|63.7|0.00|0.00|43.6986|38.9621
07|44|0|135|3.2|22.5|135|40.9|63.7|0.00|0.00|43.6995|38.3322
07|45|0|90|2.9|22.5|135|41.5|64.0|0.00|0.00|43.701|39.8598
07|46|0|135|4.4|22.5|135|41.2|64.1|0.00|0.00|43.7001|39.8598
07|47|0|90|8.7|22.5|135|40.5|64.1|0.00|0.00|43.7004|39.2273
07|48|0|90|2.9|22.5|135|40.2|64.3|0.00|0.00|43.703|39.2273
07|49|0|135|4.8|22.5|135|40.0|64.4|0.00|0.00|43.7034|39.2273
07|50|0|45|2.9|22.5|135|40.0|64.4|0.00|0.00|43.7061|39.2273
07|51|0|90|4.8|22.5|135|40.2|64.5|0.00|0.00|43.7086|39.2273
07|52|0|135|4.4|22.5|135|40.0|64.5|0.00|0.00|43.7069|39.2273
07|53|0|180|1.5|22.5|135|40.4|64.5|0.00|0.00|43.7076|39.2273
07|55|0|45|3.2|22.5|135|40.2|64.6|0.00|0.00|43.707|39.2273
07|56|0|225|6.4|22.5|135|40.1|64.6|0.00|0.00|43.705|39.2273
07|57|0|90|4.8|22.5|135|39.7|64.4|0.00|0.00|43.7071|38.5807
07|58|0|90|4.4|22.5|135|39.6|64.4|0.00|0.00|43.7049|38.5807
07|59|0|135|5.8|22.5|135|39.8|64.3|0.00|0.00|43.7042|38.5807
08|00|0|90|2.9|22.5|135|40.2|64.2|0.00|0.00|43.7044|39.2273
08|02|0|135|5.8|22.5|135|40.7|64.0|0.00|0.00|43.7027|39.2273
08|03|0|135|8.7|22.5|135|40.8|63.7|0.00|0.00|43.7013|38.3322
08|04|0|113|7.3|22.5|135|41.0|63.5|0.00|0.00|43.7023|38.9621
08|05|0|158|8.1|22.5|135|41.4|63.5|0.00|0.00|43.7018|38.9621
08|07|0|113|2.9|22.5|135|41.7|63.4|0.00|0.00|43.7029|38.9621
08|08|0|135|4.4|22.5|135|41.7|63.4|0.00|0.00|43.7011|38.9621
08|09|0|135|1.6|22.5|135|41.9|63.4|0.00|0.00|43.7013|38.9621
08|10|0|135|8.1|22.5|135|41.9|63.4|0.00|0.00|43.7013|38.9621
08|11|0|135|2.9|22.5|135|42.0|63.5|0.00|0.00|43.7022|39.5786
08|12|0|135|2.9|22.5|135|42.1|63.7|0.00|0.00|43.7051|39.5786
08|13|0|180|6.4|22.5|135|42.0|63.7|0.00|0.00|43.7007|39.5786
08|15|0|180|5.8|22.5|135|42.0|63.7|0.00|0.00|43.701|39.5786
08|16|0|113|8.0|22.5|135|42.0|63.8|0.00|0.00|43.6986|39.5786
08|17|0|135|3.2|22.5|135|41.6|63.8|0.00|0.00|43.6988|38.9621
08|18|0|135|5.8|22.5|135|42.0|64.1|0.00|0.00|43.7025|40.4788
08|19|0|180|4.8|22.5|135|40.5|64.1|0.00|0.00|43.701|39.2273
08|20|0|135|4.4|22.5|135|40.8|64.2|0.00|0.00|43.7028|39.2273
08|21|0|135|4.8|22.5|135|41.3|64.3|0.00|0.00|43.7044|39.8598
08|22|0|135|5.8|22.5|135|40.6|64.3|0.00|0.00|43.7016|39.2273
08|23|0|180|2.9|22.5|135|40.3|64.4|0.00|0.00|43.7037|39.2273
08|24|0|180|4.4|22.5|135|40.9|64.6|0.00|0.00|43.7055|39.2273
08|25|0|135|2.9|22.5|135|40.0|64.7|0.00|0.00|43.706|39.2273
08|26|0|135|4.4|22.5|135|40.0|65.0|0.00|0.00|43.7038|40.1222
08|27|0|180|4.4|22.5|135|40.1|65.2|0.00|0.00|43.7066|40.1222
08|28|0|135|4.8|22.5|135|39.5|65.3|0.00|0.00|43.7041|39.473
08|30|0|135|1.6|22.5|135|40.3|65.6|0.00|0.00|43.7073|40.1222
08|31|0|158|4.4|22.5|135|39.9|66.0|0.00|0.00|43.7055|40.365
08|32|0|90|4.4|22.5|135|38.9|66.1|0.00|0.00|43.7035|39.6981
08|33|0|135|6.4|22.5|135|38.5|66.1|0.00|0.00|43.7016|39.6981
08|34|0|158|5.8|22.5|135|37.9|66.1|0.00|0.00|43.7021|39.0156
08|35|0|135|2.9|22.5|135|38.4|66.2|0.00|0.00|43.699|39.6981
08|36|0|90|7.3|22.5|135|39.0|66.3|0.00|0.00|43.7003|40.365
08|38|0|90|1.6|22.5|135|38.9|66.8|0.00|0.00|43.6979|39.6981
08|39|0|45|4.8|22.5|135|38.7|66.9|0.00|0.00|43.6965|39.6981
08|40|0|90|5.8|22.5|135|38.1|67.1|0.00|0.00|43.6966|40.5872
08|42|0|90|2.9|22.5|135|37.7|67.1|0.00|0.00|43.6958|39.9019
08|43|0|45|2.9|22.5|135|37.9|67.3|0.00|0.00|43.6952|39.9019
08|44|0|90|11.6|22.5|135|37.7|67.4|0.00|0.00|43.6957|39.9019
08|45|0|135|4.4|22.5|135|37.4|67.6|0.00|0.00|43.6966|39.9019
08|46|0|135|2.9|22.5|135|37.1|67.6|0.00|0.00|43.6958|39.9019
08|47|0|90|4.4|22.5|135|37.7|67.7|0.00|0.00|43.6939|39.9019
08|48|0|90|5.8|22.5|135|37.2|67.7|0.00|0.00|43.693|39.9019
08|49|0|135|1.5|22.5|135|37.2|67.7|0.00|0.00|43.6914|39.9019
08|50|0|158|5.8|22.5|135|37.2|67.8|0.00|0.00|43.6925|39.9019
08|52|0|135|2.9|22.5|135|36.8|68.0|0.00|0.00|43.6907|40.0833
08|53|0|225|2.9|22.5|135|36.3|68.2|0.00|0.00|43.6914|40.0833
08|54|0|90|2.9|22.5|135|36.2|68.2|0.00|0.00|43.6926|40.0833
08|56|0|90|3.2|22.5|135|35.8|68.3|0.00|0.00|43.6913|39.3611
08|57|0|90|4.8|22.5|135|36.1|68.5|0.00|0.00|43.6879|40.0833
08|58|0|135|5.8|22.5|135|35.4|68.6|0.00|0.00|43.6878|39.3611
09|00|0|90|2.9|22.5|135|35.4|68.7|0.00|0.00|43.6897|39.3611
09|01|0|180|2.9|22.5|135|36.0|69.0|0.00|0.00|43.6878|40.9662
09|02|0|90|1.6|22.5|135|35.2|69.1|0.00|0.00|43.6869|40.2411
09|03|0|180|1.5|22.5|135|35.9|69.4|0.00|0.00|43.6854|40.2411
09|04|0|180|9.7|22.5|135|35.8|69.5|0.00|0.00|43.6856|40.2411
09|05|0|90|2.9|22.5|135|35.7|69.6|0.00|0.00|43.6904|40.2411
09|07|0|135|1.5|22.5|135|35.4|69.8|0.00|0.00|43.6891|40.2411
09|08|0|90|2.9|22.5|135|35.4|70.0|0.00|0.00|43.6902|41.1209
09|09|0|90|4.4|22.5|135|35.2|70.3|0.00|0.00|43.6922|41.1209
09|10|0|135|2.9|22.5|135|34.3|70.4|0.00|0.00|43.6943|40.3743
09|11|0|158|4.8|22.5|135|34.6|70.6|0.00|0.00|43.6939|40.3743
09|12|0|90|7.3|22.5|135|33.8|70.6|0.00|0.00|43.6933|39.6081
09|13|0|180|1.5|22.5|135|34.2|70.6|0.00|0.00|43.6934|40.3743
09|14|0|135|4.4|22.5|135|34.3|70.7|0.00|0.00|43.6931|40.3743
09|15|0|180|4.4|22.5|135|34.3|70.8|0.00|0.00|43.6925|40.3743
09|16|0|135|1.5|22.5|135|34.4|70.9|0.00|0.00|43.6915|40.3743
09|18|0|90|2.9|22.5|135|33.4|71.0|0.00|0.00|43.6892|40.4815
09|19|0|315|2.9|22.5|135|34.1|71.3|0.00|0.00|43.6874|41.2509
09|20|0|90|6.4|22.5|135|33.6|71.4|0.00|0.00|43.6889|40.4815
09|21|0|135|2.9|22.5|135|33.4|71.5|0.00|0.00|43.6874|40.4815
09|22|0|180|2.9|22.5|135|33.7|71.7|0.00|0.00|43.6869|40.4815
09|23|0|135|4.4|22.5|135|33.3|71.7|0.00|0.00|43.6897|40.4815
09|25|0|135|4.4|22.5|135|33.5|71.7|0.00|0.00|43.6883|40.4815
09|26|0|180|4.4|22.5|135|33.2|71.8|0.00|0.00|43.6885|40.4815
09|28|0|135|4.8|22.5|135|32.7|71.8|0.00|0.00|43.687|39.6914
09|30|0|135|6.5|22.5|135|33.0|71.8|0.00|0.00|43.6841|40.4815
09|32|0|135|1.5|22.5|135|32.9|71.7|0.00|0.00|43.6841|39.6914
09|33|0|180|5.8|22.5|135|32.8|71.7|0.00|0.00|43.6824|39.6914
09|34|0|135|5.8|22.5|135|33.2|71.7|0.00|0.00|43.6817|40.4815
09|36|0|135|4.4|22.5|135|33.3|71.8|0.00|0.00|43.6807|40.4815
09|37|0|225|2.9|22.5|135|33.6|71.9|0.00|0.00|43.6806|40.4815
09|38|0|90|4.4|22.5|135|33.1|72.2|0.00|0.00|43.6839|41.3548
09|39|0|225|2.9|22.5|135|32.9|72.4|0.00|0.00|43.6814|40.5614
09|40|0|180|1.5|22.5|135|32.0|72.6|0.00|0.00|43.6805|40.5614
09|41|0|135|4.8|22.5|135|31.7|72.7|0.00|0.00|43.6788|39.7459
09|42|0|225|2.9|22.5|135|31.3|72.7|0.00|0.00|43.6776|39.7459
09|43|0|135|7.3|22.5|135|31.2|72.8|0.00|0.00|43.6741|39.7459
09|45|0|135|4.4|22.5|135|31.4|73.0|0.00|0.00|43.6729|40.6125
09|46|0|180|6.5|22.5|135|31.1|73.0|0.00|0.00|43.6698|40.6125
09|47|0|135|4.4|22.5|135|31.2|72.8|0.00|0.00|43.6714|39.7459
09|48|0|158|8.7|22.5|135|31.8|73.0|0.00|0.00|43.6689|40.6125
09|49|0|135|5.8|22.5|135|31.3|73.0|0.00|0.00|43.6705|40.6125
09|50|0|90|4.4|22.5|135|30.8|73.0|0.00|0.00|43.6681|39.7701
09|51|0|135|4.8|22.5|135|31.1|72.8|0.00|0.00|43.6672|39.7459
09|52|0|135|7.3|22.5|135|31.2|73.0|0.00|0.00|43.6681|40.6125
09|53|0|113|5.8|22.5|135|30.7|72.7|0.00|0.00|43.6651|38.9069
09|55|0|180|5.8|22.5|135|31.1|72.7|0.00|0.00|43.6642|39.7459
09|56|0|135|2.9|22.5|135|31.0|72.7|0.00|0.00|43.6606|39.7459
09|57|0|158|5.8|22.5|135|31.5|72.8|0.00|0.00|43.661|39.7459
09|58|0|203|5.8|22.5|135|31.4|72.8|0.00|0.00|43.6605|39.7459
10|00|0|135|5.8|22.5|135|31.4|72.8|0.00|0.00|43.6627|39.7459
10|01|0|180|3.2|22.5|135|31.5|72.8|0.00|0.00|43.6622|39.7459
10|03|0|180|7.3|22.5|135|31.4|73.1|0.00|0.00|43.6608|40.6125
10|04|0|135|1.5|22.5|135|31.6|73.2|0.00|0.00|43.6589|40.6125
10|05|0|180|5.8|22.5|135|31.9|73.3|0.00|0.00|43.6564|40.6125
10|06|0|135|4.4|22.5|135|31.5|73.4|0.00|0.00|43.6586|40.6125
10|07|0|135|4.4|22.5|135|31.6|73.4|0.00|0.00|43.6564|40.6125
10|08|0|113|7.3|22.5|135|31.8|73.3|0.00|0.00|43.655|40.6125
10|09|0|135|5.8|22.5|135|30.9|73.2|0.00|0.00|43.6556|39.7701
10|10|0|45|7.3|22.5|135|30.9|73.4|0.00|0.00|43.6563|39.7701
10|11|0|90|2.9|22.5|135|31.5|73.5|0.00|0.00|43.6549|40.6125
10|12|0|180|7.3|22.5|135|31.7|73.5|0.00|0.00|43.6507|40.6125
10|13|0|135|4.4|22.5|135|31.4|73.6|0.00|0.00|43.651|40.6125
10|14|0|180|5.8|22.5|135|31.5|73.7|0.00|0.00|43.6512|40.6125
10|15|0|135|8.7|22.5|135|31.0|73.6|0.00|0.00|43.6486|40.6125
10|16|0|135|2.9|22.5|135|31.4|73.7|0.00|0.00|43.6508|40.6125
10|18|0|135|5.8|22.5|135|30.8|73.9|0.00|0.00|43.6503|39.7701
10|19|0|135|8.1|22.5|135|31.2|74.1|0.00|0.00|43.6524|41.4788
10|21|0|135|5.8|22.5|135|31.3|74.2|0.00|0.00|43.6508|41.4788
10|22|0|90|3.2|22.5|135|30.8|74.3|0.00|0.00|43.6518|40.633
10|23|0|113|1.6|22.5|135|31.0|74.6|0.00|0.00|43.6517|41.4788
10|24|0|225|7.3|22.5|135|31.7|74.9|0.00|0.00|43.6506|41.4788
10|25|0|135|4.4|22.5|135|30.6|75.1|0.00|0.00|43.6534|41.4957
10|26|0|180|7.3|22.5|135|30.3|75.2|0.00|0.00|43.6544|41.4957
10|27|0|180|8.1|22.5|135|29.2|75.0|0.00|0.00|43.6495|40.6213
10|28|0|180|10.2|22.5|135|29.2|74.6|0.00|0.00|43.6463|39.762
10|29|0|203|4.4|22.5|135|29.6|74.9|0.00|0.00|43.65|39.762
10|32|0|135|2.9|22.5|135|30.4|75.0|0.00|0.00|43.6483|41.4957
10|33|0|180|6.4|22.5|135|30.2|75.1|0.00|0.00|43.6474|41.4957
10|34|0|180|4.4|22.5|135|30.5|75.1|0.00|0.00|43.647|41.4957
10|36|0|90|3.2|22.5|135|29.9|75.4|0.00|0.00|43.6477|40.6213
10|37|0|135|2.9|22.5|135|29.8|75.7|0.00|0.00|43.6467|40.6213
10|38|0|135|5.8|22.5|135|29.5|75.8|0.00|0.00|43.6448|40.6213
10|39|0|135|4.4|22.5|135|29.4|75.8|0.00|0.00|43.6451|40.6213
10|40|0|135|4.8|22.5|135|29.4|76.0|0.00|0.00|43.6418|41.4802
10|42|0|135|5.8|22.5|135|28.7|75.9|0.00|0.00|43.6437|39.7198
10|44|0|135|4.8|22.5|135|28.9|75.9|0.00|0.00|43.6416|39.7198
10|45|0|135|3.2|22.5|135|28.5|75.8|0.00|0.00|43.6397|39.7198
10|46|0|135|1.6|22.5|135|29.2|76.0|0.00|0.00|43.6373|41.4802
10|47|0|135|4.4|22.5|135|28.4|75.9|0.00|0.00|43.6404|39.7198
10|48|0|135|2.9|22.5|135|28.6|75.9|0.00|0.00|43.6393|39.7198
10|50|0|135|2.9|22.5|135|29.3|76.1|0.00|0.00|43.6347|41.4802
10|52|0|180|7.3|22.5|135|28.6|76.2|0.00|0.00|43.631|40.5752
10|53|0|135|6.4|22.5|135|28.8|76.4|0.00|0.00|43.6346|40.5752
10|54|0|135|3.2|22.5|135|29.2|76.6|0.00|0.00|43.6367|41.4802
10|55|0|135|1.5|22.5|135|28.1|76.8|0.00|0.00|43.6349|40.5752
10|57|0|45|5.8|22.5|135|28.2|77.0|0.00|0.00|43.6348|41.4304
10|58|0|0|1.6|22.5|135|29.7|77.2|0.00|0.00|43.6349|42.3389
10|59|0|135|4.4|22.5|135|28.0|77.5|0.00|0.00|43.6367|41.4304
11|00|0|90|4.8|22.5|135|27.5|77.6|0.00|0.00|43.6347|40.4928
11|01|0|180|3.2|22.5|135|28.0|77.8|0.00|0.00|43.6374|41.4304
11|02|0|135|3.2|22.5|135|28.1|78.0|0.00|0.00|43.6387|42.2852
11|03|0|135|5.8|22.5|135|27.4|78.0|0.00|0.00|43.6356|41.344
11|04|0|225|1.5|22.5|135|27.2|78.1|0.00|0.00|43.6352|41.344
11|05|0|135|2.9|22.5|135|27.5|78.2|0.00|0.00|43.6326|41.344
11|06|0|180|2.9|22.5|135|27.7|78.2|0.00|0.00|43.6314|41.344
11|08|0|90|2.9|22.5|135|28.5|78.5|0.00|0.00|43.6311|42.2852
11|09|0|45|5.8|22.5|135|27.3|78.6|0.00|0.00|43.6295|41.344
11|10|0|90|2.9|22.5|135|26.4|78.7|0.00|0.00|43.6295|40.3714
11|11|0|90|4.4|22.5|135|26.9|78.8|0.00|0.00|43.6289|40.3714
11|12|0|135|4.8|22.5|135|27.0|78.5|0.00|0.00|43.6278|41.344
11|13|0|90|4.4|22.5|135|26.4|78.6|0.00|0.00|43.6248|40.3714
11|14|0|135|1.6|22.5|135|27.9|78.7|0.00|0.00|43.627|41.344
11|17|0|135|1.5|22.5|135|28.3|78.9|0.00|0.00|43.6223|42.2852
11|18|0|180|5.8|22.5|135|26.5|79.0|0.00|0.00|43.6223|41.2185
11|20|0|180|1.5|22.5|135|27.5|79.4|0.00|0.00|43.623|42.1949
11|22|0|135|2.9|22.5|135|28.1|79.7|0.00|0.00|43.627|43.1398
11|23|0|270|0.0|22.5|135|28.9|80.0|0.00|0.00|43.6266|43.9942
11|24|0|135|4.4|22.5|135|27.8|80.3|0.00|0.00|43.6261|43.0455
11|25|0|90|1.6|22.5|135|26.8|80.6|0.00|0.00|43.6271|42.0654
11|26|0|135|5.8|22.5|135|26.1|80.7|0.00|0.00|43.6274|42.0654
11|27|0|135|2.9|22.5|135|25.4|80.7|0.00|0.00|43.6275|41.0514
11|28|0|90|2.9|22.5|135|26.2|80.7|0.00|0.00|43.6271|42.0654
11|29|0|135|4.4|22.5|135|25.2|80.6|0.00|0.00|43.6239|41.0514
11|30|0|135|3.2|22.5|135|25.5|80.6|0.00|0.00|43.6257|41.0514
11|31|0|45|4.4|22.5|135|25.2|80.7|0.00|0.00|43.6237|41.0514
11|32|0|90|4.4|22.5|135|24.4|80.6|0.00|0.00|43.6203|40.0011
11|33|0|45|4.4|22.5|135|25.2|80.6|0.00|0.00|43.6203|41.0514
11|35|0|135|2.9|22.5|135|26.7|80.6|0.00|0.00|43.6198|42.0654
11|36|0|90|3.2|22.5|135|26.3|80.7|0.00|0.00|43.6181|42.0654
11|37|0|90|3.2|22.5|135|27.5|80.7|0.00|0.00|43.6173|43.0455
11|38|0|45|4.4|22.5|135|26.4|80.8|0.00|0.00|43.6161|42.0654
11|39|0|180|5.8|22.5|135|25.5|80.8|0.00|0.00|43.6182|41.0514
11|40|0|225|2.9|22.5|135|25.8|80.9|0.00|0.00|43.6173|41.0514
11|41|0|225|4.4|22.5|135|25.4|80.9|0.00|0.00|43.6173|41.0514
11|42|0|135|3.2|22.5|135|24.4|81.1|0.00|0.00|43.6157|40.8396
11|44|0|135|3.2|22.5|135|25.7|81.4|0.00|0.00|43.6163|41.8941
11|45|0|180|4.8|22.5|135|25.2|81.6|0.00|0.00|43.6097|41.8941
11|46|0|90|6.4|22.5|135|24.7|81.7|0.00|0.00|43.6055|40.8396
11|47|0|90|1.5|22.5|135|24.0|81.8|0.00|0.00|43.6037|40.8396
11|48|0|225|0.0|22.5|135|23.9|82.0|0.00|0.00|43.5999|40.5798
11|50|0|90|1.5|22.5|135|24.0|82.2|0.00|0.00|43.6007|41.6779
11|51|0|90|4.4|22.5|135|24.5|82.3|0.00|0.00|43.6|41.6779
11|52|0|135|1.5|22.5|135|24.8|82.4|0.00|0.00|43.597|41.6779
11|53|0|90|2.9|22.5|135|24.4|82.5|0.00|0.00|43.5966|41.6779
11|54|0|45|0.0|22.5|135|24.3|82.6|0.00|0.00|43.5966|41.6779
11|55|0|135|3.2|22.5|135|26.9|82.9|0.00|0.00|43.5961|43.7582
11|56|0|180|2.9|22.5|135|24.6|82.9|0.00|0.00|43.596|41.6779
11|57|0|180|2.9|22.5|135|24.2|83.0|0.00|0.00|43.5938|42.5159
11|58|0|90|2.9|22.5|135|25.4|83.1|0.00|0.00|43.5933|43.5784
11|59|0|90|3.2|22.5|135|24.3|83.2|0.00|0.00|43.5933|42.5159
12|00|0|135|2.9|22.5|135|23.5|83.3|0.00|0.00|43.5918|41.4136
12|01|0|90|2.9|22.5|135|23.0|83.5|0.00|0.00|43.5934|41.4136
12|05|0|90|2.9|22.5|135|24.0|84.0|0.00|0.00|43.5955|43.3536
12|06|0|135|1.6|22.5|135|24.3|84.1|0.00|0.00|43.5976|43.3536
12|07|0|0|1.5|22.5|135|23.3|84.1|0.00|0.00|43.5958|42.247
12|08|0|90|1.5|22.5|135|23.2|84.1|0.00|0.00|43.5951|42.247
12|09|0|45|2.9|22.5|135|23.5|84.1|0.00|0.00|43.5929|42.247
12|11|0|158|2.9|22.5|135|24.2|84.2|0.00|0.00|43.5941|43.3536
12|12|0|135|1.5|22.5|135|22.9|84.2|0.00|0.00|43.5935|41.0973
12|14|0|180|1.5|22.5|135|22.4|84.3|0.00|0.00|43.5913|41.0973
12|15|0|225|1.5|22.5|135|22.9|84.5|0.00|0.00|43.5929|41.0973
12|16|0|90|1.6|22.5|135|22.9|84.8|0.00|0.00|43.5928|41.0973
12|17|0|158|6.5|22.5|135|22.9|84.9|0.00|0.00|43.5896|41.0973
12|18|0|180|8.1|22.5|135|22.6|84.9|0.00|0.00|43.5889|41.0973
12|19|0|315|2.9|22.5|135|21.0|85.0|0.00|0.00|43.5895|40.7247
12|21|0|135|4.4|22.5|135|20.8|85.0|0.00|0.00|43.5911|39.4717
12|22|0|135|1.6|22.5|135|20.6|85.0|0.00|0.00|43.5846|39.4717
12|23|0|180|6.4|22.5|135|21.1|85.1|0.00|0.00|43.5821|40.7247
12|24|0|180|2.9|22.5|135|21.5|85.0|0.00|0.00|43.5836|40.7247
12|25|0|135|1.6|22.5|135|21.4|85.1|0.00|0.00|43.583|40.7247
12|26|0|45|1.5|22.5|135|21.3|85.2|0.00|0.00|43.5757|40.7247
12|27|0|225|0.0|22.5|135|20.7|85.6|0.00|0.00|43.5765|39.4717
12|28|0|180|2.9|22.5|135|21.7|85.8|0.00|0.00|43.5763|40.7247
12|29|0|180|2.9|22.5|135|20.2|86.1|0.00|0.00|43.5752|40.2909
12|30|0|225|3.2|22.5|135|20.2|86.3|0.00|0.00|43.5754|40.2909
12|31|0|90|2.9|22.5|135|19.5|86.7|0.00|0.00|43.5781|38.9766
12|32|0|0|3.2|22.5|135|21.0|87.0|0.00|0.00|43.5764|42.3722
12|33|0|113|4.4|22.5|135|19.8|87.0|0.00|0.00|43.5767|39.7905
12|34|0|90|2.9|22.5|135|19.7|87.1|0.00|0.00|43.5734|39.7905
12|35|0|45|3.2|22.5|135|19.9|87.1|0.00|0.00|43.5731|39.7905
12|36|0|45|1.5|22.5|135|21.2|87.2|0.00|0.00|43.5716|42.3722
12|38|0|45|1.5|22.5|135|22.1|87.2|0.00|0.00|43.569|43.5827
12|39|0|0|2.9|22.5|135|20.8|87.4|0.00|0.00|43.5676|41.1098
12|40|0|0|1.5|22.5|135|19.9|87.5|0.00|0.00|43.5677|39.7905
12|41|0|0|1.6|22.5|135|19.4|87.5|0.00|0.00|43.567|39.7905
12|42|0|0|3.2|22.5|135|20.8|87.6|0.00|0.00|43.5647|41.1098
12|43|0|0|2.9|22.5|135|20.3|87.7|0.00|0.00|43.5663|41.1098
12|44|0|0|4.4|22.5|135|21.2|87.7|0.00|0.00|43.5658|42.3722
12|45|0|23|2.9|22.5|135|20.1|87.7|0.00|0.00|43.564|41.1098
12|46|0|0|2.9|22.5|135|21.0|87.7|0.00|0.00|43.5632|42.3722
12|47|0|0|2.9|22.5|135|20.2|87.7|0.00|0.00|43.5629|41.1098
12|48|0|0|2.9|22.5|135|19.9|87.6|0.00|0.00|43.5618|39.7905
12|49|0|315|0.0|22.5|135|18.7|87.7|0.00|0.00|43.5616|38.4084
12|50|0|315|1.5|22.5|135|19.3|87.7|0.00|0.00|43.5606|39.7905
12|52|0|270|1.5|22.5|135|18.8|87.7|0.00|0.00|43.5611|38.4084
12|53|0|315|4.8|22.5|135|19.1|87.6|0.00|0.00|43.56|39.7905
12|54|0|0|4.8|22.5|135|20.0|87.4|0.00|0.00|43.5573|41.1098
12|56|0|45|1.6|22.5|135|18.6|87.2|0.00|0.00|43.5562|38.4084
12|57|0|45|0.0|22.5|135|18.4|87.4|0.00|0.00|43.5575|38.4084
12|58|0|315|2.9|22.5|135|19.8|87.4|0.00|0.00|43.5558|39.7905
12|59|0|180|1.5|22.5|135|18.5|87.4|0.00|0.00|43.5542|38.4084
13|00|0|0|1.6|22.5|135|18.2|87.5|0.00|0.00|43.5543|38.4084
13|01|0|225|0.0|22.5|135|18.8|87.6|0.00|0.00|43.5527|38.4084
13|02|0|225|1.6|22.5|135|18.5|87.7|0.00|0.00|43.5512|38.4084
13|03|0|90|1.6|22.5|135|18.1|87.8|0.00|0.00|43.5479|38.4084
13|04|0|225|1.6|22.5|135|18.4|88.0|0.00|0.00|43.551|39.2168
13|06|0|135|1.5|22.5|135|17.9|88.1|0.00|0.00|43.5503|37.7598
13|07|0|315|4.4|22.5|135|18.9|88.4|0.00|0.00|43.5492|39.2168
13|08|0|0|4.4|22.5|135|18.3|88.4|0.00|0.00|43.5478|39.2168
13|09|0|270|2.9|22.5|135|18.5|88.5|0.00|0.00|43.5492|39.2168
13|10|0|248|4.8|22.5|135|18.3|88.5|0.00|0.00|43.5466|39.2168
13|11|0|270|4.4|22.5|135|18.0|88.5|0.00|0.00|43.5462|39.2168
13|12|0|225|0.0|22.5|135|17.9|88.6|0.00|0.00|43.5449|37.7598
13|14|0|113|0.0|22.5|135|18.1|88.9|0.00|0.00|43.5432|39.2168
13|15|0|270|1.5|22.5|135|18.4|89.2|0.00|0.00|43.5405|40.0249
13|16|0|315|2.9|22.5|135|18.2|89.4|0.00|0.00|43.5423|40.0249
13|17|0|0|3.2|22.5|135|18.6|89.6|0.00|0.00|43.5401|40.0249
13|19|0|45|1.6|22.5|135|18.1|89.9|0.00|0.00|43.5398|40.0249
13|20|0|0|1.6|22.5|135|18.2|90.1|0.00|0.00|43.5411|40.8327
13|21|0|315|1.5|22.5|135|17.9|90.2|0.00|0.00|43.5401|39.3648
13|22|0|0|1.6|22.5|135|17.1|90.3|0.00|0.00|43.5383|39.3648
13|24|0|45|1.6|22.5|135|17.4|90.3|0.00|0.00|43.537|39.3648
13|25|0|135|0.0|22.5|135|17.5|90.4|0.00|0.00|43.5338|39.3648
13|26|0|225|2.9|22.5|135|18.2|90.6|0.00|0.00|43.5327|40.8327
13|27|0|225|3.2|22.5|135|17.6|90.7|0.00|0.00|43.531|39.3648
13|28|0|315|1.5|22.5|135|17.6|91.0|0.00|0.00|43.5307|40.1668
13|29|0|270|2.9|22.5|135|18.7|91.2|0.00|0.00|43.529|41.6401
13|31|0|270|0.0|22.5|135|17.2|91.3|0.00|0.00|43.5256|40.1668
13|32|0|0|3.2|22.5|135|18.6|91.3|0.00|0.00|43.5234|41.6401
13|33|0|225|2.9|22.5|135|18.6|91.2|0.00|0.00|43.5241|41.6401
13|34|0|270|4.4|22.5|135|18.2|91.1|0.00|0.00|43.5218|41.6401
13|35|0|180|2.9|22.5|135|19.2|91.1|0.00|0.00|43.5225|43.0428
13|36|0|315|4.8|22.5|135|22.0|91.1|0.00|0.00|43.5217|46.8922
13|37|0|315|4.4|22.5|135|19.8|90.8|0.00|0.00|43.5206|42.2302
13|38|0|0|4.4|22.5|135|19.7|90.7|0.00|0.00|43.5177|42.2302
13|39|0|0|4.4|22.5|135|20.2|90.6|0.00|0.00|43.5177|43.5644
13|40|0|0|1.5|22.5|135|20.9|90.7|0.00|0.00|43.52|43.5644
13|42|0|315|4.4|22.5|135|18.9|90.7|0.00|0.00|43.5188|40.8327
13|43|0|225|2.9|22.5|135|17.2|90.8|0.00|0.00|43.5168|39.3648
13|44|0|270|1.5|22.5|135|18.9|90.8|0.00|0.00|43.5167|40.8327
13|45|0|0|3.2|22.5|135|18.9|90.8|0.00|0.00|43.5158|40.8327
13|46|0|315|4.4|22.5|135|21.5|90.7|0.00|0.00|43.5159|44.8411
13|47|0|315|2.9|22.5|135|21.3|90.7|0.00|0.00|43.5155|44.8411
13|48|0|270|2.9|22.5|135|20.5|90.7|0.00|0.00|43.5148|43.5644
13|49|0|45|4.4|22.5|135|18.8|90.6|0.00|0.00|43.5129|40.8327
13|50|0|270|4.4|22.5|135|18.6|90.7|0.00|0.00|43.5117|40.8327
13|51|0|315|4.4|22.5|135|18.5|90.6|0.00|0.00|43.5103|40.8327
13|52|0|270|3.2|22.5|135|18.4|90.6|0.00|0.00|43.5098|40.8327
13|53|0|315|1.5|22.5|135|18.3|90.6|0.00|0.00|43.5088|40.8327
13|54|0|0|2.9|22.5|135|18.4|90.6|0.00|0.00|43.5082|40.8327
13|55|0|315|4.4|22.5|135|19.5|90.5|0.00|0.00|43.5079|42.2302
13|56|0|0|4.4|22.5|135|19.9|90.4|0.00|0.00|43.5076|42.2302
13|57|0|315|5.8|22.5|135|18.6|90.2|0.00|0.00|43.5061|40.8327
13|59|0|315|4.4|22.5|135|17.9|90.1|0.00|0.00|43.5064|39.3648
14|00|0|0|2.9|22.5|135|18.5|89.9|0.00|0.00|43.506|40.0249
14|01|0|0|2.9|22.5|135|19.9|89.8|0.00|0.00|43.504|41.4173
14|02|0|0|5.8|22.5|135|18.5|89.7|0.00|0.00|43.5044|40.0249
14|03|0|0|6.4|22.5|135|20.5|89.6|0.00|0.00|43.5031|42.7465
14|06|0|225|1.5|22.5|135|18.3|89.6|0.00|0.00|43.4988|40.0249
14|07|0|180|1.5|22.5|135|18.4|89.6|0.00|0.00|43.4946|40.0249
14|08|0|90|1.5|22.5|135|19.1|89.7|0.00|0.00|43.4945|41.4173
14|09|0|135|0.0|22.5|135|18.9|89.9|0.00|0.00|43.495|40.0249
14|10|0|315|1.5|22.5|135|19.4|90.2|0.00|0.00|43.4924|42.2302
14|11|0|315|4.4|22.5|135|21.5|90.4|0.00|0.00|43.4919|44.8411
14|12|0|338|2.9|22.5|135|20.2|90.4|0.00|0.00|43.492|43.5644
14|13|0|270|1.5|22.5|135|19.8|90.5|0.00|0.00|43.4928|42.2302
14|14|0|315|4.4|22.5|135|20.7|90.5|0.00|0.00|43.4906|43.5644
14|15|0|0|2.9|22.5|135|21.9|90.6|0.00|0.00|43.4919|44.8411
14|18|0|315|5.8|22.5|135|21.7|90.6|0.00|0.00|43.4895|44.8411
14|19|0|0|2.9|22.5|135|21.1|90.5|0.00|0.00|43.4875|44.8411
14|20|0|315|4.8|22.5|135|19.3|90.6|0.00|0.00|43.4866|42.2302
14|21|0|0|6.4|22.5|135|18.5|90.4|0.00|0.00|43.4845|40.8327
14|22|0|338|4.4|22.5|135|19.3|90.3|0.00|0.00|43.4857|42.2302
14|23|0|315|9.7|22.5|135|20.6|90.1|0.00|0.00|43.4806|43.5644
14|24|0|0|5.8|22.5|135|19.4|89.7|0.00|0.00|43.4795|41.4173
14|25|0|315|1.5|22.5|135|19.7|89.7|0.00|0.00|43.4812|41.4173
14|26|0|0|4.4|22.5|135|22.4|89.7|0.00|0.00|43.4815|45.2381
14|27|0|23|4.4|22.5|135|20.4|89.5|0.00|0.00|43.4778|42.7465
14|28|0|0|2.9|22.5|135|20.0|89.6|0.00|0.00|43.4769|42.7465
14|29|0|315|1.5|22.5|135|19.4|89.6|0.00|0.00|43.4763|41.4173
14|30|0|23|4.4|22.5|135|20.5|89.7|0.00|0.00|43.4743|42.7465
14|31|0|0|1.6|22.5|135|19.3|89.8|0.00|0.00|43.4747|41.4173
14|33|0|135|1.5|22.5|135|18.7|90.1|0.00|0.00|43.4718|40.8327
14|34|0|90|1.5|22.5|135|18.5|90.2|0.00|0.00|43.4697|40.8327
14|35|0|315|2.9|22.5|135|18.7|90.3|0.00|0.00|43.4686|40.8327
14|36|0|315|0.0|22.5|135|19.5|90.5|0.00|0.00|43.4668|42.2302
14|37|0|0|1.6|22.5|135|21.3|90.7|0.00|0.00|43.4657|44.8411
14|38|0|315|1.5|22.5|135|20.6|90.8|0.00|0.00|43.4643|43.5644
14|39|0|0|5.8|22.5|135|19.0|91.0|0.00|0.00|43.466|43.0428
14|40|0|315|4.4|22.5|135|19.5|90.8|0.00|0.00|43.4658|42.2302
14|41|0|315|2.9|22.5|135|20.2|90.8|0.00|0.00|43.4629|43.5644
14|42|0|45|1.6|22.5|135|17.9|90.8|0.00|0.00|43.4626|39.3648
14|43|0|180|1.6|22.5|135|18.3|91.0|0.00|0.00|43.464|41.6401
14|44|0|0|1.5|22.5|135|17.8|91.0|0.00|0.00|43.4634|40.1668
14|46|0|315|4.4|22.5|135|19.0|91.0|0.00|0.00|43.462|43.0428
14|47|0|0|8.7|22.5|135|20.4|91.0|0.00|0.00|43.4596|44.382
14|48|0|0|7.3|22.5|135|18.5|90.8|0.00|0.00|43.462|40.8327
14|50|0|23|5.8|22.5|135|19.0|90.7|0.00|0.00|43.4596|42.2302
14|51|0|0|4.4|22.5|135|20.1|90.7|0.00|0.00|43.4606|43.5644
14|52|0|315|3.2|22.5|135|18.9|90.6|0.00|0.00|43.4601|40.8327
14|53|0|0|4.4|22.5|135|20.6|90.6|0.00|0.00|43.4587|43.5644
14|54|0|0|3.2|22.5|135|18.8|90.7|0.00|0.00|43.4568|40.8327
14|55|0|315|2.9|22.5|135|18.6|90.7|0.00|0.00|43.4561|40.8327
14|56|0|90|1.5|22.5|135|17.6|90.7|0.00|0.00|43.455|39.3648
14|57|0|0|3.2|22.5|135|18.4|90.8|0.00|0.00|43.4536|40.8327
14|58|0|45|2.9|22.5|135|18.6|91.0|0.00|0.00|43.4562|41.6401
14|59|0|315|1.5|22.5|135|19.1|91.1|0.00|0.00|43.4541|43.0428
15|00|0|90|0.0|22.5|135|20.6|91.2|0.00|0.00|43.4543|44.382
15|01|0|23|1.5|22.5|135|20.9|91.4|0.00|0.00|43.457|44.382
15|02|0|0|1.5|22.5|135|21.3|91.5|0.00|0.00|43.4587|45.6634
15|03|0|0|2.9|22.5|135|20.8|91.7|0.00|0.00|43.4575|44.382
15|04|0|0|7.3|22.5|135|20.1|91.9|0.00|0.00|43.454|44.382
15|05|0|45|1.6|22.5|135|21.7|92.1|0.00|0.00|43.4541|46.4855
15|06|0|0|3.2|22.5|135|22.1|92.1|0.00|0.00|43.4509|47.7188
15|08|0|315|5.8|22.5|135|21.3|92.2|0.00|0.00|43.448|46.4855
15|09|0|0|3.2|22.5|135|19.1|92.3|0.00|0.00|43.4464|43.8551
15|10|0|0|2.9|22.5|135|21.4|92.4|0.00|0.00|43.4428|46.4855
15|11|0|23|4.4|22.5|135|21.1|92.4|0.00|0.00|43.4429|46.4855
15|12|0|45|2.9|22.5|135|19.8|92.6|0.00|0.00|43.446|43.8551
15|13|0|0|2.9|22.5|135|19.8|92.8|0.00|0.00|43.4457|43.8551
15|14|0|0|4.4|22.5|135|17.1|92.8|0.00|0.00|43.4418|40.9684
15|15|0|0|2.9|22.5|135|18.0|92.9|0.00|0.00|43.4415|42.4471
15|16|0|0|5.8|22.5|135|18.6|92.8|0.00|0.00|43.4393|42.4471
15|17|0|0|4.4|22.5|135|19.6|92.5|0.00|0.00|43.4385|43.8551
15|18|0|0|4.8|22.5|135|18.1|92.4|0.00|0.00|43.436|42.4471
15|19|0|0|5.8|22.5|135|17.1|92.2|0.00|0.00|43.4356|40.9684
15|20|0|0|4.4|22.5|135|18.7|92.1|0.00|0.00|43.4379|42.4471
15|21|0|0|4.4|22.5|135|16.9|91.9|0.00|0.00|43.4401|38.615
15|22|0|0|1.5|22.5|135|16.4|91.9|0.00|0.00|43.441|38.615
15|23|0|270|1.5|22.5|135|16.9|91.9|0.00|0.00|43.4375|38.615
15|25|0|0|5.8|22.5|135|17.7|91.9|0.00|0.00|43.4357|40.1668
15|26|0|315|5.8|22.5|135|20.4|91.9|0.00|0.00|43.4354|44.382
15|27|0|0|3.2|22.5|135|18.8|91.9|0.00|0.00|43.438|41.6401
15|28|0|0|4.4|22.5|135|18.4|91.9|0.00|0.00|43.4373|41.6401
15|29|0|23|1.6|22.5|135|20.0|91.9|0.00|0.00|43.4364|44.382
15|31|0|45|1.6|22.5|135|19.3|92.1|0.00|0.00|43.4335|43.8551
15|32|0|270|2.9|22.5|135|19.2|92.1|0.00|0.00|43.4321|43.8551
15|33|0|0|4.4|22.5|135|19.8|92.2|0.00|0.00|43.4304|43.8551
15|34|0|315|3.2|22.5|135|19.1|92.3|0.00|0.00|43.4296|43.8551
15|35|0|315|4.8|22.5|135|17.4|92.4|0.00|0.00|43.4286|40.9684
15|36|0|0|4.4|22.5|135|18.1|92.5|0.00|0.00|43.4301|42.4471
15|37|0|0|2.9|22.5|135|20.1|92.8|0.00|0.00|43.4315|45.1992
15|39|0|0|6.4|22.5|135|17.4|92.9|0.00|0.00|43.4302|40.9684
15|41|0|0|4.8|22.5|135|16.5|93.0|0.00|0.00|43.431|40.2065
15|42|0|0|3.2|22.5|135|17.5|93.0|0.00|0.00|43.4328|41.7697
15|43|0|0|1.5|22.5|135|16.2|93.0|0.00|0.00|43.4318|40.2065
15|44|0|0|4.8|22.5|135|15.5|93.1|0.00|0.00|43.4314|38.5547
15|45|0|0|4.8|22.5|135|15.7|93.0|0.00|0.00|43.4303|38.5547
15|46|0|45|2.9|22.5|135|16.0|93.0|0.00|0.00|43.4323|40.2065
15|47|0|0|4.8|22.5|135|16.9|93.0|0.00|0.00|43.4324|40.2065
15|48|0|45|1.5|22.5|135|16.2|93.1|0.00|0.00|43.431|40.2065
15|49|0|0|2.9|22.5|135|16.1|93.2|0.00|0.00|43.4302|40.2065
15|50|0|45|1.5|22.5|135|15.3|93.3|0.00|0.00|43.4319|38.5547
15|51|0|0|4.4|22.5|135|15.3|93.4|0.00|0.00|43.432|38.5547
15|52|0|0|3.2|22.5|135|15.6|93.3|0.00|0.00|43.4302|38.5547
15|53|0|0|4.4|22.5|135|16.3|93.3|0.00|0.00|43.4309|40.2065
15|54|0|23|2.9|22.5|135|15.6|93.2|0.00|0.00|43.4277|38.5547
15|56|0|0|0.0|22.5|135|14.4|93.3|0.00|0.00|43.4285|36.8026
15|57|0|0|1.5|22.5|135|14.9|93.4|0.00|0.00|43.4289|36.8026
15|58|0|0|8.7|22.5|135|13.4|93.4|0.00|0.00|43.4264|34.9363
16|00|0|315|2.9|22.5|135|12.1|93.4|0.00|0.00|43.4251|32.9386
16|01|0|0|5.8|22.5|135|14.5|93.5|0.00|0.00|43.4277|36.8026
16|02|0|0|2.9|22.5|135|15.0|93.7|0.00|0.00|43.4269|38.5547
16|03|0|315|11.6|22.5|135|14.8|93.7|0.00|0.00|43.4268|36.8026
16|04|0|315|7.3|22.5|135|16.2|93.7|0.00|0.00|43.4272|40.2065
16|05|0|315|7.3|22.5|135|15.2|93.7|0.00|0.00|43.426|38.5547
16|06|0|0|8.7|22.5|135|15.6|93.8|0.00|0.00|43.4279|38.5547
16|07|0|0|4.4|22.5|135|13.4|93.8|0.00|0.00|43.4251|34.9363
16|08|0|315|2.9|22.5|135|12.5|93.8|0.00|0.00|43.4229|32.9386
16|09|0|0|9.7|22.5|135|12.7|93.9|0.00|0.00|43.4215|32.9386
16|10|0|90|2.9|22.5|135|14.3|93.9|0.00|0.00|43.4217|36.8026
16|11|0|45|1.6|22.5|135|13.8|93.9|0.00|0.00|43.4213|34.9363
16|12|0|45|2.9|22.5|135|13.7|93.9|0.00|0.00|43.4196|34.9363
16|13|0|45|4.4|22.5|135|13.5|93.9|0.00|0.00|43.4171|34.9363
16|14|0|135|5.8|22.5|135|13.5|93.9|0.00|0.00|43.4132|34.9363
16|16|0|0|1.5|22.5|135|13.5|94.0|0.00|0.00|43.4126|35.7124
16|17|0|0|1.6|22.5|135|15.1|94.0|0.00|0.00|43.412|39.3438
16|18|0|45|2.9|22.5|135|14.7|94.1|0.00|0.00|43.4149|37.5854
16|19|0|45|2.9|22.5|135|15.6|94.3|0.00|0.00|43.415|39.3438
16|20|0|0|1.6|22.5|135|15.0|94.4|0.00|0.00|43.4175|39.3438
16|21|0|0|2.9|22.5|135|13.9|94.7|0.00|0.00|43.4159|35.7124
16|22|0|315|4.8|22.5|135|13.4|94.7|0.00|0.00|43.415|35.7124
16|23|0|0|5.8|22.5|135|11.9|94.7|0.00|0.00|43.4135|31.5491
16|24|0|45|4.4|22.5|135|13.3|94.8|0.00|0.00|43.4155|35.7124
16|25|0|0|6.4|22.5|135|13.6|94.8|0.00|0.00|43.4136|35.7124
16|26|0|0|5.8|22.5|135|12.1|94.7|0.00|0.00|43.4112|33.7075
16|27|0|0|4.8|22.5|135|13.0|94.6|0.00|0.00|43.4119|35.7124
16|28|0|0|11.3|22.5|135|14.1|94.4|0.00|0.00|43.4108|37.5854
16|30|0|0|1.6|22.5|135|11.9|94.0|0.00|0.00|43.4071|31.5491
16|32|0|135|1.6|22.5|135|11.5|94.1|0.00|0.00|43.4068|31.5491
16|33|0|0|5.8|22.5|135|13.0|94.1|0.00|0.00|43.4069|35.7124
16|35|0|315|7.3|22.5|135|16.2|94.0|0.00|0.00|43.405|41.0017
16|36|0|270|1.6|22.5|135|13.1|94.0|0.00|0.00|43.4027|35.7124
16|37|0|315|1.5|22.5|135|11.9|94.1|0.00|0.00|43.404|31.5491
16|38|0|180|4.4|22.5|135|12.8|94.2|0.00|0.00|43.4025|33.7075
16|39|0|0|9.7|22.5|135|12.7|94.2|0.00|0.00|43.4017|33.7075
16|41|0|45|4.4|22.5|135|11.9|94.1|0.00|0.00|43.4031|31.5491
16|42|0|0|3.2|22.5|135|14.2|94.1|0.00|0.00|43.4012|37.5854
16|43|0|338|8.7|22.5|135|14.0|94.1|0.00|0.00|43.4025|37.5854
16|44|0|0|4.8|22.5|135|12.8|94.0|0.00|0.00|43.4007|33.7075
16|45|0|315|1.5|22.5|135|13.5|94.0|0.00|0.00|43.402|35.7124
16|46|0|248|2.9|22.5|135|13.3|94.1|0.00|0.00|43.4014|35.7124
16|47|0|270|2.9|22.5|135|11.9|94.2|0.00|0.00|43.4021|31.5491
16|48|0|315|2.9|22.5|135|11.8|94.3|0.00|0.00|43.404|31.5491
16|49|0|0|11.6|22.5|135|13.6|94.4|0.00|0.00|43.4034|35.7124
16|52|0|0|10.2|22.5|135|11.2|94.3|0.00|0.00|43.4024|31.5491
16|53|0|0|7.3|22.5|135|11.8|94.2|0.00|0.00|43.4022|31.5491
16|54|0|315|1.5|22.5|135|11.3|94.2|0.00|0.00|43.4034|31.5491
16|55|0|338|1.5|22.5|135|11.4|94.1|0.00|0.00|43.4007|31.5491
16|56|0|0|2.9|22.5|135|10.7|94.2|0.00|0.00|43.3992|29.2097
16|57|0|315|1.6|22.5|135|10.7|94.2|0.00|0.00|43.4013|29.2097
16|58|0|90|1.6|22.5|135|10.5|94.3|0.00|0.00|43.399|29.2097
16|59|0|90|1.6|22.5|135|10.5|94.3|0.00|0.00|43.3976|29.2097
17|00|0|45|2.9|22.5|135|10.6|94.4|0.00|0.00|43.3972|29.2097
17|01|0|45|1.5|22.5|135|12.1|94.6|0.00|0.00|43.3968|33.7075
17|02|0|45|1.5|22.5|135|12.8|94.7|0.00|0.00|43.3954|33.7075
17|03|0|0|2.9|22.5|135|13.0|94.9|0.00|0.00|43.3985|35.7124
17|04|0|90|3.2|22.5|135|12.2|94.9|0.00|0.00|43.3972|33.7075
17|05|0|90|1.6|22.5|135|11.3|95.0|0.00|0.00|43.3974|32.3099
17|06|0|45|0.0|22.5|135|11.0|95.1|0.00|0.00|43.3967|32.3099
17|07|0|0|1.5|22.5|135|10.3|95.1|0.00|0.00|43.3969|29.9621
17|08|0|270|0.0|22.5|135|10.7|95.2|0.00|0.00|43.3961|29.9621
17|09|0|0|1.5|22.5|135|11.2|95.3|0.00|0.00|43.3989|32.3099
17|11|0|90|4.4|22.5|135|10.8|95.3|0.00|0.00|43.3954|29.9621
17|12|0|0|4.4|22.5|135|10.9|95.3|0.00|0.00|43.3975|29.9621
17|13|0|0|6.5|22.5|135|11.2|95.1|0.00|0.00|43.3966|32.3099
17|14|0|0|4.4|22.5|135|10.6|95.0|0.00|0.00|43.3941|29.9621
17|15|0|45|1.5|22.5|135|13.4|94.9|0.00|0.00|43.3944|35.7124
17|16|0|0|2.9|22.5|135|13.0|95.0|0.00|0.00|43.3954|36.4881
17|17|0|45|2.9|22.5|135|14.8|94.9|0.00|0.00|43.3919|37.5854
17|18|0|45|1.6|22.5|135|13.0|94.9|0.00|0.00|43.3945|35.7124
17|19|0|45|2.9|22.5|135|10.7|94.9|0.00|0.00|43.3927|29.2097
17|20|0|45|1.5|22.5|135|10.7|94.9|0.00|0.00|43.3929|29.2097
17|21|0|338|0.0|22.5|135|10.6|94.9|0.00|0.00|43.3904|29.2097
17|22|0|0|1.6|22.5|135|11.4|95.0|0.00|0.00|43.3929|32.3099
17|23|0|0|10.2|22.5|135|10.5|94.7|0.00|0.00|43.3886|29.2097
17|25|0|45|1.5|22.5|135|13.8|94.6|0.00|0.00|43.3922|35.7124
17|26|0|45|2.9|22.5|135|13.0|94.7|0.00|0.00|43.3932|35.7124
17|28|0|0|8.7|22.5|135|11.2|94.4|0.00|0.00|43.3912|31.5491
17|29|0|0|4.4|22.5|135|10.9|94.2|0.00|0.00|43.3923|29.2097
17|30|0|315|2.9|22.5|135|10.0|94.2|0.00|0.00|43.3927|29.2097
17|31|0|315|2.9|22.5|135|11.6|94.1|0.00|0.00|43.3917|31.5491
17|32|0|270|1.5|22.5|135|10.2|94.2|0.00|0.00|43.3921|29.2097
17|34|0|135|1.5|22.5|135|10.2|94.3|0.00|0.00|43.3886|29.2097
17|35|0|180|1.5|22.5|135|9.8|94.4|0.00|0.00|43.3879|26.6532
17|36|0|180|1.5|22.5|135|9.7|94.6|0.00|0.00|43.3871|26.6532
17|37|0|180|1.5|22.5|135|10.6|94.7|0.00|0.00|43.3946|29.2097
17|38|0|180|0.0|22.5|135|9.8|94.7|0.00|0.00|43.3954|26.6532
17|40|0|45|1.5|22.5|135|9.4|94.7|0.00|0.00|43.3943|26.6532
17|41|0|90|0.0|22.5|135|9.8|94.8|0.00|0.00|43.3882|26.6532
17|42|0|45|1.5|22.5|135|10.1|94.9|0.00|0.00|43.3869|29.2097
17|43|0|90|1.5|22.5|135|9.9|95.0|0.00|0.00|43.3861|27.3966
17|44|0|45|1.5|22.5|135|9.1|95.1|0.00|0.00|43.3855|27.3966
17|45|0|0|1.5|22.5|135|9.5|95.1|0.00|0.00|43.381|27.3966
17|47|0|0|1.6|22.5|135|9.2|95.3|0.00|0.00|43.3828|27.3966
17|48|0|225|2.9|22.5|135|9.2|95.3|0.00|0.00|43.381|27.3966
17|49|0|180|1.5|22.5|135|9.7|95.5|0.00|0.00|43.3825|27.3966
17|50|0|225|4.4|22.5|135|9.9|95.6|0.00|0.00|43.3806|27.3966
17|51|0|270|4.8|22.5|135|9.6|95.6|0.00|0.00|43.3865|27.3966
17|52|0|315|7.3|22.5|135|10.1|95.1|0.00|0.00|43.3888|29.9621
17|53|0|315|2.9|22.5|135|10.0|94.9|0.00|0.00|43.3816|29.2097
17|54|0|0|6.4|22.5|135|11.7|94.7|0.00|0.00|43.3791|31.5491
17|55|0|0|4.4|22.5|135|11.1|94.4|0.00|0.00|43.3773|31.5491
17|56|0|90|1.5|22.5|135|11.0|94.4|0.00|0.00|43.3762|31.5491
17|57|0|0|4.4|22.5|135|12.2|94.4|0.00|0.00|43.3779|33.7075
17|58|0|0|5.8|22.5|135|10.9|94.1|0.00|0.00|43.375|29.2097
17|59|0|0|4.4|22.5|135|10.0|93.9|0.00|0.00|43.3747|28.4568
18|00|0|315|2.9|22.5|135|10.4|93.9|0.00|0.00|43.3743|28.4568
18|01|0|0|5.8|22.5|135|10.9|93.8|0.00|0.00|43.3754|28.4568
18|02|0|45|1.5|22.5|135|10.1|93.8|0.00|0.00|43.3722|28.4568
18|04|0|0|4.4|22.5|135|9.5|93.8|0.00|0.00|43.3726|25.9094
18|05|0|0|2.9|22.5|135|9.1|93.8|0.00|0.00|43.371|25.9094
18|07|0|0|2.9|22.5|135|9.4|93.8|0.00|0.00|43.3791|25.9094
18|08|0|315|1.5|22.5|135|10.4|93.8|0.00|0.00|43.3739|28.4568
18|09|0|315|1.5|22.5|135|10.3|93.9|0.00|0.00|43.373|28.4568
18|10|0|315|1.5|22.5|135|9.1|94.0|0.00|0.00|43.3721|26.6532
18|11|0|270|0.0|22.5|135|10.1|94.1|0.00|0.00|43.3702|29.2097
18|12|0|270|1.5|22.5|135|9.6|94.3|0.00|0.00|43.3724|26.6532
18|13|0|270|1.6|22.5|135|9.9|94.4|0.00|0.00|43.3789|26.6532
18|14|0|315|1.5|22.5|135|9.8|94.6|0.00|0.00|43.3764|26.6532
18|15|0|180|1.5|22.5|135|9.6|94.7|0.00|0.00|43.3775|26.6532
18|16|0|225|2.9|22.5|135|10.4|94.8|0.00|0.00|43.3751|29.2097
18|17|0|225|0.0|22.5|135|10.4|94.8|0.00|0.00|43.3787|29.2097
18|18|0|315|1.5|22.5|135|10.5|94.9|0.00|0.00|43.3766|29.2097
18|19|0|135|1.6|22.5|135|11.7|94.9|0.00|0.00|43.3749|31.5491
18|20|0|225|1.5|22.5|135|11.3|95.0|0.00|0.00|43.3775|32.3099
18|21|0|270|1.6|22.5|135|11.0|94.9|0.00|0.00|43.3774|31.5491
18|22|0|270|3.2|22.5|135|10.8|95.0|0.00|0.00|43.3715|29.9621
18|23|0|315|2.9|22.5|135|9.4|94.8|0.00|0.00|43.3715|26.6532
18|25|0|315|2.9|22.5|135|10.2|94.9|0.00|0.00|43.3707|29.2097
18|26|0|270|2.9|22.5|135|10.2|94.9|0.00|0.00|43.3711|29.2097
18|27|0|270|1.5|22.5|135|9.7|94.9|0.00|0.00|43.3694|26.6532
18|28|0|180|1.6|22.5|135|10.1|94.9|0.00|0.00|43.3694|29.2097
18|29|0|270|2.9|22.5|135|9.8|95.0|0.00|0.00|43.371|27.3966
18|30|0|315|1.5|22.5|135|10.1|95.0|0.00|0.00|43.3704|29.9621
18|31|0|270|2.9|22.5|135|10.9|95.1|0.00|0.00|43.3711|29.9621
18|32|0|270|4.8|22.5|135|9.5|95.1|0.00|0.00|43.3691|27.3966
18|33|0|315|3.2|22.5|135|9.3|95.1|0.00|0.00|43.368|27.3966
18|34|0|315|2.9|22.5|135|9.7|95.1|0.00|0.00|43.3687|27.3966
18|36|0|270|0.0|22.5|135|10.1|95.1|0.00|0.00|43.3697|29.9621
18|37|0|0|0.0|22.5|135|9.4|95.1|0.00|0.00|43.3676|27.3966
18|38|0|270|0.0|22.5|135|9.4|95.1|0.00|0.00|43.367|27.3966
18|39|0|180|1.5|22.5|135|10.2|95.1|0.00|0.00|43.3673|29.9621
18|40|0|270|0.0|22.5|135|10.6|95.2|0.00|0.00|43.3683|29.9621
18|41|0|315|0.0|22.5|135|11.5|95.3|0.00|0.00|43.3665|32.3099
18|45|0|135|1.5|22.5|135|10.7|95.7|0.00|0.00|43.3691|29.9621
18|46|0|135|2.9|22.5|135|9.8|95.7|0.00|0.00|43.3697|27.3966
18|47|0|225|1.6|22.5|135|9.6|95.6|0.00|0.00|43.3659|27.3966
18|48|0|225|0.0|22.5|135|9.6|95.5|0.00|0.00|43.3674|27.3966
18|49|0|270|0.0|22.5|135|9.7|95.5|0.00|0.00|43.3668|27.3966
18|50|0|180|0.0|22.5|135|10.1|95.6|0.00|0.00|43.3678|29.9621
18|51|0|180|1.5|22.5|135|10.6|95.6|0.00|0.00|43.3664|29.9621
18|52|0|225|0.0|22.5|135|10.2|95.6|0.00|0.00|43.3673|29.9621
18|53|0|180|1.5|22.5|135|10.9|95.6|0.00|0.00|43.3682|29.9621
18|54|0|90|1.5|22.5|135|10.5|95.6|0.00|0.00|43.3674|29.9621
18|55|0|135|2.9|22.5|135|10.3|95.5|0.00|0.00|43.3674|29.9621
18|56|0|180|4.4|22.5|135|10.4|95.3|0.00|0.00|43.3673|29.9621
18|57|0|180|3.2|22.5|135|9.9|95.1|0.00|0.00|43.3691|27.3966
18|58|0|0|0.0|22.5|135|9.7|95.0|0.00|0.00|43.3673|27.3966
18|59|0|315|1.5|22.5|135|9.6|94.9|0.00|0.00|43.3691|26.6532
19|00|0|315|3.2|22.5|135|9.6|94.8|0.00|0.00|43.3689|26.6532
19|01|0|45|0.0|22.5|135|9.4|94.8|0.00|0.00|43.3695|26.6532
19|03|0|0|1.5|22.5|135|10.6|94.8|0.00|0.00|43.37|29.2097
19|04|0|135|0.0|22.5|135|11.0|94.8|0.00|0.00|43.3708|31.5491
19|05|0|0|0.0|22.5|135|11.5|94.8|0.00|0.00|43.3703|31.5491
19|06|0|0|1.5|22.5|135|12.9|94.9|0.00|0.00|43.3735|33.7075
19|07|0|0|1.5|22.5|135|13.6|94.9|0.00|0.00|43.3717|35.7124
19|08|0|0|0.0|22.5|135|13.2|94.9|0.00|0.00|43.3699|35.7124
19|09|0|0|0.0|22.5|135|12.3|94.9|0.00|0.00|43.3699|33.7075
19|10|0|0|0.0|22.5|135|11.7|95.0|0.00|0.00|43.3694|32.3099
19|11|0|0|0.0|22.5|135|11.8|95.0|0.00|0.00|43.3714|32.3099
19|12|0|90|0.0|22.5|135|10.8|95.0|0.00|0.00|43.3689|29.9621
19|14|0|0|1.5|22.5|135|13.8|95.0|0.00|0.00|43.3713|36.4881
19|15|0|0|2.9|22.5|135|12.4|94.8|0.00|0.00|43.3697|33.7075
19|16|0|0|0.0|22.5|135|10.9|94.8|0.00|0.00|43.3713|29.2097
19|17|0|23|0.0|22.5|135|10.8|94.7|0.00|0.00|43.3697|29.2097
19|18|0|45|1.5|22.5|135|10.9|94.6|0.00|0.00|43.3706|29.2097
19|19|0|45|0.0|22.5|135|11.6|94.6|0.00|0.00|43.3705|31.5491
19|20|0|45|1.5|22.5|135|11.7|94.4|0.00|0.00|43.3699|31.5491
19|21|0|45|1.6|22.5|135|11.6|94.3|0.00|0.00|43.3702|31.5491
19|24|0|0|1.5|22.5|135|12.0|94.2|0.00|0.00|43.3676|33.7075
19|25|0|45|0.0|22.5|135|12.3|94.2|0.00|0.00|43.3673|33.7075
19|26|0|68|0.0|22.5|135|12.2|94.1|0.00|0.00|43.3671|33.7075
19|27|0|45|1.5|22.5|135|12.1|94.1|0.00|0.00|43.3683|33.7075
19|28|0|0|0.0|22.5|135|12.2|94.0|0.00|0.00|43.3668|33.7075
19|29|0|0|0.0|22.5|135|11.5|94.0|0.00|0.00|43.3678|31.5491
19|30|0|45|0.0|22.5|135|11.3|93.9|0.00|0.00|43.3674|30.788
19|31|0|45|0.0|22.5|135|11.1|93.9|0.00|0.00|43.3678|30.788
19|32|0|135|1.5|22.5|135|10.9|93.9|0.00|0.00|43.3674|28.4568
19|33|0|270|1.5|22.5|135|11.0|93.9|0.00|0.00|43.369|30.788
19|34|0|270|0.0|22.5|135|12.3|93.8|0.00|0.00|43.3687|32.9386
19|35|0|270|1.5|22.5|135|12.3|93.8|0.00|0.00|43.3697|32.9386
19|36|0|270|1.5|22.5|135|12.2|93.8|0.00|0.00|43.3691|32.9386
19|37|0|270|0.0|22.5|135|12.0|93.8|0.00|0.00|43.3699|32.9386
19|38|0|270|0.0|22.5|135|11.7|93.7|0.00|0.00|43.3683|30.788
19|40|0|270|0.0|22.5|135|12.1|93.8|0.00|0.00|43.3694|32.9386
19|41|0|270|0.0|22.5|135|12.5|93.8|0.00|0.00|43.3685|32.9386
19|42|0|270|0.0|22.5|135|12.9|93.9|0.00|0.00|43.3695|32.9386
19|43|0|270|1.5|22.5|135|13.1|93.9|0.00|0.00|43.3696|34.9363
19|44|0|270|1.5|22.5|135|12.1|93.9|0.00|0.00|43.3697|32.9386
19|45|0|270|0.0|22.5|135|11.3|93.9|0.00|0.00|43.3655|30.788
19|46|0|270|1.5|22.5|135|11.7|93.9|0.00|0.00|43.3674|30.788
19|47|0|270|0.0|22.5|135|11.4|93.9|0.00|0.00|43.3666|30.788
19|48|0|270|0.0|22.5|135|11.4|93.9|0.00|0.00|43.3689|30.788
19|49|0|270|1.5|22.5|135|11.5|93.9|0.00|0.00|43.3694|30.788
19|50|0|270|1.6|22.5|135|11.1|93.9|0.00|0.00|43.366|30.788
19|51|0|270|1.5|22.5|135|11.2|93.9|0.00|0.00|43.3688|30.788
19|52|0|270|0.0|22.5|135|11.6|93.9|0.00|0.00|43.3685|30.788
19|53|0|270|0.0|22.5|135|12.3|93.9|0.00|0.00|43.3697|32.9386
19|54|0|270|0.0|22.5|135|12.5|93.9|0.00|0.00|43.3689|32.9386
19|55|0|0|0.0|22.5|135|12.2|93.8|0.00|0.00|43.3694|32.9386
19|56|0|0|0.0|22.5|135|12.9|93.8|0.00|0.00|43.3714|32.9386
19|58|0|0|0.0|22.5|135|12.9|93.7|0.00|0.00|43.369|32.9386
19|59|0|0|0.0|22.5|135|13.1|93.5|0.00|0.00|43.3699|34.9363
20|00|0|0|0.0|22.5|135|13.8|93.4|0.00|0.00|43.3682|34.9363
20|01|0|0|0.0|22.5|135|12.7|93.2|0.00|0.00|43.3655|32.9386
20|02|0|0|0.0|22.5|135|11.5|93.1|0.00|0.00|43.3656|30.788
20|03|0|0|0.0|22.5|135|11.2|92.9|0.00|0.00|43.3649|30.0264
20|04|0|0|0.0|22.5|135|12.1|92.6|0.00|0.00|43.3671|32.1694
20|05|0|0|0.0|22.5|135|13.2|92.4|0.00|0.00|43.364|34.1599
20|06|0|0|0.0|22.5|135|13.7|92.3|0.00|0.00|43.3666|34.1599
20|07|0|180|1.6|22.5|135|13.9|92.1|0.00|0.00|43.3646|34.1599
20|08|0|180|1.5|22.5|135|14.2|91.9|0.00|0.00|43.365|35.2359
20|09|0|180|0.0|22.5|135|14.1|91.5|0.00|0.00|43.3635|35.2359
20|10|0|180|0.0|22.5|135|13.9|91.2|0.00|0.00|43.3624|33.3831
20|11|0|135|1.5|22.5|135|13.6|90.8|0.00|0.00|43.3623|32.6059
20|13|0|135|0.0|22.5|135|13.4|90.3|0.00|0.00|43.3724|32.6059
20|15|0|135|0.0|22.5|135|14.0|90.1|0.00|0.00|43.3722|34.4519
20|16|0|135|0.0|22.5|135|14.1|89.8|0.00|0.00|43.3706|33.6676
20|17|0|135|0.0|22.5|135|14.5|89.6|0.00|0.00|43.3699|33.6676
20|18|0|135|0.0|22.5|135|14.9|89.5|0.00|0.00|43.3694|33.6676
20|19|0|135|0.0|22.5|135|14.8|89.3|0.00|0.00|43.3675|33.6676
20|20|0|135|0.0|22.5|135|14.9|89.0|0.00|0.00|43.3657|33.6676
20|21|0|135|0.0|22.5|135|15.0|88.8|0.00|0.00|43.3656|34.6033
20|22|0|135|0.0|22.5|135|15.4|88.7|0.00|0.00|43.3654|34.6033
20|23|0|135|0.0|22.5|135|15.3|88.5|0.00|0.00|43.3658|34.6033
20|24|0|135|0.0|22.5|135|14.9|88.4|0.00|0.00|43.3674|32.883
20|26|0|135|0.0|22.5|135|15.2|87.9|0.00|0.00|43.3665|33.812
20|27|0|135|0.0|22.5|135|15.6|87.8|0.00|0.00|43.3687|33.812
20|28|0|135|0.0|22.5|135|15.7|87.6|0.00|0.00|43.3678|33.812
20|30|0|135|0.0|22.5|135|15.9|87.5|0.00|0.00|43.3708|33.812
20|31|0|270|0.0|22.5|135|16.0|87.2|0.00|0.00|43.3687|35.4278
20|32|0|270|0.0|22.5|135|16.3|87.0|0.00|0.00|43.3688|35.4278
20|33|0|270|1.5|22.5|135|17.3|86.9|0.00|0.00|43.3681|36.1535
20|34|0|315|0.0|22.5|135|17.9|86.6|0.00|0.00|43.3659|36.1535
20|35|0|315|1.5|22.5|135|18.2|86.3|0.00|0.00|43.3685|37.5996
20|36|0|315|2.9|22.5|135|18.2|85.9|0.00|0.00|43.3667|36.7905
20|37|0|315|1.5|22.5|135|17.8|85.6|0.00|0.00|43.3685|35.3498
20|38|0|315|1.5|22.5|135|17.7|85.2|0.00|0.00|43.3685|35.3498
20|39|0|315|1.5|22.5|135|17.6|84.7|0.00|0.00|43.3641|34.5457
20|40|0|315|2.9|22.5|135|18.2|84.3|0.00|0.00|43.365|35.9811
20|41|0|315|2.9|22.5|135|18.7|83.9|0.00|0.00|43.3654|35.1713
20|42|0|270|0.0|22.5|135|18.3|83.5|0.00|0.00|43.3659|35.1713
20|43|0|315|0.0|22.5|135|18.4|83.2|0.00|0.00|43.3688|35.1713
20|45|0|315|1.5|22.5|135|19.1|82.9|0.00|0.00|43.3682|35.7176
20|46|0|315|1.5|22.5|135|20.0|82.5|0.00|0.00|43.3685|37.0123
20|47|0|315|1.5|22.5|135|20.0|82.2|0.00|0.00|43.3659|37.0123
20|48|0|315|1.5|22.5|135|19.3|81.8|0.00|0.00|43.3643|34.902
20|49|0|270|1.5|22.5|135|19.4|81.6|0.00|0.00|43.3656|34.902
20|50|0|180|0.0|22.5|135|20.2|81.4|0.00|0.00|43.3659|36.1918
20|51|0|135|2.9|22.5|135|22.4|81.2|0.00|0.00|43.3697|38.6091
20|52|0|180|1.5|22.5|135|22.4|80.9|0.00|0.00|43.3749|37.779
20|53|0|180|0.0|22.5|135|21.8|80.7|0.00|0.00|43.3744|36.6003
20|54|0|180|0.0|22.5|135|21.1|80.5|0.00|0.00|43.3729|36.6003
20|55|0|180|0.0|22.5|135|21.0|80.4|0.00|0.00|43.3731|36.6003
20|56|0|180|0.0|22.5|135|21.0|80.3|0.00|0.00|43.3717|36.6003
20|57|0|45|0.0|22.5|135|21.3|80.2|0.00|0.00|43.3703|36.6003
20|59|0|45|0.0|22.5|135|20.6|80.0|0.00|0.00|43.3694|35.371
21|00|0|45|0.0|22.5|135|20.6|80.0|0.00|0.00|43.3683|35.371
21|01|0|45|0.0|22.5|135|20.4|79.9|0.00|0.00|43.3679|34.5498
21|02|0|45|0.0|22.5|135|20.3|79.9|0.00|0.00|43.3672|34.5498
21|03|0|45|0.0|22.5|135|20.6|79.8|0.00|0.00|43.3682|34.5498
21|05|0|225|0.0|22.5|135|22.6|79.8|0.00|0.00|43.368|36.9487
21|06|0|225|0.0|22.5|135|23.3|79.8|0.00|0.00|43.3698|38.0767
21|07|0|225|0.0|22.5|135|23.5|79.7|0.00|0.00|43.3695|38.0767
21|08|0|225|0.0|22.5|135|23.5|79.7|0.00|0.00|43.3703|38.0767
21|09|0|225|0.0|22.5|135|23.2|79.6|0.00|0.00|43.3679|38.0767
21|10|0|225|0.0|22.5|135|23.5|79.5|0.00|0.00|43.3695|38.0767
21|11|0|225|0.0|22.5|135|23.8|79.5|0.00|0.00|43.3711|38.0767
21|12|0|225|0.0|22.5|135|24.1|79.4|0.00|0.00|43.3685|39.1622
21|13|0|225|0.0|22.5|135|24.6|79.4|0.00|0.00|43.3697|39.1622
21|15|0|225|0.0|22.5|135|25.3|79.3|0.00|0.00|43.3698|40.2085
21|16|0|225|0.0|22.5|135|26.6|79.1|0.00|0.00|43.3682|41.2185
21|17|0|225|1.5|22.5|135|27.0|79.0|0.00|0.00|43.3687|42.1949
21|18|0|180|1.5|22.5|135|26.3|78.9|0.00|0.00|43.367|40.3714
21|19|0|180|1.5|22.5|135|26.2|78.8|0.00|0.00|43.3694|40.3714
21|20|0|180|1.5|22.5|135|26.2|78.6|0.00|0.00|43.3683|40.3714
21|21|0|180|0.0|22.5|135|25.8|78.5|0.00|0.00|43.3678|39.3653
21|22|0|180|0.0|22.5|135|25.5|78.2|0.00|0.00|43.3676|39.3653
21|23|0|180|0.0|22.5|135|25.5|78.0|0.00|0.00|43.3694|39.3653
21|24|0|90|0.0|22.5|135|25.3|77.9|0.00|0.00|43.3682|38.5218
21|25|0|90|2.9|22.5|135|25.2|77.7|0.00|0.00|43.3679|38.5218
21|26|0|90|0.0|22.5|135|25.4|77.6|0.00|0.00|43.3685|38.5218
21|27|0|90|0.0|22.5|135|25.3|77.5|0.00|0.00|43.3717|38.5218
21|28|0|90|0.0|22.5|135|25.8|77.2|0.00|0.00|43.3741|38.5218
21|30|0|135|0.0|22.5|135|26.3|77.1|0.00|0.00|43.3768|39.524
21|31|0|135|0.0|22.5|135|26.5|77.1|0.00|0.00|43.3782|39.524
21|32|0|135|0.0|22.5|135|26.4|77.1|0.00|0.00|43.3805|39.524
21|33|0|135|0.0|22.5|135|26.5|77.0|0.00|0.00|43.3803|39.524
21|34|0|135|0.0|22.5|135|26.6|77.0|0.00|0.00|43.3821|39.524
21|35|0|135|0.0|22.5|135|26.8|76.9|0.00|0.00|43.3825|38.6763
21|36|0|45|0.0|22.5|135|27.6|76.8|0.00|0.00|43.3835|39.6413
21|37|0|45|1.6|22.5|135|30.1|76.8|0.00|0.00|43.3844|42.3581
21|38|0|45|0.0|22.5|135|28.8|76.7|0.00|0.00|43.3832|40.5752
21|39|0|90|0.0|22.5|135|27.6|76.6|0.00|0.00|43.3822|39.6413
21|40|0|90|0.0|22.5|135|27.7|76.4|0.00|0.00|43.3821|39.6413
21|43|0|90|0.0|22.5|135|27.8|76.3|0.00|0.00|43.3842|39.6413
21|44|0|0|0.0|22.5|135|28.6|76.2|0.00|0.00|43.3845|40.5752
21|45|0|0|0.0|22.5|135|29.0|76.1|0.00|0.00|43.3846|41.4802
21|46|0|0|0.0|22.5|135|30.5|76.1|0.00|0.00|43.3863|42.3581
21|47|0|270|1.5|22.5|135|30.3|75.9|0.00|0.00|43.3858|41.4957
21|48|0|270|1.5|22.5|135|30.2|75.9|0.00|0.00|43.3884|41.4957
21|49|0|225|1.5|22.5|135|29.0|75.7|0.00|0.00|43.3867|40.6213
21|50|0|225|1.5|22.5|135|29.7|75.4|0.00|0.00|43.3875|40.6213
21|51|0|315|2.9|22.5|135|30.2|75.2|0.00|0.00|43.3853|41.4957
21|52|0|315|2.9|22.5|135|29.6|75.0|0.00|0.00|43.3845|40.6213
21|53|0|315|4.8|22.5|135|28.9|74.9|0.00|0.00|43.3834|38.8642
21|54|0|0|4.8|22.5|135|30.7|74.6|0.00|0.00|43.3849|40.633
21|56|0|0|1.6|22.5|135|30.5|74.4|0.00|0.00|43.3849|40.633
21|58|0|0|1.5|22.5|135|31.1|74.1|0.00|0.00|43.3828|41.4788
21|59|0|0|0.0|22.5|135|31.2|73.9|0.00|0.00|43.3834|40.6125
22|00|0|0|0.0|22.5|135|30.9|73.6|0.00|0.00|43.3813|39.7701
22|01|0|0|0.0|22.5|135|30.4|73.5|0.00|0.00|43.3849|39.7701
22|02|0|0|0.0|22.5|135|30.2|73.4|0.00|0.00|43.3844|39.7701
22|03|0|0|0.0|22.5|135|30.2|73.3|0.00|0.00|43.385|39.7701
22|04|0|135|0.0|22.5|135|30.6|73.2|0.00|0.00|43.3832|39.7701
22|05|0|135|0.0|22.5|135|31.2|73.2|0.00|0.00|43.3834|40.6125
22|06|0|90|0.0|22.5|135|31.7|73.1|0.00|0.00|43.3816|40.6125
22|07|0|90|0.0|22.5|135|32.4|73.0|0.00|0.00|43.3815|41.4312
22|09|0|90|0.0|22.5|135|32.5|73.0|0.00|0.00|43.3823|41.4312
22|10|0|90|0.0|22.5|135|32.3|72.8|0.00|0.00|43.3807|40.5614
22|11|0|90|0.0|22.5|135|32.4|72.7|0.00|0.00|43.3805|40.5614
22|12|0|45|0.0|22.5|135|32.1|72.7|0.00|0.00|43.3803|40.5614
22|13|0|45|0.0|22.5|135|30.9|72.7|0.00|0.00|43.3829|38.9069
22|14|0|45|0.0|22.5|135|31.3|72.7|0.00|0.00|43.3818|39.7459
22|15|0|90|0.0|22.5|135|31.3|72.6|0.00|0.00|43.3808|39.7459
22|16|0|90|0.0|22.5|135|31.5|72.6|0.00|0.00|43.3816|39.7459
22|17|0|90|0.0|22.5|135|31.7|72.6|0.00|0.00|43.3825|39.7459
22|19|0|90|0.0|22.5|135|31.6|72.6|0.00|0.00|43.3832|39.7459
22|20|0|90|0.0|22.5|135|32.0|72.6|0.00|0.00|43.3832|40.5614
22|21|0|90|0.0|22.5|135|31.4|72.7|0.00|0.00|43.3842|39.7459
22|22|0|90|0.0|22.5|135|31.4|72.7|0.00|0.00|43.3836|39.7459
22|23|0|90|0.0|22.5|135|31.6|72.7|0.00|0.00|43.3838|39.7459
22|24|0|90|0.0|22.5|135|32.0|72.7|0.00|0.00|43.3832|40.5614
22|25|0|90|1.6|22.5|135|31.5|72.7|0.00|0.00|43.3835|39.7459
22|26|0|90|0.0|22.5|135|31.9|72.7|0.00|0.00|43.3841|39.7459
22|28|0|90|0.0|22.5|135|32.5|72.7|0.00|0.00|43.3854|40.5614
22|29|0|90|0.0|22.5|135|32.9|72.6|0.00|0.00|43.3855|40.5614
22|30|0|180|0.0|22.5|135|33.0|72.5|0.00|0.00|43.3842|41.3548
22|31|0|135|0.0|22.5|135|32.7|72.6|0.00|0.00|43.3865|40.5614
22|32|0|135|0.0|22.5|135|32.5|72.5|0.00|0.00|43.3861|40.5614
22|33|0|135|0.0|22.5|135|32.4|72.4|0.00|0.00|43.3845|40.5614
22|34|0|135|0.0|22.5|135|32.5|72.4|0.00|0.00|43.3866|40.5614
22|35|0|135|0.0|22.5|135|32.8|72.4|0.00|0.00|43.3869|40.5614
22|36|0|135|0.0|0.0|180|33.1|72.3|0.00|0.00|43.3885|41.3548
22|37|0|135|0.0|0.0|180|32.7|72.3|0.00|0.00|43.3873|40.5614
22|39|0|135|0.0|0.0|180|32.3|72.2|0.00|0.00|43.3863|40.5614
22|40|0|90|0.0|0.0|180|32.0|72.2|0.00|0.00|43.3873|40.5614
22|41|0|90|0.0|2.9|90|31.7|72.1|0.00|0.00|43.3878|39.7459
22|42|0|90|0.0|2.9|90|31.9|72.1|0.00|0.00|43.3853|39.7459
22|43|0|135|0.0|2.9|90|31.2|72.1|0.00|0.00|43.3875|39.7459
22|44|0|90|0.0|2.9|90|31.3|71.9|0.00|0.00|43.3871|38.8791
22|45|0|90|1.5|2.9|90|29.5|71.8|0.00|0.00|43.3854|37.1827
22|46|0|90|0.0|3.2|90|28.7|71.8|0.00|0.00|43.3866|36.2955
22|47|0|90|0.0|3.2|90|28.4|71.8|0.00|0.00|43.3864|36.2955
22|48|0|90|1.6|3.2|90|28.3|71.8|0.00|0.00|43.3873|36.2955
22|50|0|90|1.5|3.2|90|27.6|71.7|0.00|0.00|43.3859|35.3797
22|51|0|90|1.5|3.2|90|26.9|71.7|0.00|0.00|43.3861|34.4336
22|52|0|90|0.0|3.2|90|26.8|71.7|0.00|0.00|43.3851|34.4336
22|53|0|90|1.6|3.2|90|26.4|71.7|0.00|0.00|43.3867|34.4336
22|54|0|90|0.0|3.2|90|25.6|71.6|0.00|0.00|43.3862|33.4547
22|55|0|90|1.6|3.2|90|25.2|71.6|0.00|0.00|43.3844|33.4547
22|56|0|90|0.0|3.2|90|25.8|71.6|0.00|0.00|43.3856|33.4547
22|57|0|90|0.0|3.2|90|25.9|71.6|0.00|0.00|43.3861|33.4547
22|58|0|135|0.0|3.2|90|25.7|71.5|0.00|0.00|43.3857|33.4547
22|59|0|90|1.5|3.2|90|25.4|71.5|0.00|0.00|43.3861|33.4547
23|00|0|90|1.5|3.2|90|25.2|71.5|0.00|0.00|43.3859|33.4547
23|01|0|90|1.5|3.2|90|25.2|71.5|0.00|0.00|43.3872|33.4547
23|02|0|90|0.0|3.2|90|25.5|71.5|0.00|0.00|43.3854|33.4547
23|03|0|90|0.0|3.2|90|25.7|71.6|0.00|0.00|43.3877|33.4547
23|05|0|135|0.0|3.2|90|26.2|71.6|0.00|0.00|43.3885|34.4336
23|06|0|135|0.0|3.2|90|26.3|71.6|0.00|0.00|43.388|34.4336
23|07|0|135|1.5|3.2|90|26.5|71.5|0.00|0.00|43.3879|34.4336
23|08|0|135|1.5|3.2|90|26.5|71.5|0.00|0.00|43.3869|34.4336
23|09|0|135|1.6|3.2|90|26.4|71.4|0.00|0.00|43.3888|34.4336
23|10|0|90|1.5|3.2|90|26.0|71.4|0.00|0.00|43.3914|34.4336
23|11|0|90|0.0|3.2|90|25.2|71.4|0.00|0.00|43.3887|33.4547
23|12|0|90|1.5|3.2|90|24.2|71.4|0.00|0.00|43.3906|32.4405
23|13|0|135|1.5|3.2|90|23.7|71.4|0.00|0.00|43.3919|31.3883
23|14|0|90|1.5|3.2|90|23.4|71.4|0.00|0.00|43.3918|31.3883
23|16|0|90|1.5|3.2|90|23.2|71.3|0.00|0.00|43.391|31.3883
23|17|0|90|1.5|3.2|90|23.1|71.3|0.00|0.00|43.391|31.3883
23|18|0|90|1.5|3.2|90|22.9|71.3|0.00|0.00|43.3909|30.2948
23|19|0|90|2.9|3.2|90|22.8|71.3|0.00|0.00|43.3923|30.2948
23|20|0|90|1.6|4.4|90|22.7|71.3|0.00|0.00|43.3911|30.2948
23|21|0|90|1.6|4.4|90|22.8|71.4|0.00|0.00|43.3889|30.2948
23|22|0|90|1.5|4.4|90|22.9|71.4|0.00|0.00|43.3888|30.2948
23|26|0|90|3.2|5.8|68|24.7|71.4|0.00|0.00|43.3889|32.4405
23|29|0|45|5.8|11.3|90|24.4|71.3|0.00|0.00|43.3918|32.4405
23|30|0|90|5.8|11.3|90|24.2|71.3|0.00|0.00|43.3909|32.4405
23|31|0|45|5.8|11.3|90|23.8|71.2|0.00|0.00|43.3902|31.3883
23|32|0|90|4.4|11.3|90|23.4|71.2|0.00|0.00|43.3907|31.3883
23|33|0|135|1.5|11.3|90|23.2|71.2|0.00|0.00|43.394|31.3883
23|34|0|90|4.8|11.3|90|22.9|71.2|0.00|0.00|43.393|30.2948
23|36|0|90|4.4|11.3|90|22.8|71.2|0.00|0.00|43.3935|30.2948
23|37|0|68|5.8|11.3|90|22.6|71.3|0.00|0.00|43.3916|30.2948
23|38|0|90|3.2|11.3|90|22.6|71.3|0.00|0.00|43.3913|30.2948
23|39|0|90|2.9|11.3|90|22.5|71.3|0.00|0.00|43.3923|30.2948
23|40|0|135|0.0|11.3|90|22.6|71.3|0.00|0.00|43.3934|30.2948
23|41|0|90|4.4|11.3|90|22.6|71.3|0.00|0.00|43.3926|30.2948
23|42|0|180|4.4|11.6|90|22.4|71.3|0.00|0.00|43.3936|30.2948
23|43|0|158|4.4|11.6|90|22.5|71.3|0.00|0.00|43.392|30.2948
23|44|0|90|5.8|11.6|90|22.7|71.3|0.00|0.00|43.3912|30.2948
23|45|0|135|1.6|11.6|90|22.6|71.3|0.00|0.00|43.3901|30.2948
23|46|0|90|2.9|11.6|90|22.7|71.3|0.00|0.00|43.3897|30.2948
23|48|0|90|4.4|11.6|90|22.7|71.3|0.00|0.00|43.3902|30.2948
23|50|0|90|8.1|11.6|90|22.8|71.3|0.00|0.00|43.3886|30.2948
23|51|0|90|2.9|11.6|90|23.0|71.3|0.00|0.00|43.3913|31.3883
23|52|0|135|4.8|11.6|90|22.8|71.3|0.00|0.00|43.3912|30.2948
23|53|0|90|1.6|11.6|90|22.9|71.2|0.00|0.00|43.393|30.2948
23|54|0|135|2.9|11.6|90|23.0|71.2|0.00|0.00|43.3938|31.3883
23|55|0|90|3.2|11.6|90|22.5|71.2|0.00|0.00|43.3914|30.2948
23|56|0|135|2.9|11.6|90|22.8|71.2|0.00|0.00|43.3945|30.2948
23|57|0|135|0.0|11.6|90|22.9|71.2|0.00|0.00|43.3936|30.2948
23|58|0|203|1.6|11.6|90|22.7|71.2|0.00|0.00|43.3943|30.2948
23|59|0|135|0.0|11.6|90|23.0|71.2|0.00|0.00|43.393|31.3883
