00|00|0|180|0.0|8.1|315|64.5|24.9|0.01|0.10|43.8473|13.6344
00|03|0|180|0.0|8.1|315|64.6|24.8|0.01|0.10|43.8475|13.6344
00|04|0|180|0.0|8.1|315|65.1|24.7|0.01|0.10|43.8475|13.9859
00|05|0|180|0.0|8.1|315|65.3|24.7|0.01|0.10|43.846|13.9859
00|06|0|180|0.0|8.1|315|65.4|24.6|0.01|0.10|43.8472|13.9859
00|07|0|180|1.5|8.1|315|65.6|24.5|0.00|0.10|43.8465|13.9859
00|08|0|180|1.6|8.1|315|65.7|24.5|0.00|0.10|43.8464|13.9859
00|09|0|180|1.6|8.1|315|66.0|24.3|0.00|0.10|43.8476|14.3326
00|10|0|180|0.0|8.1|315|66.5|24.3|0.00|0.10|43.8514|14.3326
00|11|0|180|1.5|8.1|315|67.5|24.2|0.00|0.10|43.8507|14.6747
00|12|0|180|1.5|8.1|315|68.1|24.1|0.00|0.10|43.8494|15.0123
00|13|0|180|0.0|8.1|315|68.2|24.0|0.00|0.10|43.8501|15.0123
00|14|0|180|0.0|8.1|315|68.7|24.0|0.00|0.10|43.852|15.0123
00|15|0|180|1.5|8.1|315|68.9|23.9|0.00|0.10|43.8494|14.0547
00|17|0|180|1.5|8.1|315|68.6|23.7|0.00|0.10|43.8497|14.0547
00|18|0|180|0.0|8.1|315|68.2|23.7|0.00|0.10|43.8509|14.0547
00|20|0|180|0.0|8.1|315|67.9|23.7|0.00|0.10|43.8504|13.7187
00|21|0|180|1.5|8.1|315|67.7|23.6|0.00|0.10|43.8503|13.7187
00|22|0|180|1.5|8.1|315|67.4|23.6|0.00|0.10|43.8526|13.7187
00|23|0|180|1.5|8.1|315|67.0|23.6|0.00|0.10|43.8519|13.7187
00|24|0|180|1.6|8.1|315|66.9|23.5|0.00|0.10|43.8522|13.3782
00|25|0|180|1.5|8.1|315|67.0|23.5|0.00|0.10|43.8536|13.7187
00|26|0|180|0.0|8.1|315|67.0|23.5|0.00|0.10|43.8528|13.7187
00|27|0|180|0.0|8.1|315|67.3|23.5|0.00|0.10|43.8552|13.7187
00|28|0|180|0.0|8.1|315|67.6|23.3|0.00|0.10|43.8539|13.7187
00|29|0|180|0.0|8.1|315|67.7|23.3|0.00|0.10|43.8525|13.7187
00|30|0|180|0.0|8.1|315|67.7|23.3|0.00|0.10|43.8545|13.7187
00|32|0|180|0.0|8.1|315|67.5|23.3|0.00|0.10|43.8548|13.7187
00|33|0|180|0.0|8.1|315|67.4|23.3|0.00|0.10|43.8509|13.7187
00|34|0|180|1.5|8.1|315|67.3|23.3|0.00|0.10|43.8522|13.7187
00|35|0|180|1.6|8.1|315|67.2|23.3|0.00|0.10|43.8517|13.7187
00|36|0|180|1.5|8.1|315|67.1|23.2|0.00|0.10|43.8504|13.7187
00|37|0|180|0.0|8.1|315|67.1|23.2|0.00|0.10|43.8494|13.7187
00|40|0|180|0.0|8.1|315|67.5|23.2|0.01|0.11|43.8509|13.7187
00|41|0|180|0.0|8.1|315|67.9|23.2|0.01|0.11|43.8503|13.7187
00|43|0|180|1.5|8.1|315|68.1|23.2|0.01|0.11|43.8496|14.0547
00|44|0|180|0.0|8.1|315|67.5|23.1|0.01|0.11|43.8485|13.7187
00|45|0|180|0.0|8.1|315|67.5|23.1|0.01|0.11|43.8493|13.7187
00|46|0|180|0.0|8.1|315|67.6|23.1|0.01|0.11|43.8482|13.7187
00|47|0|180|0.0|8.1|315|68.1|23.1|0.01|0.11|43.8501|14.0547
00|48|0|180|0.0|8.1|315|68.3|23.1|0.01|0.11|43.8507|14.0547
00|49|0|180|0.0|8.1|315|68.3|23.1|0.01|0.11|43.8513|14.0547
00|50|0|180|0.0|8.1|315|68.3|23.0|0.01|0.11|43.8497|14.0547
00|51|0|180|0.0|8.1|315|68.5|23.0|0.01|0.11|43.8506|14.0547
00|52|0|180|0.0|8.1|315|68.5|23.0|0.01|0.11|43.8512|14.0547
00|53|0|180|0.0|8.1|315|68.4|23.0|0.01|0.11|43.8519|14.0547
00|54|0|180|0.0|8.1|315|68.2|23.1|0.01|0.11|43.8532|14.0547
00|56|0|180|0.0|8.1|315|68.0|23.0|0.01|0.11|43.8514|14.0547
00|57|0|180|0.0|8.1|315|68.2|23.0|0.01|0.11|43.8523|14.0547
00|58|0|180|0.0|8.1|315|68.4|23.0|0.01|0.11|43.8528|14.0547
00|59|0|180|0.0|8.1|315|68.6|23.0|0.01|0.11|43.8533|14.0547
01|00|0|180|0.0|8.1|315|68.9|23.0|0.01|0.11|43.8541|14.0547
01|01|0|180|0.0|8.1|315|69.2|22.9|0.01|0.11|43.8533|13.427
01|02|0|180|1.5|8.1|315|69.4|23.0|0.01|0.11|43.8563|14.3863
01|03|0|180|0.0|8.1|315|69.6|22.9|0.01|0.11|43.8579|13.427
01|04|0|180|0.0|8.1|315|69.5|22.9|0.01|0.11|43.8565|13.427
01|05|0|180|1.5|8.1|315|69.6|22.9|0.01|0.11|43.857|13.427
01|06|0|180|0.0|8.1|315|69.6|22.8|0.01|0.11|43.8567|13.427
01|07|0|180|0.0|8.1|315|69.3|22.8|0.01|0.11|43.857|13.427
01|09|0|180|0.0|8.1|315|69.2|22.8|0.01|0.11|43.8584|13.427
01|10|0|180|0.0|8.1|315|69.1|22.8|0.01|0.11|43.856|13.427
01|12|0|180|0.0|8.1|315|68.8|22.8|0.01|0.11|43.8564|13.0969
01|13|0|180|0.0|8.1|315|68.6|22.9|0.01|0.11|43.8596|13.0969
01|14|0|180|0.0|8.1|315|68.7|22.8|0.02|0.12|43.859|13.0969
01|15|0|180|0.0|8.1|315|68.8|22.8|0.02|0.12|43.8587|13.0969
01|16|0|180|0.0|8.1|315|68.9|22.8|0.02|0.12|43.8603|13.0969
01|17|0|180|1.5|8.1|315|69.0|22.8|0.02|0.12|43.8601|13.427
01|18|0|180|1.6|8.1|315|69.1|22.7|0.02|0.12|43.8586|13.427
01|19|0|180|0.0|8.1|315|69.1|22.7|0.02|0.12|43.8594|13.427
01|20|0|180|0.0|8.1|315|69.2|22.7|0.02|0.12|43.8587|13.427
01|21|0|180|1.5|8.1|315|69.1|22.7|0.02|0.12|43.8595|13.427
01|22|0|180|0.0|8.1|315|68.8|22.7|0.02|0.12|43.8628|13.0969
01|25|0|180|0.0|8.1|315|68.5|22.7|0.02|0.12|43.8624|13.0969
01|26|0|180|1.5|8.1|315|68.5|22.7|0.02|0.12|43.8617|13.0969
01|27|0|180|0.0|8.1|315|68.4|22.7|0.02|0.12|43.8627|13.0969
01|28|0|180|0.0|8.1|315|68.4|22.7|0.02|0.12|43.8652|13.0969
01|29|0|180|0.0|8.1|315|68.6|22.5|0.02|0.12|43.8633|13.0969
01|30|0|180|0.0|8.1|315|69.0|22.5|0.02|0.12|43.8637|13.427
01|31|0|180|0.0|8.1|315|69.3|22.5|0.02|0.12|43.8647|13.427
01|33|0|180|0.0|8.1|315|69.5|22.5|0.02|0.12|43.8641|13.427
01|34|0|180|0.0|8.1|315|69.6|22.5|0.02|0.12|43.8625|13.427
01|35|0|180|0.0|8.1|315|69.8|22.5|0.02|0.12|43.8633|13.427
01|36|0|180|0.0|8.1|315|69.8|22.5|0.02|0.12|43.8628|13.427
01|37|0|180|0.0|8.1|315|69.9|22.5|0.02|0.12|43.8633|13.427
01|38|0|180|0.0|8.1|315|70.0|22.7|0.01|0.12|43.8646|13.7529
01|39|0|180|0.0|8.1|315|70.1|22.7|0.01|0.12|43.8644|13.7529
01|41|0|180|0.0|8.1|315|70.2|22.7|0.01|0.12|43.8661|13.7529
01|42|0|180|0.0|8.1|315|70.2|22.7|0.01|0.12|43.8653|13.7529
01|43|0|180|0.0|8.1|315|70.1|22.7|0.01|0.12|43.8677|13.7529
01|44|0|180|0.0|8.1|315|70.0|22.7|0.01|0.12|43.8674|13.7529
01|45|0|180|0.0|8.1|315|70.0|22.7|0.01|0.12|43.8679|13.7529
01|46|0|180|0.0|8.1|315|70.0|22.5|0.01|0.12|43.8664|13.7529
01|47|0|180|0.0|8.1|315|70.1|22.5|0.01|0.12|43.8682|13.7529
01|48|0|180|0.0|8.1|315|70.1|22.5|0.01|0.12|43.8667|13.7529
01|49|0|180|0.0|8.1|315|70.1|22.5|0.01|0.12|43.8669|13.7529
01|52|0|180|0.0|8.1|315|70.0|22.4|0.02|0.13|43.8649|13.7529
01|53|0|180|0.0|8.1|315|69.9|22.4|0.02|0.13|43.8649|13.427
01|54|0|180|0.0|8.1|315|69.9|22.4|0.02|0.13|43.8672|13.427
01|55|0|180|0.0|8.1|315|69.8|22.4|0.02|0.13|43.8668|13.427
01|57|0|180|0.0|8.1|315|69.7|22.3|0.02|0.13|43.8671|13.427
01|59|0|180|0.0|8.1|315|69.6|22.3|0.02|0.13|43.8679|13.427
02|00|0|180|0.0|8.1|315|69.3|22.3|0.02|0.13|43.8683|13.427
02|01|0|180|0.0|8.1|315|69.2|22.2|0.02|0.13|43.8673|13.427
02|02|0|180|0.0|8.1|315|69.1|22.2|0.02|0.13|43.8687|13.427
02|03|0|180|0.0|8.1|315|69.1|22.2|0.02|0.13|43.8688|13.427
02|04|0|180|0.0|8.1|315|69.1|22.1|0.02|0.13|43.8696|13.427
02|05|0|180|0.0|8.1|315|69.3|22.1|0.02|0.13|43.8699|13.427
02|06|0|180|0.0|8.1|315|69.5|22.1|0.02|0.13|43.8693|13.427
02|07|0|180|0.0|8.1|315|69.6|22.1|0.02|0.13|43.8694|13.427
02|08|0|180|0.0|8.1|315|69.7|22.0|0.02|0.13|43.8684|13.427
02|09|0|180|0.0|8.1|315|69.8|22.0|0.02|0.13|43.8694|13.427
02|10|0|180|0.0|8.1|315|69.9|22.0|0.02|0.13|43.8684|13.427
02|13|0|180|0.0|8.1|315|70.1|21.9|0.01|0.13|43.8665|12.792
02|14|0|180|0.0|8.1|315|70.1|21.9|0.01|0.13|43.8687|12.792
02|15|0|180|0.0|8.1|315|70.1|21.9|0.01|0.13|43.8679|12.792
02|16|0|180|0.0|8.1|315|70.1|21.9|0.01|0.13|43.8667|12.792
02|17|0|180|0.0|8.1|315|70.2|21.9|0.01|0.13|43.8676|12.792
02|18|0|180|0.0|8.1|315|70.3|21.9|0.01|0.13|43.8698|12.792
02|19|0|180|1.5|8.1|315|70.3|21.8|0.01|0.13|43.8684|12.792
02|22|0|180|0.0|8.1|315|71.2|21.8|0.01|0.13|43.8688|13.1122
02|23|0|180|0.0|8.1|315|71.2|21.8|0.01|0.13|43.87|13.1122
02|24|0|180|0.0|8.1|315|71.2|21.8|0.01|0.13|43.8713|13.1122
02|25|0|180|0.0|8.1|315|71.2|21.8|0.01|0.13|43.8713|13.1122
02|27|0|180|0.0|8.1|315|71.9|21.8|0.01|0.13|43.8708|13.1122
02|28|0|180|0.0|8.1|315|72.2|21.9|0.01|0.13|43.8729|13.4285
02|29|0|180|0.0|8.1|315|72.5|21.8|0.01|0.13|43.8701|13.4285
02|31|0|180|0.0|8.1|315|71.6|21.9|0.01|0.13|43.8709|13.1122
02|33|0|180|0.0|8.1|315|71.2|21.9|0.01|0.13|43.8715|13.1122
02|34|0|180|0.0|8.1|315|71.0|21.9|0.01|0.13|43.8703|13.1122
02|35|0|180|0.0|8.1|315|70.9|21.9|0.01|0.13|43.87|12.792
02|36|0|180|0.0|8.1|315|70.9|22.0|0.01|0.13|43.8723|13.7529
02|38|0|180|0.0|8.1|315|70.7|22.0|0.01|0.13|43.8703|13.7529
02|39|0|180|0.0|8.1|315|70.9|22.0|0.01|0.13|43.8704|13.7529
02|40|0|180|0.0|8.1|315|71.3|22.0|0.01|0.13|43.8714|14.0746
02|41|0|180|0.0|8.1|315|71.5|22.0|0.01|0.13|43.8723|14.0746
02|43|0|180|0.0|8.1|315|71.8|22.1|0.02|0.14|43.8737|14.0746
02|44|0|180|0.0|8.1|315|71.5|22.0|0.02|0.14|43.8693|14.0746
02|45|0|180|0.0|8.1|315|71.2|22.1|0.02|0.14|43.8712|14.0746
02|46|0|180|0.0|8.1|315|71.0|22.1|0.02|0.14|43.8723|14.0746
02|47|0|180|0.0|8.1|315|71.0|22.1|0.02|0.14|43.8721|14.0746
02|48|0|180|0.0|8.1|315|71.0|22.2|0.02|0.14|43.8726|14.0746
02|49|0|180|1.5|8.1|315|71.0|22.2|0.01|0.14|43.8721|14.0746
02|50|0|180|1.5|8.1|315|70.9|22.2|0.01|0.14|43.8735|13.7529
02|51|0|180|0.0|8.1|315|70.9|22.3|0.01|0.14|43.8744|13.7529
02|54|0|180|1.5|8.1|315|70.4|22.3|0.01|0.14|43.8752|13.7529
02|55|0|180|0.0|8.1|315|70.4|22.3|0.01|0.14|43.8768|13.7529
02|56|0|180|0.0|8.1|315|70.3|22.3|0.01|0.14|43.8778|13.7529
02|57|0|180|0.0|8.1|315|70.2|22.3|0.01|0.14|43.8762|13.7529
02|58|0|180|1.6|8.1|315|70.0|22.3|0.01|0.14|43.8793|13.7529
02|59|0|180|0.0|8.1|315|69.9|22.3|0.01|0.14|43.8771|13.427
03|00|0|180|1.5|8.1|315|69.8|22.3|0.01|0.14|43.8801|13.427
03|01|0|180|1.5|8.1|315|69.8|22.3|0.01|0.14|43.8789|13.427
03|02|0|180|0.0|8.1|315|69.7|22.3|0.01|0.14|43.8784|13.427
03|03|0|180|0.0|8.1|315|69.5|22.3|0.01|0.14|43.8786|13.427
03|04|0|180|0.0|8.1|315|69.4|22.3|0.01|0.14|43.8796|13.427
03|05|0|180|0.0|8.1|315|69.1|22.3|0.01|0.14|43.8779|13.427
03|06|0|180|0.0|8.1|315|68.7|22.2|0.01|0.14|43.8786|13.0969
03|07|0|180|0.0|8.1|315|68.6|22.2|0.01|0.14|43.879|13.0969
03|08|0|180|0.0|8.1|315|68.6|22.2|0.01|0.14|43.8792|13.0969
03|09|0|180|0.0|8.1|315|68.7|22.1|0.01|0.14|43.8771|13.0969
03|10|0|180|0.0|8.1|315|68.8|22.0|0.01|0.14|43.8764|13.0969
03|11|0|180|0.0|8.1|315|68.8|22.0|0.01|0.14|43.8769|13.0969
03|13|0|180|1.6|8.1|315|68.8|22.0|0.02|0.15|43.8774|13.0969
03|14|0|180|0.0|8.1|315|68.9|21.9|0.02|0.15|43.8756|12.1391
03|15|0|180|0.0|8.1|315|68.7|21.9|0.02|0.15|43.8768|12.1391
03|16|0|180|0.0|8.1|315|68.5|21.9|0.02|0.15|43.8752|12.1391
03|17|0|180|0.0|8.1|315|68.4|21.8|0.02|0.15|43.8752|12.1391
03|18|0|180|0.0|8.1|315|68.3|21.8|0.02|0.15|43.8761|12.1391
03|19|0|180|2.9|8.1|315|68.0|21.8|0.03|0.17|43.8757|12.1391
03|20|0|180|1.5|8.1|315|67.5|21.6|0.03|0.17|43.8752|11.8063
03|21|0|180|1.5|8.1|315|67.2|21.5|0.03|0.17|43.8756|11.8063
03|22|0|180|1.5|8.1|315|67.1|21.4|0.03|0.17|43.8772|11.8063
03|23|0|180|0.0|8.1|315|67.0|21.4|0.03|0.17|43.8765|11.8063
03|24|0|180|0.0|8.1|315|67.0|21.3|0.03|0.17|43.8767|11.8063
03|25|0|180|0.0|8.1|315|67.1|21.3|0.03|0.17|43.8772|11.8063
03|26|0|180|0.0|8.1|315|67.3|21.2|0.03|0.17|43.8762|11.8063
03|27|0|180|0.0|8.1|315|67.2|21.1|0.03|0.17|43.8763|11.8063
03|31|0|180|0.0|8.1|315|67.6|21.0|0.03|0.17|43.8779|11.8063
03|32|0|180|0.0|8.1|315|67.7|21.0|0.03|0.17|43.8789|11.8063
03|33|0|180|0.0|8.1|315|67.8|21.0|0.03|0.17|43.8812|11.8063
03|34|0|180|0.0|8.1|315|67.8|21.0|0.03|0.17|43.881|11.8063
03|35|0|135|1.5|8.1|315|67.8|21.0|0.03|0.17|43.8808|11.8063
03|36|0|135|0.0|8.1|315|68.2|21.1|0.03|0.17|43.8822|12.1391
03|37|0|135|0.0|8.1|315|68.4|21.1|0.03|0.17|43.882|12.1391
03|38|0|135|1.5|8.1|315|68.4|21.2|0.03|0.17|43.8815|12.1391
03|39|0|135|1.5|8.1|315|68.4|21.2|0.03|0.17|43.8811|12.1391
03|40|0|135|0.0|8.1|315|68.6|21.4|0.04|0.18|43.8827|12.1391
03|41|0|135|0.0|8.1|315|68.8|21.5|0.03|0.18|43.8815|12.1391
03|42|0|135|1.6|8.1|315|68.7|21.6|0.03|0.18|43.8809|12.1391
03|43|0|135|1.5|8.1|315|68.6|21.8|0.03|0.18|43.8827|12.1391
03|44|0|135|0.0|8.1|315|68.4|22.0|0.03|0.18|43.8832|13.0969
03|47|0|135|0.0|8.1|315|67.9|22.2|0.03|0.18|43.8845|12.7625
03|48|0|135|0.0|8.1|315|67.5|22.3|0.03|0.18|43.882|12.7625
03|49|0|135|1.5|8.1|315|66.8|22.4|0.03|0.18|43.8861|12.4236
03|50|0|135|0.0|8.1|315|66.2|22.4|0.03|0.18|43.8837|12.4236
03|51|0|135|0.0|8.1|315|65.9|22.4|0.03|0.18|43.8834|12.0801
03|52|0|135|0.0|8.1|315|65.9|22.5|0.03|0.18|43.8857|12.0801
03|53|0|135|0.0|8.1|315|66.3|22.5|0.03|0.18|43.8844|12.4236
03|54|0|135|0.0|8.1|315|66.5|22.5|0.03|0.18|43.8838|12.4236
03|55|0|135|0.0|8.1|315|66.6|22.5|0.03|0.18|43.8834|12.4236
03|56|0|135|0.0|8.1|315|66.6|22.5|0.03|0.18|43.8838|12.4236
03|57|0|135|1.5|8.1|315|66.4|22.7|0.03|0.18|43.884|12.4236
03|58|0|90|1.5|8.1|315|66.2|22.7|0.03|0.18|43.8826|12.4236
03|59|0|90|0.0|8.1|315|66.0|22.7|0.03|0.18|43.8816|12.4236
04|00|0|90|0.0|8.1|315|65.9|22.7|0.03|0.18|43.8822|12.0801
04|01|0|90|0.0|8.1|315|65.8|22.7|0.03|0.18|43.8821|12.0801
04|03|0|90|1.5|8.1|315|65.5|22.7|0.03|0.18|43.8834|12.0801
04|04|0|90|0.0|8.1|315|65.3|22.8|0.03|0.18|43.8821|12.0801
04|05|0|135|0.0|8.1|315|65.1|22.9|0.04|0.19|43.8818|12.0801
04|06|0|90|1.6|8.1|315|64.9|22.9|0.04|0.19|43.8841|11.7319
04|07|0|135|0.0|8.1|315|64.7|22.9|0.04|0.19|43.8829|11.7319
04|08|0|135|0.0|8.1|315|64.7|22.9|0.04|0.19|43.884|11.7319
04|09|0|135|1.6|8.1|315|64.7|22.9|0.04|0.19|43.8856|11.7319
04|12|0|225|1.5|8.1|315|64.6|23.0|0.04|0.19|43.8827|12.6832
04|13|0|225|0.0|8.1|315|64.4|23.0|0.03|0.19|43.8862|12.6832
04|14|0|225|0.0|8.1|315|64.2|23.0|0.03|0.19|43.8829|12.6832
04|15|0|225|0.0|8.1|315|64.2|23.0|0.03|0.19|43.8846|12.6832
04|16|0|225|2.9|8.1|315|64.0|23.0|0.03|0.19|43.8854|12.6832
04|17|0|225|2.9|8.1|315|63.9|23.0|0.03|0.19|43.8825|12.3284
04|18|0|225|1.5|8.1|315|63.7|23.0|0.03|0.19|43.8835|12.3284
04|19|0|180|3.2|8.1|315|63.6|22.9|0.02|0.19|43.8829|11.3788
04|20|0|180|1.5|8.1|315|63.7|22.9|0.02|0.19|43.8835|11.3788
04|21|0|135|1.5|8.1|315|63.7|22.9|0.02|0.19|43.8856|11.3788
04|22|0|135|1.6|8.1|315|63.8|22.9|0.02|0.19|43.8849|11.3788
04|23|0|135|0.0|8.1|315|63.8|22.9|0.02|0.19|43.8841|11.3788
04|24|0|135|0.0|8.1|315|63.8|23.0|0.02|0.19|43.8858|12.3284
04|25|0|135|0.0|8.1|315|63.8|23.0|0.02|0.19|43.8841|12.3284
04|26|0|135|0.0|8.1|315|63.8|23.0|0.02|0.19|43.8852|12.3284
04|27|0|135|0.0|8.1|315|63.8|23.0|0.02|0.19|43.8853|12.3284
04|28|0|135|0.0|8.1|315|63.9|23.1|0.02|0.19|43.8853|12.3284
04|29|0|135|0.0|8.1|315|63.8|23.1|0.02|0.19|43.8864|12.3284
04|32|0|225|1.5|8.1|315|62.9|23.1|0.02|0.19|43.886|11.9686
04|33|0|225|1.5|8.1|315|62.6|23.2|0.02|0.19|43.8862|11.9686
04|34|0|225|1.5|8.1|315|62.3|23.1|0.02|0.19|43.8834|11.9686
04|35|0|225|0.0|8.1|315|62.3|23.1|0.02|0.19|43.8838|11.9686
04|36|0|225|0.0|8.1|315|62.3|23.1|0.02|0.19|43.8858|11.9686
04|37|0|270|1.5|8.1|315|62.3|22.9|0.03|0.20|43.8805|11.0206
04|38|0|270|0.0|8.1|315|62.3|22.9|0.03|0.20|43.8832|11.0206
04|40|0|270|0.0|8.1|315|62.6|22.8|0.02|0.20|43.8805|11.0206
04|41|0|270|0.0|8.1|315|62.7|22.7|0.02|0.20|43.8815|11.0206
04|42|0|270|0.0|8.1|315|62.9|22.7|0.02|0.20|43.8813|11.0206
04|43|0|270|0.0|8.1|315|63.1|22.5|0.02|0.20|43.8793|11.3788
04|44|0|270|0.0|8.1|315|63.1|22.5|0.02|0.20|43.8805|11.3788
04|45|0|270|0.0|8.1|315|63.1|22.5|0.03|0.21|43.8796|11.3788
04|48|0|270|0.0|8.1|315|63.2|22.5|0.03|0.21|43.8821|11.3788
04|49|0|270|0.0|8.1|315|63.2|22.4|0.03|0.21|43.8805|11.3788
04|50|0|270|0.0|8.1|315|63.1|22.4|0.03|0.21|43.8797|11.3788
04|51|0|270|0.0|8.1|315|63.2|22.4|0.03|0.21|43.8784|11.3788
04|52|0|270|0.0|8.1|315|63.4|22.3|0.03|0.21|43.8783|11.3788
04|53|0|270|0.0|8.1|315|63.6|22.3|0.03|0.21|43.8796|11.3788
04|54|0|270|0.0|8.1|315|63.6|22.3|0.03|0.21|43.8795|11.3788
04|55|0|270|0.0|8.1|315|63.7|22.2|0.03|0.21|43.8792|11.3788
04|56|0|270|0.0|8.1|315|63.8|22.2|0.03|0.21|43.8778|11.3788
04|57|0|270|0.0|8.1|315|63.9|22.2|0.03|0.21|43.8778|11.3788
04|58|0|270|0.0|8.1|315|63.9|22.2|0.03|0.21|43.8794|11.3788
04|59|0|270|0.0|8.1|315|64.0|22.2|0.03|0.21|43.8771|11.7319
05|00|0|270|0.0|8.1|315|64.0|22.1|0.03|0.21|43.8768|11.7319
05|01|0|270|1.5|8.1|315|64.0|22.1|0.03|0.21|43.8772|11.7319
05|02|0|270|0.0|8.1|315|64.1|22.1|0.03|0.21|43.8774|11.7319
05|03|0|270|0.0|8.1|315|64.1|22.1|0.03|0.21|43.8781|11.7319
05|06|0|180|0.0|8.1|315|64.1|22.1|0.02|0.21|43.8796|11.7319
05|07|0|180|0.0|8.1|315|64.3|22.1|0.02|0.21|43.8793|11.7319
05|08|0|180|0.0|8.1|315|64.3|22.1|0.02|0.21|43.8797|11.7319
05|09|0|180|1.5|8.1|315|64.3|22.1|0.02|0.21|43.8822|11.7319
05|10|0|180|0.0|8.1|315|64.4|22.1|0.02|0.21|43.8809|11.7319
05|11|0|180|1.5|8.1|315|64.3|22.1|0.02|0.21|43.8821|11.7319
05|12|0|203|1.5|8.1|315|64.2|22.1|0.02|0.21|43.8827|11.7319
05|13|0|180|2.9|8.1|315|64.1|22.1|0.02|0.21|43.8828|11.7319
05|14|0|180|1.6|8.1|315|63.9|22.1|0.02|0.21|43.8822|11.3788
05|15|0|180|1.5|8.1|315|63.9|22.1|0.02|0.21|43.8815|11.3788
05|16|0|180|1.5|8.1|315|63.9|22.1|0.02|0.21|43.8838|11.3788
05|17|0|180|1.5|8.1|315|63.9|22.1|0.02|0.21|43.8815|11.3788
05|18|0|180|1.6|8.1|315|63.9|22.2|0.02|0.21|43.8841|11.3788
05|20|0|180|0.0|8.1|315|63.8|22.1|0.02|0.21|43.8818|11.3788
05|20|0|180|1.5|8.1|315|63.7|22.2|0.02|0.21|43.8848|11.3788
05|21|0|180|1.5|8.1|315|63.7|22.2|0.02|0.21|43.8852|11.3788
05|22|0|180|1.5|8.1|315|63.6|22.2|0.02|0.21|43.8837|11.3788
05|24|0|180|1.5|8.1|315|63.5|22.3|0.02|0.21|43.8846|11.3788
05|25|0|180|0.0|8.1|315|63.5|22.3|0.02|0.21|43.8841|11.3788
05|26|0|180|0.0|8.1|315|63.5|22.3|0.02|0.21|43.8833|11.3788
05|27|0|180|0.0|8.1|315|63.5|22.3|0.02|0.21|43.885|11.3788
05|28|0|180|1.5|8.1|315|63.4|22.4|0.02|0.21|43.8859|11.3788
05|29|0|180|0.0|8.1|315|63.3|22.4|0.02|0.21|43.8844|11.3788
05|30|0|180|0.0|8.1|315|63.2|22.4|0.02|0.21|43.8849|11.3788
05|31|0|180|0.0|8.1|315|63.3|22.4|0.02|0.21|43.8848|11.3788
05|32|0|180|0.0|8.1|315|63.2|22.4|0.02|0.21|43.8868|11.3788
05|33|0|180|0.0|8.1|315|63.1|22.4|0.02|0.21|43.8868|11.3788
05|34|0|180|0.0|8.1|315|63.1|22.4|0.02|0.21|43.8886|11.3788
05|35|0|180|0.0|8.1|315|63.1|22.4|0.02|0.21|43.8874|11.3788
05|36|0|180|0.0|8.1|315|63.1|22.4|0.01|0.21|43.887|11.3788
05|37|0|180|0.0|8.1|315|63.1|22.4|0.01|0.21|43.8885|11.3788
05|38|0|180|0.0|8.1|315|63.0|22.4|0.01|0.21|43.886|11.3788
05|39|0|180|0.0|8.1|315|63.0|22.4|0.01|0.21|43.8898|11.3788
05|40|0|180|0.0|8.1|315|63.0|22.4|0.01|0.21|43.8891|11.3788
05|41|0|180|0.0|8.1|315|63.0|22.4|0.01|0.21|43.8892|11.3788
05|42|0|180|0.0|8.1|315|63.0|22.4|0.01|0.21|43.8909|11.3788
05|43|0|180|0.0|8.1|315|63.1|22.4|0.01|0.21|43.8888|11.3788
05|44|0|180|0.0|8.1|315|63.1|22.4|0.00|0.21|43.8905|11.3788
05|46|0|180|0.0|8.1|315|63.1|22.3|0.00|0.21|43.8916|11.3788
05|47|0|180|0.0|8.1|315|63.2|22.3|0.00|0.21|43.8929|11.3788
05|48|0|180|0.0|8.1|315|63.3|22.3|0.00|0.21|43.8901|11.3788
05|49|0|180|0.0|8.1|315|63.5|22.3|0.00|0.21|43.8917|11.3788
05|50|0|180|0.0|8.1|315|63.8|22.3|0.00|0.21|43.8921|11.3788
05|51|0|180|0.0|8.1|315|64.0|22.3|0.00|0.21|43.8916|11.7319
05|52|0|180|0.0|8.1|315|64.0|22.2|0.00|0.21|43.889|11.7319
05|54|0|180|0.0|8.1|315|63.9|22.2|0.00|0.21|43.8868|11.3788
05|55|0|180|0.0|8.1|315|63.8|22.2|0.00|0.21|43.8881|11.3788
05|57|0|180|0.0|8.1|315|63.9|22.1|0.00|0.21|43.89|11.3788
05|58|0|180|0.0|8.1|315|64.0|22.1|0.00|0.21|43.889|11.7319
06|00|0|180|1.5|8.1|315|63.6|22.0|0.01|0.22|43.8897|11.3788
06|01|0|180|1.5|8.1|315|63.7|21.9|0.01|0.22|43.8906|10.429
06|02|0|180|1.5|8.1|315|64.9|21.9|0.01|0.22|43.891|10.7804
06|03|0|180|1.6|8.1|315|65.6|21.8|0.01|0.22|43.8891|11.127
06|05|0|180|1.6|8.1|315|65.8|21.8|0.01|0.22|43.889|11.127
06|06|0|180|1.5|8.1|315|66.1|21.8|0.01|0.22|43.8904|11.4689
06|07|0|90|0.0|8.1|315|66.1|21.8|0.01|0.22|43.8909|11.4689
06|08|0|90|0.0|8.1|315|65.9|21.8|0.01|0.22|43.8915|11.127
06|09|0|90|0.0|8.1|315|65.8|21.8|0.01|0.22|43.8923|11.127
06|10|0|90|0.0|8.1|315|65.6|21.8|0.01|0.22|43.8937|11.127
06|11|0|90|1.5|8.1|315|65.5|21.8|0.01|0.22|43.8924|11.127
06|12|0|90|0.0|8.1|315|65.4|21.8|0.02|0.23|43.8932|11.127
06|13|0|90|0.0|8.1|315|65.3|21.9|0.02|0.23|43.8945|11.127
06|14|0|90|1.6|8.1|315|65.1|21.9|0.02|0.23|43.8948|11.127
06|15|0|90|0.0|8.1|315|65.0|21.9|0.02|0.23|43.8946|11.127
06|16|0|90|0.0|8.1|315|64.9|21.9|0.02|0.23|43.8953|10.7804
06|17|0|90|0.0|8.1|315|64.7|21.9|0.02|0.23|43.8931|10.7804
06|18|0|90|0.0|8.1|315|64.6|21.9|0.02|0.23|43.8947|10.7804
06|19|0|90|1.5|8.1|315|64.4|21.8|0.02|0.23|43.8927|10.7804
06|20|0|90|0.0|8.1|315|64.3|21.9|0.02|0.23|43.8939|10.7804
06|21|0|90|0.0|8.1|315|64.2|21.9|0.02|0.23|43.8937|10.7804
06|23|0|135|0.0|8.1|315|64.1|21.8|0.02|0.23|43.8942|10.7804
06|24|0|135|1.5|8.1|315|64.2|21.8|0.02|0.23|43.8922|10.7804
06|25|0|180|0.0|8.1|315|64.3|21.8|0.02|0.23|43.8931|10.7804
06|26|0|180|1.5|8.1|315|64.3|21.8|0.02|0.23|43.8945|10.7804
06|27|0|180|1.5|8.1|315|64.4|21.8|0.02|0.23|43.8935|10.7804
06|30|0|180|1.5|8.1|315|64.4|21.8|0.02|0.23|43.8967|10.7804
06|31|0|180|1.6|8.1|315|64.3|21.9|0.02|0.23|43.8971|10.7804
06|32|0|180|1.5|8.1|315|64.3|21.9|0.02|0.23|43.8981|10.7804
06|33|0|180|1.5|8.1|315|64.1|21.9|0.02|0.23|43.8994|10.7804
06|34|0|180|0.0|8.1|315|63.9|22.0|0.03|0.24|43.8977|11.3788
06|35|0|180|0.0|8.1|315|63.8|22.0|0.03|0.24|43.9002|11.3788
06|36|0|180|0.0|8.1|315|63.6|22.1|0.03|0.24|43.9009|11.3788
06|37|0|180|0.0|8.1|315|63.6|22.1|0.03|0.24|43.8997|11.3788
06|38|0|180|0.0|8.1|315|63.6|22.1|0.03|0.24|43.9013|11.3788
06|39|0|180|0.0|8.1|315|63.7|22.2|0.03|0.24|43.9029|11.3788
06|40|0|180|0.0|8.1|315|63.7|22.2|0.03|0.24|43.9016|11.3788
06|41|0|180|0.0|8.1|315|63.7|22.3|0.03|0.24|43.9051|11.3788
06|43|0|180|0.0|8.1|315|63.7|22.3|0.03|0.24|43.9043|11.3788
06|46|0|180|0.0|8.1|315|63.7|22.3|0.03|0.24|43.9035|11.3788
06|47|0|180|0.0|8.1|315|63.7|22.3|0.03|0.24|43.9056|11.3788
06|48|0|180|0.0|8.1|315|63.5|22.3|0.03|0.24|43.9069|11.3788
06|49|0|180|0.0|8.1|315|63.5|22.3|0.03|0.24|43.9046|11.3788
06|51|0|180|0.0|8.1|315|63.6|22.2|0.03|0.24|43.9028|11.3788
06|52|0|180|0.0|8.1|315|63.8|22.2|0.03|0.24|43.9062|11.3788
06|53|0|180|0.0|8.1|315|64.0|22.2|0.03|0.24|43.9074|11.7319
06|54|0|180|0.0|8.1|315|64.1|22.2|0.03|0.24|43.906|11.7319
06|55|0|180|0.0|8.1|315|64.0|22.1|0.03|0.24|43.9042|11.7319
06|56|0|180|0.0|8.1|315|63.8|22.1|0.03|0.24|43.9053|11.3788
06|57|0|180|0.0|8.1|315|63.6|22.1|0.03|0.24|43.9059|11.3788
06|58|0|180|0.0|8.1|315|63.5|22.0|0.02|0.24|43.9068|11.3788
06|59|0|180|0.0|8.1|315|63.5|22.0|0.02|0.24|43.9072|11.3788
07|01|0|180|0.0|8.1|315|63.8|22.0|0.02|0.24|43.907|11.3788
07|02|0|180|0.0|8.1|315|63.6|21.9|0.02|0.24|43.9066|10.429
07|04|0|180|0.0|8.1|315|63.4|21.9|0.02|0.24|43.9068|10.429
07|05|0|180|0.0|8.1|315|63.1|21.9|0.02|0.24|43.9065|10.429
07|06|0|180|1.5|8.1|315|63.0|21.8|0.02|0.24|43.9065|10.429
07|07|0|180|0.0|8.1|315|62.8|21.8|0.02|0.24|43.9065|10.0725
07|08|0|180|3.2|8.1|315|62.6|21.6|0.02|0.24|43.9058|10.0725
07|09|0|180|1.5|8.1|315|62.1|21.5|0.02|0.24|43.9059|10.0725
07|10|0|180|2.9|8.1|315|62.2|21.4|0.02|0.24|43.9083|10.0725
07|12|0|180|1.5|8.1|315|62.7|21.2|0.01|0.24|43.9116|10.0725
07|13|0|45|2.9|8.1|315|62.3|21.1|0.01|0.24|43.9131|10.0725
07|15|0|45|0.0|8.1|315|62.1|20.6|0.01|0.24|43.9149|9.12428
07|16|0|45|0.0|8.1|315|62.6|20.5|0.01|0.24|43.9152|9.12428
07|17|0|45|0.0|8.1|315|63.1|20.4|0.01|0.24|43.9161|9.47908
07|18|0|45|0.0|8.1|315|63.5|20.3|0.01|0.24|43.9186|9.47908
07|19|0|45|0.0|8.1|315|63.9|20.2|0.01|0.24|43.9174|9.47908
07|20|0|45|0.0|8.1|315|64.2|20.1|0.01|0.24|43.9166|9.8289
07|21|0|45|0.0|8.1|315|64.7|20.1|0.01|0.24|43.9209|9.8289
07|22|0|45|0.0|8.1|315|65.4|20.0|0.01|0.24|43.9195|10.1739
07|24|0|180|1.5|8.1|315|65.7|20.0|0.02|0.25|43.9202|10.1739
07|25|0|180|0.0|8.1|315|65.8|20.0|0.02|0.25|43.9204|10.1739
07|26|0|180|1.6|8.1|315|65.8|20.0|0.02|0.25|43.9211|10.1739
07|27|0|180|1.5|8.1|315|66.0|20.0|0.02|0.25|43.9202|10.5142
07|29|0|180|0.0|8.1|315|66.5|19.8|0.02|0.25|43.9185|9.5593
07|30|0|180|1.5|8.1|315|66.6|19.8|0.02|0.25|43.9184|9.5593
07|31|0|180|1.5|8.1|315|66.8|19.8|0.02|0.25|43.9172|9.5593
07|32|0|180|0.0|8.1|315|66.8|20.0|0.02|0.25|43.9179|10.5142
07|33|0|180|0.0|8.1|315|66.7|20.0|0.01|0.25|43.9172|10.5142
07|34|0|180|0.0|8.1|315|66.5|20.1|0.01|0.25|43.9183|10.5142
07|36|0|180|2.9|8.1|315|66.4|20.1|0.02|0.26|43.9172|10.5142
07|37|0|180|1.6|8.1|315|66.6|20.1|0.02|0.26|43.9172|10.5142
07|38|0|180|2.9|8.1|315|66.6|20.1|0.02|0.26|43.9158|10.5142
07|40|0|180|1.6|8.1|315|66.4|20.2|0.02|0.26|43.9152|10.5142
07|42|0|180|1.6|8.1|315|66.1|20.4|0.02|0.26|43.9158|10.5142
07|43|0|180|0.0|8.1|315|66.0|20.5|0.02|0.26|43.9155|10.5142
07|45|0|180|1.5|8.1|315|65.8|20.5|0.02|0.26|43.9149|10.1739
07|46|0|180|2.9|8.1|315|65.6|20.6|0.02|0.26|43.9153|10.1739
07|47|0|180|0.0|8.1|315|65.5|20.7|0.02|0.26|43.9143|10.1739
07|48|0|180|1.5|8.1|315|65.3|20.7|0.02|0.26|43.9141|10.1739
07|49|0|180|1.6|8.1|315|65.2|20.9|0.02|0.26|43.9122|10.1739
07|50|0|180|0.0|8.1|315|65.0|21.0|0.02|0.26|43.9123|11.127
07|51|0|180|1.5|8.1|315|64.8|21.1|0.02|0.26|43.9061|10.7804
07|52|0|180|1.5|8.1|315|64.6|21.3|0.02|0.26|43.9037|10.7804
07|53|0|180|1.5|8.1|315|64.4|21.5|0.02|0.26|43.9029|10.7804
07|54|0|180|0.0|8.1|315|64.1|21.8|0.03|0.28|43.9028|10.7804
07|55|0|180|0.0|8.1|315|63.9|22.0|0.03|0.28|43.9064|11.3788
07|56|0|180|0.0|8.1|315|63.6|22.1|0.03|0.28|43.9062|11.3788
07|58|0|180|0.0|8.1|315|63.2|22.4|0.03|0.28|43.9083|11.3788
08|00|0|180|1.5|8.1|315|62.9|22.5|0.03|0.28|43.9095|11.0206
08|01|0|180|1.5|8.1|315|62.7|22.8|0.03|0.28|43.914|11.0206
08|02|0|180|0.0|8.1|315|62.6|22.9|0.03|0.28|43.9148|11.0206
08|03|0|180|0.0|8.1|315|62.3|23.1|0.03|0.28|43.9149|11.9686
08|04|0|180|0.0|8.1|315|62.2|23.3|0.03|0.28|43.9156|11.9686
08|06|0|180|1.5|8.1|315|62.0|23.5|0.03|0.28|43.9153|11.9686
08|07|0|180|1.6|8.1|315|61.7|23.8|0.03|0.28|43.9188|11.6036
08|08|0|180|1.5|8.1|315|61.3|23.9|0.03|0.28|43.9171|11.6036
08|09|0|180|0.0|8.1|315|60.9|24.0|0.03|0.28|43.9154|12.1777
08|10|0|180|1.6|8.1|315|60.4|24.1|0.03|0.28|43.9149|12.1777
08|11|0|180|1.6|8.1|315|60.1|24.2|0.03|0.28|43.914|12.1777
08|12|0|180|0.0|8.1|315|59.9|24.3|0.03|0.28|43.914|11.8
08|13|0|180|0.0|8.1|315|59.8|24.5|0.03|0.28|43.9136|11.8
08|15|0|180|1.5|8.1|315|59.4|24.7|0.03|0.28|43.9115|11.8
08|16|0|180|1.5|8.1|315|59.2|24.9|0.03|0.28|43.9142|11.8
08|18|0|180|1.5|8.1|315|58.8|25.1|0.03|0.28|43.9132|12.3574
08|19|0|180|1.5|8.1|315|58.8|25.2|0.04|0.29|43.9179|12.3574
08|20|0|180|1.6|8.1|315|58.7|25.4|0.04|0.29|43.9177|12.3574
08|21|0|180|2.9|8.1|315|58.7|25.5|0.04|0.29|43.9203|12.3574
08|22|0|180|0.0|8.1|315|58.3|25.6|0.04|0.29|43.9181|12.3574
08|23|0|180|0.0|8.1|315|58.3|25.7|0.03|0.29|43.919|12.3574
08|24|0|180|1.5|8.1|315|58.3|25.8|0.03|0.29|43.9211|12.3574
08|27|0|180|1.6|8.1|315|57.6|25.9|0.03|0.29|43.9215|11.9663
08|28|0|180|2.9|8.1|315|57.2|26.0|0.03|0.29|43.9232|12.9052
08|29|0|180|1.5|8.1|315|57.0|26.0|0.03|0.29|43.9229|12.9052
08|30|0|180|1.6|8.1|315|57.0|26.0|0.03|0.29|43.9216|12.9052
08|31|0|180|0.0|8.1|315|57.0|26.1|0.03|0.29|43.923|12.9052
08|32|0|180|0.0|8.1|315|57.1|26.1|0.03|0.29|43.9218|12.9052
08|33|0|180|0.0|8.1|315|57.2|26.3|0.03|0.29|43.9205|12.9052
08|35|0|113|1.5|8.1|315|57.1|26.5|0.03|0.29|43.9224|12.9052
08|36|0|135|0.0|8.1|315|56.8|26.6|0.02|0.29|43.9208|12.506
08|37|0|135|1.6|8.1|315|56.8|26.6|0.02|0.29|43.9193|12.506
08|38|0|135|1.5|8.1|315|56.7|26.7|0.02|0.29|43.9177|12.506
08|39|0|135|1.6|8.1|315|56.7|26.7|0.02|0.29|43.9164|12.506
08|40|0|135|2.9|8.1|315|56.6|26.8|0.02|0.29|43.9161|12.506
08|41|0|135|1.5|8.1|315|56.6|26.9|0.02|0.29|43.9168|12.506
08|42|0|135|2.9|8.1|315|56.6|27.0|0.02|0.29|43.9181|13.4429
08|43|0|135|2.9|8.1|315|56.3|27.2|0.02|0.29|43.9162|13.4429
08|44|0|135|1.6|8.1|315|56.1|27.3|0.02|0.29|43.9148|13.4429
08|45|0|135|2.9|8.1|315|56.2|27.4|0.02|0.29|43.9133|13.4429
08|46|0|135|2.9|8.1|315|56.0|27.6|0.02|0.29|43.9161|13.4429
08|47|0|135|2.9|8.1|315|55.7|27.7|0.02|0.29|43.9138|13.0356
08|49|0|180|1.5|8.1|315|55.7|28.0|0.02|0.29|43.9181|13.9704
08|50|0|135|3.2|8.1|315|55.7|28.2|0.02|0.29|43.918|13.9704
08|51|0|180|4.4|8.1|315|55.1|28.3|0.02|0.29|43.9152|13.9704
08|52|0|180|2.9|8.1|315|54.7|28.5|0.02|0.29|43.914|13.5545
08|53|0|180|1.6|8.1|315|54.4|28.6|0.02|0.29|43.9134|13.5545
08|54|0|135|4.4|8.1|315|54.5|28.8|0.01|0.29|43.9157|13.5545
08|55|0|180|3.2|8.1|315|54.0|29.0|0.01|0.29|43.9132|14.4873
08|56|0|158|4.4|8.1|315|53.8|29.1|0.02|0.30|43.9146|14.0626
08|57|0|180|2.9|8.1|315|54.0|29.3|0.02|0.30|43.9171|14.4873
08|58|0|135|2.9|8.1|315|53.9|29.3|0.02|0.30|43.9156|14.0626
08|59|0|180|4.4|8.1|315|53.5|29.4|0.02|0.30|43.918|14.0626
09|00|0|180|1.5|8.1|315|53.5|29.5|0.02|0.30|43.9192|14.0626
09|01|0|135|4.4|8.1|315|53.4|29.6|0.02|0.30|43.92|14.0626
09|02|0|158|4.8|8.1|315|53.3|29.6|0.02|0.30|43.9205|14.0626
09|03|0|180|2.9|8.1|315|52.9|29.6|0.02|0.30|43.9194|13.6307
09|04|0|180|2.9|8.1|315|52.9|29.6|0.02|0.30|43.9218|13.6307
09|05|0|180|2.9|8.1|315|53.1|29.7|0.02|0.30|43.9229|14.0626
09|06|0|180|2.9|8.1|315|53.0|29.9|0.02|0.30|43.9206|14.0626
09|07|0|180|1.5|8.1|315|52.6|29.9|0.02|0.30|43.9216|13.6307
09|08|0|180|3.2|8.1|315|52.8|30.1|0.02|0.30|43.9208|14.5594
09|10|0|135|2.9|8.1|315|52.6|30.2|0.02|0.30|43.9208|14.5594
09|11|0|180|4.4|8.1|315|52.4|30.3|0.02|0.30|43.9205|14.5594
09|12|0|180|4.4|8.1|315|52.0|30.4|0.02|0.30|43.9201|14.5594
09|13|0|180|1.6|8.1|315|51.8|30.6|0.02|0.30|43.9163|14.118
09|14|0|180|2.9|8.1|315|51.6|30.9|0.02|0.30|43.9168|14.118
09|15|0|135|2.9|8.1|315|51.5|31.1|0.02|0.30|43.9152|15.0446
09|16|0|180|1.6|8.1|315|51.3|31.3|0.02|0.30|43.9132|15.0446
09|17|0|135|2.9|8.1|315|51.1|31.5|0.02|0.30|43.9137|15.0446
09|18|0|135|4.4|8.1|315|50.8|31.8|0.01|0.30|43.9134|14.5935
09|20|0|135|4.4|8.1|315|49.5|32.2|0.01|0.30|43.9114|15.0565
09|21|0|158|4.8|8.1|315|49.2|32.3|0.01|0.30|43.9073|15.0565
09|22|0|180|1.5|8.1|315|49.2|32.6|0.01|0.30|43.9045|15.0565
09|23|0|180|2.9|8.1|315|48.9|32.7|0.01|0.30|43.9042|14.5868
09|24|0|135|3.2|8.1|315|48.7|33.0|0.01|0.30|43.9046|15.5068
09|25|0|158|1.6|8.1|315|48.6|33.2|0.01|0.30|43.9064|15.5068
09|26|0|180|0.0|8.1|315|48.3|33.6|0.01|0.30|43.9098|15.5068
09|27|0|180|1.5|8.1|315|48.6|33.8|0.01|0.30|43.9122|15.5068
09|28|0|180|2.9|8.1|315|48.2|33.9|0.01|0.30|43.9122|15.5068
09|30|0|180|2.9|8.1|315|47.5|34.0|0.01|0.30|43.9122|15.9438
09|31|0|135|2.9|8.1|315|47.2|34.2|0.01|0.30|43.9124|15.9438
09|32|0|135|0.0|8.1|315|46.8|34.5|0.01|0.30|43.9136|15.4517
09|33|0|135|3.2|8.1|315|46.7|34.6|0.01|0.30|43.9151|15.4517
09|34|0|135|1.5|8.1|315|46.4|34.7|0.01|0.30|43.9138|15.4517
09|35|0|135|1.5|8.1|315|46.0|34.6|0.01|0.30|43.9192|15.4517
09|36|0|90|2.9|8.1|315|46.2|34.6|0.01|0.30|43.9186|15.4517
09|37|0|90|4.4|8.1|315|46.1|34.7|0.01|0.30|43.9148|15.4517
09|38|0|135|2.9|8.1|315|45.9|34.7|0.01|0.30|43.9137|14.95
09|40|0|180|4.4|8.1|315|45.6|35.0|0.01|0.30|43.912|15.8631
09|41|0|180|5.8|8.1|315|45.4|35.0|0.01|0.30|43.9156|15.8631
09|42|0|135|5.8|8.1|315|44.9|34.9|0.01|0.30|43.9113|14.4383
09|43|0|135|3.2|8.1|315|44.9|35.0|0.01|0.30|43.9107|15.3491
09|44|0|180|2.9|8.1|315|44.8|35.0|0.01|0.30|43.9102|15.3491
09|46|0|135|4.4|8.1|315|44.8|35.0|0.01|0.30|43.9078|15.3491
09|47|0|225|4.8|8.1|315|44.4|35.0|0.01|0.30|43.9085|15.3491
09|48|0|180|5.8|8.1|315|44.1|34.9|0.01|0.30|43.9077|14.4383
09|49|0|203|4.4|8.1|315|43.9|35.0|0.02|0.31|43.9082|14.8247
09|50|0|135|4.4|8.1|315|43.8|34.9|0.02|0.31|43.9059|13.9162
09|51|0|135|7.3|8.1|315|43.8|34.8|0.02|0.31|43.9064|13.9162
09|52|0|158|4.8|8.1|315|43.9|34.7|0.02|0.31|43.9076|13.9162
09|53|0|180|5.8|8.1|315|44.0|34.7|0.02|0.31|43.905|14.4383
09|54|0|135|7.3|11.6|180|43.9|34.8|0.02|0.31|43.9069|13.9162
09|55|0|135|6.4|11.6|180|43.6|34.9|0.01|0.31|43.9079|13.9162
09|58|0|135|4.4|11.6|180|43.1|35.3|0.01|0.31|43.9021|14.8247
09|59|0|135|5.8|11.6|180|42.9|35.4|0.01|0.31|43.9004|14.2892
10|00|0|180|5.8|11.6|180|42.4|35.4|0.01|0.31|43.8995|14.2892
10|01|0|180|3.2|11.6|180|42.2|35.3|0.01|0.31|43.8995|14.2892
10|02|0|225|2.9|11.6|180|42.2|35.2|0.01|0.31|43.899|14.2892
10|04|0|180|4.4|11.6|180|42.4|35.3|0.01|0.31|43.9004|14.2892
10|05|0|180|5.8|11.6|180|42.4|35.3|0.01|0.31|43.9005|14.2892
10|07|0|135|4.8|11.6|180|42.5|35.3|0.01|0.31|43.9048|14.2892
10|08|0|158|7.3|11.6|180|42.4|35.2|0.01|0.31|43.903|14.2892
10|09|0|180|4.8|11.6|180|42.4|35.3|0.01|0.31|43.9009|14.2892
10|10|0|135|5.8|11.6|180|42.3|35.3|0.01|0.31|43.9013|14.2892
10|11|0|135|7.3|11.6|180|42.2|35.3|0.01|0.31|43.8999|14.2892
10|12|0|180|4.4|11.6|180|42.2|35.3|0.01|0.31|43.9012|14.2892
10|13|0|180|10.2|11.6|180|42.2|35.3|0.01|0.31|43.8983|14.2892
10|14|0|180|4.4|11.6|180|42.2|35.3|0.01|0.31|43.9003|14.2892
10|15|0|158|4.8|11.6|180|42.1|35.4|0.01|0.31|43.8953|14.2892
10|17|0|180|7.3|11.6|180|42.3|35.5|0.01|0.31|43.8953|14.2892
10|20|0|180|4.4|11.6|180|42.3|35.6|0.01|0.31|43.8938|14.2892
10|21|0|180|5.8|11.6|180|42.1|35.6|0.01|0.31|43.8938|14.2892
10|22|0|180|3.2|11.6|180|42.1|35.8|0.01|0.31|43.8958|14.2892
10|24|0|180|4.4|11.6|180|42.1|35.9|0.01|0.31|43.8926|14.2892
10|25|0|135|4.4|11.6|180|42.0|36.2|0.01|0.31|43.8954|15.1952
10|26|0|135|1.5|11.6|180|41.9|36.4|0.01|0.31|43.8957|14.6459
10|27|0|225|2.9|11.6|180|41.6|36.5|0.01|0.31|43.8939|14.6459
10|28|0|180|1.5|11.6|180|41.5|36.7|0.01|0.31|43.8984|14.6459
10|31|0|135|2.9|11.6|180|40.5|37.4|0.01|0.31|43.8999|14.9854
10|32|0|225|4.4|11.6|180|39.9|37.5|0.01|0.31|43.9006|14.4089
10|33|0|135|2.9|11.6|180|39.9|37.6|0.01|0.31|43.8952|14.4089
10|34|0|180|3.2|11.6|180|39.8|38.0|0.01|0.31|43.894|15.3069
10|35|0|135|4.4|11.6|180|39.3|38.1|0.02|0.32|43.8941|15.3069
10|36|0|180|8.7|11.6|180|39.0|38.1|0.02|0.32|43.8933|15.3069
10|37|0|135|6.4|11.6|180|38.6|38.0|0.02|0.32|43.8917|14.7146
10|38|0|135|2.9|11.6|180|38.4|38.1|0.03|0.33|43.8907|14.7146
10|39|0|203|9.7|11.6|180|38.7|38.3|0.03|0.33|43.8898|14.7146
10|40|0|180|7.3|11.6|180|38.4|38.3|0.04|0.34|43.8862|14.7146
10|42|0|135|4.8|11.6|180|38.3|38.4|0.04|0.34|43.8875|14.7146
10|43|0|135|5.8|11.6|180|38.1|38.6|0.04|0.34|43.8873|14.7146
10|44|0|135|4.4|11.6|180|38.0|38.6|0.04|0.34|43.887|14.7146
10|45|0|180|6.5|11.6|180|37.9|38.6|0.04|0.34|43.8862|14.1082
10|46|0|135|5.8|11.6|180|37.9|38.7|0.04|0.34|43.8825|14.1082
10|47|0|135|6.4|11.6|180|37.7|38.7|0.03|0.34|43.8819|14.1082
10|48|0|135|5.8|11.6|180|37.7|38.6|0.03|0.34|43.8801|14.1082
10|49|0|225|8.7|11.6|180|37.6|38.6|0.03|0.34|43.8797|14.1082
10|50|0|180|7.3|11.6|180|37.8|38.6|0.03|0.34|43.8788|14.1082
10|51|0|180|4.4|11.6|180|37.9|38.7|0.03|0.34|43.8795|14.1082
10|52|0|135|5.8|11.6|180|37.5|38.7|0.03|0.34|43.8787|14.1082
10|53|0|158|4.8|11.6|180|37.4|38.7|0.03|0.34|43.879|14.1082
10|54|0|135|5.8|11.6|180|37.5|39.0|0.03|0.34|43.8804|15.0008
10|55|0|90|4.8|11.6|180|37.5|39.1|0.03|0.34|43.8802|15.0008
10|56|0|180|4.4|11.6|180|37.2|39.1|0.03|0.34|43.8787|15.0008
10|57|0|135|4.4|11.6|180|37.1|39.2|0.03|0.34|43.8757|15.0008
10|58|0|135|5.8|11.6|180|37.0|39.3|0.03|0.34|43.878|15.0008
11|00|0|135|4.4|11.6|180|37.0|39.5|0.03|0.34|43.8795|15.0008
11|01|0|135|5.8|11.6|180|36.8|39.8|0.03|0.34|43.8763|14.377
11|02|0|135|8.7|11.6|180|36.2|39.8|0.03|0.34|43.8737|14.377
11|03|0|180|5.8|11.6|180|36.1|40.1|0.03|0.34|43.8688|15.2666
11|04|0|180|6.4|11.6|180|35.9|40.3|0.03|0.34|43.8661|14.6244
11|05|0|135|5.8|11.6|180|35.6|40.5|0.03|0.34|43.8696|14.6244
11|06|0|135|4.4|11.6|180|35.4|40.4|0.03|0.34|43.8692|14.6244
11|07|0|180|4.4|11.6|180|35.2|40.5|0.03|0.34|43.8682|14.6244
11|08|0|180|5.8|11.6|180|35.3|40.7|0.03|0.34|43.8675|14.6244
11|09|0|135|4.4|11.6|180|35.1|40.4|0.03|0.34|43.8672|14.6244
11|10|0|180|4.4|11.6|180|35.2|40.7|0.03|0.34|43.8615|14.6244
11|11|0|135|2.9|11.6|180|35.1|40.7|0.03|0.34|43.8629|14.6244
11|12|0|135|5.8|11.6|180|35.0|40.7|0.03|0.34|43.8584|14.6244
11|13|0|135|5.8|11.6|180|34.9|40.8|0.03|0.34|43.86|13.9657
11|14|0|135|4.8|11.6|180|35.1|41.0|0.03|0.34|43.859|15.511
11|15|0|225|2.9|11.6|180|34.8|41.1|0.03|0.34|43.8604|14.8495
11|16|0|135|5.8|11.6|180|34.7|41.1|0.03|0.34|43.8572|14.8495
11|17|0|180|5.8|11.6|180|34.6|41.2|0.03|0.34|43.8586|14.8495
11|19|0|180|2.9|11.6|180|34.4|41.3|0.03|0.34|43.8572|14.8495
11|20|0|158|3.2|11.6|180|34.4|41.6|0.03|0.34|43.8571|14.8495
11|21|0|180|7.3|11.6|180|34.3|41.6|0.03|0.34|43.8551|14.8495
11|22|0|135|2.9|11.6|180|34.1|41.6|0.03|0.34|43.8538|14.8495
11|24|0|180|4.4|11.6|180|34.1|41.3|0.03|0.34|43.8574|14.8495
11|25|0|180|5.8|11.6|180|34.2|41.5|0.03|0.34|43.8533|14.8495
11|26|0|135|7.3|11.6|180|34.2|41.3|0.03|0.34|43.8503|14.8495
11|27|0|180|4.4|11.6|180|34.3|41.5|0.03|0.34|43.8504|14.8495
11|28|0|180|3.2|11.6|180|34.3|41.6|0.03|0.34|43.8516|14.8495
11|29|0|180|4.4|11.6|180|34.7|41.8|0.03|0.34|43.8475|14.8495
11|30|0|180|4.4|11.6|180|34.5|42.1|0.03|0.34|43.8488|15.733
11|31|0|180|9.7|11.6|180|34.0|42.0|0.03|0.34|43.8429|15.733
11|33|0|180|5.8|11.6|180|33.7|42.3|0.03|0.34|43.845|15.051
11|34|0|135|2.9|11.6|180|33.6|42.5|0.03|0.34|43.8471|15.051
11|36|0|180|5.8|11.6|180|33.2|42.5|0.02|0.34|43.8428|15.051
11|37|0|135|4.8|11.6|180|33.3|42.6|0.02|0.34|43.8434|15.051
11|38|0|180|4.4|11.6|180|33.4|42.9|0.01|0.34|43.8467|15.051
11|39|0|180|4.8|11.6|180|33.1|42.9|0.00|0.34|43.8451|15.051
11|41|0|180|5.8|11.6|180|32.8|43.0|0.00|0.34|43.8423|15.2276
11|43|0|135|4.8|11.6|180|32.7|43.4|0.00|0.34|43.8442|15.2276
11|44|0|135|2.9|11.6|180|32.4|43.5|0.00|0.34|43.843|15.2276
11|45|0|180|2.9|11.6|180|32.4|43.5|0.00|0.34|43.8391|15.2276
11|46|0|180|4.8|11.6|180|32.3|43.7|0.00|0.34|43.8398|15.2276
11|47|0|135|4.4|11.6|180|32.0|43.8|0.00|0.34|43.8403|15.2276
11|48|0|203|7.3|11.6|180|31.8|43.8|0.00|0.34|43.8363|14.5041
11|49|0|180|4.4|11.6|180|31.8|44.0|0.00|0.34|43.8408|15.3782
11|50|0|180|3.2|11.6|180|31.7|44.4|0.00|0.34|43.8365|15.3782
11|51|0|158|6.4|11.6|180|31.3|44.5|0.00|0.34|43.8355|15.3782
11|52|0|135|6.4|11.6|180|31.3|44.5|0.00|0.34|43.8332|15.3782
11|53|0|135|2.9|11.6|180|31.3|44.5|0.00|0.34|43.8343|15.3782
11|54|0|135|4.4|11.6|180|31.3|44.7|0.00|0.34|43.8337|15.3782
11|55|0|90|2.9|11.6|180|31.2|44.7|0.00|0.34|43.8347|15.3782
11|57|0|135|4.4|11.6|180|30.7|45.0|0.00|0.34|43.8334|15.501
11|59|0|180|5.8|11.6|180|30.7|45.0|0.00|0.34|43.8313|15.501
12|01|0|135|6.4|11.6|180|30.5|45.4|0.00|0.34|43.8297|15.501
12|02|0|180|4.4|11.6|180|30.3|45.6|0.00|0.34|43.8323|15.501
12|04|0|135|1.5|11.6|180|29.9|45.6|0.00|0.34|43.8329|14.7275
12|05|0|45|3.2|11.6|180|29.8|45.6|0.00|0.34|43.8345|14.7275
12|07|0|135|0.0|11.6|180|29.8|45.7|0.00|0.34|43.8353|14.7275
12|08|0|180|4.8|11.6|180|29.7|45.8|0.00|0.34|43.833|14.7275
12|09|0|180|5.8|11.6|180|29.7|46.0|0.00|0.34|43.8328|15.5945
12|10|0|135|1.5|11.6|180|29.7|46.1|0.00|0.34|43.8344|15.5945
12|11|0|225|1.6|11.6|180|29.6|46.4|0.00|0.34|43.8323|15.5945
12|12|0|225|2.9|11.6|180|29.3|46.5|0.00|0.34|43.8293|15.5945
12|13|0|180|1.5|11.6|180|29.4|46.7|0.00|0.34|43.8284|15.5945
12|14|0|135|6.4|11.6|180|29.0|47.0|0.00|0.34|43.8266|16.4613
12|15|0|225|2.9|11.6|180|29.0|47.2|0.00|0.34|43.8255|16.4613
12|16|0|180|1.5|11.6|180|28.8|47.4|0.00|0.34|43.8223|15.657
12|17|0|135|1.5|11.6|180|28.4|47.7|0.00|0.34|43.8204|15.657
12|18|0|225|2.9|11.6|180|28.1|48.0|0.00|0.34|43.8218|16.5201
12|20|0|135|4.4|11.6|180|27.8|48.2|0.00|0.34|43.8255|15.6863
12|21|0|135|4.8|11.6|180|27.6|48.3|0.00|0.34|43.8264|15.6863
12|22|0|225|1.5|11.6|180|27.4|48.4|0.00|0.34|43.8238|15.6863
12|23|0|225|2.9|11.6|180|27.4|48.8|0.00|0.34|43.8233|15.6863
12|24|0|270|1.6|11.6|180|27.1|49.0|0.00|0.34|43.8228|16.5456
12|25|0|225|0.0|11.6|180|26.7|49.0|0.00|0.34|43.8251|15.6803
12|26|0|135|4.4|11.6|180|26.6|48.8|0.00|0.34|43.8266|14.8246
12|28|0|225|4.4|11.6|180|26.8|48.3|0.00|0.34|43.8262|14.8246
12|29|0|225|1.5|11.6|180|26.9|48.3|0.00|0.34|43.8265|14.8246
12|31|0|315|1.5|11.6|180|27.0|48.4|0.00|0.34|43.8242|15.6863
12|32|0|0|2.9|11.6|180|26.9|48.4|0.00|0.34|43.8227|14.8246
12|33|0|315|2.9|11.6|180|26.8|48.3|0.00|0.34|43.8186|14.8246
12|34|0|270|1.5|11.6|180|26.8|48.3|0.00|0.34|43.8216|14.8246
12|35|0|315|1.5|11.6|180|27.0|48.2|0.00|0.34|43.8181|15.6863
12|36|0|225|0.0|11.6|180|27.1|48.2|0.00|0.34|43.8168|15.6863
12|37|0|135|1.6|11.6|180|27.3|48.3|0.00|0.34|43.8159|15.6863
12|38|0|135|4.4|11.6|180|27.1|48.3|0.00|0.34|43.8118|15.6863
12|39|0|135|1.5|11.6|180|27.2|48.5|0.00|0.34|43.8082|15.6863
12|40|0|158|1.6|11.6|180|26.9|48.8|0.00|0.34|43.808|14.8246
12|41|0|225|2.9|11.6|180|26.9|49.0|0.00|0.34|43.8091|15.6803
12|42|0|135|1.5|11.6|180|26.7|49.3|0.00|0.34|43.8105|15.6803
12|43|0|225|3.2|11.6|180|26.5|49.5|0.00|0.34|43.8109|15.6803
12|44|0|180|1.5|11.6|180|26.3|49.9|0.00|0.34|43.8141|15.6803
12|45|0|135|2.9|11.6|180|26.1|50.2|0.00|0.34|43.8113|16.5358
12|47|0|180|1.5|11.6|180|25.6|50.5|0.00|0.34|43.81|15.6367
12|49|0|180|1.5|11.6|180|25.0|50.7|0.00|0.34|43.8037|15.6367
12|50|0|135|4.4|11.6|180|24.7|50.6|0.00|0.34|43.8049|14.705
12|51|0|135|3.2|11.6|180|24.9|50.6|0.00|0.34|43.8059|14.705
12|52|0|135|0.0|11.6|180|24.9|50.7|0.00|0.34|43.8059|14.705
12|53|0|180|4.4|11.6|180|25.1|50.8|0.00|0.34|43.8028|15.6367
12|55|0|180|2.9|11.6|180|24.8|50.7|0.00|0.34|43.8044|14.705
12|56|0|180|1.5|11.6|180|24.7|50.8|0.00|0.34|43.8024|14.705
12|57|0|180|2.9|11.6|180|24.9|50.9|0.00|0.34|43.8009|14.705
12|59|0|225|2.9|11.6|180|24.9|51.2|0.00|0.34|43.8034|15.5526
13|01|0|225|0.0|11.6|180|24.3|51.8|0.00|0.34|43.7999|15.5526
13|02|0|270|0.0|11.6|180|24.1|51.9|0.00|0.34|43.7965|15.5526
13|04|0|180|1.6|11.6|180|24.2|52.1|0.00|0.34|43.7941|16.3998
13|05|0|270|1.5|11.6|180|24.1|52.4|0.00|0.34|43.7938|16.3998
13|06|0|270|1.5|11.6|180|23.7|52.6|0.00|0.34|43.7909|15.425
13|07|0|270|4.4|11.6|180|23.3|52.5|0.00|0.34|43.7894|15.425
13|08|0|315|4.4|11.6|180|23.2|52.2|0.00|0.34|43.7882|15.425
13|09|0|270|1.6|11.6|180|23.4|51.8|0.00|0.34|43.7897|14.5817
13|10|0|270|0.0|11.6|180|23.6|51.8|0.00|0.34|43.7884|14.5817
13|11|0|90|1.6|11.6|180|23.9|51.7|0.00|0.34|43.7909|14.5817
13|12|0|315|2.9|11.6|180|24.2|51.5|0.00|0.34|43.7935|15.5526
13|14|0|248|1.5|11.6|180|24.6|51.2|0.00|0.34|43.7932|15.5526
13|16|0|225|0.0|11.6|180|24.6|50.9|0.00|0.34|43.7905|14.705
13|17|0|270|3.2|11.6|180|24.8|50.7|0.00|0.34|43.79|14.705
13|18|0|270|2.9|11.6|180|24.7|50.1|0.00|0.34|43.7912|14.705
13|19|0|338|3.2|11.6|180|24.9|49.8|0.00|0.34|43.7928|13.8572
13|20|0|135|1.5|11.6|180|25.1|49.5|0.00|0.34|43.7967|14.785
13|22|0|180|1.5|11.6|180|25.6|49.0|0.00|0.34|43.7928|14.785
13|23|0|225|4.4|11.6|180|25.9|48.9|0.00|0.34|43.7932|13.9329
13|25|0|180|1.6|11.6|180|26.2|48.8|0.00|0.34|43.7916|14.8246
13|26|0|180|2.9|11.6|180|26.3|48.7|0.00|0.34|43.7893|14.8246
13|27|0|203|2.9|11.6|180|26.3|48.4|0.00|0.34|43.7864|14.8246
13|28|0|180|3.2|11.6|180|26.4|48.3|0.00|0.34|43.7834|14.8246
13|29|0|180|4.4|11.6|180|26.6|48.3|0.00|0.34|43.7843|14.8246
13|30|0|180|2.9|11.6|180|26.5|48.4|0.00|0.34|43.784|14.8246
13|31|0|180|1.5|11.6|180|26.5|48.5|0.00|0.34|43.7809|14.8246
13|32|0|180|1.6|11.6|180|26.4|48.5|0.00|0.34|43.7784|14.8246
13|33|0|135|2.9|11.6|180|26.4|48.4|0.00|0.34|43.7787|14.8246
13|34|0|135|4.4|11.6|180|26.5|48.5|0.00|0.34|43.7802|14.8246
13|35|0|135|2.9|11.6|180|26.5|48.5|0.00|0.34|43.7805|14.8246
13|36|0|135|4.8|11.6|180|26.4|48.4|0.00|0.34|43.7787|14.8246
13|37|0|135|2.9|11.6|180|26.4|48.4|0.00|0.34|43.776|14.8246
13|38|0|135|2.9|11.6|180|26.5|48.5|0.00|0.34|43.7779|14.8246
13|39|0|270|3.2|11.6|180|26.6|48.5|0.00|0.34|43.7795|14.8246
13|40|0|248|1.5|11.6|180|26.4|48.7|0.00|0.34|43.7813|14.8246
13|41|0|270|4.4|11.6|180|26.3|48.4|0.00|0.34|43.7747|14.8246
13|42|0|270|2.9|11.6|180|26.3|48.4|0.01|0.35|43.7764|14.8246
13|44|0|270|2.9|11.6|180|26.4|48.4|0.01|0.35|43.7756|14.8246
13|45|0|315|3.2|11.6|180|26.4|48.4|0.01|0.35|43.7772|14.8246
13|46|0|270|2.9|11.6|180|26.4|48.3|0.01|0.35|43.7771|14.8246
13|47|0|315|2.9|11.6|180|26.5|48.3|0.01|0.35|43.7761|14.8246
13|49|0|315|0.0|11.6|180|26.5|48.3|0.01|0.35|43.7754|14.8246
13|50|0|225|1.5|11.6|180|26.6|48.3|0.01|0.35|43.772|14.8246
13|51|0|270|1.5|11.6|180|26.6|48.3|0.01|0.35|43.7753|14.8246
13|52|0|315|1.6|11.6|180|26.5|48.2|0.01|0.35|43.7699|14.8246
13|53|0|225|1.5|11.6|180|26.6|48.4|0.01|0.35|43.7746|14.8246
13|54|0|180|0.0|11.6|180|26.7|48.3|0.01|0.35|43.7759|14.8246
13|56|0|0|1.5|11.6|180|26.7|48.2|0.01|0.35|43.7749|14.8246
13|57|0|45|1.6|11.6|180|26.8|48.2|0.01|0.35|43.7754|14.8246
13|58|0|0|0.0|11.6|180|26.9|48.2|0.01|0.35|43.7757|14.8246
13|59|0|270|1.6|11.6|180|26.9|48.1|0.01|0.35|43.7754|14.8246
14|02|0|270|2.9|11.6|180|26.9|47.9|0.01|0.35|43.7745|13.9686
14|03|0|270|1.6|11.6|180|26.9|47.9|0.01|0.35|43.7766|13.9686
14|04|0|270|2.9|11.6|180|26.9|47.6|0.01|0.35|43.776|13.9686
14|05|0|270|2.9|11.6|180|27.0|47.5|0.01|0.35|43.7777|14.8267
14|06|0|315|1.6|11.6|180|27.2|47.3|0.01|0.35|43.7759|14.8267
14|07|0|270|1.5|11.6|180|27.4|47.2|0.01|0.35|43.7755|14.8267
14|08|0|248|2.9|11.6|180|27.5|47.1|0.01|0.35|43.7756|14.8267
14|10|0|225|1.5|11.6|180|27.7|47.1|0.01|0.35|43.7729|14.8267
14|11|0|225|7.3|11.6|180|27.7|47.1|0.01|0.35|43.7697|14.8267
14|13|0|315|4.8|11.6|180|27.6|47.2|0.01|0.35|43.7648|14.8267
14|14|0|315|2.9|11.6|180|27.5|47.4|0.01|0.35|43.7656|14.8267
14|15|0|315|4.8|11.6|180|27.4|47.4|0.01|0.35|43.7665|14.8267
14|16|0|270|1.5|11.6|180|27.4|47.4|0.01|0.35|43.7712|14.8267
14|18|0|270|1.5|11.6|180|27.3|47.3|0.01|0.35|43.773|14.8267
14|19|0|270|1.6|11.6|180|27.3|47.3|0.01|0.35|43.773|14.8267
14|22|0|270|1.5|11.6|180|27.6|47.5|0.01|0.35|43.7746|14.8267
14|23|0|270|1.5|11.6|180|27.5|47.5|0.01|0.35|43.7672|14.8267
14|24|0|180|1.6|11.6|180|27.4|47.7|0.01|0.35|43.7613|14.8267
14|25|0|135|1.5|11.6|180|27.2|48.1|0.01|0.35|43.762|15.6863
14|26|0|270|1.5|11.6|180|27.1|48.4|0.01|0.35|43.7604|15.6863
14|27|0|315|1.5|11.6|180|26.7|48.5|0.01|0.35|43.7599|14.8246
14|28|0|315|4.4|11.6|180|26.6|48.8|0.01|0.35|43.7647|14.8246
14|29|0|315|2.9|11.6|180|26.5|48.5|0.01|0.35|43.7642|14.8246
14|30|0|315|1.5|11.6|180|26.6|48.5|0.01|0.35|43.7668|14.8246
14|31|0|225|2.9|11.6|180|26.6|48.7|0.01|0.35|43.7711|14.8246
14|32|0|270|0.0|11.6|180|26.6|48.5|0.01|0.35|43.7706|14.8246
14|33|0|315|2.9|11.6|180|26.5|48.5|0.01|0.35|43.7706|14.8246
14|34|0|0|4.4|11.6|180|26.5|48.4|0.01|0.35|43.7714|14.8246
14|36|0|0|5.8|11.6|180|26.6|48.4|0.01|0.35|43.7711|14.8246
14|37|0|0|2.9|11.6|180|26.7|48.3|0.01|0.35|43.7732|14.8246
14|38|0|0|2.9|11.6|180|26.7|48.2|0.01|0.35|43.7718|14.8246
14|39|0|315|2.9|11.6|180|26.6|48.2|0.01|0.35|43.7699|14.8246
14|40|0|315|1.5|11.6|180|26.7|48.2|0.01|0.35|43.7643|14.8246
14|41|0|315|4.4|11.6|180|26.7|48.2|0.01|0.35|43.7651|14.8246
14|42|0|315|1.6|11.6|180|26.6|48.4|0.01|0.35|43.7637|14.8246
14|43|0|315|4.4|11.6|180|26.7|48.3|0.00|0.35|43.7622|14.8246
14|44|0|270|4.4|11.6|180|26.5|48.5|0.00|0.35|43.7631|14.8246
14|45|0|270|3.2|11.6|180|26.7|48.4|0.00|0.35|43.7613|14.8246
14|46|0|315|5.8|11.6|180|26.5|48.2|0.00|0.35|43.7677|14.8246
14|47|0|315|1.6|11.6|180|26.6|48.1|0.00|0.35|43.766|14.8246
14|48|0|0|4.8|11.6|180|26.8|47.9|0.00|0.35|43.7659|13.9686
14|49|0|270|2.9|11.6|180|26.9|47.7|0.00|0.35|43.768|13.9686
14|50|0|270|0.0|11.6|180|26.9|47.7|0.01|0.36|43.7689|13.9686
14|51|0|315|1.5|11.6|180|27.0|47.7|0.01|0.36|43.7701|14.8267
14|52|0|270|1.5|11.6|180|27.2|47.7|0.01|0.36|43.772|14.8267
14|53|0|270|2.9|11.6|180|27.2|47.6|0.01|0.36|43.7709|14.8267
14|54|0|270|4.4|11.6|180|27.2|47.5|0.01|0.36|43.7701|14.8267
14|56|0|270|1.6|11.6|180|27.2|47.5|0.01|0.36|43.7717|14.8267
14|57|0|270|0.0|11.6|180|27.2|47.5|0.01|0.36|43.7744|14.8267
14|58|0|270|1.5|11.6|180|27.3|47.5|0.01|0.36|43.7737|14.8267
14|59|0|180|1.5|11.6|180|27.3|47.4|0.01|0.36|43.772|14.8267
15|00|0|315|4.8|11.6|180|27.4|47.4|0.01|0.36|43.7724|14.8267
15|01|0|315|4.4|11.6|180|27.4|47.3|0.01|0.36|43.7716|14.8267
15|03|0|270|2.9|11.6|180|27.5|47.2|0.01|0.36|43.7718|14.8267
15|04|0|270|1.5|11.6|180|27.6|47.2|0.01|0.36|43.768|14.8267
15|05|0|270|4.8|11.6|180|27.5|47.2|0.01|0.36|43.7653|14.8267
15|06|0|270|1.6|11.6|180|27.4|47.2|0.01|0.36|43.7707|14.8267
15|07|0|270|2.9|11.6|180|27.4|47.2|0.01|0.36|43.7707|14.8267
15|08|0|225|1.5|11.6|180|27.4|47.2|0.01|0.36|43.7695|14.8267
15|09|0|315|3.2|11.6|180|27.4|47.1|0.01|0.36|43.768|14.8267
15|10|0|315|4.4|11.6|180|27.5|47.0|0.01|0.36|43.7681|14.8267
15|12|0|270|2.9|11.6|180|27.9|47.0|0.01|0.36|43.7674|14.8267
15|13|0|270|2.9|11.6|180|27.7|46.8|0.01|0.36|43.7669|13.9668
15|14|0|315|2.9|11.6|180|27.6|46.8|0.01|0.36|43.7677|13.9668
15|16|0|315|2.9|11.6|180|27.6|46.7|0.01|0.36|43.7669|13.9668
15|17|0|315|1.5|11.6|180|27.7|46.7|0.01|0.36|43.7666|13.9668
15|18|0|270|0.0|11.6|180|27.8|46.7|0.01|0.36|43.7661|13.9668
15|19|0|225|1.5|11.6|180|28.0|46.7|0.01|0.36|43.764|14.7936
15|20|0|315|1.6|11.6|180|27.9|46.7|0.01|0.36|43.764|13.9668
15|22|0|270|0.0|11.6|180|27.8|47.0|0.01|0.36|43.7652|14.8267
15|23|0|225|1.5|11.6|180|27.8|47.1|0.01|0.36|43.7673|14.8267
15|24|0|225|2.9|11.6|180|27.8|47.1|0.01|0.36|43.7681|14.8267
15|25|0|225|2.9|11.6|180|27.7|47.2|0.01|0.36|43.7691|14.8267
15|26|0|225|1.6|11.6|180|27.6|47.3|0.01|0.36|43.7693|14.8267
15|27|0|225|1.5|11.6|180|27.7|47.4|0.01|0.36|43.7715|14.8267
15|28|0|225|1.6|11.6|180|27.6|47.5|0.01|0.36|43.7698|14.8267
15|29|0|225|2.9|11.6|180|27.4|47.6|0.01|0.36|43.7688|14.8267
15|30|0|270|1.5|11.6|180|27.3|47.7|0.01|0.36|43.7702|14.8267
15|31|0|315|2.9|11.6|180|27.2|47.9|0.01|0.36|43.7693|14.8267
15|32|0|270|1.5|11.6|180|26.9|47.9|0.01|0.36|43.7692|13.9686
15|33|0|270|1.5|11.6|180|26.8|48.0|0.01|0.36|43.7682|14.8246
15|35|0|270|2.9|11.6|180|26.7|48.0|0.01|0.36|43.769|14.8246
15|38|0|270|1.5|11.6|180|26.6|48.2|0.01|0.36|43.7695|14.8246
15|39|0|315|1.5|11.6|180|26.6|48.2|0.01|0.36|43.7693|14.8246
15|40|0|315|3.2|11.6|180|26.5|48.2|0.01|0.36|43.7675|14.8246
15|41|0|315|5.8|11.6|180|26.6|48.1|0.01|0.36|43.7688|14.8246
15|42|0|315|1.6|11.6|180|26.9|48.0|0.01|0.36|43.7675|14.8246
15|43|0|0|4.4|11.6|180|27.0|47.7|0.01|0.36|43.7679|14.8267
15|44|0|0|4.4|11.6|180|26.9|47.6|0.01|0.36|43.7722|13.9686
15|45|0|315|3.2|11.6|180|27.1|47.5|0.01|0.36|43.7712|14.8267
15|46|0|270|1.5|11.6|180|27.0|47.4|0.01|0.36|43.7734|14.8267
15|47|0|0|2.9|11.6|180|27.2|47.3|0.01|0.36|43.7707|14.8267
15|48|0|315|2.9|11.6|180|27.5|47.2|0.01|0.36|43.7709|14.8267
15|49|0|315|4.4|11.6|180|27.6|47.0|0.00|0.36|43.7696|14.8267
15|51|0|315|2.9|11.6|180|27.7|46.8|0.00|0.36|43.7681|13.9668
15|52|0|315|2.9|11.6|180|27.7|46.7|0.00|0.36|43.7688|13.9668
15|53|0|315|2.9|11.6|180|27.7|46.7|0.00|0.36|43.7676|13.9668
15|54|0|315|2.9|11.6|180|27.9|46.6|0.00|0.36|43.7706|13.9668
15|55|0|270|2.9|11.6|180|28.3|46.5|0.00|0.36|43.7717|14.7936
15|56|0|270|1.5|11.6|180|28.3|46.5|0.00|0.36|43.7722|14.7936
15|57|0|270|5.8|11.6|180|28.1|46.4|0.00|0.36|43.7721|14.7936
15|58|0|315|2.9|11.6|180|28.0|46.3|0.00|0.36|43.7709|14.7936
15|59|0|315|1.6|11.6|180|28.1|46.3|0.00|0.36|43.7677|14.7936
16|00|0|270|2.9|11.6|180|28.2|46.2|0.00|0.36|43.77|14.7936
16|01|0|270|1.6|11.6|180|28.4|46.2|0.00|0.36|43.7705|14.7936
16|03|0|315|1.5|11.6|180|28.3|46.1|0.00|0.36|43.7698|14.7936
16|04|0|315|1.6|11.6|180|28.4|46.1|0.00|0.36|43.7708|14.7936
16|05|0|315|2.9|11.6|180|28.5|46.1|0.00|0.36|43.7721|14.7936
16|06|0|315|2.9|11.6|180|28.9|46.0|0.00|0.36|43.7705|14.7936
16|07|0|315|2.9|11.6|180|29.0|45.8|0.00|0.36|43.7712|14.7275
16|08|0|315|2.9|11.6|180|29.0|45.7|0.00|0.36|43.7681|14.7275
16|09|0|315|1.5|11.6|180|29.1|45.7|0.00|0.36|43.77|14.7275
16|11|0|270|1.6|11.6|180|29.2|45.7|0.00|0.36|43.7679|14.7275
16|12|0|315|2.9|11.6|180|29.0|45.6|0.00|0.36|43.7698|14.7275
16|13|0|315|1.5|11.6|180|29.1|45.5|0.00|0.36|43.7692|14.7275
16|14|0|315|3.2|11.6|180|29.3|45.4|0.00|0.36|43.7677|14.7275
16|17|0|270|2.9|11.6|180|29.3|45.2|0.00|0.36|43.7676|14.7275
16|18|0|270|4.4|11.6|180|29.3|45.3|0.00|0.36|43.7705|14.7275
16|19|0|270|1.6|11.6|180|29.2|45.2|0.00|0.36|43.7696|14.7275
16|20|0|315|2.9|11.6|180|29.2|45.2|0.00|0.36|43.7688|14.7275
16|21|0|315|2.9|11.6|180|29.3|45.0|0.00|0.36|43.7693|14.7275
16|22|0|315|3.2|11.6|180|29.5|44.9|0.00|0.36|43.77|13.8602
16|23|0|315|2.9|11.6|180|29.5|44.9|0.00|0.36|43.7697|13.8602
16|24|0|315|3.2|11.6|180|29.5|44.8|0.00|0.36|43.7712|13.8602
16|25|0|315|2.9|11.6|180|29.6|44.7|0.00|0.36|43.7693|13.8602
16|26|0|270|1.5|11.6|180|29.7|44.6|0.00|0.36|43.77|13.8602
16|27|0|270|1.5|11.6|180|29.8|44.6|0.00|0.36|43.7698|13.8602
16|28|0|270|1.5|11.6|180|29.9|44.5|0.00|0.36|43.7677|13.8602
16|29|0|315|2.9|11.6|180|29.9|44.5|0.00|0.36|43.7666|13.8602
16|30|0|315|1.5|11.6|180|30.1|44.4|0.00|0.36|43.7661|14.6304
16|32|0|315|2.9|11.6|180|30.2|44.3|0.00|0.36|43.7641|14.6304
16|33|0|270|3.2|11.6|180|30.3|44.3|0.00|0.36|43.7636|14.6304
16|34|0|270|4.4|11.6|180|30.2|44.2|0.00|0.36|43.7619|14.6304
16|35|0|270|1.5|11.6|180|30.3|44.2|0.00|0.36|43.762|14.6304
16|36|0|270|0.0|11.6|180|30.3|44.0|0.00|0.36|43.7616|14.6304
16|37|0|270|2.9|11.6|180|30.4|44.0|0.00|0.36|43.761|14.6304
16|38|0|270|2.9|11.6|180|30.3|44.0|0.00|0.36|43.7604|14.6304
16|40|0|315|2.9|11.6|180|30.4|43.9|0.01|0.37|43.7599|13.7596
16|41|0|270|1.5|11.6|180|30.5|43.9|0.01|0.37|43.7613|13.7596
16|43|0|315|1.5|11.6|180|30.5|43.9|0.01|0.37|43.7618|13.7596
16|44|0|270|1.5|11.6|180|30.6|43.8|0.01|0.37|43.7638|13.7596
16|45|0|315|2.9|11.6|180|30.8|43.8|0.01|0.37|43.7679|13.7596
16|46|0|315|3.2|11.6|180|30.9|43.7|0.01|0.37|43.7679|13.7596
16|48|0|315|3.2|11.6|180|31.2|43.4|0.01|0.37|43.7664|14.5041
16|49|0|315|4.8|11.6|180|31.4|43.2|0.01|0.37|43.7661|14.5041
16|50|0|315|4.4|11.6|180|31.6|43.0|0.01|0.37|43.7641|14.5041
16|51|0|315|1.6|11.6|180|31.9|42.9|0.01|0.37|43.7668|13.6299
16|53|0|315|2.9|11.6|180|32.1|42.9|0.01|0.37|43.7658|14.3503
16|54|0|315|2.9|11.6|180|32.2|42.8|0.01|0.37|43.7652|14.3503
16|55|0|315|2.9|11.6|180|32.2|42.7|0.01|0.37|43.7658|14.3503
16|56|0|315|2.9|11.6|180|32.3|42.6|0.01|0.37|43.7664|14.3503
16|57|0|315|4.8|11.6|180|32.5|42.5|0.01|0.37|43.767|14.3503
16|59|0|315|1.5|11.6|180|32.6|42.3|0.01|0.37|43.7647|14.3503
17|02|0|315|2.9|11.6|180|32.7|42.1|0.01|0.37|43.7658|14.3503
17|03|0|315|4.4|11.6|180|32.7|42.0|0.01|0.37|43.7665|14.3503
17|04|0|315|4.8|11.6|180|32.8|41.9|0.01|0.37|43.7659|13.4726
17|05|0|315|2.9|11.6|180|32.9|41.9|0.01|0.37|43.7667|13.4726
17|06|0|315|1.6|11.6|180|33.0|41.9|0.01|0.37|43.7652|14.1703
17|07|0|315|2.9|11.6|180|33.0|41.8|0.01|0.37|43.7638|14.1703
17|09|0|315|3.2|11.6|180|33.2|41.8|0.01|0.37|43.7654|14.1703
17|10|0|315|1.5|11.6|180|33.2|41.8|0.01|0.37|43.7648|14.1703
17|13|0|315|0.0|11.6|180|33.2|41.8|0.01|0.37|43.7605|14.1703
17|14|0|315|1.5|11.6|180|33.2|41.7|0.01|0.37|43.7586|14.1703
17|16|0|270|1.5|11.6|180|33.3|41.7|0.01|0.37|43.7571|14.1703
17|17|0|315|1.5|11.6|180|33.3|41.7|0.01|0.37|43.7571|14.1703
17|18|0|270|1.6|11.6|180|33.2|41.7|0.01|0.37|43.7577|14.1703
17|20|0|315|1.6|11.6|180|33.2|41.6|0.01|0.37|43.7578|14.1703
17|21|0|315|1.5|11.6|180|33.3|41.6|0.01|0.37|43.7602|14.1703
17|22|0|315|2.9|11.6|180|33.4|41.6|0.01|0.37|43.7612|14.1703
17|23|0|315|3.2|11.6|180|33.6|41.5|0.01|0.37|43.7619|14.1703
17|24|0|315|2.9|11.6|180|33.7|41.3|0.01|0.37|43.7615|14.1703
17|26|0|315|2.9|11.6|180|34.0|41.0|0.01|0.37|43.7586|14.8495
17|27|0|315|2.9|11.6|180|34.2|40.9|0.01|0.37|43.7567|13.9657
17|28|0|315|1.6|11.6|180|34.3|40.7|0.01|0.37|43.7548|13.9657
17|29|0|315|2.9|11.6|180|34.3|40.5|0.01|0.37|43.7549|13.9657
17|30|0|315|4.4|11.6|180|34.3|40.4|0.01|0.37|43.7551|13.9657
17|31|0|315|3.2|11.6|180|34.4|40.3|0.01|0.37|43.7554|13.9657
17|32|0|315|2.9|11.6|180|34.5|40.1|0.01|0.37|43.7557|13.9657
17|34|0|315|2.9|11.6|180|34.6|40.0|0.01|0.37|43.7592|13.9657
17|35|0|315|2.9|11.6|180|34.7|39.9|0.01|0.37|43.76|13.0816
17|36|0|315|2.9|4.4|315|34.8|39.7|0.01|0.00|43.7608|13.0816
17|37|0|315|2.9|4.4|315|34.9|39.5|0.01|0.00|43.7609|13.0816
17|38|0|315|1.5|4.8|315|35.0|39.4|0.01|0.00|43.7621|13.7375
17|39|0|315|2.9|4.8|315|35.3|39.3|0.01|0.00|43.762|13.7375
17|40|0|315|2.9|4.8|315|35.4|39.1|0.01|0.00|43.7615|13.7375
17|41|0|315|2.9|4.8|315|35.6|39.0|0.01|0.00|43.7606|13.7375
17|42|0|315|3.2|4.8|315|35.8|38.7|0.01|0.00|43.7611|12.8504
17|43|0|315|2.9|4.8|315|36.2|38.6|0.01|0.00|43.7659|13.4871
17|44|0|0|1.6|4.8|315|36.5|38.5|0.01|0.00|43.7653|13.4871
17|45|0|0|2.9|4.8|315|36.9|38.5|0.01|0.00|43.7698|13.4871
17|46|0|0|2.9|4.8|315|37.2|38.4|0.01|0.00|43.77|14.1082
17|47|0|315|2.9|4.8|315|37.4|38.4|0.01|0.00|43.7688|14.1082
17|48|0|0|2.9|4.8|315|37.6|38.4|0.01|0.00|43.7707|14.1082
17|49|0|0|3.2|4.8|315|37.7|38.3|0.01|0.00|43.7709|14.1082
17|50|0|0|2.9|4.8|315|37.9|38.4|0.00|0.00|43.7729|14.1082
17|51|0|315|2.9|4.8|315|38.1|38.4|0.00|0.00|43.7744|14.7146
17|54|0|0|4.4|4.8|315|38.2|38.4|0.00|0.00|43.7745|14.7146
17|55|0|315|3.2|4.8|315|38.4|38.4|0.00|0.00|43.7737|14.7146
17|56|0|315|2.9|4.8|315|38.5|38.4|0.00|0.00|43.7741|14.7146
17|57|0|315|2.9|5.8|315|38.6|38.4|0.00|0.00|43.7714|14.7146
17|59|0|315|2.9|5.8|315|39.0|38.4|0.00|0.00|43.775|15.3069
18|00|0|315|3.2|5.8|315|39.1|38.4|0.00|0.00|43.773|15.3069
18|01|0|315|2.9|5.8|315|39.2|38.3|0.00|0.00|43.7747|15.3069
18|02|0|315|3.2|5.8|315|39.3|38.3|0.00|0.00|43.7732|15.3069
18|03|0|315|2.9|5.8|315|39.6|38.3|0.00|0.00|43.7749|15.3069
18|04|0|315|1.5|5.8|315|40.0|38.2|0.00|0.00|43.7749|15.886
18|05|0|315|3.2|5.8|315|40.2|38.1|0.00|0.00|43.7768|15.886
18|06|0|315|2.9|6.4|315|40.3|38.1|0.00|0.00|43.7841|15.886
18|07|0|315|2.9|6.4|315|40.2|38.0|0.00|0.00|43.7834|15.886
18|08|0|315|2.9|6.4|315|40.6|38.0|0.00|0.00|43.7865|15.886
18|09|0|315|1.6|6.4|315|40.7|37.8|0.00|0.00|43.7872|14.9854
18|11|0|315|1.6|6.4|315|41.0|37.7|0.00|0.00|43.7867|15.5492
18|15|0|315|2.9|6.4|315|41.2|37.4|0.00|0.00|43.7885|15.5492
18|16|0|315|1.6|6.4|315|41.4|37.3|0.00|0.00|43.79|15.5492
18|17|0|315|2.9|6.4|315|41.6|37.1|0.00|0.00|43.7867|15.5492
18|18|0|315|1.5|6.4|315|42.0|37.0|0.00|0.00|43.7878|16.1009
18|19|0|315|2.9|6.4|315|42.2|36.8|0.00|0.00|43.7893|15.1952
18|20|0|270|1.5|6.4|315|42.3|36.7|0.00|0.00|43.7885|15.1952
18|21|0|270|1.5|6.4|315|42.5|36.7|0.00|0.00|43.7912|15.1952
18|22|0|225|1.5|6.4|315|43.0|36.6|0.00|0.00|43.7906|15.733
18|23|0|270|2.9|6.4|315|43.2|36.5|0.00|0.00|43.7898|15.733
18|24|0|270|4.8|6.4|315|43.3|36.5|0.00|0.00|43.7916|15.733
18|25|0|270|4.4|6.4|315|43.5|36.5|0.00|0.00|43.7896|15.733
18|26|0|270|1.6|6.4|315|43.5|36.5|0.00|0.00|43.7913|15.733
18|27|0|270|1.6|6.4|315|43.5|36.6|0.00|0.00|43.7931|15.733
18|28|0|270|2.9|6.4|315|43.5|36.6|0.00|0.00|43.7937|15.733
18|29|0|270|1.5|6.4|315|43.5|36.7|0.00|0.00|43.7932|15.733
18|30|0|270|1.5|6.4|315|43.4|36.8|0.00|0.00|43.7939|15.733
18|31|0|270|2.9|6.4|315|43.3|36.8|0.00|0.00|43.7967|15.733
18|32|0|270|1.6|6.4|315|43.2|37.0|0.00|0.00|43.7977|16.6411
18|33|0|270|2.9|6.4|315|43.1|37.1|0.00|0.00|43.798|16.6411
18|35|0|270|1.5|6.4|315|43.0|37.1|0.00|0.00|43.7969|16.6411
18|36|0|270|1.6|6.4|315|42.9|37.1|0.00|0.00|43.7953|16.1009
18|37|0|315|4.4|6.4|315|42.9|37.1|0.00|0.00|43.7989|16.1009
18|38|0|315|2.9|6.4|315|43.1|37.0|0.00|0.00|43.7981|16.6411
18|39|0|315|2.9|6.4|315|43.1|37.0|0.00|0.00|43.8002|16.6411
18|40|0|315|2.9|6.4|315|43.3|36.8|0.00|0.00|43.7996|15.733
18|42|0|315|2.9|6.4|315|43.4|36.7|0.00|0.00|43.7985|15.733
18|43|0|270|2.9|6.4|315|43.6|36.7|0.00|0.00|43.7992|15.733
18|44|0|270|1.6|6.4|315|43.8|36.6|0.00|0.00|43.7962|15.733
18|45|0|270|2.9|7.3|270|44.0|36.6|0.00|0.00|43.7963|16.2598
18|46|0|270|1.6|7.3|270|44.2|36.6|0.00|0.00|43.7974|16.2598
18|47|0|270|1.5|7.3|270|44.2|36.5|0.00|0.00|43.7974|16.2598
18|48|0|270|2.9|7.3|270|44.3|36.5|0.00|0.00|43.7985|16.2598
18|49|0|270|1.6|7.3|270|44.2|36.5|0.00|0.00|43.7978|16.2598
18|50|0|270|1.5|7.3|270|44.3|36.4|0.00|0.00|43.7986|16.2598
18|52|0|270|1.6|7.3|270|44.2|36.3|0.00|0.00|43.7953|16.2598
18|53|0|225|4.4|7.3|270|44.3|36.3|0.00|0.00|43.7968|16.2598
18|56|0|270|1.5|7.3|270|44.3|36.2|0.00|0.00|43.7955|16.2598
18|57|0|270|1.6|7.3|270|44.3|36.2|0.00|0.00|43.7942|16.2598
18|58|0|270|1.5|7.3|270|44.4|36.2|0.00|0.00|43.7956|16.2598
18|59|0|270|1.6|7.3|270|44.4|36.2|0.00|0.00|43.7958|16.2598
19|00|0|270|3.2|7.3|270|44.5|36.2|0.00|0.00|43.7949|16.2598
19|01|0|270|1.5|7.3|270|44.6|36.2|0.00|0.00|43.7953|16.2598
19|02|0|270|1.5|7.3|270|44.6|36.2|0.00|0.00|43.7965|16.2598
19|03|0|270|1.6|7.3|270|44.4|36.2|0.00|0.00|43.7978|16.2598
19|04|0|315|1.5|7.3|270|44.2|36.2|0.00|0.00|43.7972|16.2598
19|05|0|315|1.5|7.3|270|43.8|36.0|0.00|0.00|43.7965|15.733
19|06|0|315|1.5|7.3|270|43.7|35.9|0.00|0.00|43.7961|14.8247
19|07|0|315|0.0|7.3|270|43.9|35.8|0.00|0.00|43.7949|14.8247
19|08|0|270|1.5|7.3|270|44.3|35.6|0.00|0.00|43.7954|15.3491
19|09|0|270|1.5|7.3|270|44.8|35.5|0.00|0.00|43.7952|15.3491
19|10|0|270|1.6|7.3|270|44.9|35.4|0.00|0.00|43.7942|15.3491
19|13|0|270|1.5|7.3|270|45.5|35.2|0.00|0.00|43.7941|15.8631
19|14|0|270|1.6|7.3|270|45.7|35.2|0.00|0.00|43.793|15.8631
19|16|0|270|2.9|7.3|270|45.1|35.0|0.01|0.01|43.7942|15.8631
19|17|0|270|2.9|7.3|270|44.4|35.0|0.01|0.01|43.796|15.3491
19|18|0|270|1.5|7.3|270|44.8|34.8|0.01|0.01|43.7942|14.4383
19|19|0|270|1.6|7.3|270|45.3|34.7|0.01|0.01|43.7923|14.95
19|20|0|270|0.0|7.3|270|45.7|34.6|0.01|0.01|43.7938|14.95
19|21|0|270|1.5|7.3|270|46.1|34.4|0.01|0.01|43.7952|15.4517
19|23|0|315|1.6|7.3|270|46.2|34.1|0.01|0.01|43.7949|15.4517
19|24|0|315|2.9|7.3|270|46.4|33.9|0.01|0.01|43.7923|14.5362
19|25|0|315|1.5|7.3|270|46.8|33.8|0.01|0.01|43.7928|14.5362
19|26|0|315|1.5|7.3|270|47.3|33.7|0.01|0.01|43.7939|15.0261
19|30|0|315|1.5|7.3|270|47.8|33.2|0.01|0.01|43.8002|15.0261
19|31|0|270|2.9|7.3|270|48.4|33.1|0.01|0.01|43.8006|15.5068
19|33|0|315|1.5|7.3|270|49.2|33.1|0.01|0.01|43.8018|15.9787
19|34|0|270|1.6|7.3|270|49.3|33.0|0.01|0.01|43.8004|15.9787
19|35|0|270|1.6|7.3|270|49.2|33.0|0.01|0.01|43.8025|15.9787
19|36|0|315|1.5|7.3|270|49.0|33.1|0.01|0.01|43.8038|15.9787
19|37|0|315|0.0|7.3|270|48.9|33.1|0.01|0.01|43.8024|15.5068
19|38|0|315|1.6|7.3|270|49.1|33.0|0.01|0.01|43.8013|15.9787
19|39|0|315|0.0|7.3|270|49.1|33.1|0.01|0.01|43.8037|15.9787
19|40|0|315|0.0|7.3|270|48.8|33.1|0.01|0.01|43.8041|15.5068
19|41|0|315|1.5|7.3|270|48.6|33.1|0.01|0.01|43.8046|15.5068
19|42|0|315|0.0|7.3|270|48.5|33.1|0.01|0.01|43.8029|15.5068
19|43|0|315|1.6|7.3|270|48.3|33.1|0.01|0.01|43.8031|15.5068
19|44|0|315|0.0|7.3|270|48.2|33.1|0.01|0.01|43.8042|15.5068
19|45|0|315|0.0|7.3|270|48.6|33.1|0.01|0.01|43.8033|15.5068
19|46|0|315|0.0|7.3|270|48.8|33.1|0.01|0.01|43.8024|15.5068
19|47|0|315|0.0|7.3|270|48.7|33.0|0.01|0.01|43.8001|15.5068
19|49|0|315|0.0|7.3|270|49.2|33.0|0.01|0.01|43.802|15.9787
19|50|0|315|0.0|7.3|270|49.4|33.0|0.01|0.01|43.8021|15.9787
19|51|0|270|1.5|7.3|270|49.4|33.0|0.01|0.01|43.8012|15.9787
19|52|0|270|0.0|7.3|270|49.6|33.0|0.01|0.01|43.8013|15.9787
19|53|0|270|1.5|7.3|270|49.5|33.0|0.02|0.02|43.8034|15.9787
19|54|0|270|0.0|7.3|270|49.5|33.0|0.02|0.02|43.8016|15.9787
19|55|0|270|0.0|7.3|270|49.4|32.9|0.02|0.02|43.8015|15.0565
19|56|0|270|0.0|7.3|270|49.4|33.0|0.02|0.02|43.8031|15.9787
19|57|0|270|0.0|7.3|270|49.6|32.9|0.02|0.02|43.8021|15.0565
19|58|0|270|0.0|7.3|270|49.7|32.9|0.02|0.02|43.8017|15.0565
19|59|0|270|1.6|7.3|270|49.7|32.9|0.02|0.02|43.7999|15.0565
20|01|0|270|1.5|7.3|270|49.6|32.8|0.02|0.02|43.8028|15.0565
20|02|0|270|1.5|7.3|270|49.8|32.7|0.02|0.02|43.8042|15.0565
20|03|0|270|1.5|7.3|270|50.0|32.7|0.02|0.02|43.8025|15.5179
20|04|0|270|1.5|7.3|270|50.1|32.7|0.02|0.02|43.8035|15.5179
20|05|0|270|1.6|7.3|270|50.1|32.6|0.02|0.02|43.8052|15.5179
20|06|0|270|2.9|7.3|270|49.9|32.5|0.02|0.02|43.8035|15.0565
20|07|0|270|1.5|7.3|270|50.1|32.5|0.02|0.02|43.8036|15.5179
20|08|0|270|1.5|7.3|270|50.4|32.3|0.02|0.02|43.8025|15.5179
20|10|0|270|1.5|7.3|270|50.6|32.3|0.02|0.02|43.8011|15.5179
20|11|0|270|1.6|7.3|270|50.8|32.3|0.02|0.02|43.8027|15.5179
20|12|0|270|2.9|7.3|270|50.9|32.2|0.02|0.02|43.8038|15.5179
20|14|0|270|1.5|7.3|270|51.2|32.1|0.02|0.02|43.8015|15.9711
20|15|0|270|0.0|7.3|270|51.2|32.1|0.02|0.02|43.8037|15.9711
20|16|0|270|1.5|7.3|270|51.2|32.1|0.01|0.02|43.8052|15.9711
20|17|0|270|1.6|7.3|270|51.0|32.0|0.01|0.02|43.806|15.9711
20|18|0|270|0.0|7.3|270|50.8|32.0|0.01|0.02|43.8053|15.5179
20|19|0|270|0.0|7.3|270|50.6|32.0|0.01|0.02|43.805|15.5179
20|20|0|270|1.6|7.3|270|50.7|32.0|0.01|0.02|43.8036|15.5179
20|21|0|270|1.5|7.3|270|51.0|31.9|0.01|0.02|43.8044|15.0446
20|23|0|270|1.5|7.3|270|50.3|31.9|0.01|0.02|43.8073|14.5935
20|24|0|270|1.5|7.3|270|50.8|31.8|0.01|0.02|43.8048|14.5935
20|27|0|270|0.0|7.3|270|51.3|31.7|0.02|0.03|43.8037|15.0446
20|28|0|270|0.0|7.3|270|51.2|31.7|0.02|0.03|43.8028|15.0446
20|30|0|270|0.0|7.3|270|51.3|31.5|0.02|0.03|43.8035|15.0446
20|32|0|270|0.0|7.3|270|51.5|31.5|0.02|0.03|43.8045|15.0446
20|33|0|270|0.0|7.3|270|51.9|31.4|0.02|0.03|43.8027|15.0446
20|34|0|270|1.5|7.3|270|52.2|31.4|0.02|0.03|43.8064|15.488
20|35|0|270|0.0|7.3|270|52.3|31.3|0.02|0.03|43.805|15.488
20|36|0|270|1.5|7.3|270|52.2|31.2|0.02|0.03|43.8061|15.488
20|37|0|270|1.6|7.3|270|52.4|31.1|0.02|0.03|43.8048|15.488
20|38|0|270|1.6|7.3|270|53.0|31.0|0.02|0.03|43.8064|15.9239
20|39|0|270|1.5|7.3|270|53.4|30.9|0.02|0.03|43.8043|14.9933
20|40|0|270|1.5|7.3|270|53.5|30.8|0.02|0.03|43.8045|14.9933
20|41|0|270|0.0|7.3|270|53.5|30.8|0.02|0.03|43.8068|14.9933
20|42|0|270|0.0|7.3|270|53.7|30.6|0.02|0.03|43.8072|14.9933
20|43|0|270|0.0|7.3|270|53.8|30.6|0.02|0.03|43.8074|14.9933
20|44|0|270|1.6|7.3|270|53.9|30.5|0.02|0.03|43.8091|14.9933
20|45|0|270|1.5|7.3|270|54.1|30.5|0.02|0.03|43.8109|15.42
20|46|0|270|0.0|7.3|270|54.4|30.5|0.02|0.03|43.8079|15.42
20|47|0|270|0.0|7.3|270|54.8|30.4|0.02|0.03|43.8073|15.42
20|48|0|270|0.0|7.3|270|55.0|30.4|0.02|0.03|43.8073|15.8397
20|49|0|270|1.5|7.3|270|54.9|30.4|0.02|0.03|43.8092|15.42
20|52|0|270|0.0|7.3|270|54.6|30.3|0.02|0.03|43.8099|15.42
20|53|0|270|0.0|7.3|270|54.5|30.3|0.01|0.03|43.8104|15.42
20|54|0|270|0.0|7.3|270|54.5|30.3|0.01|0.03|43.8132|15.42
20|55|0|270|0.0|7.3|270|54.6|30.2|0.01|0.03|43.8117|15.42
20|56|0|270|0.0|7.3|270|54.6|30.2|0.01|0.03|43.8134|15.42
20|57|0|270|0.0|7.3|270|54.6|30.1|0.01|0.03|43.8111|15.42
20|58|0|270|0.0|7.3|270|54.7|30.1|0.01|0.03|43.8118|15.42
20|59|0|270|0.0|7.3|270|55.0|30.1|0.01|0.03|43.8114|15.8397
21|00|0|270|0.0|7.3|270|55.2|30.0|0.01|0.03|43.8096|15.8397
21|01|0|270|0.0|7.3|270|55.3|30.0|0.02|0.04|43.8113|15.8397
21|02|0|270|1.5|7.3|270|55.3|29.9|0.02|0.04|43.81|14.9051
21|03|0|270|1.5|7.3|270|55.5|29.7|0.02|0.04|43.8096|14.9051
21|04|0|270|1.6|7.3|270|55.7|29.7|0.02|0.04|43.8128|14.9051
21|05|0|270|1.5|7.3|270|55.8|29.6|0.02|0.04|43.8134|14.9051
21|06|0|270|2.9|7.3|270|56.0|29.4|0.02|0.04|43.8161|15.3162
21|07|0|270|1.5|7.3|270|56.0|29.3|0.02|0.04|43.8176|15.3162
21|08|0|270|3.2|7.3|270|56.1|29.2|0.02|0.04|43.8153|15.3162
21|09|0|270|3.2|7.3|270|56.6|29.0|0.02|0.04|43.8164|15.3162
21|11|0|270|1.5|7.3|270|57.0|28.8|0.02|0.04|43.8179|14.7824
21|12|0|270|0.0|7.3|270|57.1|28.8|0.02|0.04|43.8186|14.7824
21|13|0|270|0.0|7.3|270|56.8|28.8|0.02|0.04|43.8193|14.3797
21|14|0|270|0.0|7.3|270|56.4|28.7|0.02|0.04|43.8185|14.3797
21|15|0|270|0.0|7.3|270|56.1|28.7|0.02|0.04|43.821|14.3797
21|18|0|270|0.0|7.3|270|56.3|28.6|0.02|0.04|43.8255|14.3797
21|19|0|270|0.0|7.3|270|56.4|28.6|0.02|0.04|43.8281|14.3797
21|20|0|270|0.0|7.3|270|56.8|28.5|0.02|0.04|43.8284|14.3797
21|21|0|270|0.0|7.3|270|57.2|28.5|0.02|0.04|43.8279|14.7824
21|22|0|270|0.0|7.3|270|57.3|28.5|0.02|0.04|43.8285|14.7824
21|23|0|270|0.0|7.3|270|57.2|28.4|0.02|0.04|43.8255|14.7824
21|24|0|270|0.0|7.3|270|57.2|28.4|0.02|0.04|43.8252|14.7824
21|25|0|270|0.0|7.3|270|57.2|28.4|0.02|0.04|43.8262|14.7824
21|26|0|270|0.0|7.3|270|57.5|28.4|0.01|0.04|43.8256|14.7824
21|27|0|270|0.0|7.3|270|57.6|28.4|0.01|0.04|43.8268|14.7824
21|28|0|270|0.0|7.3|270|58.1|28.4|0.01|0.04|43.8264|15.179
21|29|0|270|0.0|7.3|270|58.4|28.4|0.01|0.04|43.828|15.179
21|31|0|270|0.0|7.3|270|58.2|28.4|0.01|0.04|43.8279|15.179
21|32|0|270|0.0|7.3|270|58.1|28.4|0.01|0.04|43.827|15.179
21|33|0|270|0.0|7.3|270|58.1|28.4|0.01|0.04|43.8279|15.179
21|34|0|270|1.5|7.3|270|58.2|28.4|0.01|0.04|43.829|15.179
21|35|0|270|1.5|7.3|270|58.5|28.4|0.02|0.05|43.8305|15.179
21|36|0|270|0.0|7.3|270|58.5|28.4|0.02|0.05|43.8292|15.179
21|37|0|270|1.5|7.3|270|58.0|28.3|0.02|0.05|43.8282|15.179
21|38|0|270|1.5|7.3|270|57.2|28.3|0.02|0.05|43.8281|14.7824
21|39|0|270|0.0|7.3|270|56.7|28.3|0.02|0.05|43.8294|14.3797
21|40|0|270|1.5|7.3|270|56.4|28.3|0.02|0.05|43.8291|14.3797
21|41|0|270|0.0|7.3|270|56.2|28.2|0.02|0.05|43.8289|14.3797
21|42|0|270|0.0|7.3|270|56.0|28.2|0.02|0.05|43.8288|14.3797
21|43|0|270|0.0|7.3|270|56.0|28.1|0.02|0.05|43.8314|14.3797
21|44|0|270|0.0|7.3|270|56.2|28.1|0.02|0.05|43.8318|14.3797
21|45|0|270|0.0|7.3|270|56.4|28.0|0.02|0.05|43.8301|14.3797
21|46|0|270|0.0|7.3|270|56.8|28.0|0.02|0.05|43.8311|14.3797
21|48|0|270|0.0|7.3|270|58.0|27.8|0.02|0.05|43.8306|14.2386
21|50|0|270|0.0|7.3|270|58.0|27.7|0.02|0.05|43.8292|14.2386
21|52|0|270|0.0|7.3|270|58.3|27.7|0.02|0.05|43.8298|14.2386
21|53|0|270|0.0|7.3|270|58.6|27.7|0.02|0.05|43.8293|14.2386
21|54|0|270|1.6|7.3|270|58.3|27.7|0.02|0.05|43.8266|14.2386
21|55|0|270|0.0|7.3|270|58.0|27.6|0.02|0.05|43.8255|14.2386
21|56|0|270|1.5|7.3|270|57.9|27.6|0.02|0.05|43.8255|13.8439
21|57|0|270|1.5|7.3|270|57.9|27.6|0.02|0.05|43.826|13.8439
21|58|0|270|1.5|7.3|270|58.0|27.5|0.02|0.05|43.8269|14.2386
22|01|0|270|0.0|7.3|270|57.7|27.4|0.02|0.07|43.8281|13.8439
22|03|0|270|1.5|7.3|270|59.0|27.3|0.02|0.07|43.8332|14.6273
22|04|0|270|1.5|7.3|270|59.5|27.3|0.02|0.07|43.834|14.6273
22|05|0|270|0.0|7.3|270|59.2|27.2|0.02|0.07|43.8348|14.6273
22|06|0|270|0.0|7.3|270|59.5|27.0|0.02|0.07|43.8357|14.6273
22|07|0|270|1.5|7.3|270|59.6|26.9|0.02|0.07|43.8361|13.685
22|08|0|270|0.0|7.3|270|59.6|26.9|0.02|0.07|43.8394|13.685
22|09|0|270|1.5|7.3|270|59.8|26.7|0.02|0.07|43.8395|13.685
22|11|0|270|1.5|7.3|270|59.5|26.6|0.02|0.07|43.8429|13.685
22|13|0|270|0.0|7.3|270|60.0|26.5|0.02|0.07|43.8428|14.0662
22|14|0|270|0.0|7.3|270|60.4|26.4|0.02|0.07|43.8423|14.0662
22|16|0|270|0.0|7.3|270|60.8|26.4|0.02|0.07|43.843|14.0662
22|16|0|270|1.6|7.3|270|61.5|26.3|0.02|0.07|43.8407|14.4418
22|17|0|270|1.5|7.3|270|62.6|26.3|0.02|0.07|43.8453|14.8119
22|18|0|45|2.9|7.3|270|63.5|26.3|0.02|0.07|43.8452|15.1767
22|19|0|45|1.5|7.3|270|63.7|26.1|0.02|0.07|43.8469|15.1767
22|20|0|45|1.5|7.3|270|63.4|26.0|0.02|0.07|43.8461|15.1767
22|21|0|45|1.5|7.3|270|62.9|26.0|0.02|0.07|43.8477|14.8119
22|22|0|45|1.5|7.3|270|62.5|25.9|0.02|0.07|43.8498|13.8642
22|23|0|45|0.0|7.3|270|62.3|25.9|0.02|0.07|43.8535|13.8642
22|24|0|45|1.6|7.3|270|62.6|25.8|0.02|0.07|43.8503|13.8642
22|25|0|45|1.5|7.3|270|62.9|25.8|0.02|0.07|43.8535|13.8642
22|27|0|45|0.0|7.3|270|62.9|25.8|0.02|0.07|43.8533|13.8642
22|28|0|45|1.5|7.3|270|62.9|25.8|0.02|0.07|43.8524|13.8642
22|29|0|45|0.0|7.3|270|63.1|25.8|0.02|0.07|43.8523|14.2274
22|31|0|45|0.0|7.3|270|63.5|25.8|0.02|0.07|43.8523|14.2274
22|32|0|45|0.0|7.3|270|63.4|25.8|0.02|0.07|43.8512|14.2274
22|33|0|45|0.0|7.3|270|63.3|25.9|0.02|0.07|43.8531|14.2274
22|34|0|45|0.0|7.3|270|63.1|25.9|0.01|0.07|43.8537|14.2274
22|36|0|45|0.0|7.3|270|62.9|25.9|0.01|0.07|43.8535|13.8642
22|37|0|45|0.0|7.3|270|62.6|25.9|0.01|0.07|43.8529|13.8642
22|38|0|45|0.0|7.3|270|62.3|26.0|0.01|0.07|43.854|14.8119
22|39|0|45|1.5|7.3|270|62.1|26.0|0.01|0.07|43.856|14.8119
22|40|0|45|0.0|7.3|270|62.0|26.0|0.01|0.07|43.8571|14.8119
22|41|0|45|0.0|7.3|270|61.9|26.0|0.01|0.07|43.8537|14.4418
22|42|0|45|0.0|7.3|270|61.8|26.0|0.01|0.07|43.8522|14.4418
22|43|0|45|0.0|7.3|270|61.8|26.0|0.01|0.07|43.8509|14.4418
22|44|0|45|0.0|7.3|270|61.6|26.0|0.01|0.07|43.8519|14.4418
22|45|0|45|0.0|7.3|270|61.3|26.0|0.01|0.07|43.8505|14.4418
22|46|0|45|0.0|7.3|270|61.0|26.0|0.01|0.07|43.8504|14.4418
22|47|0|45|0.0|7.3|270|60.8|26.0|0.01|0.07|43.8513|14.0662
22|48|0|45|0.0|7.3|270|60.7|25.9|0.01|0.07|43.8513|13.122
22|49|0|45|0.0|7.3|270|60.6|25.9|0.01|0.07|43.851|13.122
22|50|0|45|0.0|7.3|270|60.6|25.9|0.01|0.07|43.8509|13.122
22|51|0|45|0.0|7.3|270|60.6|25.9|0.01|0.07|43.8528|13.122
22|52|0|45|0.0|7.3|270|60.5|25.9|0.01|0.07|43.8516|13.122
22|54|0|45|0.0|7.3|270|60.7|25.8|0.01|0.07|43.8523|13.122
22|54|0|45|0.0|7.3|270|60.9|25.8|0.01|0.07|43.8528|13.122
22|55|0|45|0.0|7.3|270|61.0|25.7|0.01|0.07|43.8513|13.4958
22|57|0|45|0.0|7.3|270|61.2|25.6|0.01|0.07|43.85|13.4958
22|58|0|45|1.6|7.3|270|61.4|25.6|0.01|0.07|43.8512|13.4958
22|59|0|45|0.0|7.3|270|61.9|25.5|0.01|0.07|43.852|13.4958
23|02|0|45|0.0|7.3|270|62.3|25.4|0.00|0.07|43.8522|13.8642
23|03|0|45|0.0|7.3|270|62.3|25.4|0.00|0.07|43.8524|13.8642
23|04|0|45|0.0|7.3|270|62.3|25.4|0.00|0.07|43.8524|13.8642
23|05|0|45|0.0|7.3|270|62.4|25.4|0.00|0.07|43.8528|13.8642
23|06|0|45|0.0|7.3|270|62.4|25.4|0.00|0.07|43.8548|13.8642
23|07|0|45|0.0|7.3|270|62.5|25.2|0.00|0.07|43.8555|13.8642
23|08|0|45|0.0|7.3|270|62.5|25.2|0.00|0.07|43.8554|13.8642
23|09|0|45|0.0|7.3|270|62.5|25.2|0.00|0.07|43.8545|13.8642
23|10|0|45|0.0|7.3|270|62.5|25.1|0.00|0.07|43.8539|13.8642
23|12|0|45|0.0|7.3|270|62.8|25.1|0.00|0.07|43.8573|13.8642
23|13|0|45|0.0|7.3|270|62.8|25.0|0.00|0.07|43.8562|13.8642
23|14|0|45|0.0|7.3|270|62.9|25.0|0.01|0.08|43.8558|13.8642
23|17|0|45|0.0|7.3|270|62.9|24.9|0.02|0.09|43.8538|12.9165
23|18|0|45|0.0|7.3|270|62.7|24.9|0.02|0.09|43.8558|12.9165
23|19|0|45|0.0|7.3|270|63.2|24.8|0.02|0.09|43.8536|13.278
23|20|0|45|0.0|7.3|270|63.5|24.8|0.02|0.09|43.8541|13.278
23|21|0|45|0.0|7.3|270|63.8|24.8|0.02|0.09|43.8507|13.278
23|22|0|45|0.0|7.3|270|64.0|24.8|0.02|0.09|43.8513|13.6344
23|23|0|45|0.0|7.3|270|64.2|24.7|0.02|0.09|43.8516|13.6344
23|24|0|45|1.5|7.3|270|64.3|24.7|0.02|0.09|43.8509|13.6344
23|25|0|45|1.5|7.3|270|64.4|24.6|0.02|0.09|43.8505|13.6344
23|26|0|45|1.5|7.3|270|64.6|24.6|0.02|0.09|43.854|13.6344
23|27|0|45|1.6|7.3|270|64.8|24.6|0.02|0.09|43.8549|13.6344
23|28|0|45|1.5|7.3|270|64.9|24.5|0.02|0.09|43.8547|13.6344
23|29|0|45|0.0|7.3|270|65.1|24.5|0.02|0.09|43.8561|13.9859
23|30|0|45|0.0|7.3|270|65.0|24.5|0.02|0.09|43.8567|13.9859
23|31|0|45|0.0|7.3|270|64.9|24.3|0.02|0.09|43.8544|13.6344
23|32|0|45|0.0|7.3|270|64.8|24.3|0.02|0.09|43.8545|13.6344
23|33|0|45|0.0|7.3|270|65.0|24.3|0.02|0.09|43.8532|13.9859
23|35|0|45|1.5|7.3|270|64.9|24.3|0.02|0.09|43.8526|13.6344
23|36|0|45|1.6|7.3|270|64.4|24.3|0.02|0.09|43.8541|13.6344
23|37|0|45|1.5|7.3|270|63.8|24.3|0.02|0.09|43.8545|13.278
23|39|0|45|1.5|7.3|270|63.3|24.2|0.02|0.09|43.8554|13.278
23|41|0|45|1.5|7.3|270|63.9|24.1|0.02|0.09|43.8586|13.278
23|42|0|45|1.5|7.3|270|63.9|24.1|0.02|0.09|43.8581|13.278
23|43|0|90|1.5|7.3|270|63.9|24.1|0.02|0.09|43.8595|13.278
23|44|0|90|0.0|7.3|270|63.8|24.1|0.02|0.09|43.8612|13.278
23|45|0|90|1.5|7.3|270|63.5|24.0|0.02|0.09|43.8595|13.278
23|46|0|90|1.6|7.3|270|63.1|24.0|0.02|0.09|43.8612|13.278
23|48|0|135|1.5|7.3|270|62.5|23.9|0.02|0.09|43.8599|11.9686
23|49|0|135|1.6|7.3|270|62.4|23.8|0.02|0.09|43.8601|11.9686
23|50|0|135|1.5|7.3|270|62.2|23.8|0.02|0.09|43.8597|11.9686
23|52|0|135|0.0|7.3|270|61.8|23.7|0.02|0.09|43.8593|11.6036
23|53|0|135|1.5|7.3|270|61.8|23.6|0.02|0.09|43.8592|11.6036
23|54|0|135|1.6|7.3|270|61.7|23.5|0.02|0.09|43.8588|11.6036
23|55|0|135|0.0|7.3|270|61.8|23.5|0.02|0.09|43.8597|11.6036
23|57|0|135|0.0|7.3|270|61.9|23.3|0.02|0.09|43.8616|11.6036
23|58|0|135|0.0|7.3|270|62.0|23.3|0.02|0.09|43.8601|11.9686
23|59|0|135|0.0|7.3|270|61.9|23.2|0.02|0.09|43.861|11.6036
