00|00|0|135|1.6|55.3|180|80.6|21.1|0.01|0.35|43.1629|15.8267
00|01|0|135|2.9|55.3|180|80.7|21.2|0.01|0.35|43.1657|15.8267
00|02|0|113|0.0|55.3|180|81.2|21.2|0.01|0.35|43.1654|16.1113
00|03|0|135|4.4|55.3|180|81.4|21.2|0.01|0.35|43.1666|16.1113
00|04|0|135|1.5|55.3|180|81.1|21.2|0.01|0.35|43.1687|16.1113
00|05|0|90|0.0|55.3|180|81.1|21.2|0.01|0.35|43.1679|16.1113
00|06|0|90|2.9|55.3|180|81.1|21.2|0.01|0.35|43.1699|16.1113
00|07|0|45|1.6|55.3|180|80.6|21.2|0.01|0.35|43.1711|15.8267
00|08|0|90|1.5|55.3|180|80.3|21.2|0.01|0.35|43.1714|15.8267
00|09|0|179|1.5|55.3|180|80.4|21.2|0.01|0.35|43.1721|15.8267
00|10|0|90|2.9|55.3|180|80.7|21.2|0.01|0.35|43.1743|15.8267
00|11|0|90|1.5|55.3|180|80.7|21.2|0.01|0.35|43.1755|15.8267
00|12|0|90|3.2|55.3|180|80.7|21.2|0.01|0.35|43.1768|15.8267
00|13|0|90|1.6|55.3|180|80.5|21.2|0.01|0.35|43.1801|15.8267
00|14|0|135|0.0|55.3|180|81.0|21.2|0.01|0.35|43.1816|16.1113
00|15|0|45|1.6|55.3|180|81.5|21.2|0.02|0.36|43.1844|16.1113
00|17|0|90|2.9|55.3|180|80.4|21.1|0.02|0.36|43.1834|15.8267
00|19|0|90|2.9|55.3|180|79.2|21.0|0.02|0.36|43.1832|15.5389
00|20|0|90|2.9|55.3|180|79.3|20.9|0.02|0.36|43.183|14.5649
00|21|0|90|2.9|55.3|180|79.9|20.9|0.02|0.36|43.1854|14.5649
00|22|0|135|4.4|55.3|180|80.5|20.9|0.02|0.36|43.1834|14.8514
00|23|0|90|2.9|55.3|180|80.6|20.7|0.03|0.37|43.1841|14.8514
00|24|0|45|1.5|55.3|180|80.4|20.6|0.03|0.37|43.1824|14.8514
00|25|0|90|3.2|55.3|180|80.2|20.5|0.03|0.37|43.1806|14.8514
00|26|0|45|4.4|55.3|180|80.1|20.4|0.03|0.37|43.1806|14.8514
00|27|0|45|3.2|55.3|180|80.3|20.3|0.03|0.37|43.1813|14.8514
00|28|0|45|4.4|55.3|180|80.6|20.2|0.03|0.37|43.1814|14.8514
00|29|0|45|2.9|55.3|180|80.8|20.2|0.03|0.37|43.1844|14.8514
00|30|0|45|3.2|55.3|180|80.8|20.1|0.03|0.37|43.1869|14.8514
00|32|0|68|6.4|55.3|180|81.6|20.0|0.03|0.37|43.1914|15.1346
00|33|0|90|4.4|55.3|180|82.0|19.8|0.03|0.37|43.1941|14.4368
00|34|0|90|2.9|55.3|180|82.7|19.8|0.03|0.37|43.1955|14.4368
00|35|0|113|3.2|55.3|180|83.3|19.8|0.03|0.37|43.1974|14.7126
00|37|0|113|1.5|55.3|180|83.6|19.7|0.03|0.37|43.1976|14.7126
00|38|0|135|3.2|55.3|180|84.0|19.8|0.03|0.37|43.1986|14.9855
00|39|0|90|3.2|55.3|180|84.2|19.7|0.03|0.37|43.1986|14.9855
00|40|0|90|4.4|55.3|180|84.4|19.7|0.02|0.37|43.202|14.9855
00|43|0|135|1.5|55.3|180|84.2|19.7|0.02|0.37|43.203|14.9855
00|44|0|90|1.5|55.3|180|84.6|19.7|0.02|0.37|43.204|14.9855
00|45|0|135|1.5|55.3|180|84.7|19.7|0.02|0.37|43.2051|14.9855
00|46|0|90|1.6|55.3|180|84.9|19.7|0.02|0.37|43.2042|14.9855
00|47|0|135|1.5|55.3|180|84.9|19.7|0.02|0.37|43.2072|14.9855
00|49|0|90|1.6|55.3|180|84.6|19.7|0.03|0.39|43.2098|14.9855
00|50|0|45|2.9|55.3|180|84.5|19.7|0.03|0.39|43.2085|14.9855
00|51|0|90|0.0|55.3|180|84.3|19.7|0.03|0.39|43.2095|14.9855
00|52|0|90|3.2|55.3|180|84.4|19.7|0.03|0.39|43.2095|14.9855
00|53|0|113|2.9|55.3|180|84.2|19.7|0.03|0.39|43.2137|14.9855
00|54|0|90|2.9|55.3|180|84.4|19.7|0.03|0.39|43.2118|14.9855
00|55|0|135|2.9|55.3|180|84.4|19.7|0.03|0.39|43.214|14.9855
00|58|0|45|3.2|55.3|180|83.9|19.6|0.03|0.39|43.2163|14.7126
00|59|0|90|2.9|55.3|180|83.3|19.5|0.03|0.39|43.217|14.7126
01|00|0|90|2.9|55.3|180|83.3|19.5|0.03|0.39|43.2178|14.7126
01|01|0|90|1.5|55.3|180|83.6|19.5|0.03|0.39|43.2201|14.7126
01|02|0|68|4.4|55.3|180|83.9|19.5|0.03|0.39|43.2206|14.7126
01|03|0|90|1.5|55.3|180|84.0|19.4|0.03|0.39|43.2195|14.9855
01|04|0|90|2.9|55.3|180|84.2|19.4|0.03|0.39|43.2194|14.9855
01|05|0|68|1.5|55.3|180|84.4|19.4|0.03|0.39|43.2212|14.9855
01|06|0|90|2.9|55.3|180|84.6|19.4|0.03|0.39|43.2218|14.9855
01|07|0|45|1.6|55.3|180|84.8|19.4|0.03|0.39|43.2218|14.9855
01|08|0|90|1.6|55.3|180|85.1|19.4|0.03|0.39|43.2229|15.2555
01|09|0|90|2.9|55.3|180|85.2|19.4|0.03|0.39|43.2237|15.2555
01|10|0|90|1.6|55.3|180|85.4|19.5|0.03|0.39|43.2245|15.2555
01|11|0|90|2.9|55.3|180|85.5|19.5|0.03|0.39|43.226|15.2555
01|12|0|90|1.5|55.3|180|85.6|19.5|0.03|0.39|43.2258|15.2555
01|13|0|45|3.2|55.3|180|85.6|19.5|0.03|0.39|43.2235|15.2555
01|16|0|135|2.9|55.3|180|85.2|19.5|0.02|0.39|43.227|15.2555
01|17|0|90|1.5|55.3|180|85.0|19.6|0.02|0.39|43.2262|15.2555
01|18|0|135|1.5|55.3|180|84.9|19.6|0.02|0.39|43.2248|14.9855
01|19|0|135|1.5|55.3|180|85.1|19.6|0.02|0.39|43.226|15.2555
01|20|0|45|1.6|55.3|180|85.1|19.7|0.02|0.39|43.2279|15.2555
01|21|0|45|2.9|55.3|180|84.3|19.7|0.02|0.39|43.2274|14.9855
01|22|0|45|3.2|55.3|180|83.5|19.7|0.01|0.39|43.2298|14.7126
01|23|0|90|1.5|55.3|180|82.7|19.7|0.02|0.40|43.2292|14.4368
01|24|0|90|1.5|55.3|180|82.3|19.7|0.02|0.40|43.2307|14.4368
01|25|0|90|1.6|55.3|180|82.3|19.8|0.02|0.40|43.2309|14.4368
01|26|0|90|1.5|55.3|180|82.4|19.8|0.02|0.40|43.2324|14.4368
01|27|0|135|2.9|55.3|180|82.5|19.8|0.02|0.40|43.2312|14.4368
01|28|0|135|1.5|55.3|180|82.5|19.8|0.02|0.40|43.2333|14.4368
01|29|0|135|1.5|55.3|180|82.2|20.0|0.02|0.40|43.2344|15.4148
01|31|0|135|0.0|55.3|180|82.1|20.1|0.02|0.40|43.2344|15.4148
01|32|0|135|2.9|55.3|180|81.7|20.1|0.02|0.40|43.233|15.1346
01|33|0|135|1.6|55.3|180|81.3|20.1|0.02|0.40|43.2351|15.1346
01|34|0|135|1.5|55.3|180|81.3|20.1|0.02|0.40|43.2344|15.1346
01|35|0|135|0.0|55.3|180|81.2|20.1|0.02|0.40|43.2337|15.1346
01|36|0|135|1.5|55.3|180|81.0|20.2|0.02|0.40|43.2353|15.1346
01|39|0|135|0.0|55.3|180|80.9|20.3|0.02|0.40|43.2371|14.8514
01|40|0|180|2.9|55.3|180|81.1|20.3|0.02|0.40|43.2378|15.1346
01|41|0|180|3.2|55.3|180|81.3|20.3|0.02|0.40|43.2402|15.1346
01|42|0|180|1.5|55.3|180|81.4|20.2|0.02|0.40|43.2378|15.1346
01|43|0|180|1.5|55.3|180|81.5|20.3|0.02|0.40|43.2391|15.1346
01|44|0|180|1.6|55.3|180|81.4|20.3|0.02|0.40|43.2401|15.1346
01|45|0|180|1.5|55.3|180|81.0|20.3|0.02|0.40|43.2397|15.1346
01|46|0|180|2.9|55.3|180|81.0|20.3|0.02|0.40|43.2407|15.1346
01|47|0|158|3.2|55.3|180|80.7|20.3|0.02|0.40|43.2416|14.8514
01|48|0|180|2.9|55.3|180|80.4|20.2|0.02|0.40|43.2423|14.8514
01|49|0|180|4.4|55.3|180|80.2|20.1|0.01|0.40|43.242|14.8514
01|50|0|158|4.4|55.3|180|80.3|20.1|0.01|0.40|43.243|14.8514
01|51|0|180|1.5|55.3|180|80.7|20.1|0.01|0.40|43.2412|14.8514
01|52|0|180|1.5|55.3|180|81.0|20.1|0.01|0.40|43.2436|15.1346
01|53|0|135|1.6|55.3|180|81.3|20.1|0.01|0.40|43.2448|15.1346
01|54|0|180|2.9|55.3|180|81.6|20.1|0.01|0.40|43.2472|15.1346
01|55|0|180|1.6|55.3|180|81.8|20.1|0.01|0.40|43.2459|15.1346
01|57|0|180|1.5|55.3|180|82.1|20.1|0.01|0.40|43.2472|15.4148
01|58|0|180|1.5|55.3|180|82.2|20.1|0.01|0.40|43.2488|15.4148
01|59|0|225|1.6|55.3|180|82.3|20.1|0.02|0.41|43.2481|15.4148
02|00|0|158|2.9|55.3|180|82.2|20.1|0.02|0.41|43.247|15.4148
02|02|0|225|0.0|55.3|180|81.9|20.2|0.02|0.41|43.2463|15.1346
02|03|0|158|2.9|55.3|180|81.8|20.2|0.02|0.41|43.2475|15.1346
02|04|0|180|2.9|55.3|180|81.8|20.3|0.02|0.41|43.2489|15.1346
02|05|0|180|4.4|55.3|180|81.9|20.2|0.02|0.41|43.2483|15.1346
02|07|0|225|2.9|55.3|180|82.0|20.1|0.02|0.41|43.2483|15.4148
02|08|0|180|3.2|55.3|180|82.0|20.1|0.02|0.41|43.2497|15.4148
02|09|0|225|3.2|55.3|180|81.9|20.1|0.02|0.41|43.2489|15.1346
02|10|0|180|1.5|55.3|180|82.0|20.1|0.02|0.41|43.2492|15.4148
02|11|0|180|2.9|55.3|180|82.0|20.1|0.02|0.41|43.2492|15.4148
02|12|0|135|1.5|55.3|180|82.1|20.1|0.02|0.41|43.2498|15.4148
02|13|0|180|1.5|55.3|180|82.1|20.0|0.02|0.41|43.2509|15.4148
02|14|0|180|3.2|55.3|180|82.2|20.1|0.02|0.41|43.2522|15.4148
02|15|0|158|4.4|55.3|180|82.3|20.0|0.02|0.41|43.2507|15.4148
02|18|0|225|1.5|2.9|225|82.4|20.0|0.02|0.00|43.2508|15.4148
02|19|0|225|2.9|3.2|180|82.5|20.0|0.02|0.00|43.2506|15.4148
02|20|0|180|4.4|4.8|180|82.5|19.8|0.02|0.00|43.2504|14.4368
02|21|0|158|1.6|5.8|135|82.4|19.8|0.02|0.00|43.2508|14.4368
02|22|0|158|4.4|5.8|135|82.3|19.8|0.02|0.00|43.252|14.4368
02|24|0|180|2.9|5.8|180|82.2|19.7|0.03|0.01|43.2542|14.4368
02|26|0|225|4.4|6.4|180|82.3|19.6|0.03|0.01|43.2539|14.4368
02|27|0|180|1.6|6.4|180|82.3|19.6|0.03|0.01|43.2539|14.4368
02|28|0|180|2.9|6.4|180|82.3|19.6|0.03|0.01|43.2551|14.4368
02|29|0|225|1.5|6.4|180|82.2|19.6|0.03|0.01|43.2565|14.4368
02|30|0|225|1.6|6.4|180|82.2|19.6|0.03|0.01|43.256|14.4368
02|31|0|225|1.5|6.4|180|82.2|19.6|0.03|0.01|43.2538|14.4368
02|32|0|158|1.5|6.4|180|82.2|19.6|0.03|0.01|43.2577|14.4368
02|33|0|180|1.6|6.4|180|82.1|19.6|0.03|0.02|43.2577|14.4368
02|36|0|270|1.5|6.4|180|82.1|19.7|0.03|0.02|43.2608|14.4368
02|37|0|225|1.6|6.4|180|82.1|19.7|0.03|0.02|43.2619|14.4368
02|38|0|225|2.9|6.4|180|82.1|19.7|0.03|0.02|43.2625|14.4368
02|39|0|225|1.5|6.4|180|82.0|19.7|0.03|0.02|43.2642|14.4368
02|40|0|180|3.2|6.4|180|82.0|19.7|0.03|0.02|43.2623|14.4368
02|41|0|225|1.5|6.4|180|81.9|19.7|0.03|0.02|43.2634|14.1579
02|42|0|225|1.5|6.4|180|81.8|19.8|0.03|0.02|43.2633|14.1579
02|45|0|180|3.2|6.4|180|81.7|19.7|0.03|0.02|43.2654|14.1579
02|46|0|225|1.5|6.4|180|81.6|19.7|0.03|0.02|43.2654|14.1579
02|47|0|135|2.9|6.4|180|81.6|19.7|0.03|0.02|43.2672|14.1579
02|48|0|180|2.9|6.4|180|81.6|19.7|0.03|0.02|43.2659|14.1579
02|50|0|180|1.6|6.4|180|81.7|19.7|0.03|0.02|43.2683|14.1579
02|51|0|225|1.5|6.4|180|81.8|19.7|0.03|0.02|43.2686|14.1579
02|52|0|225|1.5|6.4|180|81.9|19.8|0.03|0.02|43.2701|14.1579
02|53|0|225|1.5|6.4|180|82.0|19.8|0.03|0.02|43.268|14.4368
02|54|0|225|1.5|6.4|180|82.1|19.8|0.03|0.02|43.2694|14.4368
02|55|0|225|1.6|6.4|180|82.1|20.0|0.03|0.02|43.2667|15.4148
02|57|0|225|1.5|6.4|180|82.1|20.0|0.03|0.02|43.2663|15.4148
02|58|0|225|1.5|6.4|180|82.0|20.0|0.03|0.02|43.2659|15.4148
03|00|0|225|1.5|6.4|180|81.7|20.1|0.03|0.02|43.2678|15.1346
03|01|0|225|1.5|6.4|180|81.5|20.1|0.03|0.02|43.2678|15.1346
03|02|0|225|1.6|6.4|180|81.3|20.1|0.03|0.02|43.2682|15.1346
03|03|0|225|1.6|6.4|180|81.0|20.2|0.03|0.02|43.2674|15.1346
03|04|0|225|0.0|6.4|180|80.8|20.2|0.03|0.02|43.2667|14.8514
03|05|0|225|0.0|6.4|180|80.7|20.3|0.03|0.02|43.2672|14.8514
03|06|0|225|0.0|6.4|180|80.8|20.3|0.03|0.02|43.2666|14.8514
03|07|0|315|0.0|6.4|180|80.6|20.3|0.03|0.02|43.2648|14.8514
03|08|0|270|1.5|6.4|180|80.1|20.3|0.03|0.02|43.2644|14.8514
03|09|0|270|1.6|6.4|180|79.5|20.3|0.02|0.02|43.2644|14.5649
03|10|0|270|1.5|6.4|180|78.8|20.4|0.02|0.02|43.2646|14.2753
03|11|0|270|1.5|6.4|180|78.5|20.4|0.02|0.02|43.2651|14.2753
03|12|0|315|2.9|6.4|180|78.4|20.4|0.02|0.02|43.2648|14.2753
03|13|0|270|2.9|6.4|180|78.1|20.4|0.02|0.02|43.2659|14.2753
03|14|0|270|2.9|6.4|180|77.8|20.3|0.02|0.02|43.2648|13.9823
03|15|0|270|1.5|6.4|180|77.6|20.3|0.02|0.02|43.2659|13.9823
03|17|0|270|1.6|6.4|180|77.6|20.3|0.02|0.02|43.2662|13.9823
03|18|0|270|1.6|6.4|180|77.6|20.3|0.02|0.02|43.2659|13.9823
03|19|0|270|1.5|6.4|180|77.6|20.4|0.02|0.02|43.2677|13.9823
03|20|0|270|1.5|6.4|180|77.5|20.4|0.03|0.03|43.2666|13.9823
03|21|0|270|1.5|6.4|180|77.3|20.4|0.03|0.03|43.2666|13.9823
03|22|0|270|1.5|6.4|180|77.1|20.4|0.03|0.03|43.2676|13.9823
03|23|0|270|1.5|6.4|180|76.8|20.4|0.02|0.03|43.2676|13.6859
03|24|0|270|1.6|6.4|180|76.5|20.4|0.02|0.03|43.2692|13.6859
03|25|0|270|1.5|6.4|180|76.2|20.4|0.02|0.03|43.2677|13.6859
03|26|0|270|1.5|6.4|180|76.0|20.4|0.02|0.03|43.2666|13.6859
03|27|0|315|1.6|6.4|180|76.0|20.4|0.02|0.03|43.2673|13.6859
03|28|0|315|2.9|6.4|180|76.0|20.4|0.02|0.03|43.2678|13.6859
03|29|0|270|1.5|6.4|180|76.1|20.4|0.02|0.03|43.2707|13.6859
03|30|0|315|1.6|6.4|180|76.3|20.3|0.02|0.03|43.2687|13.6859
03|31|0|315|2.9|6.4|180|76.6|20.3|0.02|0.03|43.2711|13.6859
03|32|0|315|1.6|6.4|180|76.7|20.2|0.01|0.03|43.2704|13.6859
03|34|0|270|1.6|6.4|180|76.9|20.2|0.01|0.03|43.273|13.6859
03|35|0|270|1.5|6.4|180|76.9|20.2|0.01|0.03|43.2742|13.6859
03|36|0|270|0.0|6.4|180|77.1|20.2|0.01|0.03|43.2737|13.9823
03|37|0|270|2.9|6.4|180|77.2|20.2|0.01|0.03|43.2759|13.9823
03|38|0|225|1.5|6.4|180|77.4|20.2|0.01|0.03|43.2768|13.9823
03|39|0|270|0.0|6.4|180|77.5|20.2|0.01|0.03|43.2771|13.9823
03|40|0|270|1.6|6.4|180|77.5|20.2|0.01|0.03|43.2778|13.9823
03|41|0|270|2.9|6.4|180|77.6|20.2|0.01|0.03|43.2795|13.9823
03|42|0|270|2.9|6.4|180|77.8|20.2|0.01|0.03|43.2798|13.9823
03|43|0|270|1.6|6.4|180|78.0|20.2|0.01|0.03|43.2798|14.2753
03|44|0|270|1.5|6.4|180|78.2|20.2|0.01|0.03|43.2806|14.2753
03|45|0|293|1.5|6.4|180|78.3|20.2|0.01|0.03|43.2809|14.2753
03|46|0|315|3.2|6.4|180|78.4|20.2|0.01|0.03|43.2804|14.2753
03|48|0|315|1.5|6.4|180|78.1|20.1|0.01|0.03|43.2839|14.2753
03|49|0|315|0.0|6.4|180|78.1|20.1|0.02|0.04|43.2852|14.2753
03|51|0|270|1.6|6.4|180|78.2|20.1|0.02|0.04|43.2852|14.2753
03|52|0|315|2.9|6.4|180|78.4|20.0|0.02|0.04|43.2854|14.2753
03|54|0|315|2.9|6.4|180|78.6|19.8|0.02|0.04|43.2861|13.3026
03|55|0|315|2.9|6.4|180|78.9|19.7|0.02|0.04|43.2867|13.3026
03|56|0|270|2.9|6.4|180|79.2|19.7|0.02|0.04|43.2879|13.5909
03|57|0|315|2.9|6.4|180|79.4|19.7|0.02|0.04|43.2878|13.5909
03|58|0|315|3.2|6.4|180|79.6|19.6|0.02|0.04|43.2869|13.5909
03|59|0|315|1.5|6.4|180|79.7|19.7|0.02|0.04|43.2884|13.5909
04|00|0|270|1.5|6.4|180|79.7|19.7|0.02|0.04|43.2892|13.5909
04|01|0|270|1.6|6.4|180|79.9|19.7|0.02|0.04|43.2886|13.5909
04|02|0|315|1.5|6.4|180|80.1|19.7|0.02|0.04|43.2899|13.876
04|03|0|270|1.5|6.4|180|80.3|19.7|0.02|0.04|43.2922|13.876
04|04|0|315|2.9|6.4|180|80.3|19.6|0.02|0.04|43.2908|13.876
04|06|0|315|1.5|6.4|180|79.6|19.6|0.02|0.04|43.2919|13.5909
04|07|0|315|1.5|6.4|180|79.5|19.6|0.02|0.04|43.2941|13.5909
04|08|0|315|2.9|6.4|180|79.5|19.6|0.02|0.04|43.2918|13.5909
04|09|0|315|1.6|6.4|180|79.3|19.6|0.02|0.04|43.2941|13.5909
04|10|0|315|1.6|6.4|180|79.3|19.6|0.02|0.04|43.2943|13.5909
04|11|0|315|1.5|6.4|180|79.1|19.6|0.02|0.04|43.2941|13.5909
04|12|0|315|2.9|6.4|180|79.2|19.5|0.02|0.04|43.296|13.5909
04|14|0|315|3.2|6.4|180|79.4|19.5|0.03|0.05|43.2956|13.5909
04|15|0|315|2.9|6.4|180|79.5|19.5|0.03|0.05|43.2959|13.5909
04|16|0|315|2.9|6.4|180|79.6|19.5|0.04|0.07|43.2962|13.5909
04|17|0|315|1.6|6.4|180|79.8|19.5|0.04|0.07|43.2965|13.5909
04|18|0|315|1.5|6.4|180|79.8|19.5|0.04|0.07|43.2987|13.5909
04|19|0|315|2.9|6.4|180|79.9|19.4|0.04|0.07|43.2982|13.5909
04|20|0|315|2.9|6.4|180|80.1|19.4|0.03|0.07|43.2978|13.876
04|21|0|315|1.5|6.4|180|80.2|19.4|0.03|0.07|43.299|13.876
04|22|0|315|4.4|6.4|180|80.3|19.4|0.03|0.07|43.2978|13.876
04|24|0|315|1.5|6.4|180|80.4|19.4|0.03|0.07|43.3003|13.876
04|25|0|315|1.5|6.4|180|80.6|19.4|0.03|0.07|43.2988|13.876
04|26|0|315|2.9|6.4|180|80.7|19.4|0.03|0.07|43.2991|13.876
04|28|0|315|1.5|6.4|180|80.7|19.4|0.03|0.07|43.2998|13.876
04|29|0|315|1.5|6.4|180|80.6|19.3|0.03|0.07|43.2999|13.876
04|30|0|315|2.9|6.4|180|80.5|19.4|0.03|0.07|43.3025|13.876
04|31|0|315|1.6|6.4|180|80.2|19.4|0.03|0.07|43.3028|13.876
04|32|0|315|0.0|6.4|180|79.8|19.4|0.03|0.07|43.3035|13.5909
04|33|0|315|1.6|6.4|180|79.5|19.4|0.03|0.07|43.3043|13.5909
04|36|0|315|1.5|6.4|180|78.7|19.4|0.03|0.07|43.3107|13.3026
04|38|0|315|1.6|6.4|180|78.2|19.4|0.03|0.07|43.3083|13.3026
04|39|0|315|0.0|6.4|180|78.1|19.5|0.03|0.07|43.3129|13.3026
04|40|0|315|0.0|6.4|180|78.2|19.5|0.03|0.07|43.3123|13.3026
04|41|0|315|0.0|6.4|180|78.2|19.5|0.03|0.07|43.311|13.3026
04|42|0|315|0.0|6.4|180|78.3|19.5|0.03|0.07|43.3148|13.3026
04|46|0|315|1.6|6.4|180|78.4|19.5|0.04|0.08|43.3139|13.3026
04|47|0|315|0.0|6.4|180|78.4|19.5|0.04|0.08|43.3146|13.3026
04|48|0|315|0.0|6.4|180|78.4|19.5|0.04|0.08|43.315|13.3026
04|49|0|315|1.6|6.4|180|78.4|19.5|0.03|0.08|43.3154|13.3026
04|50|0|315|1.5|6.4|180|78.5|19.5|0.03|0.08|43.3158|13.3026
04|51|0|315|0.0|6.4|180|78.7|19.5|0.03|0.08|43.3182|13.3026
04|52|0|315|1.5|6.4|180|78.7|19.5|0.04|0.09|43.3169|13.3026
04|53|0|270|1.5|6.4|180|78.9|19.5|0.04|0.09|43.3204|13.3026
04|54|0|270|1.6|6.4|180|79.1|19.4|0.04|0.09|43.318|13.5909
04|55|0|270|1.6|6.4|180|79.3|19.4|0.04|0.09|43.3198|13.5909
04|57|0|270|2.9|6.4|180|79.6|19.4|0.04|0.09|43.3234|13.5909
04|58|0|270|1.5|6.4|180|79.9|19.4|0.04|0.09|43.3203|13.5909
04|59|0|270|1.5|6.4|180|80.1|19.4|0.04|0.09|43.321|13.876
05|00|0|225|1.5|6.4|180|80.1|19.4|0.04|0.09|43.3218|13.876
05|01|0|270|1.6|6.4|180|80.0|19.5|0.04|0.09|43.3212|13.876
05|02|0|270|1.5|6.4|180|80.0|19.5|0.04|0.09|43.3207|13.876
05|03|0|270|1.5|6.4|180|79.8|19.5|0.04|0.09|43.3205|13.5909
05|04|0|270|1.6|6.4|180|79.7|19.5|0.04|0.09|43.3207|13.5909
05|05|0|270|0.0|6.4|180|79.6|19.5|0.04|0.09|43.3191|13.5909
05|06|0|270|0.0|6.4|180|79.4|19.5|0.04|0.09|43.3189|13.5909
05|07|0|270|1.6|6.4|180|79.2|19.5|0.04|0.09|43.3187|13.5909
05|08|0|270|1.5|6.4|180|79.2|19.5|0.04|0.09|43.3212|13.5909
05|09|0|270|1.5|6.4|180|79.2|19.5|0.04|0.09|43.3215|13.5909
05|10|0|270|0.0|6.4|180|79.2|19.5|0.04|0.09|43.3207|13.5909
05|11|0|270|1.6|6.4|180|79.2|19.5|0.04|0.09|43.3217|13.5909
05|12|0|270|1.5|6.4|180|79.2|19.5|0.04|0.09|43.323|13.5909
05|13|0|270|0.0|6.4|180|79.2|19.5|0.03|0.09|43.3218|13.5909
05|14|0|270|0.0|6.4|180|79.2|19.5|0.02|0.09|43.3243|13.5909
05|15|0|270|0.0|6.4|180|79.2|19.5|0.02|0.09|43.3243|13.5909
05|17|0|270|1.5|6.4|180|79.1|19.5|0.02|0.09|43.3265|13.5909
05|18|0|270|0.0|6.4|180|78.9|19.5|0.02|0.09|43.3292|13.3026
05|20|0|270|1.5|6.4|180|78.6|19.4|0.02|0.09|43.3287|13.3026
05|21|0|270|1.5|6.4|180|78.9|19.4|0.02|0.09|43.3313|13.3026
05|23|0|315|2.9|6.4|180|79.6|19.4|0.02|0.09|43.3318|13.5909
05|24|0|315|1.5|6.4|180|80.0|19.3|0.02|0.09|43.3319|13.876
05|25|0|270|1.5|6.4|180|80.0|19.3|0.02|0.09|43.3317|13.876
05|26|0|270|1.5|6.4|180|80.3|19.3|0.02|0.09|43.3326|13.876
05|27|0|270|0.0|6.4|180|80.5|19.3|0.02|0.09|43.3338|13.876
05|28|0|270|1.5|6.4|180|80.7|19.4|0.02|0.09|43.3353|13.876
05|29|0|270|1.5|6.4|180|80.8|19.4|0.02|0.09|43.336|13.876
05|30|0|270|2.9|6.4|180|80.9|19.4|0.02|0.09|43.336|13.876
05|31|0|270|1.5|6.4|180|81.0|19.4|0.02|0.09|43.3358|14.1579
05|32|0|270|1.5|6.4|180|81.1|19.4|0.02|0.09|43.3344|14.1579
05|33|0|270|1.6|6.4|180|81.1|19.4|0.02|0.09|43.3348|14.1579
05|34|0|248|2.9|6.4|180|81.1|19.4|0.02|0.09|43.3366|14.1579
05|36|0|270|0.0|6.4|180|81.1|19.4|0.02|0.09|43.3363|14.1579
05|37|0|270|2.9|6.4|180|81.0|19.4|0.02|0.09|43.337|14.1579
05|39|0|270|1.5|6.4|180|81.1|19.4|0.02|0.09|43.3371|14.1579
05|40|0|270|1.6|6.4|180|81.0|19.5|0.02|0.09|43.3401|14.1579
05|41|0|270|1.5|6.4|180|80.9|19.5|0.02|0.09|43.3407|13.876
05|42|0|270|1.5|6.4|180|80.8|19.5|0.02|0.09|43.3408|13.876
05|43|0|270|1.6|6.4|180|80.7|19.5|0.02|0.09|43.3443|13.876
05|44|0|270|1.5|6.4|180|80.6|19.5|0.02|0.09|43.3411|13.876
05|45|0|315|1.5|6.4|180|80.5|19.5|0.01|0.09|43.3443|13.876
05|46|0|270|0.0|6.4|180|80.4|19.5|0.01|0.09|43.3442|13.876
05|47|0|315|1.5|6.4|180|80.3|19.5|0.01|0.09|43.3448|13.876
05|48|0|315|0.0|6.4|180|80.2|19.4|0.01|0.09|43.3446|13.876
05|49|0|315|1.5|6.4|180|80.1|19.4|0.01|0.09|43.3456|13.876
05|50|0|315|0.0|6.4|180|79.9|19.4|0.01|0.09|43.3473|13.5909
05|51|0|315|0.0|6.4|180|79.7|19.4|0.01|0.09|43.3485|13.5909
05|52|0|315|0.0|6.4|180|79.6|19.3|0.00|0.09|43.3475|13.5909
05|53|0|315|0.0|6.4|180|79.6|19.3|0.00|0.09|43.3477|13.5909
05|54|0|315|1.6|6.4|180|79.5|19.3|0.00|0.09|43.3496|13.5909
05|55|0|315|0.0|6.4|180|79.5|19.2|0.01|0.10|43.3506|13.5909
05|58|0|315|1.5|6.4|180|79.4|19.1|0.01|0.10|43.3536|13.5909
05|59|0|315|1.5|6.4|180|79.4|19.1|0.01|0.10|43.3546|13.5909
06|00|0|315|1.5|6.4|180|79.5|19.0|0.01|0.10|43.3544|13.5909
06|01|0|315|0.0|6.4|180|79.6|19.0|0.01|0.10|43.3579|13.5909
06|02|0|315|0.0|6.4|180|79.7|18.8|0.01|0.10|43.3559|12.6168
06|03|0|315|0.0|6.4|180|79.8|18.8|0.01|0.10|43.3597|12.6168
06|04|0|315|0.0|6.4|180|80.0|18.7|0.01|0.10|43.3611|12.9006
06|06|0|315|1.5|6.4|180|80.5|18.7|0.01|0.10|43.3617|12.9006
06|07|0|315|0.0|6.4|180|80.6|18.6|0.01|0.10|43.3608|12.9006
06|08|0|315|0.0|6.4|180|80.8|18.7|0.01|0.10|43.3633|12.9006
06|09|0|315|0.0|6.4|180|80.9|18.7|0.01|0.10|43.3646|12.9006
06|10|0|315|0.0|6.4|180|81.0|18.7|0.01|0.10|43.3647|13.1811
06|11|0|315|0.0|6.4|180|81.1|18.7|0.01|0.10|43.3664|13.1811
06|12|0|315|0.0|6.4|180|81.1|18.7|0.01|0.10|43.3647|13.1811
06|13|0|315|0.0|6.4|180|81.1|18.8|0.01|0.10|43.3654|13.1811
06|14|0|315|0.0|6.4|180|81.0|18.8|0.01|0.10|43.3646|13.1811
06|16|0|315|0.0|6.4|180|81.0|18.8|0.01|0.10|43.366|13.1811
06|17|0|315|0.0|6.4|180|80.9|18.8|0.01|0.10|43.3647|12.9006
06|18|0|315|0.0|6.4|180|80.9|18.8|0.01|0.10|43.3668|12.9006
06|19|0|315|0.0|6.4|180|80.9|18.8|0.01|0.10|43.3657|12.9006
06|20|0|315|0.0|6.4|180|80.8|18.8|0.01|0.10|43.3668|12.9006
06|21|0|315|0.0|6.4|180|80.8|18.8|0.02|0.11|43.3671|12.9006
06|22|0|315|0.0|6.4|180|80.8|19.0|0.02|0.11|43.3692|13.876
06|23|0|315|0.0|6.4|180|80.8|19.0|0.02|0.11|43.3715|13.876
06|25|0|315|0.0|6.4|180|80.7|19.0|0.02|0.11|43.3714|13.876
06|26|0|315|0.0|6.4|180|80.7|19.0|0.02|0.11|43.3726|13.876
06|27|0|315|0.0|6.4|180|80.6|19.0|0.02|0.11|43.3747|13.876
06|29|0|315|0.0|6.4|180|80.6|19.0|0.02|0.11|43.3749|13.876
06|30|0|315|0.0|6.4|180|80.6|19.0|0.02|0.11|43.375|13.876
06|31|0|315|0.0|6.4|180|80.6|19.0|0.02|0.11|43.3759|13.876
06|32|0|315|0.0|6.4|180|80.7|19.0|0.02|0.11|43.376|13.876
06|33|0|315|0.0|6.4|180|80.7|19.0|0.02|0.11|43.377|13.876
06|34|0|315|0.0|6.4|180|80.7|19.1|0.02|0.11|43.3783|13.876
06|35|0|315|0.0|6.4|180|80.7|19.1|0.02|0.11|43.3774|13.876
06|36|0|315|0.0|6.4|180|80.8|19.1|0.02|0.11|43.3802|13.876
06|38|0|315|0.0|6.4|180|80.8|19.1|0.02|0.11|43.3798|13.876
06|39|0|315|0.0|6.4|180|80.8|19.1|0.02|0.11|43.3815|13.876
06|40|0|315|0.0|6.4|180|80.9|19.1|0.02|0.11|43.3802|13.876
06|41|0|315|0.0|6.4|180|81.0|19.1|0.02|0.11|43.3801|14.1579
06|42|0|315|0.0|6.4|180|81.0|19.1|0.02|0.11|43.3821|14.1579
06|45|0|0|1.5|6.4|180|81.8|19.0|0.02|0.11|43.3859|14.1579
06|47|0|0|1.5|6.4|180|82.6|18.8|0.02|0.11|43.3873|13.4587
06|48|0|0|2.9|6.4|180|82.8|18.8|0.03|0.12|43.3878|13.4587
06|49|0|0|2.9|6.4|180|83.0|18.8|0.03|0.12|43.3888|13.7332
06|52|0|0|1.6|6.4|180|83.5|18.7|0.03|0.12|43.39|13.7332
06|53|0|0|1.5|6.4|180|83.5|18.7|0.03|0.12|43.3901|13.7332
06|55|0|0|1.5|6.4|180|83.3|18.7|0.03|0.12|43.3895|13.7332
06|56|0|0|1.5|6.4|180|83.2|18.7|0.02|0.12|43.3925|13.7332
06|57|0|0|3.2|6.4|180|83.0|18.7|0.02|0.12|43.3894|13.7332
06|58|0|0|2.9|6.4|180|83.0|18.7|0.03|0.13|43.3914|13.7332
06|59|0|0|1.5|6.4|180|83.2|18.6|0.03|0.13|43.3909|13.7332
07|00|0|0|2.9|6.4|180|83.3|18.6|0.03|0.13|43.3903|13.7332
07|01|0|0|2.9|6.4|180|83.5|18.6|0.03|0.13|43.3906|13.7332
07|02|0|0|3.2|6.4|180|83.7|18.6|0.03|0.13|43.3911|13.7332
07|03|0|0|1.5|6.4|180|83.6|18.6|0.03|0.13|43.3925|13.7332
07|04|0|0|2.9|6.4|180|83.6|18.6|0.03|0.13|43.3911|13.7332
07|05|0|0|2.9|6.4|180|83.5|18.5|0.03|0.13|43.3897|13.7332
07|06|0|0|2.9|6.4|180|83.4|18.6|0.03|0.13|43.392|13.7332
07|08|0|0|1.6|6.4|180|83.3|18.5|0.03|0.13|43.3927|13.7332
07|09|0|0|0.0|6.4|180|83.3|18.6|0.03|0.13|43.3941|13.7332
07|10|0|0|0.0|6.4|180|83.2|18.6|0.03|0.13|43.3959|13.7332
07|12|0|0|0.0|6.4|180|83.1|18.6|0.03|0.13|43.3958|13.7332
07|13|0|0|0.0|6.4|180|83.0|18.6|0.03|0.13|43.3946|13.7332
07|14|0|0|0.0|6.4|180|82.9|18.6|0.03|0.13|43.3963|13.4587
07|15|0|0|0.0|6.4|180|82.7|18.7|0.03|0.13|43.3982|13.4587
07|16|0|0|1.5|6.4|180|82.7|18.7|0.03|0.13|43.399|13.4587
07|17|0|0|0.0|6.4|180|82.6|18.7|0.03|0.13|43.3991|13.4587
07|18|0|0|0.0|6.4|180|82.6|18.7|0.03|0.13|43.3989|13.4587
07|19|0|0|0.0|6.4|180|82.6|18.8|0.03|0.13|43.4023|13.4587
07|20|0|0|0.0|6.4|180|82.7|18.8|0.02|0.13|43.4001|13.4587
07|21|0|0|1.5|6.4|180|82.8|18.8|0.02|0.13|43.4007|13.4587
07|23|0|0|0.0|6.4|180|82.9|18.8|0.02|0.13|43.4005|13.4587
07|25|0|0|1.5|6.4|180|82.9|19.0|0.02|0.13|43.4022|14.4368
07|26|0|0|1.5|6.4|180|82.9|19.0|0.02|0.13|43.4006|14.4368
07|28|0|90|0.0|6.4|180|83.1|19.1|0.02|0.13|43.4028|14.7126
07|29|0|90|0.0|6.4|180|83.1|19.1|0.02|0.13|43.402|14.7126
07|31|0|90|1.5|6.4|180|83.0|19.1|0.02|0.13|43.4028|14.7126
07|33|0|90|0.0|6.4|180|82.8|19.2|0.02|0.13|43.4033|14.4368
07|34|0|90|1.5|6.4|180|82.6|19.2|0.02|0.13|43.4043|14.4368
07|35|0|90|0.0|6.4|180|82.5|19.1|0.02|0.13|43.4029|14.4368
07|36|0|90|0.0|6.4|180|82.3|19.2|0.02|0.13|43.4046|14.4368
07|37|0|90|0.0|6.4|180|82.2|19.2|0.02|0.13|43.405|14.4368
07|38|0|90|0.0|6.4|180|82.2|19.2|0.02|0.13|43.4049|14.4368
07|39|0|90|0.0|6.4|180|82.1|19.2|0.02|0.13|43.4045|14.4368
07|40|0|90|0.0|6.4|180|82.1|19.2|0.02|0.13|43.4047|14.4368
07|41|0|90|0.0|6.4|180|82.1|19.2|0.02|0.13|43.4053|14.4368
07|42|0|90|1.5|6.4|180|82.1|19.2|0.02|0.13|43.4064|14.4368
07|43|0|90|0.0|6.4|180|82.1|19.3|0.02|0.13|43.408|14.4368
07|44|0|90|0.0|6.4|180|82.1|19.3|0.02|0.13|43.4078|14.4368
07|45|0|90|1.5|6.4|180|82.0|19.3|0.02|0.13|43.4077|14.4368
07|46|0|179|1.6|6.4|180|82.1|19.3|0.02|0.13|43.4093|14.4368
07|47|0|90|0.0|6.4|180|82.1|19.3|0.01|0.13|43.4093|14.4368
07|48|0|90|0.0|6.4|180|82.1|19.4|0.01|0.13|43.4123|14.4368
07|49|0|90|0.0|6.4|180|82.1|19.4|0.01|0.13|43.4112|14.4368
07|51|0|90|0.0|6.4|180|82.0|19.4|0.01|0.13|43.4124|14.4368
07|52|0|90|0.0|6.4|180|81.9|19.5|0.01|0.13|43.4123|14.1579
07|54|0|90|0.0|6.4|180|81.7|19.5|0.01|0.13|43.4149|14.1579
07|55|0|90|0.0|6.4|180|81.6|19.6|0.01|0.13|43.4157|14.1579
07|56|0|90|1.5|6.4|180|81.4|19.5|0.01|0.13|43.4157|14.1579
07|57|0|90|0.0|6.4|180|81.3|19.6|0.00|0.13|43.4204|14.1579
07|58|0|90|0.0|6.4|180|81.2|19.6|0.00|0.13|43.4213|14.1579
07|59|0|90|0.0|6.4|180|81.1|19.6|0.00|0.13|43.4214|14.1579
08|00|0|90|1.6|6.4|180|81.1|19.6|0.00|0.13|43.4221|14.1579
08|01|0|90|0.0|6.4|180|81.0|19.5|0.00|0.13|43.4222|14.1579
08|02|0|90|1.5|6.4|180|80.8|19.6|0.00|0.13|43.4238|13.876
08|03|0|90|0.0|6.4|180|80.9|19.6|0.00|0.13|43.4271|13.876
08|05|0|90|0.0|6.4|180|81.0|19.6|0.00|0.13|43.4258|14.1579
08|06|0|90|0.0|6.4|180|81.1|19.6|0.00|0.13|43.4299|14.1579
08|07|0|90|0.0|6.4|180|81.1|19.6|0.00|0.13|43.4311|14.1579
08|08|0|90|1.6|6.4|180|81.1|19.7|0.00|0.13|43.4321|14.1579
08|09|0|90|0.0|6.4|180|81.2|19.7|0.00|0.13|43.4318|14.1579
08|11|0|90|0.0|6.4|180|81.2|19.7|0.00|0.13|43.435|14.1579
08|12|0|90|1.5|6.4|180|81.1|19.8|0.00|0.13|43.4355|14.1579
08|13|0|90|0.0|6.4|180|81.1|19.8|0.00|0.13|43.4355|14.1579
08|14|0|135|1.5|6.4|180|81.1|19.8|0.00|0.13|43.4354|14.1579
08|15|0|135|0.0|6.4|180|81.1|20.0|0.00|0.13|43.435|15.1346
08|16|0|135|0.0|6.4|180|81.0|20.1|0.00|0.13|43.4349|15.1346
08|17|0|135|0.0|6.4|180|81.0|20.1|0.00|0.13|43.4339|15.1346
08|18|0|135|0.0|6.4|180|80.9|20.3|0.00|0.13|43.4365|14.8514
08|19|0|135|1.5|6.4|180|80.9|20.3|0.00|0.13|43.4336|14.8514
08|20|0|135|1.5|6.4|180|80.8|20.4|0.00|0.13|43.4346|14.8514
08|21|0|135|1.6|6.4|180|80.5|20.5|0.00|0.13|43.432|14.8514
08|22|0|135|1.5|6.4|180|79.9|20.6|0.00|0.13|43.4341|14.5649
08|24|0|135|1.6|6.4|180|79.3|21.0|0.00|0.13|43.4364|15.5389
08|25|0|180|4.4|6.4|180|78.0|21.0|0.01|0.14|43.4369|15.2478
08|26|0|180|1.5|6.4|180|76.4|21.0|0.01|0.14|43.4347|14.6557
08|27|0|180|2.9|6.4|180|75.4|21.2|0.01|0.14|43.4375|14.3543
08|29|0|180|2.9|6.4|180|75.0|21.3|0.01|0.14|43.4369|14.3543
08|30|0|180|1.5|6.4|180|74.9|21.4|0.01|0.14|43.435|14.0494
08|31|0|180|1.6|6.4|180|74.7|21.8|0.01|0.14|43.4344|14.0494
08|32|0|180|0.0|6.4|180|74.6|22.1|0.01|0.14|43.4381|15.0163
08|33|0|180|0.0|6.4|180|74.6|22.3|0.01|0.14|43.4382|15.0163
08|34|0|180|0.0|6.4|180|74.2|22.5|0.01|0.14|43.4411|15.0163
08|36|0|180|1.5|6.4|180|73.5|22.8|0.01|0.14|43.4375|14.7062
08|38|0|135|1.5|6.4|180|71.3|23.0|0.01|0.14|43.4383|15.037
08|39|0|135|1.6|6.4|180|70.7|23.1|0.01|0.14|43.4376|14.7137
08|40|0|180|3.2|6.4|180|70.5|23.2|0.01|0.14|43.4399|14.7137
08|41|0|180|1.5|6.4|180|70.5|23.2|0.01|0.14|43.4396|14.7137
08|42|0|135|2.9|6.4|180|70.2|23.2|0.01|0.14|43.4391|14.7137
08|43|0|135|1.5|6.4|180|69.6|23.2|0.01|0.14|43.4413|14.3863
08|45|0|135|3.2|6.4|180|69.4|23.2|0.01|0.14|43.4396|14.3863
08|46|0|180|1.5|6.4|180|69.3|23.3|0.01|0.14|43.4393|14.3863
08|47|0|135|1.5|6.4|180|69.2|23.3|0.01|0.14|43.4419|14.3863
08|48|0|180|1.6|6.4|180|69.5|23.5|0.01|0.14|43.4421|14.3863
08|49|0|180|2.9|6.4|180|69.4|23.3|0.01|0.14|43.4429|14.3863
08|50|0|180|2.9|6.4|180|69.3|23.3|0.01|0.14|43.4408|14.3863
08|51|0|180|3.2|6.4|180|69.3|23.3|0.01|0.14|43.443|14.3863
08|52|0|180|1.5|6.4|180|69.3|23.3|0.01|0.14|43.4436|14.3863
08|53|0|180|3.2|6.4|180|69.1|23.3|0.01|0.14|43.4441|14.3863
08|54|0|180|1.5|6.4|180|69.3|23.3|0.01|0.14|43.4437|14.3863
08|56|0|135|1.6|6.4|180|69.1|23.5|0.01|0.14|43.4467|14.3863
08|57|0|135|2.9|6.4|180|68.8|23.5|0.01|0.14|43.4447|14.0547
08|58|0|135|2.9|6.4|180|68.9|23.6|0.01|0.14|43.4439|14.0547
08|59|0|135|0.0|6.4|180|68.4|23.7|0.01|0.14|43.4469|14.0547
09|00|0|135|0.0|6.4|180|68.2|23.8|0.02|0.15|43.4486|14.0547
09|01|0|135|0.0|6.4|180|68.2|23.9|0.02|0.15|43.4461|14.0547
09|02|0|135|1.6|6.4|180|68.3|24.1|0.02|0.15|43.4462|15.0123
09|03|0|158|2.9|6.4|180|68.7|24.3|0.02|0.15|43.437|15.0123
09|04|0|180|2.9|6.4|180|68.0|24.5|0.02|0.15|43.4385|15.0123
09|06|0|180|1.5|6.4|180|67.7|24.7|0.02|0.15|43.4391|14.6747
09|07|0|180|2.9|6.4|180|67.6|24.8|0.02|0.15|43.4406|14.6747
09|09|0|180|1.6|6.4|180|68.0|25.0|0.02|0.15|43.4452|15.9698
09|10|0|180|1.5|6.4|180|68.4|25.2|0.02|0.15|43.4463|15.9698
09|11|0|135|3.2|6.4|180|68.4|25.5|0.02|0.15|43.4487|15.9698
09|12|0|135|2.9|6.4|180|67.3|25.5|0.02|0.15|43.4545|15.6307
09|13|0|135|1.5|6.4|180|66.6|25.5|0.02|0.15|43.4556|15.287
09|14|0|135|1.5|6.4|180|66.4|25.5|0.02|0.15|43.454|15.287
09|15|0|135|1.5|6.4|180|66.2|25.4|0.02|0.15|43.4549|15.287
09|16|0|135|1.5|6.4|180|66.4|25.2|0.02|0.15|43.4542|15.287
09|17|0|135|1.6|6.4|180|66.7|25.1|0.02|0.15|43.4532|15.287
09|18|0|135|2.9|6.4|180|66.7|25.1|0.02|0.15|43.4506|15.287
09|19|0|135|3.2|6.4|180|66.8|25.2|0.02|0.15|43.4506|15.287
09|20|0|135|2.9|6.4|180|66.4|25.2|0.02|0.15|43.4526|15.287
09|21|0|135|1.5|6.4|180|66.3|25.5|0.02|0.15|43.4535|15.287
09|22|0|135|2.9|6.4|180|65.8|25.8|0.02|0.15|43.4569|14.9386
09|23|0|180|1.5|6.4|180|65.3|26.0|0.02|0.15|43.4614|15.8913
09|24|0|180|1.5|6.4|180|65.6|26.1|0.01|0.15|43.4617|15.8913
09|25|0|180|0.0|6.4|180|65.7|26.1|0.01|0.15|43.4607|15.8913
09|26|0|135|1.5|6.4|180|65.4|26.4|0.01|0.15|43.4616|15.8913
09|28|0|135|3.2|6.4|180|64.8|26.6|0.01|0.15|43.4611|15.5365
09|29|0|135|2.9|6.4|180|63.8|26.7|0.01|0.15|43.4589|15.1767
09|31|0|135|2.9|6.4|180|62.9|27.4|0.01|0.15|43.4577|15.7594
09|32|0|180|1.6|6.4|180|62.4|27.6|0.01|0.15|43.4517|15.7594
09|33|0|135|2.9|6.4|180|61.9|28.1|0.01|0.15|43.4512|16.3332
09|34|0|158|2.9|6.4|180|61.5|28.3|0.01|0.15|43.4517|16.3332
09|35|0|225|2.9|6.4|180|60.8|28.6|0.01|0.15|43.4513|15.9542
09|36|0|180|1.5|6.4|180|60.3|29.0|0.01|0.15|43.4525|16.898
09|37|0|180|1.6|6.4|180|60.4|29.4|0.01|0.15|43.4557|16.898
09|38|0|135|2.9|6.4|180|59.0|29.6|0.01|0.15|43.4549|16.5116
09|39|0|158|2.9|6.4|180|58.0|29.9|0.01|0.15|43.4535|16.1192
09|40|0|158|0.0|6.4|180|57.5|30.2|0.01|0.15|43.4546|16.6592
09|41|0|180|2.9|6.4|180|57.4|30.3|0.01|0.15|43.4535|16.6592
09|42|0|180|7.3|7.3|180|57.4|30.4|0.01|0.15|43.4525|16.6592
09|43|0|203|3.2|7.3|180|57.3|30.4|0.01|0.15|43.4562|16.6592
09|44|0|180|2.9|7.3|180|57.0|30.5|0.02|0.17|43.4561|16.6592
09|46|0|180|2.9|7.3|180|56.5|30.3|0.02|0.17|43.4552|16.2527
09|47|0|135|2.9|7.3|180|56.7|30.3|0.02|0.17|43.4558|16.2527
09|50|0|135|2.9|7.3|180|56.3|30.1|0.02|0.17|43.4565|16.2527
09|51|0|135|2.9|7.3|180|56.6|30.0|0.02|0.17|43.4584|16.2527
09|52|0|180|1.5|7.3|180|57.7|30.1|0.02|0.17|43.4589|16.6592
09|53|0|135|2.9|7.3|180|58.5|30.2|0.02|0.17|43.4584|17.0594
09|54|0|135|1.6|7.3|180|59.0|30.3|0.03|0.18|43.4607|17.4535
09|55|0|135|1.5|7.3|180|57.9|30.5|0.03|0.18|43.4598|16.6592
09|56|0|135|1.5|7.3|180|57.3|30.9|0.03|0.18|43.4604|16.6592
09|57|0|135|1.5|7.3|180|56.8|31.2|0.03|0.18|43.4586|17.189
09|58|0|135|2.9|7.3|180|56.3|31.4|0.03|0.18|43.463|17.189
09|59|0|180|1.5|7.3|180|55.9|31.8|0.03|0.18|43.4645|16.7741
10|00|0|225|0.0|7.3|180|56.5|32.1|0.02|0.18|43.4644|18.1251
10|01|0|225|1.6|7.3|180|55.4|32.5|0.02|0.18|43.4666|17.7084
10|02|0|225|1.5|7.3|180|54.2|32.7|0.02|0.18|43.4623|17.2849
10|03|0|180|1.5|7.3|180|54.7|32.9|0.02|0.18|43.457|17.2849
10|04|0|180|2.9|7.3|180|54.6|33.0|0.02|0.18|43.457|18.2171
10|05|0|113|1.5|7.3|180|53.8|33.3|0.02|0.18|43.4565|17.7846
10|06|0|135|2.9|7.3|180|53.4|33.5|0.02|0.18|43.4534|17.7846
10|07|0|180|2.9|7.3|180|52.6|33.7|0.02|0.18|43.4539|17.3447
10|11|0|23|1.6|7.3|180|52.2|34.1|0.02|0.18|43.4591|18.2729
10|12|0|315|2.9|7.3|180|49.7|34.0|0.02|0.18|43.4591|16.9007
10|13|0|270|1.5|7.3|180|49.0|34.0|0.02|0.18|43.4606|16.9007
10|14|0|135|2.9|7.3|180|50.1|34.0|0.02|0.18|43.4623|17.3662
10|15|0|135|1.5|7.3|180|49.8|34.0|0.02|0.18|43.4605|16.9007
10|16|0|135|0.0|7.3|180|50.8|34.0|0.02|0.18|43.4593|17.3662
10|17|0|135|3.2|7.3|180|51.0|33.9|0.03|0.19|43.463|16.8974
10|18|0|270|0.0|7.3|180|50.8|33.8|0.03|0.19|43.4603|16.4421
10|19|0|135|2.9|7.3|180|51.2|33.6|0.03|0.19|43.4593|16.8974
10|20|0|135|2.9|7.3|180|50.4|33.6|0.03|0.19|43.4648|16.4421
10|21|0|270|1.5|7.3|180|50.4|33.5|0.03|0.19|43.4625|16.4421
10|22|0|180|1.6|7.3|180|52.0|33.6|0.03|0.19|43.4625|17.3447
10|23|0|90|2.9|7.3|180|51.5|33.5|0.03|0.19|43.4646|16.8974
10|24|0|90|1.5|7.3|180|50.8|33.5|0.03|0.19|43.4638|16.4421
10|25|0|135|3.2|7.3|180|51.7|33.5|0.03|0.19|43.463|16.8974
10|26|0|203|2.9|7.3|180|51.7|33.1|0.03|0.19|43.4661|16.8974
10|28|0|135|1.6|7.3|180|51.4|33.1|0.03|0.19|43.467|16.8974
10|29|0|45|2.9|7.3|180|51.9|33.1|0.03|0.19|43.4682|16.8974
10|30|0|180|0.0|7.3|180|51.2|33.1|0.03|0.19|43.4693|16.8974
10|32|0|180|4.8|7.3|180|52.2|32.7|0.03|0.19|43.4765|16.4165
10|33|0|180|4.4|7.3|180|52.8|32.3|0.03|0.19|43.4753|16.4165
10|34|0|180|2.9|7.3|180|53.0|32.3|0.03|0.19|43.4763|16.8543
10|35|0|135|4.4|7.3|180|52.7|32.3|0.04|0.20|43.4768|16.4165
10|36|0|135|1.5|7.3|180|52.5|32.2|0.04|0.20|43.4769|16.4165
10|37|0|225|1.6|7.3|180|52.3|32.1|0.04|0.20|43.4729|16.4165
10|40|0|180|2.9|8.7|158|55.3|32.0|0.04|0.20|43.4762|17.7084
10|41|0|135|1.5|8.7|158|54.2|32.0|0.04|0.20|43.4763|17.2849
10|43|0|135|4.4|8.7|158|55.9|32.1|0.04|0.20|43.4775|17.7084
10|44|0|135|5.8|8.7|158|55.4|31.8|0.03|0.20|43.4755|16.7741
10|45|0|135|4.8|8.7|158|55.1|31.5|0.03|0.20|43.4769|16.7741
10|46|0|90|2.9|8.7|158|54.6|31.3|0.03|0.20|43.4789|16.3525
10|47|0|90|1.6|8.7|158|53.3|31.1|0.03|0.20|43.4793|15.9239
10|48|0|113|2.9|8.7|158|53.9|31.0|0.03|0.20|43.4819|15.9239
10|49|0|90|2.9|8.7|158|54.3|30.6|0.03|0.20|43.482|15.42
10|50|0|90|1.6|8.7|158|54.5|30.4|0.03|0.20|43.4816|15.42
10|51|0|113|1.5|8.7|158|54.6|30.2|0.03|0.20|43.4842|15.42
10|52|0|180|1.6|8.7|158|56.1|30.0|0.03|0.20|43.4852|16.2527
10|53|0|135|5.8|8.7|158|57.5|29.6|0.03|0.20|43.4843|15.7209
10|54|0|180|2.9|8.7|158|57.0|29.4|0.02|0.20|43.4852|15.7209
10|55|0|180|2.9|8.7|158|56.9|29.2|0.02|0.20|43.4835|15.3162
10|56|0|135|2.9|8.7|158|57.0|29.1|0.02|0.20|43.4865|15.7209
10|57|0|135|2.9|8.7|158|56.0|28.8|0.02|0.20|43.4848|14.3797
10|58|0|135|2.9|8.7|158|55.4|28.7|0.02|0.20|43.4843|13.9704
10|59|0|158|4.4|8.7|158|56.8|28.4|0.02|0.20|43.4851|14.3797
11|00|0|135|1.5|8.7|158|56.7|28.3|0.02|0.20|43.4837|14.3797
11|01|0|135|4.4|8.7|158|57.4|28.4|0.02|0.20|43.4834|14.7824
11|02|0|135|4.8|8.7|158|58.7|28.5|0.02|0.20|43.4849|15.179
11|03|0|135|4.4|8.7|158|58.2|28.4|0.02|0.20|43.4815|15.179
11|05|0|135|4.4|8.7|158|56.9|28.4|0.02|0.20|43.4828|14.3797
11|06|0|180|3.2|8.7|158|57.3|28.5|0.02|0.20|43.4822|14.7824
11|07|0|135|4.4|8.7|158|58.6|28.6|0.02|0.20|43.4824|15.179
11|08|0|180|2.9|8.7|158|56.6|28.7|0.02|0.20|43.4809|14.3797
11|09|0|135|1.5|8.7|158|56.7|29.0|0.02|0.20|43.4827|15.3162
11|10|0|180|2.9|8.7|158|57.9|29.4|0.02|0.20|43.4806|15.7209
11|11|0|135|4.4|8.7|158|57.8|29.7|0.02|0.20|43.4816|15.7209
11|12|0|180|1.5|8.7|158|58.3|30.1|0.02|0.20|43.4859|17.0594
11|13|0|135|3.2|8.7|158|58.5|30.2|0.02|0.20|43.4885|17.0594
11|14|0|180|1.5|8.7|158|56.8|30.2|0.02|0.20|43.4906|16.2527
11|15|0|180|4.4|8.7|158|56.0|30.2|0.02|0.20|43.489|16.2527
11|16|0|135|3.2|8.7|158|55.2|30.1|0.02|0.20|43.4897|15.8397
11|17|0|135|1.5|8.7|158|54.5|30.0|0.01|0.20|43.4879|15.42
11|18|0|180|2.9|8.7|158|55.4|30.2|0.01|0.20|43.4818|15.8397
11|19|0|225|1.5|8.7|158|56.6|30.6|0.01|0.20|43.4792|16.2527
11|20|0|270|1.5|8.7|158|56.2|31.0|0.01|0.20|43.4832|17.189
11|22|0|180|2.9|8.7|158|57.5|31.8|0.01|0.20|43.4796|17.5973
11|23|0|135|1.5|8.7|158|58.0|32.1|0.01|0.20|43.486|18.9392
11|24|0|135|1.6|8.7|158|57.1|32.0|0.01|0.20|43.4902|18.5353
11|26|0|135|2.9|8.7|158|56.0|32.0|0.01|0.20|43.4891|18.1251
11|27|0|180|4.4|8.7|158|54.0|31.7|0.01|0.20|43.487|16.3525
11|28|0|225|1.6|8.7|158|53.4|31.4|0.01|0.20|43.4851|15.9239
11|29|0|225|0.0|8.7|158|54.4|31.4|0.01|0.20|43.4892|16.3525
11|30|0|180|2.9|8.7|158|55.3|31.3|0.01|0.20|43.489|16.7741
11|31|0|158|4.4|8.7|158|55.3|31.2|0.01|0.20|43.4889|16.7741
11|32|0|135|1.6|8.7|158|55.5|31.1|0.01|0.20|43.4915|16.7741
11|33|0|135|2.9|8.7|158|55.5|31.0|0.01|0.20|43.4916|16.7741
11|34|0|90|2.9|8.7|158|55.6|30.9|0.00|0.20|43.4922|15.8397
11|35|0|90|1.5|8.7|158|54.2|30.6|0.00|0.20|43.4931|15.42
11|36|0|45|3.2|8.7|158|53.1|30.5|0.00|0.20|43.4907|14.9933
11|37|0|135|2.9|8.7|158|52.8|30.4|0.00|0.20|43.4843|14.5594
11|38|0|135|1.5|8.7|158|55.0|30.6|0.00|0.20|43.4809|15.8397
11|39|0|113|1.6|8.7|158|56.6|30.9|0.00|0.20|43.4805|16.2527
11|40|0|135|1.5|8.7|158|57.9|31.1|0.00|0.20|43.4811|17.5973
11|41|0|180|1.6|8.7|158|57.6|31.3|0.00|0.20|43.4837|17.5973
11|42|0|90|2.9|8.7|158|57.3|31.5|0.00|0.20|43.4817|17.5973
11|43|0|135|1.5|8.7|158|55.1|31.7|0.00|0.20|43.4891|16.7741
11|44|0|45|0.0|8.7|158|54.8|31.5|0.00|0.20|43.4902|16.3525
11|46|0|180|1.5|8.7|158|54.5|31.4|0.00|0.20|43.4942|16.3525
11|47|0|180|1.6|8.7|158|56.5|31.4|0.00|0.20|43.4961|17.189
11|48|0|45|1.5|8.7|158|56.8|31.4|0.00|0.20|43.4945|17.189
11|49|0|0|1.6|8.7|158|55.6|31.4|0.00|0.20|43.4934|16.7741
11|50|0|45|0.0|8.7|158|54.1|31.5|0.00|0.20|43.4911|16.3525
11|51|0|0|1.5|8.7|158|53.3|31.7|0.00|0.20|43.4854|15.9239
11|52|0|315|3.2|8.7|158|52.8|31.7|0.00|0.20|43.4828|15.488
11|53|0|315|2.9|8.7|158|52.2|31.8|0.00|0.20|43.4813|15.488
11|54|0|315|2.9|8.7|158|50.8|32.0|0.00|0.20|43.482|15.5179
11|55|0|315|4.4|8.7|158|50.6|31.9|0.00|0.20|43.4795|14.5935
11|57|0|270|0.0|8.7|158|48.5|32.2|0.00|0.20|43.4806|14.5868
11|58|0|270|1.6|8.7|158|49.5|32.3|0.00|0.20|43.4818|15.0565
12|00|0|270|1.6|8.7|158|48.0|32.5|0.00|0.20|43.4802|14.5868
12|01|0|225|3.2|8.7|158|48.5|32.6|0.00|0.20|43.4813|14.5868
12|02|0|315|1.5|8.7|158|49.2|32.7|0.00|0.20|43.4794|15.0565
12|03|0|45|4.8|8.7|158|49.0|32.8|0.00|0.20|43.4788|15.0565
12|04|0|0|1.5|8.7|158|47.2|32.8|0.00|0.20|43.4757|14.1082
12|05|0|45|1.5|8.7|158|47.7|33.1|0.00|0.20|43.4707|15.0261
12|07|0|23|2.9|8.7|158|47.1|33.1|0.00|0.20|43.4691|15.0261
12|08|0|23|2.9|8.7|158|46.1|33.1|0.00|0.20|43.4651|14.5362
12|09|0|45|1.6|8.7|158|45.8|33.2|0.00|0.20|43.4675|14.0367
12|10|0|0|0.0|8.7|158|46.3|33.5|0.01|0.21|43.4641|14.5362
12|11|0|90|0.0|8.7|158|47.6|33.6|0.01|0.21|43.4607|15.0261
12|12|0|45|1.6|8.7|158|46.6|33.8|0.01|0.21|43.4597|14.5362
12|13|0|0|2.9|8.7|158|45.2|33.9|0.01|0.21|43.4613|14.0367
12|14|0|180|0.0|8.7|158|44.3|34.1|0.01|0.21|43.4606|14.4383
12|15|0|0|2.9|8.7|158|44.8|34.1|0.01|0.21|43.4623|14.4383
12|16|0|315|2.9|8.7|158|44.4|34.0|0.01|0.21|43.4582|14.4383
12|17|0|315|2.9|8.7|158|44.1|33.9|0.01|0.21|43.4575|13.5273
12|18|0|315|2.9|8.7|158|44.8|33.9|0.01|0.21|43.459|13.5273
12|19|0|315|4.4|8.7|158|46.8|33.9|0.01|0.21|43.4598|14.5362
12|20|0|45|1.5|8.7|158|45.9|33.8|0.01|0.21|43.459|14.0367
12|21|0|225|1.5|8.7|158|45.2|34.0|0.01|0.21|43.4611|14.95
12|22|0|135|3.2|8.7|158|47.9|34.2|0.01|0.21|43.4598|15.9438
12|23|0|270|1.5|8.7|158|50.2|34.5|0.01|0.21|43.4623|17.3662
12|25|0|180|2.9|8.7|158|48.3|34.5|0.01|0.21|43.4623|16.4267
12|26|0|225|1.6|8.7|158|46.2|34.6|0.01|0.21|43.466|15.4517
12|27|0|225|0.0|8.7|158|46.0|34.7|0.01|0.21|43.4659|15.4517
12|28|0|315|0.0|8.7|158|45.8|34.8|0.01|0.21|43.4636|14.95
12|29|0|90|1.5|8.7|158|46.2|34.9|0.01|0.21|43.4641|15.4517
12|30|0|0|4.4|8.7|158|45.6|34.8|0.01|0.21|43.4658|14.95
12|31|0|315|2.9|8.7|158|43.6|34.8|0.01|0.21|43.4587|13.9162
12|32|0|270|3.2|8.7|158|44.3|35.0|0.01|0.21|43.4558|15.3491
12|33|0|45|11.6|11.6|45|46.5|35.0|0.01|0.21|43.4471|16.367
12|34|0|0|4.4|13.1|45|47.6|34.7|0.01|0.21|43.4618|15.9438
12|35|0|45|1.5|13.1|45|46.1|34.5|0.01|0.21|43.4723|15.4517
12|36|0|45|2.9|13.1|45|44.0|34.2|0.01|0.21|43.4699|14.4383
12|37|0|315|3.2|13.1|45|45.0|33.9|0.01|0.21|43.4705|14.0367
12|38|0|315|4.4|13.1|45|46.2|33.5|0.01|0.21|43.472|14.5362
12|39|0|315|1.6|13.1|45|44.0|33.0|0.01|0.21|43.477|13.5273
12|40|0|315|2.9|13.1|45|43.0|32.8|0.01|0.21|43.4799|12.0986
12|41|0|315|4.8|13.1|45|44.8|32.3|0.01|0.21|43.4822|12.6161
12|42|0|0|3.2|13.1|45|46.3|31.8|0.02|0.22|43.4787|12.7046
12|43|0|315|4.4|13.1|45|48.7|31.4|0.02|0.22|43.4785|13.6665
12|46|0|315|7.3|13.1|45|49.6|30.4|0.02|0.22|43.4773|13.2117
12|47|0|315|3.2|13.1|45|50.4|30.2|0.02|0.22|43.4799|13.6689
12|48|0|338|4.4|13.1|45|51.4|29.7|0.03|0.23|43.4799|13.1913
12|49|0|315|4.4|13.1|45|51.3|29.3|0.03|0.23|43.4785|13.1913
12|50|0|315|4.4|13.1|45|51.7|29.2|0.03|0.23|43.4769|13.1913
12|51|0|0|1.5|13.1|45|51.2|29.2|0.03|0.23|43.4727|13.1913
12|52|0|0|1.5|13.1|45|50.7|29.4|0.03|0.23|43.4694|12.7442
12|53|0|315|1.5|13.1|45|50.5|29.6|0.03|0.23|43.4791|12.7442
12|54|0|315|5.8|13.1|45|51.6|29.5|0.03|0.23|43.4776|13.1913
12|55|0|315|8.7|13.1|45|51.5|29.2|0.03|0.23|43.478|13.1913
12|56|0|315|5.8|13.1|45|50.2|29.0|0.03|0.23|43.4819|12.7442
12|58|0|270|4.4|13.1|45|50.4|28.8|0.03|0.23|43.4695|11.8193
12|59|0|270|1.6|13.1|45|50.6|29.4|0.03|0.23|43.4682|12.7442
13|00|0|315|1.6|13.1|45|50.6|29.9|0.03|0.23|43.4655|12.7442
13|01|0|315|1.5|13.1|45|50.4|30.1|0.03|0.23|43.4677|13.6689
13|02|0|180|1.6|13.1|45|50.6|30.5|0.03|0.23|43.4635|13.6689
13|03|0|270|1.5|13.1|45|50.9|31.0|0.03|0.23|43.4718|14.5935
13|04|0|315|2.9|13.1|45|50.7|31.3|0.03|0.23|43.4632|14.5935
13|05|0|270|3.2|13.1|45|50.1|31.7|0.03|0.23|43.4709|14.5935
13|07|0|270|2.9|13.1|45|49.1|31.8|0.03|0.23|43.467|14.1342
13|08|0|270|5.8|13.1|45|48.1|32.0|0.03|0.23|43.4626|14.5868
13|09|0|315|4.4|13.1|45|48.1|32.3|0.02|0.23|43.4632|14.5868
13|10|0|0|4.4|13.1|45|48.7|32.6|0.02|0.23|43.4607|14.5868
13|11|0|315|3.2|13.1|45|48.0|32.6|0.02|0.23|43.4569|14.5868
13|12|0|315|4.4|13.1|45|46.2|33.0|0.02|0.23|43.453|14.5362
13|13|0|0|1.6|13.1|45|45.8|32.9|0.02|0.23|43.4613|13.1233
13|14|0|315|3.2|13.1|45|46.2|33.0|0.02|0.23|43.4495|14.5362
13|15|0|0|2.9|13.1|45|46.0|33.0|0.02|0.23|43.4497|14.5362
13|16|0|315|4.8|13.1|45|47.5|33.1|0.02|0.23|43.4528|15.0261
13|17|0|315|1.5|13.1|45|48.1|33.1|0.03|0.24|43.452|15.5068
13|18|0|315|1.5|13.1|45|45.9|33.3|0.03|0.24|43.453|14.0367
13|19|0|45|2.9|13.1|45|46.7|33.5|0.03|0.24|43.4536|14.5362
13|20|0|45|0.0|13.1|45|44.7|33.7|0.03|0.24|43.4519|13.5273
13|21|0|45|0.0|13.1|45|45.0|33.8|0.03|0.24|43.4539|14.0367
13|22|0|0|4.4|13.1|45|44.2|33.7|0.03|0.24|43.4541|13.5273
13|23|0|270|1.6|13.1|45|43.0|33.6|0.03|0.24|43.4539|13.0075
13|25|0|270|0.0|13.1|45|42.2|33.6|0.03|0.24|43.4556|12.4768
13|26|0|315|0.0|13.1|45|41.0|33.7|0.03|0.24|43.4564|11.9348
13|27|0|0|5.8|13.1|45|41.8|33.5|0.03|0.24|43.4571|11.9348
13|28|0|315|2.9|13.1|45|41.4|33.2|0.03|0.24|43.4597|11.9348
13|29|0|315|0.0|13.1|45|41.7|33.2|0.03|0.24|43.4601|11.9348
13|30|0|0|1.6|13.1|45|43.2|33.1|0.03|0.24|43.4627|13.0075
13|31|0|315|4.4|13.1|45|43.7|33.0|0.03|0.24|43.4636|13.0075
13|33|0|180|0.0|13.1|45|41.6|32.9|0.03|0.24|43.4704|11.0306
13|34|0|0|0.0|13.1|45|42.5|32.9|0.03|0.24|43.4688|11.5703
13|35|0|315|2.9|13.1|45|42.7|32.8|0.03|0.24|43.4731|11.5703
13|36|0|315|5.8|13.1|45|43.0|32.5|0.03|0.24|43.4773|12.0986
13|37|0|315|4.4|13.1|45|43.7|32.0|0.03|0.24|43.4755|12.0986
13|38|0|315|5.8|13.1|45|44.2|31.7|0.03|0.24|43.4741|11.7047
13|39|0|315|5.8|13.1|45|44.0|31.3|0.03|0.24|43.4739|11.7047
13|40|0|315|4.4|13.1|45|44.0|31.1|0.03|0.24|43.473|11.7047
13|41|0|315|2.9|13.1|45|44.3|31.1|0.03|0.24|43.4678|11.7047
13|43|0|315|4.4|13.1|45|45.4|31.1|0.02|0.24|43.463|12.2096
13|45|0|315|7.3|13.1|45|45.2|31.3|0.02|0.24|43.4585|12.2096
13|46|0|0|4.4|13.1|45|45.8|31.5|0.02|0.24|43.4589|12.2096
13|47|0|270|2.9|13.1|45|46.3|31.9|0.02|0.24|43.4632|12.7046
13|48|0|315|1.5|13.1|45|45.3|32.2|0.01|0.24|43.4626|13.1233
13|49|0|225|1.6|13.1|45|44.3|32.6|0.01|0.24|43.4649|12.6161
13|50|0|225|4.4|13.1|45|44.4|32.8|0.01|0.24|43.4668|12.6161
13|51|0|225|3.2|13.1|45|44.0|33.1|0.01|0.24|43.4573|13.5273
13|52|0|248|4.4|13.1|45|44.8|33.5|0.01|0.24|43.4518|13.5273
13|53|0|270|2.9|13.1|45|43.7|33.9|0.01|0.24|43.4538|13.0075
13|55|0|90|1.5|13.1|45|40.9|34.7|0.01|0.24|43.447|12.2823
13|56|0|225|3.2|13.1|45|40.4|35.0|0.01|0.24|43.4461|13.1835
13|57|0|225|1.5|13.1|45|40.8|35.4|0.02|0.25|43.449|13.1835
13|58|0|180|2.9|13.1|45|40.8|35.7|0.02|0.25|43.4512|13.1835
13|59|0|315|3.2|13.1|45|40.4|36.0|0.02|0.25|43.4528|14.0845
14|00|0|0|5.8|13.1|45|41.7|36.3|0.02|0.25|43.4556|14.6459
14|01|0|315|8.0|13.1|45|43.1|36.0|0.02|0.25|43.4517|15.733
14|02|0|315|7.3|13.1|45|42.0|35.8|0.02|0.25|43.4531|14.2892
14|03|0|315|5.8|13.1|45|43.3|35.6|0.02|0.25|43.4489|14.8247
14|05|0|315|8.7|13.1|45|41.9|35.5|0.02|0.25|43.4492|13.7424
14|06|0|315|2.9|13.1|45|40.4|35.3|0.02|0.25|43.4491|13.1835
14|07|0|270|8.1|13.1|45|40.4|34.8|0.02|0.25|43.4446|12.2823
14|08|0|0|4.4|13.1|45|40.3|34.5|0.02|0.25|43.4493|12.2823
14|09|0|225|5.8|13.1|45|40.4|34.7|0.03|0.26|43.4508|12.2823
14|10|0|180|1.5|13.1|45|40.2|34.8|0.03|0.26|43.4483|12.2823
14|11|0|270|0.0|13.1|45|40.8|35.2|0.03|0.26|43.447|13.1835
14|12|0|315|4.4|13.1|45|40.4|35.2|0.03|0.26|43.4467|13.1835
14|13|0|0|0.0|13.1|45|39.5|35.4|0.03|0.26|43.4499|12.6121
14|14|0|113|0.0|13.1|45|39.1|35.7|0.03|0.26|43.4535|12.6121
14|15|0|225|1.5|13.1|45|38.6|35.7|0.03|0.26|43.4538|12.0275
14|16|0|225|4.4|13.1|45|39.1|35.9|0.03|0.26|43.4519|12.6121
14|17|0|135|1.6|13.1|45|38.4|36.2|0.02|0.26|43.4529|12.9234
14|19|0|315|3.2|13.1|45|39.2|36.2|0.02|0.26|43.4525|13.5106
14|20|0|0|4.4|13.1|45|38.4|36.3|0.02|0.26|43.4506|12.9234
14|21|0|0|2.9|13.1|45|39.3|36.3|0.02|0.26|43.4534|13.5106
14|22|0|315|6.4|13.1|45|39.5|36.3|0.02|0.26|43.4531|13.5106
14|23|0|270|5.8|13.1|45|38.0|35.8|0.02|0.26|43.4493|12.0275
14|24|0|0|2.9|13.1|45|38.0|35.7|0.02|0.26|43.4499|12.0275
14|25|0|0|3.2|13.1|45|37.5|35.7|0.03|0.28|43.4479|11.429
14|26|0|270|1.5|13.1|45|38.1|35.6|0.03|0.28|43.4484|12.0275
14|28|0|225|2.9|13.1|45|37.6|35.7|0.03|0.28|43.4498|11.429
14|29|0|270|0.0|13.1|45|36.8|35.9|0.03|0.28|43.4543|10.816
14|30|0|270|0.0|13.1|45|36.2|35.8|0.03|0.28|43.4505|10.816
14|31|0|0|4.8|13.1|45|36.9|35.9|0.03|0.28|43.4529|10.816
14|32|0|315|1.5|13.1|45|36.4|36.0|0.03|0.28|43.4533|11.7066
14|33|0|315|3.2|13.1|45|37.9|36.2|0.03|0.28|43.4558|12.3223
14|34|0|315|7.3|13.1|45|39.3|36.0|0.03|0.28|43.4554|13.5106
14|35|0|0|3.2|13.1|45|38.7|35.9|0.03|0.28|43.4547|12.0275
14|36|0|315|4.4|13.1|45|37.1|36.0|0.03|0.28|43.459|12.3223
14|37|0|0|4.8|13.1|45|36.8|36.0|0.03|0.28|43.4578|11.7066
14|38|0|0|2.9|13.1|45|38.5|36.0|0.04|0.29|43.4547|12.9234
14|40|0|0|0.0|13.1|45|37.3|36.4|0.04|0.29|43.4566|12.3223
14|41|0|135|1.5|13.1|45|36.6|36.6|0.04|0.29|43.4578|11.7066
14|42|0|0|3.2|13.1|45|35.6|36.7|0.04|0.29|43.4577|11.0754
14|43|0|0|5.8|13.1|45|37.1|36.8|0.04|0.29|43.4575|12.3223
14|45|0|0|2.9|13.1|45|37.0|37.0|0.04|0.29|43.4649|13.2154
14|46|0|90|1.5|13.1|45|35.1|37.0|0.04|0.29|43.4577|11.963
14|47|0|90|3.2|13.1|45|34.6|37.1|0.04|0.29|43.4566|11.3128
14|48|0|45|1.5|13.1|45|34.6|37.2|0.04|0.29|43.457|11.3128
14|50|0|135|1.5|13.1|45|34.8|37.2|0.04|0.29|43.4559|11.3128
14|51|0|135|7.3|13.1|45|35.2|37.4|0.04|0.29|43.4554|11.963
14|52|0|180|7.3|13.1|45|34.5|37.0|0.04|0.29|43.4536|11.3128
14|53|0|225|5.8|13.1|45|33.9|36.6|0.04|0.29|43.4562|9.76346
14|54|0|203|6.5|14.5|135|34.4|36.7|0.04|0.29|43.4559|10.428
14|55|0|135|4.4|14.5|135|34.0|36.8|0.04|0.29|43.4574|10.428
14|56|0|135|2.9|14.5|135|33.2|36.7|0.04|0.29|43.4566|9.76346
14|57|0|45|1.5|14.5|135|33.6|36.7|0.03|0.29|43.4596|9.76346
14|58|0|45|2.9|14.5|135|34.9|36.8|0.03|0.29|43.4579|10.428
14|59|0|23|2.9|14.5|135|35.5|36.6|0.03|0.29|43.4707|11.0754
15|00|0|0|2.9|14.5|135|35.7|36.3|0.03|0.29|43.461|11.0754
15|01|0|45|1.5|14.5|135|35.7|36.4|0.03|0.29|43.4618|11.0754
15|03|0|90|2.9|14.5|135|34.6|36.5|0.03|0.29|43.4591|10.428
15|04|0|45|1.5|14.5|135|32.9|36.6|0.03|0.29|43.4594|9.08071
15|05|0|270|1.6|14.5|135|32.8|36.7|0.03|0.29|43.458|9.08071
15|06|0|225|5.8|14.5|135|32.8|36.8|0.03|0.29|43.4543|9.08071
15|07|0|135|2.9|14.5|135|32.7|37.0|0.03|0.29|43.4557|9.95961
15|08|0|270|1.6|14.5|135|32.3|37.2|0.02|0.29|43.4575|9.95961
15|10|0|203|1.5|14.5|135|32.4|37.5|0.02|0.29|43.4569|9.95961
15|11|0|180|1.6|14.5|135|32.7|37.7|0.02|0.29|43.454|9.95961
15|12|0|180|2.9|14.5|135|32.5|38.0|0.02|0.29|43.4545|10.8382
15|13|0|180|8.7|14.5|135|32.9|38.1|0.02|0.29|43.4546|10.8382
15|15|0|180|4.4|14.5|135|33.1|37.8|0.02|0.29|43.4556|10.6453
15|16|0|225|4.4|14.5|135|33.3|38.1|0.02|0.29|43.4579|11.527
15|17|0|180|7.3|14.5|135|33.3|38.2|0.02|0.29|43.4579|11.527
15|19|0|225|7.3|14.5|135|33.1|38.2|0.02|0.29|43.4666|11.527
15|20|0|225|1.5|14.5|135|32.8|38.0|0.02|0.29|43.4699|10.8382
15|21|0|225|2.9|14.5|135|32.8|37.8|0.02|0.29|43.4708|9.95961
15|22|0|225|2.9|14.5|135|32.8|37.8|0.02|0.29|43.4655|9.95961
15|23|0|180|0.0|14.5|135|33.4|37.8|0.02|0.29|43.4662|10.6453
15|25|0|113|5.8|14.5|135|32.6|37.1|0.01|0.29|43.4792|9.95961
15|26|0|45|2.9|14.5|135|32.2|36.4|0.01|0.29|43.4791|9.08071
15|28|0|0|1.5|14.5|135|32.7|35.9|0.01|0.29|43.475|8.20156
15|29|0|225|0.0|14.5|135|34.0|35.9|0.01|0.29|43.4749|9.54301
15|30|0|90|1.5|14.5|135|34.3|35.7|0.02|0.30|43.4743|9.54301
15|31|0|135|1.5|14.5|135|33.7|35.6|0.02|0.30|43.4695|8.88134
15|32|0|0|1.5|14.5|135|34.0|35.5|0.02|0.30|43.4699|9.54301
15|33|0|0|4.8|14.5|135|36.2|35.2|0.02|0.30|43.4721|10.816
15|34|0|0|2.9|14.5|135|37.2|35.0|0.02|0.30|43.4691|11.429
15|35|0|0|1.6|14.5|135|38.4|35.2|0.02|0.30|43.467|12.0275
15|36|0|315|4.4|14.5|135|39.0|35.3|0.01|0.30|43.4673|12.6121
15|37|0|270|7.3|14.5|135|37.6|35.3|0.01|0.30|43.4685|11.429
15|38|0|248|2.9|14.5|135|36.4|35.4|0.01|0.30|43.4692|10.816
15|39|0|225|2.9|14.5|135|35.6|35.5|0.01|0.30|43.4727|10.1876
15|40|0|225|1.5|14.5|135|35.4|35.5|0.01|0.30|43.4702|10.1876
15|41|0|315|1.5|14.5|135|35.5|35.7|0.01|0.30|43.4721|10.1876
15|44|0|0|4.4|14.5|135|35.0|35.9|0.01|0.30|43.4738|10.1876
15|45|0|0|4.8|14.5|135|36.0|35.8|0.01|0.30|43.471|10.816
15|47|0|270|2.9|14.5|135|36.2|35.7|0.01|0.30|43.474|10.816
15|48|0|270|4.8|14.5|135|35.4|35.8|0.01|0.30|43.4745|10.1876
15|49|0|180|2.9|14.5|135|34.6|35.8|0.01|0.30|43.4756|9.54301
15|50|0|180|0.0|14.5|135|33.7|35.8|0.01|0.30|43.4754|8.88134
15|52|0|135|1.5|14.5|135|32.8|35.7|0.01|0.30|43.4747|8.20156
15|53|0|180|0.0|14.5|135|32.9|35.8|0.01|0.30|43.4789|8.20156
15|54|0|180|1.6|14.5|135|33.3|35.9|0.01|0.30|43.4818|8.88134
15|55|0|315|1.5|14.5|135|33.3|36.0|0.01|0.30|43.4863|9.76346
15|56|0|90|3.2|14.5|135|33.6|36.0|0.01|0.30|43.4813|9.76346
15|57|0|45|4.4|14.5|135|34.1|36.2|0.01|0.30|43.4863|10.428
15|58|0|90|1.6|14.5|135|34.0|36.2|0.01|0.30|43.4907|10.428
16|00|0|90|1.5|14.5|135|33.4|35.9|0.01|0.30|43.4904|8.88134
16|01|0|45|2.9|14.5|135|34.2|35.8|0.01|0.30|43.4902|9.54301
16|02|0|135|6.4|14.5|135|35.2|35.4|0.01|0.30|43.4911|10.1876
16|03|0|90|4.4|14.5|135|34.7|34.9|0.01|0.30|43.4945|8.65775
16|04|0|179|5.8|14.5|135|35.0|34.6|0.01|0.30|43.4956|9.2995
16|06|0|0|1.5|14.5|135|36.2|34.1|0.01|0.30|43.4944|9.92513
16|07|0|0|2.9|14.5|135|36.1|34.1|0.01|0.30|43.4948|9.92513
16|09|0|45|1.5|14.5|135|37.4|34.0|0.02|0.31|43.497|10.5355
16|11|0|135|0.0|14.5|135|36.8|33.9|0.02|0.31|43.4997|9.03407
16|13|0|225|0.0|14.5|135|36.7|34.1|0.02|0.31|43.4967|9.92513
16|14|0|225|2.9|14.5|135|36.5|34.2|0.02|0.31|43.4955|9.92513
16|15|0|225|2.9|14.5|135|34.7|34.4|0.02|0.31|43.4938|8.65775
16|16|0|135|4.8|14.5|135|33.7|34.5|0.02|0.31|43.4953|7.99897
16|18|0|113|4.4|14.5|135|33.6|34.4|0.02|0.31|43.4934|7.99897
16|19|0|158|1.6|14.5|135|33.3|34.5|0.02|0.31|43.4942|7.99897
16|20|0|180|2.9|14.5|135|33.3|34.6|0.02|0.31|43.4958|7.99897
16|21|0|0|2.9|14.5|135|33.6|34.7|0.02|0.31|43.4954|7.99897
16|22|0|68|1.6|14.5|135|34.7|34.8|0.02|0.31|43.495|8.65775
16|23|0|135|1.5|14.5|135|34.1|34.9|0.02|0.31|43.4938|8.65775
16|24|0|135|0.0|14.5|135|33.2|35.2|0.02|0.31|43.4937|8.88134
16|25|0|135|5.8|14.5|135|32.8|35.0|0.02|0.31|43.493|8.20156
16|26|0|90|2.9|14.5|135|33.9|34.9|0.02|0.31|43.4938|7.99897
16|27|0|90|2.9|14.5|135|35.2|34.9|0.02|0.31|43.4972|9.2995
16|28|0|45|1.5|14.5|135|35.6|34.9|0.02|0.31|43.4939|9.2995
16|30|0|45|2.9|14.5|135|35.4|34.7|0.01|0.31|43.4964|9.2995
16|31|0|315|5.8|14.5|135|36.8|34.6|0.01|0.31|43.4965|9.92513
16|32|0|0|5.8|14.5|135|37.8|34.4|0.01|0.31|43.4984|10.5355
16|33|0|0|1.5|14.5|135|39.0|34.4|0.01|0.31|43.4996|11.7134
16|34|0|0|5.8|14.5|135|39.6|34.5|0.01|0.31|43.4991|11.7134
16|35|0|315|5.8|14.5|135|38.6|34.5|0.01|0.31|43.4993|11.1313
16|37|0|45|5.8|14.5|135|37.3|34.6|0.01|0.31|43.4987|10.5355
16|38|0|0|4.4|14.5|135|37.2|34.5|0.01|0.31|43.4992|10.5355
16|40|0|0|7.3|14.5|135|37.3|34.5|0.01|0.31|43.5|10.5355
16|41|0|0|5.8|16.1|0|37.6|34.2|0.01|0.31|43.4994|10.5355
16|42|0|315|4.4|16.1|0|37.4|34.2|0.01|0.31|43.4981|10.5355
16|43|0|0|4.8|16.1|0|37.9|34.2|0.01|0.31|43.4991|10.5355
16|44|0|45|2.9|16.1|0|37.9|34.4|0.01|0.31|43.4985|10.5355
16|45|0|45|4.8|16.1|0|38.1|34.2|0.01|0.31|43.5016|11.1313
16|46|0|45|2.9|16.1|0|37.3|34.2|0.01|0.31|43.5079|10.5355
16|48|0|45|1.5|16.1|0|37.7|33.9|0.01|0.31|43.5091|9.64173
16|49|0|45|4.4|16.1|0|38.5|33.8|0.01|0.31|43.5117|10.2349
16|50|0|45|3.2|16.1|0|38.5|33.7|0.01|0.31|43.5112|10.2349
16|51|0|68|1.5|16.1|0|38.8|33.7|0.01|0.31|43.5155|10.2349
16|52|0|45|3.2|16.1|0|38.4|33.6|0.01|0.31|43.5166|10.2349
16|53|0|68|2.9|16.1|0|38.0|33.5|0.01|0.31|43.5198|10.2349
16|54|0|45|3.2|16.1|0|37.7|33.3|0.01|0.31|43.5238|9.64173
16|55|0|90|2.9|16.1|0|37.4|33.2|0.01|0.31|43.5207|9.64173
16|56|0|45|1.5|16.1|0|36.9|33.1|0.01|0.31|43.5224|9.03407
16|57|0|45|1.6|16.1|0|36.7|33.2|0.01|0.31|43.5231|9.03407
17|00|0|45|2.9|16.1|0|37.4|33.2|0.01|0.31|43.5265|9.64173
17|04|0|270|4.4|16.1|0|41.3|32.8|0.02|0.32|43.5239|11.0306
17|05|0|135|5.8|16.1|0|41.4|32.7|0.02|0.32|43.5269|11.0306
17|06|0|225|2.9|16.1|0|41.3|32.6|0.02|0.32|43.5288|11.0306
17|07|0|225|4.4|16.1|0|41.3|32.6|0.02|0.32|43.5262|11.0306
17|08|0|180|0.0|16.1|0|41.3|32.6|0.01|0.32|43.5275|11.0306
17|10|0|90|2.9|16.1|0|41.3|32.7|0.01|0.32|43.5314|11.0306
17|11|0|225|4.4|16.1|0|41.3|32.7|0.01|0.32|43.5328|11.0306
17|12|0|158|4.4|16.1|0|41.3|32.7|0.01|0.32|43.5322|11.0306
17|13|0|180|2.9|16.1|0|41.2|32.6|0.01|0.32|43.5314|11.0306
17|14|0|90|2.9|16.1|0|41.2|32.6|0.01|0.32|43.5337|11.0306
17|15|0|135|4.4|16.1|0|41.1|32.5|0.01|0.32|43.5343|11.0306
17|16|0|135|3.2|16.1|0|40.8|32.3|0.01|0.32|43.5334|10.4792
17|17|0|180|4.4|16.1|0|40.9|32.3|0.01|0.32|43.5339|10.4792
17|18|0|135|1.6|16.1|0|41.0|32.3|0.01|0.32|43.5367|11.0306
17|19|0|180|2.9|16.1|0|41.0|32.2|0.01|0.32|43.5354|11.0306
17|21|0|90|1.5|16.1|0|41.3|32.3|0.01|0.32|43.5379|11.0306
17|22|0|135|4.8|16.1|0|41.5|32.2|0.01|0.32|43.5353|11.0306
17|23|0|135|4.4|16.1|0|41.0|32.1|0.01|0.32|43.5363|11.0306
17|24|0|90|1.5|16.1|0|40.6|32.1|0.02|0.33|43.5369|10.4792
17|25|0|135|1.6|16.1|0|40.2|32.0|0.02|0.33|43.539|10.4792
17|26|0|135|4.4|16.1|0|40.3|32.0|0.02|0.33|43.5401|10.4792
17|27|0|135|4.8|16.1|0|39.8|31.8|0.02|0.33|43.5369|9.01588
17|28|0|135|2.9|16.1|0|39.5|31.8|0.02|0.33|43.5381|9.01588
17|29|0|135|5.8|16.1|0|39.5|31.7|0.02|0.33|43.5384|9.01588
17|30|0|90|2.9|16.1|0|40.2|31.7|0.02|0.33|43.5411|9.57727
17|31|0|135|7.3|16.1|0|41.0|31.7|0.02|0.33|43.5409|10.1263
17|33|0|135|1.5|16.1|0|42.2|31.4|0.02|0.33|43.545|10.6635
17|34|0|135|5.8|16.1|0|42.7|31.3|0.02|0.33|43.5436|10.6635
17|35|0|135|4.4|16.1|0|43.0|31.2|0.02|0.33|43.5471|11.1895
17|36|0|158|2.9|16.1|0|43.3|31.1|0.02|0.33|43.5477|11.1895
17|37|0|135|4.8|16.1|0|43.5|31.0|0.02|0.33|43.5487|11.1895
17|38|0|180|5.8|16.1|0|43.2|30.9|0.02|0.33|43.5493|10.2802
17|39|0|135|7.3|16.1|0|43.2|30.8|0.02|0.33|43.5483|10.2802
17|40|0|135|5.8|16.1|0|43.3|30.5|0.02|0.33|43.547|10.2802
17|42|0|180|2.9|16.1|0|43.2|30.4|0.02|0.33|43.5486|10.2802
17|43|0|90|3.2|16.1|0|43.4|30.4|0.02|0.33|43.5501|10.2802
17|44|0|135|4.4|16.1|0|43.5|30.3|0.02|0.33|43.5481|10.2802
17|45|0|135|1.6|16.1|0|43.5|30.4|0.02|0.33|43.5509|10.2802
17|46|0|90|1.5|16.1|0|43.4|30.3|0.02|0.33|43.5496|10.2802
17|48|0|90|2.9|16.1|0|43.0|30.1|0.02|0.33|43.5503|10.2802
17|49|0|135|2.9|16.1|0|43.1|30.1|0.02|0.33|43.5503|10.2802
17|50|0|90|4.4|16.1|0|43.4|30.2|0.02|0.33|43.5541|10.2802
17|51|0|180|2.9|16.1|0|43.4|30.0|0.02|0.33|43.5518|10.2802
17|52|0|180|4.4|16.1|0|43.7|30.0|0.02|0.33|43.5558|10.2802
17|53|0|135|2.9|16.1|0|44.0|29.9|0.02|0.33|43.5546|9.88134
17|54|0|135|4.8|16.1|0|44.6|29.9|0.02|0.33|43.5554|9.88134
17|55|0|135|4.8|16.1|0|45.2|29.7|0.02|0.33|43.5562|10.3817
17|56|0|180|4.4|16.1|0|45.8|29.6|0.02|0.33|43.557|10.3817
17|57|0|135|4.4|16.1|0|46.4|29.6|0.03|0.34|43.5583|10.8723
17|58|0|135|2.9|16.1|0|47.0|29.6|0.03|0.34|43.5625|11.3534
17|59|0|135|4.4|16.1|0|47.5|29.5|0.03|0.34|43.5613|11.3534
18|01|0|180|3.2|16.1|0|48.0|29.5|0.03|0.34|43.5641|11.8256
18|02|0|135|5.8|16.1|0|48.4|29.4|0.02|0.34|43.5678|11.8256
18|03|0|135|4.4|16.1|0|48.9|29.3|0.02|0.34|43.5708|11.8256
18|04|0|135|5.8|16.1|0|49.4|29.2|0.02|0.34|43.5692|12.289
18|06|0|180|5.8|16.1|0|50.1|29.1|0.02|0.34|43.5724|12.7442
18|08|0|135|3.2|16.1|0|50.6|29.0|0.02|0.34|43.5725|12.7442
18|09|0|90|5.8|16.1|0|50.8|29.0|0.02|0.34|43.5742|12.7442
18|10|0|135|4.4|16.1|0|51.0|28.8|0.02|0.34|43.572|12.2644
18|11|0|135|2.9|16.1|0|51.1|28.8|0.02|0.34|43.5758|12.2644
18|12|0|135|4.8|16.1|0|51.3|28.7|0.02|0.34|43.5742|12.2644
18|13|0|135|4.4|16.1|0|51.3|28.6|0.02|0.34|43.5766|12.2644
18|14|0|135|1.6|16.1|0|51.4|28.6|0.02|0.34|43.5799|12.2644
18|15|0|158|4.4|16.1|0|51.7|28.5|0.02|0.34|43.5791|12.2644
18|16|0|113|4.4|16.1|0|51.9|28.5|0.02|0.34|43.5799|12.2644
18|18|0|180|2.9|16.1|0|51.9|28.4|0.02|0.34|43.5796|12.2644
18|20|0|135|1.5|16.1|0|52.2|28.3|0.02|0.34|43.5801|12.7017
18|22|0|135|4.4|16.1|0|52.5|28.3|0.02|0.34|43.5817|12.7017
18|23|0|180|2.9|16.1|0|52.8|28.3|0.01|0.34|43.5821|12.7017
18|25|0|225|2.9|16.1|0|53.0|28.3|0.01|0.34|43.583|13.1317
18|28|0|135|4.4|16.1|0|53.1|28.5|0.01|0.34|43.5846|13.1317
18|29|0|180|2.9|16.1|0|53.1|28.5|0.01|0.34|43.5857|13.1317
18|30|0|158|4.4|16.1|0|53.2|28.4|0.01|0.34|43.5849|13.1317
18|31|0|180|1.5|16.1|0|53.5|28.4|0.01|0.34|43.5856|13.1317
18|32|0|135|4.4|16.1|0|53.7|28.4|0.02|0.35|43.5863|13.1317
18|33|0|180|4.8|16.1|0|53.9|28.3|0.02|0.35|43.5854|13.1317
18|34|0|135|4.4|16.1|0|54.3|28.2|0.02|0.35|43.5864|13.5545
18|35|0|180|4.8|16.1|0|54.6|28.2|0.02|0.35|43.586|13.5545
18|36|0|225|4.8|16.1|0|54.8|28.1|0.02|0.35|43.5864|13.5545
18|37|0|135|2.9|16.1|0|55.1|28.0|0.02|0.35|43.5863|13.9704
18|38|0|180|4.4|16.1|0|55.3|28.0|0.02|0.35|43.5861|13.9704
18|40|0|180|4.4|16.1|0|55.5|27.8|0.02|0.35|43.5858|13.0356
18|41|0|135|4.4|16.1|0|55.6|27.8|0.02|0.35|43.587|13.0356
18|42|0|135|2.9|16.1|0|55.8|27.8|0.02|0.35|43.5863|13.0356
18|43|0|135|2.9|16.1|0|56.0|27.8|0.02|0.35|43.5862|13.4429
18|44|0|135|2.9|16.1|0|56.2|27.7|0.02|0.35|43.5865|13.4429
18|45|0|180|4.8|16.1|0|56.4|27.7|0.02|0.35|43.5857|13.4429
18|46|0|135|4.4|16.1|0|56.5|27.6|0.03|0.36|43.5869|13.4429
18|47|0|135|4.8|16.1|0|56.6|27.6|0.03|0.36|43.5876|13.4429
18|48|0|135|5.8|16.1|0|56.7|27.6|0.03|0.36|43.587|13.4429
18|49|0|135|4.4|16.1|0|56.8|27.5|0.03|0.36|43.5885|13.4429
18|50|0|135|2.9|16.1|0|57.0|27.5|0.03|0.36|43.5873|13.8439
18|52|0|135|3.2|16.1|0|57.3|27.4|0.03|0.36|43.5879|13.8439
18|53|0|180|2.9|16.1|0|57.3|27.4|0.03|0.36|43.5883|13.8439
18|54|0|180|4.4|16.1|0|57.3|27.3|0.03|0.36|43.5889|13.8439
18|55|0|158|4.4|16.1|0|57.4|27.3|0.03|0.36|43.5887|13.8439
18|56|0|135|5.8|16.1|0|57.4|27.3|0.03|0.36|43.5894|13.8439
18|57|0|180|4.4|16.1|0|57.3|27.2|0.02|0.36|43.5879|13.8439
19|00|0|180|4.8|16.1|0|56.9|27.0|0.02|0.36|43.5854|13.4429
19|01|0|135|0.0|16.1|0|56.7|27.0|0.02|0.36|43.5884|13.4429
19|02|0|135|3.2|16.1|0|56.4|26.9|0.02|0.36|43.589|12.506
19|03|0|135|4.4|16.1|0|55.8|26.9|0.02|0.36|43.5885|12.1005
19|04|0|135|1.6|16.1|0|55.2|26.9|0.02|0.36|43.5873|12.1005
19|05|0|135|4.8|16.1|0|54.4|26.9|0.02|0.36|43.5904|11.6884
19|07|0|135|4.4|16.1|0|52.9|26.8|0.02|0.36|43.5908|10.8434
19|08|0|135|4.4|16.1|0|52.3|26.7|0.02|0.36|43.5934|10.8434
19|09|0|135|2.9|16.1|0|52.2|26.6|0.02|0.36|43.5948|10.8434
19|10|0|135|5.8|16.1|0|52.2|26.6|0.02|0.36|43.5973|10.8434
19|11|0|90|2.9|16.1|0|51.8|26.5|0.02|0.36|43.598|10.41
19|12|0|135|2.9|16.1|0|51.9|26.5|0.02|0.36|43.5984|10.41
19|13|0|180|1.6|16.1|0|51.9|26.5|0.02|0.36|43.5997|10.41
19|14|0|135|2.9|16.1|0|52.0|26.4|0.02|0.36|43.5995|10.8434
19|15|0|158|2.9|16.1|0|52.0|26.4|0.02|0.36|43.6006|10.8434
19|16|0|135|4.4|16.1|0|52.1|26.3|0.02|0.36|43.6003|10.8434
19|18|0|135|2.9|16.1|0|51.9|26.3|0.02|0.36|43.6002|10.41
19|19|0|180|1.5|16.1|0|51.9|26.1|0.02|0.36|43.5999|10.41
19|20|0|135|1.5|16.1|0|52.2|26.1|0.02|0.36|43.6004|10.8434
19|21|0|180|3.2|16.1|0|52.4|26.0|0.02|0.36|43.6018|10.8434
19|22|0|135|4.4|16.1|0|52.3|25.9|0.02|0.36|43.6021|9.91403
19|23|0|180|0.0|16.1|0|52.4|25.9|0.02|0.36|43.6036|9.91403
19|25|0|135|5.8|16.1|0|52.9|25.8|0.02|0.36|43.6044|9.91403
19|26|0|180|1.6|16.1|0|52.6|25.8|0.02|0.36|43.6067|9.91403
19|27|0|135|3.2|16.1|0|52.6|25.7|0.02|0.36|43.6077|9.91403
19|28|0|180|4.4|16.1|0|52.5|25.6|0.02|0.36|43.608|9.91403
19|29|0|180|2.9|16.1|0|52.4|25.6|0.02|0.36|43.6088|9.91403
19|30|0|180|1.5|16.1|0|52.4|25.5|0.02|0.36|43.6084|9.91403
19|31|0|180|1.5|16.1|0|52.5|25.4|0.01|0.36|43.6099|9.91403
19|32|0|135|3.2|16.1|0|52.6|25.4|0.01|0.36|43.6094|9.91403
19|33|0|135|1.5|16.1|0|52.7|25.2|0.01|0.36|43.6093|9.91403
19|34|0|135|1.5|16.1|0|52.9|25.2|0.01|0.36|43.6115|9.91403
19|35|0|180|1.5|16.1|0|53.1|25.2|0.01|0.36|43.6113|10.3381
19|36|0|135|2.9|16.1|0|53.2|25.1|0.01|0.36|43.6126|10.3381
19|39|0|180|1.5|16.1|0|53.5|25.1|0.01|0.36|43.6149|10.3381
19|40|0|135|1.5|16.1|0|53.7|25.0|0.01|0.36|43.6158|10.3381
19|41|0|135|4.4|16.1|0|53.9|25.0|0.01|0.36|43.6168|10.3381
19|42|0|135|2.9|16.1|0|53.1|24.9|0.01|0.36|43.6164|9.40663
19|43|0|180|1.5|16.1|0|52.8|24.9|0.01|0.36|43.6177|8.98447
19|44|0|180|1.5|16.1|0|52.8|24.9|0.01|0.36|43.6184|8.98447
19|45|0|180|1.6|16.1|0|52.9|24.9|0.01|0.36|43.62|8.98447
19|46|0|180|2.9|16.1|0|53.0|24.8|0.00|0.36|43.6164|9.40663
19|47|0|180|1.6|16.1|0|53.1|24.8|0.00|0.36|43.6196|9.40663
19|48|0|180|0.0|16.1|0|53.2|24.8|0.00|0.36|43.617|9.40663
19|49|0|180|1.5|16.1|0|53.4|24.8|0.00|0.36|43.6199|9.40663
19|50|0|180|1.5|16.1|0|53.4|24.8|0.00|0.36|43.619|9.40663
19|51|0|180|1.5|16.1|0|53.3|24.8|0.00|0.36|43.6177|9.40663
19|52|0|180|1.6|16.1|0|52.9|24.8|0.00|0.36|43.6175|8.98447
19|53|0|135|1.5|16.1|0|52.7|24.8|0.00|0.36|43.6188|8.98447
19|54|0|135|0.0|16.1|0|52.2|24.8|0.00|0.36|43.6203|8.98447
19|55|0|135|1.5|16.1|0|51.9|24.7|0.00|0.36|43.6199|8.55502
19|56|0|135|1.5|16.1|0|51.9|24.7|0.00|0.36|43.6198|8.55502
19|57|0|135|1.6|16.1|0|51.9|24.7|0.00|0.36|43.6209|8.55502
19|58|0|135|1.5|16.1|0|51.6|24.7|0.00|0.36|43.622|8.55502
20|00|0|135|0.0|16.1|0|51.6|24.6|0.00|0.36|43.6221|8.55502
20|01|0|135|1.5|16.1|0|51.5|24.6|0.00|0.36|43.6219|8.55502
20|02|0|135|2.9|16.1|0|50.8|24.5|0.00|0.36|43.6223|8.11801
20|03|0|180|2.9|16.1|0|50.1|24.3|0.00|0.36|43.6227|8.11801
20|04|0|135|1.5|16.1|0|49.6|24.3|0.00|0.36|43.6237|7.67314
20|05|0|135|1.6|16.1|0|49.5|24.3|0.00|0.36|43.6247|7.67314
20|06|0|135|0.0|16.1|0|49.6|24.3|0.00|0.36|43.6259|7.67314
20|07|0|135|0.0|16.1|0|49.8|24.3|0.00|0.36|43.6224|7.67314
20|08|0|45|1.5|16.1|0|49.9|24.3|0.00|0.36|43.6224|7.67314
20|09|0|90|1.5|16.1|0|49.9|24.2|0.00|0.36|43.6219|7.67314
20|10|0|90|1.5|16.1|0|50.0|24.2|0.00|0.36|43.6203|8.11801
20|11|0|90|0.0|16.1|0|49.9|24.1|0.00|0.36|43.6206|7.67314
20|12|0|90|1.6|16.1|0|49.9|24.1|0.00|0.36|43.619|7.67314
20|13|0|90|1.5|16.1|0|49.9|24.1|0.00|0.36|43.6213|7.67314
20|14|0|90|0.0|16.1|0|50.0|24.0|0.00|0.36|43.6222|8.11801
20|15|0|90|0.0|16.1|0|50.3|24.0|0.00|0.36|43.6231|8.11801
20|16|0|135|1.5|16.1|0|50.6|24.0|0.00|0.36|43.6251|8.11801
20|19|0|135|0.0|16.1|0|51.0|23.9|0.00|0.36|43.6244|7.62728
20|20|0|135|0.0|16.1|0|51.1|23.9|0.00|0.36|43.6264|7.62728
20|21|0|135|1.6|16.1|0|51.0|23.9|0.00|0.36|43.6258|7.62728
20|22|0|135|1.6|16.1|0|50.9|23.9|0.00|0.36|43.6289|7.19227
20|23|0|135|1.6|16.1|0|50.9|23.8|0.00|0.36|43.6285|7.19227
20|24|0|135|1.5|16.1|0|50.8|23.8|0.00|0.36|43.6293|7.19227
20|25|0|135|1.5|16.1|0|50.7|23.8|0.00|0.36|43.629|7.19227
20|26|0|135|1.6|16.1|0|50.9|23.8|0.00|0.36|43.6301|7.19227
20|27|0|135|1.5|16.1|0|51.0|23.7|0.00|0.36|43.6305|7.62728
20|28|0|135|2.9|16.1|0|51.1|23.7|0.00|0.36|43.6314|7.62728
20|29|0|90|1.6|16.1|0|51.3|23.7|0.00|0.36|43.6319|7.62728
20|30|0|90|1.5|16.1|0|51.6|23.6|0.00|0.36|43.6343|7.62728
20|32|0|135|1.6|16.1|0|52.0|23.6|0.00|0.36|43.6348|8.05476
20|33|0|135|4.4|16.1|0|52.3|23.5|0.00|0.36|43.6356|8.05476
20|34|0|135|1.6|16.1|0|52.6|23.5|0.00|0.36|43.6359|8.05476
20|35|0|135|1.5|16.1|0|52.8|23.5|0.00|0.36|43.6378|8.05476
20|36|0|135|2.9|16.1|0|52.9|23.3|0.00|0.36|43.6376|8.05476
20|38|0|135|2.9|16.1|0|53.1|23.5|0.00|0.36|43.6403|8.47498
20|39|0|135|1.5|16.1|0|53.3|23.5|0.00|0.36|43.6414|8.47498
20|40|0|135|3.2|16.1|0|53.4|23.3|0.00|0.36|43.6416|8.47498
20|41|0|135|1.5|16.1|0|53.6|23.3|0.00|0.36|43.6421|8.47498
20|42|0|135|3.2|16.1|0|53.7|23.3|0.00|0.36|43.6426|8.47498
20|43|0|180|1.6|16.1|0|53.6|23.3|0.00|0.36|43.6432|8.47498
20|44|0|135|1.5|16.1|0|53.6|23.3|0.00|0.36|43.6436|8.47498
20|45|0|135|4.8|16.1|0|53.3|23.3|0.00|0.36|43.6437|8.47498
20|47|0|180|1.5|16.1|0|52.8|23.3|0.00|0.36|43.6482|8.05476
20|48|0|135|3.2|16.1|0|52.9|23.3|0.00|0.36|43.6459|8.05476
20|49|0|135|1.5|16.1|0|52.9|23.3|0.00|0.36|43.6474|8.05476
20|50|0|135|4.4|16.1|0|52.9|23.3|0.00|0.36|43.6479|8.05476
20|51|0|180|4.4|16.1|0|52.7|23.2|0.00|0.36|43.6457|8.05476
20|52|0|135|2.9|16.1|0|52.6|23.2|0.00|0.36|43.6468|8.05476
20|53|0|158|1.5|16.1|0|52.7|23.2|0.00|0.36|43.6461|8.05476
20|54|0|90|2.9|16.1|0|52.9|23.3|0.00|0.36|43.6484|8.05476
20|55|0|135|3.2|16.1|0|53.0|23.3|0.00|0.36|43.6462|8.47498
20|56|0|135|1.5|16.1|0|53.1|23.2|0.00|0.36|43.6461|8.47498
20|58|0|113|3.2|16.1|0|53.2|23.2|0.00|0.36|43.6464|8.47498
20|59|0|135|2.9|16.1|0|53.4|23.2|0.00|0.36|43.6468|8.47498
21|00|0|90|1.5|16.1|0|53.6|23.2|0.00|0.36|43.6487|8.47498
21|02|0|90|1.5|16.1|0|54.2|23.2|0.00|0.36|43.6485|8.88819
21|03|0|90|1.5|16.1|0|54.4|23.2|0.00|0.36|43.6469|8.88819
21|04|0|68|2.9|16.1|0|54.5|23.2|0.00|0.36|43.6469|8.88819
21|05|0|90|2.9|16.1|0|54.7|23.1|0.00|0.36|43.6478|8.88819
21|06|0|90|3.2|16.1|0|54.8|23.1|0.00|0.36|43.6489|8.88819
21|07|0|90|1.6|16.1|0|55.1|23.0|0.01|0.37|43.6487|9.29465
21|08|0|90|1.5|16.1|0|55.2|23.0|0.01|0.37|43.6484|9.29465
21|09|0|135|3.2|16.1|0|55.4|23.0|0.01|0.37|43.6491|9.29465
21|10|0|135|1.5|16.1|0|55.5|22.9|0.01|0.37|43.6508|8.35905
21|11|0|90|1.5|16.1|0|55.7|22.9|0.01|0.37|43.6511|8.35905
21|12|0|90|1.6|16.1|0|55.9|22.9|0.01|0.37|43.6523|8.35905
21|13|0|90|1.5|16.1|0|56.1|22.8|0.01|0.37|43.6523|8.75713
21|14|0|135|1.6|16.1|0|56.2|22.8|0.01|0.37|43.6548|8.75713
21|15|0|90|1.5|16.1|0|56.2|22.8|0.01|0.37|43.6572|8.75713
21|17|0|135|2.9|16.1|0|56.2|22.8|0.01|0.37|43.6565|8.75713
21|18|0|135|0.0|16.1|0|56.1|22.8|0.01|0.37|43.6587|8.75713
21|19|0|135|1.5|16.1|0|56.1|22.8|0.01|0.37|43.6594|8.75713
21|20|0|135|3.2|16.1|0|56.1|22.8|0.01|0.37|43.6586|8.75713
21|21|0|135|1.5|16.1|0|56.2|22.8|0.01|0.37|43.6603|8.75713
21|22|0|135|1.5|16.1|0|56.3|22.8|0.01|0.37|43.6599|8.75713
21|23|0|135|0.0|16.1|0|56.3|22.8|0.01|0.37|43.6613|8.75713
21|24|0|135|2.9|16.1|0|56.3|22.8|0.01|0.37|43.6627|8.75713
21|25|0|135|1.6|16.1|0|56.3|22.8|0.02|0.39|43.665|8.75713
21|26|0|180|1.5|16.1|0|56.3|22.8|0.02|0.39|43.6647|8.75713
21|27|0|180|0.0|16.1|0|56.3|22.9|0.02|0.39|43.6669|8.75713
21|28|0|135|5.8|16.1|0|56.4|22.8|0.02|0.39|43.6666|8.75713
21|29|0|135|4.4|16.1|0|56.3|22.8|0.02|0.39|43.6678|8.75713
21|30|0|135|4.4|16.1|0|56.3|22.8|0.02|0.39|43.6683|8.75713
21|31|0|135|4.4|16.1|0|56.3|22.9|0.02|0.39|43.6685|8.75713
21|33|0|135|1.6|16.1|0|56.3|22.9|0.02|0.39|43.6676|8.75713
21|34|0|180|4.8|16.1|0|56.4|23.0|0.02|0.39|43.6662|9.69457
21|35|0|135|1.5|16.1|0|56.5|23.0|0.02|0.39|43.667|9.69457
21|37|0|180|6.4|16.1|0|56.6|23.0|0.02|0.39|43.6636|9.69457
21|38|0|203|5.8|16.1|0|56.7|23.0|0.02|0.39|43.665|9.69457
21|39|0|180|9.7|16.1|0|56.9|23.0|0.02|0.39|43.6651|9.69457
21|40|0|180|5.8|16.1|0|57.0|23.0|0.02|0.39|43.6665|10.0882
21|41|0|135|5.8|16.1|0|57.1|23.1|0.02|0.39|43.6646|10.0882
21|42|0|135|4.4|16.1|0|57.3|23.1|0.02|0.39|43.6663|10.0882
21|43|0|158|5.8|16.1|0|57.6|23.0|0.02|0.39|43.6652|10.0882
21|44|0|203|4.4|16.1|0|57.9|23.1|0.02|0.39|43.6705|10.0882
21|45|0|135|6.4|16.1|0|58.1|23.1|0.02|0.39|43.6661|10.4757
21|46|0|158|7.3|16.1|0|58.2|23.1|0.02|0.39|43.6645|10.4757
21|47|0|180|3.2|16.1|0|58.3|23.1|0.02|0.39|43.6653|10.4757
21|48|0|180|10.2|16.1|0|58.4|23.2|0.02|0.39|43.6629|10.4757
21|49|0|180|4.8|16.1|0|58.3|23.2|0.02|0.39|43.6646|10.4757
21|50|0|135|5.8|16.1|0|58.3|23.2|0.02|0.39|43.664|10.4757
21|51|0|135|5.8|16.1|0|58.1|23.2|0.02|0.39|43.6638|10.4757
21|52|0|135|5.8|16.1|0|57.9|23.2|0.02|0.39|43.6645|10.0882
21|53|0|135|8.7|16.1|0|57.7|23.2|0.02|0.39|43.6626|10.0882
21|54|0|135|4.4|16.1|0|57.5|23.2|0.02|0.39|43.6633|10.0882
21|55|0|180|7.3|16.1|0|57.5|23.2|0.02|0.39|43.6638|10.0882
21|58|0|135|5.8|16.1|0|57.3|23.2|0.02|0.39|43.6633|10.0882
22|00|0|135|11.6|16.1|0|57.3|23.2|0.02|0.39|43.6611|10.0882
22|01|0|135|7.3|16.1|0|57.3|23.2|0.02|0.39|43.6634|10.0882
22|03|0|135|1.5|16.1|0|57.4|23.2|0.03|0.40|43.6656|10.0882
22|04|0|135|4.4|16.1|0|57.4|23.2|0.03|0.40|43.6656|10.0882
22|05|0|158|7.3|16.1|0|57.4|23.2|0.03|0.40|43.6654|10.0882
22|06|0|135|4.4|16.1|0|57.4|23.2|0.02|0.40|43.6666|10.0882
22|07|0|180|2.9|16.1|0|57.4|23.2|0.02|0.40|43.6658|10.0882
22|08|0|135|4.4|16.1|0|57.5|23.2|0.02|0.40|43.6677|10.0882
22|09|0|158|6.4|16.1|0|57.5|23.2|0.02|0.40|43.6674|10.0882
22|10|0|135|4.4|16.1|0|57.7|23.1|0.02|0.40|43.6682|10.0882
22|11|0|158|2.9|16.1|0|57.7|23.1|0.02|0.40|43.6673|10.0882
22|13|0|135|5.8|16.1|0|58.2|23.1|0.02|0.40|43.6677|10.4757
22|15|0|180|8.7|16.1|0|58.4|23.1|0.02|0.40|43.6688|10.4757
22|17|0|180|1.5|16.1|0|58.7|23.1|0.02|0.40|43.6713|10.4757
22|18|0|90|1.5|16.1|0|58.8|23.2|0.02|0.40|43.672|10.4757
22|19|0|135|1.6|16.1|0|58.9|23.2|0.02|0.40|43.6726|10.4757
22|20|0|135|4.4|16.1|0|59.0|23.2|0.02|0.40|43.6714|10.8573
22|21|0|135|2.9|16.1|0|59.1|23.1|0.02|0.40|43.6713|10.8573
22|22|0|135|3.2|16.1|0|59.3|23.1|0.02|0.40|43.6716|10.8573
22|23|0|135|2.9|16.1|0|59.4|23.1|0.02|0.40|43.6733|10.8573
22|24|0|180|1.6|16.1|0|59.4|23.0|0.02|0.40|43.6717|10.8573
22|25|0|135|4.4|16.1|0|59.4|23.0|0.01|0.40|43.672|10.8573
22|26|0|135|7.3|16.1|0|59.4|23.0|0.01|0.40|43.6737|10.8573
22|27|0|135|2.9|16.1|0|59.4|23.0|0.01|0.40|43.6727|10.8573
22|28|0|135|5.8|16.1|0|59.5|23.0|0.01|0.40|43.6735|10.8573
22|29|0|113|1.5|16.1|0|59.5|23.0|0.01|0.40|43.6735|10.8573
22|30|0|135|8.1|16.1|0|59.3|23.0|0.01|0.40|43.6743|10.8573
22|31|0|135|5.8|16.1|0|59.1|23.0|0.01|0.40|43.6734|10.8573
22|32|0|135|2.9|16.1|0|58.9|23.0|0.01|0.40|43.674|10.4757
22|33|0|135|3.2|16.1|0|58.7|23.0|0.01|0.40|43.675|10.4757
22|34|0|135|8.7|16.1|0|58.5|23.0|0.01|0.40|43.6733|10.4757
22|36|0|135|4.8|16.1|0|58.1|23.0|0.01|0.40|43.6756|10.4757
22|37|0|135|13.1|16.1|0|57.9|23.0|0.01|0.40|43.6739|10.0882
22|38|0|158|6.4|16.1|0|57.5|22.9|0.01|0.40|43.6768|9.14893
22|39|0|135|4.8|16.1|0|57.3|22.9|0.01|0.40|43.6773|9.14893
22|40|0|113|11.6|16.1|0|57.0|22.9|0.01|0.40|43.6748|9.14893
22|41|0|135|8.0|16.1|0|56.4|22.9|0.01|0.40|43.6752|8.75713
22|42|0|180|8.7|16.1|0|56.2|22.9|0.01|0.40|43.6753|8.75713
22|43|0|135|4.8|16.1|0|55.8|23.0|0.01|0.40|43.6779|9.29465
22|44|0|135|4.4|16.1|0|55.7|23.0|0.01|0.40|43.6756|9.29465
22|45|0|135|3.2|16.1|0|55.3|23.0|0.01|0.40|43.6761|9.29465
22|46|0|158|4.4|16.1|0|55.0|23.0|0.01|0.40|43.6768|9.29465
22|47|0|135|5.8|16.1|0|54.8|23.0|0.01|0.40|43.6739|8.88819
22|48|0|135|7.3|16.1|0|54.3|23.0|0.01|0.40|43.6779|8.88819
22|49|0|135|5.8|16.1|0|54.1|23.1|0.02|0.41|43.6785|8.88819
22|51|0|90|1.5|16.1|0|54.3|23.1|0.02|0.41|43.6772|8.88819
22|52|0|135|1.6|16.1|0|54.4|23.1|0.02|0.41|43.6783|8.88819
22|53|0|90|4.4|16.1|0|54.4|23.1|0.03|0.42|43.6775|8.88819
22|54|0|135|3.2|16.1|0|54.4|23.0|0.03|0.42|43.6786|8.88819
22|55|0|90|2.9|16.1|0|54.4|23.0|0.03|0.42|43.6804|8.88819
22|56|0|90|2.9|16.1|0|54.5|23.0|0.03|0.42|43.6829|8.88819
22|58|0|90|3.2|16.1|0|54.7|23.0|0.03|0.42|43.6828|8.88819
22|59|0|45|2.9|16.1|0|55.0|22.9|0.03|0.42|43.6835|8.35905
23|00|0|90|3.2|16.1|0|55.3|22.8|0.03|0.42|43.6837|8.35905
23|01|0|90|5.8|16.1|0|55.6|22.7|0.03|0.42|43.681|8.35905
23|02|0|90|1.6|16.1|0|55.8|22.5|0.02|0.42|43.6807|8.35905
23|03|0|90|4.4|16.1|0|56.1|22.5|0.02|0.42|43.6845|8.75713
23|04|0|90|2.9|16.1|0|56.5|22.3|0.02|0.42|43.6813|8.75713
23|05|0|90|2.9|16.1|0|56.6|22.4|0.02|0.42|43.6828|8.75713
23|06|0|90|4.4|16.1|0|56.8|22.3|0.02|0.42|43.6842|8.75713
23|07|0|135|2.9|16.1|0|57.1|22.3|0.02|0.42|43.6849|9.14893
23|08|0|90|3.2|16.1|0|57.4|22.3|0.02|0.42|43.6866|9.14893
23|09|0|90|2.9|16.1|0|57.8|22.2|0.02|0.42|43.6859|9.14893
23|11|0|135|1.5|16.1|0|58.8|22.1|0.02|0.42|43.6882|9.53465
23|12|0|90|2.9|16.1|0|59.2|22.2|0.02|0.42|43.6894|9.91451
23|14|0|90|2.9|16.1|0|60.3|22.1|0.02|0.42|43.6886|10.2887
23|15|0|135|0.0|16.1|0|60.8|22.0|0.02|0.42|43.6875|10.2887
23|16|0|90|2.9|16.1|0|61.2|22.0|0.02|0.42|43.6888|10.6573
23|17|0|90|2.9|16.1|0|61.6|22.0|0.02|0.42|43.6886|10.6573
23|19|0|90|5.8|16.1|0|62.3|21.9|0.02|0.42|43.6847|10.0725
23|21|0|90|7.3|16.1|0|63.6|21.8|0.02|0.42|43.6869|10.429
23|22|0|90|5.8|16.1|0|64.0|21.8|0.02|0.42|43.686|10.7804
23|23|0|90|1.5|16.1|0|64.4|21.6|0.02|0.42|43.6858|10.7804
23|24|0|90|5.8|16.1|0|64.9|21.6|0.02|0.42|43.685|10.7804
23|25|0|90|6.5|16.1|0|65.6|21.6|0.02|0.42|43.6872|11.127
23|26|0|90|7.3|16.1|0|66.4|21.6|0.02|0.42|43.6849|11.4689
23|27|0|90|4.4|16.1|0|67.3|21.6|0.03|0.43|43.6863|11.8063
23|28|0|90|4.4|16.1|0|67.9|21.6|0.03|0.43|43.6862|11.8063
23|29|0|90|4.4|16.1|0|68.4|21.6|0.03|0.43|43.6858|12.1391
23|30|0|90|4.4|16.1|0|68.9|21.6|0.03|0.43|43.6868|12.1391
23|31|0|90|4.8|16.1|0|69.3|21.6|0.03|0.43|43.6873|12.4677
23|32|0|113|5.8|16.1|0|69.8|21.6|0.03|0.43|43.6869|12.4677
23|33|0|90|3.2|16.1|0|70.1|21.6|0.03|0.43|43.6865|12.792
23|34|0|113|4.4|16.1|0|70.4|21.6|0.04|0.44|43.6858|12.792
23|35|0|90|4.4|16.1|0|70.5|21.6|0.04|0.44|43.6872|12.792
23|36|0|90|4.8|16.1|0|70.6|21.6|0.04|0.44|43.6879|12.792
23|37|0|135|1.5|16.1|0|70.6|21.6|0.04|0.44|43.6881|12.792
23|38|0|90|3.2|16.1|0|70.5|21.6|0.04|0.44|43.6891|12.792
23|40|0|90|4.4|16.1|0|70.3|21.6|0.04|0.44|43.6859|12.792
23|41|0|90|3.2|16.1|0|70.4|21.8|0.04|0.44|43.6893|12.792
23|42|0|90|5.8|16.1|0|70.3|21.6|0.04|0.44|43.6884|12.792
23|43|0|90|4.4|16.1|0|70.2|21.6|0.04|0.44|43.6892|12.792
23|44|0|90|4.8|16.1|0|69.7|21.6|0.04|0.44|43.6879|12.4677
23|45|0|90|4.4|16.1|0|69.5|21.6|0.04|0.44|43.687|12.4677
23|46|0|90|8.1|16.1|0|69.3|21.6|0.04|0.44|43.6845|12.4677
23|47|0|90|8.7|16.1|0|68.9|21.6|0.04|0.44|43.685|12.1391
23|48|0|90|9.7|16.1|0|68.6|21.6|0.04|0.44|43.6849|12.1391
23|49|0|135|8.7|16.1|0|68.3|21.6|0.03|0.44|43.682|12.1391
23|50|0|113|2.9|16.1|0|68.1|21.8|0.03|0.44|43.6847|12.1391
23|51|0|135|6.5|16.1|0|67.9|21.8|0.03|0.44|43.6849|11.8063
23|52|0|90|5.8|16.1|0|67.6|21.8|0.02|0.44|43.6877|11.8063
23|54|0|180|2.9|16.1|0|67.1|21.8|0.02|0.44|43.6862|11.8063
23|55|0|90|4.4|16.1|0|66.8|21.8|0.02|0.44|43.6898|11.4689
23|57|0|90|1.6|16.1|0|66.3|21.8|0.03|0.45|43.6891|11.4689
23|59|0|135|4.8|16.1|0|65.7|21.8|0.03|0.45|43.6884|11.127
