00|01|0|180|1.5|27.4|0|34.4|49.2|0.00|0.02|43.5441|21.9111
00|02|0|90|1.6|27.4|0|34.6|49.2|0.00|0.02|43.5428|21.9111
00|03|0|90|1.5|27.4|0|34.7|49.1|0.01|0.03|43.5416|21.9111
00|04|0|90|0.0|27.4|0|34.8|49.0|0.01|0.03|43.5422|21.9111
00|06|0|90|0.0|27.4|0|34.8|48.9|0.01|0.03|43.542|21.0292
00|07|0|90|1.6|27.4|0|34.9|48.9|0.01|0.03|43.543|21.0292
00|08|0|90|1.5|27.4|0|35.0|48.8|0.01|0.03|43.5405|21.711
00|09|0|90|1.5|27.4|0|35.1|48.7|0.01|0.03|43.5399|21.711
00|10|0|90|1.5|27.4|0|35.2|48.7|0.01|0.03|43.5408|21.711
00|11|0|90|1.5|27.4|0|35.3|48.5|0.01|0.03|43.5432|21.711
00|12|0|90|2.9|27.4|0|35.4|48.5|0.01|0.03|43.5414|21.711
00|13|0|90|1.5|27.4|0|35.5|48.4|0.01|0.03|43.5438|21.711
00|14|0|90|1.6|27.4|0|35.7|48.4|0.01|0.03|43.5438|21.711
00|15|0|90|1.5|27.4|0|35.9|48.3|0.01|0.03|43.5428|21.711
00|16|0|90|1.5|27.4|0|36.0|48.2|0.01|0.03|43.5439|22.3756
00|17|0|90|1.6|27.4|0|36.2|48.2|0.01|0.03|43.5446|22.3756
00|18|0|90|1.5|27.4|0|36.3|48.2|0.01|0.03|43.544|22.3756
00|19|0|90|1.5|27.4|0|36.4|48.1|0.01|0.03|43.5416|22.3756
00|20|0|90|3.2|27.4|0|36.6|48.1|0.01|0.03|43.5417|22.3756
00|22|0|90|1.5|27.4|0|37.0|48.0|0.01|0.03|43.5411|23.0241
00|23|0|90|1.5|27.4|0|37.0|48.0|0.01|0.03|43.5416|23.0241
00|25|0|90|2.9|27.4|0|37.1|47.9|0.01|0.03|43.5437|22.1335
00|26|0|90|1.6|27.4|0|37.3|47.9|0.01|0.03|43.5434|22.1335
00|27|0|90|3.2|27.4|0|37.3|47.7|0.01|0.03|43.5415|22.1335
00|28|0|90|1.5|27.4|0|37.5|47.6|0.01|0.03|43.5405|22.1335
00|29|0|90|3.2|27.4|0|37.6|47.6|0.01|0.03|43.541|22.1335
00|30|0|90|2.9|27.4|0|37.7|47.5|0.01|0.03|43.5434|22.1335
00|31|0|90|1.6|27.4|0|37.9|47.5|0.01|0.03|43.5425|22.1335
00|32|0|90|1.5|27.4|0|37.9|47.5|0.01|0.03|43.5443|22.1335
00|33|0|90|0.0|27.4|0|37.8|47.4|0.01|0.03|43.5449|22.1335
00|34|0|225|2.9|27.4|0|37.9|47.4|0.01|0.03|43.5463|22.1335
00|35|0|225|1.5|27.4|0|38.1|47.4|0.01|0.03|43.5463|22.7639
00|36|0|225|0.0|27.4|0|38.0|47.3|0.01|0.03|43.5438|22.7639
00|37|0|225|0.0|27.4|0|37.9|47.3|0.01|0.03|43.5423|22.1335
00|38|0|225|1.5|27.4|0|38.2|47.3|0.01|0.03|43.5436|22.7639
00|39|0|90|3.2|27.4|0|38.3|47.2|0.01|0.03|43.5409|22.7639
00|40|0|90|1.5|27.4|0|38.3|47.1|0.01|0.03|43.5398|22.7639
00|41|0|90|1.5|27.4|0|38.4|47.0|0.01|0.03|43.5404|22.7639
00|43|0|90|1.6|27.4|0|38.4|47.0|0.01|0.03|43.54|22.7639
00|44|0|225|2.9|27.4|0|38.6|46.8|0.01|0.03|43.5416|21.8704
00|45|0|225|1.6|27.4|0|38.7|46.8|0.01|0.03|43.5414|21.8704
00|46|0|225|1.5|27.4|0|38.7|46.7|0.01|0.03|43.5409|21.8704
00|47|0|225|0.0|27.4|0|38.6|46.7|0.01|0.03|43.5421|21.8704
00|48|0|225|0.0|27.4|0|38.6|46.6|0.01|0.03|43.5399|21.8704
00|49|0|225|1.6|27.4|0|38.6|46.5|0.01|0.03|43.5382|21.8704
00|50|0|225|1.6|27.4|0|38.7|46.5|0.01|0.03|43.5384|21.8704
00|51|0|225|1.5|27.4|0|38.9|46.4|0.01|0.03|43.5372|21.8704
00|52|0|225|0.0|27.4|0|39.1|46.3|0.01|0.03|43.5368|22.4837
00|53|0|225|1.5|27.4|0|39.2|46.2|0.01|0.03|43.5373|22.4837
00|54|0|225|1.5|27.4|0|39.4|46.1|0.01|0.03|43.537|22.4837
00|55|0|225|1.6|27.4|0|39.5|46.0|0.01|0.03|43.5377|22.4837
00|56|0|225|1.5|27.4|0|39.6|45.8|0.01|0.03|43.5366|21.5873
00|57|0|180|1.5|27.4|0|39.9|45.8|0.01|0.03|43.5369|21.5873
00|58|0|135|0.0|27.4|0|40.0|45.7|0.01|0.03|43.539|22.1842
00|59|0|135|0.0|27.4|0|40.0|45.7|0.01|0.03|43.539|22.1842
01|01|0|90|0.0|27.4|0|40.1|45.7|0.01|0.03|43.5395|22.1842
01|02|0|90|0.0|27.4|0|40.2|45.6|0.01|0.03|43.5411|22.1842
01|03|0|90|0.0|27.4|0|40.1|45.6|0.00|0.03|43.5415|22.1842
01|04|0|90|0.0|27.4|0|40.2|45.6|0.00|0.03|43.539|22.1842
01|05|0|90|1.5|27.4|0|40.2|45.6|0.00|0.03|43.54|22.1842
01|06|0|90|0.0|27.4|0|40.3|45.6|0.00|0.03|43.5405|22.1842
01|07|0|90|1.5|27.4|0|40.4|45.6|0.00|0.03|43.542|22.1842
01|08|0|90|0.0|27.4|0|40.4|45.5|0.00|0.03|43.5415|22.1842
01|09|0|90|0.0|27.4|0|40.4|45.5|0.00|0.03|43.5423|22.1842
01|10|0|90|0.0|27.4|0|40.3|45.4|0.00|0.03|43.5416|22.1842
01|11|0|90|0.0|27.4|0|40.2|45.4|0.00|0.03|43.5421|22.1842
01|12|0|90|0.0|27.4|0|40.4|45.4|0.00|0.03|43.5422|22.1842
01|13|0|90|0.0|27.4|0|40.5|45.4|0.00|0.03|43.5418|22.1842
01|14|0|90|0.0|27.4|0|40.7|45.4|0.00|0.03|43.5434|22.1842
01|15|0|90|0.0|27.4|0|40.6|45.3|0.00|0.03|43.542|22.1842
01|16|0|90|1.5|27.4|0|40.6|45.3|0.00|0.03|43.5423|22.1842
01|18|0|90|0.0|27.4|0|40.7|45.3|0.00|0.03|43.5432|22.1842
01|19|0|90|1.5|27.4|0|40.8|45.3|0.00|0.03|43.5462|22.1842
01|20|0|90|0.0|27.4|0|40.8|45.2|0.00|0.03|43.5432|22.1842
01|21|0|90|1.5|27.4|0|40.9|45.0|0.00|0.03|43.5443|22.1842
01|22|0|90|0.0|27.4|0|40.9|45.0|0.00|0.03|43.5428|22.1842
01|23|0|90|0.0|27.4|0|41.1|44.9|0.00|0.03|43.5415|21.8664
01|24|0|90|1.5|27.4|0|41.3|44.9|0.00|0.03|43.5423|21.8664
01|25|0|90|1.5|27.4|0|41.5|44.8|0.00|0.03|43.5409|21.8664
01|27|0|90|1.5|27.4|0|41.7|44.7|0.00|0.03|43.5374|21.8664
01|28|0|90|1.6|27.4|0|41.8|44.7|0.00|0.03|43.537|21.8664
01|29|0|90|1.5|27.4|0|42.0|44.7|0.00|0.03|43.5386|22.4352
01|30|0|90|2.9|27.4|0|42.1|44.6|0.00|0.03|43.5355|22.4352
01|31|0|90|1.5|27.4|0|42.1|44.5|0.00|0.03|43.5362|22.4352
01|32|0|90|1.5|27.4|0|42.2|44.5|0.00|0.03|43.5386|22.4352
01|33|0|90|1.6|27.4|0|42.3|44.4|0.00|0.03|43.5379|22.4352
01|34|0|90|1.5|27.4|0|42.4|44.4|0.00|0.03|43.5374|22.4352
01|35|0|90|0.0|27.4|0|42.3|44.4|0.00|0.03|43.5389|22.4352
01|37|0|90|0.0|27.4|0|42.3|44.4|0.00|0.03|43.5402|22.4352
01|38|0|90|1.5|27.4|0|42.4|44.3|0.00|0.03|43.537|22.4352
01|39|0|135|0.0|27.4|0|42.6|44.3|0.00|0.03|43.5397|22.4352
01|40|0|180|1.5|27.4|0|42.6|44.3|0.00|0.03|43.5393|22.4352
01|41|0|90|2.9|27.4|0|42.7|44.2|0.00|0.03|43.5391|22.4352
01|42|0|135|3.2|27.4|0|42.9|44.2|0.00|0.03|43.5375|22.4352
01|43|0|135|0.0|27.4|0|43.0|44.0|0.00|0.03|43.5381|22.9922
01|44|0|90|1.5|27.4|0|43.1|44.0|0.00|0.03|43.5398|22.9922
01|45|0|90|1.6|27.4|0|43.1|44.0|0.00|0.03|43.5376|22.9922
01|46|0|90|2.9|27.4|0|43.1|44.0|0.00|0.03|43.5394|22.9922
01|47|0|90|1.5|27.4|0|43.2|44.0|0.00|0.03|43.5394|22.9922
01|49|0|90|1.5|27.4|0|43.2|44.0|0.00|0.03|43.541|22.9922
01|50|0|180|0.0|27.4|0|43.1|44.0|0.00|0.03|43.5426|22.9922
01|51|0|180|1.6|27.4|0|43.0|44.0|0.00|0.03|43.5437|22.9922
01|52|0|225|2.9|27.4|0|43.1|44.0|0.00|0.03|43.5462|22.9922
01|53|0|225|1.6|27.4|0|43.2|44.0|0.00|0.03|43.5472|22.9922
01|55|0|225|0.0|27.4|0|43.1|44.0|0.00|0.03|43.5464|22.9922
01|56|0|225|1.5|27.4|0|43.1|44.0|0.00|0.03|43.5458|22.9922
01|57|0|225|0.0|27.4|0|43.1|44.0|0.00|0.03|43.5483|22.9922
01|58|0|225|1.5|27.4|0|43.2|44.0|0.00|0.03|43.5472|22.9922
01|59|0|225|0.0|27.4|0|43.3|43.9|0.00|0.03|43.5476|22.0855
02|00|0|225|0.0|27.4|0|43.5|43.9|0.00|0.03|43.5513|22.0855
02|01|0|225|0.0|27.4|0|43.7|43.8|0.00|0.03|43.5497|22.0855
02|02|0|225|1.5|27.4|0|43.8|43.7|0.00|0.03|43.5497|22.0855
02|04|0|225|1.5|27.4|0|44.0|43.4|0.00|0.03|43.5501|22.6287
02|05|0|225|0.0|27.4|0|44.1|43.2|0.00|0.03|43.5476|22.6287
02|06|0|225|0.0|27.4|0|44.3|43.1|0.01|0.04|43.5454|22.6287
02|07|0|225|0.0|27.4|0|44.5|43.0|0.01|0.04|43.5423|22.6287
02|08|0|225|0.0|27.4|0|44.6|42.9|0.01|0.04|43.5402|21.7194
02|09|0|225|1.6|27.4|0|44.7|42.8|0.01|0.04|43.54|21.7194
02|10|0|45|2.9|27.4|0|45.0|42.7|0.01|0.04|43.5397|22.2495
02|11|0|45|3.2|27.4|0|46.6|42.7|0.01|0.04|43.5406|22.7692
02|16|0|45|2.9|27.4|0|46.4|42.3|0.01|0.04|43.5461|22.7692
02|17|0|45|1.5|27.4|0|46.3|42.3|0.01|0.04|43.5451|22.7692
02|18|0|45|4.4|27.4|0|46.2|42.3|0.01|0.04|43.5451|22.7692
02|19|0|45|4.4|27.4|0|46.3|42.3|0.01|0.04|43.5454|22.7692
02|20|0|45|2.9|27.4|0|46.7|42.3|0.01|0.04|43.5436|22.7692
02|21|0|45|2.9|27.4|0|48.0|42.5|0.01|0.04|43.5439|23.7793
02|22|0|45|1.5|27.4|0|49.0|42.5|0.01|0.04|43.542|24.2704
02|23|0|90|2.9|27.4|0|48.4|42.6|0.01|0.04|43.5425|23.7793
02|24|0|45|1.6|27.4|0|47.4|42.6|0.01|0.04|43.5427|23.279
02|25|0|90|2.9|27.4|0|46.7|42.6|0.01|0.04|43.5397|22.7692
02|26|0|90|3.2|27.4|0|46.4|42.6|0.01|0.04|43.5399|22.7692
02|27|0|90|2.9|27.4|0|46.2|42.6|0.01|0.04|43.5385|22.7692
02|28|0|90|2.9|27.4|0|46.1|42.7|0.01|0.04|43.5387|22.7692
02|29|0|90|4.8|27.4|0|46.0|42.8|0.01|0.04|43.5397|22.7692
02|30|0|90|5.8|27.4|0|45.9|42.8|0.01|0.04|43.5373|22.2495
02|31|0|90|3.2|27.4|0|45.7|42.9|0.01|0.04|43.5408|22.2495
02|32|0|135|2.9|27.4|0|45.6|43.0|0.01|0.04|43.5383|23.1611
02|33|0|90|2.9|27.4|0|45.4|43.1|0.01|0.04|43.5404|23.1611
02|34|0|90|1.5|27.4|0|45.3|43.2|0.01|0.04|43.5393|23.1611
02|35|0|90|1.6|27.4|0|45.2|43.2|0.01|0.04|43.5401|23.1611
02|37|0|90|2.9|27.4|0|45.1|43.4|0.01|0.04|43.5405|23.1611
02|38|0|45|1.6|27.4|0|45.1|43.4|0.01|0.04|43.5395|23.1611
02|39|0|45|1.5|27.4|0|45.2|43.4|0.01|0.04|43.5381|23.1611
02|40|0|45|1.5|27.4|0|45.2|43.4|0.01|0.04|43.5385|23.1611
02|41|0|45|2.9|27.4|0|45.3|43.4|0.01|0.04|43.5406|23.1611
02|42|0|90|1.6|27.4|0|45.7|43.4|0.01|0.04|43.5408|23.1611
02|43|0|90|1.5|27.4|0|45.8|43.4|0.01|0.04|43.5415|23.1611
02|45|0|135|4.4|27.4|0|45.2|43.4|0.01|0.04|43.5408|23.1611
02|47|0|90|1.5|27.4|0|45.1|43.2|0.01|0.04|43.5415|23.1611
02|48|0|90|3.2|27.4|0|45.1|43.2|0.01|0.04|43.5414|23.1611
02|49|0|113|2.9|27.4|0|45.1|43.4|0.01|0.04|43.5402|23.1611
02|50|0|90|1.5|27.4|0|45.1|43.4|0.01|0.04|43.5413|23.1611
02|51|0|90|1.5|27.4|0|45.1|43.4|0.01|0.04|43.5421|23.1611
02|52|0|90|0.0|27.4|0|45.0|43.4|0.01|0.04|43.5426|23.1611
02|53|0|180|2.9|27.4|0|44.9|43.4|0.01|0.04|43.5422|22.6287
02|54|0|203|1.5|27.4|0|45.0|43.2|0.01|0.04|43.541|23.1611
02|55|0|225|1.5|27.4|0|45.1|43.4|0.01|0.04|43.544|23.1611
02|56|0|225|1.5|27.4|0|45.1|43.4|0.01|0.04|43.5447|23.1611
02|58|0|225|0.0|27.4|0|45.0|43.2|0.01|0.04|43.5421|23.1611
02|59|0|225|0.0|27.4|0|44.9|43.2|0.01|0.04|43.5408|22.6287
03|01|0|225|0.0|27.4|0|45.0|43.1|0.01|0.04|43.5385|23.1611
03|02|0|225|0.0|27.4|0|45.0|43.1|0.01|0.04|43.5373|23.1611
03|03|0|225|0.0|27.4|0|45.1|43.0|0.01|0.04|43.536|23.1611
03|04|0|225|0.0|27.4|0|45.2|43.0|0.01|0.04|43.5384|23.1611
03|05|0|225|1.5|27.4|0|45.2|43.0|0.00|0.04|43.5359|23.1611
03|06|0|225|0.0|27.4|0|45.3|42.9|0.00|0.04|43.5349|22.2495
03|07|0|225|0.0|27.4|0|45.5|42.8|0.00|0.04|43.5349|22.2495
03|08|0|315|1.5|27.4|0|45.7|42.8|0.00|0.04|43.5352|22.2495
03|10|0|315|1.5|27.4|0|46.6|42.2|0.00|0.04|43.5385|22.7692
03|12|0|315|1.5|27.4|0|48.1|41.6|0.00|0.04|43.5417|22.8608
03|13|0|315|1.5|27.4|0|49.6|41.2|0.00|0.04|43.542|23.3498
03|16|0|315|0.0|27.4|0|51.8|40.7|0.00|0.04|43.542|23.3767
03|17|0|315|0.0|27.4|0|52.1|40.5|0.00|0.04|43.5402|23.8383
03|18|0|315|0.0|27.4|0|52.5|40.3|0.00|0.04|43.5379|23.8383
03|19|0|315|0.0|27.4|0|53.1|40.2|0.00|0.04|43.5361|24.2921
03|20|0|315|1.5|27.4|0|53.6|40.1|0.00|0.04|43.5358|24.2921
03|21|0|315|1.6|27.4|0|54.0|40.0|0.00|0.04|43.5334|24.7383
03|22|0|315|3.2|27.4|0|54.4|40.0|0.00|0.04|43.5366|24.7383
03|23|0|315|2.9|27.4|0|54.6|39.8|0.00|0.04|43.5365|23.8072
03|24|0|315|1.5|27.4|0|55.2|39.7|0.00|0.04|43.5361|24.2442
03|25|0|315|0.0|27.4|0|55.4|39.5|0.00|0.04|43.5349|24.2442
03|26|0|315|1.5|27.4|0|55.4|39.4|0.00|0.04|43.5347|24.2442
03|27|0|315|1.5|27.4|0|55.8|39.3|0.00|0.04|43.5345|24.2442
03|28|0|315|1.5|27.4|0|56.2|39.3|0.00|0.04|43.5342|24.6743
03|29|0|315|1.5|27.4|0|56.4|39.2|0.00|0.04|43.5342|24.6743
03|30|0|315|1.6|27.4|0|56.4|39.2|0.00|0.04|43.5352|24.6743
03|31|0|315|0.0|27.4|0|56.5|39.2|0.00|0.04|43.535|24.6743
03|32|0|315|1.6|27.4|0|56.7|39.2|0.00|0.04|43.5353|24.6743
03|33|0|315|0.0|27.4|0|56.7|39.2|0.00|0.04|43.5353|24.6743
03|35|0|315|1.6|27.4|0|56.6|39.2|0.00|0.04|43.5367|24.6743
03|36|0|315|0.0|27.4|0|56.4|39.2|0.00|0.04|43.5382|24.6743
03|37|0|315|1.5|27.4|0|56.3|39.2|0.00|0.04|43.5376|24.6743
03|38|0|270|1.6|27.4|0|56.2|39.2|0.00|0.04|43.5349|24.6743
03|39|0|270|0.0|27.4|0|55.9|39.3|0.00|0.04|43.536|24.2442
03|40|0|270|2.9|27.4|0|55.8|39.2|0.00|0.04|43.534|24.2442
03|42|0|270|0.0|27.4|0|55.8|39.2|0.00|0.04|43.5345|24.2442
03|43|0|270|1.6|27.4|0|55.6|39.2|0.00|0.04|43.535|24.2442
03|44|0|270|0.0|27.4|0|55.8|39.2|0.00|0.04|43.5336|24.2442
03|45|0|270|1.5|27.4|0|55.9|39.2|0.00|0.04|43.534|24.2442
03|46|0|270|1.5|27.4|0|55.9|39.1|0.00|0.04|43.5362|24.2442
03|47|0|270|1.5|27.4|0|56.2|38.9|0.00|0.04|43.5349|23.7391
03|48|0|270|1.6|27.4|0|56.4|38.7|0.00|0.04|43.5357|23.7391
03|49|0|270|0.0|27.4|0|56.8|38.6|0.00|0.04|43.5359|23.7391
03|50|0|270|1.5|27.4|0|57.1|38.5|0.00|0.04|43.5352|24.1605
03|51|0|270|1.5|27.4|0|57.3|38.4|0.00|0.04|43.5344|24.1605
03|52|0|270|0.0|27.4|0|57.4|38.3|0.00|0.04|43.5327|24.1605
03|56|0|270|1.5|27.4|0|57.2|38.1|0.00|0.04|43.5331|24.1605
03|57|0|270|0.0|27.4|0|57.0|38.1|0.00|0.04|43.5327|24.1605
03|58|0|270|1.5|27.4|0|56.8|38.1|0.00|0.04|43.5342|23.7391
04|01|0|270|1.5|27.4|0|56.6|38.1|0.00|0.04|43.5354|23.7391
04|02|0|270|1.6|27.4|0|56.3|38.1|0.00|0.04|43.5353|23.7391
04|03|0|270|0.0|27.4|0|55.9|38.1|0.00|0.04|43.5347|23.311
04|04|0|270|1.5|27.4|0|55.5|38.1|0.00|0.04|43.5338|23.311
04|05|0|270|0.0|27.4|0|55.2|38.1|0.00|0.04|43.5324|23.311
04|06|0|270|1.5|27.4|0|55.0|38.2|0.00|0.04|43.5335|23.311
04|08|0|270|0.0|27.4|0|54.6|38.2|0.00|0.04|43.5304|22.8759
04|09|0|270|0.0|27.4|0|54.4|38.2|0.00|0.04|43.5282|22.8759
04|11|0|270|0.0|27.4|0|54.1|38.2|0.00|0.04|43.5273|22.8759
04|12|0|270|0.0|27.4|0|54.0|38.2|0.00|0.04|43.5275|22.8759
04|13|0|270|0.0|27.4|0|54.1|38.2|0.00|0.04|43.529|22.8759
04|14|0|270|0.0|27.4|0|54.1|38.2|0.00|0.04|43.5298|22.8759
04|15|0|270|1.5|27.4|0|54.2|38.2|0.00|0.04|43.5322|22.8759
04|17|0|270|1.5|27.4|0|54.2|38.2|0.00|0.04|43.5314|22.8759
04|18|0|270|1.6|27.4|0|54.2|38.2|0.00|0.04|43.5311|22.8759
04|19|0|270|0.0|27.4|0|54.3|38.1|0.00|0.04|43.5296|22.8759
04|21|0|270|0.0|27.4|0|54.1|38.1|0.01|0.05|43.5295|22.8759
04|22|0|270|1.5|27.4|0|54.2|38.1|0.01|0.05|43.5292|22.8759
04|23|0|270|0.0|27.4|0|54.3|38.0|0.01|0.05|43.5312|22.8759
04|24|0|270|0.0|27.4|0|54.3|38.0|0.01|0.05|43.5282|22.8759
04|25|0|270|0.0|27.4|0|54.8|38.0|0.01|0.05|43.5308|22.8759
04|26|0|270|0.0|27.4|0|54.9|37.8|0.01|0.05|43.5302|21.9444
04|28|0|270|1.5|27.4|0|55.2|37.7|0.01|0.05|43.5296|22.3776
04|29|0|270|1.6|27.4|0|55.4|37.6|0.01|0.05|43.5264|22.3776
04|30|0|270|1.6|27.4|0|55.5|37.6|0.01|0.05|43.5258|22.3776
04|31|0|68|1.5|27.4|0|55.6|37.6|0.01|0.05|43.5264|22.3776
04|32|0|90|3.2|27.4|0|55.6|37.6|0.01|0.05|43.5256|22.3776
04|33|0|90|2.9|27.4|0|56.0|37.5|0.01|0.05|43.5231|22.8038
04|34|0|90|1.5|27.4|0|56.1|37.5|0.01|0.05|43.5268|22.8038
04|35|0|90|0.0|27.4|0|56.1|37.4|0.01|0.05|43.5251|22.8038
04|36|0|225|1.5|27.4|0|55.9|37.5|0.01|0.05|43.5275|22.3776
04|38|0|225|2.9|27.4|0|55.7|37.5|0.01|0.05|43.5319|22.3776
04|39|0|225|2.9|27.4|0|55.8|37.5|0.01|0.05|43.5312|22.3776
04|40|0|225|1.6|27.4|0|55.8|37.5|0.01|0.05|43.5298|22.3776
04|41|0|225|1.5|27.4|0|55.8|37.4|0.01|0.05|43.529|22.3776
04|42|0|225|1.5|27.4|0|55.8|37.4|0.01|0.05|43.5285|22.3776
04|43|0|225|0.0|27.4|0|55.7|37.4|0.01|0.05|43.5272|22.3776
04|44|0|225|0.0|27.4|0|55.6|37.4|0.01|0.05|43.5268|22.3776
04|45|0|225|0.0|27.4|0|55.9|37.3|0.01|0.05|43.5268|22.3776
04|46|0|225|0.0|27.4|0|56.0|37.3|0.01|0.05|43.5271|22.8038
04|47|0|225|0.0|27.4|0|56.2|37.3|0.01|0.05|43.5273|22.8038
04|48|0|225|0.0|27.4|0|56.4|37.3|0.01|0.05|43.528|22.8038
04|50|0|225|0.0|27.4|0|56.4|37.2|0.01|0.05|43.5265|22.8038
04|51|0|225|0.0|27.4|0|56.3|37.2|0.01|0.05|43.5258|22.8038
04|52|0|225|0.0|27.4|0|56.1|37.2|0.01|0.05|43.5249|22.8038
04|53|0|225|0.0|27.4|0|56.2|37.2|0.01|0.05|43.5246|22.8038
04|54|0|225|0.0|27.4|0|56.3|37.1|0.01|0.05|43.524|22.8038
04|56|0|225|0.0|27.4|0|56.6|37.0|0.01|0.05|43.5224|22.8038
04|58|0|225|0.0|27.4|0|57.0|37.0|0.01|0.05|43.5226|23.2233
04|59|0|225|0.0|27.4|0|57.4|36.8|0.01|0.05|43.5203|22.286
05|00|0|225|1.5|27.4|0|57.7|36.8|0.01|0.05|43.5218|22.286
05|01|0|225|1.5|27.4|0|57.7|36.7|0.01|0.05|43.5215|22.286
05|02|0|225|0.0|27.4|0|57.4|36.7|0.01|0.05|43.5219|22.286
05|03|0|225|2.9|27.4|0|57.3|36.7|0.01|0.05|43.523|22.286
05|04|0|225|1.6|27.4|0|57.4|36.6|0.01|0.05|43.5206|22.286
05|05|0|225|1.5|27.4|0|57.3|36.6|0.01|0.05|43.5225|22.286
05|06|0|225|1.5|27.4|0|57.1|36.6|0.01|0.05|43.5223|22.286
05|07|0|225|0.0|27.4|0|57.3|36.5|0.01|0.05|43.5209|22.286
05|08|0|225|1.5|27.4|0|58.0|36.5|0.01|0.05|43.5209|22.6972
05|09|0|90|1.6|27.4|0|58.8|36.5|0.01|0.05|43.519|22.6972
05|10|0|90|1.5|27.4|0|59.1|36.5|0.01|0.05|43.5202|23.1022
05|11|0|90|1.5|27.4|0|59.0|36.5|0.01|0.05|43.5214|23.1022
05|12|0|135|1.5|27.4|0|58.7|36.5|0.01|0.05|43.5199|22.6972
05|13|0|135|1.6|27.4|0|58.5|36.4|0.01|0.05|43.5199|22.6972
05|14|0|135|1.5|27.4|0|58.4|36.4|0.01|0.05|43.5191|22.6972
05|15|0|90|1.6|27.4|0|58.6|36.4|0.01|0.05|43.517|22.6972
05|16|0|90|1.5|27.4|0|58.8|36.4|0.01|0.05|43.5158|22.6972
05|18|0|90|1.5|27.4|0|59.1|36.3|0.01|0.05|43.5132|23.1022
05|19|0|90|1.5|27.4|0|59.5|36.3|0.01|0.05|43.5151|23.1022
05|20|0|90|0.0|27.4|0|59.7|36.2|0.01|0.05|43.5137|23.1022
05|21|0|90|0.0|27.4|0|59.8|36.2|0.00|0.05|43.5168|23.1022
05|22|0|90|0.0|27.4|0|60.0|36.0|0.00|0.05|43.5146|23.5011
05|23|0|90|1.5|27.4|0|60.2|36.0|0.00|0.05|43.5166|23.5011
05|24|0|90|0.0|27.4|0|60.5|36.0|0.00|0.05|43.5154|23.5011
05|25|0|90|0.0|27.4|0|60.5|36.0|0.00|0.05|43.5149|23.5011
05|26|0|90|1.5|27.4|0|60.6|36.0|0.00|0.05|43.5163|23.5011
05|27|0|203|3.2|27.4|0|60.8|35.9|0.00|0.05|43.5167|22.5582
05|29|0|180|1.5|27.4|0|61.6|35.9|0.00|0.05|43.5192|22.9495
05|30|0|180|1.5|27.4|0|61.6|35.9|0.00|0.05|43.5175|22.9495
05|32|0|180|1.5|27.4|0|61.4|36.0|0.00|0.05|43.5151|23.8942
05|33|0|180|1.6|27.4|0|61.2|36.2|0.00|0.05|43.5172|23.8942
05|35|0|180|1.5|27.4|0|60.8|36.2|0.00|0.05|43.5151|23.5011
05|36|0|180|0.0|27.4|0|60.8|36.2|0.00|0.05|43.5158|23.5011
05|38|0|180|0.0|27.4|0|60.6|36.3|0.00|0.05|43.5188|23.5011
05|39|0|180|1.5|27.4|0|60.7|36.3|0.00|0.05|43.5152|23.5011
05|40|0|135|1.5|27.4|0|60.8|36.3|0.00|0.05|43.5148|23.5011
05|41|0|135|0.0|27.4|0|60.7|36.3|0.01|0.07|43.5149|23.5011
05|42|0|90|1.5|27.4|0|60.4|36.3|0.01|0.07|43.513|23.5011
05|44|0|135|2.9|27.4|0|59.4|36.4|0.01|0.07|43.5139|23.1022
05|45|0|135|1.6|27.4|0|59.1|36.4|0.01|0.07|43.5138|23.1022
05|46|0|135|1.5|27.4|0|58.8|36.6|0.01|0.07|43.5169|22.6972
05|47|0|135|3.2|27.4|0|58.6|36.6|0.01|0.07|43.5159|22.6972
05|48|0|135|1.5|27.4|0|58.4|36.7|0.01|0.07|43.5177|22.6972
05|49|0|135|2.9|27.4|0|58.1|36.8|0.01|0.07|43.5187|22.6972
05|50|0|135|1.6|27.4|0|57.8|37.1|0.01|0.07|43.5207|23.2233
05|51|0|135|1.5|27.4|0|57.4|37.2|0.01|0.07|43.5223|23.2233
05|52|0|135|0.0|27.4|0|57.1|37.3|0.01|0.07|43.5236|23.2233
05|53|0|90|1.5|27.4|0|56.6|37.4|0.01|0.07|43.5247|22.8038
05|54|0|135|0.0|27.4|0|56.3|37.5|0.01|0.07|43.5245|22.8038
05|55|0|90|1.5|27.4|0|55.8|37.6|0.01|0.07|43.5214|22.3776
05|56|0|135|1.5|27.4|0|55.4|37.7|0.01|0.07|43.5208|22.3776
05|57|0|135|1.6|27.4|0|54.9|37.8|0.01|0.07|43.5193|21.9444
05|58|0|135|1.5|27.4|0|54.6|38.0|0.01|0.07|43.5169|22.8759
06|00|0|113|1.5|27.4|0|54.3|38.1|0.01|0.07|43.5168|22.8759
06|01|0|90|1.5|27.4|0|54.0|38.2|0.01|0.07|43.5162|22.8759
06|02|0|135|1.5|27.4|0|53.8|38.3|0.01|0.07|43.5149|22.4336
06|04|0|90|4.4|27.4|0|53.2|38.6|0.01|0.07|43.51|22.4336
06|06|0|113|3.2|27.4|0|52.5|39.0|0.01|0.07|43.508|22.9111
06|07|0|90|2.9|27.4|0|52.1|39.1|0.01|0.07|43.5094|22.9111
06|08|0|90|1.6|27.4|0|51.8|39.3|0.01|0.07|43.5091|22.4516
06|09|0|135|1.5|27.4|0|51.5|39.5|0.01|0.07|43.5095|22.4516
06|10|0|90|2.9|27.4|0|51.0|39.8|0.01|0.07|43.508|22.4516
06|11|0|90|4.8|27.4|0|50.5|40.0|0.02|0.08|43.5096|22.907
06|12|0|135|4.4|27.4|0|49.9|40.1|0.02|0.08|43.511|22.429
06|13|0|113|5.8|27.4|0|49.1|40.4|0.02|0.08|43.5099|22.429
06|14|0|90|2.9|27.4|0|48.6|40.7|0.02|0.08|43.51|21.9422
06|16|0|135|4.8|27.4|0|48.0|41.1|0.02|0.08|43.5075|22.8608
06|17|0|113|4.4|27.4|0|47.6|41.2|0.02|0.08|43.5064|22.3627
06|19|0|113|1.6|27.4|0|47.4|41.5|0.02|0.08|43.5071|22.3627
06|21|0|45|2.9|27.4|0|46.8|41.8|0.02|0.08|43.5061|21.8552
06|22|0|135|4.8|27.4|0|46.2|42.0|0.02|0.08|43.5038|22.7692
06|23|0|68|5.8|27.4|0|45.8|42.2|0.02|0.08|43.5036|22.2495
06|24|0|90|2.9|27.4|0|45.4|42.3|0.02|0.08|43.5039|22.2495
06|25|0|135|1.6|27.4|0|45.3|42.6|0.02|0.08|43.506|22.2495
06|26|0|113|1.5|27.4|0|45.1|42.7|0.02|0.08|43.5065|22.2495
06|27|0|135|3.2|27.4|0|44.9|42.9|0.02|0.08|43.5069|21.7194
06|28|0|135|4.4|27.4|0|44.7|43.0|0.02|0.08|43.509|22.6287
06|29|0|90|5.8|27.4|0|44.5|43.1|0.02|0.08|43.5082|22.6287
06|30|0|135|5.8|27.4|0|44.3|43.1|0.02|0.08|43.5066|22.6287
06|31|0|90|2.9|27.4|0|44.3|43.2|0.02|0.08|43.5075|22.6287
06|32|0|135|1.6|27.4|0|44.3|43.4|0.02|0.08|43.5056|22.6287
06|33|0|113|2.9|27.4|0|44.3|43.4|0.02|0.08|43.5066|22.6287
06|34|0|135|2.9|27.4|0|44.1|43.5|0.02|0.08|43.5072|22.6287
06|35|0|135|2.9|27.4|0|44.1|43.5|0.02|0.08|43.5051|22.6287
06|36|0|113|2.9|27.4|0|44.0|43.5|0.02|0.08|43.5071|22.6287
06|37|0|135|4.8|27.4|0|44.0|43.5|0.02|0.08|43.5049|22.6287
06|38|0|90|1.5|27.4|0|44.0|43.5|0.02|0.08|43.5087|22.6287
06|40|0|90|3.2|27.4|0|43.9|43.5|0.02|0.08|43.5063|22.0855
06|41|0|90|2.9|27.4|0|43.8|43.5|0.01|0.08|43.5054|22.0855
06|43|0|113|4.8|27.4|0|43.9|43.5|0.01|0.08|43.5044|22.0855
06|44|0|135|1.5|27.4|0|43.8|43.5|0.01|0.08|43.5063|22.0855
06|45|0|90|1.6|27.4|0|44.0|43.6|0.01|0.08|43.5069|22.6287
06|46|0|135|2.9|27.4|0|43.9|43.5|0.01|0.08|43.5041|22.0855
06|47|0|90|1.6|27.4|0|44.0|43.6|0.01|0.08|43.5054|22.6287
06|48|0|135|1.5|27.4|0|44.0|43.6|0.01|0.08|43.5038|22.6287
06|49|0|90|2.9|27.4|0|44.0|43.6|0.01|0.08|43.5048|22.6287
06|50|0|135|2.9|27.4|0|44.0|43.6|0.01|0.08|43.5045|22.6287
06|51|0|180|3.2|27.4|0|44.1|43.6|0.01|0.08|43.5063|22.6287
06|52|0|90|4.4|27.4|0|44.2|43.6|0.01|0.08|43.5047|22.6287
06|53|0|90|2.9|27.4|0|44.3|43.6|0.01|0.08|43.5043|22.6287
06|54|0|90|3.2|27.4|0|44.3|43.6|0.01|0.08|43.506|22.6287
06|55|0|135|1.5|27.4|0|44.3|43.6|0.01|0.08|43.5064|22.6287
06|56|0|90|3.2|27.4|0|44.3|43.7|0.01|0.08|43.5072|22.6287
06|57|0|90|2.9|27.4|0|44.3|43.7|0.01|0.08|43.5081|22.6287
06|58|0|135|2.9|27.4|0|44.2|43.6|0.01|0.08|43.5073|22.6287
07|00|0|135|3.2|27.4|0|44.1|43.6|0.01|0.08|43.5054|22.6287
07|01|0|135|2.9|27.4|0|44.2|43.6|0.01|0.08|43.5061|22.6287
07|03|0|135|2.9|27.4|0|44.1|43.6|0.01|0.08|43.508|22.6287
07|04|0|90|1.6|27.4|0|44.2|43.6|0.01|0.08|43.5081|22.6287
07|05|0|90|2.9|27.4|0|44.2|43.6|0.01|0.08|43.5073|22.6287
07|06|0|135|4.8|27.4|0|44.2|43.6|0.01|0.08|43.5068|22.6287
07|07|0|135|3.2|27.4|0|44.3|43.6|0.01|0.08|43.5078|22.6287
07|08|0|135|1.5|27.4|0|44.4|43.6|0.01|0.08|43.5082|22.6287
07|10|0|90|1.5|27.4|0|44.4|43.6|0.00|0.08|43.5074|22.6287
07|11|0|90|4.8|27.4|0|44.3|43.6|0.00|0.08|43.5074|22.6287
07|12|0|135|2.9|27.4|0|44.3|43.6|0.00|0.08|43.5052|22.6287
07|13|0|90|2.9|27.4|0|44.3|43.6|0.00|0.08|43.5072|22.6287
07|14|0|135|1.6|27.4|0|44.4|43.7|0.00|0.08|43.5074|22.6287
07|15|0|135|4.8|4.8|135|44.4|43.7|0.00|0.00|43.5056|22.6287
07|16|0|90|2.9|4.8|135|44.4|43.7|0.00|0.00|43.5068|22.6287
07|17|0|90|3.2|6.4|90|44.4|43.7|0.00|0.00|43.5078|22.6287
07|19|0|90|1.5|6.4|90|44.4|43.7|0.00|0.00|43.5057|22.6287
07|20|0|135|2.9|6.4|90|44.5|43.7|0.00|0.00|43.5076|22.6287
07|21|0|135|1.6|6.4|90|44.5|43.7|0.00|0.00|43.5069|22.6287
07|22|0|90|2.9|6.4|90|44.5|43.7|0.01|0.01|43.5072|22.6287
07|24|0|90|2.9|6.4|90|44.5|43.7|0.01|0.01|43.5078|22.6287
07|25|0|90|1.5|6.4|90|44.5|43.7|0.01|0.01|43.5067|22.6287
07|26|0|68|1.6|6.4|90|44.5|43.6|0.01|0.01|43.5055|22.6287
07|27|0|68|4.8|6.4|90|44.6|43.6|0.01|0.01|43.5068|22.6287
07|28|0|90|2.9|6.4|90|44.7|43.5|0.01|0.01|43.5089|22.6287
07|29|0|90|1.6|6.4|90|44.8|43.5|0.01|0.01|43.5078|22.6287
07|30|0|90|1.5|6.4|90|44.8|43.5|0.01|0.01|43.5106|22.6287
07|31|0|90|1.6|6.4|90|44.9|43.5|0.01|0.01|43.509|22.6287
07|32|0|135|1.5|6.4|90|44.9|43.4|0.01|0.01|43.5105|22.6287
07|33|0|90|0.0|6.4|90|44.9|43.4|0.01|0.01|43.5107|22.6287
07|35|0|90|1.6|6.4|90|44.9|43.5|0.01|0.01|43.5122|22.6287
07|36|0|90|1.5|6.4|90|44.9|43.4|0.01|0.01|43.5116|22.6287
07|37|0|90|2.9|6.4|90|45.0|43.4|0.01|0.01|43.5114|23.1611
07|38|0|68|3.2|6.4|90|45.0|43.4|0.01|0.01|43.5128|23.1611
07|39|0|90|2.9|6.4|90|45.0|43.2|0.01|0.01|43.5104|23.1611
07|40|0|90|2.9|6.4|90|45.1|43.2|0.01|0.01|43.5107|23.1611
07|41|0|90|2.9|6.4|90|45.1|43.2|0.01|0.01|43.5107|23.1611
07|42|0|90|1.5|6.4|90|45.1|43.2|0.01|0.01|43.5105|23.1611
07|43|0|90|3.2|6.4|90|45.1|43.1|0.01|0.01|43.5094|23.1611
07|44|0|90|2.9|6.4|90|45.1|43.2|0.01|0.01|43.5096|23.1611
07|45|0|135|2.9|8.1|113|45.1|43.2|0.01|0.01|43.5094|23.1611
07|46|0|135|3.2|8.1|113|44.9|43.4|0.01|0.01|43.5075|22.6287
07|47|0|90|4.4|8.1|113|44.9|43.4|0.01|0.01|43.5047|22.6287
07|48|0|135|8.1|8.7|135|44.7|43.5|0.01|0.01|43.5056|22.6287
07|49|0|90|2.9|8.7|135|44.5|43.7|0.01|0.01|43.5067|22.6287
07|50|0|135|8.7|8.7|135|44.4|43.8|0.01|0.01|43.5051|22.6287
07|51|0|45|4.4|11.6|45|44.1|43.9|0.01|0.01|43.5085|22.6287
07|52|0|90|4.4|11.6|45|43.8|44.0|0.01|0.01|43.5065|22.9922
07|53|0|135|8.0|11.6|45|43.6|44.2|0.01|0.01|43.5085|22.9922
07|56|0|135|4.4|11.6|45|43.4|44.2|0.01|0.01|43.5058|22.9922
07|57|0|90|10.2|11.6|45|43.4|44.3|0.01|0.01|43.5056|22.9922
07|59|0|180|4.4|11.6|45|43.4|44.3|0.01|0.01|43.5069|22.9922
08|00|0|90|8.7|11.6|45|43.5|44.3|0.01|0.01|43.5043|22.9922
08|01|0|90|4.8|11.6|45|43.3|44.3|0.01|0.01|43.5063|22.9922
08|02|0|90|5.8|11.6|45|43.3|44.3|0.01|0.01|43.5064|22.9922
08|03|0|90|2.9|13.1|113|43.3|44.2|0.01|0.01|43.5047|22.9922
08|04|0|90|4.4|13.1|113|43.3|44.2|0.01|0.01|43.5038|22.9922
08|06|0|135|3.2|13.1|113|43.4|44.0|0.01|0.01|43.5036|22.9922
08|07|0|135|5.8|13.1|113|43.4|44.0|0.01|0.01|43.501|22.9922
08|08|0|135|8.1|13.1|113|43.5|43.9|0.01|0.01|43.5|22.0855
08|09|0|113|4.4|16.0|135|43.5|44.0|0.01|0.01|43.5049|22.9922
08|10|0|90|3.2|16.0|135|43.6|44.0|0.01|0.01|43.5045|22.9922
08|11|0|135|7.3|16.0|135|43.7|44.0|0.01|0.01|43.5047|22.9922
08|12|0|90|4.8|16.0|135|43.8|44.2|0.01|0.01|43.5055|22.9922
08|13|0|135|7.3|16.0|135|43.8|44.3|0.01|0.01|43.5075|22.9922
08|14|0|135|4.8|16.0|135|43.7|44.4|0.01|0.01|43.5047|22.9922
08|15|0|135|1.5|16.0|135|43.7|44.5|0.01|0.01|43.5056|22.9922
08|17|0|135|1.6|16.0|135|43.8|44.7|0.01|0.01|43.5081|22.9922
08|18|0|135|2.9|16.0|135|43.9|44.8|0.01|0.01|43.5068|22.9922
08|19|0|135|3.2|16.0|135|43.9|44.9|0.01|0.01|43.5069|22.9922
08|20|0|90|2.9|16.0|135|43.9|45.0|0.01|0.01|43.5058|23.8987
08|21|0|90|1.5|16.0|135|43.7|45.2|0.00|0.01|43.5043|23.8987
08|22|0|45|3.2|16.0|135|43.3|45.2|0.00|0.01|43.505|23.8987
08|23|0|90|7.3|16.0|135|43.1|45.3|0.00|0.01|43.5056|23.8987
08|24|0|45|3.2|16.0|135|43.0|45.3|0.00|0.01|43.5056|23.8987
08|26|0|90|1.5|16.0|135|42.9|45.3|0.00|0.01|43.5054|23.3393
08|27|0|90|2.9|16.0|135|42.9|45.3|0.00|0.01|43.5069|23.3393
08|28|0|45|1.5|16.0|135|43.1|45.3|0.00|0.01|43.5085|23.8987
08|29|0|90|2.9|16.0|135|43.2|45.2|0.00|0.01|43.5085|23.8987
08|30|0|90|1.5|16.0|135|43.0|45.2|0.00|0.01|43.5066|23.8987
08|31|0|90|1.5|16.0|135|43.3|45.2|0.00|0.01|43.5064|23.8987
08|34|0|45|7.3|16.0|135|43.4|45.0|0.00|0.01|43.5085|23.8987
08|35|0|45|4.4|16.0|135|43.3|44.9|0.00|0.01|43.5061|22.9922
08|36|0|90|1.6|16.0|135|43.8|45.0|0.00|0.01|43.5057|23.8987
08|37|0|90|2.9|16.0|135|43.9|44.9|0.00|0.01|43.5036|22.9922
08|40|0|90|5.8|16.0|135|43.8|44.9|0.00|0.01|43.5031|22.9922
08|41|0|90|7.3|16.0|135|43.7|44.8|0.00|0.01|43.5019|22.9922
08|42|0|113|5.8|16.0|135|43.8|44.9|0.00|0.01|43.5041|22.9922
08|43|0|113|5.8|16.0|135|43.6|45.0|0.00|0.01|43.5006|23.8987
08|44|0|113|7.3|16.0|135|43.4|45.2|0.00|0.01|43.4981|23.8987
08|45|0|135|7.3|16.0|135|43.2|45.4|0.00|0.01|43.4952|23.8987
08|46|0|90|4.4|16.0|135|43.1|45.5|0.00|0.01|43.4958|23.8987
08|47|0|113|5.8|16.0|135|43.1|45.7|0.00|0.01|43.4987|23.8987
08|48|0|113|1.6|16.0|135|43.0|46.0|0.00|0.01|43.4977|24.805
08|49|0|90|4.4|16.0|135|42.9|46.1|0.00|0.01|43.4971|24.2432
08|51|0|135|3.2|16.0|135|42.1|46.4|0.00|0.01|43.4929|24.2432
08|52|0|180|5.8|16.0|135|41.8|46.6|0.00|0.01|43.4897|23.6694
08|53|0|90|8.7|16.0|135|41.7|46.7|0.00|0.01|43.4913|23.6694
08|54|0|90|4.4|16.0|135|41.3|47.0|0.00|0.01|43.4913|24.5707
08|55|0|90|4.4|16.0|135|41.2|47.1|0.00|0.01|43.4895|24.5707
08|56|0|135|6.5|16.0|135|41.0|47.2|0.00|0.01|43.4875|24.5707
08|59|0|90|8.7|16.0|135|40.6|47.5|0.00|0.01|43.4879|23.9818
09|00|0|135|4.4|16.0|135|40.5|47.7|0.00|0.01|43.4882|23.9818
09|01|0|90|11.3|16.0|135|40.5|47.9|0.00|0.01|43.4847|23.9818
09|02|0|135|7.3|16.0|135|40.0|48.0|0.00|0.01|43.4838|24.8803
09|04|0|45|6.4|16.0|135|39.9|48.1|0.00|0.01|43.4847|24.2757
09|06|0|45|4.4|16.0|135|39.7|48.0|0.00|0.01|43.4825|24.2757
09|07|0|135|2.9|16.0|135|39.8|48.0|0.00|0.01|43.4821|24.2757
09|08|0|135|4.4|16.0|135|39.9|48.0|0.00|0.01|43.4821|24.2757
09|11|0|45|5.8|16.0|135|39.9|48.2|0.00|0.01|43.4772|24.2757
09|12|0|135|5.8|16.0|135|39.7|48.4|0.00|0.01|43.4746|24.2757
09|13|0|68|4.4|16.0|135|39.5|48.5|0.00|0.01|43.473|24.2757
09|15|0|90|10.2|16.0|135|39.2|49.0|0.00|0.01|43.4777|25.1714
09|17|0|113|4.4|16.0|135|38.7|49.1|0.01|0.02|43.476|24.5502
09|18|0|90|8.7|16.0|135|38.7|49.3|0.01|0.02|43.4771|24.5502
09|20|0|90|5.8|16.0|135|38.5|49.5|0.01|0.02|43.4756|24.5502
09|21|0|90|4.4|16.0|135|38.3|49.7|0.01|0.02|43.4741|24.5502
09|22|0|90|2.9|16.0|135|38.2|49.8|0.01|0.02|43.4709|24.5502
09|23|0|135|5.8|16.0|135|38.1|49.9|0.01|0.02|43.4678|24.5502
09|24|0|90|11.6|16.0|135|38.0|50.0|0.01|0.02|43.4666|25.443
09|25|0|90|5.8|16.0|135|38.0|50.2|0.01|0.02|43.467|25.443
09|26|0|113|8.1|16.0|135|37.8|50.2|0.01|0.02|43.4632|24.8045
09|27|0|135|4.8|16.0|135|37.8|50.3|0.01|0.02|43.4633|24.8045
09|28|0|90|4.4|16.0|135|37.6|50.5|0.01|0.02|43.466|24.8045
09|29|0|90|4.4|16.0|135|37.5|50.5|0.01|0.02|43.4655|24.8045
09|31|0|135|5.8|16.0|135|37.3|50.5|0.01|0.02|43.4625|24.8045
09|32|0|113|5.8|16.0|135|37.3|50.7|0.01|0.02|43.4648|24.8045
09|34|0|90|8.1|16.0|135|37.0|50.8|0.01|0.02|43.4602|24.8045
09|35|0|90|8.7|16.0|135|36.8|50.9|0.01|0.02|43.461|24.1505
09|36|0|90|10.2|16.0|135|36.8|51.0|0.01|0.02|43.4616|25.0376
09|37|0|135|4.4|16.0|135|36.7|51.1|0.01|0.02|43.4622|25.0376
09|38|0|113|7.3|16.0|135|36.7|51.2|0.01|0.02|43.4618|25.0376
09|39|0|90|11.6|16.0|135|36.6|51.3|0.01|0.02|43.4636|25.0376
09|40|0|90|4.4|16.0|135|36.4|51.5|0.01|0.02|43.4679|25.0376
09|41|0|135|7.3|16.0|135|36.4|51.5|0.01|0.02|43.463|25.0376
09|42|0|180|4.4|16.0|135|36.3|51.6|0.01|0.02|43.4648|25.0376
09|43|0|135|4.4|16.0|135|36.3|51.7|0.01|0.02|43.4622|25.0376
09|44|0|113|7.3|16.0|135|36.0|51.7|0.01|0.02|43.4563|25.0376
09|45|0|135|11.6|16.0|135|36.0|51.8|0.01|0.02|43.4569|25.0376
09|46|0|90|7.3|16.0|135|35.9|51.8|0.01|0.02|43.4596|24.3645
09|47|0|180|7.3|18.9|90|35.7|51.9|0.01|0.02|43.4618|24.3645
09|48|0|135|6.5|18.9|90|35.6|51.9|0.01|0.02|43.4566|24.3645
09|50|0|90|8.7|18.9|90|35.6|52.0|0.01|0.02|43.4587|25.2485
09|52|0|90|7.3|18.9|90|35.4|52.1|0.01|0.02|43.4546|25.2485
09|53|0|90|8.7|18.9|90|35.3|52.2|0.01|0.02|43.4528|25.2485
09|54|0|113|11.3|18.9|90|35.3|52.4|0.01|0.02|43.4529|25.2485
09|55|0|135|7.3|18.9|90|35.0|52.5|0.01|0.02|43.4552|25.2485
09|56|0|135|6.4|18.9|90|35.0|52.6|0.01|0.02|43.4528|25.2485
09|57|0|135|7.3|18.9|90|34.8|52.7|0.01|0.02|43.4529|24.5552
09|59|0|113|12.9|18.9|90|34.6|52.7|0.01|0.02|43.4517|24.5552
10|00|0|135|5.8|18.9|90|34.5|52.7|0.01|0.02|43.4581|24.5552
10|01|0|90|8.1|18.9|90|34.7|52.8|0.01|0.02|43.4535|24.5552
10|02|0|113|5.8|18.9|90|34.7|52.7|0.01|0.02|43.4512|24.5552
10|03|0|90|11.3|18.9|90|34.7|52.7|0.01|0.02|43.4513|24.5552
10|04|0|113|6.5|18.9|90|34.7|52.8|0.01|0.02|43.4523|24.5552
10|05|0|90|5.8|18.9|90|34.7|52.8|0.01|0.02|43.4479|24.5552
10|06|0|90|6.5|18.9|90|34.6|52.8|0.01|0.02|43.4476|24.5552
10|09|0|113|5.8|18.9|90|34.7|53.0|0.01|0.02|43.4491|25.4361
10|10|0|135|10.2|18.9|90|34.6|53.2|0.01|0.02|43.447|25.4361
10|11|0|113|6.4|18.9|90|34.6|53.2|0.01|0.02|43.4458|25.4361
10|12|0|90|7.3|18.9|90|34.5|53.4|0.01|0.02|43.4422|25.4361
10|13|0|90|8.7|18.9|90|34.3|53.5|0.01|0.02|43.4397|25.4361
10|14|0|90|5.8|18.9|90|34.1|53.7|0.01|0.02|43.4412|25.4361
10|15|0|135|4.4|18.9|90|33.9|53.8|0.01|0.02|43.4427|24.7215
10|16|0|90|4.4|18.9|90|33.8|53.9|0.00|0.02|43.4404|24.7215
10|17|0|90|4.4|18.9|90|33.8|54.2|0.00|0.02|43.4397|25.5991
10|18|0|45|5.8|18.9|90|33.7|54.2|0.00|0.02|43.4411|25.5991
10|19|0|135|7.3|18.9|90|33.6|54.4|0.00|0.02|43.4447|25.5991
10|20|0|90|4.4|18.9|90|33.4|54.5|0.00|0.02|43.4452|25.5991
10|21|0|135|4.4|18.9|90|33.3|54.7|0.00|0.02|43.4455|25.5991
10|22|0|135|8.0|18.9|90|33.1|54.7|0.00|0.02|43.4457|25.5991
10|23|0|135|5.8|18.9|90|33.0|54.8|0.00|0.02|43.4451|25.5991
10|25|0|135|10.2|18.9|90|32.9|54.8|0.00|0.02|43.4457|24.862
10|26|0|90|12.9|18.9|90|32.8|54.7|0.00|0.02|43.4415|24.862
10|29|0|45|4.4|18.9|90|32.7|55.5|0.00|0.02|43.4425|25.7363
10|30|0|90|5.8|18.9|90|32.4|55.6|0.00|0.02|43.4426|25.7363
10|31|0|90|5.8|18.9|90|32.3|55.8|0.00|0.02|43.4388|25.7363
10|32|0|135|8.7|18.9|90|32.2|56.0|0.00|0.02|43.4357|26.6104
10|33|0|135|10.2|18.9|90|32.1|56.1|0.00|0.02|43.4383|26.6104
10|34|0|90|8.7|18.9|90|31.9|56.2|0.00|0.02|43.4378|25.8462
10|35|0|135|6.4|18.9|90|31.9|56.4|0.00|0.02|43.4407|25.8462
10|36|0|135|10.2|18.9|90|31.6|56.5|0.00|0.02|43.4381|25.8462
10|37|0|135|8.7|18.9|90|31.4|56.5|0.00|0.02|43.4351|25.8462
10|38|0|135|10.2|18.9|90|31.2|56.6|0.00|0.02|43.4349|25.8462
10|39|0|135|4.4|18.9|90|31.2|56.4|0.00|0.02|43.4363|25.8462
10|41|0|90|8.7|18.9|90|31.5|56.5|0.00|0.02|43.4331|25.8462
10|42|0|90|4.8|18.9|90|31.5|56.5|0.00|0.02|43.4342|25.8462
10|43|0|135|2.9|18.9|90|31.5|56.6|0.00|0.02|43.4341|25.8462
10|44|0|90|8.0|18.9|90|31.3|56.6|0.00|0.02|43.4354|25.8462
10|45|0|113|5.8|18.9|90|31.4|56.5|0.00|0.02|43.438|25.8462
10|46|0|90|6.4|18.9|90|31.4|56.3|0.00|0.02|43.4318|25.8462
10|47|0|90|4.4|18.9|90|31.5|56.4|0.00|0.02|43.4314|25.8462
10|48|0|135|5.8|18.9|90|31.6|56.5|0.00|0.02|43.4307|25.8462
10|49|0|135|4.8|18.9|90|31.6|56.9|0.00|0.02|43.4305|25.8462
10|50|0|90|5.8|18.9|90|31.3|57.2|0.00|0.02|43.4292|26.7169
10|51|0|90|11.3|18.9|90|30.9|57.2|0.00|0.02|43.4269|25.9273
10|52|0|90|5.8|18.9|90|31.0|57.3|0.00|0.02|43.4267|26.7169
10|53|0|90|7.3|18.9|90|30.9|57.5|0.00|0.02|43.4256|25.9273
10|54|0|90|8.7|18.9|90|30.6|57.7|0.00|0.02|43.4262|25.9273
10|55|0|68|11.6|18.9|90|30.5|57.5|0.00|0.02|43.4264|25.9273
10|56|0|113|7.3|18.9|90|30.6|57.5|0.00|0.02|43.4276|25.9273
10|57|0|90|7.3|18.9|90|30.6|57.4|0.00|0.02|43.4259|25.9273
10|59|0|45|14.5|18.9|90|30.7|57.4|0.00|0.02|43.4251|25.9273
11|00|0|90|6.4|18.9|90|30.6|57.5|0.00|0.02|43.4248|25.9273
11|01|0|90|14.5|18.9|90|30.6|57.5|0.00|0.02|43.4239|25.9273
11|02|0|90|14.5|18.9|90|30.7|57.3|0.00|0.02|43.4248|25.9273
11|03|0|90|8.7|18.9|90|30.8|57.3|0.00|0.02|43.427|25.9273
11|04|0|90|5.8|18.9|90|30.6|57.4|0.00|0.02|43.422|25.9273
11|05|0|68|4.8|18.9|90|30.7|57.5|0.00|0.02|43.4217|25.9273
11|06|0|45|8.7|18.9|90|30.7|57.9|0.00|0.02|43.4223|25.9273
11|08|0|90|5.8|18.9|90|30.1|58.5|0.00|0.02|43.4211|26.7945
11|09|0|113|3.2|18.9|90|30.1|59.0|0.00|0.02|43.4238|27.6614
11|10|0|90|7.3|18.9|90|29.9|59.5|0.00|0.02|43.4281|26.8414
11|11|0|135|4.8|18.9|90|29.4|60.0|0.00|0.02|43.4291|27.7047
11|12|0|90|4.4|18.9|90|29.0|60.3|0.00|0.02|43.4294|27.7047
11|14|0|90|8.1|18.9|90|28.7|60.7|0.00|0.02|43.4305|26.8558
11|16|0|90|5.8|18.9|90|28.1|60.8|0.00|0.02|43.4267|26.8558
11|17|0|90|4.4|18.9|90|28.1|61.0|0.00|0.02|43.4289|27.7153
11|18|0|135|2.9|18.9|90|28.1|61.2|0.00|0.02|43.4277|27.7153
11|19|0|90|8.7|18.9|90|28.0|61.2|0.00|0.02|43.4252|27.7153
11|21|0|45|4.4|18.9|90|27.7|61.5|0.00|0.02|43.4258|26.8356
11|22|0|90|5.8|18.9|90|27.6|61.2|0.00|0.02|43.4275|26.8356
11|23|0|113|5.8|18.9|90|28.0|61.2|0.00|0.02|43.423|27.7153
11|25|0|113|7.3|18.9|90|27.7|61.0|0.00|0.02|43.4235|26.8356
11|27|0|90|5.8|18.9|90|28.1|60.7|0.00|0.02|43.4217|26.8558
11|28|0|90|5.8|18.9|90|28.4|60.8|0.00|0.02|43.4206|26.8558
11|29|0|90|8.0|18.9|90|28.1|60.7|0.00|0.02|43.4185|26.8558
11|30|0|135|8.7|18.9|90|28.2|60.8|0.00|0.02|43.4179|26.8558
11|31|0|135|6.4|18.9|90|28.3|60.8|0.00|0.02|43.4183|26.8558
11|33|0|90|5.8|18.9|90|28.4|60.9|0.00|0.02|43.4193|26.8558
11|34|0|90|8.7|18.9|90|28.3|61.1|0.00|0.02|43.4152|27.7153
11|35|0|135|7.3|18.9|90|28.3|61.4|0.00|0.02|43.4122|27.7153
11|36|0|135|6.4|18.9|90|28.1|61.6|0.00|0.02|43.4063|27.7153
11|37|0|135|4.8|18.9|90|28.0|61.8|0.00|0.02|43.4081|27.7153
11|38|0|90|8.7|18.9|90|27.7|62.0|0.00|0.02|43.4076|27.6913
11|39|0|135|4.4|18.9|90|27.7|62.0|0.00|0.02|43.406|27.6913
11|40|0|113|3.2|18.9|90|28.0|62.5|0.00|0.02|43.4022|28.5746
11|42|0|135|11.6|18.9|90|27.6|62.8|0.00|0.02|43.4001|27.6913
11|43|0|135|5.8|18.9|90|27.6|63.2|0.00|0.02|43.4044|28.5467
11|44|0|90|7.3|18.9|90|27.4|63.5|0.00|0.02|43.4023|28.5467
11|45|0|135|7.3|18.9|90|27.0|63.6|0.00|0.02|43.3976|28.5467
11|46|0|90|10.2|18.9|90|27.0|63.6|0.00|0.02|43.3973|28.5467
11|47|0|90|5.8|18.9|90|26.9|63.7|0.00|0.02|43.3978|27.6303
11|48|0|135|7.3|18.9|90|27.0|63.7|0.00|0.02|43.3944|28.5467
11|49|0|135|5.8|18.9|90|27.0|63.7|0.00|0.02|43.3914|28.5467
11|50|0|135|6.4|18.9|90|27.0|63.7|0.00|0.02|43.3889|28.5467
11|51|0|90|4.4|18.9|90|27.0|64.0|0.00|0.02|43.3919|29.4018
11|52|0|135|6.4|18.9|90|26.6|64.2|0.00|0.02|43.3927|28.4817
11|53|0|135|8.7|18.9|90|26.6|64.3|0.00|0.02|43.3914|28.4817
11|55|0|113|3.2|18.9|90|26.6|64.4|0.00|0.02|43.394|28.4817
11|56|0|135|9.7|18.9|90|26.7|64.4|0.00|0.02|43.388|28.4817
11|57|0|135|7.3|18.9|90|27.0|64.3|0.00|0.02|43.3857|29.4018
11|59|0|135|5.8|18.9|90|27.1|64.1|0.00|0.02|43.3858|29.4018
12|00|0|135|11.6|18.9|90|27.5|64.0|0.00|0.02|43.384|29.4018
12|01|0|113|8.7|18.9|90|27.8|64.0|0.00|0.02|43.3842|29.4018
12|02|0|135|10.2|18.9|90|27.9|63.8|0.00|0.02|43.3838|28.5467
12|03|0|135|10.2|18.9|90|27.8|63.7|0.00|0.02|43.3792|28.5467
12|04|0|135|8.1|18.9|90|27.8|63.5|0.00|0.02|43.3793|28.5467
12|06|0|180|8.7|18.9|90|27.8|63.5|0.00|0.02|43.377|28.5467
12|07|0|203|12.9|18.9|90|27.9|63.5|0.00|0.02|43.373|28.5467
12|08|0|180|4.4|18.9|90|27.8|63.8|0.00|0.02|43.3757|28.5467
12|09|0|135|11.6|18.9|90|27.8|64.0|0.00|0.02|43.3733|29.4018
12|10|0|135|8.7|18.9|90|27.8|64.0|0.00|0.02|43.377|29.4018
12|11|0|135|11.6|18.9|90|27.9|64.2|0.00|0.02|43.3745|29.4018
12|13|0|90|10.2|18.9|90|27.9|64.2|0.00|0.02|43.3739|29.4018
12|14|0|135|8.7|18.9|90|28.1|64.3|0.00|0.02|43.3752|30.2923
12|15|0|113|11.6|18.9|90|28.0|64.4|0.00|0.02|43.3743|30.2923
12|17|0|135|8.0|18.9|90|28.0|64.5|0.00|0.02|43.3795|30.2923
12|18|0|158|7.3|18.9|90|27.6|64.4|0.00|0.02|43.378|29.4018
12|19|0|180|7.3|18.9|90|27.8|64.5|0.00|0.02|43.3754|29.4018
12|20|0|180|8.7|18.9|90|27.9|64.5|0.00|0.02|43.375|29.4018
12|21|0|135|13.1|18.9|90|27.9|64.5|0.00|0.02|43.3695|29.4018
12|22|0|180|7.3|20.4|135|28.1|64.4|0.00|0.02|43.3703|30.2923
12|23|0|135|5.8|20.4|135|28.2|64.5|0.00|0.02|43.3682|30.2923
12|24|0|135|8.7|20.4|135|28.1|64.9|0.00|0.02|43.3723|30.2923
12|25|0|180|12.9|20.4|135|28.0|65.2|0.00|0.02|43.3674|31.1507
12|26|0|135|9.7|20.4|135|27.6|65.3|0.00|0.02|43.3704|30.2567
12|28|0|135|16.0|20.4|135|27.3|65.4|0.00|0.02|43.3668|30.2567
12|31|0|135|8.7|20.9|135|27.5|64.7|0.00|0.02|43.3733|29.4018
12|33|0|180|7.3|20.9|135|27.3|64.6|0.00|0.02|43.3664|29.4018
12|34|0|135|17.5|20.9|135|27.4|64.7|0.00|0.02|43.3654|29.4018
12|35|0|180|13.1|20.9|135|27.3|64.5|0.00|0.02|43.3639|29.4018
12|36|0|135|11.6|20.9|135|27.3|64.6|0.00|0.02|43.3672|29.4018
12|38|0|135|10.2|20.9|135|27.3|64.7|0.00|0.02|43.3647|29.4018
12|39|0|135|11.6|20.9|135|27.3|64.9|0.00|0.02|43.3599|29.4018
12|40|0|90|10.2|20.9|135|27.3|65.1|0.00|0.02|43.3604|30.2567
12|41|0|158|9.7|20.9|135|27.1|65.2|0.00|0.02|43.3529|30.2567
12|42|0|113|6.4|20.9|135|27.0|65.4|0.00|0.02|43.354|30.2567
12|43|0|135|8.7|20.9|135|26.6|65.6|0.00|0.02|43.3529|29.3328
12|44|0|135|6.4|20.9|135|26.5|65.8|0.00|0.02|43.3536|29.3328
12|45|0|135|5.8|20.9|135|26.8|66.1|0.00|0.02|43.3565|30.1837
12|46|0|90|4.4|20.9|135|26.5|66.7|0.00|0.02|43.3561|30.1837
12|47|0|90|4.4|20.9|135|25.8|67.0|0.00|0.02|43.3514|30.0707
12|48|0|113|5.8|20.9|135|25.6|67.3|0.00|0.02|43.3493|30.0707
12|50|0|90|2.9|20.9|135|25.7|67.6|0.00|0.02|43.3485|30.0707
12|51|0|225|2.9|20.9|135|25.6|67.9|0.00|0.02|43.3451|30.0707
12|52|0|135|5.8|20.9|135|25.4|68.1|0.00|0.02|43.3435|30.9172
12|53|0|135|9.7|20.9|135|25.3|68.2|0.00|0.02|43.3448|30.9172
12|54|0|135|2.9|20.9|135|25.4|68.5|0.00|0.02|43.3426|30.9172
12|55|0|135|6.4|20.9|135|25.2|68.6|0.00|0.02|43.3446|30.9172
12|56|0|135|8.7|20.9|135|25.3|68.7|0.00|0.02|43.3408|30.9172
12|57|0|135|4.8|20.9|135|25.2|68.7|0.00|0.02|43.3426|30.9172
12|59|0|180|9.7|20.9|135|25.5|68.7|0.00|0.02|43.3393|30.9172
13|00|0|180|8.7|20.9|135|25.2|68.3|0.00|0.02|43.3356|30.9172
13|01|0|158|2.9|20.9|135|25.4|68.3|0.00|0.02|43.3362|30.9172
13|02|0|135|8.7|20.9|135|25.6|68.5|0.00|0.02|43.3365|30.9172
13|03|0|90|7.3|20.9|135|25.3|68.5|0.00|0.02|43.3353|30.9172
13|04|0|135|4.4|20.9|135|25.6|68.3|0.00|0.02|43.3344|30.9172
13|05|0|135|7.3|20.9|135|25.7|68.5|0.00|0.02|43.3307|30.9172
13|06|0|180|5.8|20.9|135|25.8|68.8|0.00|0.02|43.3308|30.9172
13|07|0|135|11.6|20.9|135|25.4|69.0|0.00|0.02|43.3315|31.7633
13|08|0|135|8.7|20.9|135|25.2|68.9|0.00|0.02|43.3284|30.9172
13|10|0|90|4.4|20.9|135|25.2|69.1|0.00|0.02|43.3286|31.7633
13|11|0|135|4.4|20.9|135|25.0|69.5|0.00|0.02|43.3292|31.7633
13|13|0|90|5.8|20.9|135|24.5|69.8|0.00|0.02|43.3292|30.7571
13|14|0|135|8.7|20.9|135|24.7|70.1|0.00|0.02|43.3259|31.599
13|15|0|135|14.5|20.9|135|24.4|70.0|0.00|0.02|43.3213|31.599
13|16|0|180|6.5|20.9|135|24.4|69.8|0.00|0.02|43.3268|30.7571
13|17|0|135|12.9|20.9|135|24.6|69.8|0.00|0.02|43.324|30.7571
13|18|0|90|9.7|20.9|135|24.6|69.6|0.00|0.02|43.3235|30.7571
13|19|0|113|8.7|20.9|135|24.6|69.2|0.00|0.02|43.3202|30.7571
13|20|0|135|12.9|20.9|135|24.8|69.1|0.00|0.02|43.3195|30.7571
13|21|0|135|7.3|20.9|135|24.8|68.9|0.00|0.02|43.3159|29.915
13|23|0|180|8.7|20.9|135|25.3|69.2|0.00|0.02|43.3171|31.7633
13|24|0|180|8.1|20.9|135|24.9|69.5|0.00|0.02|43.3146|30.7571
13|25|0|158|7.3|20.9|135|24.7|69.4|0.00|0.02|43.3142|30.7571
13|26|0|135|5.8|20.9|135|24.5|69.6|0.00|0.02|43.311|30.7571
13|27|0|45|5.8|20.9|135|24.6|69.7|0.00|0.02|43.3089|30.7571
13|28|0|90|2.9|20.9|135|24.4|70.0|0.00|0.02|43.3025|31.599
13|29|0|135|7.3|20.9|135|24.8|70.3|0.00|0.02|43.3044|31.599
13|31|0|180|7.3|20.9|135|23.9|70.6|0.00|0.02|43.3045|30.5509
13|32|0|180|6.5|20.9|135|23.6|70.7|0.00|0.02|43.305|30.5509
13|33|0|158|8.7|20.9|135|23.7|70.8|0.00|0.02|43.3024|30.5509
13|36|0|135|4.8|20.9|135|23.5|71.2|0.00|0.02|43.2983|31.3883
13|39|0|135|4.4|20.9|135|23.3|71.3|0.00|0.02|43.2964|31.3883
13|40|0|180|6.4|20.9|135|23.5|71.5|0.00|0.02|43.2981|31.3883
13|41|0|135|7.3|20.9|135|23.6|71.5|0.00|0.02|43.2952|31.3883
13|42|0|158|5.8|20.9|135|23.3|71.5|0.00|0.02|43.2981|31.3883
13|43|0|180|8.0|20.9|135|23.1|71.4|0.00|0.02|43.2935|31.3883
13|44|0|180|7.3|20.9|135|23.3|71.4|0.00|0.02|43.2942|31.3883
13|45|0|135|7.3|20.9|135|23.1|70.8|0.00|0.02|43.2901|30.5509
13|48|0|135|7.3|20.9|135|23.5|70.8|0.00|0.02|43.285|30.5509
13|49|0|135|8.0|20.9|135|23.5|70.7|0.00|0.02|43.2852|30.5509
13|51|0|68|2.9|20.9|135|23.1|70.9|0.00|0.02|43.2812|30.5509
13|52|0|135|4.4|20.9|135|23.3|71.0|0.00|0.02|43.2815|31.3883
13|53|0|135|4.4|20.9|135|23.5|71.0|0.00|0.02|43.2841|31.3883
13|54|0|180|4.8|20.9|135|23.4|70.9|0.00|0.02|43.2843|30.5509
13|56|0|180|2.9|20.9|135|23.5|70.9|0.00|0.02|43.2807|30.5509
13|57|0|270|4.4|20.9|135|23.7|71.2|0.00|0.02|43.2823|31.3883
13|58|0|180|4.4|20.9|135|23.1|71.5|0.00|0.02|43.2821|31.3883
13|59|0|135|7.3|20.9|135|22.9|71.7|0.00|0.02|43.2784|30.2948
14|00|0|135|4.8|20.9|135|22.7|71.8|0.00|0.02|43.2764|30.2948
14|01|0|135|4.4|20.9|135|22.9|71.8|0.00|0.02|43.2783|30.2948
14|03|0|135|7.3|20.9|135|22.9|71.8|0.00|0.02|43.2715|30.2948
14|04|0|135|11.6|20.9|135|22.7|71.5|0.00|0.02|43.2734|30.2948
14|06|0|135|5.8|20.9|135|23.1|71.5|0.00|0.02|43.2732|31.3883
14|06|0|180|5.8|20.9|135|22.9|71.5|0.00|0.02|43.2742|30.2948
14|07|0|90|4.4|20.9|135|22.7|71.5|0.00|0.02|43.2737|30.2948
14|09|0|135|4.4|20.9|135|22.9|71.7|0.00|0.02|43.2656|30.2948
14|10|0|135|8.7|20.9|135|22.8|71.8|0.00|0.02|43.2625|30.2948
14|11|0|135|8.7|20.9|135|22.6|71.8|0.00|0.02|43.2602|30.2948
14|12|0|135|7.3|20.9|135|22.6|71.8|0.00|0.02|43.259|30.2948
14|13|0|90|8.1|20.9|135|22.6|71.9|0.00|0.02|43.2599|30.2948
14|14|0|135|5.8|20.9|135|22.4|71.9|0.00|0.02|43.2612|30.2948
14|15|0|180|3.2|20.9|135|22.4|72.3|0.00|0.02|43.2598|31.1277
14|16|0|135|4.4|20.9|135|22.5|72.3|0.00|0.02|43.2586|31.1277
14|17|0|158|8.7|20.9|135|22.3|72.4|0.00|0.02|43.2568|31.1277
14|18|0|180|7.3|20.9|135|22.1|72.4|0.00|0.02|43.2578|31.1277
14|20|0|135|2.9|20.9|135|22.5|72.7|0.00|0.02|43.2576|31.1277
14|21|0|180|11.6|20.9|135|22.1|72.6|0.00|0.02|43.2543|31.1277
14|22|0|135|4.4|20.9|135|21.8|72.4|0.00|0.02|43.255|29.9849
14|23|0|180|5.8|20.9|135|22.1|72.3|0.00|0.02|43.252|31.1277
14|24|0|135|5.8|20.9|135|22.2|72.4|0.00|0.02|43.2516|31.1277
14|25|0|225|1.5|20.9|135|22.2|72.6|0.00|0.02|43.2507|31.1277
14|26|0|135|7.3|20.9|135|22.2|73.0|0.00|0.02|43.2505|31.9602
14|27|0|135|5.8|20.9|135|21.9|73.1|0.00|0.02|43.2503|30.8129
14|28|0|135|4.4|20.9|135|21.6|73.0|0.00|0.02|43.2526|30.8129
14|29|0|225|6.4|20.9|135|21.4|73.0|0.00|0.02|43.2509|30.8129
14|32|0|135|2.9|20.9|135|21.2|73.1|0.00|0.02|43.2508|30.8129
14|33|0|135|3.2|20.9|135|21.1|73.0|0.00|0.02|43.2453|30.8129
14|34|0|180|4.8|20.9|135|21.2|72.8|0.00|0.02|43.2433|29.9849
14|35|0|180|5.8|20.9|135|21.6|72.6|0.00|0.02|43.243|29.9849
14|36|0|180|1.5|20.9|135|21.7|72.7|0.00|0.02|43.241|29.9849
14|37|0|180|2.9|20.9|135|21.5|72.7|0.00|0.02|43.2413|29.9849
14|38|0|0|1.5|20.9|135|21.3|72.7|0.00|0.02|43.2381|29.9849
14|39|0|225|2.9|20.9|135|21.4|72.7|0.00|0.02|43.2391|29.9849
14|40|0|180|2.9|20.9|135|21.4|72.8|0.00|0.02|43.2391|29.9849
14|41|0|225|2.9|20.9|135|21.3|73.1|0.00|0.02|43.2378|30.8129
14|42|0|158|16.1|20.9|135|20.6|73.1|0.00|0.02|43.2312|29.6162
14|44|0|270|3.2|20.9|135|19.4|73.2|0.00|0.02|43.2339|28.3654
14|46|0|225|11.6|20.9|135|19.7|73.3|0.00|0.02|43.2312|28.3654
14|47|0|225|5.8|20.9|135|20.1|73.1|0.00|0.02|43.2333|29.6162
14|48|0|225|4.8|20.9|135|20.3|73.2|0.00|0.02|43.2319|29.6162
14|49|0|225|5.8|20.9|135|20.0|73.4|0.00|0.02|43.2332|29.6162
14|50|0|225|4.8|20.9|135|20.0|73.5|0.00|0.02|43.2293|29.6162
14|51|0|135|11.6|20.9|135|19.8|73.3|0.00|0.02|43.2249|28.3654
14|52|0|315|2.9|20.9|135|19.9|73.3|0.00|0.02|43.2325|28.3654
14|53|0|180|10.2|20.9|135|19.9|73.4|0.00|0.02|43.2249|28.3654
14|54|0|135|9.7|20.9|135|19.3|73.1|0.00|0.02|43.2249|28.3654
14|55|0|180|7.3|20.9|135|19.4|72.8|0.00|0.02|43.2235|27.5468
14|58|0|180|4.4|20.9|135|20.0|73.2|0.00|0.02|43.2257|29.6162
14|59|0|135|7.3|20.9|135|20.3|73.2|0.00|0.02|43.2213|29.6162
15|00|0|225|11.3|20.9|135|20.1|73.2|0.00|0.02|43.2193|29.6162
15|02|0|180|2.9|20.9|135|20.0|73.5|0.00|0.02|43.221|29.6162
15|03|0|225|3.2|20.9|135|20.0|73.5|0.00|0.02|43.2245|29.6162
15|04|0|180|6.4|20.9|135|19.8|73.3|0.00|0.02|43.2216|28.3654
15|05|0|180|7.3|20.9|135|19.8|73.0|0.00|0.02|43.2146|28.3654
15|06|0|225|4.8|20.9|135|20.0|73.0|0.00|0.02|43.2171|29.6162
15|08|0|135|5.8|20.9|135|19.9|72.6|0.00|0.02|43.2179|27.5468
15|09|0|135|5.8|20.9|135|19.8|72.5|0.00|0.02|43.2197|27.5468
15|10|0|225|4.8|20.9|135|20.1|72.5|0.00|0.02|43.2115|28.7928
15|11|0|225|4.4|20.9|135|20.4|72.6|0.00|0.02|43.2093|28.7928
15|12|0|203|5.8|20.9|135|19.9|72.8|0.00|0.02|43.2074|27.5468
15|13|0|225|4.8|20.9|135|19.9|72.8|0.00|0.02|43.2157|27.5468
15|15|0|225|2.9|20.9|135|20.0|72.8|0.00|0.02|43.2147|28.7928
15|16|0|225|4.4|20.9|135|20.1|72.8|0.00|0.02|43.2128|28.7928
15|18|0|180|3.2|20.9|135|20.1|72.8|0.00|0.02|43.2127|28.7928
15|19|0|135|3.2|20.9|135|20.3|72.8|0.00|0.02|43.2085|28.7928
15|20|0|180|5.8|20.9|135|20.5|72.8|0.00|0.02|43.1982|28.7928
15|21|0|225|4.8|20.9|135|20.4|72.8|0.00|0.02|43.1941|28.7928
15|22|0|135|5.8|20.9|135|20.6|72.5|0.00|0.02|43.1935|28.7928
15|23|0|135|10.2|20.9|135|20.9|72.4|0.00|0.02|43.1888|28.7928
15|25|0|135|11.6|20.9|135|21.0|72.3|0.00|0.02|43.1857|29.9849
15|26|0|225|11.3|20.9|135|20.9|72.4|0.00|0.02|43.1892|28.7928
15|27|0|225|5.8|20.9|135|20.9|72.7|0.00|0.02|43.1923|28.7928
15|28|0|225|4.4|20.9|135|20.8|73.1|0.00|0.02|43.1909|29.6162
15|29|0|180|4.8|20.9|135|20.5|73.3|0.00|0.02|43.1895|29.6162
15|30|0|180|13.1|20.9|135|20.6|73.5|0.00|0.02|43.1879|29.6162
15|31|0|180|11.6|20.9|135|20.6|73.4|0.00|0.02|43.1892|29.6162
15|33|0|135|6.5|20.9|135|20.8|73.0|0.00|0.02|43.192|29.6162
15|34|0|180|4.8|20.9|135|20.9|72.7|0.00|0.02|43.1817|28.7928
15|35|0|135|7.3|20.9|135|21.1|73.0|0.00|0.02|43.1844|30.8129
15|36|0|158|7.3|20.9|135|20.8|72.7|0.00|0.02|43.1839|28.7928
15|37|0|203|6.4|20.9|135|21.2|72.5|0.00|0.02|43.1876|29.9849
15|39|0|180|4.8|20.9|135|21.1|72.4|0.00|0.02|43.1896|29.9849
15|40|0|135|5.8|20.9|135|21.2|72.5|0.00|0.02|43.1885|29.9849
15|41|0|135|5.8|20.9|135|21.3|72.4|0.00|0.02|43.1885|29.9849
15|43|0|180|2.9|20.9|135|21.4|72.6|0.00|0.02|43.1869|29.9849
15|44|0|225|6.4|20.9|135|21.1|72.7|0.00|0.02|43.1856|29.9849
15|46|0|180|10.2|20.9|135|20.3|72.7|0.00|0.02|43.1828|28.7928
15|48|0|135|3.2|20.9|135|20.4|72.4|0.00|0.02|43.1821|28.7928
15|50|0|180|7.3|20.9|135|20.5|72.5|0.00|0.02|43.1838|28.7928
15|51|0|180|8.7|20.9|135|20.8|72.3|0.00|0.02|43.1834|28.7928
15|52|0|225|8.7|20.9|135|21.1|72.1|0.00|0.02|43.1801|29.9849
15|53|0|90|8.7|20.9|135|20.8|71.7|0.00|0.02|43.1813|27.9691
15|55|0|113|11.6|20.9|135|20.9|71.4|0.00|0.02|43.1792|27.9691
15|56|0|158|8.1|20.9|135|20.9|71.4|0.00|0.02|43.171|27.9691
15|57|0|158|17.5|24.2|135|20.7|71.4|0.00|0.02|43.1656|27.9691
15|58|0|180|17.5|24.2|135|20.6|71.4|0.00|0.02|43.1608|27.9691
15|59|0|180|11.6|24.2|135|20.5|71.5|0.00|0.02|43.1666|27.9691
16|00|0|158|12.9|24.2|135|20.2|71.7|0.00|0.02|43.1638|27.9691
16|02|0|180|7.3|24.2|135|20.1|71.9|0.00|0.02|43.1639|27.9691
16|03|0|225|8.7|24.2|135|19.9|72.2|0.00|0.02|43.1631|27.5468
16|04|0|180|8.7|24.2|135|20.1|72.4|0.00|0.02|43.1616|28.7928
16|06|0|180|20.4|24.2|135|20.2|71.9|0.00|0.02|43.1679|27.9691
16|07|0|180|9.7|24.2|135|20.4|71.6|0.00|0.02|43.1713|27.9691
16|08|0|158|6.4|24.2|135|20.6|71.4|0.00|0.02|43.1709|27.9691
16|10|0|135|8.1|24.2|135|20.8|71.2|0.00|0.02|43.1699|27.9691
16|11|0|158|7.3|24.2|135|20.9|71.0|0.00|0.02|43.1671|27.9691
16|12|0|135|5.8|24.2|135|21.1|70.9|0.00|0.02|43.1664|28.3278
16|14|0|135|1.6|24.2|135|21.3|71.0|0.00|0.02|43.1658|29.1565
16|16|0|180|7.3|24.2|135|21.3|70.9|0.00|0.02|43.165|28.3278
16|17|0|158|14.5|24.2|135|21.2|71.0|0.00|0.02|43.1591|29.1565
16|18|0|270|4.8|24.2|135|21.3|71.0|0.00|0.02|43.1536|29.1565
16|19|0|135|4.4|24.2|135|21.5|71.0|0.00|0.02|43.1618|29.1565
16|20|0|180|8.7|24.2|135|21.4|71.0|0.00|0.02|43.1585|29.1565
16|21|0|180|4.4|24.2|135|21.3|70.9|0.00|0.02|43.1586|28.3278
16|22|0|135|10.2|24.2|135|21.2|70.8|0.00|0.02|43.1601|28.3278
16|23|0|135|7.3|24.2|135|21.1|70.8|0.00|0.02|43.1541|28.3278
16|24|0|203|5.8|24.2|135|21.0|70.8|0.00|0.02|43.1457|28.3278
16|26|0|135|8.7|24.2|135|21.0|70.9|0.00|0.02|43.1522|28.3278
16|27|0|135|8.7|24.2|135|21.1|70.9|0.00|0.02|43.1449|28.3278
16|28|0|180|14.5|24.2|135|21.0|71.0|0.00|0.02|43.1514|29.1565
16|29|0|135|10.2|24.2|135|20.9|70.9|0.00|0.02|43.1433|27.145
16|30|0|180|7.3|24.2|135|21.1|71.3|0.00|0.02|43.1431|29.1565
16|31|0|158|8.1|24.2|135|21.0|71.6|0.00|0.02|43.1425|29.1565
16|32|0|180|8.0|24.2|135|20.8|71.9|0.00|0.02|43.1409|27.9691
16|33|0|225|8.7|24.2|135|20.4|72.3|0.00|0.02|43.1414|28.7928
16|34|0|225|5.8|24.2|135|20.0|72.5|0.00|0.02|43.1544|28.7928
16|35|0|180|16.1|24.2|135|19.7|72.6|0.00|0.02|43.1513|27.5468
16|36|0|180|10.2|24.2|135|19.5|72.3|0.00|0.02|43.1527|27.5468
16|37|0|135|4.4|24.2|135|19.5|72.2|0.00|0.02|43.1506|27.5468
16|38|0|180|11.3|24.2|135|19.7|72.3|0.00|0.02|43.145|27.5468
16|40|0|203|10.2|24.2|135|19.6|72.3|0.00|0.02|43.138|27.5468
16|42|0|180|12.9|24.2|135|19.4|72.4|0.00|0.02|43.1385|27.5468
16|43|0|180|7.3|24.2|135|19.3|72.4|0.00|0.02|43.1385|27.5468
16|45|0|180|11.6|24.2|135|19.4|71.8|0.00|0.02|43.148|26.7279
16|46|0|135|7.3|24.2|135|19.4|71.6|0.00|0.02|43.1471|26.7279
16|47|0|135|8.7|24.2|135|19.5|71.6|0.00|0.02|43.1322|26.7279
16|48|0|225|4.4|24.2|135|19.7|71.8|0.00|0.02|43.1314|26.7279
16|49|0|225|4.4|24.2|135|19.6|72.1|0.00|0.02|43.1301|27.5468
16|50|0|158|11.3|24.2|135|19.6|72.4|0.00|0.02|43.1259|27.5468
16|51|0|180|13.1|24.2|135|19.6|72.5|0.00|0.02|43.1266|27.5468
16|53|0|135|14.5|29.0|158|19.4|71.9|0.00|0.02|43.1343|26.7279
16|54|0|135|12.9|29.0|158|19.7|71.8|0.00|0.02|43.1255|26.7279
16|55|0|180|12.9|29.0|158|19.7|71.8|0.00|0.02|43.1202|26.7279
16|56|0|180|10.2|29.0|158|19.8|72.1|0.00|0.02|43.122|27.5468
16|57|0|180|8.7|29.0|158|19.7|72.1|0.00|0.02|43.1205|27.5468
16|58|0|135|11.3|29.0|158|19.7|71.9|0.00|0.02|43.1193|26.7279
16|59|0|180|10.2|29.0|158|19.7|71.7|0.00|0.02|43.1179|26.7279
17|00|0|180|11.6|29.0|158|19.9|71.8|0.00|0.02|43.1155|26.7279
17|01|0|180|11.6|29.0|158|19.9|71.7|0.00|0.02|43.1132|26.7279
17|02|0|180|13.1|29.0|158|20.1|71.8|0.00|0.02|43.1162|27.9691
17|03|0|135|4.8|29.0|158|19.8|71.9|0.00|0.02|43.1167|26.7279
17|04|0|135|9.7|29.0|158|19.9|72.1|0.00|0.02|43.1168|27.5468
17|05|0|158|14.5|29.0|158|19.7|71.9|0.00|0.02|43.1108|26.7279
17|06|0|180|11.3|29.0|158|19.8|71.9|0.00|0.02|43.1143|26.7279
17|07|0|180|11.6|29.0|158|20.0|71.9|0.00|0.02|43.1131|27.9691
17|09|0|225|8.7|29.0|158|20.0|71.9|0.00|0.02|43.1123|27.9691
17|10|0|180|4.8|29.0|158|19.9|72.1|0.00|0.02|43.1111|27.5468
17|11|0|135|4.4|29.0|158|20.0|72.3|0.00|0.02|43.1087|28.7928
17|12|0|225|5.8|29.0|158|19.9|72.5|0.00|0.02|43.1017|27.5468
17|13|0|225|10.2|29.0|158|19.8|72.5|0.00|0.02|43.1013|27.5468
17|14|0|135|13.1|29.0|158|19.5|72.6|0.00|0.02|43.1005|27.5468
17|15|0|180|9.7|29.0|158|19.3|72.4|0.00|0.02|43.1051|27.5468
17|16|0|180|5.8|29.0|158|19.4|72.4|0.00|0.02|43.1044|27.5468
17|18|0|225|4.4|29.0|158|19.2|72.7|0.00|0.02|43.103|27.5468
17|19|0|135|5.8|29.0|158|19.1|73.0|0.00|0.02|43.1005|28.3654
17|20|0|180|7.3|29.0|158|19.1|73.0|0.00|0.02|43.0978|28.3654
17|21|0|135|13.1|29.0|158|19.0|72.7|0.00|0.02|43.0951|27.5468
17|22|0|180|8.7|29.0|158|19.1|72.6|0.00|0.02|43.0924|27.5468
17|24|0|180|7.3|29.0|158|19.1|72.6|0.00|0.02|43.0943|27.5468
17|25|0|225|5.8|29.0|158|19.1|72.6|0.00|0.02|43.093|27.5468
17|26|0|225|4.4|29.0|158|18.9|72.7|0.00|0.02|43.0901|26.2414
17|27|0|135|5.8|29.0|158|19.0|72.6|0.00|0.02|43.0899|27.5468
17|28|0|135|7.3|29.0|158|19.0|72.7|0.00|0.02|43.0889|27.5468
17|29|0|180|6.5|29.0|158|19.0|72.8|0.00|0.02|43.0858|27.5468
17|30|0|135|10.2|29.0|158|19.1|73.1|0.00|0.02|43.0893|28.3654
17|31|0|225|6.4|29.0|158|19.1|73.2|0.00|0.02|43.0904|28.3654
17|32|0|180|5.8|29.0|158|18.9|73.4|0.00|0.02|43.0914|27.0549
17|33|0|180|8.1|29.0|158|18.6|73.3|0.00|0.02|43.0887|27.0549
17|36|0|203|7.3|29.0|158|18.2|73.3|0.00|0.02|43.0883|27.0549
17|37|0|180|14.5|29.0|158|18.1|73.3|0.00|0.02|43.0876|27.0549
17|38|0|180|13.1|29.0|158|18.1|73.0|0.00|0.02|43.0849|27.0549
17|39|0|135|17.5|29.0|158|18.3|72.7|0.00|0.02|43.0813|26.2414
17|40|0|180|10.2|29.0|158|18.4|72.4|0.00|0.02|43.0893|26.2414
17|41|0|180|11.3|29.0|158|18.5|72.2|0.00|0.02|43.104|26.2414
17|42|0|180|5.8|29.0|158|18.7|71.9|0.00|0.02|43.1092|25.4275
17|43|0|225|6.4|29.0|158|18.8|72.1|0.00|0.02|43.0989|26.2414
17|44|0|135|6.4|29.0|158|18.7|72.2|0.00|0.02|43.0888|26.2414
17|45|0|225|4.4|29.0|158|18.6|72.4|0.00|0.02|43.0882|26.2414
17|46|0|180|8.1|29.0|158|18.4|72.4|0.00|0.02|43.0862|26.2414
17|48|0|180|4.4|29.0|158|18.5|72.4|0.00|0.02|43.0863|26.2414
17|49|0|158|7.3|29.0|158|18.4|72.4|0.00|0.02|43.0854|26.2414
17|50|0|180|5.8|29.0|158|18.5|72.4|0.00|0.02|43.0899|26.2414
17|51|0|225|4.8|29.0|158|18.5|72.5|0.00|0.02|43.0849|26.2414
17|52|0|203|5.8|29.0|158|18.5|72.6|0.00|0.02|43.0843|26.2414
17|53|0|180|11.6|29.0|158|18.3|72.5|0.00|0.02|43.0856|26.2414
17|54|0|180|10.2|29.0|158|18.3|72.4|0.00|0.02|43.0845|26.2414
17|55|0|225|4.4|29.0|158|18.4|72.4|0.00|0.02|43.0839|26.2414
17|56|0|180|7.3|29.0|158|18.4|72.5|0.00|0.02|43.0826|26.2414
17|57|0|135|10.2|29.0|158|18.5|72.3|0.00|0.02|43.0816|26.2414
17|58|0|180|11.6|29.0|158|18.6|72.2|0.00|0.02|43.08|26.2414
17|59|0|180|2.9|29.0|158|18.8|72.3|0.00|0.02|43.0808|26.2414
18|00|0|135|11.6|29.0|158|18.7|72.3|0.00|0.02|43.0767|26.2414
18|01|0|225|7.3|29.0|158|18.8|72.2|0.00|0.02|43.0826|26.2414
18|02|0|225|8.1|29.0|158|18.9|72.2|0.00|0.02|43.0843|26.2414
18|03|0|180|11.6|29.0|158|18.6|72.1|0.00|0.02|43.0807|26.2414
18|04|0|180|11.6|29.0|158|18.7|71.7|0.00|0.02|43.0886|25.4275
18|06|0|180|4.8|29.0|158|18.8|71.5|0.00|0.02|43.098|25.4275
18|07|0|180|7.3|29.0|158|19.0|71.4|0.00|0.02|43.0943|26.7279
18|08|0|225|4.4|29.0|158|19.0|71.3|0.00|0.02|43.098|26.7279
18|09|0|180|4.8|29.0|158|19.1|70.9|0.00|0.02|43.0926|25.9087
18|10|0|225|5.8|29.0|158|19.2|70.9|0.00|0.02|43.0901|25.9087
18|11|0|135|3.2|29.0|158|19.2|71.0|0.00|0.02|43.0902|26.7279
18|12|0|203|2.9|29.0|158|19.2|71.0|0.00|0.02|43.0911|26.7279
18|13|0|180|4.4|29.0|158|19.4|71.0|0.00|0.02|43.0921|26.7279
18|14|0|180|7.3|29.0|158|19.5|71.0|0.00|0.02|43.0885|26.7279
18|15|0|315|2.9|29.0|158|19.5|71.0|0.00|0.02|43.0908|26.7279
18|16|0|225|5.8|29.0|158|19.6|71.0|0.00|0.02|43.0913|26.7279
18|17|0|225|10.2|29.0|158|19.6|70.8|0.00|0.02|43.0964|25.9087
18|18|0|135|10.2|29.0|158|19.6|70.6|0.00|0.02|43.0914|25.9087
18|20|0|180|7.3|29.0|158|19.8|69.9|0.00|0.02|43.0914|25.0891
18|22|0|225|8.7|29.0|158|19.8|69.7|0.00|0.02|43.0852|25.0891
18|23|0|225|4.8|29.0|158|19.8|69.6|0.00|0.02|43.0856|25.0891
18|24|0|225|7.3|29.0|158|19.8|69.5|0.00|0.02|43.0832|25.0891
18|25|0|180|9.7|29.0|158|19.9|69.4|0.00|0.02|43.0776|25.0891
18|26|0|158|16.0|29.0|158|19.9|69.2|0.00|0.02|43.0775|25.0891
18|27|0|180|8.7|29.0|158|20.0|69.2|0.00|0.02|43.0793|26.3207
18|28|0|180|8.7|29.0|158|19.8|69.1|0.00|0.02|43.0754|25.0891
18|29|0|135|11.6|29.0|158|19.8|69.0|0.00|0.02|43.0777|25.0891
18|30|0|135|8.7|29.0|158|19.9|68.9|0.00|0.02|43.0773|24.2692
18|31|0|135|13.1|29.0|158|20.0|68.8|0.00|0.02|43.077|25.496
18|32|0|180|7.3|29.0|158|20.2|68.7|0.00|0.02|43.081|25.496
18|33|0|180|12.9|29.0|158|20.3|68.6|0.00|0.02|43.0791|25.496
18|34|0|180|10.2|29.0|158|20.4|68.5|0.00|0.02|43.0778|25.496
18|35|0|180|13.1|29.0|158|20.5|68.5|0.00|0.02|43.0776|25.496
18|37|0|135|4.4|29.0|158|20.5|68.5|0.00|0.02|43.0742|25.496
18|38|0|180|5.8|29.0|158|20.4|68.6|0.00|0.02|43.0725|25.496
18|39|0|180|8.0|29.0|158|20.4|68.7|0.00|0.02|43.0759|25.496
18|40|0|180|5.8|29.0|158|20.5|68.7|0.00|0.02|43.0767|25.496
18|41|0|180|10.2|29.0|158|20.5|68.6|0.00|0.02|43.0763|25.496
18|42|0|180|11.6|29.0|158|20.6|68.3|0.00|0.02|43.0728|25.496
18|43|0|135|7.3|29.0|158|20.7|68.3|0.00|0.02|43.0737|25.496
18|44|0|225|7.3|29.0|158|20.8|68.2|0.00|0.02|43.0733|25.496
18|45|0|135|11.6|29.0|158|20.7|68.1|0.00|0.02|43.0701|25.496
18|46|0|135|8.1|29.0|158|20.8|68.1|0.00|0.02|43.0727|25.496
18|48|0|203|7.3|29.0|158|20.8|68.0|0.00|0.02|43.0686|25.496
18|49|0|203|8.7|29.0|158|20.9|68.0|0.00|0.02|43.0686|25.496
18|51|0|158|4.4|29.0|158|21.0|67.9|0.00|0.02|43.068|25.8398
18|52|0|180|8.7|29.0|158|21.0|67.9|0.00|0.02|43.0663|25.8398
18|53|0|135|8.1|29.0|158|21.1|67.8|0.00|0.02|43.0668|25.8398
18|54|0|180|7.3|29.0|158|21.1|67.7|0.00|0.02|43.0672|25.8398
18|55|0|225|2.9|29.0|158|21.2|67.8|0.00|0.02|43.0692|25.8398
18|56|0|180|5.8|29.0|158|21.3|67.7|0.00|0.02|43.0679|25.8398
18|57|0|180|4.8|29.0|158|21.3|67.7|0.00|0.02|43.0696|25.8398
18|58|0|180|7.3|29.0|158|21.4|67.6|0.00|0.02|43.0705|25.8398
18|59|0|180|4.8|29.0|158|21.4|67.6|0.00|0.02|43.0708|25.8398
19|01|0|180|4.4|29.0|158|21.5|67.4|0.00|0.02|43.0701|25.8398
19|02|0|180|7.3|29.0|158|21.6|67.4|0.00|0.02|43.0698|25.8398
19|03|0|135|2.9|29.0|158|21.7|67.3|0.00|0.02|43.0675|25.8398
19|04|0|180|4.8|29.0|158|21.7|67.2|0.00|0.02|43.0638|25.8398
19|05|0|180|4.4|29.0|158|21.8|67.1|0.00|0.02|43.0651|25.8398
19|06|0|180|6.4|29.0|158|21.8|67.1|0.00|0.02|43.0614|25.8398
19|07|0|158|7.3|29.0|158|21.9|67.0|0.00|0.02|43.0614|25.8398
19|08|0|135|5.8|29.0|158|22.0|67.0|0.00|0.02|43.0613|26.9604
19|09|0|180|5.8|29.0|158|22.1|66.9|0.00|0.02|43.059|26.1261
19|10|0|135|7.3|29.0|158|22.1|66.9|0.00|0.02|43.0578|26.1261
19|11|0|180|7.3|29.0|158|22.2|66.8|0.00|0.02|43.0561|26.1261
19|12|0|135|5.8|29.0|158|22.2|66.8|0.00|0.02|43.057|26.1261
19|15|0|225|3.2|29.0|158|22.3|66.7|0.00|0.02|43.0527|26.1261
19|16|0|180|8.7|29.0|158|22.3|66.7|0.00|0.02|43.052|26.1261
19|17|0|225|5.8|29.0|158|22.4|66.5|0.00|0.02|43.0525|26.1261
19|18|0|158|4.8|29.0|158|22.5|66.4|0.00|0.02|43.0506|26.1261
19|19|0|225|3.2|29.0|158|22.6|66.4|0.00|0.02|43.0499|26.1261
19|20|0|180|5.8|29.0|158|22.6|66.4|0.00|0.02|43.0514|26.1261
19|21|0|135|4.4|29.0|158|22.6|66.3|0.00|0.02|43.0515|26.1261
19|22|0|180|8.7|29.0|158|22.7|66.3|0.00|0.02|43.051|26.1261
19|24|0|135|5.8|29.0|158|22.7|66.2|0.00|0.02|43.0502|26.1261
19|25|0|180|4.4|29.0|158|22.7|66.2|0.00|0.02|43.0495|26.1261
19|26|0|180|4.4|29.0|158|22.8|66.1|0.00|0.02|43.0466|26.1261
19|27|0|135|8.0|29.0|158|22.8|66.1|0.00|0.02|43.0462|26.1261
19|28|0|158|5.8|29.0|158|22.8|66.0|0.00|0.02|43.0431|26.1261
19|29|0|180|5.8|29.0|158|22.9|66.0|0.00|0.02|43.0436|26.1261
19|30|0|180|10.2|29.0|158|22.9|65.9|0.00|0.02|43.0394|25.2914
19|31|0|180|10.2|29.0|158|22.8|65.8|0.00|0.02|43.0388|25.2914
19|32|0|180|5.8|29.0|158|22.9|65.8|0.00|0.02|43.0383|25.2914
19|33|0|135|9.7|29.0|158|23.0|65.8|0.00|0.02|43.0389|26.3592
19|35|0|135|6.5|29.0|158|22.9|65.8|0.00|0.02|43.0399|25.2914
19|36|0|180|7.3|29.0|158|23.0|65.8|0.00|0.02|43.0392|26.3592
19|37|0|135|7.3|29.0|158|23.0|65.8|0.00|0.02|43.0383|26.3592
19|38|0|180|9.7|29.0|158|23.0|65.8|0.00|0.02|43.0368|26.3592
19|39|0|158|4.4|29.0|158|23.0|65.8|0.00|0.02|43.0372|26.3592
19|42|0|135|2.9|29.0|158|23.1|65.8|0.00|0.02|43.0356|26.3592
19|43|0|135|4.8|29.0|158|23.1|65.6|0.00|0.02|43.0336|26.3592
19|45|0|158|4.4|29.0|158|23.2|65.6|0.00|0.02|43.037|26.3592
19|46|0|135|5.8|29.0|158|23.2|65.6|0.00|0.02|43.0347|26.3592
19|47|0|135|4.4|29.0|158|23.3|65.5|0.00|0.02|43.0319|26.3592
19|48|0|158|4.4|29.0|158|23.4|65.4|0.00|0.02|43.0329|26.3592
19|49|0|135|4.8|29.0|158|23.5|65.2|0.00|0.02|43.0318|26.3592
19|50|0|135|2.9|29.0|158|23.5|65.2|0.00|0.02|43.0311|26.3592
19|51|0|180|3.2|29.0|158|23.6|65.1|0.00|0.02|43.0315|26.3592
19|52|0|135|4.4|29.0|158|23.7|65.0|0.00|0.02|43.0337|26.3592
19|53|0|135|4.4|29.0|158|23.8|64.9|0.00|0.02|43.0352|25.52
19|54|0|135|4.4|29.0|158|23.9|64.7|0.00|0.02|43.0363|25.52
19|55|0|180|2.9|29.0|158|23.9|64.6|0.00|0.02|43.0354|25.52
19|56|0|90|3.2|29.0|158|24.0|64.6|0.00|0.02|43.0321|26.5434
19|58|0|158|7.3|29.0|158|24.0|64.5|0.00|0.02|43.0337|26.5434
19|59|0|90|4.8|29.0|158|24.2|64.4|0.00|0.02|43.0338|26.5434
20|00|0|135|5.8|29.0|158|24.3|64.2|0.00|0.02|43.0334|26.5434
20|01|0|135|8.0|29.0|158|24.3|64.1|0.00|0.02|43.0327|26.5434
20|02|0|135|5.8|29.0|158|24.3|64.1|0.00|0.02|43.035|26.5434
20|04|0|135|9.7|29.0|158|24.2|64.0|0.00|0.02|43.032|26.5434
20|05|0|90|10.2|29.0|158|24.2|64.0|0.00|0.02|43.03|26.5434
20|06|0|135|7.3|29.0|158|24.1|64.1|0.00|0.02|43.0305|26.5434
20|07|0|135|8.7|29.0|158|24.2|64.1|0.00|0.02|43.0313|26.5434
20|08|0|180|6.5|29.0|158|24.1|64.1|0.00|0.02|43.0311|26.5434
20|10|0|180|7.3|29.0|158|24.1|64.1|0.00|0.02|43.0271|26.5434
20|12|0|135|4.4|29.0|158|24.1|64.1|0.00|0.02|43.0285|26.5434
20|13|0|135|5.8|29.0|158|24.1|64.1|0.00|0.02|43.0282|26.5434
20|14|0|135|6.4|29.0|158|24.1|64.0|0.00|0.02|43.0282|26.5434
20|15|0|135|7.3|29.0|158|24.1|64.0|0.00|0.02|43.0256|26.5434
20|16|0|135|4.4|29.0|158|24.1|63.8|0.00|0.02|43.0251|25.6997
20|17|0|158|4.4|29.0|158|24.2|63.8|0.00|0.02|43.0216|25.6997
20|18|0|135|4.4|29.0|158|24.1|63.8|0.00|0.02|43.0204|25.6997
20|20|0|135|4.4|29.0|158|24.2|63.7|0.00|0.02|43.0226|25.6997
20|21|0|135|4.4|29.0|158|24.3|63.6|0.00|0.02|43.0234|25.6997
20|22|0|135|4.8|29.0|158|24.3|63.6|0.00|0.02|43.0229|25.6997
20|23|0|113|2.9|29.0|158|24.2|63.6|0.00|0.02|43.0191|25.6997
20|24|0|90|1.5|29.0|158|24.3|63.6|0.00|0.02|43.0181|25.6997
20|26|0|135|2.9|29.0|158|24.3|63.5|0.00|0.02|43.0153|25.6997
20|27|0|113|2.9|29.0|158|24.4|63.4|0.00|0.02|43.0141|25.6997
20|29|0|135|6.5|29.0|158|24.4|63.3|0.00|0.02|43.0131|25.6997
20|30|0|158|5.8|29.0|158|24.4|63.2|0.00|0.02|43.0134|25.6997
20|31|0|180|2.9|29.0|158|24.3|63.0|0.00|0.02|43.0118|25.6997
20|32|0|180|2.9|29.0|158|24.3|63.0|0.00|0.02|43.0131|25.6997
20|33|0|135|8.7|29.0|158|24.3|63.0|0.00|0.02|43.0115|25.6997
20|34|0|135|5.8|29.0|158|24.3|63.0|0.00|0.02|43.0114|25.6997
20|36|0|113|4.8|29.0|158|24.3|63.0|0.00|0.02|43.0119|25.6997
20|37|0|135|2.9|29.0|158|24.4|63.0|0.00|0.02|43.0099|25.6997
20|38|0|135|10.2|29.0|158|24.4|63.2|0.00|0.02|43.0081|25.6997
20|39|0|225|7.3|29.0|158|24.4|63.3|0.00|0.02|43.0099|25.6997
20|40|0|135|4.4|29.0|158|24.3|63.5|0.00|0.02|43.0134|25.6997
20|41|0|135|4.4|29.0|158|24.0|63.7|0.00|0.02|43.0154|25.6997
20|42|0|135|8.1|29.0|158|23.8|63.8|0.00|0.02|43.0124|24.6804
20|43|0|135|7.3|29.0|158|23.7|63.8|0.00|0.02|43.0122|24.6804
20|44|0|90|4.4|29.0|158|23.7|63.8|0.00|0.02|43.0103|24.6804
20|46|0|135|8.1|29.0|158|23.7|63.8|0.00|0.02|43.0124|24.6804
20|47|0|135|5.8|29.0|158|23.7|63.8|0.00|0.02|43.0138|24.6804
20|48|0|135|4.8|29.0|158|23.7|63.7|0.00|0.02|43.012|24.6804
20|50|0|135|2.9|29.0|158|23.9|63.6|0.00|0.02|43.0095|24.6804
20|51|0|135|4.4|29.0|158|23.9|63.6|0.00|0.02|43.0066|24.6804
20|52|0|158|2.9|29.0|158|24.1|63.5|0.00|0.02|43.0068|25.6997
20|53|0|90|2.9|29.0|158|24.2|63.4|0.00|0.02|43.0019|25.6997
20|54|0|90|3.2|29.0|158|24.4|63.3|0.00|0.02|43.0023|25.6997
20|55|0|90|2.9|29.0|158|24.8|63.2|0.00|0.02|43.0021|25.6997
20|56|0|135|3.2|29.0|158|25.0|62.9|0.00|0.02|43.0005|25.8342
20|58|0|135|2.9|29.0|158|25.1|62.8|0.00|0.02|43.0015|25.8342
20|59|0|135|4.4|29.0|158|25.3|62.6|0.00|0.02|43|25.8342
21|00|0|180|4.8|29.0|158|25.4|62.4|0.00|0.02|43.0029|25.8342
21|01|0|135|5.8|29.0|158|25.5|62.3|0.00|0.02|43.0059|25.8342
21|02|0|135|4.8|29.0|158|25.5|62.2|0.00|0.02|43.008|25.8342
21|03|0|180|4.4|29.0|158|25.7|62.0|0.00|0.02|43.013|25.8342
21|04|0|180|3.2|29.0|158|25.8|61.9|0.00|0.02|43.0178|24.9861
21|05|0|90|2.9|29.0|158|25.7|61.8|0.00|0.02|43.0011|24.9861
21|06|0|90|2.9|29.0|158|25.5|61.8|0.00|0.02|43.0008|24.9861
21|07|0|225|2.9|29.0|158|25.4|61.8|0.00|0.02|42.9999|24.9861
21|08|0|225|3.2|29.0|158|25.4|61.8|0.00|0.02|43.0009|24.9861
21|09|0|225|0.0|29.0|158|25.4|61.8|0.00|0.02|42.9988|24.9861
21|10|0|180|3.2|29.0|158|25.4|61.8|0.00|0.02|43.0014|24.9861
21|12|0|180|2.9|29.0|158|25.5|61.8|0.00|0.02|43.0075|24.9861
21|14|0|158|4.8|29.0|158|25.6|61.8|0.00|0.02|43.0063|24.9861
21|15|0|180|5.8|29.0|158|25.6|61.8|0.00|0.02|43.0059|24.9861
21|16|0|180|2.9|29.0|158|25.6|61.9|0.00|0.02|43.0058|24.9861
21|17|0|180|2.9|29.0|158|25.7|61.9|0.00|0.02|43.0079|24.9861
21|18|0|135|2.9|29.0|158|25.7|61.8|0.00|0.02|43.008|24.9861
21|20|0|135|2.9|29.0|158|25.8|61.8|0.00|0.02|43.0045|24.9861
21|21|0|158|6.4|29.0|158|25.8|61.7|0.00|0.02|42.9996|24.9861
21|23|0|135|7.3|29.0|158|26.0|61.7|0.00|0.02|43.0021|25.9266
21|24|0|135|4.4|29.0|158|26.0|61.9|0.00|0.02|43.0007|25.9266
21|25|0|135|4.4|29.0|158|25.9|62.0|0.00|0.02|42.9996|25.8342
21|26|0|180|6.4|29.0|158|25.8|62.3|0.00|0.02|43.0015|25.8342
21|28|0|135|7.3|29.0|158|25.6|62.6|0.00|0.02|43.0017|25.8342
21|30|0|135|6.4|29.0|158|25.5|62.9|0.00|0.02|43.0029|25.8342
21|31|0|135|5.8|29.0|158|25.3|63.2|0.00|0.02|43.0032|26.6821
21|32|0|135|7.3|29.0|158|25.2|63.3|0.00|0.02|43.0019|26.6821
21|33|0|135|5.8|29.0|158|25.1|63.4|0.00|0.02|43.004|26.6821
21|34|0|158|6.4|29.0|158|25.1|63.5|0.00|0.02|43.0066|26.6821
21|35|0|180|4.4|29.0|158|25.0|63.5|0.00|0.02|43.0062|26.6821
21|37|0|180|5.8|29.0|158|25.1|63.5|0.00|0.02|43.0044|26.6821
21|38|0|135|2.9|29.0|158|25.0|63.6|0.00|0.02|43.0069|26.6821
21|39|0|180|4.4|29.0|158|25.0|63.6|0.00|0.02|43.0067|26.6821
21|40|0|225|2.9|29.0|158|24.9|63.7|0.00|0.02|43.0068|25.6997
21|41|0|180|4.4|29.0|158|25.0|63.6|0.00|0.02|43.0034|26.6821
21|42|0|180|4.4|29.0|158|25.0|63.7|0.00|0.02|43.0056|26.6821
21|43|0|180|4.8|29.0|158|25.0|63.7|0.00|0.02|43.0091|26.6821
21|44|0|135|5.8|29.0|158|25.1|63.6|0.00|0.02|43.0074|26.6821
21|48|0|135|11.6|29.0|158|25.2|63.5|0.00|0.02|43.008|26.6821
21|50|0|135|11.3|29.0|158|25.3|63.6|0.00|0.02|43.008|26.6821
21|51|0|158|6.4|29.0|158|25.3|63.5|0.00|0.02|43.0067|26.6821
21|52|0|135|5.8|29.0|158|25.4|63.6|0.00|0.02|43.0091|26.6821
21|54|0|180|3.2|29.0|158|25.3|63.6|0.00|0.02|43.0094|26.6821
21|55|0|135|8.7|29.0|158|25.3|63.6|0.00|0.02|43.0095|26.6821
21|56|0|180|5.8|29.0|158|25.3|63.6|0.00|0.02|43.0115|26.6821
21|58|0|225|4.8|29.0|158|25.3|63.7|0.00|0.02|43.012|26.6821
21|59|0|180|6.4|29.0|158|25.2|63.8|0.00|0.02|43.0135|26.6821
22|00|0|225|4.4|29.0|158|25.2|63.8|0.00|0.02|43.0132|26.6821
22|01|0|180|5.8|29.0|158|25.2|63.8|0.00|0.02|43.0151|26.6821
22|02|0|180|2.9|29.0|158|25.3|63.8|0.00|0.02|43.0162|26.6821
22|03|0|180|2.9|29.0|158|25.3|63.8|0.00|0.02|43.0159|26.6821
22|04|0|180|1.5|29.0|158|25.3|63.8|0.00|0.02|43.0159|26.6821
22|05|0|180|5.8|29.0|158|25.3|63.8|0.00|0.02|43.0164|26.6821
22|06|0|180|6.4|29.0|158|25.3|63.8|0.00|0.02|43.0198|26.6821
22|08|0|158|5.8|29.0|158|25.3|63.7|0.00|0.02|43.0191|26.6821
22|09|0|180|11.6|29.0|158|25.3|63.6|0.00|0.02|43.0185|26.6821
22|10|0|135|8.1|29.0|158|25.3|63.6|0.00|0.02|43.02|26.6821
22|11|0|180|4.4|29.0|158|25.3|63.6|0.00|0.02|43.0197|26.6821
22|12|0|135|4.8|29.0|158|25.3|63.7|0.00|0.02|43.0179|26.6821
22|13|0|135|4.4|29.0|158|25.3|63.7|0.00|0.02|43.0181|26.6821
22|16|0|135|4.8|29.0|158|25.6|63.5|0.00|0.02|43.0137|26.6821
22|17|0|135|8.1|29.0|158|25.8|63.4|0.00|0.02|43.0112|26.6821
22|18|0|135|10.2|29.0|158|25.9|63.4|0.00|0.02|43.0108|26.6821
22|20|0|90|8.1|29.0|158|25.9|63.4|0.00|0.02|43.0127|26.6821
22|21|0|180|5.8|29.0|158|26.0|63.4|0.00|0.02|43.0152|27.6303
22|22|0|135|8.7|29.0|158|26.2|63.3|0.00|0.02|43.0138|27.6303
22|23|0|135|10.2|29.0|158|26.2|63.2|0.00|0.02|43.0127|27.6303
22|24|0|180|12.9|29.0|158|26.2|63.2|0.00|0.02|43.0144|27.6303
22|25|0|180|12.9|29.0|158|26.3|63.2|0.00|0.02|43.0138|27.6303
22|26|0|135|4.8|29.0|158|26.3|63.2|0.00|0.02|43.0202|27.6303
22|27|0|135|5.8|29.0|158|26.3|63.2|0.00|0.02|43.0201|27.6303
22|28|0|135|5.8|29.0|158|26.3|63.3|0.00|0.02|43.0185|27.6303
22|32|0|135|9.7|29.0|158|26.1|63.3|0.00|0.02|43.0146|27.6303
22|33|0|135|5.8|29.0|158|26.1|63.3|0.00|0.02|43.0174|27.6303
22|34|0|135|3.2|29.0|158|26.0|63.3|0.00|0.02|43.0182|27.6303
22|35|0|135|11.6|29.0|158|26.0|63.4|0.00|0.02|43.0139|27.6303
22|36|0|135|4.4|29.0|158|26.0|63.3|0.00|0.02|43.0152|27.6303
22|37|0|135|5.8|29.0|158|26.0|63.3|0.00|0.02|43.0135|27.6303
22|38|0|113|1.5|29.0|158|26.0|63.4|0.00|0.02|43.0146|27.6303
22|39|0|135|5.8|29.0|158|25.9|63.3|0.00|0.02|43.0134|26.6821
22|41|0|90|4.4|29.0|158|26.0|63.3|0.00|0.02|43.0149|27.6303
22|42|0|135|4.8|29.0|158|26.1|63.2|0.00|0.02|43.0141|27.6303
22|43|0|135|7.3|29.0|158|26.2|63.0|0.00|0.02|43.0132|27.6303
22|44|0|180|4.4|29.0|158|26.2|62.9|0.00|0.02|43.0144|26.7786
22|45|0|135|4.4|29.0|158|26.2|62.9|0.00|0.02|43.0146|26.7786
22|47|0|180|1.5|29.0|158|26.3|62.9|0.00|0.02|43.0162|26.7786
22|49|0|225|2.9|29.0|158|26.3|62.9|0.00|0.02|43.0162|26.7786
22|50|0|180|2.9|29.0|158|26.3|62.9|0.00|0.02|43.0158|26.7786
22|52|0|180|6.4|29.0|158|26.4|62.8|0.00|0.02|43.015|26.7786
22|53|0|135|5.8|29.0|158|26.5|62.7|0.00|0.02|43.0126|26.7786
22|54|0|135|3.2|29.0|158|26.6|62.6|0.00|0.02|43.0127|26.7786
22|55|0|135|4.4|29.0|158|26.6|62.5|0.00|0.02|43.0131|26.7786
22|56|0|180|5.8|29.0|158|26.8|62.4|0.00|0.02|43.0175|26.7786
22|57|0|158|6.4|29.0|158|27.0|62.3|0.00|0.02|43.0179|27.6913
22|58|0|135|5.8|29.0|158|27.1|62.2|0.00|0.02|43.0143|27.6913
22|59|0|180|3.2|29.0|158|27.1|62.3|0.00|0.02|43.0138|27.6913
23|00|0|135|4.4|29.0|158|27.1|62.2|0.00|0.02|43.0146|27.6913
23|01|0|45|5.8|29.0|158|27.2|62.0|0.00|0.02|43.0128|27.6913
23|03|0|135|5.8|29.0|158|27.3|62.0|0.00|0.02|43.0121|27.6913
23|04|0|180|5.8|29.0|158|27.4|62.0|0.00|0.02|43.0178|27.6913
23|05|0|135|5.8|29.0|158|27.4|62.0|0.00|0.02|43.0151|27.6913
23|06|0|180|3.2|29.0|158|27.3|62.0|0.00|0.02|43.0142|27.6913
23|07|0|90|2.9|29.0|158|27.2|62.2|0.00|0.02|43.0137|27.6913
23|08|0|158|5.8|29.0|158|27.1|62.3|0.00|0.02|43.0144|27.6913
23|09|0|180|2.9|29.0|158|27.2|62.3|0.00|0.02|43.0169|27.6913
23|10|0|135|4.4|29.0|158|27.2|62.3|0.00|0.02|43.0144|27.6913
23|11|0|225|10.2|29.0|158|27.0|62.2|0.00|0.02|43.0132|27.6913
23|12|0|135|4.4|29.0|158|26.8|62.2|0.00|0.02|43.0137|26.7786
23|14|0|135|1.6|29.0|158|26.9|62.2|0.00|0.02|43.0154|26.7786
23|15|0|225|4.4|29.0|158|26.9|62.3|0.00|0.02|43.0138|26.7786
23|16|0|248|3.2|29.0|158|26.9|62.3|0.00|0.02|43.0118|26.7786
23|17|0|180|2.9|29.0|158|27.0|62.3|0.00|0.02|43.0167|27.6913
23|18|0|180|4.4|29.0|158|27.1|62.3|0.00|0.02|43.0162|27.6913
23|19|0|90|2.9|29.0|158|27.0|62.2|0.00|0.02|43.0097|27.6913
23|20|0|203|1.5|29.0|158|26.8|62.0|0.00|0.02|43.0098|26.7786
23|21|0|180|7.3|29.0|158|26.6|62.0|0.00|0.02|43.0102|26.7786
23|22|0|270|7.3|29.0|158|26.4|61.9|0.00|0.02|43.004|25.9266
23|23|0|180|16.1|29.0|158|26.2|61.9|0.00|0.02|43.0032|25.9266
23|24|0|225|11.6|29.0|158|26.2|62.0|0.00|0.02|43.0039|26.7786
23|25|0|180|4.8|29.0|158|26.2|62.2|0.00|0.02|43.0075|26.7786
23|26|0|225|7.3|29.0|158|26.1|62.3|0.00|0.02|43.0059|26.7786
23|27|0|180|14.5|29.0|158|26.1|62.4|0.00|0.02|43.002|26.7786
23|28|0|225|5.8|29.0|158|26.0|62.5|0.00|0.02|43.0097|26.7786
23|30|0|338|10.2|29.0|158|25.9|62.6|0.00|0.02|43.012|25.8342
23|31|0|225|5.8|29.0|158|25.9|62.7|0.00|0.02|43.0096|25.8342
23|32|0|180|5.8|29.0|158|25.9|62.7|0.00|0.02|43.0135|25.8342
23|33|0|225|8.7|29.0|158|26.0|62.7|0.00|0.02|43.0105|26.7786
23|34|0|225|10.2|29.0|158|26.1|62.7|0.00|0.02|43.0149|26.7786
23|35|0|225|10.2|29.0|158|26.1|62.7|0.00|0.02|43.0117|26.7786
23|36|0|225|13.1|29.0|158|26.1|62.7|0.00|0.02|43.0087|26.7786
23|37|0|158|16.0|29.0|158|26.1|62.7|0.00|0.02|43.0119|26.7786
23|38|0|135|8.1|29.0|158|26.2|62.7|0.00|0.02|43.0099|26.7786
23|40|0|225|8.7|29.0|158|26.3|62.8|0.00|0.02|43.0115|26.7786
23|41|0|135|16.0|29.0|158|26.3|62.8|0.00|0.02|43.0042|26.7786
23|42|0|135|17.7|29.0|158|26.4|62.8|0.00|0.02|43.001|26.7786
23|43|0|180|10.2|29.0|158|26.6|62.8|0.00|0.02|43.0094|26.7786
23|44|0|180|7.3|29.0|158|26.6|62.7|0.00|0.02|43.0118|26.7786
23|45|0|180|11.3|29.0|158|26.6|62.7|0.00|0.02|43.011|26.7786
23|46|0|225|7.3|29.0|158|26.6|62.7|0.00|0.02|43.0112|26.7786
23|47|0|225|10.2|29.0|158|26.6|62.7|0.00|0.02|43.009|26.7786
23|48|0|225|8.7|29.0|158|26.7|62.7|0.00|0.02|43.0107|26.7786
23|49|0|180|5.8|29.0|158|26.8|62.7|0.00|0.02|43.0126|26.7786
23|50|0|180|3.2|29.0|158|26.8|62.7|0.00|0.02|43.0129|26.7786
23|51|0|180|5.8|29.0|158|26.8|62.7|0.00|0.02|43.0141|26.7786
23|52|0|203|5.8|29.0|158|26.9|62.7|0.00|0.02|43.0169|26.7786
23|53|0|180|5.8|29.0|158|26.9|62.7|0.00|0.02|43.0138|26.7786
23|54|0|180|4.8|29.0|158|27.0|62.6|0.00|0.02|43.0134|27.6913
23|55|0|135|2.9|29.0|158|27.3|62.5|0.00|0.02|43.0132|27.6913
23|56|0|180|7.3|29.0|158|27.4|62.4|0.00|0.02|43.0127|27.6913
23|57|0|225|7.3|29.0|158|27.5|62.3|0.00|0.02|43.0152|27.6913
23|59|0|180|4.8|29.0|158|27.6|62.3|0.00|0.02|43.0108|27.6913
