00|00|0|90|2.9|6.5|90|25.2|66.2|0.00|0.00|43.2952|29.224
00|01|0|90|2.9|6.5|90|25.1|66.1|0.00|0.00|43.2953|29.224
00|02|0|90|2.9|6.5|90|25.1|66.0|0.00|0.00|43.2972|29.224
00|04|0|45|1.6|6.5|90|24.9|65.9|0.00|0.00|43.2965|27.3867
00|05|0|90|2.9|6.5|90|25.0|65.9|0.00|0.00|43.2974|28.377
00|06|0|45|2.9|6.5|90|25.4|65.9|0.00|0.00|43.2984|28.377
00|07|0|90|3.2|6.5|90|25.8|65.8|0.00|0.00|43.3006|28.377
00|08|0|90|2.9|6.5|90|25.7|65.8|0.01|0.01|43.3025|28.377
00|09|0|45|4.8|6.5|90|25.6|65.6|0.01|0.01|43.3005|28.377
00|10|0|90|2.9|6.5|90|25.2|65.6|0.01|0.01|43.3032|28.377
00|11|0|135|2.9|6.5|90|25.0|65.6|0.01|0.01|43.3027|28.377
00|12|0|90|4.4|7.3|90|24.7|65.6|0.01|0.01|43.3024|27.3867
00|13|0|135|1.5|7.3|90|24.5|65.8|0.01|0.01|43.3022|27.3867
00|14|0|90|2.9|7.3|90|24.2|65.6|0.01|0.01|43.2972|27.3867
00|16|0|90|2.9|7.3|90|23.7|65.8|0.01|0.01|43.2998|26.3592
00|17|0|135|1.5|7.3|90|23.6|65.8|0.01|0.01|43.2996|26.3592
00|18|0|135|2.9|7.3|90|23.3|65.8|0.01|0.01|43.2964|26.3592
00|19|0|135|1.5|7.3|90|23.1|65.9|0.01|0.01|43.294|26.3592
00|20|0|90|1.5|7.3|90|23.0|66.0|0.01|0.01|43.2947|27.1982
00|21|0|135|0.0|7.3|90|23.1|66.1|0.01|0.01|43.296|27.1982
00|22|0|90|4.4|7.3|90|22.9|66.2|0.01|0.01|43.2959|26.1261
00|23|0|90|2.9|7.3|90|22.7|66.2|0.01|0.01|43.2941|26.1261
00|24|0|135|1.5|11.6|135|22.7|66.3|0.01|0.01|43.2948|26.1261
00|25|0|90|2.9|11.6|135|22.6|66.4|0.01|0.01|43.2949|26.1261
00|26|0|45|4.4|11.6|135|22.5|66.5|0.01|0.01|43.2924|26.1261
00|27|0|90|4.4|11.6|135|22.5|66.5|0.01|0.01|43.294|26.1261
00|28|0|135|0.0|11.6|135|22.8|66.7|0.01|0.01|43.2926|26.1261
00|29|0|90|2.9|11.6|135|22.8|66.7|0.01|0.01|43.2941|26.1261
00|30|0|0|2.9|11.6|135|22.5|66.8|0.01|0.01|43.2923|26.1261
00|31|0|135|0.0|11.6|135|22.6|66.8|0.01|0.01|43.2928|26.1261
00|33|0|135|0.0|11.6|135|22.3|66.8|0.01|0.01|43.2889|26.1261
00|35|0|135|1.5|11.6|135|22.3|66.8|0.01|0.01|43.288|26.1261
00|36|0|45|0.0|11.6|135|22.3|66.9|0.01|0.01|43.2877|26.1261
00|37|0|90|2.9|11.6|135|22.1|66.9|0.01|0.01|43.2874|26.1261
00|38|0|180|1.6|11.6|135|22.1|66.9|0.01|0.01|43.2859|26.1261
00|39|0|90|4.8|11.6|135|22.0|67.0|0.01|0.01|43.2827|26.9604
00|40|0|113|2.9|11.6|135|22.0|67.1|0.01|0.01|43.2865|26.9604
00|41|0|90|1.5|11.6|135|22.1|67.1|0.01|0.01|43.2846|26.9604
00|42|0|113|1.5|11.6|135|22.1|67.2|0.01|0.01|43.2865|26.9604
00|43|0|135|1.5|11.6|135|22.0|67.2|0.01|0.01|43.2877|26.9604
00|44|0|135|3.2|11.6|135|22.0|67.2|0.01|0.01|43.2877|26.9604
00|45|0|180|1.5|11.6|135|22.1|67.3|0.01|0.01|43.288|26.9604
00|46|0|90|1.6|11.6|135|22.1|67.3|0.01|0.01|43.29|26.9604
00|47|0|90|4.4|11.6|135|22.0|67.3|0.01|0.01|43.2868|26.9604
00|49|0|135|2.9|11.6|135|22.1|67.3|0.01|0.01|43.2867|26.9604
00|50|0|180|1.6|11.6|135|22.3|67.3|0.01|0.01|43.287|26.9604
00|51|0|90|1.5|11.6|135|22.3|67.3|0.01|0.01|43.285|26.9604
00|52|0|90|2.9|11.6|135|22.4|67.2|0.01|0.01|43.2855|26.9604
00|53|0|90|5.8|11.6|135|22.5|67.1|0.01|0.01|43.2846|26.9604
00|54|0|90|4.4|11.6|135|22.6|67.1|0.01|0.01|43.2862|26.9604
00|55|0|90|2.9|11.6|135|22.4|67.0|0.01|0.01|43.2861|26.9604
00|56|0|90|4.4|11.6|135|22.5|67.0|0.01|0.01|43.2862|26.9604
00|57|0|90|3.2|11.6|135|22.8|66.9|0.01|0.01|43.2854|26.1261
00|58|0|90|5.8|11.6|135|22.8|66.9|0.01|0.01|43.2861|26.1261
00|59|0|68|5.8|11.6|135|22.9|66.9|0.01|0.01|43.2857|26.1261
01|00|0|135|2.9|11.6|135|22.9|66.9|0.01|0.01|43.2861|26.1261
01|01|0|135|2.9|11.6|135|22.8|66.9|0.01|0.01|43.2885|26.1261
01|03|0|90|1.5|11.6|135|22.8|66.9|0.01|0.01|43.2873|26.1261
01|04|0|45|4.4|11.6|135|23.0|67.0|0.01|0.01|43.2885|28.0368
01|05|0|90|1.5|11.6|135|23.0|67.0|0.01|0.01|43.289|28.0368
01|06|0|90|4.4|11.6|135|23.0|66.9|0.01|0.01|43.2869|27.1982
01|07|0|90|2.9|11.6|135|23.0|66.9|0.01|0.01|43.2889|27.1982
01|08|0|135|3.2|11.6|135|23.0|66.9|0.00|0.01|43.2893|27.1982
01|10|0|90|1.5|11.6|135|23.4|66.9|0.00|0.01|43.288|27.1982
01|11|0|135|3.2|11.6|135|23.4|66.9|0.00|0.01|43.2886|27.1982
01|14|0|135|3.2|11.6|135|23.4|66.8|0.00|0.01|43.2872|27.1982
01|15|0|0|1.5|11.6|135|23.7|66.8|0.00|0.01|43.288|27.1982
01|16|0|225|1.5|11.6|135|23.8|66.8|0.00|0.01|43.2865|27.1982
01|17|0|135|2.9|11.6|135|23.7|66.7|0.00|0.01|43.2879|27.1982
01|19|0|135|4.4|11.6|135|23.8|66.7|0.00|0.01|43.2873|27.1982
01|20|0|90|1.5|11.6|135|23.7|66.5|0.00|0.01|43.2859|27.1982
01|21|0|135|1.5|11.6|135|23.8|66.5|0.00|0.01|43.2855|27.1982
01|22|0|135|2.9|11.6|135|23.8|66.5|0.00|0.01|43.2844|27.1982
01|23|0|90|2.9|11.6|135|23.9|66.5|0.00|0.01|43.2872|27.1982
01|24|0|135|4.4|11.6|135|23.9|66.5|0.00|0.01|43.2857|27.1982
01|25|0|135|1.5|11.6|135|24.0|66.4|0.00|0.01|43.2861|28.2298
01|26|0|135|2.9|11.6|135|24.2|66.4|0.00|0.01|43.2845|28.2298
01|28|0|135|3.2|11.6|135|24.5|66.3|0.00|0.01|43.2854|28.2298
01|29|0|90|2.9|11.6|135|24.7|66.3|0.00|0.01|43.2859|28.2298
01|31|0|0|2.9|11.6|135|24.7|66.2|0.00|0.01|43.2843|28.2298
01|32|0|90|1.6|11.6|135|24.7|66.2|0.00|0.01|43.283|28.2298
01|34|0|135|1.6|11.6|135|24.5|66.1|0.00|0.01|43.2849|28.2298
01|35|0|135|1.5|11.6|135|24.5|66.1|0.00|0.01|43.2841|28.2298
01|36|0|90|2.9|11.6|135|24.4|66.1|0.00|0.01|43.285|28.2298
01|37|0|90|4.4|11.6|135|24.6|66.1|0.00|0.01|43.2849|28.2298
01|38|0|180|1.5|11.6|135|24.6|66.2|0.00|0.01|43.2854|28.2298
01|39|0|90|2.9|11.6|135|24.6|66.2|0.00|0.01|43.2869|28.2298
01|41|0|180|1.5|11.6|135|24.4|66.1|0.00|0.01|43.2861|28.2298
01|42|0|113|0.0|11.6|135|24.4|66.1|0.00|0.01|43.2847|28.2298
01|44|0|45|0.0|11.6|135|24.4|66.0|0.00|0.01|43.2828|28.2298
01|45|0|113|1.6|11.6|135|24.4|66.0|0.00|0.01|43.2836|28.2298
01|46|0|90|2.9|11.6|135|24.7|66.0|0.00|0.01|43.2834|28.2298
01|47|0|135|1.5|11.6|135|24.7|65.9|0.00|0.01|43.284|27.3867
01|48|0|135|2.9|11.6|135|24.7|65.9|0.00|0.01|43.2816|27.3867
01|49|0|135|4.4|11.6|135|24.8|65.8|0.00|0.01|43.2832|27.3867
01|50|0|90|1.5|11.6|135|24.9|65.6|0.00|0.01|43.2808|27.3867
01|51|0|135|4.4|11.6|135|25.0|65.6|0.00|0.01|43.2801|28.377
01|52|0|135|2.9|11.6|135|25.1|65.5|0.00|0.01|43.2829|28.377
01|53|0|135|4.4|11.6|135|25.2|65.5|0.00|0.01|43.2822|28.377
01|54|0|45|1.6|11.6|135|25.1|65.5|0.00|0.01|43.2828|28.377
01|55|0|180|0.0|11.6|135|25.1|65.4|0.00|0.01|43.2815|28.377
01|56|0|135|1.5|11.6|135|25.1|65.4|0.00|0.01|43.2795|28.377
01|58|0|90|1.5|11.6|135|24.9|65.4|0.00|0.01|43.2807|27.3867
01|59|0|135|2.9|11.6|135|25.1|65.4|0.00|0.01|43.2823|28.377
02|00|0|180|4.4|11.6|135|25.0|65.3|0.00|0.01|43.2805|28.377
02|01|0|135|4.4|11.6|135|25.0|65.4|0.00|0.01|43.2848|28.377
02|02|0|135|1.6|11.6|135|24.6|65.3|0.00|0.01|43.283|27.3867
02|03|0|90|2.9|11.6|135|24.6|65.3|0.00|0.01|43.2802|27.3867
02|04|0|135|2.9|11.6|135|24.5|65.3|0.00|0.01|43.2812|27.3867
02|05|0|225|3.2|11.6|135|24.6|65.3|0.00|0.01|43.2818|27.3867
02|06|0|90|2.9|11.6|135|24.5|65.3|0.00|0.01|43.2837|27.3867
02|07|0|90|6.4|11.6|135|24.4|65.3|0.00|0.01|43.279|27.3867
02|09|0|113|3.2|11.6|135|24.4|65.3|0.00|0.01|43.2793|27.3867
02|10|0|135|2.9|11.6|135|24.3|65.4|0.00|0.01|43.2786|27.3867
02|11|0|90|1.5|11.6|135|24.2|65.4|0.00|0.01|43.2789|27.3867
02|13|0|0|1.5|11.6|135|24.2|65.5|0.00|0.01|43.2781|27.3867
02|14|0|45|1.6|11.6|135|24.2|65.5|0.00|0.01|43.279|27.3867
02|15|0|180|1.5|11.6|135|24.3|65.5|0.00|0.01|43.28|27.3867
02|16|0|180|2.9|11.6|135|24.4|65.5|0.00|0.01|43.2804|27.3867
02|17|0|225|4.4|11.6|135|24.4|65.6|0.00|0.01|43.2777|27.3867
02|20|0|90|2.9|11.6|135|24.2|65.6|0.00|0.01|43.2749|27.3867
02|21|0|45|2.9|11.6|135|24.0|65.5|0.00|0.01|43.2751|27.3867
02|22|0|90|5.8|11.6|135|24.1|65.5|0.00|0.01|43.2788|27.3867
02|23|0|90|1.6|11.6|135|24.2|65.5|0.00|0.01|43.2793|27.3867
02|24|0|180|2.9|11.6|135|24.4|65.5|0.00|0.01|43.2811|27.3867
02|25|0|135|3.2|11.6|135|24.6|65.5|0.00|0.01|43.2818|27.3867
02|26|0|0|1.5|11.6|135|24.4|65.5|0.00|0.01|43.2834|27.3867
02|27|0|90|2.9|11.6|135|24.4|65.4|0.00|0.01|43.2825|27.3867
02|28|0|135|1.5|11.6|135|24.5|65.4|0.00|0.01|43.2846|27.3867
02|29|0|135|1.5|11.6|135|24.3|65.3|0.00|0.01|43.2854|27.3867
02|30|0|45|4.8|11.6|135|24.3|65.3|0.00|0.01|43.2845|27.3867
02|32|0|135|1.5|11.6|135|24.5|65.3|0.00|0.01|43.2844|27.3867
02|33|0|45|2.9|11.6|135|24.4|65.3|0.00|0.01|43.2815|27.3867
02|34|0|135|1.5|11.6|135|24.4|65.3|0.00|0.01|43.2813|27.3867
02|35|0|135|1.5|11.6|135|24.4|65.2|0.00|0.01|43.2812|27.3867
02|36|0|135|1.5|11.6|135|24.6|65.2|0.00|0.01|43.2821|27.3867
02|37|0|135|1.5|11.6|135|24.6|65.1|0.00|0.01|43.2839|27.3867
02|38|0|90|2.9|11.6|135|24.6|65.1|0.00|0.01|43.2856|27.3867
02|39|0|45|4.4|11.6|135|24.6|65.0|0.00|0.01|43.2832|27.3867
02|40|0|90|1.5|11.6|135|24.6|64.9|0.00|0.01|43.2813|26.5434
02|41|0|135|0.0|11.6|135|24.6|64.9|0.00|0.01|43.2808|26.5434
02|43|0|90|3.2|11.6|135|24.7|64.9|0.00|0.01|43.2838|26.5434
02|44|0|180|1.6|11.6|135|24.9|64.7|0.00|0.01|43.2831|26.5434
02|45|0|180|1.5|11.6|135|25.1|64.7|0.00|0.01|43.2859|27.5297
02|46|0|135|2.9|11.6|135|25.0|64.7|0.00|0.01|43.2831|27.5297
02|47|0|158|1.5|11.6|135|24.8|64.6|0.00|0.01|43.2822|26.5434
02|48|0|90|1.6|11.6|135|24.9|64.6|0.00|0.01|43.2823|26.5434
02|49|0|135|1.6|11.6|135|25.1|64.6|0.00|0.01|43.2843|27.5297
02|50|0|90|2.9|11.6|135|25.2|64.6|0.00|0.01|43.285|27.5297
02|52|0|90|3.2|11.6|135|25.1|64.4|0.00|0.01|43.2844|27.5297
02|54|0|90|2.9|11.6|135|25.5|64.4|0.00|0.01|43.2821|27.5297
02|55|0|90|5.8|11.6|135|25.8|64.3|0.00|0.01|43.2827|27.5297
02|56|0|90|4.4|11.6|135|25.7|64.3|0.00|0.01|43.2841|27.5297
02|58|0|90|4.8|11.6|135|25.6|64.2|0.00|0.01|43.2828|27.5297
02|59|0|90|5.8|11.6|135|25.5|64.2|0.00|0.01|43.2832|27.5297
03|00|0|180|2.9|11.6|135|25.6|64.2|0.00|0.01|43.2834|27.5297
03|01|0|90|1.5|11.6|135|25.4|64.1|0.00|0.01|43.282|27.5297
03|03|0|45|8.7|11.6|135|25.5|64.1|0.00|0.01|43.2788|27.5297
03|05|0|135|4.4|11.6|135|25.5|64.1|0.00|0.01|43.2783|27.5297
03|06|0|45|5.8|11.6|135|25.3|64.1|0.00|0.01|43.2766|27.5297
03|07|0|315|3.2|11.6|135|25.5|64.1|0.00|0.01|43.2746|27.5297
03|08|0|135|8.7|11.6|135|25.5|64.1|0.00|0.01|43.276|27.5297
03|10|0|225|9.7|14.5|135|25.8|64.0|0.00|0.01|43.2748|27.5297
03|11|0|90|11.6|14.5|135|25.8|63.8|0.00|0.01|43.275|26.6821
03|12|0|135|11.6|14.5|135|25.9|63.8|0.00|0.01|43.2782|26.6821
03|13|0|135|2.9|14.5|135|26.0|63.7|0.00|0.01|43.2807|27.6303
03|15|0|135|2.9|14.5|135|26.2|63.7|0.00|0.01|43.2788|27.6303
03|16|0|90|7.3|14.5|135|26.2|63.7|0.00|0.01|43.2736|27.6303
03|17|0|135|1.5|14.5|135|26.4|63.7|0.00|0.01|43.2765|27.6303
03|18|0|180|5.8|14.5|135|26.3|63.6|0.00|0.01|43.2746|27.6303
03|19|0|135|4.8|16.1|180|26.1|63.6|0.00|0.01|43.276|27.6303
03|20|0|180|2.9|16.1|180|26.0|63.6|0.00|0.01|43.276|27.6303
03|21|0|135|2.9|16.1|180|26.1|63.7|0.00|0.01|43.2805|27.6303
03|22|0|90|2.9|16.1|180|26.2|63.7|0.00|0.01|43.2814|27.6303
03|23|0|90|2.9|16.1|180|26.1|63.7|0.00|0.01|43.2797|27.6303
03|24|0|90|4.4|16.1|180|26.2|63.6|0.00|0.01|43.2779|27.6303
03|25|0|135|4.8|16.1|180|26.3|63.6|0.00|0.01|43.2845|27.6303
03|26|0|45|4.4|16.1|180|26.3|63.6|0.00|0.01|43.2793|27.6303
03|28|0|135|5.8|16.1|180|26.4|63.5|0.00|0.01|43.2815|27.6303
03|29|0|45|3.2|16.1|180|26.5|63.5|0.00|0.01|43.2782|27.6303
03|30|0|135|2.9|16.1|180|26.4|63.5|0.00|0.01|43.2829|27.6303
03|31|0|90|0.0|16.1|180|26.4|63.4|0.00|0.01|43.2801|27.6303
03|32|0|90|4.4|16.1|180|26.5|63.5|0.00|0.01|43.2808|27.6303
03|33|0|90|4.8|16.1|180|26.3|63.5|0.00|0.01|43.2799|27.6303
03|34|0|158|3.2|16.1|180|26.2|63.5|0.00|0.01|43.2809|27.6303
03|35|0|113|4.4|16.1|180|26.2|63.5|0.00|0.01|43.2781|27.6303
03|36|0|90|1.6|16.1|180|26.1|63.6|0.00|0.01|43.2771|27.6303
03|38|0|23|6.4|16.1|180|26.2|63.6|0.00|0.01|43.2786|27.6303
03|40|0|90|3.2|16.1|180|26.3|63.6|0.00|0.01|43.2777|27.6303
03|42|0|45|1.5|16.1|180|26.4|63.7|0.00|0.01|43.2773|27.6303
03|43|0|270|2.9|16.1|180|26.4|63.7|0.00|0.01|43.2782|27.6303
03|44|0|135|2.9|16.1|180|26.2|63.6|0.00|0.01|43.2818|27.6303
03|45|0|45|1.5|16.1|180|26.1|63.7|0.00|0.01|43.2815|27.6303
03|46|0|135|1.5|16.1|180|25.9|63.7|0.00|0.01|43.2788|26.6821
03|47|0|90|1.6|16.1|180|25.7|63.7|0.00|0.01|43.2821|26.6821
03|48|0|135|2.9|16.1|180|25.6|63.7|0.00|0.01|43.2799|26.6821
03|49|0|135|4.8|16.1|180|25.6|63.7|0.00|0.01|43.2832|26.6821
03|50|0|270|4.8|16.1|180|25.6|63.7|0.00|0.01|43.2816|26.6821
03|51|0|135|2.9|16.1|180|25.3|63.8|0.00|0.01|43.2801|26.6821
03|52|0|45|1.6|16.1|180|25.3|63.8|0.00|0.01|43.2827|26.6821
03|53|0|135|3.2|16.1|180|25.2|64.0|0.00|0.01|43.2838|27.5297
03|55|0|180|3.2|16.1|180|25.0|64.0|0.00|0.01|43.285|27.5297
03|56|0|135|4.8|16.1|180|25.1|64.1|0.00|0.01|43.288|27.5297
03|57|0|90|4.4|16.1|180|25.1|64.1|0.00|0.01|43.287|27.5297
03|58|0|45|4.4|16.1|180|25.0|64.2|0.00|0.01|43.2857|27.5297
03|59|0|0|3.2|16.1|180|24.8|64.3|0.00|0.01|43.2844|26.5434
04|00|0|135|1.5|16.1|180|24.5|64.3|0.00|0.01|43.2843|26.5434
04|01|0|45|4.8|16.1|180|24.1|64.4|0.00|0.01|43.2852|26.5434
04|02|0|180|4.8|16.1|180|23.7|64.5|0.00|0.01|43.2836|25.52
04|03|0|135|4.4|16.1|180|23.7|64.5|0.00|0.01|43.2856|25.52
04|04|0|90|4.8|16.1|180|23.7|64.6|0.00|0.01|43.2863|25.52
04|05|0|90|1.6|16.1|180|23.7|64.6|0.00|0.01|43.2874|25.52
04|06|0|90|2.9|16.1|180|23.6|64.6|0.00|0.01|43.288|25.52
04|07|0|135|3.2|16.1|180|23.7|64.6|0.00|0.01|43.2867|25.52
04|08|0|135|3.2|16.1|180|23.7|64.7|0.00|0.01|43.2868|25.52
04|09|0|135|8.1|16.1|180|23.6|64.7|0.00|0.01|43.2834|25.52
04|11|0|90|10.2|16.1|180|23.5|64.7|0.00|0.01|43.2843|25.52
04|12|0|90|3.2|16.1|180|23.6|64.7|0.00|0.01|43.2856|25.52
04|13|0|180|2.9|16.1|180|23.6|64.7|0.00|0.01|43.2828|25.52
04|14|0|113|4.8|16.1|180|23.7|64.7|0.00|0.01|43.2847|25.52
04|15|0|45|4.4|16.1|180|23.8|64.7|0.00|0.01|43.2848|25.52
04|16|0|135|4.4|16.1|180|23.7|64.7|0.00|0.01|43.2828|25.52
04|17|0|90|5.8|16.1|180|23.5|64.7|0.00|0.01|43.2815|25.52
04|18|0|90|4.4|16.1|180|23.4|64.7|0.00|0.01|43.2821|25.52
04|19|0|135|2.9|16.1|180|23.5|64.7|0.00|0.01|43.2824|25.52
04|20|0|135|2.9|16.1|180|23.4|64.7|0.00|0.01|43.2813|25.52
04|21|0|45|3.2|16.1|180|23.3|64.7|0.00|0.01|43.2821|25.52
04|22|0|180|1.5|16.1|180|23.5|64.7|0.00|0.01|43.2838|25.52
04|25|0|225|2.9|16.1|180|23.2|64.7|0.00|0.01|43.2834|25.52
04|26|0|90|6.4|16.1|180|22.9|64.9|0.00|0.01|43.2824|24.4564
04|27|0|68|4.4|16.1|180|22.8|64.9|0.00|0.01|43.2833|24.4564
04|28|0|135|3.2|16.1|180|22.8|64.9|0.00|0.01|43.2846|24.4564
04|29|0|135|6.4|16.1|180|22.8|65.0|0.00|0.01|43.2832|25.2914
04|30|0|203|1.5|16.1|180|22.7|65.0|0.00|0.01|43.283|25.2914
04|31|0|180|0.0|16.1|180|22.8|65.1|0.00|0.01|43.2861|25.2914
04|33|0|135|4.8|16.1|180|22.7|65.0|0.00|0.01|43.2862|25.2914
04|35|0|135|5.8|16.1|180|22.9|65.0|0.00|0.01|43.2877|25.2914
04|36|0|180|1.5|16.1|180|22.9|64.9|0.00|0.01|43.2873|24.4564
04|37|0|180|5.8|16.1|180|23.1|64.9|0.00|0.01|43.2893|25.52
04|38|0|135|2.9|16.1|180|23.3|64.7|0.00|0.01|43.2887|25.52
04|39|0|135|5.8|16.1|180|23.3|64.6|0.00|0.01|43.2889|25.52
04|41|0|225|2.9|16.1|180|23.7|64.5|0.00|0.01|43.2903|25.52
04|42|0|180|3.2|16.1|180|23.9|64.5|0.00|0.01|43.2913|25.52
04|43|0|158|4.4|16.1|180|24.2|64.4|0.00|0.01|43.2874|26.5434
04|44|0|158|2.9|16.1|180|24.2|64.3|0.00|0.01|43.2904|26.5434
04|45|0|90|5.8|16.1|180|24.3|64.2|0.00|0.01|43.2896|26.5434
04|46|0|135|7.3|16.1|180|24.5|64.1|0.00|0.01|43.2913|26.5434
04|47|0|135|7.3|16.1|180|24.7|64.0|0.00|0.01|43.2917|26.5434
04|48|0|135|4.4|16.1|180|25.0|63.8|0.00|0.01|43.2913|26.6821
04|49|0|180|3.2|16.1|180|25.2|63.7|0.00|0.01|43.2941|26.6821
04|50|0|135|2.9|16.1|180|25.3|63.5|0.00|0.01|43.2959|26.6821
04|52|0|135|7.3|16.1|180|25.3|63.4|0.00|0.01|43.2956|26.6821
04|53|0|135|4.4|16.1|180|25.3|63.2|0.00|0.01|43.292|26.6821
04|54|0|135|1.5|16.1|180|25.4|63.0|0.00|0.01|43.2925|26.6821
04|55|0|180|4.4|16.1|180|25.6|62.9|0.00|0.01|43.29|25.8342
04|56|0|135|3.2|16.1|180|25.6|62.8|0.00|0.01|43.2879|25.8342
04|57|0|135|1.6|16.1|180|25.6|62.7|0.00|0.01|43.2873|25.8342
04|58|0|135|5.8|16.1|180|25.5|62.6|0.00|0.01|43.2874|25.8342
04|59|0|90|8.1|16.1|180|25.3|62.5|0.00|0.01|43.2877|25.8342
05|00|0|90|3.2|16.1|180|25.9|62.6|0.00|0.01|43.2853|25.8342
05|01|0|135|2.9|16.1|180|26.2|62.6|0.00|0.01|43.2845|26.7786
05|02|0|68|1.5|16.1|180|26.2|62.7|0.00|0.01|43.2854|26.7786
05|03|0|90|4.4|16.1|180|26.4|62.8|0.00|0.01|43.2853|26.7786
05|04|0|90|2.9|16.1|180|26.6|62.9|0.00|0.01|43.2867|26.7786
05|05|0|135|3.2|16.1|180|26.1|62.9|0.00|0.01|43.2854|26.7786
05|07|0|68|2.9|16.1|180|26.8|63.0|0.00|0.01|43.2859|27.6303
05|08|0|135|1.6|16.1|180|26.2|63.0|0.00|0.01|43.2849|27.6303
05|09|0|180|5.8|16.1|180|25.5|63.0|0.00|0.01|43.2836|26.6821
05|10|0|135|4.4|16.1|180|25.2|63.0|0.00|0.01|43.2867|26.6821
05|11|0|135|2.9|16.1|180|25.2|63.0|0.00|0.01|43.2862|26.6821
05|12|0|90|4.4|16.1|180|25.1|63.0|0.00|0.01|43.2863|26.6821
05|13|0|90|4.4|16.1|180|25.3|63.0|0.00|0.01|43.2859|26.6821
05|14|0|135|4.4|16.1|180|25.2|63.0|0.00|0.01|43.2892|26.6821
05|15|0|135|3.2|16.1|180|25.4|62.9|0.00|0.01|43.2878|25.8342
05|16|0|113|8.1|16.1|180|25.4|62.9|0.00|0.01|43.2869|25.8342
05|18|0|135|4.8|16.1|180|25.5|62.9|0.00|0.01|43.2872|25.8342
05|19|0|135|2.9|16.1|180|25.4|62.9|0.00|0.01|43.2834|25.8342
05|20|0|135|4.4|16.1|180|25.3|62.8|0.00|0.01|43.284|25.8342
05|21|0|68|2.9|16.1|180|25.5|62.7|0.00|0.01|43.2814|25.8342
05|22|0|90|5.8|16.1|180|25.2|62.6|0.00|0.01|43.2823|25.8342
05|23|0|225|4.4|16.1|180|25.3|62.6|0.00|0.01|43.2821|25.8342
05|24|0|135|5.8|16.1|180|25.3|62.6|0.00|0.01|43.2802|25.8342
05|26|0|113|5.8|16.1|180|25.4|62.6|0.00|0.01|43.2804|25.8342
05|27|0|113|4.4|16.1|180|25.3|62.6|0.00|0.01|43.282|25.8342
05|28|0|135|4.4|16.1|180|25.5|62.7|0.00|0.01|43.2825|25.8342
05|31|0|45|4.8|16.1|180|26.1|62.8|0.00|0.01|43.284|26.7786
05|32|0|180|2.9|16.1|180|25.8|62.7|0.00|0.01|43.2839|25.8342
05|33|0|90|3.2|16.1|180|25.8|62.7|0.00|0.01|43.2845|25.8342
05|34|0|135|2.9|16.1|180|25.5|62.6|0.00|0.01|43.284|25.8342
05|35|0|180|4.4|16.1|180|25.6|62.6|0.00|0.01|43.2832|25.8342
05|36|0|135|4.8|16.1|90|25.5|62.4|0.00|0.01|43.2816|25.8342
05|37|0|135|4.4|16.1|90|25.6|62.3|0.00|0.01|43.2806|25.8342
05|38|0|180|2.9|16.1|90|25.7|62.2|0.00|0.01|43.2781|25.8342
05|39|0|135|13.1|16.1|90|26.0|62.0|0.00|0.01|43.2723|26.7786
05|40|0|225|4.4|16.1|90|26.2|61.9|0.00|0.01|43.2775|25.9266
05|41|0|180|6.4|16.1|90|26.6|61.9|0.00|0.01|43.2738|25.9266
05|43|0|90|7.3|16.1|90|26.3|61.8|0.00|0.01|43.2774|25.9266
05|44|0|135|4.4|16.1|90|26.0|61.8|0.00|0.01|43.2795|25.9266
05|45|0|90|6.4|16.1|90|26.5|61.9|0.00|0.01|43.2801|25.9266
05|46|0|180|1.5|16.1|90|27.0|61.8|0.00|0.01|43.2765|26.8356
05|47|0|135|4.4|16.1|90|26.4|61.9|0.00|0.01|43.2775|25.9266
05|48|0|135|4.4|16.1|90|25.8|61.9|0.00|0.01|43.2762|24.9861
05|49|0|135|2.9|16.1|90|25.8|62.0|0.00|0.01|43.2789|25.8342
05|50|0|45|4.8|16.1|90|25.7|62.0|0.00|0.01|43.2783|25.8342
05|51|0|180|1.5|16.1|90|26.0|62.0|0.00|0.01|43.2801|26.7786
05|52|0|90|6.5|16.1|90|26.4|62.0|0.00|0.01|43.2792|26.7786
05|53|0|90|1.6|16.1|90|26.7|62.0|0.00|0.01|43.28|26.7786
05|56|0|135|2.9|16.1|90|26.5|62.2|0.00|0.01|43.2828|26.7786
05|57|0|135|1.6|16.1|90|26.7|62.2|0.01|0.02|43.2836|26.7786
05|58|0|45|7.3|16.1|90|26.7|62.2|0.01|0.02|43.2801|26.7786
05|59|0|45|5.8|16.1|90|27.0|62.0|0.01|0.02|43.2827|27.6913
06|00|0|45|1.5|16.1|90|27.2|62.0|0.01|0.02|43.2872|27.6913
06|02|0|90|5.8|16.1|90|27.7|61.9|0.01|0.02|43.2852|26.8356
06|03|0|90|5.8|16.1|90|27.3|61.8|0.01|0.02|43.284|26.8356
06|04|0|135|4.4|16.1|90|27.2|61.8|0.01|0.02|43.2868|26.8356
06|06|0|90|1.5|16.1|90|27.2|61.7|0.01|0.02|43.2919|26.8356
06|07|0|0|2.9|16.1|90|27.4|61.7|0.01|0.02|43.2927|26.8356
06|08|0|45|2.9|16.1|90|27.9|61.7|0.01|0.02|43.2967|26.8356
06|09|0|90|2.9|16.1|90|27.1|61.6|0.01|0.02|43.2964|26.8356
06|10|0|90|1.5|16.1|90|27.4|61.6|0.01|0.02|43.2967|26.8356
06|11|0|90|1.5|16.1|90|28.1|61.6|0.01|0.02|43.2999|27.7153
06|12|0|45|4.4|16.1|90|27.7|61.6|0.01|0.02|43.2976|26.8356
06|13|0|90|3.2|16.1|90|27.4|61.6|0.01|0.02|43.2973|26.8356
06|14|0|90|1.5|16.1|90|27.3|61.6|0.01|0.02|43.2996|26.8356
06|15|0|180|2.9|16.1|90|27.3|61.6|0.01|0.02|43.2988|26.8356
06|16|0|180|2.9|16.1|90|26.9|61.5|0.01|0.02|43.2985|25.9266
06|18|0|135|1.6|16.1|90|26.9|61.5|0.01|0.02|43.3022|25.9266
06|19|0|135|1.5|16.1|90|27.1|61.4|0.01|0.02|43.2997|26.8356
06|20|0|90|3.2|16.1|90|27.1|61.2|0.01|0.02|43.2956|26.8356
06|21|0|45|1.5|16.1|90|27.1|61.1|0.01|0.02|43.2982|26.8356
06|22|0|45|3.2|16.1|90|27.1|61.0|0.01|0.02|43.3005|26.8356
06|23|0|135|2.9|16.1|90|27.1|61.0|0.01|0.02|43.302|26.8356
06|24|0|135|1.5|16.1|90|27.2|60.9|0.01|0.02|43.3002|25.9797
06|25|0|135|4.8|16.1|90|27.4|61.0|0.01|0.02|43.2992|26.8356
06|27|0|180|4.4|16.1|90|27.6|60.9|0.01|0.02|43.3006|25.9797
06|29|0|135|2.9|16.1|90|28.1|60.9|0.01|0.02|43.3021|26.8558
06|30|0|158|0.0|16.1|90|28.2|60.9|0.01|0.02|43.3012|26.8558
06|31|0|90|4.8|16.1|90|28.4|60.8|0.01|0.02|43.3027|26.8558
06|33|0|45|2.9|16.1|90|27.9|60.9|0.01|0.02|43.3027|25.9797
06|34|0|90|1.5|16.1|90|27.8|60.9|0.01|0.02|43.3034|25.9797
06|35|0|90|1.6|16.1|90|27.9|60.9|0.01|0.02|43.3027|25.9797
06|36|0|180|4.4|16.1|90|27.6|60.9|0.01|0.02|43.3032|25.9797
06|37|0|180|1.5|16.1|90|27.6|61.0|0.01|0.02|43.3053|26.8356
06|38|0|180|1.5|16.1|90|27.9|61.1|0.01|0.02|43.3046|26.8356
06|39|0|113|1.6|16.1|90|27.8|61.2|0.01|0.02|43.3064|26.8356
06|40|0|135|1.6|16.1|90|28.0|61.4|0.01|0.02|43.3076|27.7153
06|41|0|135|5.8|16.1|90|28.0|61.5|0.01|0.02|43.3083|27.7153
06|42|0|135|3.2|16.1|90|28.1|61.5|0.01|0.02|43.3072|27.7153
06|43|0|180|1.6|16.1|90|28.4|61.6|0.01|0.02|43.3085|27.7153
06|44|0|135|1.5|16.1|90|28.6|61.7|0.01|0.02|43.3071|27.7153
06|46|0|90|1.6|16.1|90|28.6|61.7|0.01|0.02|43.3051|27.7153
06|47|0|135|2.9|16.1|90|28.2|61.7|0.01|0.02|43.3036|27.7153
06|48|0|203|2.9|16.1|90|28.1|61.8|0.01|0.02|43.3061|27.7153
06|49|0|135|2.9|16.1|90|28.3|61.8|0.01|0.02|43.3078|27.7153
06|51|0|135|4.4|16.1|90|28.2|61.8|0.01|0.02|43.3075|27.7153
06|52|0|90|0.0|16.1|90|28.4|61.9|0.01|0.02|43.3085|27.7153
06|53|0|90|1.5|16.1|90|28.4|61.8|0.01|0.02|43.3101|27.7153
06|54|0|180|2.9|16.1|90|28.5|61.9|0.01|0.02|43.3114|27.7153
06|55|0|135|2.9|16.1|90|28.8|61.9|0.01|0.02|43.3125|27.7153
06|56|0|90|1.5|16.1|90|29.0|62.0|0.01|0.02|43.3134|29.4304
06|57|0|113|1.5|16.1|90|28.7|62.0|0.00|0.02|43.3119|28.5746
06|58|0|90|1.6|16.1|90|29.0|62.0|0.00|0.02|43.3112|29.4304
06|59|0|90|1.5|16.1|90|28.7|62.0|0.00|0.02|43.3125|28.5746
07|00|0|90|1.6|16.1|90|28.8|62.0|0.00|0.02|43.3103|28.5746
07|01|0|0|1.6|16.1|90|28.8|62.2|0.00|0.02|43.3103|28.5746
07|02|0|113|1.5|16.1|90|28.7|62.3|0.00|0.02|43.3099|28.5746
07|04|0|135|2.9|16.1|90|28.6|62.4|0.00|0.02|43.3105|28.5746
07|05|0|90|0.0|16.1|90|28.8|62.4|0.00|0.02|43.3087|28.5746
07|06|0|90|0.0|16.1|90|29.1|62.5|0.00|0.02|43.31|29.4304
07|07|0|135|2.9|16.1|90|29.5|62.5|0.00|0.02|43.3108|29.4304
07|08|0|158|2.9|16.1|90|29.3|62.5|0.00|0.02|43.311|29.4304
07|09|0|135|1.5|16.1|90|29.3|62.6|0.00|0.02|43.312|29.4304
07|10|0|90|1.5|16.1|90|28.8|62.7|0.00|0.02|43.3127|28.5746
07|11|0|135|0.0|16.1|90|28.5|62.8|0.00|0.02|43.3111|28.5746
07|12|0|135|1.5|16.1|90|28.3|62.9|0.00|0.02|43.3146|28.5746
07|13|0|135|1.5|16.1|90|28.7|63.0|0.00|0.02|43.3167|29.4336
07|15|0|158|1.5|16.1|90|27.8|63.3|0.00|0.02|43.3165|28.5467
07|17|0|225|1.6|16.1|90|28.0|63.5|0.00|0.02|43.3188|29.4336
07|18|0|90|3.2|16.1|90|27.6|63.6|0.00|0.02|43.3202|28.5467
07|19|0|135|0.0|16.1|90|27.2|63.7|0.00|0.02|43.3222|28.5467
07|20|0|135|1.6|16.1|90|27.0|63.8|0.00|0.02|43.3215|28.5467
07|21|0|45|5.8|16.1|90|26.8|64.0|0.00|0.02|43.3217|28.4817
07|22|0|90|6.4|16.1|90|26.4|64.1|0.00|0.02|43.325|28.4817
07|23|0|90|3.2|16.1|90|26.0|64.1|0.00|0.02|43.3247|28.4817
07|24|0|68|4.8|16.1|90|25.7|64.2|0.00|0.02|43.3254|27.5297
07|25|0|90|2.9|16.1|90|25.5|64.3|0.00|0.02|43.3274|27.5297
07|26|0|135|4.8|16.1|90|25.5|64.5|0.00|0.02|43.3277|27.5297
07|27|0|90|4.4|16.1|90|25.6|64.6|0.00|0.02|43.326|27.5297
07|28|0|90|0.0|16.1|90|25.5|64.7|0.00|0.02|43.3242|27.5297
07|29|0|113|6.4|16.1|90|25.3|64.9|0.00|0.02|43.3252|27.5297
07|30|0|45|4.8|16.1|90|25.5|64.9|0.00|0.02|43.3242|27.5297
07|32|0|90|4.8|16.1|90|25.2|64.9|0.00|0.02|43.3242|27.5297
07|33|0|135|1.5|16.1|90|25.5|65.1|0.00|0.02|43.3226|28.377
07|34|0|90|4.4|16.1|90|25.5|65.2|0.00|0.02|43.3231|28.377
07|35|0|90|2.9|16.1|90|25.8|65.4|0.00|0.02|43.3241|28.377
07|36|0|90|1.5|16.1|90|25.8|65.5|0.00|0.02|43.3243|28.377
07|38|0|68|2.9|16.1|90|25.4|65.8|0.00|0.02|43.3263|28.377
07|39|0|135|2.9|16.1|90|24.8|65.8|0.00|0.02|43.3272|27.3867
07|40|0|135|1.5|16.1|90|25.0|66.0|0.00|0.02|43.3277|29.224
07|41|0|90|1.5|16.1|90|25.0|66.1|0.00|0.02|43.3297|29.224
07|42|0|90|4.4|16.1|90|24.8|66.2|0.00|0.02|43.3296|28.2298
07|43|0|90|2.9|16.1|90|24.6|66.2|0.00|0.02|43.3303|28.2298
07|44|0|180|1.6|16.1|90|24.6|66.4|0.00|0.02|43.3276|28.2298
07|45|0|180|1.6|16.1|90|25.0|66.5|0.00|0.02|43.3283|29.224
07|47|0|90|1.6|16.1|90|25.0|66.7|0.00|0.02|43.327|29.224
07|48|0|90|7.3|16.1|90|24.7|66.8|0.00|0.02|43.3275|28.2298
07|49|0|45|3.2|16.1|90|24.8|66.9|0.00|0.02|43.3279|28.2298
07|50|0|45|1.6|16.1|90|24.4|67.0|0.00|0.02|43.3278|29.0725
07|51|0|90|2.9|16.1|90|24.4|67.1|0.00|0.02|43.3268|29.0725
07|52|0|68|1.6|16.1|90|24.5|67.2|0.00|0.02|43.3256|29.0725
07|53|0|90|4.8|16.1|90|24.4|67.3|0.00|0.02|43.3244|29.0725
07|54|0|135|1.5|16.1|90|24.1|67.3|0.00|0.02|43.3215|29.0725
07|55|0|0|2.9|16.1|90|24.2|67.4|0.00|0.02|43.3209|29.0725
07|57|0|90|1.5|16.1|90|23.8|67.6|0.00|0.02|43.3209|28.0368
07|58|0|90|2.9|16.1|90|23.9|67.7|0.00|0.02|43.3234|28.0368
08|00|0|135|5.8|16.1|90|23.6|67.7|0.00|0.02|43.3226|28.0368
08|01|0|135|8.7|16.1|90|23.8|67.7|0.00|0.02|43.323|28.0368
08|02|0|135|2.9|16.1|90|23.6|67.6|0.00|0.02|43.3234|28.0368
08|03|0|225|1.5|16.1|90|24.2|67.8|0.00|0.02|43.3231|29.0725
08|04|0|135|7.3|16.1|90|23.9|67.9|0.00|0.02|43.3254|28.0368
08|06|0|135|4.4|16.1|90|23.7|68.0|0.00|0.02|43.3226|28.8752
08|07|0|135|4.4|16.1|90|23.7|68.1|0.00|0.02|43.3246|28.8752
08|09|0|45|2.9|16.1|90|24.2|68.3|0.00|0.02|43.3259|29.915
08|10|0|135|5.8|16.1|90|23.9|68.2|0.00|0.02|43.3229|28.8752
08|11|0|135|1.5|16.1|90|24.3|68.3|0.00|0.02|43.324|29.915
08|12|0|90|5.8|16.1|90|24.4|68.5|0.00|0.02|43.3245|29.915
08|13|0|0|2.9|16.1|90|24.7|68.6|0.00|0.02|43.3251|29.915
08|14|0|45|2.9|16.1|90|24.4|68.7|0.00|0.02|43.3251|29.915
08|15|0|135|2.9|16.1|90|24.8|68.8|0.00|0.02|43.3266|29.915
08|16|0|90|2.9|16.1|90|24.8|69.0|0.00|0.02|43.3269|30.7571
08|18|0|225|1.5|16.1|90|24.1|69.2|0.00|0.02|43.3308|30.7571
08|19|0|135|2.9|16.1|90|24.0|69.4|0.00|0.02|43.3303|30.7571
08|20|0|90|1.5|16.1|90|23.9|69.5|0.00|0.02|43.3316|29.7132
08|22|0|90|4.4|16.1|90|24.4|69.6|0.00|0.02|43.3312|30.7571
08|23|0|90|4.4|16.1|90|23.6|69.6|0.00|0.02|43.33|29.7132
08|24|0|180|4.4|16.1|90|23.4|69.7|0.00|0.02|43.3325|29.7132
08|25|0|135|6.4|16.1|90|24.2|69.8|0.00|0.02|43.3328|30.7571
08|26|0|180|3.2|16.1|90|24.1|69.9|0.00|0.02|43.3315|30.7571
08|27|0|180|1.5|16.1|90|24.3|70.0|0.00|0.02|43.3335|31.599
08|28|0|135|1.6|16.1|90|24.6|70.1|0.00|0.02|43.3318|31.599
08|29|0|45|5.8|16.1|90|24.8|70.3|0.00|0.02|43.3286|31.599
08|30|0|135|2.9|16.1|90|24.7|70.5|0.00|0.02|43.3272|31.599
08|32|0|135|4.4|16.1|90|23.9|70.6|0.00|0.02|43.3273|30.5509
08|33|0|135|4.4|16.1|90|23.9|70.6|0.00|0.02|43.3241|30.5509
08|34|0|135|4.8|16.1|90|23.6|70.6|0.00|0.02|43.3272|30.5509
08|35|0|45|1.5|16.1|90|23.9|70.7|0.00|0.02|43.3262|30.5509
08|36|0|180|4.4|16.1|90|24.4|70.8|0.00|0.02|43.3269|31.599
08|38|0|45|1.5|16.1|90|24.8|70.9|0.00|0.02|43.3291|31.599
08|39|0|135|2.9|16.1|90|25.7|71.0|0.00|0.02|43.3301|33.4547
08|40|0|45|5.8|16.1|90|25.1|71.2|0.00|0.02|43.3279|33.4547
08|41|0|135|7.3|16.1|90|24.9|71.3|0.00|0.02|43.3291|32.4405
08|42|0|135|2.9|16.1|90|24.7|71.4|0.00|0.02|43.327|32.4405
08|43|0|45|9.7|16.1|90|23.9|71.4|0.00|0.02|43.3243|31.3883
08|44|0|45|1.6|16.1|90|24.6|71.5|0.00|0.02|43.326|32.4405
08|47|0|113|4.4|16.1|90|24.7|71.8|0.00|0.02|43.326|32.4405
08|48|0|135|1.6|16.1|90|24.8|71.9|0.00|0.02|43.3256|32.4405
08|49|0|90|5.8|16.1|90|24.6|72.2|0.00|0.02|43.3245|33.2818
08|50|0|90|1.6|16.1|90|22.6|72.1|0.00|0.02|43.3261|31.1277
08|52|0|90|4.8|16.1|90|22.8|72.1|0.00|0.02|43.325|31.1277
08|53|0|23|4.4|16.1|90|23.9|72.1|0.00|0.02|43.3263|32.2254
08|54|0|135|2.9|16.1|90|23.5|72.2|0.00|0.02|43.3265|32.2254
08|55|0|90|4.4|16.1|90|23.1|72.3|0.00|0.02|43.3253|32.2254
08|56|0|135|1.5|16.1|90|23.5|72.5|0.00|0.02|43.3261|32.2254
08|58|0|180|2.9|16.1|90|23.2|72.6|0.00|0.02|43.326|32.2254
08|59|0|225|2.9|16.1|90|22.8|72.7|0.00|0.02|43.3229|31.1277
09|00|0|45|1.5|16.1|90|22.7|73.0|0.00|0.02|43.3253|31.9602
09|02|0|113|1.5|16.1|90|23.2|73.3|0.00|0.02|43.3274|33.0622
09|03|0|90|5.8|16.1|90|21.9|73.2|0.00|0.02|43.3282|30.8129
09|04|0|90|1.6|16.1|90|22.6|73.3|0.00|0.02|43.326|31.9602
09|05|0|90|3.2|16.1|90|23.5|73.5|0.00|0.02|43.3283|33.0622
09|06|0|45|4.4|16.1|90|22.6|73.4|0.00|0.02|43.3272|31.9602
09|07|0|45|2.9|16.1|90|21.6|73.4|0.00|0.02|43.3273|30.8129
09|09|0|180|1.5|16.1|90|22.7|73.5|0.00|0.02|43.3258|31.9602
09|10|0|135|1.6|16.1|90|23.3|73.7|0.00|0.02|43.3253|33.0622
09|11|0|180|0.0|16.1|90|23.1|74.0|0.00|0.02|43.3289|33.8987
09|12|0|90|1.5|16.1|90|22.8|74.2|0.00|0.02|43.3283|32.7924
09|13|0|45|2.9|16.1|90|22.0|74.2|0.00|0.02|43.329|32.7924
09|14|0|135|4.4|16.1|90|22.5|74.4|0.00|0.02|43.3292|32.7924
09|15|0|90|4.4|16.1|90|22.0|74.5|0.00|0.02|43.3291|32.7924
09|16|0|90|4.8|16.1|90|21.5|74.6|0.00|0.02|43.3278|31.6406
09|18|0|135|2.9|16.1|90|21.6|74.6|0.00|0.02|43.329|31.6406
09|22|0|90|4.4|16.1|90|21.9|74.8|0.00|0.02|43.3252|31.6406
09|23|0|113|4.4|16.1|90|21.5|74.8|0.00|0.02|43.3292|31.6406
09|24|0|90|1.6|16.1|90|21.8|74.9|0.00|0.02|43.3277|31.6406
09|25|0|45|1.5|16.1|90|22.2|75.1|0.00|0.02|43.3278|33.6243
09|26|0|90|1.5|16.1|90|23.1|75.1|0.00|0.02|43.3285|34.7349
09|27|0|45|2.9|16.1|90|21.1|75.2|0.00|0.02|43.3284|32.468
09|28|0|45|4.4|16.1|90|21.1|75.3|0.00|0.02|43.3266|32.468
09|29|0|45|1.5|16.1|90|22.0|75.4|0.00|0.02|43.3297|33.6243
09|30|0|135|3.2|16.1|90|22.5|75.7|0.00|0.02|43.3312|33.6243
09|32|0|135|5.8|16.1|90|21.6|75.8|0.00|0.02|43.329|32.468
09|33|0|90|1.5|16.1|90|21.1|75.9|0.00|0.02|43.3305|32.468
09|34|0|180|2.9|16.1|90|20.6|76.0|0.00|0.02|43.3299|32.0845
09|35|0|90|2.9|16.1|90|20.9|76.2|0.00|0.02|43.3261|32.0845
09|36|0|135|2.9|16.1|90|20.1|76.3|0.00|0.02|43.3195|32.0845
09|37|0|45|2.9|16.1|90|20.8|76.6|0.00|0.02|43.3187|32.0845
09|38|0|45|2.9|16.1|90|20.8|76.7|0.00|0.02|43.3189|32.0845
09|39|0|0|1.5|16.1|90|21.9|76.8|0.00|0.02|43.315|33.2951
09|40|0|45|0.0|16.1|90|21.1|77.0|0.00|0.02|43.3179|34.1219
09|41|0|90|0.0|16.1|90|21.0|77.1|0.00|0.02|43.3123|34.1219
09|42|0|135|1.6|16.1|90|20.2|77.3|0.00|0.02|43.3135|32.9066
09|44|0|90|1.5|16.1|90|20.3|77.5|0.00|0.02|43.3155|32.9066
09|45|0|90|1.5|16.1|90|19.9|77.7|0.00|0.02|43.3167|31.6364
09|46|0|135|4.4|16.1|90|21.3|77.7|0.00|0.02|43.3167|34.1219
09|47|0|45|4.4|16.1|90|19.4|77.7|0.00|0.02|43.3157|31.6364
09|48|0|158|5.8|16.1|90|19.9|77.8|0.00|0.02|43.3159|31.6364
09|49|0|180|1.5|16.1|90|19.2|77.9|0.00|0.02|43.3156|31.6364
09|50|0|225|1.5|16.1|90|19.6|78.0|0.00|0.02|43.317|32.4533
09|51|0|135|3.2|16.1|90|19.7|78.4|0.00|0.02|43.3174|32.4533
09|52|0|90|1.5|16.1|90|19.4|78.5|0.00|0.02|43.3186|32.4533
09|53|0|68|1.5|16.1|90|18.5|78.7|0.00|0.02|43.3166|31.1174
09|54|0|225|1.5|16.1|90|18.8|78.8|0.00|0.02|43.3158|31.1174
09|55|0|135|5.8|16.1|90|19.8|79.0|0.00|0.02|43.3169|33.2698
09|56|0|90|1.5|16.1|90|19.7|79.1|0.00|0.02|43.3188|33.2698
09|57|0|113|2.9|16.1|90|19.3|79.3|0.00|0.02|43.318|33.2698
09|58|0|158|1.5|16.1|90|19.1|79.5|0.00|0.02|43.3199|33.2698
10|00|0|135|4.4|16.1|90|19.1|79.6|0.00|0.02|43.3198|33.2698
10|01|0|90|2.9|16.1|90|19.5|79.9|0.00|0.02|43.3204|33.2698
10|02|0|135|1.5|16.1|90|19.5|80.2|0.00|0.02|43.3155|34.0861
10|03|0|180|0.0|16.1|90|18.9|80.4|0.00|0.02|43.3087|32.74
10|04|0|90|1.5|16.1|90|18.9|80.6|0.00|0.02|43.3066|32.74
10|05|0|0|0.0|16.1|90|18.4|80.8|0.00|0.02|43.3064|32.74
10|06|0|90|1.5|16.1|90|18.7|81.1|0.00|0.02|43.3062|33.5508
10|07|0|158|1.5|16.1|90|18.0|81.2|0.00|0.02|43.3066|33.5508
10|08|0|135|2.9|16.1|90|18.5|81.3|0.00|0.02|43.3066|33.5508
10|09|0|135|2.9|16.1|90|18.5|81.5|0.00|0.02|43.3095|33.5508
10|11|0|135|1.6|16.1|90|19.6|81.6|0.00|0.02|43.3075|34.902
10|12|0|135|3.2|16.1|90|17.8|81.7|0.00|0.02|43.3084|32.1315
10|13|0|0|1.5|16.1|90|18.3|81.8|0.00|0.02|43.3097|33.5508
10|14|0|0|1.5|16.1|90|18.4|82.0|0.00|0.02|43.3095|34.3612
10|15|0|90|2.9|16.1|90|17.2|82.0|0.00|0.02|43.3094|32.9366
10|16|0|90|4.4|16.1|90|17.1|81.7|0.00|0.02|43.3062|32.1315
10|17|0|135|2.9|16.1|90|17.3|81.6|0.00|0.02|43.3004|32.1315
10|18|0|225|1.5|16.1|90|17.4|81.7|0.00|0.02|43.3012|32.1315
10|19|0|45|1.5|16.1|90|18.4|81.8|0.00|0.02|43.3003|33.5508
10|23|0|180|4.8|16.1|90|17.2|82.2|0.00|0.02|43.3014|32.9366
10|24|0|180|1.5|16.1|90|17.4|82.4|0.00|0.02|43.3036|32.9366
10|25|0|45|2.9|16.1|90|19.0|82.6|0.00|0.02|43.3015|35.7176
10|27|0|45|1.5|16.1|90|19.4|83.1|0.00|0.02|43.2988|36.5328
10|28|0|0|0.0|16.1|90|18.3|83.3|0.00|0.02|43.2964|35.1713
10|29|0|45|1.5|16.1|90|16.6|83.4|0.00|0.02|43.2967|32.2349
10|30|0|135|1.5|16.1|90|15.8|83.6|0.00|0.02|43.2966|30.6429
10|31|0|135|1.5|16.1|90|17.0|83.8|0.00|0.02|43.3|33.7413
10|32|0|45|0.0|16.1|90|14.8|84.0|0.00|0.02|43.2982|29.7406
10|33|0|45|0.0|16.1|90|14.8|84.1|0.00|0.02|43.2957|29.7406
10|34|0|45|2.9|16.1|90|15.2|84.3|0.00|0.02|43.2982|31.4357
10|35|0|315|3.2|16.1|90|14.9|84.5|0.00|0.02|43.2973|29.7406
10|36|0|0|2.9|16.1|90|15.0|84.7|0.00|0.02|43.2985|31.4357
10|39|0|0|2.9|16.1|90|17.1|84.9|0.00|0.02|43.3012|34.5457
10|40|0|315|1.5|16.1|90|17.0|84.9|0.00|0.02|43.3012|34.5457
10|41|0|0|3.2|16.1|90|17.1|85.0|0.00|0.02|43.3002|35.3498
10|42|0|45|1.5|16.1|90|14.9|85.1|0.00|0.02|43.3008|30.5267
10|43|0|0|3.2|16.1|90|15.3|85.2|0.00|0.02|43.2994|32.2282
10|44|0|315|1.6|16.1|90|15.9|85.2|0.00|0.02|43.2991|32.2282
10|45|0|23|1.6|16.1|90|14.6|85.4|0.00|0.02|43.2994|30.5267
10|46|0|45|1.6|16.1|90|14.2|85.4|0.00|0.02|43.298|30.5267
10|47|0|45|1.5|16.1|90|15.4|85.6|0.00|0.02|43.2969|32.2282
10|48|0|45|2.9|16.1|90|15.3|85.7|0.00|0.02|43.2969|32.2282
10|49|0|45|1.5|16.1|90|14.0|85.7|0.00|0.02|43.2973|30.5267
10|50|0|338|1.5|16.1|90|13.6|85.8|0.00|0.02|43.296|28.7142
10|51|0|270|2.9|16.1|90|13.7|85.8|0.00|0.02|43.2959|28.7142
10|52|0|225|1.5|16.1|90|13.5|85.9|0.00|0.02|43.2969|28.7142
10|53|0|315|3.2|16.1|90|13.8|85.9|0.00|0.02|43.2962|28.7142
10|55|0|315|0.0|16.1|90|13.8|86.0|0.00|0.02|43.2949|29.4933
10|56|0|113|4.4|16.1|90|13.9|86.0|0.00|0.02|43.2943|29.4933
10|57|0|135|0.0|16.1|90|13.9|86.1|0.00|0.02|43.2933|29.4933
10|58|0|0|4.8|16.1|90|15.4|86.2|0.00|0.02|43.2916|33.0202
10|59|0|45|5.8|16.1|90|16.0|86.3|0.00|0.02|43.2913|34.6301
11|00|0|0|2.9|16.1|90|15.7|86.2|0.00|0.02|43.2901|33.0202
11|01|0|315|4.8|16.1|90|13.7|86.2|0.00|0.02|43.2881|29.4933
11|02|0|338|2.9|16.1|90|16.4|86.3|0.00|0.02|43.2886|34.6301
11|03|0|0|5.8|16.1|90|14.6|86.1|0.00|0.02|43.287|31.3125
11|04|0|315|2.9|16.1|90|16.0|86.0|0.00|0.02|43.2873|34.6301
11|05|0|225|1.5|16.1|90|15.5|86.1|0.00|0.02|43.289|33.0202
11|06|0|315|5.8|16.1|90|15.6|86.1|0.00|0.02|43.2856|33.0202
11|07|0|270|4.8|16.1|90|14.8|86.2|0.00|0.02|43.2872|31.3125
11|08|0|315|1.6|16.1|90|15.9|86.2|0.00|0.02|43.2837|33.0202
11|11|0|315|4.8|16.1|90|17.8|86.6|0.00|0.02|43.2834|36.1535
11|12|0|315|2.9|16.1|90|15.8|86.7|0.00|0.02|43.2811|33.0202
11|13|0|315|1.6|16.1|90|14.6|86.8|0.00|0.02|43.2829|31.3125
11|14|0|0|3.2|16.1|90|14.9|86.9|0.00|0.02|43.2775|31.3125
11|15|0|315|2.9|16.1|90|15.2|87.1|0.00|0.02|43.2809|33.812
11|16|0|135|2.9|16.1|90|14.5|87.4|0.00|0.02|43.2772|32.0979
11|17|0|180|5.8|16.1|90|13.6|87.6|0.00|0.02|43.2744|30.272
11|18|0|180|2.9|16.1|90|13.5|87.7|0.00|0.02|43.2757|30.272
11|19|0|270|5.8|16.1|90|12.5|87.8|0.00|0.02|43.2769|28.3173
11|20|0|270|3.2|16.1|90|12.7|87.7|0.00|0.02|43.2771|28.3173
11|21|0|315|1.6|16.1|90|13.2|87.9|0.00|0.02|43.2797|30.272
11|23|0|225|6.4|16.1|90|14.3|87.9|0.00|0.02|43.2797|32.0979
11|24|0|338|4.8|16.1|90|15.2|87.9|0.00|0.02|43.2771|33.812
11|25|0|0|4.4|16.1|90|17.5|87.8|0.00|0.02|43.2762|36.9568
11|26|0|315|5.8|16.1|90|18.1|87.8|0.00|0.02|43.2718|38.4084
11|27|0|315|11.3|16.1|90|16.2|87.4|0.00|0.02|43.2793|35.4278
11|28|0|315|8.1|16.1|90|15.1|86.7|0.00|0.02|43.2816|33.0202
11|29|0|270|4.4|16.1|90|16.2|86.5|0.00|0.02|43.2698|34.6301
11|30|0|270|5.8|16.1|90|13.8|86.3|0.00|0.02|43.2669|29.4933
11|31|0|270|4.8|16.1|90|13.1|86.3|0.00|0.02|43.2676|29.4933
11|32|0|0|4.4|16.1|90|15.7|86.3|0.00|0.02|43.2678|33.0202
11|33|0|315|5.8|16.1|90|14.5|86.2|0.00|0.02|43.2673|31.3125
11|34|0|315|8.7|16.1|90|15.9|86.1|0.00|0.02|43.264|33.0202
11|35|0|315|8.7|17.5|315|14.6|85.7|0.00|0.02|43.2651|30.5267
11|36|0|315|6.4|17.5|315|14.6|85.7|0.00|0.02|43.2626|30.5267
11|38|0|315|4.4|17.5|315|16.6|85.9|0.00|0.02|43.2637|33.8321
11|39|0|225|5.8|17.5|315|16.1|86.1|0.00|0.02|43.269|34.6301
11|40|0|315|4.4|17.5|315|14.6|86.3|0.00|0.02|43.2627|31.3125
11|41|0|180|4.4|17.5|315|14.5|86.7|0.00|0.02|43.2757|31.3125
11|42|0|225|4.4|17.5|315|14.0|86.9|0.00|0.02|43.2656|31.3125
11|43|0|315|7.3|17.5|315|12.9|87.2|0.00|0.02|43.2607|28.3173
11|44|0|270|2.9|17.5|315|12.3|87.6|0.00|0.02|43.2637|28.3173
11|46|0|315|13.1|17.5|315|14.4|87.7|0.00|0.02|43.2728|32.0979
11|48|0|315|5.8|17.5|315|14.1|87.9|0.00|0.02|43.2704|32.0979
11|49|0|225|7.3|17.5|315|15.0|88.1|0.00|0.02|43.2744|34.6033
11|51|0|225|7.3|17.5|315|12.4|88.1|0.00|0.02|43.2766|29.0885
11|52|0|180|7.3|19.3|135|12.3|87.8|0.00|0.02|43.2715|28.3173
11|53|0|270|4.4|19.3|135|12.5|87.7|0.00|0.02|43.2729|28.3173
11|54|0|225|4.4|19.3|135|12.3|87.6|0.00|0.02|43.2688|28.3173
11|55|0|135|8.7|19.3|135|12.1|87.8|0.00|0.02|43.2565|28.3173
11|56|0|90|6.4|19.3|135|12.7|88.0|0.00|0.02|43.2567|29.0885
11|57|0|180|2.9|19.3|135|12.6|88.3|0.00|0.02|43.2607|29.0885
11|58|0|180|2.9|19.3|135|12.3|88.4|0.00|0.02|43.25|29.0885
11|59|0|225|7.3|19.3|135|12.5|88.7|0.00|0.02|43.2455|29.0885
12|00|0|270|8.7|19.3|135|12.1|88.7|0.00|0.02|43.2555|29.0885
12|01|0|315|1.6|19.3|135|12.8|88.7|0.00|0.02|43.2434|29.0885
12|02|0|270|8.7|19.3|135|12.9|88.6|0.00|0.02|43.2398|29.0885
12|04|0|315|2.9|19.3|135|13.1|88.9|0.00|0.02|43.2381|31.0503
12|06|0|270|2.9|19.3|135|14.2|88.9|0.00|0.02|43.2413|32.883
12|07|0|315|8.7|19.3|135|12.6|88.8|0.00|0.02|43.2345|29.0885
12|08|0|158|1.5|19.3|135|13.3|88.9|0.00|0.02|43.2376|31.0503
12|09|0|180|5.8|19.3|135|13.2|89.2|0.00|0.02|43.2357|31.8283
12|10|0|225|4.8|19.3|135|12.1|89.4|0.00|0.02|43.2368|29.8593
12|11|0|270|3.2|19.3|135|12.1|89.6|0.00|0.02|43.2384|29.8593
12|12|0|180|3.2|19.3|135|13.0|89.9|0.00|0.02|43.2379|31.8283
12|13|0|0|5.8|19.3|135|13.1|90.2|0.00|0.02|43.2355|32.6059
12|14|0|315|3.2|19.3|135|13.0|90.3|0.00|0.02|43.2376|32.6059
12|16|0|225|1.5|19.3|135|13.1|91.1|0.00|0.02|43.2417|33.3831
12|18|0|0|7.3|19.3|135|12.2|91.4|0.00|0.02|43.2481|31.3997
12|19|0|225|2.9|19.3|135|11.3|91.5|0.00|0.02|43.2362|29.2645
12|20|0|225|3.2|19.3|135|12.2|91.7|0.00|0.02|43.2348|31.3997
12|21|0|315|2.9|19.3|135|12.0|92.0|0.00|0.02|43.2357|32.1694
12|24|0|270|4.4|19.3|135|12.1|91.9|0.01|0.03|43.2443|31.3997
12|25|0|0|4.4|19.3|135|11.6|91.4|0.01|0.03|43.2292|29.2645
12|26|0|0|4.4|19.3|135|11.4|91.3|0.01|0.03|43.2322|29.2645
12|27|0|180|7.3|19.3|135|11.6|91.3|0.01|0.03|43.2326|29.2645
12|28|0|135|11.3|19.3|135|11.6|91.0|0.01|0.03|43.2371|29.2645
12|29|0|225|3.2|19.3|135|11.4|90.7|0.01|0.03|43.241|28.5021
12|30|0|180|2.9|19.3|135|11.5|90.7|0.01|0.03|43.2269|28.5021
12|31|0|225|4.4|19.3|135|11.5|91.1|0.01|0.03|43.2288|29.2645
12|32|0|315|5.8|19.3|135|11.4|91.3|0.01|0.03|43.227|29.2645
12|33|0|270|4.8|19.3|135|12.0|91.2|0.01|0.03|43.2379|31.3997
12|34|0|225|8.1|19.3|135|11.4|91.1|0.01|0.03|43.2274|29.2645
12|35|0|315|1.5|19.3|135|11.6|91.4|0.01|0.03|43.2239|29.2645
12|36|0|315|2.9|19.3|135|10.8|91.5|0.01|0.03|43.2221|26.95
12|37|0|0|4.8|19.3|135|11.1|91.6|0.01|0.03|43.2307|29.2645
12|39|0|270|2.9|19.3|135|11.4|91.4|0.01|0.03|43.2331|29.2645
12|40|0|0|4.4|19.3|135|12.4|90.8|0.01|0.03|43.2304|30.6297
12|41|0|315|5.8|19.3|135|14.0|90.4|0.01|0.03|43.2252|34.4519
12|42|0|270|8.7|19.3|135|12.2|89.8|0.01|0.03|43.2201|29.8593
12|43|0|270|8.7|19.3|135|12.2|89.3|0.01|0.03|43.2106|29.8593
12|44|0|270|16.0|19.3|135|12.0|89.0|0.01|0.03|43.2069|29.8593
12|45|0|225|7.3|21.8|270|12.4|88.7|0.01|0.03|43.2116|29.0885
12|46|0|225|3.2|21.8|270|11.7|89.0|0.01|0.03|43.2249|27.7394
12|47|0|270|1.5|21.8|270|12.2|89.0|0.01|0.03|43.2226|29.8593
12|48|0|23|2.9|21.8|270|12.1|89.0|0.01|0.03|43.2109|29.8593
12|49|0|225|2.9|21.8|270|12.6|89.6|0.01|0.03|43.2151|29.8593
12|50|0|135|5.8|21.8|270|12.2|89.9|0.01|0.03|43.2117|29.8593
12|51|0|135|2.9|21.8|270|11.6|90.1|0.01|0.03|43.2211|28.5021
12|52|0|270|4.4|21.8|270|10.9|90.2|0.01|0.03|43.2199|26.1959
12|53|0|135|1.6|21.8|270|10.9|90.4|0.01|0.03|43.2103|26.1959
12|55|0|270|1.5|21.8|270|11.5|90.7|0.01|0.03|43.2166|28.5021
12|56|0|225|5.8|21.8|270|11.9|90.8|0.01|0.03|43.2246|28.5021
12|57|0|225|5.8|21.8|270|11.6|91.2|0.01|0.03|43.211|29.2645
12|58|0|135|2.9|21.8|270|11.6|91.5|0.01|0.03|43.2098|29.2645
12|59|0|315|5.8|21.8|270|11.9|91.9|0.01|0.03|43.2095|29.2645
13|02|0|315|7.3|21.8|270|12.0|92.0|0.01|0.03|43.2069|32.1694
13|03|0|315|8.7|21.8|270|12.0|91.9|0.01|0.03|43.2062|31.3997
13|05|0|225|5.8|21.8|270|12.7|91.7|0.01|0.03|43.2082|31.3997
13|06|0|270|4.4|21.8|270|11.9|91.5|0.01|0.03|43.2071|29.2645
13|07|0|270|10.2|21.8|270|11.6|91.7|0.01|0.03|43.2027|29.2645
13|09|0|158|1.5|21.8|270|11.2|91.9|0.01|0.03|43.1966|29.2645
13|11|0|270|1.5|21.8|270|12.1|92.0|0.01|0.03|43.1988|32.1694
13|12|0|180|7.3|21.8|270|13.3|92.1|0.01|0.03|43.2004|34.1599
13|13|0|315|4.4|21.8|270|10.7|92.2|0.01|0.03|43.1955|27.7036
13|14|0|315|5.8|21.8|270|10.6|92.4|0.01|0.03|43.1957|27.7036
13|15|0|0|6.4|21.8|270|11.3|92.4|0.01|0.03|43.1958|30.0264
13|16|0|315|8.7|21.8|270|11.2|92.3|0.01|0.03|43.1916|30.0264
13|17|0|315|8.7|21.8|270|12.2|92.3|0.01|0.03|43.1953|32.1694
13|18|0|270|7.3|21.8|270|9.7|92.1|0.01|0.03|43.1929|25.1652
13|19|0|315|2.9|21.8|270|10.9|92.0|0.01|0.03|43.1927|27.7036
13|20|0|270|8.7|21.8|270|11.2|92.1|0.01|0.03|43.1886|30.0264
13|21|0|135|4.4|21.8|270|10.7|92.1|0.01|0.03|43.1881|27.7036
13|22|0|180|4.4|21.8|270|10.5|92.3|0.01|0.03|43.1936|27.7036
13|23|0|225|3.2|21.8|270|11.4|92.5|0.00|0.03|43.1926|30.0264
13|24|0|338|4.4|21.8|270|10.6|92.9|0.00|0.03|43.1888|27.7036
13|26|0|203|2.9|21.8|270|10.3|93.2|0.00|0.03|43.1901|28.4568
13|27|0|225|4.4|21.8|270|10.5|93.2|0.00|0.03|43.2032|28.4568
13|28|0|270|11.6|21.8|270|9.8|93.2|0.00|0.03|43.2005|25.9094
13|29|0|270|4.4|21.8|270|9.4|93.0|0.00|0.03|43.2008|25.9094
13|31|0|225|4.4|21.8|270|9.6|93.0|0.00|0.03|43.1999|25.9094
13|32|0|315|1.5|21.8|270|9.9|93.1|0.00|0.03|43.1848|25.9094
13|34|0|135|13.1|21.8|270|10.5|93.5|0.00|0.03|43.1785|28.4568
13|35|0|180|4.4|21.8|270|9.8|93.5|0.00|0.03|43.1772|25.9094
13|36|0|225|3.2|21.8|270|10.8|93.9|0.00|0.03|43.1856|28.4568
13|37|0|0|5.8|21.8|270|10.8|94.0|0.00|0.03|43.183|29.2097
13|38|0|225|4.8|21.8|270|9.9|94.2|0.00|0.03|43.185|26.6532
13|39|0|225|2.9|21.8|270|9.7|94.4|0.00|0.03|43.1805|26.6532
13|41|0|225|2.9|21.8|270|9.8|94.8|0.00|0.03|43.1781|26.6532
13|43|0|225|2.9|21.8|270|9.5|95.0|0.00|0.03|43.1814|27.3966
13|44|0|270|4.4|21.8|270|9.3|95.1|0.00|0.03|43.18|27.3966
13|45|0|315|3.2|21.8|270|9.4|94.9|0.00|0.03|43.19|26.6532
13|46|0|270|5.8|21.8|270|9.5|94.8|0.00|0.03|43.1883|26.6532
13|47|0|225|4.4|21.8|270|9.2|94.3|0.00|0.03|43.1902|26.6532
13|48|0|225|2.9|21.8|270|9.8|94.0|0.00|0.03|43.1852|26.6532
13|49|0|315|2.9|21.8|270|9.0|93.5|0.00|0.03|43.182|25.9094
13|50|0|315|8.1|21.8|270|10.3|93.2|0.00|0.03|43.1831|28.4568
13|51|0|270|1.5|21.8|270|9.6|92.5|0.00|0.03|43.1805|25.1652
13|52|0|315|3.2|21.8|270|9.9|92.2|0.00|0.03|43.181|25.1652
13|53|0|315|1.5|21.8|270|10.1|91.7|0.00|0.03|43.1795|26.95
13|54|0|225|3.2|21.8|270|10.1|91.3|0.00|0.03|43.1805|26.95
13|55|0|315|10.2|21.8|270|10.1|90.7|0.00|0.03|43.1727|26.1959
13|56|0|270|2.9|21.8|270|9.7|90.4|0.00|0.03|43.1737|23.6755
13|58|0|270|8.0|21.8|270|10.1|89.8|0.00|0.03|43.1721|25.4414
13|59|0|90|1.5|21.8|270|10.3|89.6|0.00|0.03|43.1656|25.4414
14|01|0|270|4.8|21.8|270|10.2|89.4|0.00|0.03|43.1633|25.4414
14|02|0|270|2.9|21.8|270|10.1|89.4|0.00|0.03|43.1658|25.4414
14|04|0|270|1.6|21.8|270|10.3|89.3|0.00|0.03|43.1666|25.4414
14|06|0|315|3.2|21.8|270|10.4|89.0|0.00|0.03|43.1652|25.4414
14|08|0|0|2.9|21.8|270|10.9|88.9|0.00|0.03|43.1642|24.6865
14|09|0|0|2.9|21.8|270|10.9|88.8|0.00|0.03|43.162|24.6865
14|10|0|270|7.3|21.8|270|10.9|88.5|0.00|0.03|43.1615|24.6865
14|11|0|225|1.6|21.8|270|10.8|88.3|0.00|0.03|43.1607|24.6865
14|12|0|270|1.5|21.8|270|10.9|88.3|0.00|0.03|43.1599|24.6865
14|13|0|315|1.5|21.8|270|10.9|88.1|0.00|0.03|43.1581|24.6865
14|16|0|90|1.5|21.8|270|12.1|88.1|0.00|0.03|43.157|29.0885
14|17|0|225|4.4|21.8|270|12.3|88.3|0.00|0.03|43.1564|29.0885
14|18|0|225|2.9|21.8|270|11.0|88.3|0.00|0.03|43.1551|26.9762
14|20|0|225|1.6|21.8|270|11.2|88.5|0.00|0.03|43.1555|26.9762
14|21|0|315|1.5|21.8|270|11.0|88.7|0.00|0.03|43.1529|26.9762
14|22|0|315|2.9|21.8|270|10.7|88.9|0.00|0.03|43.1451|24.6865
14|23|0|225|0.0|21.8|270|10.7|89.2|0.00|0.03|43.1507|25.4414
14|25|0|180|1.5|21.8|270|11.0|89.4|0.00|0.03|43.1451|27.7394
14|27|0|180|3.2|21.8|270|10.8|89.6|0.00|0.03|43.1552|25.4414
14|29|0|315|4.4|21.8|270|10.4|89.6|0.00|0.03|43.1518|25.4414
14|31|0|0|5.8|21.8|270|10.4|89.5|0.00|0.03|43.1517|25.4414
14|32|0|315|1.5|21.8|270|10.7|89.5|0.00|0.03|43.1537|25.4414
14|34|0|0|1.5|21.8|270|11.2|89.3|0.00|0.03|43.1499|27.7394
14|35|0|225|2.9|21.8|270|10.9|89.2|0.00|0.03|43.1489|25.4414
14|36|0|180|4.8|21.8|270|10.9|89.3|0.00|0.03|43.1409|25.4414
14|37|0|315|4.4|21.8|270|10.7|89.4|0.00|0.03|43.1482|25.4414
14|38|0|315|1.6|21.8|270|9.8|89.3|0.00|0.03|43.1466|22.93
14|39|0|135|0.0|21.8|270|10.1|89.4|0.00|0.03|43.1462|25.4414
14|40|0|180|2.9|21.8|270|10.4|89.3|0.00|0.03|43.1462|25.4414
14|42|0|180|1.6|21.8|270|10.4|89.3|0.00|0.03|43.1429|25.4414
14|43|0|180|1.5|21.8|270|10.6|89.3|0.00|0.03|43.1445|25.4414
14|44|0|135|1.5|21.8|270|11.1|89.3|0.00|0.03|43.1453|27.7394
14|45|0|90|1.6|21.8|270|10.5|89.3|0.00|0.03|43.1415|25.4414
14|47|0|270|1.6|21.8|270|10.3|89.3|0.00|0.03|43.1402|25.4414
14|48|0|225|3.2|21.8|270|10.5|89.2|0.00|0.03|43.1362|25.4414
14|49|0|135|5.8|21.8|270|12.0|89.3|0.00|0.03|43.138|29.8593
14|50|0|158|1.6|21.8|270|10.5|89.2|0.00|0.03|43.1354|25.4414
14|51|0|225|4.4|21.8|270|10.8|89.2|0.00|0.03|43.1384|25.4414
14|52|0|135|2.9|21.8|270|11.3|89.2|0.00|0.03|43.1355|27.7394
14|53|0|180|8.0|21.8|270|10.6|89.2|0.00|0.03|43.1322|25.4414
14|54|0|180|4.4|21.8|270|10.6|89.0|0.00|0.03|43.1321|25.4414
14|55|0|315|1.5|21.8|270|10.2|89.0|0.00|0.03|43.1347|25.4414
14|56|0|315|1.5|21.8|270|10.0|89.0|0.00|0.03|43.1293|25.4414
14|57|0|270|1.5|21.8|270|10.3|89.2|0.00|0.03|43.133|25.4414
14|59|0|225|2.9|21.8|270|10.4|89.3|0.00|0.03|43.1339|25.4414
15|00|0|270|2.9|21.8|270|10.5|89.3|0.00|0.03|43.1333|25.4414
15|01|0|90|2.9|21.8|270|11.3|89.3|0.00|0.03|43.133|27.7394
15|04|0|270|2.9|21.8|270|9.7|89.2|0.00|0.03|43.1295|22.93
15|05|0|180|0.0|21.8|270|10.0|89.3|0.00|0.03|43.1295|25.4414
15|06|0|225|0.0|21.8|270|9.7|89.3|0.00|0.03|43.1293|22.93
15|07|0|225|0.0|21.8|270|10.2|89.4|0.00|0.03|43.1252|25.4414
15|08|0|0|1.6|21.8|270|9.7|89.4|0.00|0.03|43.1228|22.93
15|09|0|0|1.5|21.8|270|9.5|89.3|0.00|0.03|43.124|22.93
15|10|0|270|1.6|21.8|270|11.8|89.3|0.00|0.03|43.1253|27.7394
15|11|0|315|1.6|21.8|270|10.0|89.3|0.00|0.03|43.1244|25.4414
15|12|0|315|3.2|21.8|270|9.5|89.2|0.00|0.03|43.1221|22.93
15|13|0|90|0.0|21.8|270|9.3|89.0|0.00|0.03|43.122|22.93
15|15|0|0|1.6|21.8|270|10.4|88.8|0.00|0.03|43.1163|24.6865
15|17|0|270|2.9|21.8|270|11.1|88.7|0.00|0.03|43.1182|26.9762
15|18|0|315|1.6|21.8|270|11.1|88.7|0.00|0.03|43.1176|26.9762
15|21|0|135|2.9|21.8|270|10.7|88.4|0.00|0.03|43.1121|24.6865
15|22|0|203|8.7|21.8|270|10.8|88.1|0.00|0.03|43.1083|24.6865
15|23|0|180|4.4|21.8|270|10.9|88.1|0.00|0.03|43.1079|24.6865
15|24|0|180|4.8|21.8|270|10.4|88.0|0.00|0.03|43.1047|24.6865
15|25|0|180|4.4|21.8|270|10.9|88.1|0.00|0.03|43.1049|24.6865
15|26|0|180|4.4|21.8|270|11.2|88.3|0.00|0.03|43.1057|26.9762
15|27|0|225|2.9|21.8|270|11.1|88.4|0.00|0.03|43.1047|26.9762
15|28|0|225|4.8|21.8|270|10.7|88.6|0.00|0.03|43.0998|24.6865
15|29|0|135|7.3|21.8|270|10.9|88.6|0.00|0.03|43.1047|24.6865
15|30|0|180|7.3|21.8|270|11.5|88.6|0.00|0.03|43.1062|26.9762
15|32|0|180|7.3|21.8|270|11.2|88.6|0.00|0.03|43.1051|26.9762
15|33|0|135|5.8|21.8|270|11.0|88.6|0.00|0.03|43.104|26.9762
15|34|0|135|2.9|21.8|270|11.1|88.6|0.00|0.03|43.1083|26.9762
15|35|0|135|6.4|21.8|270|11.8|88.7|0.00|0.03|43.1055|26.9762
15|36|0|180|2.9|21.8|270|11.0|88.7|0.00|0.03|43.1073|26.9762
15|37|0|180|7.3|21.8|270|11.0|88.7|0.00|0.03|43.1068|26.9762
15|38|0|225|2.9|21.8|270|11.5|88.7|0.00|0.03|43.1053|26.9762
15|39|0|225|3.2|21.8|270|11.5|88.8|0.00|0.03|43.1055|26.9762
15|40|0|225|1.5|21.8|270|11.6|88.8|0.00|0.03|43.1045|26.9762
15|41|0|135|7.3|21.8|270|11.4|88.8|0.00|0.03|43.1015|26.9762
15|42|0|180|2.9|21.8|270|11.2|88.8|0.00|0.03|43.1044|26.9762
15|43|0|225|2.9|21.8|270|10.9|88.8|0.00|0.03|43.1011|24.6865
15|44|0|315|0.0|21.8|270|11.1|88.9|0.00|0.03|43.1015|26.9762
15|48|0|180|2.9|21.8|270|10.5|88.8|0.00|0.03|43.0973|24.6865
15|49|0|180|5.8|21.8|270|10.4|88.6|0.00|0.03|43.0948|24.6865
15|50|0|135|4.4|21.8|270|10.5|88.5|0.00|0.03|43.0933|24.6865
15|52|0|135|10.2|21.8|270|10.3|88.5|0.00|0.03|43.0897|24.6865
15|53|0|135|5.8|21.8|270|10.6|88.5|0.00|0.03|43.0899|24.6865
15|54|0|180|4.4|21.8|270|10.7|88.4|0.00|0.03|43.0905|24.6865
15|55|0|180|5.8|21.8|270|10.8|88.4|0.00|0.03|43.0909|24.6865
15|56|0|180|3.2|21.8|270|10.9|88.4|0.00|0.03|43.0906|24.6865
15|57|0|225|4.4|21.8|270|11.3|88.4|0.00|0.03|43.0904|26.9762
15|58|0|225|1.6|21.8|270|11.3|88.5|0.00|0.03|43.0901|26.9762
15|59|0|225|3.2|21.8|270|11.3|88.6|0.00|0.03|43.088|26.9762
16|00|0|135|3.2|21.8|270|11.1|88.6|0.00|0.03|43.0858|26.9762
16|02|0|180|4.4|21.8|270|10.3|88.7|0.00|0.03|43.0826|24.6865
16|03|0|135|4.4|21.8|270|10.6|88.7|0.00|0.03|43.085|24.6865
16|04|0|135|8.7|21.8|270|10.5|88.7|0.00|0.03|43.0825|24.6865
16|05|0|180|6.4|21.8|270|10.5|88.6|0.00|0.03|43.0838|24.6865
16|06|0|180|4.4|21.8|270|10.2|88.6|0.00|0.03|43.083|24.6865
16|07|0|180|5.8|21.8|270|10.0|88.4|0.00|0.03|43.0825|24.6865
16|08|0|180|4.4|21.8|270|10.0|88.5|0.00|0.03|43.0802|24.6865
16|09|0|180|4.4|21.8|270|10.4|88.6|0.00|0.03|43.0804|24.6865
16|10|0|180|2.9|21.8|270|10.2|88.5|0.00|0.03|43.0793|24.6865
16|11|0|270|2.9|21.8|270|10.1|88.6|0.00|0.03|43.0785|24.6865
16|12|0|135|3.2|21.8|270|10.6|88.6|0.00|0.03|43.076|24.6865
16|13|0|135|2.9|21.8|270|10.3|88.6|0.00|0.03|43.0744|24.6865
16|15|0|180|5.8|21.8|270|10.7|88.7|0.00|0.03|43.0779|24.6865
16|16|0|135|4.4|21.8|270|10.4|88.7|0.00|0.03|43.0766|24.6865
16|17|0|225|5.8|21.8|270|9.6|88.7|0.00|0.03|43.0753|22.1841
16|18|0|203|4.4|21.8|270|9.6|88.8|0.00|0.03|43.0751|22.1841
16|19|0|225|4.8|21.8|270|9.9|88.8|0.00|0.03|43.0772|22.1841
16|20|0|180|4.4|21.8|270|9.6|88.9|0.00|0.03|43.0772|22.1841
16|21|0|90|1.5|21.8|270|9.8|89.0|0.00|0.03|43.0772|22.93
16|22|0|225|4.4|21.8|270|9.1|88.9|0.00|0.03|43.075|22.1841
16|24|0|225|4.8|21.8|270|9.4|89.4|0.00|0.03|43.0641|22.93
16|25|0|225|1.5|21.8|270|9.6|89.6|0.00|0.03|43.0696|22.93
16|26|0|225|1.5|21.8|270|9.6|89.7|0.00|0.03|43.0709|22.93
16|27|0|180|1.6|21.8|270|9.8|89.7|0.00|0.03|43.0629|22.93
16|28|0|225|5.8|21.8|270|9.4|89.8|0.00|0.03|43.0706|22.93
16|29|0|180|3.2|21.8|270|9.3|89.9|0.00|0.03|43.0696|22.93
16|31|0|270|1.5|21.8|270|9.3|90.2|0.00|0.03|43.0604|23.6755
16|32|0|180|4.8|21.8|270|9.8|90.3|0.00|0.03|43.057|23.6755
16|33|0|180|4.4|21.8|270|8.8|90.5|0.00|0.03|43.0586|20.8934
16|34|0|180|5.8|21.8|270|9.1|90.6|0.00|0.03|43.0553|23.6755
16|35|0|135|2.9|21.8|270|9.7|90.8|0.00|0.03|43.0534|23.6755
16|36|0|180|5.8|21.8|270|9.7|91.2|0.00|0.03|43.055|24.4206
16|37|0|180|7.3|21.8|270|8.8|91.4|0.00|0.03|43.0514|21.6286
16|38|0|270|4.4|21.8|270|9.1|91.7|0.00|0.03|43.0565|24.4206
16|39|0|90|1.5|21.8|270|8.7|92.1|0.00|0.03|43.0563|22.3633
16|40|0|315|2.9|21.8|270|8.5|92.4|0.00|0.03|43.0617|22.3633
16|41|0|270|1.6|21.8|270|8.9|92.6|0.00|0.03|43.0576|22.3633
16|42|0|315|2.9|21.8|270|8.9|93.0|0.00|0.03|43.0594|23.0977
16|43|0|180|1.6|21.8|270|7.8|93.3|0.00|0.03|43.059|19.955
16|45|0|135|1.5|21.8|270|8.3|94.0|0.00|0.03|43.0538|23.8316
16|46|0|90|4.4|21.8|270|7.9|94.1|0.00|0.03|43.0507|20.6779
16|47|0|158|2.9|21.8|270|8.6|94.3|0.00|0.03|43.0511|23.8316
16|49|0|180|2.9|21.8|270|8.5|94.4|0.00|0.03|43.0537|23.8316
16|50|0|270|1.5|21.8|270|7.6|94.6|0.00|0.03|43.0532|20.6779
16|51|0|225|5.8|21.8|270|7.6|94.7|0.00|0.03|43.0545|20.6779
16|52|0|225|9.7|21.8|270|7.6|94.7|0.00|0.03|43.0477|20.6779
16|53|0|315|2.9|21.8|270|8.0|94.8|0.00|0.03|43.0563|23.8316
16|54|0|270|5.8|21.8|270|8.1|94.8|0.00|0.03|43.051|23.8316
16|55|0|270|7.3|21.8|270|6.7|94.7|0.00|0.03|43.0549|17.0959
16|56|0|225|1.5|21.8|270|6.6|94.8|0.00|0.03|43.0565|17.0959
16|57|0|270|10.2|21.8|270|6.8|94.8|0.00|0.03|43.0487|17.0959
16|58|0|270|1.5|21.8|270|7.4|95.0|0.00|0.03|43.0551|21.4004
16|59|0|225|6.5|21.8|270|7.9|95.1|0.00|0.03|43.0521|21.4004
17|00|0|315|3.2|21.8|270|7.5|95.1|0.00|0.03|43.0522|21.4004
17|01|0|135|1.6|21.8|270|9.0|95.3|0.00|0.03|43.0547|27.3966
17|02|0|248|2.9|21.8|270|8.2|95.3|0.00|0.03|43.0551|24.565
17|03|0|270|1.6|21.8|270|7.7|95.5|0.00|0.03|43.0553|21.4004
17|04|0|180|2.9|21.8|270|6.9|95.7|0.00|0.03|43.0525|17.8059
17|05|0|45|7.3|21.8|270|6.9|95.7|0.00|0.03|43.0494|17.8059
17|06|0|270|3.2|21.8|270|7.2|95.6|0.00|0.03|43.0522|21.4004
17|08|0|225|7.3|21.8|270|7.9|95.3|0.00|0.03|43.0514|21.4004
17|09|0|135|5.8|21.8|270|7.2|94.9|0.00|0.03|43.0494|20.6779
17|10|0|180|5.8|21.8|270|7.2|94.9|0.00|0.03|43.054|20.6779
17|11|0|180|5.8|21.8|270|6.9|94.6|0.00|0.03|43.0464|17.0959
17|12|0|180|4.4|21.8|270|7.0|94.4|0.00|0.03|43.0454|20.6779
17|13|0|225|2.9|21.8|270|7.0|94.3|0.00|0.03|43.0492|20.6779
17|14|0|225|1.6|21.8|270|7.6|94.4|0.00|0.03|43.0488|20.6779
17|15|0|180|2.9|21.8|270|7.7|94.4|0.00|0.03|43.049|20.6779
17|16|0|0|3.2|21.8|270|7.6|94.4|0.00|0.03|43.0436|20.6779
17|17|0|180|3.2|21.8|270|7.0|94.2|0.00|0.03|43.0453|20.6779
17|18|0|315|5.8|21.8|270|7.2|94.2|0.00|0.03|43.0469|20.6779
17|19|0|0|1.5|21.8|270|7.2|94.2|0.00|0.03|43.0428|20.6779
17|20|0|270|11.6|21.8|270|6.9|93.9|0.00|0.03|43.0443|16.3854
17|21|0|225|6.5|21.8|270|6.9|93.7|0.00|0.03|43.0406|16.3854
17|22|0|315|5.8|21.8|270|7.1|93.4|0.00|0.03|43.0483|19.955
17|23|0|0|4.4|21.8|270|7.3|93.1|0.00|0.03|43.0498|19.955
17|25|0|270|2.9|21.8|270|7.8|93.0|0.00|0.03|43.0474|19.955
17|26|0|315|4.4|21.8|270|8.1|92.9|0.00|0.03|43.0467|22.3633
17|28|0|315|4.8|21.8|270|7.9|92.8|0.00|0.03|43.0477|19.2317
17|29|0|0|2.9|21.8|270|7.9|92.6|0.00|0.03|43.0491|19.2317
17|30|0|135|2.9|21.8|270|8.2|92.6|0.00|0.03|43.0526|22.3633
17|31|0|90|2.9|21.8|270|7.7|92.6|0.00|0.03|43.0478|19.2317
17|32|0|270|2.9|21.8|270|7.5|92.9|0.00|0.03|43.0495|19.2317
17|33|0|225|2.9|21.8|270|7.5|92.9|0.00|0.03|43.0471|19.2317
17|35|0|270|4.8|21.8|270|7.5|93.1|0.00|0.03|43.0487|19.955
17|36|0|270|5.8|21.8|270|7.8|93.2|0.00|0.03|43.0491|19.955
17|37|0|45|3.2|21.8|270|7.5|93.2|0.00|0.03|43.0488|19.955
17|38|0|270|13.1|21.8|270|7.2|93.2|0.00|0.03|43.0452|19.955
17|39|0|0|2.9|21.8|270|7.3|93.0|0.00|0.03|43.0451|19.955
17|40|0|225|7.3|21.8|270|7.6|92.8|0.00|0.03|43.0381|19.2317
17|42|0|225|6.4|21.8|270|7.3|92.3|0.00|0.03|43.0404|19.2317
17|43|0|315|5.8|21.8|270|7.4|92.2|0.00|0.03|43.0379|19.2317
17|44|0|180|2.9|21.8|270|7.5|92.1|0.00|0.03|43.0395|19.2317
17|45|0|270|4.4|21.8|270|7.4|92.1|0.00|0.03|43.0404|19.2317
17|46|0|270|8.7|21.8|270|7.8|92.0|0.00|0.03|43.0392|19.2317
17|47|0|225|4.8|21.8|270|7.8|91.9|0.00|0.03|43.0397|18.5079
17|48|0|270|11.3|21.8|270|7.2|91.6|0.00|0.03|43.0387|18.5079
17|49|0|315|3.2|21.8|270|7.0|91.6|0.00|0.03|43.0426|18.5079
17|50|0|270|4.4|24.7|270|7.0|91.3|0.00|0.03|43.0408|18.5079
17|52|0|270|4.4|24.7|270|7.1|91.4|0.00|0.03|43.0384|18.5079
17|53|0|315|4.8|24.7|270|7.0|91.3|0.00|0.03|43.0396|18.5079
17|54|0|270|5.8|24.7|270|7.7|91.3|0.00|0.03|43.0408|18.5079
17|55|0|315|8.7|24.7|270|7.5|91.3|0.00|0.03|43.0397|18.5079
17|56|0|270|4.4|24.7|270|7.1|91.3|0.00|0.03|43.0383|18.5079
17|58|0|225|5.8|24.7|270|8.0|90.7|0.00|0.03|43.0377|20.8934
17|59|0|315|8.0|24.7|270|7.5|90.6|0.00|0.03|43.0342|17.7837
18|00|0|270|8.7|24.7|270|7.7|90.5|0.00|0.03|43.0365|17.7837
18|01|0|270|2.9|24.7|270|8.2|90.4|0.00|0.03|43.0413|20.8934
18|02|0|315|4.4|24.7|270|7.7|90.2|0.00|0.03|43.0395|17.7837
18|03|0|225|7.3|24.7|270|7.8|90.3|0.00|0.03|43.0421|17.7837
18|04|0|315|5.8|24.7|270|7.5|90.1|0.00|0.03|43.036|17.7837
18|07|0|180|4.4|24.7|270|7.9|89.8|0.00|0.03|43.0375|17.059
18|09|0|315|5.8|24.7|270|7.7|89.7|0.00|0.03|43.0366|17.059
18|10|0|225|4.4|24.7|270|7.8|89.7|0.00|0.03|43.0399|17.059
18|11|0|270|8.1|24.7|270|8.5|89.8|0.00|0.03|43.0388|20.1578
18|12|0|315|9.7|24.7|270|7.9|89.8|0.00|0.03|43.034|17.059
18|14|0|270|4.8|24.7|270|7.6|89.8|0.00|0.03|43.0331|17.059
18|15|0|135|1.5|24.7|270|8.0|89.7|0.00|0.03|43.0351|20.1578
18|16|0|315|4.4|24.7|270|7.5|89.8|0.00|0.03|43.0303|17.059
18|17|0|270|11.3|24.7|270|8.0|89.8|0.00|0.03|43.0334|20.1578
18|18|0|270|11.3|24.7|270|7.7|89.8|0.00|0.03|43.0303|17.059
18|19|0|270|4.4|24.7|270|7.9|89.8|0.00|0.03|43.0313|17.059
18|20|0|270|7.3|24.7|270|7.8|89.9|0.00|0.03|43.0312|17.059
18|22|0|270|9.7|24.7|270|8.4|90.1|0.00|0.03|43.0302|20.8934
18|25|0|270|4.4|24.7|270|7.8|89.9|0.00|0.03|43.0312|17.059
18|26|0|315|4.8|24.7|270|7.6|90.1|0.00|0.03|43.0319|17.7837
18|27|0|0|7.3|24.7|270|7.3|90.1|0.00|0.03|43.0305|17.7837
18|28|0|315|6.4|24.7|270|7.3|90.1|0.00|0.03|43.0293|17.7837
18|30|0|225|4.4|24.7|270|7.6|89.9|0.00|0.03|43.0265|17.059
18|31|0|225|8.0|24.7|270|7.9|89.9|0.00|0.03|43.0293|17.059
18|34|0|270|4.4|24.7|270|8.1|89.5|0.00|0.03|43.0238|20.1578
18|35|0|270|13.1|24.7|270|8.1|89.5|0.00|0.03|43.0202|20.1578
18|36|0|270|2.9|17.5|315|7.9|89.4|0.00|0.00|43.0277|17.059
18|37|0|315|1.5|17.5|315|7.9|89.5|0.00|0.00|43.0263|17.059
18|38|0|225|1.6|17.5|315|7.9|89.6|0.00|0.00|43.027|17.059
18|41|0|270|2.9|17.5|315|7.9|89.8|0.00|0.00|43.0316|17.059
18|42|0|315|3.2|17.5|315|8.0|89.8|0.00|0.00|43.0286|20.1578
18|43|0|315|1.6|17.5|315|8.1|89.9|0.00|0.00|43.0305|20.1578
18|44|0|270|5.8|17.5|315|7.7|89.8|0.00|0.00|43.0251|17.059
18|46|0|270|4.4|17.5|315|7.6|89.6|0.00|0.00|43.0285|17.059
18|47|0|315|5.8|17.5|315|7.6|89.3|0.00|0.00|43.0264|17.059
18|48|0|270|9.7|17.5|315|7.8|89.0|0.00|0.00|43.0247|17.059
18|49|0|315|1.5|17.5|315|8.0|89.0|0.00|0.00|43.0257|20.1578
18|50|0|270|1.6|17.5|315|8.1|88.9|0.00|0.00|43.0273|19.4218
18|51|0|270|1.6|17.5|315|8.1|88.9|0.00|0.00|43.0241|19.4218
18|52|0|0|2.9|17.5|315|8.1|88.9|0.00|0.00|43.0222|19.4218
18|53|0|315|4.8|17.5|315|8.1|88.9|0.00|0.00|43.0246|19.4218
18|56|0|315|5.8|17.5|315|8.7|88.9|0.00|0.00|43.019|19.4218
18|57|0|270|2.9|17.5|315|8.9|88.9|0.00|0.00|43.024|19.4218
18|58|0|270|2.9|17.5|315|8.9|88.8|0.00|0.00|43.0223|19.4218
18|59|0|225|1.5|17.5|315|8.1|88.8|0.00|0.00|43.0215|19.4218
19|00|0|315|3.2|17.5|315|7.9|88.8|0.00|0.00|43.0223|16.3339
19|01|0|225|1.5|17.5|315|7.6|88.8|0.00|0.00|43.021|16.3339
19|02|0|225|3.2|17.5|315|7.8|88.8|0.00|0.00|43.0205|16.3339
19|03|0|180|2.9|17.5|315|8.0|88.8|0.00|0.00|43.0232|19.4218
19|04|0|270|10.2|17.5|315|8.2|88.8|0.00|0.00|43.0178|19.4218
19|05|0|315|1.5|17.5|315|7.9|88.7|0.00|0.00|43.0217|16.3339
19|08|0|315|1.5|17.5|315|7.9|88.7|0.00|0.00|43.0207|16.3339
19|10|0|225|2.9|17.5|315|7.9|88.6|0.00|0.00|43.0217|16.3339
19|11|0|225|2.9|17.5|315|7.9|88.7|0.00|0.00|43.0234|16.3339
19|12|0|315|4.8|17.5|315|8.1|88.7|0.00|0.00|43.0226|19.4218
19|15|0|203|6.4|18.9|270|7.9|88.7|0.00|0.00|43.0228|16.3339
19|16|0|180|4.4|18.9|270|7.6|88.7|0.00|0.00|43.0256|16.3339
19|17|0|315|2.9|18.9|270|7.4|88.5|0.00|0.00|43.0234|16.3339
19|18|0|270|3.2|18.9|270|7.6|88.3|0.00|0.00|43.0235|16.3339
19|19|0|225|1.5|18.9|270|8.0|88.3|0.00|0.00|43.0229|19.4218
19|20|0|225|8.1|18.9|270|7.9|88.3|0.00|0.00|43.0275|16.3339
19|21|0|315|2.9|18.9|270|7.9|88.3|0.00|0.00|43.0251|16.3339
19|22|0|225|2.9|18.9|270|8.2|88.3|0.00|0.00|43.0247|19.4218
19|23|0|270|4.8|18.9|270|7.9|88.3|0.00|0.00|43.0262|16.3339
19|24|0|23|2.9|18.9|270|7.6|88.3|0.00|0.00|43.0228|16.3339
19|26|0|315|1.6|18.9|270|7.6|88.3|0.00|0.00|43.0249|16.3339
19|27|0|270|5.8|18.9|270|7.7|88.0|0.00|0.00|43.0237|16.3339
19|28|0|225|5.8|18.9|270|7.8|88.0|0.00|0.00|43.0249|16.3339
19|30|0|270|0.0|18.9|270|7.9|87.9|0.00|0.00|43.0246|15.6084
19|31|0|0|14.5|18.9|270|8.3|87.7|0.00|0.00|43.0157|18.6853
19|32|0|270|5.8|18.9|270|8.1|87.5|0.00|0.00|43.0273|18.6853
19|33|0|315|1.5|18.9|270|7.7|87.4|0.00|0.00|43.0258|15.6084
19|34|0|0|1.5|18.9|270|7.7|87.1|0.00|0.00|43.0248|15.6084
19|36|0|270|4.4|18.9|270|7.7|86.7|0.00|0.00|43.0216|14.8824
19|37|0|270|17.5|18.9|270|8.0|86.1|0.00|0.00|43.0113|17.9484
19|38|0|315|2.9|19.4|315|7.9|86.0|0.00|0.00|43.0205|14.8824
19|39|0|270|2.9|19.4|315|7.9|85.8|0.00|0.00|43.0187|14.1559
19|41|0|338|4.4|19.4|315|8.0|85.8|0.00|0.00|43.0198|17.211
19|42|0|270|2.9|19.4|315|8.2|85.6|0.00|0.00|43.0197|17.211
19|43|0|315|1.5|19.4|315|8.6|85.4|0.00|0.00|43.0189|17.211
19|44|0|315|2.9|19.4|315|9.0|85.3|0.00|0.00|43.0168|19.9439
19|45|0|270|5.8|19.4|315|8.8|85.2|0.00|0.00|43.0169|17.211
19|47|0|315|3.2|19.4|315|9.2|84.9|0.00|0.00|43.016|19.1963
19|48|0|225|2.9|19.4|315|9.2|84.8|0.00|0.00|43.0164|19.1963
19|49|0|270|4.4|19.4|315|9.3|84.7|0.00|0.00|43.0175|19.1963
19|50|0|270|1.5|19.4|315|9.0|84.4|0.00|0.00|43.017|19.1963
19|51|0|270|1.5|19.4|315|8.8|84.2|0.00|0.00|43.0181|16.4732
19|52|0|270|3.2|19.4|315|8.8|84.2|0.00|0.00|43.0223|16.4732
19|53|0|225|0.0|19.4|315|8.8|84.0|0.00|0.00|43.0246|16.4732
19|54|0|45|0.0|19.4|315|9.0|84.0|0.00|0.00|43.0285|19.1963
19|56|0|270|1.6|19.4|315|9.1|83.9|0.00|0.00|43.0312|18.4483
19|58|0|270|1.5|19.4|315|9.0|83.9|0.00|0.00|43.0308|18.4483
19|59|0|270|1.6|19.4|315|9.0|83.8|0.00|0.00|43.0317|18.4483
20|00|0|270|0.0|19.4|315|9.1|83.6|0.00|0.00|43.0305|18.4483
20|03|0|270|0.0|19.4|315|9.2|83.4|0.00|0.00|43.0297|18.4483
20|04|0|0|1.5|19.4|315|9.4|83.4|0.00|0.00|43.0295|18.4483
20|05|0|225|1.5|19.4|315|9.4|83.2|0.00|0.00|43.0264|18.4483
20|06|0|270|0.0|19.4|315|9.5|83.1|0.00|0.00|43.026|18.4483
20|07|0|270|0.0|19.4|315|9.5|83.1|0.00|0.00|43.0257|18.4483
20|09|0|270|0.0|19.4|315|9.6|82.9|0.00|0.00|43.0265|17.6999
20|11|0|135|1.6|19.4|315|10.2|82.7|0.00|0.00|43.0269|20.1487
20|12|0|180|1.6|19.4|315|10.8|82.6|0.00|0.00|43.0269|20.1487
20|13|0|135|0.0|19.4|315|10.6|82.5|0.00|0.00|43.0258|20.1487
20|14|0|90|1.5|19.4|315|10.5|82.3|0.00|0.00|43.0234|20.1487
20|15|0|158|4.4|19.4|315|10.7|82.2|0.00|0.00|43.0234|20.1487
20|16|0|315|2.9|19.4|315|10.2|81.8|0.00|0.00|43.0238|19.3909
20|17|0|225|4.4|19.4|315|10.4|81.6|0.00|0.00|43.0261|19.3909
20|18|0|0|3.2|19.4|315|10.3|81.4|0.00|0.00|43.0234|19.3909
20|19|0|225|1.5|19.4|315|10.4|81.3|0.00|0.00|43.0275|19.3909
20|20|0|270|1.5|19.4|315|9.8|81.3|0.00|0.00|43.0267|16.9511
20|21|0|180|0.0|19.4|315|9.5|81.2|0.00|0.00|43.0267|16.9511
20|22|0|180|0.0|19.4|315|9.5|81.2|0.00|0.00|43.0268|16.9511
20|23|0|225|1.5|19.4|315|9.6|81.2|0.00|0.00|43.03|16.9511
20|24|0|315|4.4|19.4|315|9.8|81.2|0.00|0.00|43.0261|16.9511
20|25|0|270|1.5|19.4|315|9.3|81.1|0.00|0.00|43.0273|16.9511
20|26|0|180|8.7|19.4|315|9.5|81.1|0.00|0.00|43.0249|16.9511
20|29|0|270|2.9|19.4|315|9.2|81.2|0.00|0.00|43.031|16.9511
20|30|0|315|0.0|19.4|315|9.0|81.2|0.00|0.00|43.0307|16.9511
20|31|0|225|1.5|19.4|315|9.1|81.3|0.00|0.00|43.0307|16.9511
20|32|0|180|0.0|19.4|315|9.5|81.3|0.00|0.00|43.0313|16.9511
20|33|0|180|1.6|19.4|315|9.7|81.3|0.00|0.00|43.0307|16.9511
20|34|0|225|0.0|19.4|315|9.6|81.4|0.00|0.00|43.0323|16.9511
20|35|0|180|1.5|19.4|315|9.6|81.4|0.00|0.00|43.0321|16.9511
20|36|0|270|0.0|19.4|315|10.0|81.4|0.00|0.00|43.0327|19.3909
20|37|0|225|0.0|19.4|315|9.9|81.4|0.00|0.00|43.0324|16.9511
20|38|0|315|7.3|19.4|315|9.5|81.4|0.00|0.00|43.0313|16.9511
20|40|0|225|0.0|19.4|315|9.7|81.3|0.00|0.00|43.0368|16.9511
20|41|0|180|0.0|19.4|315|9.7|81.3|0.00|0.00|43.0358|16.9511
20|43|0|225|0.0|19.4|315|9.9|81.2|0.00|0.00|43.0344|16.9511
20|44|0|270|1.5|19.4|315|9.9|81.2|0.00|0.00|43.036|16.9511
20|45|0|45|0.0|19.4|315|9.7|81.2|0.00|0.00|43.0354|16.9511
20|46|0|225|1.5|19.4|315|10.0|81.1|0.00|0.00|43.0365|19.3909
20|47|0|315|0.0|19.4|315|10.1|81.1|0.00|0.00|43.0365|19.3909
20|48|0|315|1.5|19.4|315|9.7|80.9|0.00|0.00|43.0361|16.2018
20|49|0|180|1.5|19.4|315|9.7|80.8|0.00|0.00|43.0345|16.2018
20|50|0|180|0.0|19.4|315|10.6|80.7|0.00|0.00|43.0355|18.6328
20|51|0|180|1.5|19.4|315|11.3|80.7|0.00|0.00|43.0358|20.8567
20|53|0|135|0.0|19.4|315|11.3|80.4|0.00|0.00|43.0337|20.8567
20|55|0|135|1.5|19.4|315|11.1|80.3|0.00|0.00|43.0323|20.8567
20|56|0|135|0.0|19.4|315|10.9|80.2|0.00|0.00|43.0349|18.6328
20|57|0|270|0.0|19.4|315|10.8|80.0|0.00|0.00|43.0355|18.6328
21|01|0|180|1.6|19.4|315|11.0|79.6|0.00|0.00|43.0343|20.09
21|03|0|180|0.0|19.4|315|11.0|79.4|0.00|0.00|43.0363|20.09
21|04|0|180|1.5|19.4|315|11.1|79.3|0.00|0.00|43.039|20.09
21|05|0|180|0.0|19.4|315|11.3|79.1|0.00|0.00|43.0385|20.09
21|07|0|180|0.0|19.4|315|11.4|79.0|0.00|0.00|43.0364|20.09
21|08|0|180|0.0|19.4|315|11.5|78.9|0.00|0.00|43.0349|19.3228
21|09|0|180|0.0|19.4|315|12.0|78.8|0.00|0.00|43.0336|21.359
21|10|0|180|0.0|19.4|315|12.1|78.7|0.00|0.00|43.0326|21.359
21|11|0|180|0.0|19.4|315|11.8|78.6|0.00|0.00|43.0316|19.3228
21|13|0|225|0.0|19.4|315|11.1|78.4|0.00|0.00|43.0297|19.3228
21|14|0|225|0.0|19.4|315|11.1|78.2|0.00|0.00|43.0308|19.3228
21|15|0|225|0.0|19.4|315|11.4|78.1|0.00|0.00|43.0304|19.3228
21|16|0|113|1.5|19.4|315|11.9|78.0|0.00|0.00|43.0292|19.3228
21|18|0|180|1.6|19.4|315|11.8|77.9|0.00|0.00|43.0296|18.5553
21|19|0|180|0.0|19.4|315|12.0|77.8|0.00|0.00|43.0317|20.5839
21|20|0|180|1.5|19.4|315|12.0|77.7|0.00|0.00|43.0337|20.5839
21|21|0|135|1.5|19.4|315|11.8|77.6|0.00|0.00|43.0337|18.5553
21|22|0|180|0.0|19.4|315|12.0|77.3|0.00|0.00|43.034|20.5839
21|23|0|180|0.0|19.4|315|12.1|77.2|0.00|0.00|43.0342|20.5839
21|24|0|180|0.0|19.4|315|12.2|77.2|0.00|0.00|43.0356|20.5839
21|25|0|180|0.0|19.4|315|12.2|77.0|0.00|0.00|43.0352|20.5839
21|26|0|180|0.0|19.4|315|12.3|77.0|0.00|0.00|43.0363|20.5839
21|27|0|180|0.0|19.4|315|12.4|76.9|0.00|0.00|43.0348|19.8084
21|28|0|315|0.0|19.4|315|12.5|76.8|0.00|0.00|43.0334|19.8084
21|29|0|0|0.0|19.4|315|12.8|76.7|0.00|0.00|43.0341|19.8084
21|31|0|270|0.0|19.4|315|12.7|76.6|0.00|0.00|43.0347|19.8084
21|32|0|270|0.0|19.4|315|12.5|76.4|0.00|0.00|43.0324|19.8084
21|33|0|270|0.0|19.4|315|12.5|76.3|0.00|0.00|43.0332|19.8084
21|34|0|270|0.0|19.4|315|12.5|76.3|0.00|0.00|43.032|19.8084
21|35|0|180|0.0|19.4|315|12.3|76.2|0.00|0.00|43.0315|19.8084
21|36|0|180|0.0|19.4|315|12.2|76.0|0.00|0.00|43.0296|19.8084
21|37|0|180|1.5|19.4|315|12.4|76.0|0.00|0.00|43.0311|19.8084
21|38|0|180|1.5|19.4|315|12.5|76.0|0.00|0.00|43.0318|19.8084
21|39|0|180|0.0|19.4|315|12.8|75.9|0.00|0.00|43.0313|19.0325
21|40|0|225|0.0|19.4|315|12.8|75.9|0.00|0.00|43.0312|19.0325
21|42|0|225|0.0|19.4|315|12.8|75.8|0.00|0.00|43.0305|19.0325
21|43|0|225|0.0|19.4|315|13.1|75.7|0.00|0.00|43.0311|20.9022
21|44|0|225|0.0|19.4|315|13.1|75.7|0.00|0.00|43.0347|20.9022
21|45|0|270|0.0|19.4|315|12.8|75.5|0.00|0.00|43.0342|19.0325
21|46|0|270|0.0|19.4|315|12.6|75.4|0.00|0.00|43.0361|19.0325
21|47|0|315|1.5|19.4|315|13.9|75.3|0.00|0.00|43.0388|20.9022
21|48|0|315|3.2|19.4|315|16.0|75.2|0.00|0.00|43.0467|25.8321
21|49|0|315|1.5|19.4|315|16.6|75.1|0.00|0.00|43.0525|25.8321
21|50|0|315|1.5|19.4|315|16.5|74.9|0.00|0.00|43.0538|25.0302
21|51|0|180|2.9|19.4|315|15.4|74.6|0.00|0.00|43.0537|23.4913
21|52|0|225|4.4|19.4|315|15.4|74.3|0.00|0.00|43.0471|23.4913
21|53|0|315|1.6|19.4|315|15.5|74.1|0.00|0.00|43.0474|23.4913
21|54|0|270|1.6|19.4|315|15.2|73.9|0.00|0.00|43.0473|22.6948
21|56|0|180|1.5|19.4|315|14.3|73.7|0.00|0.00|43.0447|21.0683
21|57|0|270|2.9|19.4|315|13.9|73.6|0.00|0.00|43.045|19.3353
21|58|0|315|0.0|19.4|315|14.0|73.6|0.00|0.00|43.0462|21.0683
22|00|0|225|1.5|19.4|315|14.0|73.6|0.00|0.00|43.0468|21.0683
22|01|0|248|1.6|19.4|315|13.8|73.7|0.00|0.00|43.054|19.3353
22|02|0|270|4.8|19.4|315|13.7|73.9|0.00|0.00|43.0515|19.3353
22|04|0|315|16.1|19.4|315|16.0|74.2|0.00|0.00|43.0522|25.0302
22|06|0|315|6.4|19.4|315|19.1|75.0|0.00|0.00|43.0604|30.0016
22|07|0|315|7.3|19.4|315|19.5|75.2|0.00|0.00|43.0535|30.0016
22|08|0|315|7.3|19.4|315|20.3|75.3|0.00|0.00|43.0563|31.2621
22|09|0|270|3.2|19.4|315|20.0|75.4|0.00|0.00|43.0607|31.2621
22|10|0|270|4.4|19.4|315|19.7|75.5|0.00|0.00|43.0664|30.0016
22|11|0|225|4.4|19.4|315|18.8|75.5|0.00|0.00|43.07|28.6809
22|12|0|270|4.4|19.4|315|18.7|75.8|0.00|0.00|43.0733|28.6809
22|13|0|270|13.1|19.4|315|18.7|75.8|0.00|0.00|43.0754|28.6809
22|14|0|180|1.5|19.4|315|18.6|76.0|0.00|0.00|43.0764|29.4934
22|17|0|315|10.2|19.4|315|20.7|76.0|0.00|0.00|43.0737|32.0845
22|18|0|315|13.1|19.4|315|21.3|75.8|0.00|0.00|43.0775|32.468
22|19|0|270|6.4|19.4|315|21.8|75.7|0.00|0.00|43.088|32.468
22|20|0|315|4.8|19.4|315|21.7|75.5|0.00|0.00|43.0882|32.468
22|21|0|315|10.2|19.4|315|22.2|75.4|0.00|0.00|43.0893|33.6243
22|22|0|270|16.0|19.4|315|22.6|75.3|0.00|0.00|43.0839|33.6243
22|23|0|270|11.3|19.4|315|22.8|75.1|0.00|0.00|43.0896|33.6243
22|24|0|315|10.2|19.4|315|22.7|75.0|0.00|0.00|43.0861|33.6243
22|25|0|270|4.4|19.4|315|23.4|74.9|0.00|0.00|43.085|33.8987
22|26|0|270|6.4|19.4|315|23.4|74.6|0.00|0.00|43.0825|33.8987
22|28|0|315|11.6|19.4|315|23.4|74.4|0.00|0.00|43.08|33.8987
22|29|0|315|7.3|19.4|315|23.6|74.4|0.00|0.00|43.088|33.8987
22|30|0|315|8.7|19.4|315|24.0|74.3|0.00|0.00|43.089|34.9634
22|31|0|270|8.7|19.4|315|23.5|74.2|0.00|0.00|43.0902|33.8987
22|32|0|270|8.7|19.4|315|23.4|74.2|0.00|0.00|43.0945|33.8987
22|33|0|315|8.0|19.4|315|23.4|74.2|0.00|0.00|43.092|33.8987
22|34|0|270|5.8|19.4|315|23.7|74.2|0.00|0.00|43.0973|33.8987
22|35|0|270|8.7|19.4|315|23.5|74.2|0.00|0.00|43.0949|33.8987
22|36|0|270|7.3|19.4|315|24.0|74.2|0.00|0.00|43.0951|34.9634
22|37|0|270|5.8|19.4|315|24.8|74.2|0.00|0.00|43.0986|34.9634
22|39|0|315|4.4|19.4|315|24.7|74.1|0.00|0.00|43.0969|34.9634
22|41|0|315|3.2|19.4|315|24.4|74.0|0.00|0.00|43.1009|34.9634
22|43|0|315|6.4|19.4|315|24.3|73.7|0.00|0.00|43.0985|34.1227
22|44|0|315|5.8|19.4|315|24.8|73.7|0.00|0.00|43.1004|34.1227
22|45|0|270|8.7|19.4|315|25.1|73.7|0.00|0.00|43.0969|35.1449
22|46|0|270|8.7|19.4|315|24.6|73.6|0.00|0.00|43.0978|34.1227
22|47|0|270|11.6|23.3|270|24.6|73.6|0.00|0.00|43.0948|34.1227
22|48|0|315|8.1|23.3|270|25.4|73.6|0.00|0.00|43.0988|35.1449
22|49|0|270|8.7|23.3|270|25.1|73.5|0.00|0.00|43.0991|35.1449
22|50|0|338|4.4|23.3|270|25.3|73.5|0.00|0.00|43.1016|35.1449
22|52|0|270|2.9|23.3|270|25.5|73.5|0.00|0.00|43.1046|35.1449
22|53|0|270|8.7|23.3|270|25.4|73.4|0.00|0.00|43.1028|35.1449
22|54|0|270|4.8|23.3|270|25.2|73.3|0.00|0.00|43.1046|35.1449
22|55|0|225|4.4|23.3|270|25.5|73.3|0.00|0.00|43.103|35.1449
22|56|0|225|4.4|23.3|270|25.6|73.3|0.00|0.00|43.1049|35.1449
22|57|0|270|4.4|23.3|270|25.8|73.2|0.00|0.00|43.1061|35.1449
22|58|0|90|3.2|23.3|270|25.8|73.2|0.00|0.00|43.1076|35.1449
22|59|0|248|4.4|23.3|270|25.8|73.2|0.00|0.00|43.1083|35.1449
23|00|0|270|4.4|23.3|270|25.8|73.2|0.00|0.00|43.1065|35.1449
23|01|0|338|1.6|23.3|270|25.9|73.2|0.00|0.00|43.103|35.1449
23|02|0|270|4.4|23.3|270|26.1|73.2|0.00|0.00|43.1012|36.1315
23|04|0|270|5.8|23.3|270|25.7|73.1|0.00|0.00|43.1001|35.1449
23|05|0|315|5.8|23.3|270|25.5|73.1|0.00|0.00|43.1035|35.1449
23|06|0|225|2.9|23.3|270|25.2|73.1|0.00|0.00|43.1099|35.1449
23|07|0|180|1.5|23.3|270|25.2|73.1|0.00|0.00|43.1108|35.1449
23|08|0|270|4.8|23.3|270|25.2|73.1|0.00|0.00|43.116|35.1449
23|09|0|90|1.5|23.3|270|25.1|73.1|0.00|0.00|43.1165|35.1449
23|10|0|225|1.6|23.3|270|25.1|73.1|0.00|0.00|43.1146|35.1449
23|11|0|180|2.9|23.3|270|25.1|73.1|0.00|0.00|43.1117|35.1449
23|12|0|225|4.8|23.3|270|25.0|73.1|0.00|0.00|43.1159|35.1449
23|13|0|315|2.9|23.3|270|25.5|73.1|0.00|0.00|43.116|35.1449
23|14|0|225|5.8|23.3|270|25.6|73.1|0.00|0.00|43.1191|35.1449
23|16|0|248|5.8|23.3|270|26.1|73.0|0.00|0.00|43.1206|36.1315
23|17|0|270|5.8|23.3|270|26.1|73.0|0.00|0.00|43.1212|36.1315
23|18|0|270|1.6|23.3|270|26.9|73.0|0.00|0.00|43.1212|36.1315
23|19|0|270|13.1|23.3|270|26.6|72.8|0.00|0.00|43.123|35.2827
23|20|0|270|5.8|23.3|270|26.1|72.7|0.00|0.00|43.1276|35.2827
23|21|0|315|1.5|23.3|270|26.3|72.7|0.00|0.00|43.1299|35.2827
23|23|0|315|5.8|23.3|270|26.6|72.6|0.00|0.00|43.127|35.2827
23|24|0|315|5.8|23.3|270|27.2|72.5|0.00|0.00|43.1263|36.2326
23|25|0|270|1.5|23.3|270|27.0|72.5|0.00|0.00|43.1274|36.2326
23|26|0|315|4.8|23.3|270|27.4|72.5|0.00|0.00|43.1282|36.2326
23|27|0|225|5.8|23.3|270|27.1|72.4|0.00|0.00|43.1277|36.2326
23|28|0|270|8.7|23.3|270|26.6|72.3|0.00|0.00|43.1246|35.2827
23|29|0|225|4.4|23.3|270|26.9|72.3|0.00|0.00|43.1254|35.2827
23|32|0|315|2.9|23.3|270|27.2|72.3|0.00|0.00|43.1259|36.2326
23|33|0|315|2.9|23.3|270|27.9|72.3|0.00|0.00|43.1277|36.2326
23|34|0|270|5.8|23.3|270|27.2|72.2|0.00|0.00|43.1297|36.2326
23|35|0|270|4.4|23.3|270|27.3|72.1|0.00|0.00|43.1286|36.2326
23|36|0|225|0.0|23.3|270|27.3|72.1|0.00|0.00|43.1306|36.2326
23|38|0|315|1.6|23.3|270|26.8|71.9|0.00|0.00|43.1325|34.4336
23|39|0|270|0.0|23.3|270|26.7|71.9|0.00|0.00|43.1328|34.4336
23|40|0|270|0.0|23.3|270|26.7|71.9|0.00|0.00|43.1328|34.4336
23|41|0|270|1.5|23.3|270|27.0|71.9|0.00|0.00|43.1325|35.3797
23|42|0|0|3.2|23.3|270|27.4|71.9|0.00|0.00|43.1354|35.3797
23|43|0|0|4.4|23.3|270|29.4|71.8|0.00|0.00|43.1363|37.1827
23|44|0|45|1.5|23.3|270|31.1|71.7|0.00|0.00|43.1396|38.8791
23|46|0|90|2.9|23.3|270|31.8|71.5|0.00|0.00|43.1426|38.8791
23|47|0|90|1.5|23.3|270|32.3|71.3|0.00|0.00|43.1445|39.6914
23|48|0|45|1.5|23.3|270|30.8|71.0|0.00|0.00|43.1464|38.0434
23|49|0|315|0.0|23.3|270|29.1|70.8|0.00|0.00|43.1468|36.3224
23|50|0|90|0.0|23.3|270|30.6|70.7|0.00|0.00|43.1466|37.1797
23|51|0|113|1.6|23.3|270|30.3|70.5|0.00|0.00|43.1449|37.1797
23|52|0|90|5.8|23.3|270|29.2|70.4|0.00|0.00|43.1453|36.3224
23|54|0|90|8.7|23.3|270|28.3|70.1|0.00|0.00|43.1442|35.4387
23|55|0|90|4.4|23.3|270|27.7|70.1|0.00|0.00|43.1462|34.5266
23|56|0|90|2.9|23.3|270|27.4|70.3|0.00|0.00|43.1467|34.5266
23|57|0|90|1.5|23.3|270|29.6|70.4|0.00|0.00|43.1478|36.3224
23|58|0|68|2.9|23.3|270|30.5|70.4|0.00|0.00|43.1482|37.1797
23|59|0|90|2.9|23.3|270|29.4|70.4|0.00|0.00|43.1469|36.3224
