00|00|0|225|1.6|3.2|90|68.6|25.2|0.02|0.03|44.2711|15.9698
00|01|0|225|0.0|3.2|90|68.7|25.1|0.01|0.03|44.2728|15.9698
00|02|0|225|0.0|3.2|90|68.9|25.1|0.01|0.03|44.2729|15.9698
00|03|0|225|0.0|3.2|90|69.0|25.1|0.01|0.03|44.2736|16.3046
00|04|0|225|0.0|3.2|90|69.0|25.2|0.01|0.03|44.2735|16.3046
00|05|0|225|0.0|3.2|90|69.1|25.2|0.01|0.03|44.2739|16.3046
00|06|0|225|0.0|3.2|90|69.2|25.2|0.00|0.03|44.2743|16.3046
00|08|0|225|0.0|3.2|90|69.2|25.2|0.00|0.03|44.272|16.3046
00|09|0|225|0.0|3.2|90|69.3|25.2|0.00|0.03|44.2734|16.3046
00|10|0|225|0.0|3.2|90|69.7|25.2|0.00|0.03|44.2713|16.3046
00|11|0|225|1.5|3.2|90|70.2|25.2|0.00|0.03|44.2716|16.635
00|12|0|225|0.0|3.2|90|70.5|25.2|0.00|0.03|44.2714|16.635
00|13|0|225|0.0|3.2|90|70.5|25.4|0.00|0.03|44.272|16.635
00|14|0|225|0.0|3.2|90|70.3|25.4|0.00|0.03|44.2715|16.635
00|15|0|225|1.5|3.2|90|70.0|25.4|0.00|0.03|44.2705|16.635
00|16|0|225|1.5|3.2|90|69.8|25.4|0.00|0.03|44.2705|16.3046
00|17|0|225|0.0|3.2|90|69.7|25.4|0.00|0.03|44.271|16.3046
00|18|0|225|0.0|3.2|90|69.9|25.4|0.00|0.03|44.271|16.3046
00|19|0|225|0.0|3.2|90|70.2|25.5|0.00|0.03|44.2721|16.635
00|20|0|225|0.0|3.2|90|70.2|25.5|0.00|0.03|44.2731|16.635
00|21|0|225|0.0|3.2|90|70.1|25.5|0.00|0.03|44.272|16.635
00|22|0|225|0.0|3.2|90|69.7|25.5|0.00|0.03|44.2706|16.3046
00|23|0|225|0.0|3.2|90|69.4|25.5|0.00|0.03|44.2714|16.3046
00|24|0|225|0.0|3.2|90|69.2|25.5|0.00|0.03|44.271|16.3046
00|25|0|225|0.0|3.2|90|69.1|25.5|0.00|0.03|44.2698|16.3046
00|26|0|225|0.0|3.2|90|69.0|25.5|0.00|0.03|44.2713|16.3046
00|27|0|225|0.0|3.2|90|69.0|25.4|0.00|0.03|44.2721|16.3046
00|29|0|225|0.0|3.2|90|68.9|25.4|0.00|0.03|44.2753|15.9698
00|30|0|225|1.5|3.2|90|68.8|25.4|0.00|0.03|44.2758|15.9698
00|31|0|225|0.0|3.2|90|68.9|25.2|0.00|0.03|44.2749|15.9698
00|32|0|225|0.0|3.2|90|68.9|25.2|0.00|0.03|44.2763|15.9698
00|33|0|225|0.0|3.2|90|68.9|25.1|0.00|0.03|44.2761|15.9698
00|34|0|225|1.5|3.2|90|68.9|25.0|0.00|0.03|44.2745|15.9698
00|35|0|225|1.5|3.2|90|68.9|25.0|0.00|0.03|44.2752|15.9698
00|36|0|225|0.0|3.2|90|69.0|25.0|0.00|0.03|44.2763|16.3046
00|37|0|225|0.0|3.2|90|69.1|24.9|0.00|0.03|44.2754|15.3455
00|39|0|225|0.0|3.2|90|69.3|24.9|0.00|0.03|44.2744|15.3455
00|40|0|225|0.0|3.2|90|69.4|24.8|0.00|0.03|44.2737|15.3455
00|41|0|225|0.0|3.2|90|69.4|24.8|0.00|0.03|44.2747|15.3455
00|42|0|225|1.5|3.2|90|69.1|24.8|0.00|0.03|44.2743|15.3455
00|43|0|225|0.0|3.2|90|68.9|24.8|0.00|0.03|44.2734|15.0123
00|44|0|225|0.0|3.2|90|68.8|24.8|0.00|0.03|44.2746|15.0123
00|45|0|225|0.0|3.2|90|69.0|24.8|0.00|0.03|44.276|15.3455
00|46|0|225|0.0|3.2|90|69.1|24.8|0.00|0.03|44.2769|15.3455
00|47|0|225|0.0|3.2|90|69.3|24.7|0.00|0.03|44.2745|15.3455
00|48|0|225|0.0|3.2|90|69.4|24.7|0.00|0.03|44.2735|15.3455
00|49|0|225|1.5|3.2|90|69.5|24.7|0.00|0.03|44.276|15.3455
00|51|0|225|1.6|3.2|90|69.7|24.6|0.00|0.03|44.2767|15.3455
00|52|0|225|1.5|3.2|90|69.8|24.6|0.00|0.03|44.2738|15.3455
00|53|0|225|1.5|3.2|90|70.0|24.6|0.00|0.03|44.2753|15.6744
00|54|0|225|0.0|3.2|90|70.1|24.6|0.00|0.03|44.277|15.6744
00|55|0|225|1.6|3.2|90|70.3|24.6|0.00|0.03|44.2762|15.6744
00|57|0|225|1.6|3.2|90|70.4|24.6|0.00|0.03|44.2763|15.6744
00|58|0|225|1.5|3.2|90|70.2|24.6|0.00|0.03|44.2764|15.6744
00|59|0|225|0.0|3.2|90|70.0|24.6|0.00|0.03|44.2772|15.6744
01|00|0|225|0.0|3.2|90|69.9|24.6|0.00|0.03|44.276|15.3455
01|02|0|225|0.0|3.2|90|69.7|24.7|0.00|0.03|44.2786|15.3455
01|03|0|225|0.0|3.2|90|69.7|24.7|0.00|0.03|44.2791|15.3455
01|04|0|225|0.0|3.2|90|69.7|24.6|0.00|0.03|44.2786|15.3455
01|05|0|225|1.5|3.2|90|69.6|24.6|0.00|0.03|44.2777|15.3455
01|07|0|225|0.0|3.2|90|69.4|24.6|0.01|0.04|44.2778|15.3455
01|08|0|225|0.0|3.2|90|69.5|24.6|0.01|0.04|44.2814|15.3455
01|09|0|225|0.0|3.2|90|69.4|24.6|0.01|0.04|44.2817|15.3455
01|11|0|225|0.0|3.2|90|69.4|24.5|0.01|0.04|44.2828|15.3455
01|12|0|225|0.0|3.2|90|69.3|24.5|0.01|0.04|44.285|15.3455
01|13|0|225|0.0|3.2|90|69.2|24.5|0.01|0.04|44.2835|15.3455
01|14|0|225|0.0|3.2|90|69.2|24.5|0.01|0.04|44.2862|15.3455
01|15|0|225|0.0|3.2|90|69.3|24.3|0.01|0.04|44.2848|15.3455
01|16|0|225|1.5|3.2|90|69.3|24.2|0.01|0.04|44.2858|15.3455
01|17|0|225|1.5|3.2|90|69.4|24.2|0.01|0.04|44.2882|15.3455
01|18|0|225|1.5|3.2|90|69.6|24.1|0.01|0.04|44.2857|15.3455
01|19|0|225|1.6|3.2|90|69.7|24.0|0.01|0.04|44.2872|15.3455
01|20|0|225|1.5|3.2|90|69.9|23.9|0.01|0.04|44.2876|14.3863
01|22|0|225|0.0|3.2|90|70.3|23.8|0.01|0.04|44.2855|14.7137
01|24|0|225|0.0|3.2|90|70.5|23.8|0.01|0.04|44.2864|14.7137
01|25|0|225|0.0|3.2|90|70.4|23.7|0.01|0.04|44.2852|14.7137
01|26|0|225|0.0|3.2|90|70.4|23.7|0.01|0.04|44.2843|14.7137
01|27|0|225|0.0|3.2|90|70.5|23.7|0.01|0.04|44.2871|14.7137
01|28|0|225|0.0|3.2|90|70.4|23.7|0.01|0.04|44.2873|14.7137
01|29|0|225|0.0|3.2|90|70.3|23.7|0.01|0.04|44.2895|14.7137
01|30|0|225|0.0|3.2|90|70.2|23.6|0.01|0.04|44.2889|14.7137
01|31|0|225|0.0|3.2|90|70.2|23.7|0.01|0.04|44.2901|14.7137
01|33|0|225|0.0|3.2|90|70.4|23.6|0.01|0.04|44.2886|14.7137
01|35|0|225|0.0|3.2|90|70.6|23.6|0.01|0.04|44.2891|14.7137
01|37|0|225|0.0|3.2|90|71.1|23.7|0.01|0.04|44.2889|15.037
01|38|0|180|1.5|3.2|90|71.2|23.7|0.01|0.04|44.2871|15.037
01|39|0|135|0.0|4.4|135|71.1|23.8|0.02|0.05|44.2883|15.037
01|40|0|135|1.5|4.4|135|71.0|23.9|0.02|0.05|44.2895|15.037
01|41|0|135|0.0|4.4|135|70.8|24.0|0.02|0.05|44.2888|15.6744
01|42|0|135|0.0|4.4|135|70.6|24.0|0.02|0.07|44.2899|15.6744
01|43|0|135|0.0|4.4|135|70.4|24.1|0.03|0.07|44.288|15.6744
01|44|0|135|1.5|4.4|135|70.1|24.1|0.04|0.08|44.2875|15.6744
01|45|0|135|0.0|4.4|135|69.9|24.2|0.04|0.08|44.2881|15.3455
01|46|0|180|1.5|4.4|135|69.8|24.2|0.04|0.08|44.2872|15.3455
01|47|0|180|2.9|4.4|135|69.6|24.2|0.04|0.08|44.2859|15.3455
01|49|0|180|1.5|4.4|135|69.2|24.3|0.04|0.08|44.2887|15.3455
01|50|0|180|2.9|4.4|135|69.0|24.3|0.04|0.08|44.2889|15.3455
01|52|0|180|1.6|4.4|135|68.9|24.3|0.04|0.08|44.2877|15.0123
01|53|0|180|1.6|4.4|135|68.8|24.5|0.04|0.08|44.2869|15.0123
01|54|0|180|2.9|4.4|135|68.5|24.5|0.04|0.08|44.2866|15.0123
01|55|0|158|2.9|4.4|135|68.1|24.6|0.04|0.08|44.2867|15.0123
01|56|0|180|2.9|4.4|135|67.8|24.6|0.04|0.08|44.2849|14.6747
01|57|0|180|2.9|4.4|135|67.6|24.6|0.04|0.08|44.2827|14.6747
01|58|0|158|1.6|4.4|135|67.4|24.7|0.04|0.08|44.2835|14.6747
01|59|0|180|2.9|4.4|135|67.1|24.7|0.04|0.08|44.2832|14.6747
02|00|0|180|1.6|4.4|135|66.9|24.7|0.04|0.08|44.2846|14.3326
02|01|0|180|1.5|4.4|135|66.8|24.8|0.04|0.08|44.2855|14.3326
02|02|0|180|0.0|4.4|135|66.7|24.8|0.04|0.08|44.2868|14.3326
02|03|0|180|1.5|4.4|135|66.7|24.9|0.04|0.08|44.2895|14.3326
02|04|0|180|0.0|4.4|135|66.6|24.8|0.04|0.08|44.2868|14.3326
02|05|0|180|1.5|4.4|135|66.6|24.9|0.04|0.08|44.2889|14.3326
02|06|0|180|1.6|4.4|135|66.5|24.9|0.03|0.08|44.2882|14.3326
02|07|0|180|1.5|4.4|135|66.5|24.9|0.03|0.08|44.2875|14.3326
02|08|0|180|1.5|4.4|135|66.5|24.9|0.03|0.08|44.2877|14.3326
02|09|0|180|0.0|4.4|135|66.5|25.0|0.03|0.08|44.2893|15.287
02|11|0|180|0.0|4.4|135|66.4|25.0|0.03|0.08|44.2896|15.287
02|12|0|180|0.0|4.4|135|66.4|25.0|0.03|0.08|44.2901|15.287
02|13|0|180|0.0|4.4|135|66.3|25.1|0.03|0.08|44.2913|15.287
02|14|0|180|0.0|4.4|135|66.3|25.1|0.03|0.08|44.2908|15.287
02|16|0|180|0.0|4.4|135|66.1|25.0|0.03|0.08|44.2913|15.287
02|18|0|180|0.0|4.4|135|66.2|25.0|0.03|0.08|44.2913|15.287
02|19|0|180|0.0|4.4|135|66.4|25.0|0.03|0.08|44.2915|15.287
02|20|0|180|0.0|4.4|135|66.4|25.0|0.03|0.08|44.2924|15.287
02|21|0|180|0.0|4.4|135|66.5|25.0|0.03|0.08|44.29|15.287
02|23|0|180|0.0|4.4|135|66.9|25.0|0.03|0.08|44.2932|15.287
02|24|0|180|1.5|4.4|135|67.0|25.0|0.03|0.08|44.2908|15.6307
02|25|0|180|1.5|4.4|135|66.8|25.0|0.03|0.08|44.2892|15.287
02|26|0|180|0.0|4.4|135|66.6|25.0|0.03|0.08|44.2905|15.287
02|27|0|180|0.0|4.4|135|66.5|25.0|0.03|0.08|44.2904|15.287
02|28|0|180|1.5|4.4|135|66.4|25.0|0.03|0.08|44.289|15.287
02|29|0|180|0.0|4.4|135|66.4|25.0|0.03|0.08|44.2925|15.287
02|31|0|180|1.5|4.4|135|66.3|25.0|0.03|0.08|44.2916|15.287
02|32|0|180|0.0|4.4|135|66.5|25.0|0.03|0.08|44.2906|15.287
02|33|0|180|1.6|4.4|135|67.1|25.0|0.03|0.08|44.2887|15.6307
02|34|0|180|1.5|4.4|135|67.7|25.0|0.03|0.08|44.2917|15.6307
02|35|0|180|0.0|4.4|135|68.1|25.0|0.03|0.08|44.2901|15.9698
02|37|0|180|0.0|4.4|135|67.6|24.9|0.03|0.08|44.2876|14.6747
02|38|0|180|1.5|4.4|135|67.1|24.8|0.02|0.08|44.2867|14.6747
02|39|0|180|0.0|4.4|135|66.7|24.8|0.02|0.08|44.2874|14.3326
02|40|0|180|0.0|4.4|135|66.5|24.7|0.02|0.08|44.2864|14.3326
02|42|0|180|0.0|4.4|135|66.3|24.6|0.01|0.08|44.2898|14.3326
02|43|0|180|1.5|4.4|135|66.4|24.5|0.01|0.08|44.2897|14.3326
02|44|0|180|1.5|4.4|135|66.7|24.3|0.00|0.08|44.2908|14.3326
02|45|0|180|0.0|4.4|135|66.9|24.3|0.01|0.09|44.2905|14.3326
02|46|0|180|0.0|4.4|135|67.0|24.3|0.01|0.09|44.2924|14.6747
02|47|0|180|1.5|4.4|135|67.1|24.2|0.01|0.09|44.2919|14.6747
02|48|0|180|1.5|4.4|135|67.1|24.2|0.01|0.09|44.2913|14.6747
02|49|0|180|0.0|4.4|135|67.1|24.1|0.01|0.09|44.2896|14.6747
02|50|0|180|1.5|4.4|135|67.1|24.1|0.01|0.09|44.2891|14.6747
02|51|0|180|0.0|4.4|135|67.1|24.1|0.01|0.09|44.2923|14.6747
02|53|0|180|1.5|4.4|135|67.1|24.1|0.01|0.09|44.2909|14.6747
02|54|0|180|1.5|4.4|135|67.1|24.0|0.01|0.09|44.2877|14.6747
02|55|0|180|0.0|4.4|135|67.1|24.0|0.01|0.09|44.2908|14.6747
02|57|0|180|1.5|4.4|135|67.2|24.0|0.01|0.09|44.286|14.6747
02|58|0|180|1.5|4.4|135|67.2|24.0|0.01|0.09|44.2875|14.6747
02|59|0|180|0.0|4.4|135|67.2|24.0|0.01|0.09|44.289|14.6747
03|00|0|180|1.6|4.4|135|67.2|23.9|0.01|0.09|44.2855|13.7187
03|01|0|180|0.0|4.4|135|67.1|24.0|0.01|0.09|44.2872|14.6747
03|02|0|180|1.5|4.4|135|67.0|24.0|0.01|0.09|44.2874|14.6747
03|04|0|180|0.0|4.4|135|66.8|24.1|0.01|0.09|44.2868|14.3326
03|05|0|180|0.0|4.4|135|66.7|24.1|0.01|0.09|44.2867|14.3326
03|06|0|180|1.5|4.4|135|66.7|24.0|0.01|0.09|44.2844|14.3326
03|07|0|180|1.6|4.4|135|66.5|24.0|0.01|0.09|44.2857|14.3326
03|08|0|180|1.5|4.4|135|66.3|24.0|0.01|0.09|44.2837|14.3326
03|09|0|180|1.5|4.4|135|66.1|24.1|0.01|0.09|44.2833|14.3326
03|12|0|180|0.0|4.4|135|66.0|24.1|0.01|0.09|44.2863|14.3326
03|13|0|180|0.0|4.4|135|65.8|24.1|0.01|0.09|44.2858|13.9859
03|14|0|180|0.0|4.4|135|65.7|24.1|0.01|0.09|44.285|13.9859
03|15|0|180|1.5|4.4|135|65.6|24.2|0.01|0.09|44.2848|13.9859
03|17|0|180|1.5|4.4|135|65.4|24.2|0.01|0.09|44.2843|13.9859
03|18|0|180|0.0|4.4|135|65.4|24.2|0.01|0.09|44.2834|13.9859
03|19|0|180|0.0|4.4|135|65.4|24.2|0.01|0.09|44.2835|13.9859
03|20|0|180|0.0|4.4|135|65.4|24.2|0.01|0.09|44.2827|13.9859
03|21|0|180|1.5|4.4|135|65.2|24.2|0.01|0.09|44.283|13.9859
03|22|0|180|0.0|4.4|135|65.1|24.3|0.01|0.09|44.2842|13.9859
03|23|0|180|0.0|4.4|135|65.1|24.3|0.01|0.09|44.2842|13.9859
03|24|0|180|1.5|4.4|135|65.1|24.5|0.01|0.09|44.2842|13.9859
03|25|0|180|1.5|4.4|135|65.1|24.5|0.01|0.09|44.2844|13.9859
03|26|0|180|1.5|4.4|135|64.8|24.6|0.01|0.09|44.2824|13.6344
03|27|0|180|1.6|4.4|135|64.8|24.6|0.01|0.09|44.2816|13.6344
03|28|0|180|1.5|4.4|135|64.8|24.7|0.01|0.09|44.2816|13.6344
03|29|0|180|1.5|4.4|135|64.6|24.7|0.01|0.09|44.2816|13.6344
03|30|0|180|0.0|4.4|135|64.2|24.7|0.01|0.09|44.2808|13.6344
03|31|0|180|0.0|4.4|135|64.1|24.7|0.01|0.09|44.2815|13.6344
03|32|0|180|1.5|4.4|135|64.1|24.8|0.01|0.09|44.2808|13.6344
03|34|0|180|0.0|4.4|135|64.2|24.8|0.01|0.09|44.279|13.6344
03|35|0|180|0.0|4.4|135|64.2|24.8|0.01|0.09|44.2776|13.6344
03|36|0|180|1.5|4.4|135|64.1|24.8|0.01|0.09|44.2776|13.6344
03|37|0|180|1.5|4.4|135|64.1|24.8|0.01|0.09|44.2787|13.6344
03|38|0|135|1.5|4.4|135|64.2|24.7|0.01|0.09|44.2759|13.6344
03|40|0|135|1.6|4.4|135|64.3|24.7|0.01|0.09|44.276|13.6344
03|41|0|135|2.9|4.8|135|64.2|24.6|0.01|0.09|44.2756|13.6344
03|42|0|135|4.8|8.7|135|63.9|24.7|0.01|0.09|44.2751|13.278
03|43|0|158|4.4|8.7|135|63.6|24.7|0.01|0.09|44.2737|13.278
03|44|0|135|3.2|10.2|135|63.3|24.9|0.01|0.09|44.2749|13.278
03|45|0|135|4.4|10.2|135|63.0|25.1|0.00|0.09|44.276|14.2274
03|46|0|135|4.8|10.2|135|62.6|25.5|0.00|0.09|44.2735|13.8642
03|47|0|135|7.3|10.2|135|62.2|25.7|0.00|0.09|44.2713|13.8642
03|48|0|135|4.8|10.2|135|61.8|25.9|0.00|0.09|44.2739|13.4958
03|49|0|135|2.9|10.2|135|61.6|26.1|0.01|0.10|44.2715|14.4418
03|50|0|135|5.8|10.2|135|61.3|26.3|0.01|0.10|44.2706|14.4418
03|51|0|135|4.8|10.2|135|61.1|26.4|0.01|0.10|44.272|14.4418
03|52|0|135|2.9|10.2|135|60.8|26.5|0.01|0.10|44.2738|14.0662
03|54|0|135|2.9|10.2|135|60.7|26.6|0.01|0.10|44.2729|14.0662
03|55|0|135|2.9|10.2|135|60.6|26.7|0.01|0.10|44.2734|14.0662
03|56|0|135|4.4|10.2|135|60.5|26.7|0.01|0.10|44.2743|14.0662
03|57|0|180|2.9|10.2|135|60.4|26.8|0.01|0.10|44.2738|14.0662
03|58|0|180|2.9|10.2|135|60.4|26.7|0.01|0.10|44.2729|14.0662
03|59|0|180|4.8|10.2|135|60.4|26.7|0.02|0.11|44.2719|14.0662
04|00|0|135|4.4|10.2|135|60.3|26.7|0.02|0.11|44.274|14.0662
04|01|0|180|1.6|10.2|135|60.3|26.6|0.02|0.11|44.2735|14.0662
04|02|0|135|1.6|10.2|135|60.3|26.6|0.02|0.11|44.2733|14.0662
04|03|0|135|1.5|10.2|135|60.3|26.6|0.02|0.11|44.2719|14.0662
04|04|0|135|1.6|10.2|135|60.3|26.6|0.02|0.11|44.2715|14.0662
04|06|0|135|1.5|10.2|135|60.2|26.6|0.02|0.11|44.2724|14.0662
04|07|0|135|1.6|10.2|135|60.3|26.5|0.02|0.11|44.2703|14.0662
04|09|0|180|1.5|10.2|135|60.5|26.4|0.02|0.11|44.2654|14.0662
04|10|0|180|0.0|10.2|135|60.5|26.3|0.02|0.11|44.267|14.0662
04|11|0|135|1.5|10.2|135|60.6|26.3|0.02|0.11|44.2644|14.0662
04|13|0|135|2.9|10.2|135|60.7|26.1|0.02|0.11|44.2649|14.0662
04|14|0|135|1.6|10.2|135|60.8|26.0|0.02|0.11|44.2644|14.0662
04|16|0|135|2.9|10.2|135|61.1|25.9|0.02|0.11|44.2635|13.4958
04|17|0|135|0.0|10.2|135|61.2|25.9|0.02|0.11|44.2655|13.4958
04|18|0|135|0.0|10.2|135|61.3|25.8|0.02|0.11|44.2677|13.4958
04|19|0|135|1.5|10.2|135|61.4|25.8|0.02|0.11|44.2667|13.4958
04|20|0|135|0.0|10.2|135|61.5|25.8|0.02|0.11|44.2678|13.4958
04|21|0|135|0.0|10.2|135|61.7|25.7|0.02|0.11|44.2665|13.4958
04|22|0|135|1.5|10.2|135|61.7|25.7|0.02|0.11|44.267|13.4958
04|23|0|135|1.5|10.2|135|61.8|25.6|0.02|0.11|44.2668|13.4958
04|24|0|135|1.5|10.2|135|61.9|25.6|0.02|0.11|44.2675|13.4958
04|25|0|135|0.0|10.2|135|62.0|25.6|0.02|0.11|44.2695|13.8642
04|26|0|135|0.0|10.2|135|62.0|25.6|0.02|0.11|44.2693|13.8642
04|27|0|135|0.0|10.2|135|62.1|25.6|0.02|0.11|44.2705|13.8642
04|28|0|135|0.0|10.2|135|62.1|25.6|0.03|0.12|44.2693|13.8642
04|29|0|135|0.0|10.2|135|62.1|25.5|0.03|0.12|44.2683|13.8642
04|30|0|135|0.0|10.2|135|62.4|25.5|0.03|0.12|44.2694|13.8642
04|31|0|90|2.9|10.2|135|62.7|25.5|0.03|0.12|44.2696|13.8642
04|33|0|90|1.5|10.2|135|62.9|25.5|0.03|0.12|44.2695|13.8642
04|34|0|90|1.5|10.2|135|62.8|25.4|0.03|0.12|44.2665|13.8642
04|35|0|90|1.5|10.2|135|62.7|25.5|0.03|0.12|44.2697|13.8642
04|36|0|90|0.0|10.2|135|62.6|25.5|0.03|0.12|44.2681|13.8642
04|37|0|90|1.5|10.2|135|62.5|25.5|0.03|0.12|44.2689|13.8642
04|38|0|90|1.6|10.2|135|62.5|25.5|0.03|0.12|44.269|13.8642
04|39|0|90|0.0|10.2|135|62.4|25.5|0.03|0.12|44.2681|13.8642
04|40|0|90|0.0|10.2|135|62.4|25.5|0.03|0.12|44.2698|13.8642
04|41|0|90|0.0|10.2|135|62.3|25.5|0.03|0.12|44.2698|13.8642
04|42|0|90|0.0|10.2|135|62.2|25.6|0.03|0.12|44.2704|13.8642
04|43|0|90|0.0|10.2|135|62.2|25.6|0.03|0.12|44.2691|13.8642
04|44|0|90|0.0|10.2|135|62.2|25.6|0.03|0.12|44.2702|13.8642
04|45|0|90|0.0|10.2|135|62.2|25.6|0.03|0.12|44.2696|13.8642
04|46|0|90|0.0|10.2|135|62.2|25.6|0.03|0.12|44.2683|13.8642
04|47|0|90|0.0|10.2|135|62.1|25.6|0.03|0.12|44.2706|13.8642
04|48|0|90|0.0|10.2|135|62.1|25.6|0.02|0.12|44.2698|13.8642
04|49|0|90|0.0|10.2|135|62.1|25.6|0.02|0.12|44.2686|13.8642
04|51|0|90|0.0|10.2|135|62.2|25.6|0.02|0.12|44.27|13.8642
04|52|0|90|0.0|10.2|135|62.4|25.6|0.02|0.12|44.2716|13.8642
04|53|0|90|0.0|10.2|135|62.5|25.6|0.02|0.12|44.2699|13.8642
04|54|0|90|0.0|10.2|135|62.6|25.6|0.02|0.12|44.2718|13.8642
04|55|0|90|0.0|10.2|135|62.6|25.6|0.02|0.12|44.2707|13.8642
04|56|0|90|0.0|10.2|135|62.7|25.5|0.02|0.12|44.2689|13.8642
04|58|0|90|0.0|10.2|135|62.8|25.5|0.01|0.12|44.2706|13.8642
04|59|0|90|0.0|10.2|135|62.8|25.5|0.01|0.12|44.2718|13.8642
05|02|0|90|0.0|10.2|135|62.9|25.4|0.02|0.13|44.2763|13.8642
05|03|0|90|0.0|10.2|135|63.0|25.4|0.02|0.13|44.2768|14.2274
05|04|0|90|0.0|10.2|135|63.0|25.4|0.02|0.13|44.277|14.2274
05|05|0|90|0.0|10.2|135|63.2|25.4|0.02|0.13|44.2785|14.2274
05|06|0|90|0.0|10.2|135|63.4|25.4|0.02|0.13|44.2783|14.2274
05|08|0|90|0.0|10.2|135|63.8|25.4|0.02|0.13|44.2755|14.2274
05|09|0|90|0.0|10.2|135|63.8|25.4|0.02|0.13|44.2778|14.2274
05|13|0|90|0.0|10.2|135|63.6|25.5|0.02|0.13|44.2776|14.2274
05|14|0|90|0.0|10.2|135|63.4|25.5|0.02|0.13|44.2774|14.2274
05|15|0|90|0.0|10.2|135|63.2|25.4|0.02|0.13|44.2759|14.2274
05|16|0|90|0.0|10.2|135|63.2|25.4|0.02|0.13|44.2756|14.2274
05|17|0|90|1.5|10.2|135|63.3|25.4|0.02|0.13|44.2744|14.2274
05|18|0|90|0.0|10.2|135|63.4|25.4|0.02|0.13|44.2759|14.2274
05|19|0|90|1.5|10.2|135|63.5|25.2|0.02|0.13|44.2763|14.2274
05|20|0|90|0.0|10.2|135|63.6|25.2|0.02|0.13|44.2767|14.2274
05|21|0|135|0.0|10.2|135|63.6|25.4|0.02|0.13|44.2764|14.2274
05|23|0|135|0.0|10.2|135|63.2|25.2|0.03|0.14|44.2772|14.2274
05|25|0|135|0.0|10.2|135|63.0|25.1|0.03|0.14|44.2807|14.2274
05|26|0|45|1.5|10.2|135|62.9|25.0|0.03|0.14|44.2794|13.8642
05|27|0|45|0.0|10.2|135|62.7|24.9|0.03|0.15|44.2806|12.9165
05|28|0|45|0.0|10.2|135|62.8|24.8|0.03|0.15|44.2792|12.9165
05|29|0|90|0.0|10.2|135|63.3|24.7|0.03|0.15|44.2777|13.278
05|30|0|90|0.0|10.2|135|63.5|24.6|0.03|0.15|44.2777|13.278
05|32|0|180|1.5|10.2|135|63.7|24.5|0.03|0.15|44.2791|13.278
05|33|0|180|1.5|10.2|135|63.9|24.3|0.03|0.15|44.2793|13.278
05|34|0|180|1.6|10.2|135|64.0|24.2|0.03|0.15|44.2818|13.6344
05|35|0|180|1.5|10.2|135|64.3|24.1|0.03|0.15|44.2811|13.6344
05|36|0|180|1.5|10.2|135|65.0|24.0|0.03|0.15|44.2802|13.9859
05|37|0|180|1.6|10.2|135|65.3|24.0|0.03|0.15|44.2805|13.9859
05|38|0|180|0.0|10.2|135|65.5|23.9|0.03|0.15|44.28|13.0331
05|39|0|180|1.5|10.2|135|65.5|23.9|0.03|0.15|44.281|13.0331
05|40|0|180|0.0|10.2|135|65.5|23.8|0.03|0.15|44.2798|13.0331
05|41|0|180|1.5|10.2|135|65.6|23.8|0.03|0.15|44.2812|13.0331
05|42|0|180|1.5|10.2|135|65.7|23.7|0.03|0.15|44.2805|13.0331
05|43|0|135|3.2|10.2|135|65.8|23.6|0.03|0.15|44.2792|13.0331
05|44|0|135|1.5|10.2|135|66.1|23.6|0.03|0.15|44.278|13.3782
05|45|0|135|1.6|10.2|135|66.6|23.6|0.03|0.15|44.2775|13.3782
05|46|0|135|1.5|10.2|135|66.7|23.6|0.03|0.15|44.2761|13.3782
05|47|0|135|1.5|10.2|135|66.7|23.6|0.03|0.15|44.2738|13.3782
05|48|0|135|3.2|10.2|135|66.7|23.6|0.03|0.15|44.2743|13.3782
05|49|0|135|2.9|10.2|135|66.7|23.6|0.03|0.15|44.2752|13.3782
05|50|0|135|1.6|10.2|135|66.7|23.5|0.03|0.15|44.2721|13.3782
05|51|0|135|0.0|10.2|135|66.7|23.5|0.03|0.15|44.2727|13.3782
05|54|0|135|1.5|10.2|135|66.7|23.6|0.03|0.15|44.2736|13.3782
05|55|0|135|1.5|10.2|135|66.7|23.6|0.03|0.15|44.2728|13.3782
05|56|0|135|1.6|10.2|135|66.6|23.6|0.03|0.15|44.272|13.3782
05|57|0|135|2.9|10.2|135|66.5|23.7|0.03|0.15|44.2742|13.3782
05|58|0|180|1.5|10.2|135|66.5|23.6|0.03|0.15|44.2738|13.3782
06|00|0|180|2.9|10.2|135|66.6|23.6|0.02|0.15|44.275|13.3782
06|01|0|180|1.5|10.2|135|66.6|23.6|0.02|0.15|44.274|13.3782
06|02|0|180|1.5|10.2|135|66.6|23.6|0.02|0.15|44.2769|13.3782
06|03|0|180|1.6|10.2|135|66.6|23.7|0.03|0.17|44.2759|13.3782
06|04|0|135|2.9|10.2|135|66.6|23.7|0.03|0.17|44.2723|13.3782
06|05|0|180|2.9|10.2|135|66.4|23.7|0.03|0.17|44.2752|13.3782
06|06|0|180|3.2|10.2|135|66.3|23.8|0.03|0.17|44.2738|13.3782
06|07|0|180|1.5|10.2|135|66.2|23.8|0.03|0.17|44.2747|13.3782
06|08|0|180|0.0|10.2|135|66.1|23.9|0.04|0.18|44.276|13.3782
06|09|0|180|1.5|10.2|135|66.1|24.0|0.04|0.18|44.2785|14.3326
06|10|0|180|0.0|10.2|135|66.0|24.0|0.04|0.18|44.2766|14.3326
06|11|0|180|0.0|10.2|135|65.8|24.0|0.04|0.18|44.2766|13.9859
06|12|0|180|0.0|10.2|135|65.6|24.1|0.04|0.18|44.2762|13.9859
06|14|0|180|0.0|10.2|135|65.5|24.1|0.04|0.18|44.2747|13.9859
06|15|0|180|1.5|10.2|135|65.4|24.1|0.04|0.18|44.275|13.9859
06|16|0|180|0.0|10.2|135|65.5|24.1|0.04|0.18|44.2721|13.9859
06|17|0|180|1.6|10.2|135|65.6|24.2|0.04|0.18|44.2727|13.9859
06|18|0|135|0.0|10.2|135|65.5|24.2|0.04|0.18|44.2731|13.9859
06|19|0|135|1.6|10.2|135|65.5|24.2|0.04|0.18|44.2749|13.9859
06|20|0|135|0.0|10.2|135|65.4|24.2|0.04|0.18|44.2766|13.9859
06|22|0|135|1.5|10.2|135|65.3|24.3|0.04|0.18|44.2766|13.9859
06|23|0|135|1.5|10.2|135|65.2|24.3|0.03|0.18|44.2764|13.9859
06|24|0|180|3.2|10.2|135|65.1|24.3|0.03|0.18|44.2746|13.9859
06|25|0|180|1.5|10.2|135|65.0|24.3|0.03|0.18|44.2755|13.9859
06|26|0|180|2.9|10.2|135|64.9|24.3|0.02|0.18|44.2794|13.6344
06|27|0|180|1.5|10.2|135|64.7|24.3|0.02|0.18|44.279|13.6344
06|28|0|180|2.9|10.2|135|64.6|24.3|0.02|0.18|44.2812|13.6344
06|29|0|180|1.6|10.2|135|64.5|24.3|0.02|0.18|44.2815|13.6344
06|30|0|135|1.5|10.2|135|64.5|24.5|0.02|0.18|44.2834|13.6344
06|31|0|135|0.0|10.2|135|64.4|24.5|0.02|0.18|44.2847|13.6344
06|32|0|180|1.6|10.2|135|64.4|24.5|0.02|0.18|44.2846|13.6344
06|33|0|180|3.2|10.2|135|64.4|24.5|0.02|0.18|44.2822|13.6344
06|35|0|180|1.5|10.2|135|64.5|24.5|0.02|0.18|44.2828|13.6344
06|36|0|180|1.5|10.2|135|64.5|24.5|0.02|0.18|44.2856|13.6344
06|37|0|180|1.5|10.2|135|64.5|24.5|0.02|0.18|44.2832|13.6344
06|38|0|180|1.5|10.2|135|64.6|24.6|0.02|0.18|44.2859|13.6344
06|39|0|180|1.5|10.2|135|64.6|24.6|0.02|0.18|44.2843|13.6344
06|40|0|158|2.9|10.2|135|64.5|24.5|0.02|0.18|44.2832|13.6344
06|41|0|180|1.5|10.2|135|64.4|24.5|0.02|0.18|44.2865|13.6344
06|42|0|180|3.2|10.2|135|64.5|24.5|0.02|0.18|44.2863|13.6344
06|44|0|158|1.5|10.2|135|64.5|24.3|0.03|0.19|44.2865|13.6344
06|45|0|158|1.5|10.2|135|64.5|24.5|0.03|0.19|44.2905|13.6344
06|46|0|158|1.5|10.2|135|64.5|24.3|0.03|0.19|44.2874|13.6344
06|47|0|158|0.0|10.2|135|64.4|24.3|0.03|0.19|44.2872|13.6344
06|48|0|158|2.9|10.2|135|64.4|24.3|0.03|0.19|44.2887|13.6344
06|49|0|158|0.0|10.2|135|64.4|24.3|0.03|0.19|44.2875|13.6344
06|50|0|158|1.6|10.2|135|64.5|24.3|0.03|0.19|44.2907|13.6344
06|51|0|180|1.5|10.2|135|64.6|24.3|0.03|0.19|44.2905|13.6344
06|52|0|180|2.9|10.2|135|64.7|24.2|0.03|0.19|44.2899|13.6344
06|54|0|180|2.9|10.2|135|64.8|24.2|0.03|0.19|44.2924|13.6344
06|55|0|180|0.0|10.2|135|64.8|24.2|0.04|0.20|44.2924|13.6344
06|56|0|180|0.0|10.2|135|64.9|24.2|0.04|0.20|44.2911|13.6344
06|57|0|180|0.0|10.2|135|64.9|24.2|0.04|0.20|44.294|13.6344
06|58|0|180|1.5|10.2|135|64.9|24.2|0.04|0.20|44.2945|13.6344
06|59|0|180|1.5|10.2|135|64.9|24.2|0.04|0.20|44.2968|13.6344
07|00|0|180|1.6|10.2|135|64.9|24.1|0.04|0.20|44.298|13.6344
07|01|0|180|1.5|10.2|135|65.0|24.1|0.04|0.20|44.2986|13.9859
07|02|0|180|2.9|10.2|135|65.2|24.0|0.03|0.20|44.3012|13.9859
07|03|0|180|1.6|10.2|135|65.3|24.0|0.03|0.20|44.3013|13.9859
07|04|0|180|1.5|10.2|135|65.4|23.9|0.03|0.20|44.3028|13.0331
07|05|0|180|1.5|10.2|135|65.5|23.9|0.03|0.20|44.3044|13.0331
07|06|0|180|1.6|10.2|135|65.5|23.9|0.03|0.20|44.3032|13.0331
07|07|0|180|0.0|10.2|135|65.5|23.8|0.03|0.20|44.3053|13.0331
07|08|0|180|1.5|10.2|135|65.6|23.8|0.02|0.20|44.3058|13.0331
07|09|0|180|0.0|10.2|135|65.8|23.7|0.02|0.20|44.3055|13.0331
07|10|0|180|0.0|10.2|135|65.8|23.7|0.02|0.20|44.3065|13.0331
07|11|0|180|1.5|10.2|135|65.9|23.7|0.02|0.20|44.3057|13.0331
07|12|0|180|1.6|10.2|135|66.1|23.6|0.02|0.20|44.3055|13.3782
07|13|0|180|1.5|10.2|135|66.3|23.6|0.02|0.20|44.308|13.3782
07|15|0|180|1.6|10.2|135|66.4|23.5|0.02|0.20|44.3055|13.3782
07|16|0|180|1.6|10.2|135|66.5|23.6|0.02|0.20|44.3086|13.3782
07|17|0|180|2.9|10.2|135|66.5|23.5|0.02|0.20|44.307|13.3782
07|18|0|180|1.5|10.2|135|66.6|23.5|0.02|0.20|44.3077|13.3782
07|19|0|180|2.9|10.2|135|66.7|23.5|0.02|0.20|44.3062|13.3782
07|20|0|180|1.5|10.2|135|66.8|23.5|0.02|0.20|44.3074|13.3782
07|21|0|180|1.5|10.2|135|66.8|23.5|0.02|0.20|44.3082|13.3782
07|22|0|180|1.5|10.2|135|66.7|23.5|0.03|0.21|44.3068|13.3782
07|23|0|180|1.5|10.2|135|66.7|23.6|0.03|0.21|44.3077|13.3782
07|24|0|180|0.0|10.2|135|66.7|23.6|0.03|0.21|44.3071|13.3782
07|25|0|180|3.2|10.2|135|66.7|23.6|0.03|0.21|44.3055|13.3782
07|26|0|180|1.5|10.2|135|66.6|23.6|0.03|0.21|44.3062|13.3782
07|28|0|180|1.6|10.2|135|66.7|23.6|0.03|0.21|44.3069|13.3782
07|29|0|180|1.5|10.2|135|66.7|23.6|0.03|0.21|44.3062|13.3782
07|30|0|180|1.5|10.2|135|66.7|23.6|0.03|0.21|44.3045|13.3782
07|31|0|180|3.2|10.2|135|66.6|23.7|0.03|0.21|44.3081|13.3782
07|32|0|180|1.5|10.2|135|66.6|23.7|0.03|0.21|44.3067|13.3782
07|33|0|180|2.9|10.2|135|66.6|23.7|0.03|0.21|44.3075|13.3782
07|34|0|180|2.9|10.2|135|66.6|23.7|0.03|0.21|44.3066|13.3782
07|35|0|180|1.5|10.2|135|66.5|23.7|0.03|0.21|44.3043|13.3782
07|37|0|180|4.4|10.2|135|66.4|23.8|0.03|0.21|44.3058|13.3782
07|38|0|180|2.9|10.2|135|66.4|23.8|0.03|0.21|44.304|13.3782
07|39|0|180|0.0|10.2|135|66.3|23.9|0.03|0.21|44.3052|13.3782
07|40|0|180|1.6|10.2|135|66.2|23.9|0.03|0.21|44.3064|13.3782
07|41|0|135|2.9|10.2|135|66.1|23.9|0.03|0.21|44.3044|13.3782
07|42|0|180|1.6|10.2|135|65.9|24.0|0.02|0.21|44.3061|13.9859
07|43|0|180|1.6|10.2|135|65.8|24.1|0.02|0.21|44.3041|13.9859
07|44|0|180|1.6|10.2|135|65.7|24.2|0.02|0.21|44.3085|13.9859
07|45|0|225|1.5|10.2|135|65.6|24.3|0.02|0.21|44.3062|13.9859
07|46|0|180|3.2|10.2|135|65.4|24.3|0.02|0.21|44.3055|13.9859
07|47|0|135|7.3|10.2|135|65.3|24.5|0.02|0.21|44.3044|13.9859
07|48|0|180|4.8|10.2|135|65.1|24.6|0.02|0.21|44.3039|13.9859
07|49|0|135|2.9|10.2|135|64.9|24.7|0.02|0.21|44.3036|13.6344
07|50|0|180|1.5|10.2|135|64.8|24.8|0.02|0.21|44.3026|13.6344
07|52|0|180|4.8|10.2|135|64.4|24.9|0.02|0.21|44.2989|13.6344
07|55|0|180|3.2|10.2|135|64.1|25.0|0.01|0.21|44.2979|14.5855
07|56|0|135|1.5|10.2|135|63.9|25.1|0.01|0.21|44.2973|14.2274
07|57|0|180|4.4|10.2|135|63.9|25.2|0.01|0.21|44.2969|14.2274
07|58|0|180|4.4|10.2|135|63.7|25.4|0.01|0.21|44.2949|14.2274
07|59|0|135|2.9|10.2|135|63.7|25.5|0.01|0.21|44.2969|14.2274
08|00|0|180|2.9|10.2|135|63.6|25.6|0.01|0.21|44.298|14.2274
08|01|0|135|7.3|10.2|135|63.3|25.7|0.01|0.21|44.294|14.2274
08|02|0|135|1.5|10.2|135|63.1|25.9|0.01|0.21|44.2955|14.2274
08|03|0|135|2.9|10.2|135|62.8|26.0|0.01|0.21|44.2944|14.8119
08|04|0|135|4.4|10.2|135|62.7|26.3|0.01|0.21|44.2943|14.8119
08|05|0|135|3.2|10.2|135|62.2|26.5|0.01|0.21|44.2934|14.8119
08|06|0|135|5.8|10.2|135|61.6|26.6|0.02|0.22|44.2949|14.4418
08|08|0|135|4.4|10.2|135|60.8|26.8|0.02|0.22|44.2928|14.0662
08|09|0|180|4.4|10.2|135|60.6|26.9|0.02|0.22|44.294|14.0662
08|10|0|135|2.9|10.2|135|60.4|27.2|0.02|0.22|44.2928|15.0103
08|11|0|135|2.9|10.2|135|60.4|27.4|0.02|0.22|44.2905|15.0103
08|12|0|180|4.4|10.2|135|60.1|27.7|0.02|0.22|44.2877|15.0103
08|13|0|135|2.9|10.2|135|59.4|27.8|0.02|0.22|44.2857|14.6273
08|14|0|135|3.2|10.2|135|58.9|28.1|0.02|0.22|44.2839|15.179
08|15|0|158|2.9|10.2|135|58.6|28.3|0.02|0.22|44.2836|15.179
08|17|0|135|4.8|10.2|135|58.2|28.4|0.02|0.22|44.2862|15.179
08|18|0|135|5.8|10.2|135|57.9|28.4|0.02|0.22|44.2864|14.7824
08|20|0|135|3.2|10.2|135|57.9|28.7|0.02|0.22|44.2898|14.7824
08|21|0|135|2.9|10.2|135|57.8|28.8|0.01|0.22|44.2896|14.7824
08|22|0|135|4.8|10.2|135|57.8|29.1|0.01|0.22|44.29|15.7209
08|23|0|180|2.9|10.2|135|57.8|29.2|0.01|0.22|44.2893|15.7209
08|24|0|135|2.9|10.2|135|57.9|29.4|0.01|0.22|44.2919|15.7209
08|25|0|135|2.9|10.2|135|57.7|29.6|0.01|0.22|44.2939|15.7209
08|26|0|158|4.4|10.2|135|57.5|29.9|0.01|0.22|44.2943|15.7209
08|27|0|135|1.5|10.2|135|56.8|30.0|0.01|0.22|44.2962|16.2527
08|28|0|135|4.4|10.2|135|56.8|30.2|0.01|0.22|44.2974|16.2527
08|29|0|135|2.9|10.2|135|56.5|30.3|0.01|0.22|44.2973|16.2527
08|30|0|135|1.6|10.2|135|56.6|30.5|0.01|0.22|44.2972|16.2527
08|31|0|135|2.9|10.2|135|56.1|30.8|0.01|0.22|44.2958|16.2527
08|32|0|135|4.4|10.2|135|55.8|30.8|0.01|0.22|44.2948|15.8397
08|33|0|135|1.5|10.2|135|56.0|30.9|0.01|0.22|44.2974|16.2527
08|34|0|158|4.4|10.2|135|56.2|31.1|0.01|0.22|44.2962|17.189
08|35|0|135|3.2|10.2|135|56.1|31.1|0.01|0.22|44.2927|17.189
08|36|0|135|4.4|10.2|135|56.0|31.3|0.01|0.22|44.2938|17.189
08|38|0|135|3.2|10.2|135|56.0|31.4|0.01|0.22|44.2944|17.189
08|39|0|135|2.9|10.2|135|55.9|31.5|0.01|0.22|44.2941|16.7741
08|40|0|135|1.5|10.2|135|55.6|31.8|0.01|0.22|44.2956|16.7741
08|42|0|135|2.9|10.2|135|54.6|31.9|0.01|0.22|44.2937|16.3525
08|43|0|135|4.8|10.2|135|54.8|32.1|0.01|0.22|44.2927|17.2849
08|44|0|135|4.4|10.2|135|54.3|32.2|0.01|0.22|44.2927|17.2849
08|45|0|135|2.9|10.2|135|54.0|32.3|0.01|0.22|44.2934|17.2849
08|46|0|135|4.8|10.2|135|53.9|32.6|0.02|0.23|44.2958|16.8543
08|47|0|135|4.4|10.2|135|53.7|32.7|0.02|0.23|44.2939|16.8543
08|48|0|135|3.2|10.2|135|53.5|33.0|0.02|0.23|44.2912|17.7846
08|49|0|135|1.5|10.2|135|53.4|33.2|0.02|0.23|44.2933|17.7846
08|50|0|113|2.9|10.2|135|53.7|33.6|0.02|0.23|44.2912|17.7846
08|52|0|135|5.8|10.2|135|51.7|34.0|0.02|0.23|44.2884|17.8235
08|53|0|135|1.6|10.2|135|51.4|34.2|0.02|0.23|44.2928|17.8235
08|54|0|135|4.4|10.2|135|50.7|34.4|0.02|0.23|44.2913|17.3662
08|55|0|113|2.9|10.2|135|50.0|34.4|0.02|0.23|44.2921|17.3662
08|56|0|135|2.9|10.2|135|49.9|34.6|0.02|0.23|44.2925|16.9007
08|57|0|135|4.4|10.2|135|50.1|34.9|0.02|0.23|44.2905|17.3662
08|58|0|135|5.8|10.2|135|49.4|34.9|0.02|0.23|44.2881|16.9007
09|00|0|90|7.3|10.2|135|49.0|35.2|0.02|0.23|44.29|17.8225
09|01|0|180|4.4|10.2|135|48.7|35.2|0.02|0.23|44.2927|17.3463
09|03|0|135|4.4|10.2|135|48.8|35.4|0.02|0.23|44.2919|17.3463
09|04|0|135|4.8|10.2|135|48.7|35.5|0.02|0.23|44.2931|17.3463
09|05|0|135|7.3|10.2|135|48.7|35.7|0.01|0.23|44.2965|17.3463
09|06|0|135|4.4|10.2|135|48.5|35.7|0.02|0.24|44.2971|17.3463
09|07|0|180|1.6|10.2|135|48.6|35.8|0.02|0.24|44.2999|17.3463
09|08|0|135|5.8|10.2|135|48.5|35.9|0.02|0.24|44.2976|17.3463
09|09|0|135|4.8|10.2|135|48.0|35.9|0.02|0.24|44.2962|17.3463
09|10|0|135|4.4|10.2|135|48.0|36.2|0.02|0.24|44.2945|18.2659
09|11|0|135|2.9|10.2|135|48.0|36.5|0.02|0.24|44.2958|18.2659
09|12|0|135|1.5|10.2|135|48.3|36.8|0.02|0.24|44.2965|18.2659
09|13|0|158|4.8|10.2|135|48.2|37.1|0.02|0.24|44.2923|19.1852
09|14|0|203|2.9|10.2|135|47.2|37.3|0.02|0.24|44.2937|18.6958
09|15|0|135|7.3|10.2|135|46.6|37.4|0.02|0.24|44.2947|18.1971
09|16|0|135|3.2|10.2|135|45.9|37.3|0.02|0.24|44.2957|17.6887
09|18|0|158|5.8|10.2|135|45.6|37.3|0.02|0.24|44.2996|17.6887
09|19|0|158|11.3|11.6|180|45.3|37.1|0.02|0.24|44.2953|17.6887
09|20|0|180|2.9|11.7|135|45.3|37.2|0.02|0.24|44.2958|17.6887
09|21|0|180|7.3|11.7|135|45.2|37.1|0.02|0.24|44.2978|17.6887
09|22|0|135|8.7|12.9|135|45.0|36.7|0.02|0.24|44.2956|16.776
09|23|0|180|11.6|12.9|135|44.9|36.7|0.02|0.24|44.2928|16.2598
09|24|0|158|6.4|16.0|158|45.0|36.6|0.03|0.25|44.298|16.776
09|25|0|158|5.8|16.0|158|44.8|36.4|0.03|0.25|44.2955|16.2598
09|26|0|135|8.7|16.0|158|45.0|36.3|0.03|0.25|44.2958|16.776
09|28|0|135|5.8|16.0|158|45.8|36.4|0.03|0.25|44.2987|16.776
09|29|0|180|7.3|16.0|158|45.4|36.2|0.03|0.25|44.2971|16.776
09|30|0|135|7.3|16.0|158|45.4|35.8|0.03|0.25|44.2945|15.8631
09|31|0|135|5.8|16.0|158|45.7|35.7|0.03|0.25|44.2948|15.8631
09|33|0|135|7.3|16.0|158|46.1|35.5|0.03|0.25|44.2903|16.367
09|34|0|180|5.8|16.0|158|46.4|35.7|0.03|0.25|44.2887|16.367
09|35|0|135|7.3|16.0|158|46.5|35.7|0.03|0.25|44.2884|16.367
09|36|0|180|6.4|16.0|158|46.6|35.8|0.03|0.25|44.29|16.367
09|37|0|180|8.7|16.0|158|46.5|35.9|0.03|0.25|44.2897|16.367
09|38|0|180|8.0|16.0|158|46.5|36.0|0.03|0.25|44.2896|17.2822
09|40|0|180|10.2|16.0|158|46.3|36.0|0.03|0.25|44.2889|17.2822
09|41|0|180|7.3|16.0|158|46.2|36.3|0.03|0.25|44.29|17.2822
09|42|0|180|7.3|16.0|158|46.1|36.4|0.03|0.25|44.293|17.2822
09|43|0|180|5.8|16.0|158|46.2|36.5|0.03|0.25|44.2915|17.2822
09|44|0|180|7.3|16.0|158|46.1|36.7|0.03|0.25|44.2907|17.2822
09|45|0|135|5.8|16.0|158|45.9|36.7|0.02|0.25|44.2883|16.776
09|46|0|180|4.4|16.0|158|45.8|36.8|0.02|0.25|44.2881|16.776
09|47|0|180|6.4|16.0|158|45.8|37.0|0.02|0.25|44.286|17.6887
09|48|0|180|7.3|16.0|158|45.8|37.0|0.02|0.25|44.2858|17.6887
09|49|0|180|3.2|16.0|158|45.9|37.1|0.02|0.25|44.2886|17.6887
09|50|0|180|3.2|16.0|158|46.0|37.2|0.02|0.25|44.2872|18.1971
09|51|0|180|7.3|16.0|158|46.0|37.4|0.02|0.25|44.2835|18.1971
09|52|0|180|4.8|16.0|158|45.7|37.6|0.02|0.25|44.283|17.6887
09|53|0|180|2.9|16.0|158|45.5|37.8|0.02|0.25|44.2825|17.6887
09|54|0|135|2.9|16.0|158|45.7|38.2|0.02|0.25|44.285|18.6013
09|55|0|135|4.4|16.0|158|45.3|38.4|0.02|0.25|44.2851|18.6013
09|56|0|135|4.4|16.0|158|44.9|38.4|0.02|0.25|44.2843|18.0804
09|58|0|225|4.4|16.0|158|44.9|38.6|0.02|0.25|44.2793|18.0804
09|59|0|135|4.4|16.0|158|44.9|38.9|0.02|0.25|44.2791|18.0804
10|02|0|180|5.8|16.0|158|44.7|39.1|0.02|0.25|44.277|18.9905
10|03|0|180|3.2|16.0|158|44.5|39.2|0.02|0.25|44.2763|18.9905
10|04|0|180|3.2|16.0|158|44.5|39.4|0.02|0.25|44.278|18.9905
10|05|0|180|4.4|16.0|158|44.8|39.7|0.02|0.25|44.2779|18.9905
10|07|0|180|5.8|16.0|158|44.3|40.1|0.01|0.25|44.2778|19.9003
10|08|0|180|8.7|16.0|158|44.1|40.3|0.01|0.25|44.2768|19.9003
10|09|0|180|7.3|16.0|158|43.8|40.4|0.01|0.25|44.2784|19.3642
10|10|0|180|3.2|16.0|158|43.6|40.5|0.01|0.25|44.2793|19.3642
10|11|0|180|7.3|16.0|158|43.2|40.7|0.01|0.25|44.278|19.3642
10|12|0|158|8.1|16.0|158|42.8|40.7|0.01|0.25|44.2775|18.8168
10|13|0|203|8.7|16.0|158|42.6|40.7|0.01|0.25|44.2767|18.8168
10|14|0|180|5.8|16.0|158|42.5|40.5|0.01|0.25|44.2776|18.8168
10|15|0|135|9.7|16.0|158|42.6|40.5|0.01|0.25|44.2743|18.8168
10|16|0|180|7.3|16.0|158|42.6|40.3|0.01|0.25|44.2713|18.8168
10|17|0|180|8.0|16.0|158|42.9|40.3|0.01|0.25|44.2702|18.8168
10|18|0|180|5.8|16.0|158|42.8|40.3|0.01|0.25|44.2704|18.8168
10|19|0|180|8.7|16.0|158|42.7|40.3|0.01|0.25|44.2677|18.8168
10|20|0|180|7.3|16.0|158|42.9|40.2|0.01|0.25|44.2657|18.8168
10|22|0|135|8.7|16.0|158|43.0|40.3|0.01|0.25|44.2646|19.3642
10|23|0|180|4.4|16.0|158|43.0|40.2|0.01|0.25|44.2642|19.3642
10|24|0|158|8.7|16.0|158|43.1|40.1|0.00|0.25|44.261|19.3642
10|25|0|158|5.8|16.0|158|43.0|40.3|0.00|0.25|44.2641|19.3642
10|26|0|135|7.3|16.0|158|43.2|40.4|0.00|0.25|44.2643|19.3642
10|28|0|225|5.8|16.0|158|43.1|40.5|0.00|0.25|44.2666|19.3642
10|29|0|180|5.8|16.0|158|42.9|40.4|0.00|0.25|44.268|18.8168
10|31|0|135|7.3|16.0|158|42.9|40.9|0.00|0.25|44.2694|18.8168
10|32|0|225|4.8|16.0|158|42.6|41.0|0.00|0.25|44.2679|19.7217
10|33|0|135|4.4|16.0|158|42.6|41.2|0.00|0.25|44.2689|19.7217
10|34|0|135|4.4|16.0|158|42.2|41.2|0.00|0.25|44.2694|19.7217
10|35|0|90|4.8|16.0|158|42.1|41.3|0.00|0.25|44.2672|19.7217
10|36|0|135|8.1|16.0|158|41.6|41.2|0.00|0.25|44.2665|19.1602
10|37|0|135|7.3|16.0|158|41.7|41.3|0.00|0.25|44.2656|19.1602
10|38|0|180|5.8|16.0|158|41.5|41.2|0.00|0.25|44.2658|19.1602
10|39|0|135|4.4|16.0|158|41.6|41.5|0.00|0.25|44.2622|19.1602
10|40|0|135|1.5|16.0|158|41.3|41.7|0.00|0.25|44.257|19.1602
10|42|0|135|4.8|16.0|158|41.2|41.9|0.00|0.25|44.2526|19.1602
10|43|0|135|1.5|16.0|158|41.2|42.2|0.00|0.25|44.2524|20.0625
10|44|0|158|6.4|16.0|158|41.1|42.5|0.00|0.25|44.2493|20.0625
10|45|0|180|8.1|16.0|158|40.4|42.7|0.00|0.25|44.25|19.4862
10|46|0|135|7.3|16.0|158|39.9|42.9|0.00|0.25|44.2491|18.897
10|47|0|135|5.8|16.0|158|39.6|42.8|0.00|0.25|44.2502|18.897
10|48|0|158|4.4|16.0|158|39.7|42.8|0.00|0.25|44.2502|18.897
10|49|0|135|4.4|16.0|158|39.9|42.9|0.00|0.25|44.2535|18.897
10|50|0|135|3.2|16.0|158|39.9|43.1|0.00|0.25|44.2535|19.794
10|51|0|135|3.2|16.0|158|40.2|43.5|0.00|0.25|44.2533|20.3858
10|52|0|135|7.3|16.0|158|39.6|43.6|0.00|0.25|44.2504|19.794
10|53|0|180|9.7|16.0|158|39.2|43.6|0.00|0.25|44.2475|19.794
10|54|0|135|4.4|16.0|158|38.9|43.6|0.00|0.25|44.2488|19.1887
10|55|0|135|2.9|16.0|158|38.9|43.6|0.00|0.25|44.2453|19.1887
10|56|0|135|6.4|16.0|158|38.8|43.5|0.00|0.25|44.2422|19.1887
10|58|0|180|7.3|16.0|158|39.4|43.2|0.00|0.25|44.2399|19.794
10|59|0|180|2.9|16.0|158|39.3|43.4|0.00|0.25|44.2354|19.794
11|01|0|90|8.1|16.0|158|39.3|43.5|0.00|0.25|44.2356|19.794
11|02|0|135|4.4|16.0|158|39.3|43.4|0.00|0.25|44.2337|19.794
11|03|0|225|1.5|16.0|158|39.5|43.6|0.00|0.25|44.2306|19.794
11|04|0|135|8.7|16.0|158|39.4|43.9|0.01|0.26|44.2318|19.794
11|05|0|135|7.3|16.0|158|39.2|44.0|0.01|0.26|44.2294|20.6908
11|06|0|135|5.8|16.0|158|38.9|44.0|0.01|0.26|44.2293|20.0828
11|07|0|180|5.8|16.0|158|38.9|44.2|0.01|0.26|44.2281|20.0828
11|08|0|135|7.3|16.0|158|39.0|44.3|0.01|0.26|44.2277|20.6908
11|10|0|135|7.3|16.0|158|38.7|44.3|0.01|0.26|44.2272|20.0828
11|11|0|135|7.3|16.0|158|38.7|44.0|0.01|0.26|44.2243|20.0828
11|12|0|135|2.9|16.0|158|38.9|44.0|0.01|0.26|44.2245|20.0828
11|13|0|180|10.2|16.0|158|39.0|43.8|0.01|0.26|44.2219|19.794
11|14|0|113|4.4|16.0|158|39.1|43.8|0.01|0.26|44.2246|19.794
11|15|0|158|7.3|16.0|158|39.1|43.8|0.01|0.26|44.2247|19.794
11|17|0|135|5.8|16.0|158|38.8|43.8|0.01|0.26|44.2232|19.1887
11|18|0|135|4.4|16.0|158|38.8|43.8|0.01|0.26|44.2218|19.1887
11|19|0|135|4.4|16.0|158|38.6|43.9|0.01|0.26|44.2215|19.1887
11|20|0|135|4.8|16.0|158|38.5|44.0|0.01|0.26|44.2214|20.0828
11|21|0|135|2.9|16.0|158|38.5|44.4|0.01|0.26|44.2222|20.0828
11|23|0|158|5.8|16.0|158|38.2|44.4|0.01|0.26|44.2199|20.0828
11|24|0|135|5.8|16.0|158|38.1|44.6|0.01|0.26|44.2218|20.0828
11|25|0|45|1.6|16.0|158|37.7|44.6|0.01|0.26|44.2191|19.4604
11|26|0|135|2.9|16.0|158|37.7|44.7|0.01|0.26|44.2175|19.4604
11|27|0|90|2.9|16.0|158|37.8|44.9|0.01|0.26|44.2203|19.4604
11|29|0|90|2.9|16.0|158|37.3|45.3|0.01|0.26|44.2187|20.3517
11|30|0|135|6.4|16.0|158|37.0|45.5|0.01|0.26|44.2204|20.3517
11|32|0|135|2.9|16.0|158|36.5|45.7|0.01|0.26|44.2165|19.7115
11|33|0|135|4.4|16.0|158|36.5|45.8|0.01|0.26|44.2117|19.7115
11|34|0|158|5.8|16.0|158|36.2|45.7|0.01|0.26|44.2078|19.7115
11|35|0|180|5.8|16.0|158|36.3|45.7|0.01|0.26|44.2042|19.7115
11|36|0|180|7.3|16.0|158|36.5|45.6|0.01|0.26|44.204|19.7115
11|38|0|90|5.8|16.0|158|36.5|45.5|0.01|0.26|44.2036|19.7115
11|39|0|135|5.8|16.0|158|36.6|45.4|0.01|0.26|44.2018|19.7115
11|40|0|180|4.8|16.0|158|36.7|45.5|0.01|0.26|44.2012|19.7115
11|41|0|180|10.2|16.0|158|36.7|45.6|0.01|0.26|44.199|19.7115
11|42|0|135|2.9|16.0|158|36.7|45.5|0.01|0.26|44.2018|19.7115
11|43|0|225|1.5|16.0|158|36.9|45.7|0.01|0.26|44.1999|19.7115
11|45|0|180|5.8|16.0|158|37.1|46.0|0.01|0.26|44.1983|21.2427
11|46|0|90|1.6|16.0|158|37.1|46.3|0.01|0.26|44.1977|21.2427
11|47|0|90|2.9|16.0|158|36.8|46.5|0.01|0.26|44.1962|20.5997
11|48|0|90|1.5|16.0|158|36.7|46.7|0.01|0.26|44.1947|20.5997
11|50|0|180|5.8|16.0|158|35.9|46.8|0.01|0.26|44.193|19.9407
11|51|0|135|6.4|16.0|158|35.8|46.8|0.01|0.26|44.1915|19.9407
11|52|0|45|1.5|16.0|158|35.7|47.0|0.01|0.26|44.1914|20.826
11|53|0|180|1.5|16.0|158|35.6|47.3|0.02|0.28|44.1902|20.826
11|54|0|180|4.4|16.0|158|35.7|47.4|0.02|0.28|44.1874|20.826
11|55|0|180|4.4|16.0|158|35.4|47.4|0.02|0.28|44.1854|20.826
11|56|0|135|3.2|16.0|158|35.3|47.4|0.02|0.28|44.1866|20.826
11|57|0|135|4.4|16.0|158|35.2|47.3|0.02|0.28|44.186|20.826
11|58|0|135|1.5|16.0|158|35.5|47.3|0.02|0.28|44.1867|20.826
11|59|0|135|4.8|16.0|158|35.6|47.4|0.02|0.28|44.183|20.826
12|00|0|90|1.5|16.0|158|35.4|47.3|0.02|0.28|44.1842|20.826
12|01|0|135|3.2|16.0|158|35.6|47.4|0.02|0.28|44.1811|20.826
12|02|0|135|4.4|16.0|158|35.6|47.5|0.02|0.28|44.178|20.826
12|03|0|90|1.5|16.0|158|35.5|47.5|0.01|0.28|44.1774|20.826
12|04|0|113|1.6|16.0|158|35.4|47.6|0.01|0.28|44.1753|20.826
12|05|0|90|4.4|16.0|158|35.5|47.7|0.01|0.28|44.1753|20.826
12|07|0|180|1.5|16.0|158|35.2|47.9|0.01|0.28|44.175|20.826
12|08|0|180|3.2|16.0|158|35.2|48.1|0.01|0.28|44.1754|21.711
12|09|0|90|2.9|16.0|158|35.2|48.3|0.01|0.28|44.1769|21.711
12|10|0|135|4.4|16.0|158|35.3|48.4|0.01|0.28|44.1741|21.711
12|11|0|135|4.8|16.0|158|34.6|48.5|0.01|0.28|44.174|21.0292
12|12|0|135|5.8|16.0|158|34.4|48.7|0.01|0.28|44.1741|21.0292
12|13|0|135|3.2|16.0|158|34.4|48.5|0.01|0.28|44.1686|21.0292
12|14|0|225|4.4|16.0|158|34.5|48.7|0.01|0.28|44.1689|21.0292
12|15|0|135|3.2|16.0|158|34.6|48.5|0.01|0.28|44.167|21.0292
12|16|0|135|4.8|16.0|158|34.4|48.5|0.01|0.28|44.1627|21.0292
12|17|0|135|4.4|16.0|158|34.1|48.5|0.01|0.28|44.1626|21.0292
12|18|0|135|4.8|16.0|158|34.2|48.7|0.01|0.28|44.1605|21.0292
12|19|0|180|7.3|16.0|158|34.3|48.3|0.01|0.28|44.158|21.0292
12|20|0|135|5.8|16.0|158|34.4|48.2|0.01|0.28|44.1561|21.0292
12|21|0|135|1.6|16.0|158|34.6|48.3|0.01|0.28|44.156|21.0292
12|22|0|180|7.3|16.0|158|34.7|48.0|0.01|0.28|44.1526|21.0292
12|23|0|180|6.4|16.0|158|34.9|47.9|0.01|0.28|44.1522|20.1471
12|24|0|180|4.4|16.0|158|35.1|47.9|0.01|0.28|44.1532|20.826
12|25|0|180|4.4|16.0|158|35.2|48.0|0.01|0.28|44.1531|21.711
12|27|0|180|4.8|16.0|158|35.2|48.2|0.01|0.28|44.153|21.711
12|28|0|180|2.9|16.0|158|35.3|48.5|0.01|0.28|44.1545|21.711
12|29|0|180|6.5|16.0|158|34.9|48.7|0.01|0.28|44.1529|21.0292
12|30|0|180|2.9|16.0|158|34.6|48.7|0.01|0.28|44.1516|21.0292
12|31|0|135|2.9|16.0|158|34.5|48.9|0.01|0.28|44.1498|21.0292
12|32|0|225|2.9|16.0|158|34.6|49.2|0.01|0.28|44.1466|21.9111
12|33|0|180|2.9|16.0|158|34.3|49.5|0.01|0.28|44.1451|21.9111
12|34|0|270|0.0|16.0|158|33.7|49.8|0.01|0.28|44.142|21.2084
12|35|0|90|1.6|16.0|158|33.8|50.1|0.01|0.28|44.1438|22.087
12|36|0|225|1.6|16.0|158|33.6|50.5|0.01|0.28|44.1464|22.087
12|37|0|135|4.4|16.0|158|33.1|50.5|0.01|0.28|44.1451|22.087
12|38|0|225|0.0|16.0|158|32.7|50.6|0.01|0.28|44.1427|21.3621
12|39|0|225|1.5|16.0|158|32.8|50.8|0.01|0.28|44.1419|21.3621
12|40|0|90|1.5|16.0|158|32.8|50.9|0.01|0.28|44.1408|21.3621
12|41|0|90|1.5|16.0|158|32.8|51.1|0.01|0.28|44.1408|22.2375
12|42|0|225|0.0|16.0|158|32.7|51.2|0.01|0.28|44.1395|22.2375
12|43|0|90|1.5|16.0|158|32.8|51.5|0.01|0.28|44.1376|22.2375
12|44|0|135|2.9|16.0|158|32.5|51.7|0.01|0.28|44.1353|22.2375
12|45|0|225|2.9|16.0|158|31.9|51.8|0.01|0.28|44.132|21.4891
12|46|0|180|3.2|16.0|158|31.7|51.8|0.01|0.28|44.1295|21.4891
12|48|0|180|4.4|16.0|158|31.8|51.9|0.01|0.28|44.1269|21.4891
12|49|0|180|3.2|16.0|158|31.7|52.0|0.01|0.28|44.1258|22.361
12|50|0|225|4.8|16.0|158|31.5|51.9|0.01|0.28|44.1237|21.4891
12|51|0|180|5.8|16.0|158|31.5|51.8|0.01|0.28|44.1249|21.4891
12|52|0|225|3.2|16.0|158|31.5|51.8|0.01|0.28|44.1246|21.4891
12|53|0|135|2.9|16.0|158|31.3|51.6|0.00|0.28|44.1248|21.4891
12|54|0|135|4.4|16.0|158|31.4|51.6|0.00|0.28|44.1255|21.4891
12|55|0|90|1.5|16.0|158|31.5|51.6|0.00|0.28|44.1247|21.4891
12|56|0|180|2.9|16.0|158|31.6|51.6|0.00|0.28|44.122|21.4891
12|57|0|180|4.8|16.0|158|31.3|51.5|0.00|0.28|44.1236|21.4891
12|58|0|225|4.4|16.0|158|31.5|51.5|0.00|0.28|44.1223|21.4891
12|59|0|135|1.5|16.0|158|31.6|51.6|0.00|0.28|44.1237|21.4891
13|00|0|135|1.5|16.0|158|31.4|51.7|0.00|0.28|44.1209|21.4891
13|01|0|90|1.5|16.0|158|31.2|51.7|0.00|0.28|44.1206|21.4891
13|02|0|135|4.8|16.0|158|31.5|51.7|0.00|0.28|44.1195|21.4891
13|03|0|135|4.4|16.0|158|31.4|51.5|0.00|0.28|44.1175|21.4891
13|05|0|135|1.5|16.0|158|31.6|51.5|0.00|0.28|44.1216|21.4891
13|06|0|90|1.5|16.0|158|31.9|51.5|0.00|0.28|44.1194|21.4891
13|07|0|45|1.6|16.0|158|32.2|51.5|0.00|0.28|44.1196|22.2375
13|08|0|90|1.5|16.0|158|31.7|51.5|0.00|0.28|44.116|21.4891
13|10|0|135|1.6|16.0|158|31.3|51.6|0.00|0.28|44.1144|21.4891
13|11|0|0|1.5|16.0|158|31.3|51.6|0.00|0.28|44.1127|21.4891
13|12|0|45|2.9|16.0|158|31.2|51.7|0.00|0.28|44.1107|21.4891
13|13|0|45|1.6|16.0|158|31.0|51.7|0.00|0.28|44.1081|21.4891
13|14|0|0|1.5|16.0|158|30.9|51.7|0.00|0.28|44.1063|20.7189
13|15|0|0|1.6|16.0|158|31.1|51.7|0.00|0.28|44.1066|21.4891
13|16|0|0|2.9|16.0|158|30.9|51.8|0.00|0.28|44.1049|20.7189
13|18|0|0|3.2|16.0|158|31.2|51.8|0.00|0.28|44.1034|21.4891
13|19|0|0|2.9|16.0|158|31.0|51.8|0.00|0.28|44.104|21.4891
13|20|0|315|3.2|16.0|158|31.0|51.8|0.00|0.28|44.1073|21.4891
13|21|0|315|1.5|16.0|158|30.9|51.7|0.00|0.28|44.1041|20.7189
13|22|0|315|1.5|16.0|158|30.7|51.8|0.00|0.28|44.104|20.7189
13|25|0|90|1.6|16.0|158|31.0|51.9|0.00|0.28|44.1035|21.4891
13|26|0|270|0.0|16.0|158|31.0|52.0|0.00|0.28|44.1011|22.361
13|27|0|0|2.9|16.0|158|30.9|52.1|0.00|0.28|44.0991|21.5877
13|28|0|0|1.6|16.0|158|30.4|52.1|0.00|0.28|44.1032|21.5877
13|31|0|0|1.5|16.0|158|29.9|52.0|0.00|0.28|44.1009|20.7911
13|32|0|0|1.5|16.0|158|30.3|51.9|0.00|0.28|44.0993|20.7189
13|34|0|315|1.6|16.0|158|30.2|51.8|0.00|0.28|44.0963|20.7189
13|35|0|0|2.9|16.0|158|30.2|51.8|0.00|0.28|44.0954|20.7189
13|37|0|90|1.5|16.0|158|30.4|51.5|0.00|0.28|44.0944|20.7189
13|38|0|0|0.0|16.0|158|30.6|51.3|0.00|0.28|44.0922|20.7189
13|39|0|0|1.6|16.0|158|30.8|51.5|0.00|0.28|44.0893|20.7189
13|40|0|0|2.9|16.0|158|31.2|51.3|0.00|0.28|44.0882|21.4891
13|42|0|315|2.9|16.0|158|31.5|51.3|0.00|0.28|44.0874|21.4891
13|44|0|315|1.6|16.0|158|30.9|51.1|0.00|0.28|44.0855|20.7189
13|45|0|315|0.0|16.0|158|30.9|51.1|0.00|0.28|44.0846|20.7189
13|46|0|315|0.0|16.0|158|31.0|51.1|0.00|0.28|44.0799|21.4891
13|47|0|315|3.2|16.0|158|31.4|51.1|0.00|0.28|44.0815|21.4891
13|48|0|315|1.5|16.0|158|31.1|51.1|0.00|0.28|44.079|21.4891
13|49|0|315|0.0|16.0|158|31.2|51.3|0.00|0.28|44.0787|21.4891
13|51|0|315|1.5|16.0|158|31.3|51.5|0.00|0.28|44.0787|21.4891
13|52|0|68|2.9|16.0|158|31.0|51.6|0.00|0.28|44.0784|21.4891
13|53|0|45|3.2|16.0|158|30.6|51.7|0.00|0.28|44.0746|20.7189
13|54|0|0|1.5|16.0|158|30.6|51.8|0.00|0.28|44.0743|20.7189
13|55|0|45|4.4|16.0|158|30.6|52.0|0.00|0.28|44.0709|21.5877
13|56|0|45|3.2|16.0|158|30.4|52.0|0.00|0.28|44.0696|21.5877
13|57|0|45|1.5|16.0|158|30.3|52.1|0.00|0.28|44.0679|21.5877
13|58|0|45|2.9|16.0|158|30.1|52.2|0.00|0.28|44.0705|21.5877
13|59|0|0|1.5|16.0|158|30.0|52.2|0.00|0.28|44.0728|21.5877
14|00|0|0|0.0|16.0|158|29.9|52.4|0.00|0.28|44.0718|20.7911
14|01|0|225|1.5|16.0|158|29.8|52.5|0.00|0.28|44.0706|20.7911
14|02|0|225|0.0|16.0|158|29.9|52.7|0.00|0.28|44.0739|20.7911
14|04|0|45|1.6|16.0|158|29.4|53.2|0.00|0.28|44.0714|21.6562
14|05|0|45|3.2|16.0|158|29.3|53.2|0.00|0.28|44.0702|21.6562
14|06|0|45|1.5|16.0|158|29.3|53.3|0.00|0.28|44.0705|21.6562
14|08|0|0|3.2|16.0|158|29.1|53.2|0.00|0.28|44.0679|21.6562
14|09|0|0|1.5|16.0|158|29.0|53.2|0.00|0.28|44.0702|21.6562
14|10|0|90|0.0|16.0|158|28.9|53.2|0.00|0.28|44.0689|20.8315
14|11|0|270|1.5|16.0|158|29.0|53.2|0.00|0.28|44.0695|21.6562
14|12|0|315|1.5|16.0|158|29.0|53.0|0.00|0.28|44.0751|21.6562
14|13|0|315|1.5|16.0|158|29.2|52.9|0.00|0.28|44.077|20.7911
14|14|0|0|1.5|16.0|158|29.3|52.8|0.00|0.28|44.0817|20.7911
14|15|0|270|1.5|16.0|158|29.3|52.7|0.00|0.28|44.0798|20.7911
14|16|0|180|1.5|16.0|158|29.2|52.7|0.00|0.28|44.0769|20.7911
14|17|0|270|1.6|16.0|158|29.2|52.7|0.00|0.28|44.0799|20.7911
14|18|0|270|1.5|16.0|158|29.3|52.7|0.00|0.28|44.0839|20.7911
14|19|0|315|0.0|16.0|158|29.2|52.6|0.00|0.28|44.0844|20.7911
14|20|0|315|0.0|16.0|158|29.3|52.6|0.00|0.28|44.0803|20.7911
14|22|0|270|0.0|16.0|158|29.3|52.6|0.00|0.28|44.0748|20.7911
14|23|0|315|1.5|16.0|158|29.5|52.7|0.00|0.28|44.0742|20.7911
14|24|0|270|4.4|16.0|158|29.3|52.8|0.00|0.28|44.0741|20.7911
14|26|0|270|1.6|16.0|158|28.7|52.8|0.00|0.28|44.0726|19.9697
14|27|0|225|1.5|16.0|158|28.7|52.9|0.00|0.28|44.0695|19.9697
14|28|0|225|1.5|16.0|158|28.6|53.0|0.00|0.28|44.0711|20.8315
14|29|0|180|1.6|16.0|158|28.9|53.2|0.00|0.28|44.0681|20.8315
14|30|0|225|0.0|16.0|158|28.7|53.2|0.00|0.28|44.0681|20.8315
14|31|0|315|2.9|16.0|158|28.4|53.3|0.00|0.28|44.0703|20.8315
14|32|0|0|1.5|16.0|158|28.1|53.3|0.00|0.28|44.0731|20.8315
14|33|0|0|0.0|16.0|158|28.3|53.3|0.00|0.28|44.0744|20.8315
14|34|0|225|1.5|16.0|158|28.6|53.3|0.00|0.28|44.0733|20.8315
14|35|0|248|1.5|16.0|158|28.8|53.2|0.00|0.28|44.073|20.8315
14|36|0|225|0.0|16.0|158|28.9|53.2|0.00|0.28|44.072|20.8315
14|38|0|225|1.5|16.0|158|29.0|53.2|0.00|0.28|44.0609|21.6562
14|40|0|315|2.9|16.0|158|28.6|53.3|0.00|0.28|44.0606|20.8315
14|41|0|225|1.5|16.0|158|28.8|53.3|0.00|0.28|44.058|20.8315
14|43|0|0|1.5|16.0|158|28.7|53.3|0.00|0.28|44.0564|20.8315
14|45|0|0|3.2|16.0|158|28.7|53.3|0.00|0.28|44.0538|20.8315
14|46|0|0|4.4|16.0|158|28.7|53.3|0.00|0.28|44.0524|20.8315
14|47|0|315|0.0|16.0|158|28.7|53.4|0.00|0.28|44.0508|20.8315
14|48|0|270|1.6|16.0|158|28.5|53.5|0.00|0.28|44.0481|20.8315
14|49|0|270|1.5|16.0|158|28.5|53.6|0.00|0.28|44.052|20.8315
14|50|0|270|0.0|16.0|158|28.6|53.7|0.00|0.28|44.0487|20.8315
14|51|0|0|2.9|16.0|158|28.6|53.8|0.00|0.28|44.0495|20.8315
14|52|0|45|1.5|16.0|158|28.2|53.9|0.00|0.28|44.0484|20.8315
14|53|0|270|1.5|16.0|158|28.3|54.3|0.00|0.28|44.0473|21.6929
14|54|0|315|1.6|16.0|158|27.8|54.5|0.00|0.28|44.0466|20.8381
14|56|0|225|0.0|16.0|158|27.7|54.6|0.00|0.28|44.0461|20.8381
14|57|0|225|0.0|16.0|158|27.7|55.0|0.00|0.28|44.0465|21.6957
14|58|0|225|2.9|16.0|158|27.6|55.0|0.00|0.28|44.0469|21.6957
14|59|0|315|0.0|16.0|158|27.4|55.2|0.00|0.28|44.046|21.6957
15|00|0|270|1.5|16.0|158|27.6|55.2|0.00|0.28|44.0484|21.6957
15|01|0|225|1.5|16.0|158|27.3|55.2|0.00|0.28|44.0478|21.6957
15|02|0|180|2.9|16.0|158|27.2|55.2|0.00|0.28|44.047|21.6957
15|03|0|180|1.5|16.0|158|26.9|55.2|0.00|0.28|44.0447|20.8087
15|04|0|180|1.5|16.0|158|26.8|55.1|0.00|0.28|44.0445|20.8087
15|05|0|225|1.6|16.0|158|26.8|55.0|0.00|0.28|44.0447|20.8087
15|06|0|203|3.2|16.0|158|26.9|55.0|0.00|0.28|44.039|20.8087
15|07|0|135|1.5|16.0|158|27.0|55.0|0.00|0.28|44.0405|21.6957
15|08|0|135|1.5|16.0|158|26.9|55.0|0.00|0.28|44.0412|20.8087
15|09|0|225|0.0|16.0|158|26.8|54.8|0.00|0.28|44.039|19.9547
15|11|0|90|1.5|16.0|158|26.8|54.8|0.00|0.28|44.0421|19.9547
15|12|0|90|1.5|16.0|158|26.7|54.6|0.00|0.28|44.0452|19.9547
15|13|0|90|1.5|16.0|158|26.8|54.5|0.00|0.28|44.0476|19.9547
15|14|0|0|1.5|16.0|158|26.9|54.3|0.00|0.28|44.0507|19.9547
15|15|0|0|1.6|16.0|158|27.5|54.0|0.00|0.28|44.0541|20.8381
15|16|0|45|0.0|16.0|158|27.5|53.8|0.00|0.28|44.0544|19.9801
15|17|0|45|1.5|16.0|158|27.9|53.6|0.00|0.28|44.0531|19.9801
15|18|0|0|1.6|16.0|158|28.1|53.3|0.00|0.28|44.0516|20.8315
15|19|0|270|2.9|16.0|158|28.2|53.2|0.00|0.28|44.0509|20.8315
15|20|0|270|0.0|16.0|158|28.3|52.9|0.00|0.28|44.0515|19.9697
15|21|0|315|1.5|16.0|158|28.5|52.8|0.00|0.28|44.0508|19.9697
15|22|0|315|3.2|16.0|158|28.6|52.7|0.00|0.28|44.0482|19.9697
15|23|0|0|4.4|16.0|158|29.0|52.5|0.00|0.28|44.0481|20.7911
15|24|0|0|3.2|16.0|158|28.6|52.4|0.00|0.28|44.0509|19.9697
15|25|0|0|1.5|16.0|158|28.6|52.1|0.00|0.28|44.0499|19.9697
15|27|0|0|1.5|16.0|158|29.1|51.9|0.00|0.28|44.0503|19.9257
15|29|0|90|2.9|16.0|158|30.1|51.8|0.00|0.28|44.0488|20.7189
15|30|0|45|0.0|16.0|158|31.7|51.7|0.00|0.28|44.0519|21.4891
15|31|0|45|2.9|16.0|158|32.5|51.6|0.00|0.28|44.0509|22.2375
15|32|0|45|1.6|16.0|158|33.1|51.5|0.00|0.28|44.0519|22.9654
15|33|0|45|1.5|16.0|158|33.6|51.3|0.00|0.28|44.0531|22.9654
15|34|0|45|1.5|16.0|158|33.8|51.2|0.00|0.28|44.0527|22.9654
15|35|0|90|1.6|16.0|158|33.8|51.2|0.00|0.28|44.0512|22.9654
15|36|0|45|1.5|16.0|158|34.2|51.1|0.00|0.28|44.0513|23.6741
15|37|0|45|1.6|16.0|158|34.6|51.1|0.00|0.28|44.0497|23.6741
15|38|0|90|1.5|16.0|158|34.2|51.0|0.00|0.28|44.0492|23.6741
15|39|0|45|2.9|16.0|158|34.0|51.0|0.00|0.28|44.0471|23.6741
15|40|0|45|3.2|16.0|158|34.0|50.9|0.00|0.28|44.046|22.7927
15|41|0|45|0.0|16.0|158|33.5|50.9|0.00|0.28|44.0447|22.087
15|42|0|135|1.6|16.0|158|33.4|50.9|0.00|0.28|44.0472|22.087
15|44|0|45|0.0|16.0|158|34.0|50.8|0.01|0.29|44.0439|22.7927
15|46|0|45|1.5|16.0|158|34.7|50.8|0.01|0.29|44.0466|22.7927
15|47|0|90|2.9|16.0|158|34.8|50.8|0.01|0.29|44.0475|22.7927
15|48|0|90|1.5|16.0|158|34.7|50.7|0.01|0.29|44.0445|22.7927
15|49|0|90|1.5|16.0|158|34.8|50.6|0.01|0.29|44.0448|22.7927
15|50|0|23|1.5|16.0|158|35.1|50.6|0.01|0.29|44.0453|23.4802
15|51|0|315|1.6|16.0|158|35.6|50.5|0.01|0.29|44.0431|23.4802
15|52|0|315|2.9|16.0|158|34.9|50.3|0.01|0.29|44.0429|22.7927
15|53|0|270|1.5|16.0|158|33.5|50.3|0.01|0.29|44.0413|22.087
15|54|0|225|1.6|16.0|158|33.6|50.2|0.01|0.29|44.0428|22.087
15|55|0|270|1.5|16.0|158|34.0|50.2|0.01|0.29|44.0428|22.7927
15|56|0|270|2.9|16.0|158|33.5|50.2|0.01|0.29|44.0439|22.087
15|57|0|270|1.6|16.0|158|32.2|50.1|0.01|0.29|44.0448|21.3621
15|58|0|270|0.0|16.0|158|31.9|50.1|0.01|0.29|44.0411|20.6169
15|59|0|225|0.0|16.0|158|31.9|50.2|0.01|0.29|44.0454|20.6169
16|00|0|315|1.5|16.0|158|32.0|50.2|0.01|0.29|44.0438|21.3621
16|01|0|135|1.5|16.0|158|31.9|50.2|0.01|0.29|44.043|20.6169
16|02|0|270|1.6|16.0|158|32.0|50.3|0.01|0.29|44.0416|21.3621
16|03|0|270|0.0|16.0|158|31.9|50.3|0.01|0.29|44.0414|20.6169
16|04|0|315|2.9|16.0|158|31.9|50.3|0.01|0.29|44.0432|20.6169
16|05|0|315|3.2|16.0|158|32.0|50.2|0.01|0.29|44.042|21.3621
16|07|0|315|4.4|16.0|158|32.0|50.0|0.01|0.29|44.0457|21.3621
16|08|0|270|3.2|16.0|158|31.8|49.9|0.01|0.29|44.0465|19.7444
16|09|0|315|4.4|16.0|158|31.7|49.8|0.01|0.29|44.0475|19.7444
16|10|0|270|1.5|16.0|158|31.7|49.7|0.01|0.29|44.0486|19.7444
16|12|0|270|1.5|16.0|158|31.7|49.7|0.01|0.29|44.0486|19.7444
16|13|0|315|1.5|16.0|158|31.8|49.7|0.01|0.29|44.0496|19.7444
16|14|0|315|1.5|16.0|158|32.3|49.5|0.01|0.29|44.05|20.4865
16|15|0|315|2.9|16.0|158|32.9|49.4|0.01|0.29|44.0505|20.4865
16|16|0|270|1.5|16.0|158|32.8|49.3|0.01|0.29|44.049|20.4865
16|17|0|315|1.5|16.0|158|32.7|49.3|0.01|0.29|44.0477|20.4865
16|18|0|270|1.5|16.0|158|32.8|49.3|0.01|0.29|44.0476|20.4865
16|19|0|270|1.5|16.0|158|32.8|49.2|0.01|0.29|44.0476|20.4865
16|20|0|270|1.5|16.0|158|32.7|49.2|0.01|0.29|44.0466|20.4865
16|21|0|270|1.6|16.0|158|32.3|49.2|0.01|0.29|44.0457|20.4865
16|22|0|270|1.5|16.0|158|32.5|49.1|0.01|0.29|44.0437|20.4865
16|24|0|270|1.5|16.0|158|32.4|49.1|0.01|0.29|44.0416|20.4865
16|25|0|270|2.9|16.0|158|32.3|49.0|0.01|0.29|44.0382|20.4865
16|26|0|270|1.6|16.0|158|32.1|49.0|0.01|0.29|44.0402|20.4865
16|27|0|225|1.5|16.0|158|32.1|49.0|0.01|0.29|44.0373|20.4865
16|29|0|270|1.5|16.0|158|32.2|49.0|0.01|0.29|44.039|20.4865
16|30|0|270|0.0|16.0|158|32.1|49.0|0.01|0.29|44.0396|20.4865
16|31|0|270|1.5|16.0|158|32.0|49.0|0.01|0.29|44.0376|20.4865
16|33|0|270|1.6|16.0|158|31.8|49.1|0.01|0.29|44.0395|19.7444
16|35|0|270|1.6|16.0|158|32.0|49.1|0.01|0.29|44.0371|20.4865
16|36|0|270|2.9|16.0|158|31.9|49.1|0.01|0.29|44.0393|19.7444
16|37|0|270|1.5|16.0|158|31.8|49.0|0.01|0.29|44.0377|19.7444
16|38|0|270|0.0|16.0|158|31.8|49.1|0.01|0.29|44.0406|19.7444
16|39|0|315|2.9|16.0|158|31.9|49.0|0.01|0.29|44.0407|19.7444
16|40|0|315|2.9|16.0|158|32.5|49.0|0.01|0.29|44.0405|20.4865
16|41|0|315|1.6|16.0|158|32.6|48.9|0.01|0.29|44.0386|19.6107
16|42|0|315|2.9|16.0|158|33.0|48.9|0.01|0.29|44.0388|20.3295
16|43|0|315|1.5|16.0|158|33.1|48.9|0.01|0.29|44.0388|20.3295
16|44|0|315|0.0|16.0|158|32.7|48.8|0.00|0.29|44.0373|19.6107
16|45|0|315|0.0|16.0|158|32.3|48.8|0.00|0.29|44.0366|19.6107
16|46|0|315|1.6|16.0|158|32.4|48.8|0.00|0.29|44.0356|19.6107
16|47|0|315|1.5|16.0|158|32.4|48.7|0.00|0.29|44.037|19.6107
16|48|0|315|2.9|16.0|158|32.8|48.5|0.00|0.29|44.0375|19.6107
16|50|0|315|2.9|16.0|158|33.2|48.4|0.00|0.29|44.0372|20.3295
16|51|0|315|2.9|16.0|158|33.9|48.3|0.00|0.29|44.038|20.3295
16|52|0|315|3.2|16.0|158|34.0|48.2|0.00|0.29|44.0388|21.0292
16|54|0|315|1.5|16.0|158|34.3|48.0|0.00|0.29|44.0395|21.0292
16|55|0|315|1.5|16.0|158|34.3|47.7|0.00|0.29|44.0377|20.1471
16|56|0|270|1.5|16.0|158|34.0|47.6|0.00|0.29|44.0402|20.1471
16|57|0|315|3.2|16.0|158|33.7|47.5|0.00|0.29|44.0411|19.4504
16|58|0|315|1.6|16.0|158|33.9|47.4|0.00|0.29|44.0423|19.4504
16|59|0|315|4.4|16.0|158|34.3|47.4|0.00|0.29|44.0445|20.1471
17|00|0|315|4.8|16.0|158|34.8|47.2|0.01|0.30|44.0469|20.1471
17|01|0|315|3.2|16.0|158|35.7|47.0|0.01|0.30|44.0508|20.826
17|02|0|315|1.5|16.0|158|35.7|46.8|0.01|0.30|44.0512|19.9407
17|03|0|315|1.6|16.0|158|35.6|46.6|0.01|0.30|44.0501|19.9407
17|04|0|315|1.5|16.0|158|35.7|46.4|0.01|0.30|44.0482|19.9407
17|05|0|315|3.2|16.0|158|36.1|46.2|0.01|0.30|44.0465|20.5997
17|06|0|315|1.5|16.0|158|36.4|46.0|0.01|0.30|44.0448|20.5997
17|07|0|315|1.5|16.0|158|36.3|45.8|0.01|0.30|44.0431|19.7115
17|08|0|315|1.5|16.0|158|36.5|45.6|0.01|0.30|44.0405|19.7115
17|09|0|315|2.9|16.0|158|36.6|45.5|0.01|0.30|44.0417|19.7115
17|11|0|315|1.6|16.0|158|36.6|45.3|0.01|0.30|44.0415|19.7115
17|12|0|315|1.5|16.0|158|36.8|45.3|0.01|0.30|44.044|19.7115
17|13|0|315|2.9|16.0|158|36.9|45.2|0.01|0.30|44.0457|19.7115
17|14|0|315|2.9|16.0|158|37.0|45.0|0.01|0.30|44.0471|20.3517
17|15|0|315|0.0|16.0|158|36.9|44.9|0.01|0.30|44.0453|18.823
17|16|0|315|0.0|16.0|158|36.9|44.9|0.01|0.30|44.0437|18.823
17|17|0|315|0.0|16.0|158|37.0|44.8|0.01|0.30|44.042|19.4604
17|18|0|315|0.0|16.0|158|37.1|44.8|0.01|0.30|44.0403|19.4604
17|19|0|315|0.0|16.0|158|37.3|44.8|0.01|0.30|44.0409|19.4604
17|20|0|315|0.0|16.0|158|37.4|44.8|0.01|0.30|44.0404|19.4604
17|21|0|315|0.0|16.0|158|37.4|44.8|0.01|0.30|44.0436|19.4604
17|23|0|315|0.0|16.0|158|37.2|44.8|0.01|0.30|44.0461|19.4604
17|24|0|315|1.5|16.0|158|37.0|44.8|0.01|0.30|44.0454|19.4604
17|25|0|315|0.0|16.0|158|36.9|44.8|0.01|0.30|44.0449|18.823
17|26|0|315|0.0|16.0|158|36.9|44.8|0.01|0.30|44.0434|18.823
17|27|0|315|0.0|16.0|158|36.9|44.8|0.01|0.30|44.0425|18.823
17|28|0|315|0.0|16.0|158|36.9|44.8|0.01|0.30|44.0439|18.823
17|29|0|315|0.0|16.0|158|36.9|44.8|0.01|0.30|44.0441|18.823
17|31|0|315|0.0|16.0|158|36.9|44.8|0.01|0.30|44.0459|18.823
17|32|0|315|0.0|16.0|158|36.9|44.8|0.01|0.30|44.0463|18.823
17|33|0|315|0.0|16.0|158|36.8|44.8|0.01|0.30|44.046|18.823
17|34|0|315|0.0|16.0|158|36.8|44.8|0.01|0.30|44.0491|18.823
17|35|0|315|0.0|16.0|158|36.8|44.9|0.01|0.30|44.0505|18.823
17|36|0|315|0.0|16.0|158|36.8|44.8|0.01|0.30|44.0513|18.823
17|37|0|315|0.0|16.0|158|36.8|44.8|0.01|0.30|44.0511|18.823
17|38|0|315|0.0|16.0|158|36.9|44.8|0.01|0.30|44.0517|18.823
17|39|0|315|0.0|16.0|158|36.9|44.9|0.01|0.30|44.0518|18.823
17|40|0|315|0.0|16.0|158|37.1|44.9|0.01|0.30|44.0526|19.4604
17|41|0|315|0.0|16.0|158|37.2|44.9|0.01|0.30|44.0538|19.4604
17|42|0|315|0.0|16.0|158|37.2|44.9|0.01|0.30|44.0537|19.4604
17|43|0|315|0.0|16.0|158|37.3|44.9|0.01|0.30|44.0547|19.4604
17|45|0|315|0.0|16.0|158|37.3|44.9|0.01|0.30|44.0542|19.4604
17|46|0|315|0.0|16.0|158|37.2|44.8|0.01|0.30|44.0532|19.4604
17|47|0|315|0.0|16.0|158|37.2|44.8|0.01|0.30|44.0522|19.4604
17|48|0|315|0.0|16.0|158|37.2|44.8|0.01|0.30|44.0522|19.4604
17|49|0|315|0.0|16.0|158|37.2|44.7|0.01|0.30|44.0511|19.4604
17|50|0|315|0.0|16.0|158|37.2|44.7|0.01|0.30|44.0507|19.4604
17|51|0|315|0.0|16.0|158|37.3|44.6|0.01|0.30|44.0501|19.4604
17|52|0|315|0.0|16.0|158|37.5|44.6|0.01|0.30|44.0515|19.4604
17|53|0|315|0.0|16.0|158|37.6|44.6|0.01|0.30|44.0525|19.4604
17|54|0|315|0.0|16.0|158|37.7|44.5|0.01|0.30|44.0508|19.4604
17|55|0|315|0.0|16.0|158|37.8|44.5|0.01|0.30|44.0497|19.4604
17|56|0|315|0.0|16.0|158|37.8|44.4|0.01|0.30|44.0509|19.4604
17|57|0|315|0.0|16.0|158|38.0|44.4|0.01|0.30|44.048|20.0828
17|58|0|315|0.0|16.0|158|38.2|44.3|0.01|0.30|44.0487|20.0828
17|59|0|315|0.0|16.0|158|38.5|44.2|0.01|0.30|44.0482|20.0828
18|00|0|315|0.0|16.0|158|38.6|44.0|0.00|0.30|44.0449|20.0828
18|01|0|315|0.0|16.0|158|38.7|43.9|0.00|0.30|44.044|19.1887
18|02|0|315|0.0|16.0|158|38.8|43.8|0.00|0.30|44.0428|19.1887
18|03|0|315|0.0|16.0|158|39.0|43.7|0.00|0.30|44.0425|19.794
18|04|0|315|1.6|16.0|158|39.2|43.6|0.00|0.30|44.0431|19.794
18|06|0|315|0.0|16.0|158|39.3|43.5|0.00|0.30|44.0456|19.794
18|08|0|315|0.0|16.0|158|39.7|43.4|0.00|0.30|44.0471|19.794
18|09|0|315|1.5|16.0|158|39.8|43.2|0.00|0.30|44.0471|19.794
18|10|0|315|0.0|16.0|158|40.0|43.1|0.00|0.30|44.0457|20.3858
18|11|0|315|0.0|16.0|158|40.1|43.0|0.00|0.30|44.0455|20.3858
18|12|0|315|0.0|16.0|158|40.2|43.0|0.00|0.30|44.0465|20.3858
18|13|0|315|0.0|16.0|158|40.3|43.0|0.00|0.30|44.0485|20.3858
18|14|0|315|0.0|16.0|158|40.5|42.9|0.00|0.30|44.047|19.4862
18|15|0|315|0.0|16.0|158|40.7|42.9|0.00|0.30|44.0496|19.4862
18|16|0|315|1.5|16.0|158|40.9|42.8|0.00|0.30|44.05|19.4862
18|18|0|315|0.0|16.0|158|41.3|42.8|0.00|0.30|44.0529|20.0625
18|19|0|135|1.6|16.0|158|41.7|42.7|0.00|0.30|44.0548|20.0625
18|20|0|135|2.9|16.0|158|42.6|42.6|0.00|0.30|44.055|20.6264
18|21|0|135|0.0|16.0|158|43.8|42.5|0.00|0.30|44.0552|21.1786
18|22|0|135|0.0|16.0|158|44.2|42.5|0.00|0.30|44.0549|21.7194
18|23|0|135|0.0|16.0|158|44.5|42.3|0.00|0.30|44.0534|21.7194
18|24|0|135|0.0|16.0|158|44.7|42.2|0.00|0.30|44.0522|21.7194
18|25|0|135|0.0|16.0|158|44.9|42.1|0.00|0.30|44.0528|21.7194
18|27|0|135|0.0|16.0|158|44.7|42.1|0.00|0.30|44.0507|21.7194
18|28|0|135|0.0|16.0|158|44.6|42.1|0.00|0.30|44.0522|21.7194
18|29|0|135|0.0|16.0|158|44.6|42.0|0.00|0.30|44.0524|21.7194
18|30|0|135|0.0|16.0|158|45.0|42.0|0.00|0.30|44.0522|22.2495
18|31|0|135|0.0|16.0|158|45.0|41.9|0.00|0.30|44.0529|21.3377
18|32|0|135|0.0|16.0|158|45.1|41.9|0.00|0.30|44.0529|21.3377
18|33|0|135|0.0|16.0|158|45.2|41.9|0.00|0.30|44.0542|21.3377
18|34|0|135|0.0|16.0|158|45.3|41.8|0.00|0.30|44.0544|21.3377
18|35|0|135|0.0|16.0|158|45.7|41.8|0.00|0.30|44.0547|21.3377
18|36|0|135|0.0|16.0|158|46.5|41.7|0.00|0.30|44.0528|21.8552
18|37|0|135|1.5|16.0|158|47.3|41.7|0.00|0.30|44.0553|22.3627
18|38|0|135|0.0|16.0|158|47.9|41.6|0.00|0.30|44.0542|22.3627
18|39|0|135|0.0|16.0|158|48.2|41.6|0.00|0.30|44.0549|22.8608
18|41|0|135|0.0|16.0|158|48.8|41.5|0.01|0.31|44.054|22.8608
18|42|0|135|0.0|16.0|158|49.0|41.3|0.01|0.31|44.0538|23.3498
18|43|0|135|0.0|16.0|158|48.9|41.2|0.01|0.31|44.0536|22.8608
18|44|0|135|1.6|16.0|158|48.8|41.2|0.01|0.31|44.0537|22.8608
18|45|0|135|1.5|16.0|158|49.1|41.1|0.01|0.31|44.0552|23.3498
18|46|0|135|1.6|16.0|158|49.6|41.1|0.01|0.31|44.0535|23.3498
18|48|0|135|1.5|16.0|158|50.0|41.0|0.01|0.31|44.054|23.8299
18|49|0|135|0.0|16.0|158|50.2|40.9|0.01|0.31|44.0519|22.907
18|50|0|135|0.0|16.0|158|50.4|40.9|0.01|0.31|44.0517|22.907
18|51|0|135|0.0|16.0|158|50.5|40.8|0.01|0.31|44.0526|22.907
18|52|0|135|0.0|16.0|158|50.3|40.7|0.01|0.31|44.051|22.907
18|53|0|135|0.0|16.0|158|50.2|40.7|0.01|0.31|44.0525|22.907
18|54|0|135|0.0|16.0|158|50.4|40.5|0.01|0.31|44.0509|22.907
18|55|0|135|0.0|16.0|158|50.4|40.5|0.01|0.31|44.0525|22.907
18|56|0|135|0.0|16.0|158|50.6|40.4|0.01|0.31|44.0543|22.907
18|57|0|135|0.0|16.0|158|50.5|40.4|0.01|0.31|44.0535|22.907
18|58|0|135|0.0|16.0|158|50.9|40.3|0.01|0.31|44.0528|22.907
19|01|0|135|0.0|16.0|158|51.6|40.1|0.01|0.31|44.0576|23.3767
19|02|0|135|0.0|16.0|158|51.3|40.0|0.01|0.31|44.0581|23.3767
19|03|0|135|0.0|16.0|158|51.5|39.9|0.01|0.31|44.0567|22.4516
19|04|0|135|0.0|16.0|158|52.0|39.9|0.01|0.31|44.0585|22.9111
19|05|0|135|0.0|16.0|158|52.4|39.8|0.01|0.31|44.0568|22.9111
19|06|0|135|0.0|16.0|158|52.6|39.7|0.01|0.31|44.0573|22.9111
19|07|0|135|0.0|16.0|158|53.0|39.7|0.01|0.31|44.0572|23.3629
19|08|0|135|0.0|16.0|158|53.6|39.5|0.01|0.31|44.0585|23.3629
19|10|0|135|0.0|16.0|158|54.0|39.4|0.01|0.31|44.056|23.8072
19|12|0|135|0.0|16.0|158|54.7|39.3|0.01|0.31|44.0528|23.8072
19|13|0|135|0.0|16.0|158|55.3|39.2|0.01|0.31|44.055|24.2442
19|14|0|135|0.0|16.0|158|55.6|39.2|0.01|0.31|44.0547|24.2442
19|15|0|135|0.0|16.0|158|55.5|39.1|0.01|0.31|44.0551|24.2442
19|16|0|135|0.0|16.0|158|55.2|39.0|0.01|0.31|44.0528|24.2442
19|17|0|135|0.0|16.0|158|55.3|38.9|0.01|0.31|44.0522|23.311
19|18|0|135|0.0|16.0|158|55.8|38.7|0.01|0.31|44.0513|23.311
19|19|0|135|0.0|16.0|158|56.1|38.7|0.01|0.31|44.0509|23.7391
19|20|0|135|0.0|16.0|158|56.1|38.6|0.01|0.31|44.0503|23.7391
19|21|0|135|0.0|16.0|158|56.2|38.5|0.01|0.31|44.0496|23.7391
19|22|0|135|0.0|16.0|158|56.3|38.5|0.01|0.31|44.0503|23.7391
19|23|0|135|0.0|16.0|158|56.4|38.4|0.01|0.31|44.0503|23.7391
19|24|0|135|0.0|16.0|158|56.6|38.3|0.01|0.31|44.0472|23.7391
19|25|0|135|0.0|16.0|158|57.0|38.2|0.01|0.31|44.0482|24.1605
19|26|0|135|0.0|16.0|158|57.0|38.2|0.01|0.31|44.0478|24.1605
19|27|0|135|0.0|16.0|158|57.0|38.1|0.01|0.31|44.0487|24.1605
19|28|0|135|0.0|16.0|158|57.1|38.1|0.01|0.31|44.0503|24.1605
19|29|0|135|0.0|16.0|158|57.1|38.0|0.02|0.32|44.0536|24.1605
19|31|0|135|1.5|16.0|158|57.1|37.8|0.02|0.32|44.0519|23.2233
19|32|0|135|0.0|16.0|158|57.6|37.8|0.02|0.32|44.0549|23.2233
19|33|0|135|1.5|16.0|158|58.0|37.7|0.02|0.32|44.0577|23.6364
19|34|0|135|1.5|16.0|158|58.3|37.6|0.02|0.32|44.0563|23.6364
19|35|0|135|1.6|16.0|158|58.4|37.6|0.02|0.32|44.0588|23.6364
19|36|0|135|1.5|16.0|158|58.4|37.5|0.02|0.32|44.0552|23.6364
19|37|0|135|1.5|16.0|158|58.8|37.4|0.02|0.32|44.0537|23.6364
19|38|0|135|1.6|16.0|158|59.3|37.3|0.02|0.32|44.0516|24.0432
19|39|0|135|1.5|16.0|158|59.7|37.2|0.02|0.32|44.0545|24.0432
19|40|0|45|1.6|16.0|158|60.4|37.1|0.02|0.32|44.0564|24.4439
19|41|0|45|1.5|16.0|158|61.4|37.0|0.01|0.32|44.0579|24.8388
19|42|0|45|1.5|16.0|158|62.1|36.8|0.01|0.32|44.0589|24.2816
19|43|0|45|1.5|16.0|158|62.6|36.7|0.01|0.32|44.0566|24.2816
19|44|0|45|1.5|16.0|158|62.8|36.6|0.01|0.32|44.0559|24.2816
19|45|0|45|1.6|16.0|158|62.3|36.5|0.01|0.32|44.056|24.2816
19|46|0|45|1.5|16.0|158|61.9|36.4|0.01|0.32|44.0561|23.8942
19|48|0|45|1.5|16.0|158|61.7|36.3|0.01|0.32|44.0549|23.8942
19|49|0|45|0.0|16.0|158|61.8|36.3|0.01|0.32|44.056|23.8942
19|50|0|45|0.0|16.0|158|62.0|36.2|0.01|0.32|44.0542|24.2816
19|51|0|45|0.0|16.0|158|62.0|36.2|0.01|0.32|44.054|24.2816
19|52|0|45|0.0|16.0|158|61.8|36.0|0.01|0.32|44.0551|23.8942
19|53|0|45|1.5|16.0|158|61.7|36.0|0.01|0.32|44.0552|23.8942
19|54|0|45|1.5|16.0|158|61.9|35.9|0.01|0.32|44.0551|22.9495
19|55|0|45|1.5|16.0|158|62.1|35.9|0.01|0.32|44.057|23.3352
19|56|0|45|0.0|16.0|158|62.0|35.9|0.01|0.32|44.0572|23.3352
19|57|0|45|1.5|16.0|158|62.2|35.8|0.01|0.32|44.0575|23.3352
19|59|0|45|1.5|16.0|158|62.7|35.7|0.01|0.32|44.0542|23.3352
20|00|0|45|0.0|16.0|158|63.3|35.7|0.01|0.32|44.0544|23.7154
20|02|0|45|0.0|16.0|158|63.8|35.6|0.02|0.33|44.0534|23.7154
20|04|0|45|1.6|16.0|158|63.8|35.6|0.02|0.33|44.0513|23.7154
20|05|0|45|0.0|16.0|158|63.9|35.6|0.02|0.33|44.0538|23.7154
20|06|0|45|1.5|16.0|158|63.9|35.5|0.02|0.33|44.0522|23.7154
20|07|0|45|1.6|16.0|158|64.0|35.5|0.02|0.33|44.0526|24.0903
20|08|0|45|0.0|16.0|158|63.8|35.4|0.02|0.33|44.0527|23.7154
20|10|0|45|0.0|16.0|158|63.5|35.3|0.02|0.33|44.0505|23.7154
20|11|0|45|0.0|16.0|158|63.3|35.3|0.02|0.33|44.0504|23.7154
20|12|0|45|0.0|16.0|158|63.1|35.3|0.02|0.33|44.0517|23.7154
20|13|0|45|0.0|16.0|158|63.2|35.3|0.02|0.33|44.0519|23.7154
20|14|0|45|0.0|16.0|158|63.5|35.2|0.02|0.33|44.0497|23.7154
20|15|0|45|0.0|16.0|158|63.6|35.2|0.02|0.33|44.0501|23.7154
20|17|0|45|0.0|16.0|158|63.4|35.2|0.02|0.33|44.049|23.7154
20|18|0|45|0.0|16.0|158|63.2|35.2|0.02|0.33|44.0481|23.7154
20|19|0|45|0.0|16.0|158|63.2|35.0|0.02|0.33|44.0452|23.7154
20|20|0|45|0.0|16.0|158|63.3|35.0|0.02|0.33|44.0471|23.7154
20|21|0|45|0.0|16.0|158|63.1|35.0|0.02|0.33|44.0454|23.7154
20|22|0|45|0.0|16.0|158|62.9|35.0|0.02|0.33|44.0449|23.3352
20|25|0|45|0.0|16.0|158|62.6|35.0|0.02|0.33|44.046|23.3352
20|26|0|45|0.0|16.0|158|62.9|35.0|0.02|0.33|44.0446|23.3352
20|27|0|45|0.0|16.0|158|62.9|34.9|0.02|0.33|44.0446|22.3886
20|28|0|45|0.0|16.0|158|62.8|34.9|0.02|0.33|44.0446|22.3886
20|29|0|45|0.0|16.0|158|62.7|34.9|0.01|0.33|44.0453|22.3886
20|31|0|45|0.0|16.0|158|62.6|34.8|0.01|0.33|44.0463|22.3886
20|32|0|45|0.0|16.0|158|62.7|34.8|0.01|0.33|44.0466|22.3886
20|33|0|45|0.0|16.0|158|62.9|34.7|0.01|0.33|44.0464|22.3886
20|34|0|45|0.0|16.0|158|63.0|34.7|0.01|0.33|44.0464|22.7671
20|36|0|45|0.0|16.0|158|63.5|34.6|0.01|0.33|44.0488|22.7671
20|37|0|45|0.0|16.0|158|63.9|34.6|0.01|0.33|44.0477|22.7671
20|38|0|45|0.0|16.0|158|63.9|34.5|0.01|0.33|44.0468|22.7671
20|39|0|45|0.0|16.0|158|63.9|34.4|0.01|0.33|44.0473|22.7671
20|40|0|45|1.5|16.0|158|64.0|34.4|0.02|0.34|44.0465|23.1403
20|41|0|180|1.6|16.0|158|64.0|34.2|0.02|0.34|44.0469|23.1403
20|42|0|180|1.5|16.0|158|64.0|34.2|0.02|0.34|44.0447|23.1403
20|43|0|180|0.0|16.0|158|64.0|34.1|0.02|0.34|44.0465|23.1403
20|44|0|180|0.0|16.0|158|64.2|34.1|0.02|0.34|44.0457|23.1403
20|45|0|180|1.5|16.0|158|64.5|34.0|0.02|0.34|44.0434|23.1403
20|47|0|180|1.5|16.0|158|64.6|34.0|0.02|0.34|44.0443|23.1403
20|48|0|180|1.6|16.0|158|64.7|34.0|0.02|0.34|44.0449|23.1403
20|49|0|180|0.0|16.0|158|64.9|33.9|0.02|0.34|44.0438|22.1902
20|50|0|180|1.5|16.0|158|65.5|33.9|0.02|0.34|44.0409|22.5566
20|52|0|180|0.0|16.0|158|65.8|33.8|0.02|0.34|44.0412|22.5566
20|53|0|180|0.0|16.0|158|65.9|33.8|0.02|0.34|44.0422|22.5566
20|54|0|180|0.0|16.0|158|66.0|33.8|0.02|0.34|44.0412|22.918
20|55|0|180|1.6|16.0|158|65.7|33.7|0.02|0.34|44.0421|22.5566
20|56|0|180|0.0|16.0|158|65.5|33.7|0.02|0.34|44.0427|22.5566
20|58|0|180|1.5|16.0|158|65.6|33.5|0.02|0.34|44.0444|22.5566
20|59|0|180|0.0|16.0|158|65.9|33.3|0.02|0.34|44.0475|22.5566
21|00|0|180|0.0|16.0|158|66.3|33.2|0.02|0.34|44.0493|22.918
21|01|0|180|0.0|16.0|158|66.4|33.1|0.02|0.34|44.0516|22.918
21|02|0|180|0.0|16.0|158|67.1|33.0|0.01|0.34|44.0513|23.2746
21|03|0|180|0.0|16.0|158|68.1|33.0|0.01|0.34|44.0544|23.6265
21|06|0|180|0.0|16.0|158|67.9|32.8|0.01|0.34|44.0525|22.3194
21|07|0|180|0.0|16.0|158|67.9|32.8|0.01|0.34|44.0547|22.3194
21|08|0|180|0.0|16.0|158|67.8|32.7|0.01|0.34|44.054|22.3194
21|09|0|180|0.0|16.0|158|67.7|32.7|0.01|0.34|44.0529|22.3194
21|10|0|180|0.0|16.0|158|67.6|32.7|0.01|0.34|44.0537|22.3194
21|11|0|180|0.0|16.0|158|67.6|32.7|0.01|0.34|44.0541|22.3194
21|12|0|180|0.0|16.0|158|67.5|32.6|0.01|0.34|44.0544|22.3194
21|13|0|180|0.0|16.0|158|67.5|32.6|0.01|0.34|44.0552|22.3194
21|14|0|180|0.0|16.0|158|67.5|32.6|0.01|0.34|44.0542|22.3194
21|15|0|180|0.0|16.0|158|67.6|32.6|0.01|0.34|44.0542|22.3194
21|16|0|180|0.0|16.0|158|67.7|32.6|0.01|0.34|44.0534|22.3194
21|17|0|180|0.0|16.0|158|67.7|32.6|0.01|0.34|44.0537|22.3194
21|18|0|180|0.0|16.0|158|67.7|32.6|0.01|0.34|44.0518|22.3194
21|19|0|180|0.0|16.0|158|67.7|32.6|0.01|0.34|44.0528|22.3194
21|20|0|180|0.0|16.0|158|67.8|32.6|0.01|0.34|44.0515|22.3194
21|21|0|180|0.0|16.0|158|67.9|32.6|0.01|0.34|44.0536|22.3194
21|22|0|180|0.0|16.0|158|68.0|32.6|0.01|0.34|44.0531|22.6697
21|23|0|180|0.0|16.0|158|68.1|32.6|0.01|0.34|44.0547|22.6697
21|25|0|180|0.0|16.0|158|68.2|32.6|0.01|0.34|44.0519|22.6697
21|26|0|180|0.0|16.0|158|68.3|32.6|0.01|0.34|44.0533|22.6697
21|27|0|180|0.0|16.0|158|68.6|32.6|0.01|0.34|44.0529|22.6697
21|28|0|180|0.0|16.0|158|68.7|32.6|0.01|0.34|44.054|22.6697
21|29|0|180|0.0|16.0|158|68.9|32.6|0.01|0.34|44.0552|22.6697
21|30|0|180|0.0|16.0|158|69.3|32.6|0.01|0.34|44.056|23.0155
21|31|0|180|0.0|16.0|158|69.4|32.7|0.01|0.34|44.0575|23.0155
21|32|0|180|0.0|16.0|158|69.5|32.7|0.01|0.34|44.0601|23.0155
21|33|0|180|0.0|16.0|158|69.7|32.7|0.01|0.34|44.0597|23.0155
21|34|0|180|0.0|16.0|158|69.6|32.7|0.01|0.34|44.0607|23.0155
21|35|0|180|0.0|16.0|158|69.4|32.7|0.01|0.34|44.0607|23.0155
21|36|0|180|0.0|16.0|158|69.2|32.7|0.01|0.34|44.0657|23.0155
21|38|0|180|0.0|16.0|158|69.1|32.6|0.01|0.34|44.0629|23.0155
21|39|0|180|0.0|16.0|158|69.3|32.6|0.01|0.34|44.0613|23.0155
21|41|0|180|0.0|16.0|158|69.7|32.5|0.00|0.34|44.0622|23.0155
21|43|0|180|0.0|16.0|158|69.4|32.5|0.00|0.34|44.0626|23.0155
21|45|0|180|0.0|16.0|158|69.2|32.5|0.00|0.34|44.0622|23.0155
21|47|0|180|0.0|16.0|158|69.2|32.3|0.00|0.34|44.0593|23.0155
21|48|0|180|0.0|16.0|158|69.2|32.5|0.00|0.34|44.059|23.0155
21|49|0|180|0.0|16.0|158|69.6|32.5|0.00|0.34|44.0599|23.0155
21|50|0|180|0.0|16.0|158|70.1|32.5|0.00|0.34|44.0595|23.3568
21|51|0|180|0.0|16.0|158|70.5|32.5|0.00|0.34|44.0588|23.3568
21|52|0|180|0.0|16.0|158|70.5|32.5|0.00|0.34|44.0566|23.3568
21|53|0|180|0.0|16.0|158|70.5|32.5|0.00|0.34|44.0563|23.3568
21|54|0|180|0.0|16.0|158|70.4|32.5|0.00|0.34|44.0544|23.3568
21|55|0|180|0.0|16.0|158|70.5|32.5|0.00|0.34|44.0537|23.3568
21|56|0|180|0.0|16.0|158|70.5|32.5|0.00|0.34|44.0525|23.3568
21|57|0|180|0.0|16.0|158|70.3|32.5|0.00|0.34|44.0499|23.3568
21|58|0|180|0.0|16.0|158|70.1|32.5|0.00|0.34|44.0517|23.3568
21|59|0|180|0.0|16.0|158|69.9|32.5|0.00|0.34|44.0499|23.0155
22|00|0|180|0.0|16.0|158|69.8|32.5|0.00|0.34|44.051|23.0155
22|01|0|180|0.0|16.0|158|69.6|32.3|0.00|0.34|44.0493|23.0155
22|02|0|180|0.0|16.0|158|69.5|32.3|0.00|0.34|44.0501|23.0155
22|03|0|180|0.0|16.0|158|69.5|32.3|0.00|0.34|44.0472|23.0155
22|04|0|180|1.5|16.0|158|69.5|32.2|0.00|0.34|44.0461|23.0155
22|06|0|180|1.6|16.0|158|69.5|32.2|0.00|0.34|44.0423|23.0155
22|07|0|180|1.5|16.0|158|69.4|32.2|0.00|0.34|44.045|23.0155
22|08|0|180|1.5|16.0|158|69.6|32.1|0.00|0.34|44.0437|23.0155
22|10|0|180|1.5|16.0|158|69.8|32.0|0.00|0.34|44.0441|23.0155
22|11|0|180|0.0|16.0|158|69.9|32.0|0.00|0.34|44.0436|23.0155
22|12|0|180|0.0|16.0|158|70.0|32.0|0.00|0.34|44.0469|23.3568
22|13|0|180|0.0|16.0|158|70.4|31.9|0.00|0.34|44.0469|22.3969
22|14|0|180|0.0|16.0|158|70.4|31.9|0.00|0.34|44.049|22.3969
22|15|0|90|0.0|16.0|158|70.4|31.9|0.00|0.34|44.0502|22.3969
22|16|0|90|1.5|16.0|158|70.4|31.9|0.00|0.34|44.0527|22.3969
22|17|0|90|1.5|16.0|158|70.4|31.8|0.00|0.34|44.051|22.3969
22|18|0|90|0.0|16.0|158|70.6|31.9|0.00|0.34|44.0527|22.3969
22|19|0|90|1.5|16.0|158|71.1|31.9|0.00|0.34|44.0538|22.7324
22|20|0|90|1.5|16.0|158|71.3|31.9|0.00|0.34|44.0541|22.7324
22|21|0|90|0.0|16.0|158|71.5|31.8|0.00|0.34|44.0543|22.7324
22|22|0|90|0.0|16.0|158|71.7|31.8|0.00|0.34|44.0513|22.7324
22|23|0|90|0.0|16.0|158|72.0|31.8|0.00|0.34|44.0528|23.0637
22|24|0|90|0.0|16.0|158|72.0|31.8|0.00|0.34|44.0533|23.0637
22|25|0|90|0.0|16.0|158|71.9|31.7|0.00|0.34|44.0528|22.7324
22|27|0|90|0.0|16.0|158|71.9|31.7|0.01|0.35|44.056|22.7324
22|28|0|90|1.5|16.0|158|71.8|31.7|0.01|0.35|44.0553|22.7324
22|29|0|90|0.0|16.0|158|71.8|31.7|0.01|0.35|44.0566|22.7324
22|30|0|90|0.0|16.0|158|71.8|31.5|0.01|0.35|44.0567|22.7324
22|31|0|90|0.0|16.0|158|71.8|31.5|0.01|0.35|44.0567|22.7324
22|32|0|90|0.0|16.0|158|71.7|31.5|0.01|0.35|44.0575|22.7324
22|34|0|90|0.0|0.0|180|71.4|31.4|0.01|0.00|44.056|22.7324
22|36|0|90|0.0|0.0|180|71.4|31.4|0.01|0.00|44.0568|22.7324
22|37|0|90|0.0|0.0|180|71.3|31.4|0.00|0.00|44.0559|22.7324
22|38|0|90|0.0|0.0|180|71.4|31.4|0.00|0.00|44.0558|22.7324
22|39|0|90|0.0|0.0|180|71.4|31.4|0.00|0.00|44.0563|22.7324
22|40|0|90|0.0|0.0|180|71.3|31.4|0.00|0.00|44.0535|22.7324
22|41|0|90|0.0|0.0|180|71.2|31.4|0.00|0.00|44.0532|22.7324
22|42|0|90|0.0|0.0|180|71.1|31.4|0.00|0.00|44.0547|22.7324
22|43|0|90|0.0|0.0|180|71.1|31.4|0.00|0.00|44.0577|22.7324
22|46|0|90|0.0|0.0|180|71.0|31.3|0.00|0.00|44.0581|22.7324
22|47|0|90|0.0|0.0|180|71.0|31.3|0.00|0.00|44.058|22.7324
22|49|0|90|1.5|1.6|90|70.9|31.2|0.00|0.00|44.058|22.3969
22|50|0|90|0.0|1.6|90|71.0|31.2|0.00|0.00|44.0576|22.7324
22|51|0|90|0.0|1.6|90|71.1|31.2|0.00|0.00|44.0576|22.7324
22|52|0|90|1.6|1.6|90|71.1|31.2|0.00|0.00|44.0551|22.7324
22|53|0|90|1.5|1.6|90|71.1|31.2|0.00|0.00|44.0558|22.7324
22|54|0|90|0.0|1.6|90|71.1|31.2|0.00|0.00|44.0567|22.7324
22|55|0|90|0.0|1.6|90|71.1|31.2|0.00|0.00|44.058|22.7324
22|56|0|90|0.0|1.6|90|71.1|31.1|0.00|0.00|44.0604|22.7324
22|57|0|90|0.0|1.6|90|71.0|31.1|0.00|0.00|44.0608|22.7324
22|58|0|90|0.0|1.6|90|70.9|31.1|0.00|0.00|44.0615|22.3969
22|59|0|90|0.0|1.6|90|70.9|31.1|0.00|0.00|44.0615|22.3969
23|00|0|90|0.0|1.6|90|70.9|31.1|0.00|0.00|44.0615|22.3969
23|01|0|90|0.0|1.6|90|70.9|31.1|0.00|0.00|44.0598|22.3969
23|02|0|90|0.0|1.6|90|70.9|31.1|0.00|0.00|44.064|22.3969
23|04|0|90|0.0|1.6|90|71.0|31.0|0.00|0.00|44.062|22.7324
23|05|0|90|0.0|1.6|90|71.0|31.0|0.00|0.00|44.064|22.7324
23|06|0|90|0.0|1.6|90|71.0|31.0|0.00|0.00|44.0661|22.7324
23|07|0|90|0.0|1.6|90|71.0|31.0|0.01|0.01|44.0656|22.7324
23|08|0|90|0.0|1.6|90|71.2|31.0|0.01|0.01|44.0696|22.7324
23|09|0|90|0.0|1.6|90|71.4|30.9|0.01|0.01|44.0676|21.7707
23|10|0|90|0.0|1.6|90|71.6|30.9|0.01|0.01|44.0697|21.7707
23|11|0|90|0.0|1.6|90|71.5|30.9|0.01|0.01|44.0677|21.7707
23|13|0|90|0.0|1.6|90|71.5|30.9|0.01|0.01|44.0676|21.7707
23|14|0|90|1.5|1.6|90|71.4|30.8|0.01|0.01|44.0654|21.7707
23|15|0|90|1.5|1.6|90|71.4|30.6|0.01|0.01|44.0654|21.7707
23|16|0|90|0.0|1.6|90|71.6|30.6|0.01|0.01|44.067|21.7707
23|17|0|90|0.0|1.6|90|71.8|30.6|0.01|0.01|44.0701|21.7707
23|18|0|90|0.0|1.6|90|71.9|30.5|0.01|0.01|44.0701|21.7707
23|19|0|90|0.0|1.6|90|72.3|30.5|0.01|0.01|44.07|22.1006
23|20|0|90|0.0|1.6|90|72.7|30.4|0.01|0.01|44.0679|22.1006
23|22|0|90|0.0|1.6|90|72.9|30.4|0.01|0.01|44.0663|22.1006
23|24|0|90|0.0|1.6|90|72.8|30.4|0.01|0.01|44.0642|22.1006
23|25|0|90|0.0|1.6|90|72.8|30.4|0.01|0.01|44.0653|22.1006
23|26|0|90|1.6|1.6|90|72.8|30.4|0.01|0.01|44.0655|22.1006
23|27|0|90|1.5|1.6|90|73.1|30.4|0.01|0.01|44.0637|22.4263
23|28|0|90|1.5|1.6|90|73.4|30.4|0.01|0.01|44.0624|22.4263
23|30|0|90|1.6|2.9|90|73.8|30.4|0.01|0.01|44.0616|22.4263
23|31|0|90|0.0|2.9|90|73.8|30.4|0.01|0.01|44.0621|22.4263
23|32|0|90|0.0|2.9|90|73.8|30.3|0.01|0.01|44.0614|22.4263
23|34|0|90|0.0|2.9|90|73.7|30.3|0.01|0.01|44.0589|22.4263
23|35|0|90|0.0|2.9|90|73.6|30.3|0.01|0.01|44.0582|22.4263
23|36|0|90|1.5|2.9|90|73.6|30.3|0.01|0.01|44.0567|22.4263
23|37|0|90|1.5|2.9|90|73.5|30.3|0.01|0.01|44.057|22.4263
23|38|0|135|1.6|2.9|90|73.6|30.2|0.01|0.01|44.0565|22.4263
23|39|0|135|0.0|2.9|90|73.7|30.2|0.01|0.01|44.0557|22.4263
23|40|0|135|0.0|2.9|90|73.8|30.2|0.01|0.01|44.0586|22.4263
23|41|0|135|0.0|2.9|90|73.8|30.2|0.01|0.01|44.0598|22.4263
23|42|0|135|0.0|2.9|90|73.9|30.1|0.01|0.01|44.0586|22.4263
23|43|0|135|0.0|2.9|90|74.0|30.1|0.01|0.01|44.0573|22.7482
23|45|0|90|1.5|2.9|90|74.0|30.1|0.01|0.01|44.0556|22.7482
23|46|0|90|1.5|3.2|90|74.3|30.1|0.01|0.01|44.0536|22.7482
23|47|0|90|1.5|3.2|90|74.5|30.1|0.01|0.01|44.0545|22.7482
23|48|0|90|1.6|3.2|90|74.8|30.0|0.01|0.01|44.0528|22.7482
23|49|0|90|0.0|3.2|90|74.8|29.9|0.01|0.01|44.0494|21.782
23|50|0|90|0.0|3.2|90|74.7|29.9|0.01|0.01|44.0454|21.782
23|51|0|90|0.0|3.2|90|74.6|29.9|0.01|0.01|44.0461|21.782
23|52|0|90|1.5|3.2|90|74.5|29.7|0.01|0.01|44.0443|21.782
23|53|0|90|1.6|3.2|90|74.5|29.9|0.01|0.01|44.0469|21.782
23|54|0|90|1.5|3.2|90|74.6|29.7|0.01|0.01|44.0441|21.782
23|55|0|90|1.5|3.2|90|74.8|29.7|0.01|0.01|44.044|21.782
23|56|0|90|1.5|3.2|90|74.9|29.7|0.01|0.01|44.0437|21.782
23|57|0|90|0.0|3.2|90|75.1|29.6|0.01|0.01|44.0416|22.0985
23|58|0|90|1.6|3.2|90|75.1|29.6|0.01|0.01|44.0402|22.0985
23|59|0|90|1.5|3.2|90|75.2|29.5|0.01|0.01|44.0396|22.0985
