00|00|0|270|0.0|16.0|135|59.9|32.8|0.01|0.10|43.7872|19.3369
00|01|0|270|0.0|16.0|135|59.9|32.7|0.01|0.10|43.7823|19.3369
00|02|0|0|1.5|16.0|135|60.1|32.6|0.01|0.10|43.7821|19.7287
00|03|0|0|1.5|16.0|135|60.3|32.5|0.01|0.10|43.7865|19.7287
00|05|0|0|0.0|16.0|135|60.4|32.3|0.01|0.10|43.7869|19.7287
00|06|0|0|0.0|16.0|135|60.4|32.2|0.01|0.10|43.7877|19.7287
00|07|0|0|0.0|16.0|135|60.6|32.0|0.01|0.10|43.7868|19.7287
00|08|0|0|1.6|16.0|135|60.7|31.9|0.01|0.10|43.7865|18.7853
00|09|0|0|1.5|16.0|135|60.9|31.8|0.01|0.10|43.785|18.7853
00|10|0|0|1.5|16.0|135|61.2|31.7|0.01|0.10|43.7842|19.1695
00|11|0|0|0.0|16.0|135|61.4|31.5|0.01|0.10|43.7862|19.1695
00|13|0|0|1.5|16.0|135|61.6|31.4|0.01|0.10|43.7839|19.1695
00|14|0|0|1.5|16.0|135|62.0|31.3|0.01|0.10|43.7848|19.5483
00|15|0|0|1.5|16.0|135|62.4|31.2|0.01|0.10|43.7814|19.5483
00|16|0|270|2.9|16.0|135|62.5|31.1|0.01|0.10|43.7819|19.5483
00|17|0|270|2.9|16.0|135|62.7|31.0|0.01|0.10|43.7797|19.5483
00|18|0|315|2.9|16.0|135|63.0|30.9|0.01|0.10|43.777|18.9728
00|20|0|315|1.5|16.0|135|63.2|30.8|0.01|0.10|43.7762|18.9728
00|20|0|315|1.5|16.0|135|63.1|30.6|0.01|0.10|43.7756|18.9728
00|21|0|315|2.9|16.0|135|63.2|30.6|0.01|0.10|43.773|18.9728
00|22|0|315|1.6|16.0|135|63.7|30.5|0.00|0.10|43.7737|18.9728
00|24|0|315|1.6|16.0|135|64.4|30.3|0.00|0.10|43.7715|19.3393
00|25|0|0|0.0|16.0|135|64.5|30.3|0.00|0.10|43.7716|19.3393
00|26|0|0|0.0|16.0|135|64.4|30.3|0.00|0.10|43.7728|19.3393
00|28|0|0|0.0|16.0|135|64.2|30.3|0.00|0.10|43.7723|19.3393
00|29|0|315|1.6|16.0|135|64.4|30.2|0.00|0.10|43.768|19.3393
00|30|0|315|0.0|16.0|135|64.6|30.3|0.00|0.10|43.7673|19.3393
00|31|0|315|0.0|16.0|135|64.7|30.3|0.00|0.10|43.7658|19.3393
00|33|0|45|0.0|16.0|135|64.9|30.5|0.00|0.10|43.7673|19.3393
00|34|0|45|0.0|16.0|135|64.9|30.5|0.00|0.10|43.7653|19.3393
00|36|0|90|0.0|16.0|135|64.9|30.8|0.00|0.10|43.766|19.3393
00|37|0|315|1.5|16.0|135|64.9|30.8|0.00|0.10|43.7669|19.3393
00|38|0|90|1.5|16.0|135|64.8|30.9|0.00|0.10|43.7663|19.3393
00|39|0|90|1.5|16.0|135|64.6|31.0|0.00|0.10|43.7692|20.2897
00|40|0|90|0.0|16.0|135|64.5|31.0|0.00|0.10|43.7679|20.2897
00|41|0|135|2.9|16.0|135|64.4|31.1|0.00|0.10|43.7674|20.2897
00|42|0|135|0.0|16.0|135|64.3|31.1|0.00|0.10|43.765|20.2897
00|43|0|135|0.0|16.0|135|64.2|31.2|0.00|0.10|43.7669|20.2897
00|44|0|135|0.0|16.0|135|64.1|31.2|0.01|0.11|43.7654|20.2897
00|48|0|90|1.6|16.0|135|63.8|31.2|0.01|0.11|43.7645|19.9216
00|49|0|90|0.0|16.0|135|63.8|31.3|0.01|0.11|43.7625|19.9216
00|50|0|90|1.5|16.0|135|63.7|31.3|0.01|0.11|43.7612|19.9216
00|51|0|90|1.5|16.0|135|63.7|31.3|0.01|0.11|43.7581|19.9216
00|53|0|90|1.6|16.0|135|63.8|31.3|0.02|0.12|43.7601|19.9216
00|54|0|90|3.2|16.0|135|63.8|31.3|0.02|0.12|43.7592|19.9216
00|55|0|135|1.5|16.0|135|63.8|31.3|0.02|0.12|43.7612|19.9216
00|57|0|90|0.0|16.0|135|63.9|31.3|0.02|0.12|43.7593|19.9216
00|58|0|90|1.5|16.0|135|64.0|31.3|0.02|0.12|43.7587|20.2897
00|59|0|90|1.5|16.0|135|64.0|31.3|0.02|0.12|43.7594|20.2897
01|00|0|90|1.5|16.0|135|64.0|31.3|0.02|0.12|43.7613|20.2897
01|01|0|90|0.0|16.0|135|64.0|31.2|0.02|0.12|43.7613|20.2897
01|02|0|90|1.5|16.0|135|64.1|31.2|0.02|0.12|43.7624|20.2897
01|05|0|90|0.0|16.0|135|64.3|31.2|0.02|0.12|43.7645|20.2897
01|06|0|90|2.9|16.0|135|64.3|31.2|0.02|0.12|43.7648|20.2897
01|07|0|90|1.5|16.0|135|64.4|31.2|0.02|0.12|43.7625|20.2897
01|08|0|135|0.0|16.0|135|64.4|31.2|0.02|0.12|43.7631|20.2897
01|09|0|135|1.5|16.0|135|64.5|31.2|0.02|0.12|43.765|20.2897
01|10|0|90|1.5|16.0|135|64.7|31.1|0.02|0.12|43.7616|20.2897
01|11|0|90|1.5|16.0|135|64.8|31.1|0.02|0.12|43.761|20.2897
01|12|0|135|0.0|16.0|135|64.9|31.1|0.02|0.12|43.7584|20.2897
01|13|0|90|2.9|16.0|135|65.1|31.0|0.02|0.12|43.7572|20.6527
01|14|0|90|2.9|16.0|135|65.2|31.0|0.02|0.12|43.7545|20.6527
01|15|0|90|2.9|16.0|135|65.3|30.9|0.02|0.12|43.7529|19.7007
01|16|0|90|2.9|16.0|135|65.4|30.9|0.02|0.12|43.7503|19.7007
01|17|0|90|0.0|16.0|135|65.5|30.8|0.02|0.12|43.7478|19.7007
01|18|0|90|2.9|16.0|135|65.6|30.8|0.02|0.12|43.7475|19.7007
01|19|0|90|2.9|16.0|135|65.7|30.8|0.02|0.12|43.7466|19.7007
01|20|0|90|1.5|16.0|135|65.7|30.8|0.02|0.12|43.7465|19.7007
01|21|0|90|1.5|16.0|135|65.8|30.8|0.02|0.12|43.7476|19.7007
01|22|0|90|1.6|16.0|135|65.8|30.8|0.02|0.12|43.7491|19.7007
01|23|0|90|1.5|16.0|135|65.7|30.8|0.02|0.12|43.752|19.7007
01|25|0|90|2.9|16.0|135|65.6|30.9|0.02|0.12|43.7537|19.7007
01|27|0|90|2.9|16.0|135|65.4|30.8|0.02|0.12|43.7496|19.7007
01|29|0|90|1.6|16.0|135|65.4|30.8|0.02|0.12|43.7505|19.7007
01|30|0|135|2.9|16.0|135|65.3|30.9|0.02|0.12|43.7529|19.7007
01|31|0|113|1.6|16.0|135|65.1|31.0|0.02|0.12|43.7532|20.6527
01|32|0|90|2.9|16.0|135|65.1|31.0|0.02|0.12|43.7531|20.6527
01|33|0|90|1.5|16.0|135|65.0|31.1|0.02|0.12|43.7546|20.6527
01|34|0|45|2.9|16.0|135|64.9|31.1|0.02|0.12|43.7533|20.2897
01|35|0|90|4.4|16.0|135|64.7|31.2|0.02|0.12|43.7541|20.2897
01|36|0|113|1.5|16.0|135|64.5|31.2|0.02|0.12|43.7565|20.2897
01|37|0|90|1.6|16.0|135|64.5|31.2|0.02|0.12|43.7557|20.2897
01|38|0|90|2.9|16.0|135|64.4|31.3|0.02|0.12|43.7564|20.2897
01|40|0|113|2.9|16.0|135|64.4|31.3|0.02|0.12|43.7554|20.2897
01|41|0|113|5.8|16.0|135|64.4|31.4|0.02|0.12|43.7554|20.2897
01|42|0|90|4.4|16.0|135|64.2|31.4|0.02|0.12|43.7548|20.2897
01|43|0|90|2.9|16.0|135|64.2|31.4|0.01|0.12|43.753|20.2897
01|46|0|90|2.9|16.0|135|64.2|31.4|0.01|0.12|43.7541|20.2897
01|47|0|90|1.6|16.0|135|64.1|31.5|0.01|0.12|43.7542|20.2897
01|48|0|90|2.9|16.0|135|63.9|31.5|0.01|0.12|43.7531|19.9216
01|49|0|90|5.8|16.0|135|63.9|31.5|0.01|0.12|43.7535|19.9216
01|50|0|113|2.9|16.0|135|63.7|31.5|0.01|0.12|43.7514|19.9216
01|51|0|90|2.9|16.0|135|63.7|31.5|0.01|0.12|43.7523|19.9216
01|52|0|90|4.4|16.0|135|63.7|31.5|0.00|0.12|43.7519|19.9216
01|54|0|90|4.4|16.0|135|63.5|31.5|0.00|0.12|43.7516|19.9216
01|55|0|90|3.2|16.0|135|63.4|31.5|0.00|0.12|43.7501|19.9216
01|56|0|135|2.9|16.0|135|63.4|31.7|0.00|0.12|43.7498|19.9216
01|57|0|113|1.5|16.0|135|63.5|31.7|0.00|0.12|43.7478|19.9216
01|58|0|90|4.4|16.0|135|63.5|31.7|0.00|0.12|43.7482|19.9216
01|59|0|90|1.5|16.0|135|63.2|31.7|0.00|0.12|43.749|19.9216
02|00|0|90|3.2|16.0|135|63.2|31.8|0.00|0.12|43.7509|19.9216
02|01|0|90|0.0|16.0|135|63.1|31.8|0.00|0.12|43.7549|19.9216
02|02|0|135|1.6|16.0|135|62.9|31.8|0.00|0.12|43.7564|19.5483
02|04|0|90|1.5|16.0|135|62.7|31.8|0.00|0.12|43.7585|19.5483
02|04|0|90|2.9|16.0|135|62.7|31.9|0.01|0.13|43.7627|19.5483
02|05|0|90|1.6|16.0|135|62.5|31.8|0.01|0.13|43.7587|19.5483
02|07|0|90|1.5|16.0|135|62.6|31.8|0.01|0.13|43.7584|19.5483
02|08|0|90|1.6|16.0|135|62.6|31.8|0.01|0.13|43.7554|19.5483
02|09|0|135|1.5|16.0|135|62.7|31.8|0.01|0.13|43.7564|19.5483
02|10|0|135|0.0|16.0|135|62.8|31.8|0.01|0.13|43.7544|19.5483
02|11|0|135|1.5|16.0|135|62.9|31.8|0.01|0.13|43.7529|19.5483
02|12|0|113|1.6|16.0|135|63.0|31.7|0.01|0.13|43.7508|19.9216
02|13|0|90|1.5|16.0|135|62.8|31.7|0.01|0.13|43.7522|19.5483
02|14|0|135|1.5|16.0|135|62.8|31.5|0.01|0.13|43.749|19.5483
02|16|0|90|0.0|16.0|135|62.9|31.4|0.01|0.13|43.7504|19.5483
02|18|0|135|1.5|16.0|135|63.0|31.4|0.01|0.13|43.7533|19.9216
02|19|0|180|1.5|16.0|135|63.1|31.3|0.01|0.13|43.7556|19.9216
02|20|0|180|0.0|16.0|135|63.1|31.3|0.01|0.13|43.7585|19.9216
02|21|0|135|1.5|16.0|135|63.1|31.2|0.01|0.13|43.7595|19.9216
02|22|0|135|1.5|16.0|135|63.3|31.2|0.01|0.13|43.7595|19.9216
02|23|0|135|1.5|16.0|135|63.3|31.2|0.01|0.13|43.7599|19.9216
02|24|0|135|0.0|16.0|135|63.4|31.1|0.01|0.13|43.7595|19.9216
02|25|0|135|1.5|16.0|135|63.4|31.1|0.01|0.13|43.7564|19.9216
02|26|0|135|0.0|16.0|135|63.5|31.1|0.01|0.13|43.7565|19.9216
02|27|0|135|1.6|16.0|135|63.5|31.0|0.01|0.13|43.7537|19.9216
02|29|0|135|0.0|16.0|135|63.6|31.0|0.01|0.13|43.7516|19.9216
02|30|0|135|0.0|16.0|135|63.6|30.9|0.01|0.13|43.749|18.9728
02|31|0|135|0.0|16.0|135|63.8|30.9|0.01|0.13|43.7513|18.9728
02|34|0|135|0.0|16.0|135|63.9|30.8|0.01|0.13|43.7501|18.9728
02|35|0|135|0.0|16.0|135|63.9|30.8|0.01|0.13|43.7508|18.9728
02|36|0|135|0.0|16.0|135|63.9|30.6|0.01|0.13|43.7513|18.9728
02|37|0|135|0.0|16.0|135|63.9|30.6|0.01|0.13|43.7515|18.9728
02|39|0|135|1.6|16.0|135|64.1|30.5|0.01|0.13|43.7478|19.3393
02|40|0|135|1.6|16.0|135|64.3|30.5|0.01|0.13|43.7492|19.3393
02|42|0|90|1.5|16.0|135|64.4|30.4|0.01|0.13|43.7509|19.3393
02|43|0|135|0.0|16.0|135|64.6|30.3|0.01|0.13|43.7512|19.3393
02|44|0|90|0.0|16.0|135|64.6|30.3|0.01|0.13|43.7506|19.3393
02|45|0|45|0.0|16.0|135|64.6|30.2|0.01|0.13|43.7516|19.3393
02|46|0|45|0.0|16.0|135|64.7|30.2|0.01|0.13|43.7529|19.3393
02|47|0|135|0.0|16.0|135|64.7|30.2|0.01|0.13|43.7541|19.3393
02|49|0|135|0.0|16.0|135|64.8|30.1|0.01|0.13|43.7521|19.3393
02|50|0|135|0.0|16.0|135|64.8|30.1|0.01|0.13|43.7525|19.3393
02|51|0|135|0.0|16.0|135|64.8|30.0|0.01|0.13|43.7509|19.3393
02|52|0|135|0.0|16.0|135|64.9|30.1|0.01|0.13|43.7557|19.3393
02|53|0|135|1.6|16.0|135|65.0|30.0|0.01|0.13|43.7547|19.7007
02|54|0|135|1.5|16.0|135|65.0|29.9|0.01|0.13|43.7508|18.7485
02|55|0|135|0.0|16.0|135|65.3|29.9|0.01|0.13|43.7523|18.7485
02|57|0|135|0.0|16.0|135|65.5|29.6|0.01|0.13|43.7503|18.7485
02|58|0|135|0.0|16.0|135|65.7|29.6|0.01|0.13|43.7477|18.7485
02|59|0|135|0.0|16.0|135|65.9|29.5|0.01|0.13|43.753|18.7485
03|00|0|135|0.0|16.0|135|66.1|29.4|0.01|0.13|43.7552|19.1033
03|01|0|135|0.0|16.0|135|66.1|29.4|0.01|0.13|43.7578|19.1033
03|02|0|135|0.0|16.0|135|66.2|29.3|0.01|0.13|43.7579|19.1033
03|03|0|135|0.0|16.0|135|66.4|29.2|0.00|0.13|43.7573|19.1033
03|04|0|135|0.0|16.0|135|66.5|29.1|0.00|0.13|43.7588|19.1033
03|05|0|135|0.0|16.0|135|66.6|29.1|0.00|0.13|43.7584|19.1033
03|06|0|135|1.6|16.0|135|66.9|29.0|0.00|0.13|43.7569|19.1033
03|07|0|270|2.9|16.0|135|67.3|28.8|0.00|0.13|43.7569|18.4979
03|09|0|270|1.5|16.0|135|67.8|28.8|0.00|0.13|43.7565|18.4979
03|10|0|270|0.0|16.0|135|67.9|28.7|0.00|0.13|43.7553|18.4979
03|11|0|270|0.0|16.0|135|67.7|28.7|0.00|0.13|43.7555|18.4979
03|12|0|270|0.0|16.0|135|67.7|28.5|0.00|0.13|43.7514|18.4979
03|13|0|270|0.0|16.0|135|67.8|28.5|0.00|0.13|43.7523|18.4979
03|14|0|270|0.0|16.0|135|68.0|28.4|0.01|0.14|43.7517|18.8418
03|15|0|270|0.0|16.0|135|68.0|28.4|0.02|0.15|43.7493|18.8418
03|16|0|270|0.0|16.0|135|68.4|28.3|0.02|0.15|43.7508|18.8418
03|17|0|270|0.0|16.0|135|68.6|28.2|0.02|0.15|43.7489|18.8418
03|18|0|270|0.0|16.0|135|68.7|28.2|0.02|0.15|43.7493|18.8418
03|20|0|270|0.0|16.0|135|69.2|28.1|0.04|0.18|43.7496|19.1812
03|21|0|270|0.0|16.0|135|69.3|28.1|0.04|0.18|43.7492|19.1812
03|22|0|270|1.6|16.0|135|69.3|28.0|0.04|0.18|43.7508|19.1812
03|23|0|270|1.5|16.0|135|69.5|28.0|0.04|0.18|43.7519|19.1812
03|24|0|270|1.5|16.0|135|69.8|28.0|0.04|0.18|43.7524|19.1812
03|25|0|270|0.0|16.0|135|70.0|27.8|0.04|0.18|43.7508|18.556
03|26|0|270|0.0|16.0|135|70.0|27.8|0.04|0.18|43.75|18.556
03|27|0|270|0.0|16.0|135|70.2|27.8|0.04|0.18|43.7473|18.556
03|28|0|270|0.0|16.0|135|70.2|27.8|0.04|0.18|43.7467|18.556
03|30|0|270|0.0|16.0|135|70.2|27.8|0.04|0.18|43.749|18.556
03|31|0|270|0.0|16.0|135|70.3|27.7|0.04|0.18|43.7487|18.556
03|32|0|270|0.0|16.0|135|70.8|27.7|0.04|0.18|43.7465|18.556
03|33|0|270|1.5|16.0|135|71.3|27.7|0.04|0.18|43.7464|18.8854
03|34|0|90|0.0|16.0|135|71.6|27.6|0.04|0.18|43.7476|18.8854
03|35|0|90|0.0|16.0|135|71.9|27.6|0.04|0.18|43.7488|18.8854
03|36|0|90|0.0|16.0|135|72.4|27.5|0.04|0.18|43.7487|19.2106
03|37|0|90|0.0|16.0|135|72.4|27.6|0.04|0.18|43.752|19.2106
03|38|0|90|0.0|16.0|135|72.3|27.6|0.04|0.18|43.7538|19.2106
03|39|0|90|1.5|16.0|135|72.2|27.6|0.04|0.18|43.7535|19.2106
03|40|0|90|1.5|16.0|135|72.5|27.5|0.04|0.18|43.7552|19.2106
03|41|0|90|0.0|16.0|135|72.7|27.5|0.04|0.18|43.7547|19.2106
03|42|0|90|0.0|16.0|135|72.9|27.5|0.05|0.19|43.7546|19.2106
03|43|0|90|1.6|16.0|135|73.2|27.5|0.05|0.19|43.7537|19.5319
03|44|0|90|0.0|16.0|135|73.8|27.5|0.05|0.19|43.7523|19.5319
03|45|0|90|0.0|16.0|135|74.3|27.5|0.05|0.19|43.7513|19.8493
03|46|0|90|0.0|16.0|135|74.6|27.5|0.05|0.19|43.7493|19.8493
03|47|0|90|0.0|16.0|135|74.7|27.4|0.05|0.19|43.7476|19.8493
03|50|0|90|0.0|16.0|135|74.5|27.5|0.05|0.19|43.7499|19.8493
03|51|0|90|0.0|16.0|135|74.3|27.5|0.05|0.19|43.748|19.8493
03|53|0|90|1.5|16.0|135|74.2|27.6|0.05|0.19|43.7499|19.8493
03|53|0|90|2.9|16.0|135|74.1|27.6|0.05|0.19|43.7497|19.8493
03|54|0|90|0.0|16.0|135|74.1|27.6|0.05|0.19|43.7505|19.8493
03|55|0|90|0.0|16.0|135|74.0|27.6|0.05|0.19|43.7514|19.8493
03|56|0|90|0.0|16.0|135|74.1|27.6|0.05|0.19|43.7525|19.8493
03|57|0|90|0.0|16.0|135|74.3|27.6|0.05|0.19|43.7552|19.8493
03|58|0|90|1.5|16.0|135|74.6|27.6|0.05|0.19|43.7553|19.8493
03|59|0|90|2.9|16.0|135|74.7|27.6|0.05|0.19|43.7567|19.8493
04|00|0|90|0.0|16.0|135|74.7|27.6|0.05|0.19|43.7569|19.8493
04|01|0|90|0.0|16.0|135|74.6|27.6|0.05|0.19|43.7564|19.8493
04|02|0|90|1.5|16.0|135|74.5|27.5|0.05|0.19|43.7571|19.8493
04|03|0|90|1.5|16.0|135|74.6|27.5|0.05|0.19|43.7555|19.8493
04|04|0|90|0.0|16.0|135|74.7|27.5|0.05|0.19|43.7544|19.8493
04|05|0|90|0.0|16.0|135|74.9|27.5|0.05|0.19|43.7546|19.8493
04|06|0|90|0.0|16.0|135|75.1|27.5|0.05|0.19|43.7541|20.1629
04|08|0|90|0.0|16.0|135|75.5|27.4|0.05|0.19|43.7517|20.1629
04|09|0|90|0.0|16.0|135|76.0|27.4|0.05|0.19|43.7512|20.4728
04|10|0|90|0.0|16.0|135|76.1|27.3|0.07|0.20|43.7501|20.4728
04|12|0|90|1.5|16.0|135|76.0|27.3|0.07|0.20|43.7513|20.4728
04|13|0|90|1.5|16.0|135|76.1|27.2|0.07|0.20|43.7526|20.4728
04|14|0|179|0.0|16.0|135|76.4|27.2|0.05|0.20|43.7531|20.4728
04|15|0|90|1.5|16.0|135|76.5|27.0|0.04|0.20|43.7539|20.4728
04|16|0|90|1.5|16.0|135|76.6|27.0|0.04|0.20|43.7558|20.4728
04|18|0|90|1.6|16.0|135|76.7|26.9|0.05|0.21|43.7544|19.5035
04|19|0|90|0.0|16.0|135|76.7|26.9|0.03|0.21|43.7558|19.5035
04|20|0|90|0.0|16.0|135|76.7|26.9|0.03|0.21|43.7562|19.5035
04|21|0|90|0.0|16.0|135|77.0|26.8|0.03|0.21|43.7547|19.8084
04|22|0|90|0.0|16.0|135|77.1|26.8|0.03|0.21|43.7535|19.8084
04|23|0|90|1.6|16.0|135|77.2|26.7|0.03|0.21|43.7514|19.8084
04|25|0|90|1.5|16.0|135|77.4|26.6|0.03|0.21|43.7474|19.8084
04|27|0|90|1.5|16.0|135|77.9|26.6|0.03|0.21|43.7465|19.8084
04|28|0|90|1.5|16.0|135|78.2|26.5|0.03|0.21|43.7472|20.1098
04|29|0|90|0.0|16.0|135|78.3|26.4|0.03|0.21|43.7468|20.1098
04|30|0|90|0.0|16.0|135|78.3|26.4|0.03|0.21|43.7429|20.1098
04|31|0|179|1.5|16.0|135|78.4|26.3|0.03|0.21|43.7418|20.1098
04|33|0|180|0.0|16.0|135|78.7|26.3|0.03|0.21|43.7388|20.1098
04|34|0|225|2.9|16.0|135|78.8|26.3|0.03|0.21|43.7378|20.1098
04|35|0|225|0.0|16.0|135|78.7|26.3|0.03|0.21|43.7387|20.1098
04|36|0|225|0.0|16.0|135|78.7|26.3|0.03|0.21|43.7392|20.1098
04|38|0|225|0.0|16.0|135|78.7|26.3|0.04|0.22|43.7394|20.1098
04|39|0|225|0.0|16.0|135|78.6|26.3|0.04|0.22|43.739|20.1098
04|41|0|225|0.0|16.0|135|78.6|26.1|0.03|0.22|43.7355|20.1098
04|42|0|225|0.0|16.0|135|78.7|26.3|0.03|0.22|43.7386|20.1098
04|43|0|180|1.6|16.0|135|78.8|26.1|0.03|0.22|43.7385|20.1098
04|44|0|180|0.0|16.0|135|78.9|26.1|0.03|0.22|43.7378|20.1098
04|46|0|180|0.0|16.0|135|78.9|26.1|0.03|0.22|43.741|20.1098
04|47|0|180|0.0|16.0|135|78.8|26.1|0.03|0.22|43.7436|20.1098
04|49|0|0|0.0|16.0|135|78.7|26.1|0.03|0.22|43.7437|20.1098
04|50|0|0|0.0|16.0|135|78.9|26.0|0.03|0.22|43.7435|20.1098
04|51|0|0|0.0|16.0|135|79.2|26.0|0.03|0.22|43.7448|20.4078
04|52|0|0|0.0|16.0|135|79.4|26.0|0.03|0.22|43.7448|20.4078
04|54|0|225|0.0|16.0|135|79.3|26.0|0.03|0.22|43.7403|20.4078
04|55|0|225|0.0|16.0|135|79.0|25.9|0.03|0.22|43.7396|19.4341
04|56|0|225|0.0|16.0|135|78.8|25.9|0.03|0.22|43.7394|19.1375
04|57|0|225|0.0|16.0|135|78.9|25.9|0.03|0.22|43.739|19.1375
04|58|0|225|0.0|16.0|135|79.1|25.9|0.03|0.22|43.7421|19.4341
04|59|0|225|0.0|16.0|135|79.0|25.8|0.03|0.22|43.741|19.4341
05|00|0|225|0.0|16.0|135|79.0|25.8|0.03|0.22|43.7442|19.4341
05|02|0|225|0.0|16.0|135|78.9|25.8|0.03|0.22|43.7459|19.1375
05|03|0|225|0.0|16.0|135|79.3|25.7|0.03|0.22|43.7469|19.4341
05|04|0|45|0.0|16.0|135|79.7|25.6|0.03|0.22|43.7485|19.4341
05|05|0|45|0.0|16.0|135|80.0|25.6|0.04|0.23|43.7478|19.7274
05|06|0|23|1.5|16.0|135|80.2|25.6|0.04|0.23|43.7436|19.7274
05|08|0|23|0.0|16.0|135|80.5|25.5|0.04|0.23|43.7426|19.7274
05|10|0|23|0.0|16.0|135|80.9|25.5|0.03|0.23|43.7426|19.7274
05|12|0|23|1.5|16.0|135|81.6|25.6|0.04|0.24|43.744|20.0174
05|13|0|23|0.0|16.0|135|81.8|25.5|0.04|0.24|43.7424|20.0174
05|15|0|23|0.0|16.0|135|81.7|25.6|0.04|0.24|43.7417|20.0174
05|16|0|23|0.0|16.0|135|81.6|25.6|0.04|0.24|43.7393|20.0174
05|17|0|23|0.0|16.0|135|81.5|25.6|0.03|0.24|43.7386|20.0174
05|18|0|23|0.0|16.0|135|81.4|25.6|0.03|0.24|43.738|20.0174
05|19|0|23|0.0|16.0|135|81.3|25.6|0.04|0.25|43.7382|20.0174
05|20|0|23|0.0|16.0|135|81.1|25.6|0.04|0.25|43.7397|20.0174
05|21|0|23|0.0|16.0|135|81.0|25.5|0.04|0.25|43.7355|20.0174
05|22|0|23|0.0|16.0|135|81.0|25.6|0.04|0.25|43.7365|20.0174
05|24|0|203|0.0|16.0|135|80.9|25.6|0.04|0.25|43.7342|19.7274
05|25|0|225|1.5|16.0|135|80.7|25.5|0.04|0.25|43.7339|19.7274
05|27|0|225|2.9|16.0|135|80.5|25.5|0.04|0.25|43.732|19.7274
05|28|0|225|0.0|16.0|135|80.2|25.4|0.04|0.25|43.7288|19.7274
05|29|0|225|3.2|16.0|135|80.0|25.4|0.04|0.25|43.7281|19.7274
05|30|0|225|0.0|16.0|135|79.9|25.4|0.04|0.25|43.7284|19.4341
05|31|0|225|0.0|16.0|135|80.0|25.4|0.04|0.25|43.7316|19.7274
05|32|0|225|0.0|16.0|135|80.2|25.2|0.05|0.26|43.7318|19.7274
05|33|0|225|0.0|16.0|135|80.3|25.2|0.05|0.26|43.7328|19.7274
05|34|0|0|0.0|16.0|135|80.0|25.1|0.05|0.26|43.7331|19.7274
05|35|0|0|2.9|16.0|135|79.4|25.1|0.05|0.26|43.739|19.4341
05|36|0|0|0.0|16.0|135|79.5|24.9|0.04|0.26|43.7376|18.4604
05|37|0|0|1.6|16.0|135|80.2|24.8|0.04|0.26|43.7393|18.7523
05|38|0|315|1.5|16.0|135|80.4|24.7|0.04|0.26|43.7395|18.7523
05|39|0|315|4.8|16.0|135|80.8|24.6|0.04|0.26|43.735|18.7523
05|40|0|315|0.0|16.0|135|81.7|24.5|0.04|0.26|43.7348|19.041
05|41|0|315|0.0|16.0|135|82.6|24.3|0.04|0.26|43.735|19.3265
05|42|0|315|1.5|16.0|135|83.2|24.3|0.04|0.26|43.7385|19.609
05|43|0|0|1.5|16.0|135|83.4|24.3|0.04|0.26|43.7395|19.609
05|44|0|0|1.5|16.0|135|83.5|24.3|0.04|0.26|43.7427|19.609
05|45|0|0|0.0|16.0|135|83.3|24.2|0.04|0.26|43.7436|19.609
05|46|0|0|0.0|16.0|135|83.3|24.2|0.04|0.26|43.7436|19.609
05|48|0|0|0.0|16.0|135|83.4|24.3|0.04|0.26|43.7461|19.609
05|49|0|0|1.5|16.0|135|83.4|24.3|0.04|0.26|43.746|19.609
05|50|0|0|1.5|16.0|135|83.5|24.3|0.04|0.26|43.7457|19.609
05|51|0|45|1.6|16.0|135|83.6|24.3|0.04|0.26|43.7465|19.609
05|52|0|45|1.5|16.0|135|83.5|24.3|0.04|0.26|43.7439|19.609
05|54|0|45|1.6|16.0|135|83.2|24.3|0.04|0.26|43.7461|19.609
05|55|0|45|1.5|16.0|135|83.1|24.3|0.04|0.26|43.7441|19.609
05|56|0|45|0.0|16.0|135|83.0|24.3|0.04|0.26|43.7436|19.609
05|57|0|45|1.5|16.0|135|83.1|24.5|0.04|0.26|43.7441|19.609
05|58|0|45|1.5|16.0|135|83.2|24.5|0.04|0.26|43.7429|19.609
05|59|0|45|0.0|16.0|135|83.3|24.5|0.04|0.26|43.7437|19.609
06|00|0|45|0.0|16.0|135|83.3|24.5|0.04|0.26|43.7452|19.609
06|01|0|45|0.0|16.0|135|83.1|24.5|0.04|0.26|43.7451|19.609
06|02|0|45|1.5|16.0|135|82.8|24.5|0.04|0.26|43.7475|19.3265
06|04|0|45|1.5|16.0|135|82.6|24.5|0.04|0.26|43.7489|19.3265
06|05|0|45|0.0|16.0|135|82.4|24.5|0.03|0.26|43.7494|19.3265
06|06|0|45|0.0|16.0|135|82.4|24.5|0.03|0.26|43.7513|19.3265
06|08|0|45|1.5|16.0|135|82.4|24.3|0.03|0.26|43.7526|19.3265
06|09|0|338|1.6|16.0|135|82.5|24.3|0.03|0.26|43.7539|19.3265
06|10|0|338|1.5|16.0|135|82.9|24.3|0.03|0.26|43.7553|19.3265
06|11|0|338|1.6|16.0|135|83.4|24.2|0.02|0.26|43.7551|19.609
06|12|0|338|1.5|16.0|135|83.9|24.2|0.02|0.26|43.7552|19.609
06|13|0|338|0.0|16.0|135|84.1|24.2|0.02|0.26|43.7557|19.8885
06|14|0|338|0.0|16.0|135|84.2|24.3|0.02|0.26|43.757|19.8885
06|15|0|225|0.0|16.0|135|84.3|24.3|0.02|0.26|43.7562|19.8885
06|16|0|225|1.5|16.0|135|84.1|24.5|0.02|0.26|43.754|19.8885
06|17|0|225|0.0|16.0|135|83.8|24.5|0.02|0.26|43.7532|19.609
06|18|0|225|0.0|16.0|135|83.6|24.5|0.01|0.26|43.7523|19.609
06|19|0|225|1.6|16.0|135|83.2|24.3|0.01|0.26|43.7542|19.609
06|20|0|225|0.0|16.0|135|82.8|24.3|0.01|0.26|43.7539|19.3265
06|21|0|225|1.5|16.0|135|82.5|24.3|0.01|0.26|43.7554|19.3265
06|22|0|225|0.0|16.0|135|82.2|24.2|0.01|0.26|43.7551|19.3265
06|23|0|225|1.5|16.0|135|82.0|24.2|0.01|0.26|43.7539|19.3265
06|24|0|225|0.0|16.0|135|81.9|24.1|0.01|0.26|43.7569|19.041
06|26|0|225|2.9|16.0|135|81.8|24.1|0.01|0.26|43.7596|19.041
06|27|0|225|2.9|16.0|135|81.7|24.0|0.01|0.26|43.7604|19.041
06|28|0|225|2.9|16.0|135|81.7|24.0|0.01|0.26|43.7629|19.041
06|29|0|225|0.0|16.0|135|81.7|23.9|0.01|0.26|43.76|18.0645
06|30|0|225|0.0|16.0|135|81.9|23.9|0.02|0.28|43.7588|18.0645
06|31|0|225|0.0|16.0|135|81.9|23.8|0.02|0.28|43.757|18.0645
06|32|0|225|0.0|16.0|135|81.9|23.8|0.01|0.28|43.7584|18.0645
06|33|0|225|1.5|16.0|135|81.7|23.8|0.01|0.28|43.7597|18.0645
06|34|0|225|0.0|16.0|135|81.7|23.8|0.01|0.28|43.7609|18.0645
06|35|0|225|0.0|16.0|135|81.8|23.7|0.01|0.28|43.7588|18.0645
06|36|0|90|1.5|16.0|135|82.5|23.6|0.01|0.28|43.7608|18.3487
06|37|0|45|1.5|16.0|135|82.7|23.6|0.01|0.28|43.7628|18.3487
06|38|0|45|0.0|16.0|135|82.6|23.5|0.01|0.28|43.7676|18.3487
06|39|0|225|1.6|16.0|135|82.6|23.5|0.01|0.28|43.7677|18.3487
06|40|0|225|2.9|16.0|135|82.6|23.3|0.01|0.28|43.7656|18.3487
06|41|0|225|3.2|16.0|135|82.6|23.3|0.01|0.28|43.7677|18.3487
06|42|0|225|0.0|16.0|135|82.5|23.2|0.01|0.28|43.7643|18.3487
06|43|0|225|0.0|16.0|135|82.6|23.2|0.01|0.28|43.7632|18.3487
06|44|0|225|0.0|16.0|135|82.8|23.2|0.01|0.28|43.7663|18.3487
06|45|0|225|0.0|16.0|135|83.4|23.2|0.01|0.28|43.7674|18.6298
06|46|0|225|0.0|16.0|135|83.8|23.2|0.01|0.28|43.7698|18.6298
06|48|0|225|0.0|16.0|135|83.9|23.2|0.02|0.29|43.7673|18.6298
06|49|0|225|0.0|16.0|135|83.9|23.2|0.02|0.29|43.7675|18.6298
06|50|0|225|0.0|16.0|135|84.2|23.2|0.02|0.29|43.7679|18.908
06|51|0|225|0.0|16.0|135|84.3|23.2|0.02|0.29|43.7691|18.908
06|52|0|225|0.0|16.0|135|84.2|23.2|0.02|0.29|43.7685|18.908
06|53|0|225|0.0|16.0|135|84.2|23.2|0.02|0.29|43.7721|18.908
06|54|0|225|0.0|16.0|135|84.1|23.2|0.02|0.29|43.7738|18.908
06|55|0|225|0.0|16.0|135|83.9|23.2|0.02|0.29|43.7738|18.6298
06|57|0|225|1.5|16.0|135|83.7|23.1|0.02|0.29|43.7734|18.6298
06|58|0|225|0.0|16.0|135|83.8|23.1|0.02|0.29|43.7724|18.6298
06|59|0|225|0.0|16.0|135|83.9|23.1|0.02|0.29|43.7729|18.6298
07|00|0|0|1.5|16.0|135|83.9|23.1|0.02|0.29|43.7733|18.6298
07|01|0|0|1.6|16.0|135|83.8|23.0|0.02|0.29|43.7762|18.6298
07|02|0|0|0.0|16.0|135|83.5|23.0|0.03|0.30|43.7791|18.6298
07|03|0|225|0.0|16.0|135|83.4|22.9|0.03|0.30|43.7827|17.6506
07|04|0|225|0.0|16.0|135|83.3|22.9|0.03|0.30|43.7849|17.6506
07|05|0|225|0.0|16.0|135|83.3|22.9|0.03|0.30|43.7839|17.6506
07|06|0|90|1.6|16.0|135|84.0|22.9|0.03|0.30|43.7849|17.9274
07|07|0|90|2.9|16.0|135|85.3|22.9|0.03|0.30|43.7819|18.2013
07|09|0|90|1.5|16.0|135|86.0|22.9|0.03|0.30|43.7827|18.4724
07|12|0|90|0.0|16.0|135|86.6|23.0|0.03|0.30|43.781|19.4555
07|13|0|90|0.0|16.0|135|86.7|23.1|0.04|0.31|43.7792|19.4555
07|14|0|90|0.0|16.0|135|86.8|23.1|0.04|0.31|43.7793|19.4555
07|15|0|90|0.0|16.0|135|86.7|23.2|0.04|0.31|43.7814|19.4555
07|17|0|90|0.0|16.0|135|86.7|23.3|0.04|0.31|43.7804|19.4555
07|17|0|90|0.0|16.0|135|86.5|23.3|0.04|0.31|43.7827|19.4555
07|18|0|90|0.0|16.0|135|86.4|23.3|0.04|0.31|43.7839|19.4555
07|19|0|90|0.0|16.0|135|86.4|23.5|0.04|0.31|43.7868|19.4555
07|20|0|225|0.0|16.0|135|86.3|23.5|0.04|0.31|43.7861|19.4555
07|21|0|225|0.0|16.0|135|86.1|23.5|0.04|0.31|43.7855|19.4555
07|22|0|225|1.5|16.0|135|85.8|23.5|0.04|0.31|43.785|19.1832
07|23|0|225|0.0|16.0|135|85.5|23.5|0.04|0.31|43.7852|19.1832
07|24|0|225|0.0|16.0|135|85.2|23.5|0.04|0.31|43.7864|19.1832
07|25|0|225|0.0|16.0|135|85.0|23.5|0.04|0.31|43.782|19.1832
07|26|0|225|0.0|16.0|135|84.8|23.5|0.04|0.31|43.7834|18.908
07|27|0|225|1.5|16.0|135|84.7|23.3|0.04|0.31|43.7845|18.908
07|28|0|225|0.0|16.0|135|84.5|23.3|0.03|0.31|43.7871|18.908
07|30|0|0|1.6|16.0|135|84.3|23.3|0.03|0.31|43.7917|18.908
07|31|0|0|1.5|16.0|135|83.8|23.2|0.03|0.31|43.7945|18.6298
07|32|0|0|1.5|16.0|135|83.5|23.1|0.03|0.31|43.7941|18.6298
07|34|0|0|1.5|16.0|135|83.5|23.0|0.03|0.31|43.7947|18.6298
07|35|0|0|0.0|16.0|135|83.8|22.9|0.03|0.31|43.7963|17.6506
07|36|0|270|1.5|16.0|135|84.0|22.9|0.03|0.31|43.8011|17.9274
07|37|0|270|1.6|16.0|135|84.4|22.8|0.04|0.32|43.8|17.9274
07|38|0|270|0.0|16.0|135|84.8|22.8|0.04|0.32|43.7984|17.9274
07|39|0|270|0.0|16.0|135|84.8|22.8|0.04|0.32|43.7953|17.9274
07|40|0|270|0.0|16.0|135|84.7|22.8|0.04|0.32|43.7976|17.9274
07|41|0|270|1.5|16.0|135|84.8|22.8|0.04|0.32|43.8028|17.9274
07|42|0|270|0.0|16.0|135|85.1|22.9|0.04|0.32|43.8038|18.2013
07|43|0|270|0.0|16.0|135|85.1|22.9|0.04|0.32|43.8022|18.2013
07|44|0|270|1.5|16.0|135|85.2|22.9|0.04|0.32|43.8031|18.2013
07|45|0|270|0.0|16.0|135|85.2|22.9|0.04|0.32|43.8058|18.2013
07|46|0|270|0.0|16.0|135|85.1|22.9|0.04|0.32|43.8067|18.2013
07|47|0|270|0.0|16.0|135|85.1|22.9|0.03|0.32|43.806|18.2013
07|48|0|270|0.0|16.0|135|85.2|22.9|0.03|0.32|43.8038|18.2013
07|50|0|90|1.5|16.0|135|85.9|23.0|0.03|0.32|43.7995|19.1832
07|51|0|90|1.5|16.0|135|86.5|23.0|0.04|0.33|43.801|19.4555
07|52|0|90|0.0|16.0|135|86.7|23.0|0.04|0.33|43.8089|19.4555
07|53|0|248|2.9|16.0|135|86.8|23.1|0.04|0.33|43.8123|19.4555
07|54|0|225|1.6|16.0|135|86.7|23.1|0.04|0.33|43.808|19.4555
07|55|0|135|4.4|16.0|135|86.5|23.1|0.04|0.33|43.8002|19.4555
07|58|0|270|1.5|16.0|135|85.9|23.2|0.04|0.33|43.8063|19.1832
08|00|0|270|0.0|16.0|135|86.1|23.2|0.04|0.33|43.8073|19.4555
08|01|0|270|0.0|16.0|135|86.1|23.3|0.03|0.33|43.809|19.4555
08|04|0|45|1.6|16.0|135|85.9|23.5|0.04|0.34|43.8144|19.1832
08|06|0|45|1.5|16.0|135|85.6|23.5|0.04|0.34|43.8189|19.1832
08|07|0|45|1.5|16.0|135|85.4|23.5|0.04|0.34|43.8174|19.1832
08|08|0|180|1.5|16.0|135|85.2|23.6|0.05|0.35|43.8122|19.1832
08|10|0|180|1.5|16.0|135|85.1|23.5|0.05|0.35|43.8066|19.1832
08|11|0|180|1.5|16.0|135|85.0|23.5|0.05|0.35|43.8128|19.1832
08|12|0|315|1.6|16.0|135|85.0|23.5|0.04|0.35|43.8179|19.1832
08|13|0|315|1.5|16.0|135|85.0|23.5|0.04|0.35|43.8189|19.1832
08|14|0|225|0.0|16.0|135|85.1|23.5|0.04|0.35|43.813|19.1832
08|15|0|180|1.5|16.0|135|85.0|23.6|0.04|0.35|43.8106|19.1832
08|17|0|0|1.5|16.0|135|85.0|23.7|0.04|0.35|43.8189|19.1832
08|18|0|0|1.6|16.0|135|84.8|23.7|0.04|0.35|43.8177|18.908
08|19|0|0|0.0|16.0|135|84.5|23.8|0.04|0.35|43.8134|18.908
08|20|0|180|3.2|16.0|135|84.2|23.9|0.04|0.35|43.8125|18.908
08|21|0|180|2.9|16.0|135|84.1|23.9|0.04|0.35|43.8081|18.908
08|22|0|225|0.0|16.0|135|84.1|24.2|0.04|0.35|43.813|19.8885
08|23|0|315|1.5|16.0|135|84.1|24.3|0.04|0.35|43.8174|19.8885
08|24|0|315|1.5|16.0|135|84.0|24.5|0.04|0.35|43.8197|19.8885
08|25|0|315|0.0|16.0|135|84.0|24.5|0.04|0.35|43.8196|19.8885
08|27|0|315|1.5|16.0|135|83.9|24.5|0.04|0.35|43.8211|19.609
08|27|0|315|0.0|16.0|135|83.8|24.5|0.04|0.35|43.8196|19.609
08|28|0|315|0.0|16.0|135|83.8|24.6|0.04|0.35|43.8178|19.609
08|29|0|315|0.0|16.0|135|83.8|24.7|0.04|0.35|43.8168|19.609
08|30|0|315|0.0|16.0|135|83.8|24.9|0.04|0.35|43.8182|19.609
08|32|0|315|0.0|16.0|135|83.6|25.0|0.04|0.35|43.8184|20.5881
08|33|0|203|0.0|16.0|135|83.5|25.1|0.04|0.35|43.817|20.5881
08|34|0|180|1.5|16.0|135|83.5|25.5|0.04|0.35|43.8061|20.5881
08|35|0|180|0.0|16.0|135|83.4|25.8|0.04|0.35|43.8104|20.5881
08|36|0|180|4.4|16.0|135|83.2|26.1|0.04|0.35|43.816|21.5672
08|38|0|0|1.6|16.0|135|81.2|26.7|0.03|0.35|43.8136|20.9938
08|39|0|135|1.5|16.0|135|80.8|27.0|0.03|0.35|43.8059|21.6774
08|41|0|0|1.5|16.0|135|80.5|27.4|0.04|0.36|43.816|21.6774
08|42|0|0|4.4|16.0|135|79.8|27.6|0.04|0.36|43.8257|21.3814
08|43|0|0|1.6|16.0|135|78.9|27.7|0.04|0.36|43.8237|21.082
08|44|0|180|1.5|16.0|135|78.4|28.1|0.04|0.36|43.8196|22.0541
08|45|0|180|4.4|16.0|135|78.3|28.3|0.04|0.36|43.8139|22.0541
08|46|0|180|1.6|16.0|135|78.1|28.6|0.04|0.36|43.816|22.0541
08|47|0|180|1.5|16.0|135|78.1|28.7|0.04|0.36|43.8309|22.0541
08|48|0|0|3.2|16.0|135|77.5|29.0|0.04|0.36|43.8234|22.7205
08|49|0|0|2.9|16.0|135|76.4|29.2|0.04|0.36|43.8213|22.4113
08|50|0|0|0.0|16.0|135|75.7|29.5|0.03|0.36|43.8184|22.0985
08|51|0|0|0.0|16.0|135|75.6|29.7|0.03|0.36|43.814|22.0985
08|52|0|135|1.5|16.0|135|75.5|30.1|0.03|0.36|43.8147|23.0662
08|54|0|135|0.0|16.0|135|75.5|30.1|0.03|0.36|43.8232|23.0662
08|55|0|45|1.6|16.0|135|75.4|30.3|0.03|0.36|43.8205|23.0662
08|56|0|0|1.5|16.0|135|74.1|30.6|0.03|0.36|43.8208|22.7482
08|57|0|0|1.5|16.0|135|73.2|30.8|0.03|0.36|43.8175|22.4263
08|58|0|45|2.9|16.0|135|73.0|31.1|0.03|0.36|43.8168|23.391
09|00|0|45|1.6|16.0|135|72.9|31.3|0.03|0.36|43.82|23.0637
09|01|0|45|2.9|16.0|135|72.8|31.4|0.02|0.36|43.8232|23.0637
09|03|0|45|4.4|16.0|135|72.1|31.7|0.02|0.36|43.8266|23.0637
09|05|0|45|1.6|16.0|135|72.1|31.8|0.02|0.36|43.8247|23.0637
09|06|0|45|1.5|16.0|135|72.0|31.9|0.02|0.36|43.8262|23.0637
09|07|0|45|2.9|16.0|135|71.7|32.0|0.01|0.36|43.8308|23.6939
09|08|0|45|2.9|16.0|135|71.0|32.0|0.01|0.36|43.8339|23.6939
09|09|0|45|2.9|16.0|135|70.6|32.1|0.01|0.36|43.8364|23.3568
09|10|0|45|1.5|16.0|135|70.5|32.0|0.01|0.36|43.833|23.3568
09|11|0|45|1.5|16.0|135|70.3|32.2|0.01|0.36|43.8322|23.3568
09|12|0|90|1.5|16.0|135|70.1|32.3|0.01|0.36|43.8307|23.3568
09|14|0|45|2.9|16.0|135|70.0|32.5|0.01|0.36|43.8321|23.3568
09|15|0|45|1.5|16.0|135|69.7|32.6|0.01|0.36|43.8365|23.0155
09|17|0|45|1.5|16.0|135|69.6|32.9|0.01|0.36|43.8378|23.0155
09|18|0|113|1.6|16.0|135|70.0|33.0|0.01|0.36|43.8352|24.3167
09|20|0|45|3.2|16.0|135|68.9|33.2|0.01|0.36|43.8379|23.6265
09|21|0|45|0.0|16.0|135|68.2|33.5|0.02|0.37|43.8395|23.6265
09|22|0|45|1.5|16.0|135|67.9|33.6|0.02|0.37|43.8401|23.2746
09|23|0|45|0.0|16.0|135|67.8|33.8|0.02|0.37|43.841|23.2746
09|24|0|135|1.5|16.0|135|67.9|33.9|0.02|0.37|43.8371|23.2746
09|26|0|90|1.5|16.0|135|67.5|34.4|0.02|0.37|43.8349|24.2296
09|27|0|45|1.5|16.0|135|66.9|34.6|0.02|0.37|43.8361|23.8714
09|28|0|45|0.0|16.0|135|66.1|34.8|0.02|0.37|43.8386|23.8714
09|30|0|90|0.0|16.0|135|65.3|35.2|0.02|0.37|43.8417|24.46
09|31|0|180|0.0|16.0|135|65.3|35.5|0.02|0.37|43.8455|24.46
09|32|0|90|2.9|16.0|135|64.7|35.7|0.03|0.39|43.8475|24.0903
09|33|0|90|0.0|16.0|135|63.9|35.7|0.03|0.39|43.8585|23.7154
09|35|0|45|1.5|16.0|135|63.7|35.8|0.03|0.39|43.8517|23.7154
09|36|0|45|1.5|16.0|135|63.4|35.9|0.03|0.39|43.8521|23.7154
09|37|0|180|0.0|16.0|135|63.7|36.3|0.03|0.39|43.8553|24.6635
09|38|0|180|0.0|16.0|135|63.8|36.5|0.03|0.39|43.8536|24.6635
09|39|0|180|0.0|16.0|135|63.7|36.7|0.03|0.39|43.8569|24.6635
09|40|0|270|0.0|16.0|135|63.3|37.1|0.02|0.39|43.8576|25.6116
09|41|0|225|1.5|16.0|135|63.1|37.4|0.02|0.39|43.8587|25.6116
09|42|0|135|2.9|16.0|135|62.4|37.7|0.02|0.39|43.8587|25.228
09|43|0|158|3.2|16.0|135|60.6|37.8|0.02|0.39|43.8567|24.4439
09|44|0|180|4.4|16.0|135|59.9|38.1|0.02|0.39|43.8568|24.9841
09|45|0|225|0.0|16.0|135|59.5|38.2|0.02|0.39|43.8572|24.9841
09|46|0|135|4.4|16.0|135|59.5|38.4|0.02|0.39|43.8571|24.9841
09|47|0|203|1.5|16.0|135|59.3|38.5|0.02|0.39|43.859|24.9841
09|48|0|180|4.8|16.0|135|59.3|38.7|0.02|0.39|43.8611|24.9841
09|49|0|203|1.5|16.0|135|59.0|38.9|0.02|0.39|43.8641|24.9841
09|50|0|180|2.9|16.0|135|59.0|39.1|0.02|0.39|43.8675|25.9248
09|51|0|180|1.6|16.0|135|58.7|39.4|0.02|0.39|43.8735|25.5144
09|52|0|180|1.5|16.0|135|58.2|39.4|0.02|0.39|43.8788|25.5144
09|53|0|135|1.6|16.0|135|58.6|39.3|0.02|0.39|43.8822|25.5144
09|56|0|270|0.0|16.0|135|58.2|39.1|0.02|0.39|43.8869|25.5144
09|58|0|180|4.4|16.0|135|58.1|38.5|0.02|0.39|43.8849|24.5755
09|59|0|225|2.9|16.0|135|58.5|38.3|0.02|0.39|43.8854|24.5755
10|00|0|135|4.4|16.0|135|58.8|38.1|0.02|0.39|43.8886|24.5755
10|02|0|225|3.2|16.0|135|59.4|37.7|0.02|0.39|43.8872|24.0432
10|04|0|158|4.4|16.0|135|59.4|37.5|0.02|0.39|43.8886|24.0432
10|04|0|180|5.8|16.0|135|59.7|37.1|0.02|0.39|43.8883|24.0432
10|05|0|158|4.4|16.0|135|60.2|36.6|0.02|0.39|43.8865|23.5011
10|06|0|225|1.6|16.0|135|60.7|36.3|0.02|0.39|43.8876|23.5011
10|07|0|225|1.5|16.0|135|61.3|36.3|0.02|0.39|43.8788|23.8942
10|08|0|225|1.5|16.0|135|61.6|36.4|0.02|0.39|43.8882|23.8942
10|09|0|180|2.9|16.0|135|62.0|36.3|0.02|0.39|43.8769|24.2816
10|10|0|180|4.4|16.0|135|62.0|36.3|0.02|0.39|43.8888|24.2816
10|11|0|225|2.9|16.0|135|61.8|36.4|0.02|0.39|43.8888|23.8942
10|13|0|225|1.5|16.0|135|62.0|36.6|0.02|0.39|43.8848|24.2816
10|15|0|180|2.9|16.0|135|61.6|37.2|0.02|0.39|43.8859|24.8388
10|16|0|135|3.2|16.0|135|61.0|37.4|0.02|0.39|43.8809|24.8388
10|17|0|135|1.5|16.0|135|60.4|37.6|0.02|0.39|43.8941|24.4439
10|18|0|225|1.5|16.0|135|60.3|37.8|0.02|0.39|43.8824|24.4439
10|19|0|225|0.0|16.0|135|60.1|38.2|0.02|0.39|43.8845|25.3866
10|20|0|225|1.6|16.0|135|59.9|38.4|0.02|0.39|43.8797|24.9841
10|21|0|180|2.9|16.0|135|59.4|38.7|0.01|0.39|43.8857|24.9841
10|22|0|135|3.2|16.0|135|58.1|38.6|0.01|0.39|43.8741|24.5755
10|23|0|225|2.9|16.0|135|57.7|39.0|0.01|0.39|43.8804|25.0976
10|24|0|180|4.4|16.0|135|57.3|39.3|0.01|0.39|43.8792|25.0976
10|25|0|135|3.2|16.0|135|56.2|39.4|0.01|0.39|43.8811|24.6743
10|26|0|135|1.6|16.0|135|55.6|39.5|0.01|0.39|43.881|24.2442
10|27|0|225|1.5|16.0|135|55.7|39.8|0.01|0.39|43.8842|24.2442
10|28|0|225|0.0|16.0|135|55.7|39.9|0.01|0.39|43.8812|24.2442
10|29|0|135|1.5|16.0|135|55.5|40.1|0.02|0.40|43.879|25.1773
10|30|0|135|1.5|16.0|135|54.5|40.3|0.02|0.40|43.8909|24.7383
10|31|0|135|1.5|16.0|135|53.9|40.3|0.02|0.40|43.8852|24.2921
10|32|0|225|1.5|16.0|135|54.0|40.4|0.01|0.40|43.8824|24.7383
10|33|0|135|1.5|16.0|135|54.2|40.8|0.01|0.40|43.8809|24.7383
10|35|0|135|1.5|16.0|135|53.6|40.9|0.01|0.40|43.8792|24.2921
10|36|0|135|1.5|16.0|135|52.8|41.0|0.01|0.40|43.88|24.7653
10|37|0|135|0.0|16.0|135|52.1|41.2|0.01|0.40|43.8792|24.7653
10|38|0|225|1.5|16.0|135|52.1|41.3|0.01|0.40|43.8789|24.7653
10|39|0|225|1.6|16.0|135|52.2|41.6|0.01|0.40|43.8779|24.7653
10|40|0|225|0.0|16.0|135|52.0|41.8|0.01|0.40|43.873|24.7653
10|41|0|270|1.6|16.0|135|51.7|42.0|0.01|0.40|43.8705|25.2265
10|42|0|315|1.5|16.0|135|51.4|42.1|0.01|0.40|43.8672|25.2265
10|44|0|225|3.2|16.0|135|50.1|42.3|0.01|0.40|43.8673|24.7527
10|45|0|270|2.9|16.0|135|50.0|42.3|0.01|0.40|43.8682|24.7527
10|46|0|270|4.4|16.0|135|49.5|42.1|0.01|0.40|43.8708|24.2704
10|47|0|315|2.9|16.0|135|49.7|42.2|0.01|0.40|43.8722|24.2704
10|48|0|270|1.5|16.0|135|50.5|42.2|0.01|0.40|43.8707|24.7527
10|49|0|270|1.6|16.0|135|49.7|42.1|0.01|0.40|43.8699|24.2704
10|50|0|270|1.5|16.0|135|49.2|42.1|0.01|0.40|43.8703|24.2704
10|51|0|315|1.5|16.0|135|49.7|42.1|0.01|0.40|43.8698|24.2704
10|52|0|315|1.5|16.0|135|50.1|42.2|0.01|0.40|43.8709|24.7527
10|53|0|315|0.0|16.0|135|50.2|42.3|0.01|0.40|43.8701|24.7527
10|54|0|270|4.4|16.0|135|50.5|42.5|0.01|0.40|43.87|24.7527
10|56|0|270|0.0|16.0|135|49.6|42.6|0.01|0.40|43.8703|24.2704
10|57|0|270|1.5|16.0|135|48.9|42.6|0.01|0.40|43.8666|23.7793
10|58|0|270|0.0|16.0|135|48.8|42.7|0.01|0.40|43.8669|23.7793
10|59|0|270|1.5|16.0|135|48.6|42.8|0.01|0.40|43.8677|23.7793
11|01|0|270|1.5|16.0|135|48.5|43.0|0.01|0.40|43.8676|24.6975
11|02|0|225|1.6|16.0|135|48.4|43.1|0.01|0.40|43.8659|24.6975
11|03|0|315|0.0|16.0|135|48.3|43.4|0.01|0.40|43.8664|24.6975
11|04|0|225|1.5|16.0|135|47.8|43.7|0.01|0.40|43.8665|24.1951
11|05|0|315|1.6|16.0|135|47.2|43.8|0.01|0.40|43.8667|24.1951
11|06|0|225|1.5|16.0|135|47.2|44.2|0.01|0.40|43.8617|25.111
11|07|0|270|0.0|16.0|135|46.8|44.4|0.01|0.40|43.8614|24.5967
11|08|0|225|1.6|16.0|135|45.5|44.6|0.01|0.40|43.8593|24.0725
11|09|0|180|1.6|16.0|135|44.7|44.9|0.01|0.40|43.8588|23.5378
11|10|0|225|1.5|16.0|135|44.2|45.2|0.01|0.40|43.8615|24.4466
11|11|0|225|1.6|16.0|135|43.5|45.4|0.01|0.40|43.8634|23.8987
11|12|0|225|2.9|16.0|135|43.4|45.6|0.01|0.40|43.8643|23.8987
11|14|0|315|2.9|16.0|135|41.4|46.1|0.01|0.40|43.866|23.6694
11|16|0|225|0.0|16.0|135|41.2|46.3|0.01|0.40|43.8673|23.6694
11|17|0|180|1.5|16.0|135|41.2|46.4|0.01|0.40|43.8697|23.6694
11|18|0|225|1.6|16.0|135|41.5|46.5|0.01|0.40|43.8704|23.6694
11|19|0|225|1.5|16.0|135|41.4|46.7|0.01|0.40|43.8736|23.6694
11|21|0|225|1.6|16.0|135|40.9|47.1|0.01|0.40|43.8763|23.9818
11|21|0|0|0.0|16.0|135|40.2|47.3|0.01|0.40|43.8742|23.9818
11|22|0|0|1.5|16.0|135|39.1|47.5|0.01|0.40|43.873|23.3798
11|23|0|270|2.9|16.0|135|39.3|47.6|0.01|0.40|43.8714|23.3798
11|24|0|315|0.0|16.0|135|38.6|47.6|0.01|0.40|43.8647|22.7639
11|25|0|315|1.5|16.0|135|38.8|47.7|0.01|0.40|43.8622|22.7639
11|26|0|315|1.6|16.0|135|38.3|47.6|0.01|0.40|43.8641|22.7639
11|27|0|315|2.9|16.0|135|38.0|47.5|0.01|0.40|43.864|22.7639
11|28|0|338|1.5|16.0|135|39.0|47.4|0.00|0.40|43.866|23.3798
11|29|0|315|2.9|16.0|135|39.6|47.3|0.00|0.40|43.8656|23.3798
11|30|0|270|1.5|16.0|135|39.3|47.2|0.00|0.40|43.8629|23.3798
11|31|0|270|1.6|16.0|135|39.4|47.1|0.00|0.40|43.8652|23.3798
11|32|0|0|2.9|16.0|135|38.9|47.0|0.00|0.40|43.8655|22.7639
11|33|0|0|3.2|16.0|135|39.0|46.8|0.00|0.40|43.8706|22.4837
11|34|0|0|6.4|16.0|135|39.0|46.6|0.00|0.40|43.8694|22.4837
11|35|0|135|1.5|16.0|135|38.7|46.5|0.00|0.40|43.8662|21.8704
11|37|0|135|1.6|16.0|135|38.7|46.5|0.00|0.40|43.8672|21.8704
11|38|0|225|1.5|16.0|135|39.1|46.5|0.00|0.40|43.8665|22.4837
11|39|0|0|3.2|16.0|135|39.4|46.5|0.00|0.40|43.8681|22.4837
11|40|0|0|2.9|16.0|135|39.0|46.5|0.00|0.40|43.8683|22.4837
11|41|0|0|4.4|16.0|135|38.8|46.5|0.00|0.40|43.8671|21.8704
11|42|0|0|3.2|16.0|135|38.9|46.4|0.00|0.40|43.869|21.8704
11|43|0|0|1.5|16.0|135|38.6|46.4|0.00|0.40|43.8673|21.8704
11|45|0|315|1.5|16.0|135|38.6|46.4|0.00|0.40|43.8653|21.8704
11|45|0|225|0.0|16.0|135|39.0|46.4|0.00|0.40|43.8649|22.4837
11|46|0|180|0.0|16.0|135|38.8|46.5|0.00|0.40|43.8656|21.8704
11|47|0|0|1.6|16.0|135|38.8|46.6|0.00|0.40|43.8673|21.8704
11|48|0|0|1.5|16.0|135|38.3|46.6|0.00|0.40|43.8677|21.8704
11|49|0|45|3.2|16.0|135|38.8|46.7|0.00|0.40|43.8676|21.8704
11|50|0|45|2.9|16.0|135|38.8|46.7|0.00|0.40|43.8693|21.8704
11|52|0|45|1.6|16.0|135|38.7|46.6|0.00|0.40|43.8685|21.8704
11|53|0|45|1.5|16.0|135|38.6|46.6|0.00|0.40|43.8674|21.8704
11|55|0|45|1.5|16.0|135|38.9|46.6|0.00|0.40|43.8677|21.8704
11|56|0|45|2.9|16.0|135|39.5|46.6|0.00|0.40|43.8669|22.4837
11|57|0|45|2.9|16.0|135|40.1|46.5|0.00|0.40|43.8677|23.0831
11|58|0|45|1.5|16.0|135|40.2|46.4|0.00|0.40|43.8675|23.0831
11|59|0|45|2.9|16.0|135|40.8|46.4|0.00|0.40|43.8669|23.0831
12|00|0|45|3.2|16.0|135|40.6|46.4|0.00|0.40|43.8644|23.0831
12|02|0|0|2.9|16.0|135|41.3|46.4|0.00|0.40|43.8612|23.6694
12|03|0|0|1.5|16.0|135|41.3|46.5|0.00|0.40|43.8619|23.6694
12|04|0|0|1.5|16.0|135|41.7|46.5|0.00|0.40|43.8655|23.6694
12|05|0|0|1.6|16.0|135|41.8|46.6|0.00|0.40|43.8621|23.6694
12|06|0|270|2.9|16.0|135|41.6|46.7|0.00|0.40|43.8604|23.6694
12|07|0|270|1.5|16.0|135|40.7|46.7|0.00|0.40|43.8585|23.0831
12|08|0|270|0.0|16.0|135|40.1|46.8|0.00|0.40|43.8553|23.0831
12|09|0|225|1.5|16.0|135|39.9|47.0|0.00|0.40|43.852|23.3798
12|10|0|225|2.9|16.0|135|40.0|47.2|0.00|0.40|43.8537|23.9818
12|12|0|315|2.9|16.0|135|38.8|47.5|0.00|0.40|43.8531|22.7639
12|13|0|315|2.9|16.0|135|37.9|47.5|0.00|0.40|43.8473|22.1335
12|15|0|270|3.2|16.0|135|38.1|47.7|0.00|0.40|43.8478|22.7639
12|16|0|225|0.0|16.0|135|38.0|47.9|0.00|0.40|43.8474|22.7639
12|17|0|225|0.0|16.0|135|38.1|48.0|0.00|0.40|43.8429|23.6572
12|18|0|0|0.0|16.0|135|37.5|48.1|0.00|0.40|43.8452|23.0241
12|19|0|0|2.9|16.0|135|37.2|48.3|0.00|0.40|43.8443|23.0241
12|20|0|0|1.5|16.0|135|37.2|48.4|0.00|0.40|43.8457|23.0241
12|21|0|315|2.9|16.0|135|37.5|48.5|0.00|0.40|43.8468|23.0241
12|22|0|0|0.0|16.0|135|37.7|48.7|0.00|0.40|43.8466|23.0241
12|24|0|0|2.9|16.0|135|37.2|48.7|0.00|0.40|43.8461|23.0241
12|25|0|0|2.9|16.0|135|37.0|48.7|0.00|0.40|43.8487|23.0241
12|26|0|0|2.9|16.0|135|37.3|48.5|0.00|0.40|43.8445|23.0241
12|27|0|45|1.6|16.0|135|37.3|48.7|0.00|0.40|43.8456|23.0241
12|28|0|0|2.9|16.0|135|37.3|48.5|0.00|0.40|43.8456|23.0241
12|29|0|0|1.5|16.0|135|36.5|48.5|0.00|0.40|43.8465|22.3756
12|30|0|0|1.6|16.0|135|36.7|48.5|0.00|0.40|43.8483|22.3756
12|31|0|0|0.0|16.0|135|36.7|48.5|0.00|0.40|43.8467|22.3756
12|32|0|23|1.6|16.0|135|36.9|48.7|0.00|0.40|43.8472|22.3756
12|33|0|135|1.5|16.0|135|36.6|48.8|0.00|0.40|43.8458|22.3756
12|35|0|45|1.5|16.0|135|36.9|48.9|0.00|0.40|43.8462|22.3756
12|36|0|90|1.6|16.0|135|37.0|49.1|0.00|0.40|43.8449|23.9144
12|37|0|0|1.5|16.0|135|36.9|49.3|0.00|0.40|43.8434|23.2632
12|38|0|90|1.5|16.0|135|36.6|49.5|0.00|0.40|43.8435|23.2632
12|39|0|315|2.9|16.0|135|36.1|49.8|0.00|0.40|43.8397|23.2632
12|40|0|315|2.9|16.0|135|35.7|49.8|0.00|0.40|43.8395|22.5957
12|41|0|315|3.2|16.0|135|35.7|49.9|0.00|0.40|43.8424|22.5957
12|42|0|315|2.9|16.0|135|35.8|50.0|0.00|0.40|43.8441|23.4802
12|43|0|315|0.0|16.0|135|35.4|49.9|0.00|0.40|43.8442|22.5957
12|44|0|0|2.9|16.0|135|35.1|49.9|0.00|0.40|43.8473|22.5957
12|45|0|315|2.9|16.0|135|35.8|49.9|0.00|0.40|43.8464|22.5957
12|46|0|270|1.5|16.0|135|35.9|49.8|0.00|0.40|43.8466|22.5957
12|47|0|270|3.2|16.0|135|35.9|49.8|0.00|0.40|43.8457|22.5957
12|48|0|315|4.4|16.0|135|36.1|49.7|0.00|0.40|43.8452|23.2632
12|49|0|315|1.6|16.0|135|35.9|49.4|0.00|0.40|43.8461|22.5957
12|50|0|23|1.5|16.0|135|36.0|49.0|0.00|0.40|43.856|23.2632
12|51|0|0|1.6|16.0|135|36.2|48.8|0.00|0.40|43.8471|22.3756
12|52|0|0|0.0|16.0|135|36.4|48.5|0.00|0.40|43.8489|22.3756
12|55|0|0|0.0|16.0|135|37.7|48.4|0.01|0.41|43.8449|23.0241
12|56|0|0|2.9|16.0|135|37.4|48.5|0.01|0.41|43.8442|23.0241
12|57|0|0|2.9|16.0|135|36.8|48.7|0.01|0.41|43.8433|22.3756
12|58|0|315|1.5|16.0|135|37.3|48.7|0.01|0.41|43.8424|23.0241
12|59|0|270|1.5|16.0|135|36.6|48.8|0.01|0.41|43.8432|22.3756
13|00|0|270|4.4|16.0|135|36.5|48.8|0.01|0.41|43.8423|22.3756
13|01|0|270|1.5|16.0|135|36.5|48.9|0.01|0.41|43.8428|22.3756
13|02|0|315|2.9|16.0|135|36.5|48.9|0.01|0.41|43.8429|22.3756
13|03|0|225|0.0|16.0|135|36.9|49.0|0.01|0.41|43.8409|23.2632
13|04|0|315|4.4|16.0|135|37.3|49.0|0.01|0.41|43.842|23.9144
13|05|0|270|3.2|16.0|135|36.8|48.8|0.01|0.41|43.8434|22.3756
13|06|0|315|5.8|16.0|135|36.5|48.8|0.01|0.41|43.8428|22.3756
13|07|0|315|1.5|16.0|135|37.0|48.7|0.01|0.41|43.8437|23.0241
13|08|0|315|4.8|16.0|135|37.2|48.5|0.01|0.41|43.843|23.0241
13|09|0|315|1.5|16.0|135|36.9|48.4|0.01|0.41|43.8429|22.3756
13|10|0|315|0.0|16.0|135|36.7|48.5|0.01|0.41|43.8421|22.3756
13|11|0|0|0.0|16.0|135|36.7|48.7|0.01|0.41|43.8394|22.3756
13|14|0|45|0.0|16.0|135|36.8|49.0|0.01|0.41|43.8341|23.2632
13|17|0|180|1.6|16.0|135|37.1|49.5|0.01|0.41|43.8359|23.9144
13|18|0|225|4.4|16.0|135|37.2|49.9|0.01|0.41|43.8373|23.9144
13|19|0|225|1.5|16.0|135|36.7|50.2|0.01|0.41|43.8376|24.1505
13|20|0|270|1.5|16.0|135|36.5|50.7|0.01|0.41|43.8354|24.1505
13|21|0|0|0.0|16.0|135|35.8|51.0|0.01|0.41|43.8346|24.3645
13|22|0|0|0.0|16.0|135|34.9|51.2|0.01|0.41|43.8306|23.6741
13|23|0|0|1.5|16.0|135|34.9|51.5|0.01|0.41|43.8293|23.6741
13|24|0|0|0.0|16.0|135|34.3|51.7|0.01|0.41|43.8315|23.6741
13|25|0|0|0.0|16.0|135|33.9|51.9|0.01|0.41|43.8338|22.9654
13|26|0|0|0.0|16.0|135|33.9|52.1|0.01|0.41|43.8349|23.8436
13|27|0|315|4.4|16.0|135|33.9|52.2|0.01|0.41|43.8344|23.8436
13|28|0|315|4.4|16.0|135|33.4|52.0|0.01|0.41|43.8341|23.8436
13|29|0|270|0.0|16.0|135|33.5|52.0|0.01|0.41|43.8314|23.8436
13|31|0|270|0.0|16.0|135|33.7|52.0|0.01|0.41|43.8296|23.8436
13|32|0|315|1.5|16.0|135|34.1|52.1|0.01|0.41|43.8301|24.5552
13|33|0|225|0.0|16.0|135|34.2|52.1|0.01|0.41|43.829|24.5552
13|34|0|270|1.5|16.0|135|33.7|52.2|0.01|0.41|43.8269|23.8436
13|35|0|45|2.9|16.0|135|33.3|52.2|0.01|0.41|43.8269|23.8436
13|36|0|45|1.5|16.0|135|33.5|52.4|0.01|0.41|43.8269|23.8436
13|37|0|68|2.9|16.0|135|33.9|52.4|0.01|0.41|43.8286|23.8436
13|38|0|0|1.6|16.0|135|33.6|52.1|0.01|0.41|43.8275|23.8436
13|39|0|45|1.5|16.0|135|33.9|52.0|0.01|0.41|43.8285|23.8436
13|40|0|45|4.4|16.0|135|34.5|51.9|0.01|0.41|43.8276|23.6741
13|41|0|45|2.9|16.0|135|35.5|51.7|0.01|0.41|43.8257|24.3645
13|42|0|45|2.9|16.0|135|35.4|51.7|0.01|0.41|43.8255|24.3645
13|43|0|45|1.6|16.0|135|34.8|51.5|0.01|0.41|43.8235|23.6741
13|44|0|45|2.9|16.0|135|35.0|51.3|0.01|0.41|43.8223|24.3645
13|45|0|90|2.9|16.0|135|35.3|51.2|0.01|0.41|43.8223|24.3645
13|46|0|45|1.6|16.0|135|35.3|51.1|0.01|0.41|43.8207|24.3645
13|47|0|45|1.5|16.0|135|35.5|51.1|0.01|0.41|43.8213|24.3645
13|48|0|90|3.2|16.0|135|35.4|51.0|0.01|0.41|43.8233|24.3645
13|50|0|90|0.0|16.0|135|35.4|51.0|0.01|0.41|43.8234|24.3645
13|51|0|270|4.4|16.0|135|35.4|51.0|0.01|0.41|43.8233|24.3645
13|52|0|0|1.6|16.0|135|34.9|50.9|0.01|0.41|43.825|22.7927
13|53|0|270|2.9|16.0|135|35.0|50.9|0.01|0.41|43.8251|23.4802
13|54|0|270|4.4|16.0|135|34.7|50.9|0.00|0.41|43.8288|22.7927
13|55|0|270|1.5|16.0|135|34.7|50.8|0.00|0.41|43.8302|22.7927
13|56|0|225|2.9|16.0|135|34.9|50.8|0.00|0.41|43.8297|22.7927
13|57|0|270|4.8|16.0|135|35.0|50.7|0.00|0.41|43.8289|23.4802
13|58|0|270|2.9|16.0|135|34.9|50.7|0.00|0.41|43.8313|22.7927
13|59|0|315|1.5|16.0|135|35.0|50.8|0.00|0.41|43.8298|23.4802
14|00|0|315|4.4|16.0|135|35.0|50.7|0.00|0.41|43.8306|23.4802
14|01|0|315|3.2|16.0|135|35.1|50.6|0.00|0.41|43.8325|23.4802
14|02|0|270|0.0|16.0|135|35.3|50.2|0.00|0.41|43.8353|23.4802
14|04|0|270|1.5|16.0|135|35.5|50.5|0.00|0.41|43.8365|23.4802
14|05|0|270|1.5|16.0|135|35.6|50.5|0.00|0.41|43.8329|23.4802
14|06|0|315|2.9|16.0|135|35.7|50.5|0.00|0.41|43.8298|23.4802
14|07|0|315|2.9|16.0|135|35.9|50.3|0.00|0.41|43.8292|23.4802
14|09|0|180|2.9|16.0|135|36.3|50.5|0.00|0.41|43.8299|24.1505
14|10|0|315|3.2|16.0|135|36.1|50.6|0.00|0.41|43.829|24.1505
14|11|0|315|3.2|16.0|135|35.8|50.6|0.00|0.41|43.8308|23.4802
14|14|0|315|2.9|16.0|135|37.2|49.9|0.00|0.41|43.833|23.9144
14|15|0|0|4.4|16.0|135|37.0|49.8|0.00|0.41|43.8292|23.9144
14|16|0|0|4.4|16.0|135|37.5|49.5|0.00|0.41|43.8304|23.9144
14|17|0|0|4.8|16.0|135|37.3|49.3|0.00|0.41|43.828|23.9144
14|18|0|315|4.4|16.0|135|38.3|49.1|0.00|0.41|43.8297|24.5502
14|19|0|0|4.4|16.0|135|38.2|48.9|0.00|0.41|43.8353|23.6572
14|20|0|315|4.4|16.0|135|37.8|48.5|0.00|0.41|43.8377|23.0241
14|21|0|315|0.0|16.0|135|37.8|48.4|0.00|0.41|43.8401|23.0241
14|22|0|315|1.6|16.0|135|38.0|48.3|0.00|0.41|43.8359|23.6572
14|23|0|225|0.0|16.0|135|38.2|48.2|0.00|0.41|43.8366|23.6572
14|24|0|225|0.0|16.0|135|38.4|48.2|0.00|0.41|43.8328|23.6572
14|25|0|315|1.6|16.0|135|38.4|48.2|0.00|0.41|43.8322|23.6572
14|26|0|270|2.9|16.0|135|38.8|48.2|0.00|0.41|43.8315|23.6572
14|28|0|315|4.8|16.0|135|38.8|48.2|0.00|0.41|43.8321|23.6572
14|29|0|270|2.9|16.0|135|38.9|48.3|0.00|0.41|43.8337|23.6572
14|30|0|270|1.6|16.0|135|38.8|48.3|0.00|0.41|43.8375|23.6572
14|31|0|315|2.9|16.0|135|39.1|48.2|0.00|0.41|43.837|24.2757
14|32|0|0|4.4|16.0|135|39.7|48.1|0.00|0.41|43.8386|24.2757
14|33|0|315|4.8|16.0|135|40.5|47.9|0.00|0.41|43.8413|23.9818
14|34|0|315|1.5|16.0|135|39.8|47.7|0.00|0.41|43.8395|23.3798
14|36|0|315|5.8|16.0|135|41.1|47.5|0.00|0.41|43.8407|24.5707
14|37|0|225|1.5|16.0|135|40.8|47.5|0.00|0.41|43.8355|23.9818
14|38|0|248|2.9|16.0|135|40.5|47.7|0.00|0.41|43.8337|23.9818
14|39|0|315|4.4|16.0|135|40.0|47.9|0.00|0.41|43.8302|23.9818
14|40|0|315|3.2|16.0|135|40.2|47.9|0.00|0.41|43.8298|23.9818
14|41|0|315|1.5|16.0|135|40.2|47.9|0.00|0.41|43.8305|23.9818
14|42|0|315|2.9|16.0|135|40.0|47.9|0.00|0.41|43.8294|23.9818
14|43|0|315|4.4|16.0|135|40.4|47.9|0.00|0.41|43.8313|23.9818
14|44|0|315|1.5|16.0|135|41.2|48.0|0.00|0.41|43.8354|25.4717
14|45|0|270|1.5|16.0|135|41.0|48.0|0.00|0.41|43.8331|25.4717
14|46|0|315|2.9|16.0|135|41.0|48.1|0.00|0.41|43.8322|25.4717
14|47|0|270|2.9|16.0|135|40.1|48.2|0.00|0.41|43.8354|24.8803
14|48|0|270|1.5|16.0|135|39.9|48.3|0.00|0.41|43.8346|24.2757
14|50|0|270|5.8|16.0|135|39.5|48.4|0.00|0.41|43.8378|24.2757
14|51|0|270|1.5|16.0|135|39.3|48.3|0.00|0.41|43.8392|24.2757
14|52|0|270|5.8|16.0|135|39.3|48.4|0.00|0.41|43.836|24.2757
14|53|0|270|2.9|16.0|135|39.1|48.4|0.00|0.41|43.8369|24.2757
14|54|0|225|3.2|16.0|135|39.2|48.5|0.00|0.41|43.8352|24.2757
14|55|0|270|2.9|16.0|135|39.0|48.7|0.00|0.41|43.8385|24.2757
14|56|0|315|1.6|16.0|135|39.1|48.8|0.00|0.41|43.8382|24.2757
14|57|0|270|3.2|16.0|135|39.4|48.8|0.00|0.41|43.8387|24.2757
14|58|0|315|5.8|16.0|135|39.5|48.9|0.00|0.41|43.8361|24.2757
14|59|0|270|1.5|16.0|135|39.9|48.9|0.00|0.41|43.837|24.2757
15|00|0|270|5.8|16.0|135|39.7|49.0|0.00|0.41|43.8355|25.1714
15|02|0|270|1.6|16.0|135|38.9|49.0|0.00|0.41|43.8344|24.5502
15|02|0|225|4.4|16.0|135|38.7|49.1|0.00|0.41|43.8363|24.5502
15|03|0|270|4.4|16.0|135|38.9|49.2|0.00|0.41|43.837|24.5502
15|05|0|270|2.9|16.0|135|38.6|49.1|0.00|0.41|43.8395|24.5502
15|06|0|270|1.5|16.0|135|38.6|49.1|0.00|0.41|43.8481|24.5502
15|07|0|225|1.5|16.0|135|38.8|48.9|0.00|0.41|43.8487|23.6572
15|08|0|315|1.5|16.0|135|39.8|48.8|0.00|0.41|43.8484|24.2757
15|09|0|270|2.9|16.0|135|40.3|48.7|0.00|0.41|43.8428|24.8803
15|10|0|270|6.4|16.0|135|39.8|48.5|0.00|0.41|43.8416|24.2757
15|11|0|270|2.9|16.0|135|39.4|48.5|0.00|0.41|43.8441|24.2757
15|12|0|315|3.2|16.0|135|39.6|48.5|0.00|0.41|43.8465|24.2757
15|13|0|270|0.0|16.0|135|39.6|48.5|0.00|0.41|43.8468|24.2757
15|15|0|315|3.2|16.0|135|39.7|48.5|0.00|0.41|43.8501|24.2757
15|16|0|315|5.8|16.0|135|39.8|48.3|0.00|0.41|43.8507|24.2757
15|17|0|315|2.9|16.0|135|40.6|48.1|0.00|0.41|43.8548|24.8803
15|18|0|315|2.9|16.0|135|41.3|48.0|0.00|0.41|43.8544|25.4717
15|19|0|315|2.9|16.0|135|42.3|47.9|0.00|0.41|43.853|25.1469
15|20|0|315|1.6|16.0|135|41.9|47.9|0.00|0.41|43.8526|24.5707
15|21|0|270|2.9|16.0|135|41.3|47.7|0.00|0.41|43.8513|24.5707
15|22|0|315|5.8|16.0|135|41.2|47.6|0.00|0.41|43.8501|24.5707
15|23|0|315|3.2|16.0|135|41.0|47.5|0.00|0.41|43.8529|24.5707
15|25|0|270|7.3|16.0|135|41.1|47.6|0.00|0.41|43.8505|24.5707
15|26|0|270|1.5|16.0|135|41.1|47.7|0.00|0.41|43.8508|24.5707
15|27|0|270|2.9|16.0|135|41.0|47.7|0.00|0.41|43.8525|24.5707
15|29|0|315|4.4|16.0|135|40.7|47.6|0.00|0.41|43.854|23.9818
15|30|0|315|7.3|16.0|135|41.2|47.4|0.00|0.41|43.8551|24.5707
15|31|0|315|2.9|16.0|135|41.7|47.3|0.00|0.41|43.8563|24.5707
15|32|0|315|4.8|16.0|135|41.6|47.2|0.00|0.41|43.8556|24.5707
15|33|0|315|2.9|16.0|135|42.1|47.0|0.00|0.41|43.8551|25.1469
15|34|0|315|4.4|16.0|135|42.3|47.0|0.00|0.41|43.8556|25.1469
15|35|0|270|3.2|16.0|135|42.1|47.0|0.00|0.41|43.8569|25.1469
15|36|0|315|5.8|16.0|135|42.2|46.8|0.00|0.41|43.8574|24.2432
15|37|0|315|6.4|16.0|135|43.1|46.7|0.00|0.41|43.8571|24.805
15|38|0|315|4.4|16.0|135|43.2|46.6|0.00|0.41|43.8599|24.805
15|39|0|315|3.2|16.0|135|43.5|46.5|0.00|0.41|43.8624|24.805
15|40|0|270|1.6|16.0|135|43.6|46.5|0.00|0.41|43.8614|24.805
15|41|0|270|4.4|16.0|135|43.4|46.5|0.00|0.41|43.8615|24.805
15|42|0|315|3.2|16.0|135|43.0|46.5|0.00|0.41|43.8618|24.805
15|44|0|315|4.4|16.0|135|43.5|46.5|0.00|0.41|43.8625|24.805
15|45|0|315|4.4|16.0|135|43.4|46.4|0.00|0.41|43.8622|24.805
15|47|0|315|5.8|16.0|135|43.6|46.5|0.00|0.41|43.8618|24.805
15|49|0|315|2.9|16.0|135|44.1|46.5|0.00|0.41|43.8633|25.3553
15|50|0|315|2.9|16.0|135|43.7|46.5|0.00|0.41|43.8618|24.805
15|51|0|270|1.6|16.0|135|43.2|46.5|0.00|0.41|43.8635|24.805
15|52|0|315|2.9|16.0|135|43.1|46.5|0.00|0.41|43.8638|24.805
15|53|0|315|2.9|16.0|135|42.9|46.5|0.00|0.41|43.8679|24.2432
15|54|0|315|2.9|16.0|135|43.6|46.4|0.00|0.41|43.8674|24.805
15|55|0|315|2.9|16.0|135|43.2|46.4|0.00|0.41|43.8659|24.805
15|56|0|315|4.4|16.0|135|43.6|46.4|0.00|0.41|43.8669|24.805
15|57|0|315|2.9|16.0|135|43.5|46.3|0.00|0.41|43.8666|24.805
15|58|0|315|2.9|16.0|135|43.7|46.3|0.00|0.41|43.8665|24.805
16|02|0|315|2.9|16.0|135|43.4|46.6|0.00|0.41|43.8606|24.805
16|03|0|315|4.8|16.0|135|43.4|46.7|0.00|0.41|43.8612|24.805
16|04|0|315|2.9|16.0|135|44.1|46.7|0.00|0.41|43.8651|25.3553
16|05|0|315|3.2|16.0|135|44.2|46.7|0.00|0.41|43.8673|25.3553
16|06|0|315|1.5|16.0|135|44.2|46.6|0.00|0.41|43.8664|25.3553
16|07|0|315|1.5|16.0|135|43.6|46.6|0.00|0.41|43.8671|24.805
16|08|0|315|4.4|16.0|135|43.9|46.5|0.00|0.41|43.8674|24.805
16|09|0|315|3.2|16.0|135|44.3|46.4|0.00|0.41|43.8694|25.3553
16|10|0|315|2.9|16.0|135|44.3|46.3|0.00|0.41|43.8699|25.3553
16|12|0|0|2.9|16.0|135|44.9|46.0|0.00|0.41|43.8652|25.3553
16|13|0|315|2.9|16.0|135|44.7|46.0|0.00|0.41|43.8668|25.3553
16|14|0|315|5.8|16.0|135|44.8|45.7|0.00|0.41|43.8674|24.4466
16|16|0|315|2.9|16.0|135|45.4|45.6|0.00|0.41|43.8713|24.9837
16|17|0|0|4.4|16.0|135|45.9|45.5|0.00|0.41|43.8693|24.9837
16|18|0|315|4.4|16.0|135|45.5|45.4|0.00|0.41|43.871|24.9837
16|20|0|315|2.9|16.0|135|45.7|45.4|0.00|0.41|43.8692|24.9837
16|21|0|315|5.8|16.0|135|45.9|45.4|0.00|0.41|43.8676|24.9837
16|22|0|315|5.8|16.0|135|46.0|45.4|0.00|0.41|43.8687|25.5102
16|23|0|315|2.9|16.0|135|46.4|45.3|0.00|0.41|43.8682|25.5102
16|24|0|0|2.9|16.0|135|46.4|45.4|0.00|0.41|43.8684|25.5102
16|25|0|315|6.4|16.0|135|46.2|45.3|0.00|0.41|43.869|25.5102
16|26|0|0|1.5|16.0|135|46.4|45.2|0.00|0.41|43.871|25.5102
16|27|0|0|1.6|16.0|135|46.2|45.2|0.00|0.41|43.8714|25.5102
16|28|0|315|4.4|16.0|135|46.3|45.0|0.00|0.41|43.8693|25.5102
16|29|0|338|2.9|16.0|135|46.4|45.0|0.00|0.41|43.8679|25.5102
16|32|0|0|2.9|16.0|135|46.6|45.0|0.00|0.41|43.8719|25.5102
16|33|0|0|3.2|16.0|135|46.6|44.9|0.00|0.41|43.8767|24.5967
16|34|0|315|5.8|16.0|135|46.8|44.8|0.00|0.41|43.8803|24.5967
16|35|0|315|5.8|16.0|135|46.7|44.6|0.00|0.41|43.8815|24.5967
16|36|0|315|4.8|16.0|135|46.7|44.6|0.00|0.41|43.885|24.5967
16|37|0|315|4.4|16.0|135|46.9|44.4|0.00|0.41|43.8866|24.5967
16|38|0|315|5.8|16.0|135|47.1|44.4|0.00|0.41|43.8882|25.111
16|40|0|315|4.4|16.0|135|47.2|44.3|0.00|0.41|43.8868|25.111
16|42|0|315|2.9|16.0|135|47.6|44.2|0.00|0.41|43.8902|25.111
16|43|0|315|4.4|16.0|135|47.8|44.2|0.00|0.41|43.8924|25.111
16|44|0|315|4.4|16.0|135|47.7|44.0|0.00|0.41|43.8915|25.111
16|45|0|315|4.4|16.0|135|48.1|44.0|0.00|0.41|43.891|25.6157
16|47|0|315|2.9|16.0|135|48.5|43.8|0.00|0.41|43.8932|24.6975
16|48|0|315|2.9|16.0|135|48.8|43.8|0.00|0.41|43.8917|24.6975
16|49|0|315|3.2|16.0|135|48.6|43.7|0.00|0.41|43.8921|24.6975
16|50|0|315|1.5|16.0|135|48.7|43.6|0.00|0.41|43.8925|24.6975
16|51|0|315|3.2|16.0|135|48.8|43.5|0.00|0.41|43.8945|24.6975
16|52|0|315|1.5|16.0|135|49.0|43.2|0.00|0.41|43.8921|25.1908
16|53|0|315|1.5|16.0|135|49.2|43.1|0.00|0.41|43.8916|25.1908
16|54|0|315|4.4|16.0|135|49.4|42.9|0.00|0.41|43.8906|24.2704
16|56|0|315|2.9|16.0|135|49.7|42.8|0.00|0.41|43.8907|24.2704
16|57|0|315|2.9|16.0|135|50.1|42.7|0.00|0.41|43.8907|24.7527
16|58|0|315|2.9|16.0|135|50.4|42.6|0.00|0.41|43.8905|24.7527
16|59|0|315|2.9|16.0|135|50.5|42.6|0.00|0.41|43.8927|24.7527
17|00|0|315|2.9|16.0|135|50.9|42.3|0.00|0.41|43.8935|24.7527
17|01|0|315|3.2|16.0|135|51.0|42.2|0.00|0.41|43.8948|25.2265
17|02|0|315|4.8|16.0|135|51.2|42.0|0.00|0.41|43.8944|25.2265
17|03|0|315|1.5|16.0|135|51.6|41.9|0.00|0.41|43.8962|24.3017
17|04|0|315|1.6|16.0|135|51.8|41.9|0.00|0.41|43.8971|24.3017
17|05|0|315|1.6|16.0|135|51.8|41.8|0.00|0.41|43.8974|24.3017
17|06|0|315|2.9|16.0|135|51.8|41.7|0.00|0.41|43.8989|24.3017
17|07|0|315|3.2|16.0|135|51.8|41.6|0.00|0.41|43.8979|24.3017
17|08|0|315|2.9|16.0|135|51.9|41.3|0.00|0.41|43.8988|24.3017
17|09|0|315|2.9|16.0|135|52.1|41.2|0.00|0.41|43.8971|24.7653
17|10|0|315|3.2|16.0|135|52.2|41.0|0.00|0.41|43.901|24.7653
17|11|0|315|2.9|16.0|135|52.5|40.9|0.00|0.41|43.9033|23.8383
17|14|0|315|2.9|16.0|135|53.2|40.4|0.00|0.41|43.9079|24.2921
17|15|0|315|1.6|16.0|135|53.6|40.3|0.00|0.41|43.9107|24.2921
17|16|0|315|2.9|16.0|135|54.0|40.1|0.00|0.41|43.9131|24.7383
17|17|0|315|3.2|16.0|135|54.2|40.0|0.00|0.41|43.9123|24.7383
17|18|0|315|1.5|16.0|135|54.4|39.8|0.00|0.41|43.9099|23.8072
17|19|0|315|1.5|16.0|135|54.6|39.7|0.00|0.41|43.9111|23.8072
17|20|0|315|1.5|16.0|135|54.8|39.5|0.00|0.41|43.9121|23.8072
17|21|0|315|3.2|16.0|135|55.0|39.5|0.00|0.41|43.9138|24.2442
17|22|0|315|1.5|16.0|135|55.1|39.4|0.00|0.41|43.9122|24.2442
17|23|0|315|1.6|16.0|135|55.3|39.3|0.00|0.41|43.9147|24.2442
17|24|0|315|1.6|16.0|135|55.3|39.3|0.00|0.41|43.9159|24.2442
17|25|0|315|2.9|16.0|135|55.4|39.3|0.00|0.41|43.9164|24.2442
17|26|0|315|0.0|16.0|135|55.6|39.2|0.00|0.41|43.9186|24.2442
17|27|0|315|1.5|16.0|135|55.7|39.2|0.00|0.41|43.9189|24.2442
17|28|0|270|0.0|16.0|135|56.0|39.2|0.01|0.42|43.9201|24.6743
17|29|0|270|1.5|16.0|135|56.2|39.2|0.01|0.42|43.9197|24.6743
17|30|0|270|1.5|16.0|135|56.4|39.3|0.01|0.42|43.921|24.6743
17|31|0|270|1.6|16.0|135|56.6|39.3|0.01|0.42|43.9217|24.6743
17|32|0|270|1.5|16.0|135|56.7|39.4|0.01|0.42|43.9224|24.6743
17|34|0|270|1.5|16.0|135|56.6|39.5|0.01|0.42|43.9248|24.6743
17|35|0|315|1.5|16.0|135|56.4|39.5|0.01|0.42|43.926|24.6743
17|36|0|315|1.5|16.0|135|56.2|39.7|0.01|0.42|43.9272|24.6743
17|37|0|315|0.0|16.0|135|56.0|39.7|0.01|0.42|43.9277|24.6743
17|38|0|315|0.0|16.0|135|55.9|39.8|0.01|0.42|43.9262|24.2442
17|39|0|315|1.5|16.0|135|55.9|39.8|0.01|0.42|43.9288|24.2442
17|41|0|315|2.9|16.0|135|55.7|39.8|0.01|0.42|43.9286|24.2442
17|42|0|270|1.6|16.0|135|55.6|39.8|0.01|0.42|43.9298|24.2442
17|44|0|270|1.5|16.0|135|55.5|39.8|0.01|0.42|43.9313|24.2442
17|45|0|270|1.6|16.0|135|55.7|39.8|0.01|0.42|43.931|24.2442
17|46|0|270|1.5|16.0|135|55.8|39.8|0.01|0.42|43.9316|24.2442
17|47|0|270|0.0|16.0|135|55.9|39.8|0.01|0.42|43.9317|24.2442
17|49|0|270|1.5|16.0|135|55.6|39.9|0.01|0.42|43.9343|24.2442
17|50|0|270|0.0|16.0|135|55.9|39.9|0.01|0.42|43.9353|24.2442
17|51|0|270|0.0|16.0|135|55.8|39.8|0.01|0.42|43.9349|24.2442
17|52|0|270|0.0|16.0|135|55.7|39.8|0.01|0.42|43.938|24.2442
17|53|0|270|0.0|16.0|135|55.7|39.8|0.01|0.42|43.9394|24.2442
17|54|0|270|0.0|16.0|135|55.8|39.8|0.01|0.42|43.9398|24.2442
17|57|0|270|0.0|16.0|135|56.0|39.7|0.01|0.42|43.9422|24.6743
17|58|0|270|0.0|16.0|135|56.2|39.7|0.01|0.42|43.9443|24.6743
17|59|0|270|0.0|16.0|135|56.2|39.7|0.01|0.42|43.9456|24.6743
18|00|0|270|0.0|16.0|135|56.2|39.7|0.01|0.42|43.947|24.6743
18|02|0|270|0.0|16.0|135|56.2|39.7|0.01|0.42|43.9467|24.6743
18|02|0|270|0.0|16.0|135|56.2|39.7|0.01|0.42|43.947|24.6743
18|03|0|270|0.0|16.0|135|56.3|39.7|0.01|0.42|43.9497|24.6743
18|04|0|270|0.0|16.0|135|56.4|39.7|0.01|0.42|43.9517|24.6743
18|05|0|270|0.0|16.0|135|56.5|39.7|0.01|0.42|43.9514|24.6743
18|06|0|270|0.0|16.0|135|56.5|39.7|0.01|0.42|43.9539|24.6743
18|07|0|270|0.0|16.0|135|56.5|39.7|0.01|0.42|43.9542|24.6743
18|08|0|270|0.0|16.0|135|56.5|39.7|0.01|0.42|43.9562|24.6743
18|10|0|270|0.0|16.0|135|56.7|39.5|0.01|0.42|43.9574|24.6743
18|11|0|270|0.0|16.0|135|57.0|39.5|0.01|0.42|43.9589|25.0976
18|13|0|270|1.5|16.0|135|57.1|39.5|0.01|0.42|43.959|25.0976
18|14|0|270|1.5|16.0|135|57.2|39.5|0.01|0.42|43.9604|25.0976
18|15|0|270|1.5|16.0|135|57.3|39.4|0.01|0.42|43.9587|25.0976
18|16|0|270|1.5|16.0|135|57.4|39.5|0.01|0.42|43.9611|25.0976
18|17|0|270|1.6|16.0|135|57.0|39.5|0.01|0.42|43.9609|25.0976
18|18|0|270|1.5|16.0|135|57.1|39.5|0.01|0.42|43.963|25.0976
18|19|0|270|1.5|16.0|135|57.2|39.4|0.01|0.42|43.9633|25.0976
18|20|0|270|1.5|16.0|135|57.1|39.4|0.01|0.42|43.964|25.0976
18|22|0|270|2.9|16.0|135|57.0|39.3|0.01|0.42|43.9628|25.0976
18|22|0|270|1.5|16.0|135|57.1|39.3|0.01|0.42|43.9645|25.0976
18|23|0|270|1.5|16.0|135|57.2|39.2|0.01|0.42|43.9643|25.0976
18|24|0|270|1.5|16.0|135|57.3|39.1|0.01|0.42|43.9637|25.0976
18|25|0|270|0.0|16.0|135|57.4|39.0|0.01|0.42|43.9643|25.0976
18|26|0|270|2.9|16.0|135|57.6|39.0|0.01|0.42|43.9649|25.0976
18|27|0|270|1.6|16.0|135|57.8|38.9|0.00|0.42|43.9663|24.1605
18|28|0|270|1.6|16.0|135|57.9|38.7|0.00|0.42|43.9675|24.1605
18|29|0|270|2.9|16.0|135|58.0|38.7|0.00|0.42|43.9698|24.5755
18|30|0|270|1.6|16.0|135|58.0|38.7|0.00|0.42|43.9701|24.5755
18|31|0|270|1.5|16.0|135|58.0|38.6|0.00|0.42|43.97|24.5755
18|32|0|270|0.0|16.0|135|58.1|38.6|0.01|0.43|43.9711|24.5755
18|33|0|270|0.0|16.0|135|58.0|38.6|0.01|0.43|43.972|24.5755
18|35|0|270|0.0|16.0|135|57.9|38.6|0.01|0.43|43.9745|24.1605
18|36|0|270|0.0|16.0|135|57.9|38.6|0.01|0.43|43.9743|24.1605
18|37|0|270|0.0|16.0|135|57.9|38.6|0.01|0.43|43.9766|24.1605
18|38|0|270|0.0|16.0|135|57.9|38.6|0.01|0.43|43.9782|24.1605
18|39|0|270|0.0|16.0|135|57.9|38.6|0.01|0.43|43.9782|24.1605
18|40|0|270|0.0|16.0|135|58.0|38.5|0.01|0.43|43.9793|24.5755
18|41|0|270|0.0|16.0|135|58.1|38.5|0.01|0.43|43.9802|24.5755
18|42|0|270|0.0|16.0|135|58.1|38.4|0.01|0.43|43.9826|24.5755
18|43|0|270|0.0|16.0|135|58.2|38.4|0.01|0.43|43.9835|24.5755
18|44|0|270|0.0|16.0|135|58.2|38.4|0.01|0.43|43.9845|24.5755
18|45|0|270|0.0|16.0|135|58.2|38.3|0.01|0.43|43.984|24.5755
18|46|0|270|0.0|16.0|135|58.3|38.3|0.01|0.43|43.9838|24.5755
18|49|0|270|0.0|16.0|135|58.6|38.2|0.01|0.43|43.9818|24.5755
18|50|0|270|1.5|16.0|135|58.7|38.1|0.01|0.43|43.9811|24.5755
18|51|0|270|0.0|16.0|135|58.8|38.0|0.01|0.43|43.9785|24.5755
18|52|0|270|1.5|16.0|135|58.8|38.0|0.01|0.43|43.9789|24.5755
18|53|0|270|1.5|16.0|135|59.0|37.7|0.01|0.43|43.975|24.0432
18|54|0|270|0.0|16.0|135|59.2|37.6|0.01|0.43|43.9774|24.0432
18|56|0|270|0.0|16.0|135|59.5|37.5|0.01|0.43|43.9786|24.0432
18|57|0|270|0.0|16.0|135|59.3|37.4|0.01|0.43|43.9796|24.0432
18|58|0|270|0.0|16.0|135|59.2|37.4|0.01|0.43|43.9818|24.0432
18|59|0|270|0.0|16.0|135|59.1|37.3|0.01|0.43|43.9831|24.0432
19|01|0|270|1.5|16.0|135|59.6|37.1|0.01|0.43|43.9853|24.0432
19|02|0|270|0.0|16.0|135|60.1|37.0|0.01|0.43|43.9852|24.4439
19|03|0|270|0.0|16.0|135|60.5|36.8|0.01|0.43|43.9867|23.5011
19|04|0|270|0.0|16.0|135|60.7|36.7|0.01|0.43|43.9883|23.5011
19|05|0|270|1.6|16.0|135|60.8|36.6|0.01|0.43|43.9882|23.5011
19|06|0|270|0.0|16.0|135|61.0|36.6|0.01|0.43|43.989|23.8942
19|07|0|270|0.0|16.0|135|61.0|36.5|0.01|0.43|43.9877|23.8942
19|08|0|270|0.0|16.0|135|61.1|36.4|0.01|0.43|43.9881|23.8942
19|09|0|270|0.0|16.0|135|61.1|36.4|0.01|0.43|43.9869|23.8942
19|11|0|270|0.0|16.0|135|61.2|36.3|0.01|0.43|43.9878|23.8942
19|12|0|270|0.0|16.0|135|61.5|36.3|0.01|0.43|43.9876|23.8942
19|13|0|270|0.0|16.0|135|61.6|36.2|0.01|0.43|43.9868|23.8942
19|14|0|270|0.0|16.0|135|61.6|36.2|0.01|0.43|43.9878|23.8942
19|15|0|270|0.0|16.0|135|61.8|36.0|0.01|0.43|43.9877|23.8942
19|16|0|270|0.0|16.0|135|61.9|36.0|0.01|0.43|43.9905|23.8942
19|17|0|270|0.0|16.0|135|61.9|35.9|0.01|0.43|43.9911|22.9495
19|18|0|270|0.0|16.0|135|61.9|35.9|0.01|0.43|43.9911|22.9495
19|19|0|270|1.5|16.0|135|61.7|35.8|0.01|0.43|43.9933|22.9495
19|20|0|270|1.5|16.0|135|61.7|35.8|0.01|0.43|43.9922|22.9495
19|21|0|270|1.6|16.0|135|62.2|35.6|0.01|0.43|43.9897|23.3352
19|24|0|270|0.0|16.0|135|63.7|35.3|0.01|0.43|43.9868|23.7154
19|25|0|270|0.0|16.0|135|64.0|35.2|0.01|0.43|43.9872|24.0903
19|27|0|270|0.0|16.0|135|64.1|35.0|0.01|0.43|43.9895|24.0903
19|28|0|270|1.5|16.0|135|64.4|34.9|0.01|0.43|43.9923|23.1403
19|29|0|270|1.5|16.0|135|64.6|34.9|0.01|0.43|43.9933|23.1403
19|31|0|270|1.5|16.0|135|65.0|34.7|0.00|0.43|43.9924|23.5083
19|32|0|270|1.5|1.6|270|65.2|34.8|0.00|0.00|43.9943|23.5083
19|33|0|270|1.5|1.6|270|65.5|34.7|0.00|0.00|43.9935|23.5083
19|34|0|270|0.0|1.6|270|65.3|34.7|0.00|0.00|43.9911|23.5083
19|35|0|270|0.0|1.6|270|65.0|34.6|0.00|0.00|43.9907|23.5083
19|36|0|270|0.0|1.6|270|64.9|34.6|0.00|0.00|43.9893|23.1403
19|37|0|270|0.0|1.6|270|65.2|34.6|0.00|0.00|43.9887|23.5083
19|38|0|270|1.5|3.2|270|65.4|34.5|0.00|0.00|43.9851|23.5083
19|39|0|270|1.5|3.2|270|65.5|34.5|0.00|0.00|43.9853|23.5083
19|40|0|270|1.5|3.2|270|66.0|34.5|0.00|0.00|43.9858|23.8714
19|41|0|270|1.5|3.2|270|66.5|34.4|0.00|0.00|43.9852|23.8714
19|42|0|270|1.6|3.2|270|66.7|34.4|0.00|0.00|43.9862|23.8714
19|43|0|270|1.5|3.2|270|66.8|34.4|0.00|0.00|43.9877|23.8714
19|45|0|270|1.5|3.2|270|66.9|34.4|0.00|0.00|43.9872|23.8714
19|46|0|270|0.0|3.2|270|67.1|34.2|0.00|0.00|43.987|24.2296
19|47|0|270|0.0|3.2|270|66.9|34.2|0.00|0.00|43.9876|23.8714
19|48|0|270|0.0|3.2|270|66.7|34.2|0.00|0.00|43.9867|23.8714
19|49|0|270|0.0|3.2|270|66.5|34.2|0.00|0.00|43.9901|23.8714
19|50|0|270|0.0|3.2|270|66.3|34.2|0.00|0.00|43.9883|23.8714
19|52|0|270|0.0|3.2|270|66.2|34.2|0.00|0.00|43.9919|23.8714
19|53|0|270|0.0|3.2|270|66.4|34.2|0.00|0.00|43.9922|23.8714
19|54|0|270|0.0|3.2|270|66.9|34.2|0.00|0.00|43.9932|23.8714
19|55|0|270|1.5|3.2|270|67.2|34.1|0.00|0.00|43.9935|24.2296
19|56|0|90|1.5|3.2|270|67.4|34.1|0.00|0.00|43.994|24.2296
19|57|0|90|1.6|3.2|270|67.7|34.1|0.00|0.00|43.993|24.2296
19|58|0|90|1.5|3.2|270|67.7|34.0|0.00|0.00|43.9924|24.2296
19|59|0|90|1.6|3.2|270|67.8|33.9|0.00|0.00|43.9899|23.2746
20|00|0|90|0.0|3.2|270|68.0|33.9|0.00|0.00|43.9914|23.6265
20|01|0|90|1.5|3.2|270|68.1|33.9|0.00|0.00|43.9899|23.6265
20|02|0|90|0.0|3.2|270|68.3|33.9|0.00|0.00|43.9917|23.6265
20|03|0|90|0.0|3.2|270|68.3|33.8|0.00|0.00|43.9892|23.6265
20|04|0|90|0.0|3.2|270|68.2|33.8|0.00|0.00|43.9919|23.6265
20|06|0|90|0.0|3.2|270|68.3|33.9|0.00|0.00|43.9957|23.6265
20|07|0|90|0.0|3.2|270|68.6|33.8|0.00|0.00|43.9946|23.6265
20|08|0|90|0.0|3.2|270|68.8|33.9|0.00|0.00|43.9988|23.6265
20|09|0|90|0.0|3.2|270|69.4|33.8|0.00|0.00|43.9991|23.9738
20|10|0|90|1.5|3.2|270|69.6|33.8|0.00|0.00|43.9986|23.9738
20|11|0|90|1.5|3.2|270|69.9|33.8|0.00|0.00|43.9992|23.9738
20|12|0|90|0.0|3.2|270|70.2|33.8|0.00|0.00|44.0029|24.3167
20|13|0|90|0.0|3.2|270|70.7|33.8|0.00|0.00|44.0022|24.3167
20|14|0|90|1.6|3.2|270|71.0|33.8|0.01|0.01|44.004|24.6553
20|15|0|90|1.5|3.2|270|71.1|33.8|0.01|0.01|44.0039|24.6553
20|16|0|90|0.0|3.2|270|71.1|33.8|0.01|0.01|44.0049|24.6553
20|17|0|90|0.0|3.2|270|70.7|33.7|0.01|0.01|44.0051|24.3167
20|18|0|90|0.0|3.2|270|70.1|33.7|0.01|0.01|44.0047|24.3167
20|19|0|90|0.0|3.2|270|69.6|33.6|0.01|0.01|44.0059|23.9738
20|20|0|90|0.0|3.2|270|69.3|33.6|0.01|0.01|44.0054|23.9738
20|21|0|179|0.0|3.2|270|69.2|33.5|0.01|0.01|44.0055|23.9738
20|22|0|90|0.0|3.2|270|69.1|33.5|0.01|0.01|44.0063|23.9738
20|23|0|179|0.0|3.2|270|69.0|33.3|0.01|0.01|44.0069|23.9738
20|25|0|90|0.0|3.2|270|69.1|33.3|0.01|0.01|44.0074|23.9738
20|26|0|90|1.6|3.2|270|69.5|33.3|0.01|0.01|44.0092|23.9738
20|27|0|90|1.5|3.2|270|70.0|33.2|0.01|0.01|44.0096|24.3167
20|28|0|90|1.6|3.2|270|70.2|33.1|0.01|0.01|44.0085|24.3167
20|29|0|90|0.0|3.2|270|70.1|33.1|0.01|0.01|44.0117|24.3167
20|30|0|90|1.5|3.2|270|69.8|33.0|0.01|0.01|44.0125|23.9738
20|31|0|90|0.0|3.2|270|69.9|33.0|0.01|0.01|44.0135|23.9738
20|32|0|90|0.0|3.2|270|69.9|33.0|0.01|0.01|44.0164|23.9738
20|33|0|90|1.5|3.2|270|70.0|32.9|0.01|0.01|44.015|23.3568
20|34|0|90|0.0|3.2|270|69.9|32.8|0.01|0.01|44.0153|23.0155
20|35|0|90|1.6|3.2|270|70.1|32.8|0.01|0.01|44.0133|23.3568
20|37|0|90|1.5|3.2|270|70.8|32.7|0.01|0.01|44.0134|23.3568
20|38|0|90|1.5|3.2|270|70.8|32.6|0.01|0.01|44.0126|23.3568
20|39|0|90|1.5|3.2|270|70.7|32.6|0.01|0.01|44.0116|23.3568
20|41|0|90|1.5|3.2|270|70.8|32.5|0.01|0.01|44.0112|23.3568
20|42|0|90|1.6|3.2|270|70.9|32.5|0.01|0.01|44.0132|23.3568
20|44|0|90|1.6|3.2|270|71.0|32.3|0.01|0.01|44.0132|23.6939
20|44|0|90|0.0|3.2|270|71.2|32.3|0.01|0.01|44.015|23.6939
20|45|0|90|0.0|3.2|270|71.1|32.2|0.02|0.02|44.016|23.6939
20|46|0|90|0.0|3.2|270|71.0|32.2|0.02|0.02|44.0153|23.6939
20|47|0|90|0.0|3.2|270|71.0|32.2|0.02|0.02|44.018|23.6939
20|48|0|90|1.5|3.2|270|71.4|32.1|0.02|0.02|44.0176|23.6939
20|49|0|90|0.0|3.2|270|71.7|32.1|0.02|0.02|44.0205|23.6939
20|50|0|90|1.5|3.2|270|72.1|32.0|0.02|0.02|44.0171|24.0268
20|51|0|90|0.0|3.2|270|72.5|32.0|0.02|0.02|44.0173|24.0268
20|52|0|90|1.5|3.2|270|72.7|32.0|0.02|0.02|44.0188|24.0268
20|53|0|90|0.0|3.2|270|72.8|32.0|0.02|0.02|44.0206|24.0268
20|54|0|90|1.5|3.2|270|72.8|32.0|0.02|0.02|44.0194|24.0268
20|55|0|90|0.0|3.2|270|72.7|32.0|0.03|0.03|44.0199|24.0268
20|56|0|90|1.5|3.2|270|72.8|32.0|0.03|0.03|44.0205|24.0268
20|57|0|90|1.6|3.2|270|72.8|32.0|0.03|0.03|44.0212|24.0268
20|59|0|90|0.0|3.2|270|72.5|32.0|0.03|0.03|44.0213|24.0268
21|01|0|90|1.5|3.2|270|72.4|32.0|0.03|0.03|44.0234|24.0268
21|02|0|90|1.5|3.2|270|72.4|32.1|0.03|0.03|44.0267|24.0268
21|04|0|90|1.5|3.2|270|72.3|32.0|0.03|0.03|44.03|24.0268
21|05|0|90|1.5|3.2|270|72.7|32.0|0.03|0.03|44.0282|24.0268
21|06|0|90|1.5|3.2|270|73.1|32.0|0.03|0.03|44.0328|24.3555
21|07|0|90|1.5|3.2|270|73.2|31.9|0.03|0.03|44.0315|23.391
21|08|0|45|1.6|3.2|270|73.2|31.8|0.03|0.03|44.0339|23.391
21|09|0|45|1.5|3.2|270|73.3|31.8|0.03|0.03|44.0341|23.391
21|10|0|45|1.6|3.2|270|73.4|31.7|0.03|0.03|44.0359|23.391
21|11|0|45|1.5|3.2|270|73.6|31.7|0.03|0.03|44.0372|23.391
21|13|0|45|1.5|3.2|270|73.8|31.5|0.02|0.03|44.0376|23.391
21|14|0|45|0.0|3.2|270|74.0|31.4|0.03|0.04|44.0345|23.7143
21|15|0|45|1.5|3.2|270|74.1|31.4|0.03|0.04|44.0358|23.7143
21|17|0|45|1.5|3.2|270|74.5|31.4|0.03|0.04|44.0372|23.7143
21|18|0|45|1.5|3.2|270|74.6|31.3|0.03|0.04|44.0387|23.7143
21|19|0|45|0.0|3.2|270|74.7|31.3|0.03|0.04|44.0403|23.7143
21|21|0|45|0.0|3.2|270|74.8|31.3|0.03|0.04|44.0387|23.7143
21|22|0|45|0.0|3.2|270|75.0|31.3|0.03|0.04|44.0404|24.0338
21|23|0|45|1.5|3.2|270|75.1|31.3|0.03|0.04|44.0397|24.0338
21|24|0|45|1.5|3.2|270|75.2|31.3|0.03|0.04|44.0398|24.0338
21|25|0|45|0.0|3.2|270|75.4|31.3|0.03|0.04|44.0411|24.0338
21|26|0|45|0.0|3.2|270|75.6|31.3|0.03|0.04|44.0383|24.0338
21|27|0|45|0.0|3.2|270|75.6|31.3|0.03|0.04|44.0366|24.0338
21|28|0|45|0.0|3.2|270|75.4|31.4|0.03|0.04|44.037|24.0338
21|29|0|45|0.0|3.2|270|75.1|31.3|0.03|0.04|44.0359|24.0338
21|30|0|45|0.0|3.2|270|75.2|31.4|0.03|0.04|44.0362|24.0338
21|31|0|45|0.0|3.2|270|75.1|31.4|0.03|0.04|44.0371|24.0338
21|32|0|45|1.5|3.2|270|75.0|31.3|0.03|0.04|44.0347|24.0338
21|33|0|45|0.0|3.2|270|74.9|31.3|0.03|0.04|44.0353|23.7143
21|35|0|45|0.0|3.2|270|74.8|31.3|0.03|0.04|44.0357|23.7143
21|36|0|45|0.0|3.2|270|74.7|31.3|0.03|0.04|44.0364|23.7143
21|37|0|45|1.5|3.2|270|74.6|31.2|0.03|0.04|44.0358|23.7143
21|38|0|90|1.5|3.2|270|74.4|31.1|0.03|0.04|44.037|23.7143
21|39|0|180|1.6|3.2|270|74.2|31.1|0.03|0.04|44.038|23.7143
21|41|0|180|1.5|3.2|270|74.2|31.0|0.03|0.04|44.0386|23.7143
21|42|0|180|1.6|3.2|270|74.3|30.9|0.03|0.04|44.0383|22.7482
21|43|0|180|1.5|3.2|270|74.4|30.8|0.03|0.04|44.0393|22.7482
21|44|0|180|0.0|3.2|270|74.4|30.6|0.03|0.04|44.0419|22.7482
21|45|0|180|0.0|3.2|270|74.4|30.5|0.02|0.04|44.0434|22.7482
21|46|0|180|0.0|3.2|270|74.4|30.5|0.02|0.04|44.0422|22.7482
21|47|0|180|0.0|3.2|270|74.7|30.4|0.02|0.04|44.0444|22.7482
21|48|0|180|1.6|3.2|270|75.0|30.3|0.02|0.04|44.0434|23.0662
21|49|0|180|2.9|3.2|270|75.2|30.3|0.02|0.04|44.0455|23.0662
21|50|0|180|1.5|3.2|270|75.5|30.2|0.02|0.04|44.0463|23.0662
21|51|0|180|1.5|3.2|270|75.7|30.1|0.02|0.04|44.0461|23.0662
21|52|0|180|0.0|3.2|270|75.7|30.1|0.02|0.04|44.0468|23.0662
21|55|0|180|1.5|3.2|270|75.8|30.0|0.01|0.04|44.0469|23.0662
21|56|0|180|0.0|3.2|270|75.8|30.0|0.01|0.04|44.048|23.0662
21|57|0|180|0.0|3.2|270|75.8|30.0|0.01|0.04|44.0494|23.0662
21|58|0|180|1.5|3.2|270|75.7|29.9|0.01|0.04|44.0473|22.0985
21|59|0|180|1.5|3.2|270|75.7|29.7|0.01|0.04|44.0464|22.0985
22|00|0|180|0.0|3.2|270|75.7|29.7|0.01|0.04|44.0468|22.0985
22|02|0|180|0.0|3.2|270|75.9|29.7|0.01|0.04|44.047|22.0985
22|03|0|180|0.0|3.2|270|76.2|29.7|0.01|0.04|44.0457|22.4113
22|04|0|180|0.0|3.2|270|76.4|29.6|0.01|0.04|44.0469|22.4113
22|05|0|180|0.0|3.2|270|76.5|29.6|0.01|0.04|44.047|22.4113
22|06|0|180|0.0|3.2|270|76.5|29.5|0.01|0.04|44.0477|22.4113
22|07|0|180|0.0|3.2|270|76.6|29.5|0.01|0.04|44.0475|22.4113
22|08|0|180|0.0|3.2|270|76.6|29.5|0.01|0.04|44.0503|22.4113
22|09|0|180|0.0|3.2|270|76.9|29.4|0.01|0.04|44.0477|22.4113
22|10|0|180|0.0|3.2|270|77.3|29.4|0.01|0.04|44.0476|22.7205
22|12|0|180|0.0|3.2|270|77.2|29.3|0.01|0.04|44.0492|22.7205
22|13|0|180|0.0|3.2|270|77.1|29.2|0.00|0.04|44.0465|22.7205
22|14|0|180|0.0|3.2|270|77.0|29.2|0.00|0.04|44.0491|22.7205
22|15|0|180|0.0|3.2|270|77.1|29.2|0.00|0.04|44.0494|22.7205
22|16|0|180|0.0|3.2|270|77.4|29.2|0.00|0.04|44.0482|22.7205
22|17|0|180|0.0|3.2|270|77.7|29.2|0.00|0.04|44.0482|22.7205
22|18|0|90|0.0|3.2|270|77.8|29.1|0.00|0.04|44.048|22.7205
22|19|0|90|0.0|3.2|270|77.9|29.1|0.00|0.04|44.0472|22.7205
22|20|0|90|0.0|3.2|270|78.1|29.0|0.00|0.04|44.0468|23.0261
22|21|0|90|0.0|3.2|270|78.5|29.0|0.00|0.04|44.0476|23.0261
22|22|0|90|0.0|3.2|270|78.9|29.0|0.00|0.04|44.0479|23.0261
22|24|0|90|1.6|3.2|270|79.3|29.0|0.00|0.04|44.0472|23.3283
22|26|0|90|0.0|3.2|270|80.1|28.8|0.00|0.04|44.0445|22.6523
22|27|0|90|1.5|3.2|270|80.5|28.8|0.00|0.04|44.048|22.6523
22|28|0|90|1.5|3.2|270|80.9|28.8|0.00|0.04|44.049|22.6523
22|29|0|90|1.5|3.2|270|81.2|28.7|0.00|0.04|44.0492|22.9465
22|31|0|90|1.6|3.2|270|81.1|28.7|0.00|0.04|44.0486|22.9465
22|32|0|90|1.5|3.2|270|80.8|28.7|0.00|0.04|44.0473|22.6523
22|33|0|90|0.0|3.2|270|80.6|28.7|0.00|0.04|44.0471|22.6523
22|34|0|90|0.0|3.2|270|80.5|28.7|0.00|0.04|44.0468|22.6523
22|35|0|90|0.0|3.2|270|80.6|28.7|0.00|0.04|44.0463|22.6523
22|36|0|90|0.0|3.2|270|80.5|28.7|0.00|0.04|44.0485|22.6523
22|37|0|90|0.0|3.2|270|80.4|28.7|0.00|0.04|44.0477|22.6523
22|38|0|90|0.0|3.2|270|80.2|28.7|0.00|0.04|44.0462|22.6523
22|39|0|90|0.0|3.2|270|79.9|28.7|0.00|0.04|44.0463|22.3549
22|40|0|90|0.0|3.2|270|79.7|28.7|0.00|0.04|44.043|22.3549
22|42|0|90|0.0|3.2|270|79.4|28.7|0.00|0.04|44.0445|22.3549
22|43|0|90|0.0|3.2|270|79.2|28.7|0.00|0.04|44.0432|22.3549
22|44|0|90|0.0|3.2|270|79.0|28.7|0.00|0.04|44.0431|22.3549
22|45|0|90|0.0|3.2|270|78.9|28.7|0.00|0.04|44.0427|22.0541
22|46|0|90|1.5|3.2|270|79.1|28.7|0.00|0.04|44.0447|22.3549
22|47|0|90|1.5|3.2|270|79.4|28.6|0.00|0.04|44.0436|22.3549
22|48|0|90|1.6|3.2|270|79.7|28.6|0.00|0.04|44.0411|22.3549
22|49|0|90|1.6|3.2|270|79.9|28.6|0.00|0.04|44.0444|22.3549
22|50|0|90|1.5|3.2|270|79.9|28.6|0.00|0.04|44.0432|22.3549
22|52|0|90|1.5|3.2|270|79.8|28.6|0.00|0.04|44.045|22.3549
22|53|0|90|1.6|3.2|270|79.7|28.6|0.00|0.04|44.0463|22.3549
22|54|0|90|1.5|3.2|270|79.8|28.6|0.00|0.04|44.0455|22.3549
22|55|0|90|1.5|3.2|270|79.8|28.6|0.00|0.04|44.0436|22.3549
22|56|0|90|1.5|3.2|270|79.9|28.6|0.00|0.04|44.046|22.3549
22|57|0|90|0.0|3.2|270|79.8|28.6|0.00|0.04|44.0444|22.3549
22|58|0|90|0.0|3.2|270|79.7|28.6|0.00|0.04|44.0434|22.3549
23|00|0|90|0.0|3.2|270|79.4|28.6|0.00|0.04|44.0413|22.3549
23|01|0|179|0.0|3.2|270|79.2|28.6|0.00|0.04|44.0414|22.3549
23|02|0|179|0.0|3.2|270|79.0|28.5|0.00|0.04|44.0387|22.3549
23|03|0|90|0.0|3.2|270|78.8|28.6|0.00|0.04|44.038|22.0541
23|04|0|90|0.0|3.2|270|78.7|28.5|0.00|0.04|44.0371|22.0541
23|05|0|90|0.0|3.2|270|78.7|28.5|0.00|0.04|44.036|22.0541
23|06|0|90|0.0|3.2|270|78.7|28.5|0.00|0.04|44.035|22.0541
23|07|0|90|0.0|3.2|270|78.8|28.5|0.00|0.04|44.0351|22.0541
23|08|0|90|0.0|3.2|270|79.0|28.5|0.00|0.04|44.0376|22.3549
23|09|0|90|0.0|3.2|270|79.1|28.5|0.01|0.05|44.0367|22.3549
23|10|0|90|0.0|3.2|270|79.2|28.5|0.01|0.05|44.0389|22.3549
23|11|0|90|0.0|3.2|270|79.3|28.5|0.01|0.05|44.0405|22.3549
23|12|0|90|0.0|3.2|270|79.4|28.5|0.01|0.05|44.0427|22.3549
23|13|0|90|0.0|3.2|270|79.4|28.5|0.01|0.05|44.045|22.3549
23|15|0|90|0.0|3.2|270|79.7|28.5|0.01|0.05|44.0448|22.3549
23|16|0|90|0.0|3.2|270|79.8|28.5|0.01|0.05|44.0424|22.3549
23|17|0|90|0.0|3.2|270|80.0|28.6|0.01|0.05|44.0422|22.6523
23|18|0|90|1.5|3.2|270|80.1|28.6|0.01|0.05|44.0398|22.6523
23|20|0|90|1.5|3.2|270|80.1|28.6|0.01|0.05|44.0407|22.6523
23|21|0|90|1.6|3.2|270|79.8|28.6|0.01|0.05|44.0396|22.3549
23|22|0|90|0.0|3.2|270|79.6|28.6|0.01|0.05|44.0397|22.3549
23|23|0|90|1.6|3.2|270|79.2|28.7|0.01|0.05|44.0403|22.3549
23|24|0|90|0.0|3.2|270|78.9|28.7|0.01|0.05|44.0391|22.0541
23|25|0|90|1.5|3.2|270|78.6|28.7|0.01|0.05|44.0386|22.0541
23|26|0|90|0.0|3.2|270|78.4|28.7|0.01|0.05|44.0388|22.0541
23|27|0|90|0.0|3.2|270|78.4|28.7|0.01|0.05|44.0412|22.0541
23|28|0|90|0.0|3.2|270|78.4|28.7|0.01|0.05|44.0421|22.0541
23|30|0|90|1.5|3.2|270|78.5|28.8|0.01|0.05|44.0441|22.0541
23|31|0|90|0.0|3.2|270|78.5|28.8|0.01|0.05|44.0453|22.0541
23|32|0|90|1.6|3.2|270|78.4|28.8|0.01|0.05|44.0468|22.0541
23|33|0|90|0.0|3.2|270|78.4|28.8|0.01|0.05|44.0495|22.0541
23|34|0|90|1.5|3.2|270|78.4|28.8|0.01|0.05|44.0473|22.0541
23|35|0|90|1.5|3.2|270|78.7|28.8|0.01|0.05|44.0459|22.0541
23|36|0|90|1.5|3.2|270|78.9|29.0|0.02|0.07|44.05|23.0261
23|37|0|90|1.5|3.2|270|78.9|29.0|0.02|0.07|44.0496|23.0261
23|39|0|90|1.5|3.2|270|78.7|28.8|0.02|0.07|44.047|22.0541
23|41|0|90|1.6|3.2|270|78.7|28.8|0.02|0.07|44.0492|22.0541
23|42|0|90|1.5|3.2|270|78.8|28.8|0.02|0.07|44.0487|22.0541
23|43|0|90|0.0|3.2|270|78.7|28.8|0.02|0.07|44.0491|22.0541
23|44|0|90|1.5|3.2|270|78.7|28.7|0.02|0.07|44.0469|22.0541
23|45|0|90|1.5|3.2|270|78.7|28.7|0.02|0.07|44.0488|22.0541
23|46|0|90|1.6|3.2|270|78.8|28.7|0.02|0.07|44.0492|22.0541
23|47|0|90|1.5|3.2|270|78.4|28.7|0.03|0.08|44.0503|22.0541
23|48|0|90|1.5|3.2|270|78.1|28.6|0.03|0.08|44.0486|22.0541
23|49|0|90|1.6|3.2|270|77.8|28.7|0.03|0.08|44.0508|21.7499
23|51|0|90|1.5|3.2|270|77.8|28.6|0.03|0.08|44.0493|21.7499
23|52|0|90|1.6|3.2|270|77.8|28.6|0.03|0.08|44.0487|21.7499
23|53|0|90|2.9|3.2|270|77.7|28.6|0.03|0.08|44.0485|21.7499
23|54|0|90|0.0|3.2|270|77.9|28.6|0.03|0.08|44.047|21.7499
23|55|0|90|0.0|3.2|270|77.9|28.6|0.03|0.08|44.0464|21.7499
23|56|0|90|0.0|3.2|270|77.7|28.7|0.03|0.08|44.0488|21.7499
23|57|0|90|1.5|3.2|270|77.5|28.7|0.03|0.08|44.0461|21.7499
23|58|0|90|0.0|3.2|270|77.6|28.7|0.03|0.08|44.0468|21.7499
23|59|0|90|1.5|3.2|270|77.7|28.7|0.03|0.08|44.0461|21.7499
