00|00|0|90|1.5|3.2|90|78.0|28.1|0.01|0.09|44.1147|22.0541
00|01|0|90|1.5|3.2|90|77.9|28.0|0.01|0.09|44.115|21.7499
00|02|0|90|0.0|3.2|90|77.5|28.0|0.01|0.09|44.115|21.7499
00|03|0|179|1.5|3.2|90|77.2|28.0|0.01|0.09|44.1158|21.7499
00|04|0|90|0.0|3.2|90|76.8|27.8|0.01|0.10|44.116|20.4728
00|05|0|90|0.0|3.2|90|76.6|27.8|0.01|0.10|44.1149|20.4728
00|07|0|90|1.5|3.2|90|76.6|27.7|0.01|0.10|44.1147|20.4728
00|09|0|90|1.5|3.2|90|77.6|27.6|0.01|0.10|44.1145|20.7791
00|10|0|90|1.6|3.2|90|78.0|27.5|0.01|0.10|44.1162|21.082
00|11|0|90|1.5|3.2|90|78.2|27.5|0.01|0.10|44.1159|21.082
00|12|0|90|1.5|3.2|90|78.0|27.5|0.01|0.10|44.117|21.082
00|13|0|90|1.6|3.2|90|78.1|27.5|0.01|0.10|44.1185|21.082
00|15|0|90|1.6|3.2|90|78.0|27.4|0.01|0.10|44.1185|21.082
00|16|0|90|1.5|3.2|90|78.0|27.4|0.01|0.10|44.1171|21.082
00|17|0|90|1.5|3.2|90|77.8|27.4|0.01|0.10|44.118|20.7791
00|20|0|135|1.5|3.2|90|78.2|27.2|0.01|0.10|44.1159|21.082
00|22|0|135|1.6|3.2|90|78.5|27.2|0.01|0.10|44.1163|21.082
00|23|0|135|1.5|3.2|90|78.3|27.2|0.01|0.10|44.1153|21.082
00|24|0|135|1.5|3.2|90|78.1|27.0|0.01|0.10|44.1149|21.082
00|25|0|135|0.0|3.2|90|78.4|27.0|0.01|0.10|44.1156|21.082
00|26|0|135|1.5|3.2|90|78.4|27.0|0.01|0.10|44.1151|21.082
00|27|0|135|1.5|3.2|90|78.3|27.2|0.01|0.10|44.1171|21.082
00|28|0|135|0.0|3.2|90|78.3|27.0|0.01|0.10|44.1144|21.082
00|29|0|135|0.0|3.2|90|78.3|27.0|0.01|0.10|44.115|21.082
00|30|0|135|0.0|3.2|90|78.3|27.0|0.01|0.10|44.1128|21.082
00|31|0|135|0.0|3.2|90|78.3|27.0|0.01|0.10|44.1121|21.082
00|32|0|135|0.0|3.2|90|78.3|27.0|0.01|0.10|44.1134|21.082
00|33|0|135|0.0|3.2|90|78.3|27.0|0.01|0.10|44.1123|21.082
00|34|0|135|0.0|3.2|90|78.5|27.2|0.01|0.10|44.1128|21.082
00|36|0|135|1.5|3.2|90|79.0|27.2|0.01|0.10|44.1138|21.3814
00|38|0|90|1.5|3.2|90|79.1|27.2|0.01|0.10|44.1129|21.3814
00|39|0|90|0.0|3.2|90|79.1|27.3|0.01|0.10|44.1128|21.3814
00|40|0|90|0.0|3.2|90|79.0|27.3|0.01|0.10|44.1129|21.3814
00|42|0|90|0.0|3.2|90|78.8|27.4|0.01|0.10|44.1113|21.082
00|43|0|90|0.0|3.2|90|79.0|27.4|0.01|0.10|44.1118|21.3814
00|44|0|90|1.6|3.2|90|78.9|27.4|0.01|0.10|44.1106|21.082
00|45|0|90|1.5|3.2|90|78.9|27.4|0.01|0.10|44.1121|21.082
00|46|0|90|0.0|3.2|90|78.9|27.4|0.01|0.10|44.1119|21.082
00|47|0|90|0.0|3.2|90|78.9|27.4|0.02|0.11|44.1113|21.082
00|48|0|90|0.0|3.2|90|79.1|27.5|0.02|0.11|44.1122|21.3814
00|49|0|90|0.0|3.2|90|79.3|27.5|0.02|0.11|44.1107|21.3814
00|50|0|90|0.0|3.2|90|79.5|27.5|0.02|0.11|44.1108|21.3814
00|51|0|90|0.0|3.2|90|79.6|27.5|0.02|0.11|44.1095|21.3814
00|52|0|90|0.0|3.2|90|79.5|27.5|0.02|0.11|44.1099|21.3814
00|53|0|90|0.0|3.2|90|79.5|27.5|0.02|0.11|44.1114|21.3814
00|54|0|90|0.0|3.2|90|79.5|27.5|0.02|0.11|44.1104|21.3814
00|55|0|90|0.0|3.2|90|79.6|27.6|0.02|0.11|44.1095|21.3814
00|56|0|90|0.0|3.2|90|79.5|27.6|0.02|0.11|44.1112|21.3814
00|57|0|90|1.5|3.2|90|79.3|27.6|0.02|0.11|44.1126|21.3814
00|59|0|90|0.0|3.2|90|79.0|27.6|0.02|0.11|44.1124|21.3814
01|00|0|90|0.0|3.2|90|78.7|27.6|0.02|0.11|44.1114|21.082
01|01|0|90|1.5|3.2|90|78.3|27.6|0.02|0.11|44.1137|21.082
01|02|0|90|0.0|3.2|90|78.3|27.5|0.02|0.11|44.1119|21.082
01|03|0|90|0.0|3.2|90|78.3|27.5|0.01|0.11|44.1106|21.082
01|04|0|90|0.0|3.2|90|78.4|27.5|0.01|0.11|44.1095|21.082
01|05|0|90|0.0|3.2|90|78.2|27.5|0.01|0.11|44.1095|21.082
01|06|0|90|0.0|3.2|90|77.9|27.4|0.01|0.11|44.1097|20.7791
01|07|0|90|0.0|3.2|90|77.7|27.4|0.01|0.11|44.1102|20.7791
01|08|0|90|0.0|3.2|90|77.6|27.4|0.01|0.11|44.1099|20.7791
01|10|0|180|0.0|3.2|90|77.5|27.3|0.01|0.11|44.1105|20.7791
01|11|0|180|0.0|3.2|90|77.7|27.2|0.01|0.11|44.1102|20.7791
01|12|0|180|1.6|3.2|90|78.1|27.2|0.01|0.11|44.1105|21.082
01|13|0|180|0.0|3.2|90|78.4|27.2|0.01|0.11|44.1136|21.082
01|14|0|90|0.0|3.2|90|78.8|27.2|0.01|0.11|44.1122|21.082
01|15|0|90|1.5|3.2|90|79.1|27.2|0.01|0.11|44.1136|21.3814
01|16|0|90|1.5|3.2|90|79.0|27.2|0.01|0.11|44.115|21.3814
01|17|0|90|1.5|3.2|90|78.5|27.0|0.01|0.11|44.1146|21.082
01|18|0|90|0.0|3.2|90|78.8|27.0|0.01|0.11|44.1156|21.082
01|20|0|90|1.6|3.2|90|79.4|27.0|0.01|0.11|44.1161|21.3814
01|21|0|90|0.0|3.2|90|79.8|27.0|0.01|0.11|44.1168|21.3814
01|22|0|90|0.0|3.2|90|79.9|27.0|0.01|0.11|44.115|21.3814
01|23|0|90|0.0|3.2|90|79.9|26.9|0.01|0.11|44.1153|20.4078
01|24|0|90|0.0|3.2|90|79.7|26.9|0.01|0.11|44.114|20.4078
01|25|0|90|0.0|3.2|90|79.5|26.9|0.01|0.11|44.1144|20.4078
01|26|0|90|0.0|3.2|90|79.2|26.9|0.01|0.11|44.1145|20.4078
01|27|0|90|0.0|3.2|90|79.0|26.9|0.01|0.11|44.1142|20.4078
01|28|0|90|0.0|3.2|90|78.8|26.9|0.01|0.11|44.1168|20.1098
01|29|0|90|0.0|3.2|90|78.7|26.8|0.01|0.11|44.1162|20.1098
01|30|0|90|0.0|3.2|90|78.7|26.8|0.01|0.11|44.1165|20.1098
01|31|0|90|0.0|3.2|90|78.8|26.8|0.01|0.11|44.1142|20.1098
01|32|0|90|0.0|3.2|90|78.8|26.8|0.01|0.11|44.115|20.1098
01|33|0|90|0.0|3.2|90|78.9|26.8|0.01|0.11|44.1142|20.1098
01|34|0|90|0.0|3.2|90|78.9|26.8|0.01|0.11|44.1158|20.1098
01|35|0|90|0.0|3.2|90|78.9|26.7|0.01|0.11|44.1142|20.1098
01|36|0|90|0.0|3.2|90|78.8|26.7|0.01|0.11|44.1136|20.1098
01|37|0|179|0.0|3.2|90|78.8|26.7|0.01|0.11|44.1123|20.1098
01|38|0|90|0.0|3.2|90|79.0|26.7|0.01|0.11|44.1134|20.4078
01|39|0|90|0.0|3.2|90|79.5|26.7|0.01|0.11|44.1122|20.4078
01|40|0|90|0.0|3.2|90|79.9|26.7|0.01|0.11|44.1133|20.4078
01|42|0|90|0.0|3.2|90|80.1|26.7|0.01|0.11|44.1138|20.7024
01|44|0|90|0.0|3.2|90|80.1|26.7|0.01|0.11|44.1112|20.7024
01|45|0|90|0.0|3.2|90|80.0|26.7|0.01|0.11|44.1106|20.7024
01|46|0|90|0.0|3.2|90|79.8|26.7|0.00|0.11|44.1129|20.4078
01|47|0|90|0.0|3.2|90|79.9|26.7|0.00|0.11|44.1117|20.4078
01|48|0|90|0.0|3.2|90|79.9|26.7|0.00|0.11|44.1124|20.4078
01|49|0|90|0.0|3.2|90|79.8|26.7|0.00|0.11|44.1112|20.4078
01|50|0|203|1.6|3.2|90|79.4|26.6|0.00|0.11|44.1097|20.4078
01|51|0|180|1.5|3.2|90|79.1|26.6|0.00|0.11|44.1106|20.4078
01|52|0|180|1.5|3.2|90|79.0|26.6|0.00|0.11|44.1106|20.4078
01|53|0|180|0.0|3.2|90|79.1|26.6|0.00|0.11|44.1094|20.4078
01|54|0|180|0.0|3.2|90|79.3|26.6|0.00|0.11|44.1093|20.4078
01|55|0|180|0.0|3.2|90|79.6|26.5|0.00|0.11|44.1095|20.4078
01|56|0|90|0.0|3.2|90|79.8|26.6|0.00|0.11|44.1133|20.4078
01|57|0|90|0.0|3.2|90|79.9|26.6|0.00|0.11|44.113|20.4078
01|58|0|90|0.0|3.2|90|79.9|26.6|0.00|0.11|44.1128|20.4078
01|59|0|158|1.5|3.2|90|79.8|26.5|0.00|0.11|44.1128|20.4078
02|00|0|45|1.5|3.2|90|79.9|26.6|0.00|0.11|44.1145|20.4078
02|01|0|45|0.0|3.2|90|79.7|26.6|0.01|0.12|44.1151|20.4078
02|02|0|45|1.5|3.2|90|79.6|26.6|0.01|0.12|44.1154|20.4078
02|04|0|45|1.5|3.2|90|79.7|26.6|0.01|0.12|44.1151|20.4078
02|05|0|45|0.0|3.2|90|79.8|26.7|0.01|0.12|44.1167|20.4078
02|06|0|45|1.5|3.2|90|79.9|26.7|0.01|0.12|44.118|20.4078
02|07|0|45|1.5|3.2|90|79.9|26.7|0.01|0.12|44.1162|20.4078
02|08|0|45|0.0|3.2|90|79.9|26.7|0.01|0.12|44.116|20.4078
02|09|0|45|0.0|3.2|90|79.9|26.8|0.01|0.12|44.1172|20.4078
02|10|0|45|0.0|3.2|90|79.8|26.8|0.01|0.12|44.1183|20.4078
02|11|0|45|1.6|3.2|90|79.8|26.8|0.01|0.12|44.1174|20.4078
02|12|0|45|1.5|3.2|90|79.8|26.9|0.01|0.12|44.1189|20.4078
02|13|0|45|1.5|3.2|90|79.7|26.9|0.01|0.12|44.1187|20.4078
02|14|0|45|1.6|3.2|90|79.4|26.9|0.02|0.13|44.1185|20.4078
02|15|0|45|2.9|3.2|90|78.9|26.9|0.02|0.13|44.118|20.1098
02|16|0|45|1.5|3.2|90|78.7|27.0|0.02|0.13|44.1194|21.082
02|17|0|90|1.5|3.2|90|78.6|27.0|0.02|0.13|44.1203|21.082
02|18|0|90|1.5|3.2|90|78.5|27.0|0.02|0.13|44.1201|21.082
02|19|0|90|0.0|3.2|90|78.4|27.0|0.02|0.13|44.1196|21.082
02|20|0|90|0.0|3.2|90|78.3|27.0|0.02|0.13|44.1216|21.082
02|21|0|90|1.5|3.2|90|78.2|27.0|0.02|0.13|44.1234|21.082
02|23|0|90|1.5|3.2|90|78.1|26.9|0.02|0.13|44.124|20.1098
02|24|0|90|0.0|3.2|90|78.0|26.9|0.02|0.13|44.1234|20.1098
02|25|0|90|1.5|3.2|90|78.1|26.9|0.02|0.13|44.1249|20.1098
02|26|0|90|1.5|3.2|90|78.2|26.9|0.02|0.13|44.1228|20.1098
02|27|0|90|1.6|3.2|90|78.4|26.9|0.02|0.13|44.1266|20.1098
02|28|0|90|1.5|3.2|90|78.4|26.8|0.02|0.13|44.1242|20.1098
02|30|0|90|1.5|3.2|90|78.3|26.9|0.02|0.13|44.1279|20.1098
02|31|0|90|0.0|3.2|90|78.2|26.8|0.02|0.13|44.1268|20.1098
02|32|0|90|1.6|3.2|90|78.1|26.8|0.02|0.13|44.1296|20.1098
02|33|0|90|1.5|3.2|90|78.1|26.8|0.02|0.13|44.1318|20.1098
02|35|0|90|0.0|3.2|90|78.1|26.7|0.02|0.13|44.13|20.1098
02|36|0|90|1.5|3.2|90|78.1|26.7|0.02|0.13|44.1316|20.1098
02|37|0|90|0.0|3.2|90|78.2|26.7|0.02|0.13|44.1308|20.1098
02|38|0|90|1.5|3.2|90|78.6|26.7|0.02|0.13|44.1322|20.1098
02|39|0|90|2.9|3.2|90|78.8|26.6|0.02|0.13|44.1309|20.1098
02|40|0|90|0.0|3.2|90|78.7|26.6|0.02|0.13|44.1308|20.1098
02|41|0|90|0.0|3.2|90|78.8|26.5|0.02|0.13|44.13|20.1098
02|42|0|90|0.0|3.2|90|79.0|26.5|0.02|0.13|44.1299|20.4078
02|44|0|90|1.5|3.2|90|79.3|26.5|0.02|0.13|44.1288|20.4078
02|45|0|90|1.5|3.2|90|79.4|26.5|0.02|0.13|44.1297|20.4078
02|46|0|90|0.0|3.2|90|79.3|26.5|0.02|0.13|44.1294|20.4078
02|47|0|90|0.0|3.2|90|79.0|26.5|0.02|0.13|44.1318|20.4078
02|48|0|90|0.0|3.2|90|78.9|26.4|0.02|0.13|44.1294|20.1098
02|49|0|90|0.0|3.2|90|78.7|26.4|0.02|0.13|44.1296|20.1098
02|50|0|90|0.0|3.2|90|78.4|26.4|0.02|0.13|44.1302|20.1098
02|51|0|90|0.0|3.2|90|78.1|26.3|0.02|0.13|44.1283|20.1098
02|53|0|90|0.0|3.2|90|77.8|26.1|0.03|0.14|44.1287|19.8084
02|54|0|90|0.0|3.2|90|77.7|26.1|0.03|0.14|44.1287|19.8084
02|55|0|90|1.5|3.2|90|78.1|26.0|0.03|0.14|44.1305|20.1098
02|56|0|90|0.0|3.2|90|78.8|26.0|0.03|0.14|44.1322|20.1098
02|57|0|90|0.0|3.2|90|78.9|26.0|0.03|0.14|44.1325|20.1098
02|58|0|90|0.0|3.2|90|79.0|26.0|0.03|0.14|44.1315|20.4078
02|59|0|225|1.6|3.2|90|79.1|26.0|0.03|0.14|44.1287|20.4078
03|00|0|225|0.0|3.2|90|78.8|26.0|0.02|0.14|44.1292|20.1098
03|01|0|225|1.5|3.2|90|78.4|26.0|0.02|0.14|44.1271|20.1098
03|02|0|225|0.0|3.2|90|78.0|26.0|0.02|0.14|44.1291|20.1098
03|03|0|225|0.0|3.2|90|77.6|25.9|0.02|0.14|44.1291|18.8375
03|05|0|225|0.0|3.2|90|77.4|25.8|0.02|0.14|44.1303|18.8375
03|06|0|225|0.0|3.2|90|77.5|25.8|0.02|0.14|44.1294|18.8375
03|07|0|225|0.0|3.2|90|77.7|25.7|0.02|0.14|44.1313|18.8375
03|09|0|225|0.0|3.2|90|78.5|25.7|0.02|0.14|44.1298|19.1375
03|10|0|225|0.0|3.2|90|78.7|25.7|0.02|0.14|44.1289|19.1375
03|11|0|225|0.0|3.2|90|78.7|25.6|0.02|0.14|44.1267|19.1375
03|12|0|225|0.0|3.2|90|79.0|25.6|0.02|0.14|44.1298|19.4341
03|13|0|225|0.0|3.2|90|79.3|25.6|0.03|0.15|44.1307|19.4341
03|14|0|225|0.0|3.2|90|79.3|25.6|0.02|0.15|44.1299|19.4341
03|15|0|225|0.0|3.2|90|79.4|25.6|0.02|0.15|44.1306|19.4341
03|17|0|225|0.0|3.2|90|79.6|25.6|0.02|0.15|44.1323|19.4341
03|19|0|225|0.0|3.2|90|79.4|25.6|0.03|0.17|44.13|19.4341
03|20|0|225|0.0|3.2|90|79.5|25.6|0.03|0.17|44.13|19.4341
03|21|0|225|0.0|3.2|90|79.6|25.6|0.03|0.17|44.1289|19.4341
03|22|0|225|0.0|3.2|90|79.6|25.6|0.03|0.17|44.1309|19.4341
03|23|0|225|0.0|3.2|90|79.6|25.5|0.03|0.17|44.1272|19.4341
03|25|0|225|0.0|3.2|90|79.7|25.5|0.03|0.17|44.1311|19.4341
03|27|0|225|0.0|3.2|90|79.8|25.5|0.03|0.17|44.1316|19.4341
03|28|0|225|0.0|3.2|90|79.8|25.5|0.03|0.17|44.1303|19.4341
03|31|0|225|0.0|3.2|90|79.8|25.6|0.03|0.17|44.1308|19.4341
03|32|0|225|0.0|3.2|90|79.8|25.6|0.03|0.17|44.1319|19.4341
03|33|0|225|0.0|3.2|90|79.7|25.7|0.03|0.17|44.1328|19.4341
03|35|0|225|0.0|3.2|90|79.5|25.7|0.03|0.17|44.1328|19.4341
03|36|0|225|0.0|3.2|90|79.4|25.7|0.03|0.17|44.1305|19.4341
03|37|0|225|0.0|3.2|90|79.4|25.7|0.03|0.17|44.1314|19.4341
03|38|0|225|0.0|3.2|90|79.3|25.7|0.03|0.17|44.1306|19.4341
03|40|0|135|1.5|3.2|90|79.2|25.7|0.03|0.17|44.1312|19.4341
03|41|0|135|1.5|3.2|90|79.2|25.8|0.03|0.17|44.1314|19.4341
03|43|0|135|0.0|3.2|90|79.2|25.8|0.03|0.17|44.1312|19.4341
03|44|0|180|1.5|3.2|90|79.1|25.8|0.04|0.18|44.1303|19.4341
03|45|0|180|0.0|3.2|90|78.9|25.8|0.04|0.18|44.1313|19.1375
03|47|0|135|1.5|3.2|90|78.4|25.8|0.04|0.18|44.1295|19.1375
03|49|0|135|1.5|3.2|90|78.1|25.8|0.04|0.18|44.1294|19.1375
03|50|0|135|0.0|3.2|90|77.9|25.8|0.04|0.18|44.1294|18.8375
03|51|0|135|1.6|3.2|90|77.5|25.8|0.04|0.18|44.1312|18.8375
03|52|0|135|1.5|3.2|90|77.5|25.8|0.03|0.18|44.1324|18.8375
03|53|0|90|0.0|3.2|90|77.8|25.8|0.03|0.18|44.1328|18.8375
03|54|0|179|0.0|3.2|90|78.0|25.8|0.03|0.18|44.1313|19.1375
03|55|0|90|0.0|3.2|90|77.9|25.7|0.03|0.18|44.1286|18.8375
03|56|0|180|1.6|3.2|90|77.9|25.7|0.03|0.18|44.1286|18.8375
03|57|0|180|0.0|3.2|90|77.9|25.7|0.03|0.18|44.1262|18.8375
03|58|0|180|0.0|3.2|90|78.0|25.7|0.03|0.18|44.1283|19.1375
03|59|0|180|0.0|3.2|90|78.2|25.8|0.03|0.18|44.1302|19.1375
04|00|0|180|1.5|3.2|90|78.4|25.8|0.03|0.18|44.1296|19.1375
04|01|0|180|0.0|3.2|90|78.6|25.8|0.03|0.18|44.129|19.1375
04|02|0|90|1.6|3.2|90|78.6|25.8|0.03|0.18|44.1298|19.1375
04|03|0|90|1.5|3.2|90|78.6|25.9|0.03|0.18|44.1312|19.1375
04|04|0|90|0.0|3.2|90|78.6|25.9|0.03|0.18|44.1299|19.1375
04|05|0|135|1.6|3.2|90|78.5|25.9|0.03|0.18|44.1288|19.1375
04|06|0|135|0.0|3.2|90|78.5|25.9|0.03|0.18|44.128|19.1375
04|07|0|135|1.6|3.2|90|78.3|25.9|0.03|0.18|44.1269|19.1375
04|08|0|135|1.5|3.2|90|77.9|26.0|0.03|0.18|44.1286|19.8084
04|09|0|135|1.5|3.2|90|77.5|26.0|0.03|0.18|44.1295|19.8084
04|13|0|135|0.0|3.2|90|77.5|26.0|0.02|0.18|44.1281|19.8084
04|14|0|135|0.0|3.2|90|77.6|25.9|0.02|0.18|44.1264|18.8375
04|15|0|135|0.0|3.2|90|77.6|25.9|0.02|0.18|44.1272|18.8375
04|16|0|135|0.0|3.2|90|77.6|25.9|0.02|0.18|44.1258|18.8375
04|17|0|135|0.0|3.2|90|77.6|25.9|0.02|0.18|44.1274|18.8375
04|18|0|135|0.0|3.2|90|77.7|25.9|0.02|0.18|44.1255|18.8375
04|19|0|135|0.0|3.2|90|77.8|25.9|0.01|0.18|44.1286|18.8375
04|20|0|135|0.0|3.2|90|77.9|25.9|0.01|0.18|44.1246|18.8375
04|21|0|135|0.0|3.2|90|77.9|25.9|0.01|0.18|44.1237|18.8375
04|22|0|135|0.0|3.2|90|77.8|25.9|0.01|0.18|44.1243|18.8375
04|23|0|135|0.0|3.2|90|77.8|25.9|0.01|0.18|44.1242|18.8375
04|24|0|135|0.0|3.2|90|77.8|25.8|0.01|0.18|44.1223|18.8375
04|25|0|135|1.6|3.2|90|77.8|25.9|0.01|0.18|44.1242|18.8375
04|26|0|135|1.5|3.2|90|77.8|25.8|0.01|0.18|44.1227|18.8375
04|27|0|90|0.0|3.2|90|77.7|25.8|0.01|0.18|44.1224|18.8375
04|28|0|90|1.5|3.2|90|77.6|25.8|0.01|0.18|44.1243|18.8375
04|29|0|90|1.5|3.2|90|77.3|25.8|0.01|0.18|44.123|18.8375
04|30|0|90|0.0|3.2|90|77.1|25.8|0.01|0.18|44.1218|18.8375
04|32|0|90|1.5|3.2|90|77.1|25.8|0.01|0.18|44.123|18.8375
04|33|0|90|1.5|3.2|90|77.2|25.8|0.01|0.18|44.1203|18.8375
04|34|0|90|0.0|3.2|90|77.3|25.8|0.01|0.18|44.1211|18.8375
04|35|0|90|1.5|3.2|90|77.4|25.8|0.01|0.18|44.1226|18.8375
04|36|0|90|1.6|3.2|90|77.5|25.8|0.01|0.18|44.1236|18.8375
04|37|0|90|1.5|3.2|90|77.4|25.8|0.01|0.18|44.1223|18.8375
04|38|0|135|1.5|4.8|135|77.1|25.7|0.01|0.18|44.1224|18.8375
04|39|0|180|0.0|4.8|135|76.7|25.8|0.01|0.18|44.1252|18.5341
04|40|0|90|0.0|4.8|135|76.5|25.7|0.01|0.18|44.1236|18.5341
04|41|0|135|1.6|4.8|135|76.3|25.8|0.01|0.18|44.1256|18.5341
04|42|0|90|1.5|4.8|135|76.2|25.7|0.01|0.18|44.1236|18.5341
04|43|0|90|0.0|4.8|135|76.1|25.7|0.01|0.18|44.1241|18.5341
04|44|0|90|1.5|4.8|135|76.0|25.7|0.00|0.18|44.1266|18.5341
04|45|0|180|1.6|4.8|135|75.9|25.7|0.00|0.18|44.1253|18.227
04|46|0|180|0.0|4.8|135|75.8|25.6|0.00|0.18|44.124|18.227
04|47|0|180|0.0|4.8|135|75.8|25.6|0.00|0.18|44.123|18.227
04|48|0|135|0.0|4.8|135|75.9|25.6|0.00|0.18|44.1236|18.227
04|49|0|135|0.0|4.8|135|75.9|25.5|0.00|0.18|44.1211|18.227
04|50|0|180|1.6|4.8|135|75.9|25.5|0.00|0.18|44.12|18.227
04|51|0|180|0.0|4.8|135|76.0|25.5|0.00|0.18|44.1223|18.5341
04|53|0|180|0.0|4.8|135|76.1|25.4|0.00|0.18|44.122|18.5341
04|54|0|180|1.5|4.8|135|76.4|25.4|0.00|0.18|44.1233|18.5341
04|55|0|180|2.9|4.8|135|76.7|25.2|0.00|0.18|44.1228|18.5341
04|57|0|180|1.6|4.8|135|77.6|25.1|0.01|0.19|44.1237|18.8375
04|58|0|180|1.5|4.8|135|77.7|25.1|0.01|0.19|44.1226|18.8375
04|59|0|180|1.5|4.8|135|77.8|25.1|0.01|0.19|44.123|18.8375
05|00|0|180|2.9|4.8|135|77.8|25.1|0.01|0.19|44.1202|18.8375
05|01|0|180|1.5|4.8|135|77.9|25.1|0.01|0.19|44.1214|18.8375
05|02|0|180|1.5|4.8|135|77.9|25.2|0.01|0.19|44.1235|18.8375
05|03|0|135|1.6|4.8|135|77.9|25.2|0.02|0.20|44.1223|18.8375
05|04|0|180|1.5|4.8|135|77.8|25.2|0.02|0.20|44.1225|18.8375
05|05|0|180|1.5|4.8|135|77.7|25.2|0.02|0.20|44.1219|18.8375
05|06|0|180|1.6|4.8|135|77.7|25.2|0.02|0.20|44.1199|18.8375
05|07|0|180|1.5|4.8|135|77.7|25.4|0.02|0.20|44.1201|18.8375
05|09|0|180|2.9|4.8|135|77.7|25.4|0.02|0.20|44.1205|18.8375
05|09|0|180|1.6|4.8|135|77.6|25.4|0.02|0.20|44.1186|18.8375
05|10|0|180|2.9|4.8|135|77.4|25.4|0.02|0.20|44.1191|18.8375
05|11|0|180|2.9|4.8|135|77.4|25.4|0.02|0.20|44.1193|18.8375
05|12|0|180|1.5|4.8|135|77.3|25.4|0.02|0.20|44.1196|18.8375
05|13|0|180|1.6|4.8|135|77.2|25.4|0.02|0.20|44.1192|18.8375
05|15|0|180|1.5|4.8|135|77.0|25.4|0.02|0.20|44.1207|18.8375
05|16|0|180|1.5|4.8|135|76.9|25.4|0.02|0.20|44.1187|18.5341
05|17|0|180|1.6|4.8|135|76.9|25.4|0.02|0.20|44.12|18.5341
05|18|0|180|1.5|4.8|135|77.0|25.2|0.02|0.20|44.1203|18.8375
05|19|0|180|0.0|4.8|135|77.0|25.2|0.02|0.20|44.1179|18.8375
05|20|0|180|0.0|4.8|135|77.0|25.2|0.02|0.20|44.1225|18.8375
05|21|0|180|0.0|4.8|135|77.1|25.1|0.02|0.20|44.1228|18.8375
05|23|0|180|0.0|4.8|135|77.2|25.1|0.02|0.20|44.1233|18.8375
05|24|0|180|0.0|4.8|135|77.3|25.1|0.02|0.20|44.1224|18.8375
05|25|0|180|0.0|4.8|135|77.3|25.1|0.02|0.20|44.1244|18.8375
05|26|0|180|0.0|4.8|135|77.3|25.1|0.02|0.20|44.1251|18.8375
05|27|0|180|0.0|4.8|135|77.4|25.1|0.02|0.20|44.1246|18.8375
05|28|0|180|0.0|4.8|135|77.5|25.0|0.03|0.21|44.1228|18.8375
05|29|0|180|0.0|4.8|135|77.5|25.0|0.03|0.21|44.1235|18.8375
05|31|0|180|1.5|4.8|135|77.5|25.0|0.03|0.21|44.1236|18.8375
05|32|0|180|1.5|4.8|135|77.4|25.0|0.03|0.21|44.1227|18.8375
05|33|0|180|1.6|4.8|135|77.4|25.0|0.03|0.21|44.1234|18.8375
05|35|0|180|0.0|4.8|135|77.5|25.0|0.03|0.21|44.1244|18.8375
05|35|0|135|1.5|4.8|135|77.6|24.9|0.03|0.21|44.1234|17.8666
05|37|0|135|1.5|4.8|135|77.8|24.9|0.03|0.21|44.1252|17.8666
05|38|0|135|2.9|4.8|135|77.7|24.9|0.03|0.21|44.1258|17.8666
05|39|0|180|2.9|4.8|135|77.6|24.9|0.03|0.21|44.1253|17.8666
05|40|0|180|2.9|5.8|180|77.7|24.9|0.03|0.21|44.1226|17.8666
05|41|0|135|1.6|5.8|180|77.6|25.0|0.03|0.21|44.1246|18.8375
05|42|0|135|1.5|5.8|180|77.6|25.0|0.03|0.21|44.1234|18.8375
05|43|0|135|2.9|5.8|180|77.5|25.0|0.03|0.21|44.1236|18.8375
05|45|0|135|4.4|5.8|180|77.6|25.1|0.04|0.22|44.1215|18.8375
05|46|0|158|4.4|5.8|180|77.7|25.1|0.04|0.22|44.1212|18.8375
05|47|0|135|2.9|6.4|135|77.7|25.2|0.04|0.22|44.1202|18.8375
05|48|0|135|4.8|8.7|180|77.7|25.2|0.04|0.22|44.1201|18.8375
05|50|0|135|1.5|8.7|180|77.5|25.6|0.04|0.22|44.1242|18.8375
05|52|0|135|1.5|8.7|180|77.1|25.7|0.04|0.22|44.1257|18.8375
05|53|0|135|1.5|8.7|180|77.0|25.8|0.04|0.22|44.1262|18.8375
05|54|0|135|1.6|8.7|180|76.8|25.8|0.04|0.22|44.1272|18.5341
05|55|0|135|1.5|8.7|180|76.7|25.9|0.04|0.22|44.1243|18.5341
05|56|0|135|1.6|8.7|180|76.5|25.9|0.03|0.22|44.1251|18.5341
05|58|0|180|1.5|8.7|180|76.5|25.9|0.03|0.22|44.1244|18.5341
05|59|0|158|2.9|8.7|180|76.4|26.0|0.03|0.22|44.1267|19.5035
06|00|0|180|1.6|8.7|180|76.3|26.0|0.03|0.22|44.1251|19.5035
06|01|0|180|2.9|8.7|180|76.2|26.0|0.03|0.22|44.1278|19.5035
06|02|0|180|3.2|8.7|180|76.2|26.0|0.02|0.22|44.1283|19.5035
06|04|0|180|1.5|8.7|180|76.1|26.1|0.02|0.22|44.1295|19.5035
06|05|0|180|1.6|8.7|180|76.1|26.1|0.02|0.22|44.1291|19.5035
06|06|0|180|1.5|8.7|180|76.0|26.1|0.02|0.22|44.1288|19.5035
06|07|0|180|2.9|8.7|180|76.0|26.1|0.02|0.22|44.1283|19.5035
06|08|0|135|1.6|8.7|180|76.0|26.1|0.02|0.22|44.1264|19.5035
06|09|0|135|1.5|8.7|180|75.9|26.3|0.02|0.22|44.1302|19.195
06|10|0|135|0.0|8.7|180|75.9|26.1|0.02|0.22|44.1278|19.195
06|11|0|135|0.0|8.7|180|75.7|26.3|0.02|0.22|44.1278|19.195
06|12|0|135|1.5|8.7|180|75.8|26.3|0.02|0.22|44.1281|19.195
06|13|0|135|0.0|8.7|180|75.7|26.1|0.02|0.22|44.1278|19.195
06|14|0|135|0.0|8.7|180|75.9|26.3|0.02|0.22|44.1282|19.195
06|15|0|135|1.6|8.7|180|76.0|26.1|0.02|0.22|44.1278|19.5035
06|16|0|135|1.5|8.7|180|76.1|26.1|0.03|0.23|44.1275|19.5035
06|17|0|135|1.5|8.7|180|76.1|26.1|0.03|0.23|44.1266|19.5035
06|19|0|135|0.0|8.7|180|76.1|26.1|0.03|0.23|44.1264|19.5035
06|20|0|135|0.0|8.7|180|76.0|26.1|0.03|0.23|44.1274|19.5035
06|22|0|135|1.5|8.7|180|75.8|26.0|0.03|0.23|44.1257|19.195
06|23|0|135|0.0|8.7|180|75.7|25.9|0.03|0.23|44.1265|18.227
06|24|0|135|1.6|8.7|180|75.5|25.9|0.03|0.23|44.1272|18.227
06|25|0|135|1.5|8.7|180|75.6|25.8|0.03|0.23|44.1241|18.227
06|26|0|135|1.5|8.7|180|75.6|25.7|0.03|0.23|44.125|18.227
06|27|0|135|1.6|8.7|180|75.7|25.7|0.03|0.23|44.1231|18.227
06|29|0|90|1.5|8.7|180|76.1|25.6|0.02|0.23|44.1232|18.5341
06|30|0|180|1.5|8.7|180|76.2|25.5|0.02|0.23|44.122|18.5341
06|31|0|135|1.5|8.7|180|76.1|25.5|0.02|0.23|44.1217|18.5341
06|32|0|180|1.6|8.7|180|76.3|25.4|0.02|0.23|44.1201|18.5341
06|33|0|180|1.5|8.7|180|76.5|25.4|0.02|0.23|44.1212|18.5341
06|34|0|180|0.0|8.7|180|76.6|25.4|0.03|0.24|44.1206|18.5341
06|35|0|180|0.0|8.7|180|76.7|25.4|0.03|0.24|44.1212|18.5341
06|36|0|90|1.5|8.7|180|76.8|25.4|0.03|0.24|44.1233|18.5341
06|37|0|135|1.5|8.7|180|76.9|25.4|0.03|0.24|44.1227|18.5341
06|38|0|135|3.2|8.7|180|76.9|25.2|0.03|0.24|44.1225|18.5341
06|40|0|135|1.5|8.7|180|76.7|25.2|0.03|0.24|44.1236|18.5341
06|41|0|135|0.0|8.7|180|76.9|25.2|0.04|0.25|44.1222|18.5341
06|42|0|135|0.0|8.7|180|76.9|25.2|0.04|0.25|44.122|18.5341
06|43|0|135|1.5|8.7|180|76.7|25.2|0.04|0.25|44.1233|18.5341
06|44|0|90|1.5|8.7|180|76.7|25.2|0.03|0.25|44.123|18.5341
06|46|0|90|1.5|8.7|180|76.7|25.1|0.03|0.25|44.1234|18.5341
06|47|0|90|3.2|8.7|180|76.9|25.1|0.03|0.25|44.1259|18.5341
06|48|0|90|1.5|8.7|180|76.9|25.1|0.03|0.25|44.126|18.5341
06|49|0|90|0.0|8.7|180|76.9|25.2|0.03|0.25|44.1258|18.5341
06|50|0|90|0.0|8.7|180|76.7|25.2|0.03|0.25|44.1257|18.5341
06|51|0|113|0.0|8.7|180|76.6|25.2|0.03|0.25|44.1248|18.5341
06|52|0|135|1.5|8.7|180|76.4|25.1|0.03|0.25|44.123|18.5341
06|53|0|135|0.0|8.7|180|76.3|25.1|0.03|0.25|44.1256|18.5341
06|54|0|135|0.0|8.7|180|76.2|25.1|0.03|0.25|44.1252|18.5341
06|55|0|135|0.0|8.7|180|76.2|25.0|0.03|0.25|44.1258|18.5341
06|56|0|135|0.0|8.7|180|76.4|25.0|0.03|0.25|44.1271|18.5341
06|57|0|135|1.5|8.7|180|76.6|25.0|0.03|0.25|44.1259|18.5341
06|58|0|135|0.0|8.7|180|76.6|25.0|0.03|0.25|44.1275|18.5341
07|00|0|135|0.0|8.7|180|76.7|25.0|0.03|0.25|44.1272|18.5341
07|01|0|135|0.0|8.7|180|76.7|24.9|0.03|0.25|44.1295|17.5646
07|03|0|135|0.0|8.7|180|76.6|24.9|0.03|0.25|44.1304|17.5646
07|03|0|135|1.5|8.7|180|76.7|24.9|0.03|0.25|44.1327|17.5646
07|04|0|135|0.0|8.7|180|76.8|24.8|0.03|0.25|44.1307|17.5646
07|06|0|135|0.0|8.7|180|76.7|24.8|0.03|0.25|44.1353|17.5646
07|07|0|135|1.5|8.7|180|76.7|24.8|0.03|0.25|44.1352|17.5646
07|08|0|90|1.6|8.7|180|76.8|24.8|0.03|0.25|44.1355|17.5646
07|09|0|90|0.0|8.7|180|76.9|24.8|0.03|0.25|44.1363|17.5646
07|10|0|90|1.5|8.7|180|76.9|24.8|0.03|0.25|44.1359|17.5646
07|11|0|90|1.6|8.7|180|77.1|24.7|0.03|0.25|44.1361|17.8666
07|12|0|90|2.9|8.7|180|77.3|24.8|0.04|0.26|44.1388|17.8666
07|13|0|90|1.5|8.7|180|77.3|24.8|0.04|0.26|44.1385|17.8666
07|14|0|113|1.5|8.7|180|77.3|24.8|0.04|0.26|44.1393|17.8666
07|15|0|135|1.5|8.7|180|77.2|24.9|0.04|0.26|44.1399|17.8666
07|16|0|135|1.6|8.7|180|77.3|24.9|0.03|0.26|44.1407|17.8666
07|17|0|113|2.9|8.7|180|77.3|24.9|0.03|0.26|44.1403|17.8666
07|18|0|135|1.5|8.7|180|77.3|25.0|0.03|0.26|44.1438|18.8375
07|19|0|90|1.6|8.7|180|77.4|25.0|0.03|0.26|44.1453|18.8375
07|20|0|135|4.4|8.7|180|77.4|25.0|0.03|0.26|44.1409|18.8375
07|22|0|135|4.4|8.7|180|77.7|25.1|0.03|0.26|44.1399|18.8375
07|25|0|180|2.9|8.7|180|77.2|25.6|0.03|0.26|44.1305|18.8375
07|26|0|135|1.6|8.7|180|77.0|25.7|0.03|0.26|44.1341|18.8375
07|28|0|180|4.4|8.7|180|76.6|25.8|0.03|0.26|44.1336|18.5341
07|29|0|135|1.5|8.7|180|76.4|25.8|0.04|0.28|44.1352|18.5341
07|30|0|135|0.0|8.7|180|76.3|25.9|0.04|0.28|44.1357|18.5341
07|31|0|135|3.2|8.7|180|76.1|26.0|0.04|0.28|44.1368|19.5035
07|32|0|135|1.5|8.7|180|76.0|26.0|0.04|0.28|44.1354|19.5035
07|33|0|135|1.6|8.7|180|76.0|26.0|0.03|0.28|44.134|19.5035
07|34|0|135|1.5|8.7|180|75.8|26.1|0.03|0.28|44.135|19.195
07|35|0|180|1.6|8.7|180|75.6|26.1|0.03|0.28|44.1331|19.195
07|36|0|180|2.9|8.7|180|75.4|26.0|0.03|0.28|44.1324|19.195
07|37|0|180|1.5|8.7|180|75.4|26.0|0.03|0.28|44.1318|19.195
07|39|0|158|2.9|8.7|180|75.5|25.9|0.03|0.28|44.1299|18.227
07|41|0|180|2.9|8.7|180|75.5|25.9|0.02|0.28|44.1314|18.227
07|43|0|225|1.5|8.7|180|75.4|25.9|0.02|0.28|44.132|18.227
07|44|0|225|2.9|8.7|180|75.3|25.9|0.02|0.28|44.1292|18.227
07|45|0|225|3.2|8.7|180|75.2|25.9|0.02|0.28|44.1282|18.227
07|46|0|135|2.9|8.7|180|75.1|25.8|0.02|0.28|44.1282|18.227
07|47|0|180|2.9|8.7|180|75.0|25.7|0.02|0.28|44.128|18.227
07|48|0|135|2.9|8.7|180|75.1|25.6|0.02|0.28|44.1248|18.227
07|49|0|180|4.4|8.7|180|75.2|25.6|0.02|0.28|44.1264|18.227
07|50|0|180|4.4|8.7|180|75.4|25.4|0.02|0.28|44.1253|18.227
07|51|0|180|4.4|8.7|180|75.6|25.4|0.02|0.28|44.1251|18.227
07|52|0|135|3.2|8.7|180|75.8|25.4|0.02|0.28|44.1225|18.227
07|53|0|180|2.9|8.7|180|75.8|25.5|0.02|0.28|44.123|18.227
07|55|0|158|5.8|8.7|180|75.7|25.6|0.03|0.29|44.1212|18.227
07|56|0|180|4.8|8.7|180|75.6|25.7|0.03|0.29|44.1234|18.227
07|58|0|135|5.8|8.7|180|75.4|25.8|0.03|0.29|44.122|18.227
07|59|0|203|4.4|8.7|180|75.2|25.8|0.03|0.29|44.1226|18.227
08|00|0|180|2.9|8.7|180|75.1|25.9|0.04|0.30|44.1217|18.227
08|01|0|180|2.9|8.7|180|75.0|26.0|0.04|0.30|44.1239|19.195
08|02|0|180|4.8|8.7|180|74.8|26.1|0.04|0.30|44.1227|18.8828
08|03|0|158|2.9|8.7|180|74.5|26.3|0.04|0.30|44.1258|18.8828
08|04|0|135|4.4|8.7|180|74.3|26.4|0.04|0.30|44.1265|18.8828
08|05|0|180|4.8|8.7|180|74.1|26.5|0.04|0.30|44.1251|18.8828
08|06|0|180|5.8|8.7|180|73.9|26.6|0.04|0.30|44.1276|18.5669
08|07|0|180|4.4|8.7|180|73.7|26.7|0.04|0.30|44.1274|18.5669
08|08|0|180|2.9|8.7|180|73.5|26.8|0.04|0.30|44.1259|18.5669
08|09|0|180|2.9|8.7|180|73.3|26.9|0.04|0.30|44.1262|18.5669
08|10|0|135|1.5|8.7|180|73.1|27.2|0.04|0.30|44.1279|19.5319
08|11|0|135|1.6|8.7|180|72.9|27.3|0.04|0.30|44.1267|19.2106
08|12|0|135|4.4|8.7|180|72.6|27.4|0.03|0.30|44.1282|19.2106
08|13|0|180|2.9|8.7|180|72.4|27.5|0.03|0.30|44.1283|19.2106
08|14|0|135|1.5|8.7|180|72.0|27.6|0.03|0.30|44.1262|19.2106
08|15|0|135|2.9|8.7|180|71.7|27.8|0.03|0.30|44.1249|18.8854
08|16|0|135|2.9|8.7|180|71.4|28.1|0.03|0.30|44.1251|19.8472
08|17|0|135|3.2|8.7|180|71.0|28.2|0.03|0.30|44.1248|19.8472
08|19|0|135|2.9|8.7|180|70.8|28.3|0.03|0.30|44.1248|19.5164
08|21|0|135|3.2|8.7|180|70.2|28.5|0.03|0.30|44.1242|19.5164
08|22|0|90|0.0|8.7|180|70.0|28.6|0.03|0.30|44.1224|19.5164
08|24|0|90|2.9|8.7|180|69.9|29.1|0.03|0.30|44.1239|20.14
08|26|0|90|1.5|8.7|180|69.1|29.6|0.04|0.31|44.1251|20.14
08|27|0|90|1.5|8.7|180|68.6|29.9|0.04|0.31|44.1247|19.7989
08|28|0|90|1.6|8.7|180|68.0|30.1|0.03|0.31|44.1224|20.756
08|29|0|90|0.0|8.7|180|67.8|30.3|0.03|0.31|44.1239|20.4089
08|30|0|90|1.5|8.7|180|67.6|30.4|0.03|0.31|44.1233|20.4089
08|32|0|90|2.9|8.7|180|67.4|30.5|0.03|0.31|44.1243|20.4089
08|33|0|90|1.5|8.7|180|67.4|30.8|0.03|0.31|44.1257|20.4089
08|34|0|90|1.5|8.7|180|67.3|31.0|0.03|0.31|44.1253|21.3642
08|35|0|90|1.5|8.7|180|67.2|31.1|0.04|0.32|44.1249|21.3642
08|36|0|90|1.5|8.7|180|66.9|31.2|0.04|0.32|44.1249|21.0109
08|37|0|90|3.2|8.7|180|66.6|31.3|0.04|0.32|44.1278|21.0109
08|38|0|90|0.0|8.7|180|66.8|31.4|0.04|0.32|44.1266|21.0109
08|39|0|90|1.5|8.7|180|67.1|31.7|0.04|0.32|44.1283|21.3642
08|40|0|90|1.6|8.7|180|66.8|31.8|0.04|0.32|44.1276|21.0109
08|41|0|135|4.4|8.7|180|66.7|31.9|0.04|0.32|44.1234|21.0109
08|42|0|135|1.6|8.7|180|66.3|32.1|0.04|0.32|44.124|21.9645
08|43|0|135|2.9|8.7|180|66.4|32.2|0.04|0.32|44.123|21.9645
08|44|0|135|1.5|8.7|180|65.7|32.3|0.04|0.32|44.122|21.6047
08|45|0|135|3.2|8.7|180|65.8|32.5|0.04|0.32|44.1212|21.6047
08|46|0|135|1.5|8.7|180|65.4|32.6|0.04|0.32|44.1225|21.6047
08|47|0|180|2.9|8.7|180|65.6|32.7|0.04|0.32|44.1214|21.6047
08|48|0|135|3.2|8.7|180|65.3|32.8|0.04|0.32|44.1201|21.6047
08|50|0|135|7.3|8.7|180|64.3|32.8|0.04|0.32|44.1214|21.24
08|53|0|135|7.3|8.7|180|63.0|33.0|0.04|0.32|44.1234|21.8187
08|54|0|135|6.4|8.7|180|63.0|33.1|0.04|0.32|44.1233|21.8187
08|55|0|135|4.4|8.7|180|62.9|33.2|0.03|0.32|44.1244|21.442
08|56|0|180|2.9|8.7|180|62.7|33.2|0.03|0.32|44.1248|21.442
08|57|0|135|4.4|8.7|180|62.5|33.3|0.03|0.32|44.1234|21.442
08|58|0|135|4.4|9.7|135|62.3|33.5|0.03|0.32|44.1248|21.442
08|59|0|180|11.3|11.3|180|62.2|33.3|0.02|0.32|44.1203|21.442
09|00|0|158|5.8|11.6|135|62.2|33.2|0.02|0.32|44.1211|21.442
09|01|0|135|5.8|11.6|135|62.4|33.2|0.02|0.32|44.1196|21.442
09|02|0|180|8.1|11.6|135|62.5|33.2|0.02|0.32|44.1192|21.442
09|03|0|135|5.8|11.6|135|62.5|33.2|0.02|0.32|44.12|21.442
09|04|0|180|4.8|11.6|135|62.3|33.1|0.02|0.32|44.1228|21.442
09|05|0|90|7.3|11.6|135|62.5|33.0|0.02|0.32|44.1232|21.442
09|06|0|90|4.8|11.6|135|62.8|33.0|0.02|0.32|44.126|21.442
09|07|0|135|4.8|11.6|135|62.8|32.9|0.02|0.32|44.1253|20.4952
09|08|0|135|7.3|11.6|135|62.8|32.9|0.02|0.32|44.1251|20.4952
09|09|0|135|6.4|11.6|135|62.6|32.7|0.02|0.32|44.126|20.4952
09|10|0|158|5.8|11.6|135|63.0|32.7|0.02|0.32|44.1247|20.8702
09|12|0|135|6.4|11.6|135|63.1|32.9|0.02|0.32|44.1292|20.8702
09|13|0|180|4.4|11.6|135|63.1|32.9|0.02|0.32|44.126|20.8702
09|14|0|90|5.8|11.6|135|62.8|33.0|0.02|0.32|44.129|21.442
09|15|0|135|6.4|11.6|135|62.8|33.0|0.02|0.32|44.1287|21.442
09|16|0|158|5.8|11.6|135|62.7|33.1|0.02|0.32|44.1279|21.442
09|17|0|180|5.8|11.6|135|62.6|33.3|0.02|0.32|44.1294|21.442
09|18|0|135|7.3|11.6|135|62.2|33.5|0.02|0.32|44.1283|21.442
09|19|0|135|5.8|11.6|135|61.9|33.5|0.02|0.32|44.1299|21.0598
09|20|0|135|4.8|11.6|135|61.7|33.7|0.02|0.32|44.1319|21.0598
09|21|0|158|1.5|11.6|135|61.6|33.9|0.02|0.32|44.132|21.0598
09|22|0|135|4.4|11.6|135|61.7|34.1|0.02|0.32|44.1314|22.0047
09|23|0|135|7.3|11.6|135|61.1|34.2|0.02|0.32|44.1303|22.0047
09|24|0|135|5.8|11.6|135|60.4|34.4|0.01|0.32|44.1296|21.6152
09|25|0|135|6.5|11.6|135|60.2|34.4|0.01|0.32|44.1291|21.6152
09|26|0|135|2.9|11.6|135|60.2|34.6|0.01|0.32|44.1324|21.6152
09|28|0|180|1.6|11.6|135|60.3|34.9|0.01|0.32|44.1314|21.6152
09|29|0|158|7.3|11.6|135|59.3|34.9|0.01|0.32|44.1309|21.2198
09|30|0|135|4.4|11.6|135|59.0|35.0|0.01|0.32|44.1319|22.1611
09|31|0|135|4.4|11.6|135|58.8|35.2|0.01|0.32|44.1299|21.7579
09|33|0|135|1.5|11.6|135|58.8|35.5|0.01|0.32|44.1345|21.7579
09|35|0|135|4.4|11.6|135|58.5|35.7|0.01|0.33|44.1364|21.7579
09|36|0|135|6.4|11.6|135|58.2|35.8|0.01|0.33|44.1372|21.7579
09|37|0|135|6.4|11.6|135|58.0|35.9|0.01|0.33|44.1379|21.7579
09|38|0|158|5.8|11.6|135|57.8|35.9|0.01|0.33|44.1387|21.3486
09|39|0|135|2.9|11.6|135|57.9|35.8|0.01|0.33|44.1368|21.3486
09|40|0|135|2.9|11.6|135|58.0|36.0|0.01|0.33|44.136|22.6972
09|42|0|180|5.8|11.6|135|58.1|36.3|0.01|0.33|44.1322|22.6972
09|43|0|135|2.9|11.6|135|57.8|36.5|0.01|0.33|44.1316|22.286
09|44|0|180|2.9|11.6|135|57.9|36.7|0.01|0.33|44.1323|22.286
09|45|0|180|4.4|11.6|135|57.7|36.8|0.01|0.33|44.1307|22.286
09|46|0|180|3.2|11.6|135|57.3|37.1|0.01|0.33|44.1355|23.2233
09|47|0|135|1.6|11.6|135|57.2|37.3|0.01|0.33|44.1362|23.2233
09|48|0|135|5.8|11.6|135|57.0|37.4|0.01|0.33|44.1366|23.2233
09|49|0|180|4.8|11.6|135|56.5|37.6|0.01|0.33|44.1394|22.8038
09|50|0|180|5.8|11.6|135|56.2|37.5|0.01|0.33|44.1391|22.8038
09|51|0|180|1.5|11.6|135|56.3|37.6|0.01|0.33|44.1416|22.8038
09|52|0|135|4.4|11.6|135|56.2|37.8|0.01|0.33|44.1445|22.8038
09|53|0|135|4.4|11.6|135|56.1|38.0|0.01|0.33|44.1429|23.7391
09|54|0|180|2.9|11.6|135|56.3|38.2|0.01|0.33|44.1451|23.7391
09|55|0|135|4.4|11.6|135|56.5|38.4|0.01|0.33|44.1451|23.7391
09|56|0|135|4.4|11.6|135|55.8|38.4|0.01|0.33|44.1447|23.311
09|57|0|135|7.3|11.6|135|55.1|38.5|0.01|0.33|44.145|23.311
09|58|0|135|8.7|11.6|135|54.7|38.5|0.01|0.33|44.1444|22.8759
09|59|0|135|3.2|11.6|135|54.5|38.6|0.01|0.33|44.1444|22.8759
10|00|0|135|4.4|11.6|135|54.4|38.7|0.01|0.33|44.1455|22.8759
10|01|0|135|2.9|11.6|135|54.2|38.9|0.01|0.33|44.1447|22.8759
10|03|0|180|4.4|11.6|135|53.9|39.0|0.01|0.33|44.1455|23.3629
10|04|0|90|4.4|11.6|135|53.9|39.1|0.01|0.33|44.1448|23.3629
10|05|0|180|3.2|11.6|135|53.5|39.1|0.01|0.33|44.1455|23.3629
10|06|0|135|4.4|11.6|135|53.7|39.3|0.01|0.33|44.1436|23.3629
10|07|0|135|4.4|11.6|135|53.4|39.5|0.01|0.33|44.1384|23.3629
10|08|0|90|4.8|11.6|135|53.0|39.5|0.01|0.33|44.1351|23.3629
10|11|0|180|4.4|11.6|135|51.5|39.9|0.03|0.35|44.1377|22.4516
10|12|0|180|7.3|11.6|135|51.5|40.1|0.03|0.35|44.1388|23.3767
10|13|0|180|7.3|11.6|135|51.3|40.0|0.03|0.35|44.1373|23.3767
10|14|0|135|7.3|11.6|135|51.1|40.0|0.03|0.35|44.1363|23.3767
10|15|0|180|5.8|11.6|135|51.1|39.9|0.03|0.35|44.1381|22.4516
10|16|0|135|8.1|11.6|135|51.2|39.8|0.03|0.35|44.1361|22.4516
10|17|0|180|7.3|11.6|135|51.0|39.8|0.03|0.35|44.1357|22.4516
10|18|0|180|7.3|11.6|135|51.0|39.9|0.03|0.35|44.1372|22.4516
10|19|0|135|4.4|11.6|135|51.1|40.0|0.03|0.35|44.1383|23.3767
10|21|0|180|5.8|11.6|135|50.9|40.4|0.03|0.35|44.1399|22.907
10|22|0|180|4.4|11.6|135|50.4|40.5|0.03|0.35|44.1412|22.907
10|25|0|180|5.8|11.6|135|50.0|40.5|0.03|0.35|44.1379|22.907
10|26|0|135|7.3|11.6|135|49.7|40.7|0.03|0.35|44.1377|22.429
10|27|0|180|4.4|11.6|135|49.5|40.7|0.03|0.35|44.1361|22.429
10|28|0|135|7.3|11.6|135|49.6|40.7|0.03|0.35|44.1364|22.429
10|29|0|158|6.4|11.6|135|49.6|40.7|0.03|0.35|44.1356|22.429
10|30|0|135|5.8|11.6|135|49.5|40.5|0.03|0.35|44.1368|22.429
10|32|0|135|6.4|11.6|135|49.7|40.8|0.03|0.35|44.1352|22.429
10|32|0|180|4.8|11.6|135|50.1|41.1|0.03|0.35|44.1401|23.8299
10|33|0|180|4.4|11.6|135|50.2|41.3|0.03|0.35|44.1397|23.8299
10|34|0|225|3.2|11.6|135|50.3|41.6|0.02|0.35|44.1423|23.8299
10|37|0|158|7.3|11.6|135|49.1|42.0|0.02|0.35|44.1353|24.2704
10|38|0|135|5.8|11.6|135|48.8|41.9|0.02|0.35|44.1335|22.8608
10|41|0|180|4.8|11.6|135|48.8|42.3|0.02|0.35|44.135|23.7793
10|41|0|180|4.4|11.6|135|47.9|42.3|0.02|0.35|44.1352|23.279
10|42|0|135|5.8|11.6|135|48.1|42.3|0.02|0.35|44.1334|23.7793
10|44|0|180|4.4|11.6|135|47.8|42.2|0.03|0.36|44.1344|23.279
10|45|0|180|4.4|11.6|135|48.1|42.3|0.03|0.36|44.1353|23.7793
10|46|0|135|6.4|11.6|135|48.0|42.5|0.03|0.36|44.1315|23.7793
10|47|0|180|7.3|11.6|135|47.6|42.3|0.03|0.36|44.134|23.279
10|49|0|180|4.8|11.6|135|47.3|42.1|0.03|0.36|44.1327|23.279
10|51|0|180|8.1|11.6|135|47.9|42.2|0.03|0.36|44.1315|23.279
10|52|0|180|5.8|11.6|135|47.8|42.2|0.03|0.36|44.1322|23.279
10|53|0|135|7.3|11.6|135|47.8|42.3|0.03|0.36|44.1308|23.279
10|54|0|180|8.1|11.6|135|47.7|42.5|0.03|0.36|44.1304|23.279
10|55|0|180|8.7|11.6|135|47.5|42.2|0.03|0.36|44.1305|23.279
10|56|0|225|4.4|11.6|135|47.6|42.2|0.03|0.36|44.1287|23.279
10|57|0|180|5.8|11.6|135|47.7|42.3|0.03|0.36|44.1279|23.279
10|58|0|135|5.8|11.6|135|47.9|42.3|0.03|0.36|44.1288|23.279
10|59|0|135|4.8|11.6|135|47.9|42.5|0.03|0.36|44.1274|23.279
11|00|0|135|5.8|11.6|135|47.9|42.5|0.03|0.36|44.1288|23.279
11|01|0|180|4.4|11.6|135|47.8|42.5|0.03|0.36|44.1299|23.279
11|02|0|180|3.2|11.6|135|47.5|42.7|0.03|0.36|44.1278|23.279
11|03|0|135|5.8|11.6|135|47.3|42.6|0.03|0.36|44.1246|23.279
11|04|0|158|4.8|11.6|135|47.4|42.6|0.03|0.36|44.1232|23.279
11|07|0|135|5.8|11.6|135|47.4|42.7|0.03|0.36|44.1241|23.279
11|08|0|180|3.2|11.6|135|47.6|42.7|0.02|0.36|44.125|23.279
11|09|0|203|4.4|11.6|135|47.5|43.0|0.01|0.36|44.1233|24.1951
11|10|0|180|2.9|11.6|135|47.3|43.1|0.01|0.36|44.1237|24.1951
11|11|0|180|2.9|11.6|135|46.8|43.4|0.01|0.36|44.1259|23.6831
11|12|0|180|5.8|11.6|135|46.8|43.4|0.01|0.36|44.1237|23.6831
11|13|0|180|4.8|11.6|135|46.7|43.6|0.02|0.37|44.1267|23.6831
11|14|0|135|4.4|11.6|135|46.2|43.5|0.02|0.37|44.1234|23.6831
11|15|0|180|4.4|11.6|135|46.3|43.6|0.02|0.37|44.1244|23.6831
11|16|0|180|7.3|11.6|135|46.3|43.7|0.02|0.37|44.1227|23.6831
11|18|0|180|8.1|11.6|135|45.7|43.7|0.02|0.37|44.1214|23.1611
11|19|0|180|8.7|11.6|135|45.8|43.7|0.02|0.37|44.1191|23.1611
11|20|0|180|6.4|11.6|135|45.7|43.6|0.02|0.37|44.1184|23.1611
11|21|0|180|6.4|11.6|135|46.0|43.6|0.02|0.37|44.1162|23.6831
11|22|0|180|2.9|11.6|135|46.1|43.6|0.02|0.37|44.1165|23.6831
11|23|0|180|4.8|11.6|135|46.4|43.8|0.02|0.37|44.1149|23.6831
11|25|0|135|5.8|11.6|135|46.2|44.0|0.02|0.37|44.108|24.5967
11|27|0|180|3.2|11.6|135|45.9|44.4|0.02|0.37|44.1058|24.0725
11|28|0|135|1.5|11.6|135|45.9|44.6|0.02|0.37|44.1019|24.0725
11|29|0|135|4.8|11.6|135|45.7|44.9|0.02|0.37|44.1017|24.0725
11|30|0|158|3.2|11.6|135|44.8|44.9|0.02|0.37|44.0973|23.5378
11|31|0|135|5.8|11.6|135|44.7|44.9|0.02|0.37|44.0962|23.5378
11|33|0|135|3.2|11.6|135|44.6|45.0|0.02|0.37|44.0944|24.4466
11|34|0|135|4.4|11.6|135|44.7|45.2|0.02|0.37|44.0942|24.4466
11|35|0|180|5.8|11.6|135|44.6|45.2|0.02|0.37|44.0925|24.4466
11|36|0|158|4.4|11.6|135|44.6|45.3|0.02|0.37|44.0922|24.4466
11|37|0|135|2.9|11.6|135|44.6|45.5|0.02|0.37|44.091|24.4466
11|38|0|180|2.9|11.6|135|44.2|45.6|0.02|0.37|44.0882|24.4466
11|39|0|225|4.4|11.6|135|44.3|45.8|0.02|0.37|44.084|24.4466
11|40|0|180|1.6|11.6|135|44.1|46.1|0.02|0.37|44.0819|25.3553
11|41|0|135|1.5|11.6|135|44.0|46.3|0.02|0.37|44.0838|25.3553
11|42|0|113|2.9|11.6|135|43.8|46.5|0.02|0.37|44.0832|24.805
11|43|0|135|3.2|11.6|135|43.1|46.7|0.01|0.37|44.0821|24.805
11|44|0|135|2.9|11.6|135|42.8|46.6|0.01|0.37|44.0814|24.2432
11|46|0|180|4.4|11.6|135|42.8|46.6|0.01|0.37|44.08|24.2432
11|47|0|135|2.9|11.6|135|43.0|46.7|0.01|0.37|44.0786|24.805
11|49|0|180|4.4|11.6|135|42.6|46.7|0.01|0.37|44.0778|24.2432
11|50|0|225|3.2|11.6|135|42.7|46.7|0.01|0.37|44.0777|24.2432
11|51|0|135|2.9|11.6|135|42.9|47.0|0.01|0.37|44.0774|25.1469
11|52|0|180|4.8|11.6|135|42.8|47.0|0.01|0.37|44.0772|25.1469
11|53|0|180|5.8|11.6|135|42.6|47.0|0.01|0.37|44.0759|25.1469
11|54|0|158|2.9|11.6|135|42.3|46.8|0.01|0.37|44.0733|24.2432
11|55|0|180|5.8|11.6|135|42.5|47.0|0.01|0.37|44.071|25.1469
11|56|0|180|8.7|11.6|135|42.6|47.0|0.01|0.37|44.0696|25.1469
11|57|0|225|7.3|11.6|135|42.4|46.8|0.01|0.37|44.0685|24.2432
11|59|0|180|11.6|11.6|135|42.5|46.6|0.01|0.37|44.0631|24.2432
12|00|0|180|8.1|11.7|180|42.7|46.4|0.01|0.37|44.0635|24.2432
12|01|0|180|5.8|11.7|180|43.0|46.5|0.01|0.37|44.0639|24.805
12|02|0|180|4.4|11.7|180|42.8|46.7|0.01|0.37|44.0647|24.2432
12|03|0|180|5.8|11.7|180|42.8|46.6|0.01|0.37|44.0614|24.2432
12|04|0|180|4.4|11.7|180|42.8|46.6|0.02|0.39|44.0598|24.2432
12|06|0|225|4.4|11.7|180|42.7|46.8|0.02|0.39|44.0604|24.2432
12|07|0|180|7.3|11.7|180|42.7|47.1|0.02|0.39|44.0591|25.1469
12|08|0|180|6.4|11.7|180|42.5|47.1|0.02|0.39|44.0589|25.1469
12|09|0|135|5.8|11.7|180|42.2|47.0|0.02|0.39|44.0564|25.1469
12|10|0|135|5.8|11.7|180|42.2|47.1|0.02|0.39|44.0557|25.1469
12|11|0|135|4.4|11.7|180|42.2|47.3|0.02|0.39|44.0525|25.1469
12|12|0|180|4.4|11.7|180|42.2|47.4|0.01|0.39|44.0488|25.1469
12|13|0|158|3.2|11.7|180|42.0|47.5|0.01|0.39|44.0515|25.1469
12|14|0|135|4.4|11.7|180|41.6|47.5|0.01|0.39|44.0503|24.5707
12|15|0|180|4.4|11.7|180|41.4|47.5|0.01|0.39|44.0482|24.5707
12|16|0|225|1.5|11.7|180|41.5|47.7|0.01|0.39|44.0475|24.5707
12|17|0|270|2.9|11.7|180|41.2|48.0|0.01|0.39|44.0445|25.4717
12|18|0|180|4.4|11.7|180|41.1|48.1|0.01|0.39|44.0428|25.4717
12|19|0|180|4.8|11.7|180|40.9|48.1|0.01|0.39|44.0425|24.8803
12|20|0|135|2.9|11.7|180|41.2|48.2|0.01|0.39|44.0437|25.4717
12|21|0|180|2.9|11.7|180|41.1|48.4|0.01|0.39|44.0436|25.4717
12|23|0|180|1.6|11.7|180|40.7|48.7|0.01|0.39|44.0429|24.8803
12|24|0|180|4.4|11.7|180|40.5|48.8|0.01|0.39|44.0377|24.8803
12|25|0|180|4.4|11.7|180|40.1|48.9|0.01|0.39|44.0371|24.8803
12|26|0|135|2.9|11.7|180|40.0|49.1|0.01|0.39|44.0387|25.7786
12|27|0|158|4.4|11.7|180|39.8|49.1|0.01|0.39|44.037|25.1714
12|28|0|203|3.2|11.7|180|39.7|49.2|0.01|0.39|44.0333|25.1714
12|29|0|135|5.8|11.7|180|39.4|49.2|0.01|0.39|44.0351|25.1714
12|30|0|90|2.9|11.7|180|39.3|49.2|0.01|0.39|44.0332|25.1714
12|31|0|135|4.4|11.7|180|39.5|49.4|0.01|0.39|44.0358|25.1714
12|32|0|90|3.2|11.7|180|39.6|49.5|0.01|0.39|44.0347|25.1714
12|33|0|180|4.4|11.7|180|39.4|49.7|0.01|0.39|44.0309|25.1714
12|34|0|180|4.4|11.7|180|39.0|49.8|0.01|0.39|44.0331|25.1714
12|35|0|135|2.9|11.7|180|38.9|49.9|0.01|0.39|44.0314|24.5502
12|36|0|180|1.5|11.7|180|38.6|50.0|0.01|0.39|44.0298|25.443
12|37|0|180|5.8|11.7|180|38.8|49.9|0.01|0.39|44.0284|24.5502
12|38|0|135|1.6|11.7|180|38.5|50.0|0.01|0.39|44.0283|25.443
12|40|0|180|4.4|11.7|180|38.6|50.0|0.01|0.39|44.0259|25.443
12|42|0|158|2.9|11.7|180|38.5|50.0|0.01|0.39|44.0263|25.443
12|44|0|225|4.4|11.7|180|38.8|50.1|0.01|0.39|44.0244|25.443
12|45|0|225|2.9|11.7|180|38.7|50.3|0.01|0.39|44.0212|25.443
12|46|0|135|3.2|11.7|180|38.3|50.5|0.01|0.39|44.0196|25.443
12|47|0|158|1.5|11.7|180|38.2|50.7|0.01|0.39|44.0181|25.443
12|48|0|135|3.2|11.7|180|38.3|50.8|0.01|0.39|44.0148|25.443
12|49|0|180|5.8|11.7|180|37.8|50.6|0.01|0.39|44.0136|24.8045
12|50|0|158|4.4|11.7|180|37.9|50.7|0.01|0.39|44.0122|24.8045
12|51|0|113|1.6|11.7|180|37.9|50.8|0.01|0.39|44.0098|24.8045
12|52|0|90|2.9|11.7|180|37.6|50.7|0.01|0.39|44.0111|24.8045
12|53|0|203|1.6|11.7|180|37.5|50.7|0.01|0.39|44.0111|24.8045
12|54|0|158|2.9|11.7|180|37.6|50.7|0.01|0.39|44.0102|24.8045
12|55|0|203|2.9|11.7|180|37.6|50.6|0.01|0.39|44.0121|24.8045
12|56|0|180|4.8|11.7|180|38.0|50.5|0.01|0.39|44.0105|25.443
12|57|0|180|4.4|11.7|180|37.8|50.5|0.01|0.39|44.0094|24.8045
12|58|0|180|2.9|11.7|180|37.9|50.5|0.01|0.39|44.0063|24.8045
13|00|0|180|4.8|11.7|180|37.9|50.6|0.01|0.39|44.004|24.8045
13|01|0|225|1.5|11.7|180|37.8|50.6|0.01|0.39|44.0043|24.8045
13|02|0|135|2.9|11.7|180|37.6|50.7|0.01|0.39|44.0038|24.8045
13|03|0|113|1.5|11.7|180|37.5|50.8|0.01|0.39|44.0035|24.8045
13|04|0|225|2.9|11.7|180|37.9|50.8|0.01|0.39|44.0001|24.8045
13|05|0|135|2.9|11.7|180|37.6|50.9|0.00|0.39|44.0024|24.8045
13|06|0|135|1.6|11.7|180|37.4|50.7|0.00|0.39|44.0032|24.8045
13|07|0|180|1.5|11.7|180|37.4|50.8|0.00|0.39|44.0005|24.8045
13|08|0|113|4.4|11.7|180|37.5|50.9|0.00|0.39|43.9979|24.8045
13|09|0|135|4.4|11.7|180|37.3|50.7|0.00|0.39|43.9966|24.8045
13|10|0|135|2.9|11.7|180|37.3|50.7|0.00|0.39|43.9957|24.8045
13|11|0|90|3.2|11.7|180|37.2|50.8|0.00|0.39|43.9934|24.8045
13|12|0|90|1.6|11.7|180|36.9|50.8|0.00|0.39|43.9929|24.1505
13|13|0|90|5.8|11.7|180|37.1|50.7|0.00|0.39|43.9929|24.8045
13|14|0|135|5.8|11.7|180|37.1|50.7|0.00|0.39|43.9897|24.8045
13|15|0|180|4.4|11.7|180|37.1|50.6|0.00|0.39|43.989|24.8045
13|16|0|180|5.8|11.7|180|37.0|50.6|0.00|0.39|43.9884|24.8045
13|18|0|180|2.9|11.7|180|37.1|50.6|0.00|0.39|43.9854|24.8045
13|19|0|113|1.5|11.7|180|37.2|50.8|0.00|0.39|43.9868|24.8045
13|21|0|225|2.9|11.7|180|36.9|51.2|0.00|0.39|43.9861|25.0376
13|22|0|180|0.0|11.7|180|36.6|51.3|0.00|0.39|43.9813|25.0376
13|23|0|45|2.9|11.7|180|36.2|51.6|0.00|0.39|43.9803|25.0376
13|25|0|68|1.6|11.7|180|35.8|51.7|0.00|0.39|43.9798|24.3645
13|25|0|45|2.9|11.7|180|36.0|51.7|0.00|0.39|43.9777|25.0376
13|26|0|90|1.6|11.7|180|35.9|51.7|0.00|0.39|43.978|24.3645
13|27|0|180|0.0|11.7|180|36.0|51.8|0.00|0.39|43.9757|25.0376
13|28|0|225|1.5|11.7|180|36.3|51.8|0.00|0.39|43.9729|25.0376
13|29|0|90|2.9|11.7|180|36.1|51.9|0.00|0.39|43.9739|25.0376
13|30|0|180|1.5|11.7|180|36.2|51.9|0.00|0.39|43.9716|25.0376
13|31|0|135|2.9|11.7|180|36.0|52.0|0.00|0.39|43.9715|25.9245
13|32|0|90|1.5|11.7|180|35.8|52.0|0.00|0.39|43.9713|25.2485
13|34|0|135|2.9|11.7|180|35.3|52.1|0.00|0.39|43.9704|25.2485
13|35|0|135|1.5|11.7|180|35.3|52.1|0.00|0.39|43.9715|25.2485
13|36|0|225|1.6|11.7|180|35.2|52.1|0.00|0.39|43.9694|25.2485
13|37|0|180|4.4|11.7|180|35.4|52.1|0.00|0.39|43.971|25.2485
13|38|0|90|1.5|11.7|180|35.4|52.2|0.00|0.39|43.9724|25.2485
13|40|0|270|1.5|11.7|180|35.2|52.6|0.00|0.39|43.9725|25.2485
13|42|0|45|1.5|11.7|180|34.6|53.2|0.00|0.39|43.9693|25.4361
13|43|0|90|3.2|11.7|180|33.9|53.2|0.00|0.39|43.9697|24.7215
13|44|0|90|0.0|11.7|180|33.4|52.9|0.00|0.39|43.9674|23.8436
13|45|0|180|1.5|11.7|180|33.7|52.9|0.00|0.39|43.9687|23.8436
13|48|0|180|2.9|11.7|180|33.5|52.7|0.00|0.39|43.9653|23.8436
13|49|0|135|1.5|11.7|180|33.2|52.7|0.00|0.39|43.9671|23.8436
13|50|0|90|1.6|11.7|180|33.1|52.8|0.00|0.39|43.9626|23.8436
13|51|0|90|1.5|11.7|180|33.1|52.8|0.00|0.39|43.9621|23.8436
13|52|0|45|2.9|11.7|180|33.0|52.9|0.00|0.39|43.9599|23.8436
13|53|0|45|1.5|11.7|180|32.9|52.8|0.00|0.39|43.9601|23.1126
13|54|0|45|4.4|11.7|180|32.9|52.6|0.00|0.39|43.9599|23.1126
13|56|0|135|2.9|11.7|180|33.2|52.4|0.00|0.39|43.9598|23.8436
13|58|0|90|2.9|11.7|180|33.4|52.0|0.00|0.39|43.9577|23.8436
13|59|0|90|1.5|11.7|180|33.4|52.0|0.00|0.39|43.9573|23.8436
14|00|0|90|2.9|11.7|180|33.3|52.0|0.00|0.39|43.9558|23.8436
14|01|0|90|2.9|11.7|180|33.6|51.8|0.00|0.39|43.9546|22.9654
14|02|0|135|2.9|11.7|180|34.2|51.7|0.00|0.39|43.9538|23.6741
14|03|0|0|1.5|11.7|180|34.2|51.8|0.00|0.39|43.9554|23.6741
14|04|0|45|1.5|11.7|180|34.2|51.9|0.00|0.39|43.9532|23.6741
14|05|0|135|0.0|11.7|180|34.2|52.0|0.00|0.39|43.9541|24.5552
14|06|0|135|2.9|11.7|180|34.4|52.1|0.00|0.39|43.9562|24.5552
14|07|0|135|3.2|11.7|180|34.1|51.9|0.00|0.39|43.9532|23.6741
14|08|0|135|6.4|11.7|180|34.2|51.6|0.00|0.39|43.9479|23.6741
14|09|0|113|3.2|11.7|180|34.4|51.6|0.00|0.39|43.9502|23.6741
14|10|0|135|4.4|11.7|180|34.4|51.5|0.00|0.39|43.9483|23.6741
14|12|0|135|2.9|11.7|180|34.6|51.3|0.00|0.39|43.949|23.6741
14|14|0|135|1.5|11.7|180|34.8|51.2|0.00|0.39|43.9479|23.6741
14|15|0|45|1.6|11.7|180|35.1|51.2|0.00|0.39|43.9504|24.3645
14|16|0|45|2.9|11.7|180|35.0|51.0|0.00|0.39|43.9491|24.3645
14|17|0|45|2.9|11.7|180|35.0|50.9|0.00|0.39|43.9501|23.4802
14|18|0|135|3.2|11.7|180|35.3|50.8|0.00|0.39|43.9515|23.4802
14|19|0|135|4.4|11.7|180|35.6|50.6|0.00|0.39|43.9539|23.4802
14|20|0|180|2.9|11.7|180|35.8|50.3|0.00|0.39|43.953|23.4802
14|21|0|135|4.4|11.7|180|35.9|50.2|0.00|0.39|43.9532|23.4802
14|22|0|180|1.5|11.7|180|36.0|50.0|0.00|0.39|43.9511|24.1505
14|23|0|135|2.9|11.7|180|35.9|49.8|0.00|0.39|43.9523|22.5957
14|24|0|135|1.5|11.7|180|36.0|49.8|0.00|0.39|43.9511|23.2632
14|25|0|135|3.2|11.7|180|36.1|49.8|0.00|0.39|43.9437|23.2632
14|26|0|90|1.5|11.7|180|36.2|49.8|0.00|0.39|43.9404|23.2632
14|27|0|180|3.2|11.7|180|36.1|49.9|0.00|0.39|43.9398|23.2632
14|28|0|135|1.6|11.7|180|36.1|50.1|0.00|0.39|43.9419|24.1505
14|29|0|135|2.9|11.7|180|35.8|50.2|0.00|0.39|43.9425|23.4802
14|30|0|180|2.9|11.7|180|35.4|50.2|0.00|0.39|43.9416|23.4802
14|31|0|90|4.4|11.7|180|35.6|50.2|0.00|0.39|43.9421|23.4802
14|33|0|90|2.9|11.7|180|35.9|50.0|0.00|0.39|43.9428|23.4802
14|34|0|135|3.2|11.7|180|36.2|49.9|0.00|0.39|43.9474|23.2632
14|35|0|135|1.5|11.7|180|36.6|49.5|0.00|0.39|43.9494|23.2632
14|36|0|135|1.5|11.7|180|36.8|49.4|0.00|0.39|43.9492|23.2632
14|37|0|135|1.5|11.7|180|36.9|49.4|0.00|0.39|43.9431|23.2632
14|38|0|90|1.5|11.7|180|37.1|49.5|0.00|0.39|43.9387|23.9144
14|39|0|135|1.5|11.7|180|37.1|49.7|0.01|0.40|43.9366|23.9144
14|40|0|135|1.5|11.7|180|37.2|49.9|0.01|0.40|43.935|23.9144
14|41|0|45|0.0|11.7|180|37.0|50.1|0.01|0.40|43.9342|24.8045
14|42|0|45|2.9|11.7|180|36.9|50.3|0.01|0.40|43.9364|24.1505
14|44|0|45|1.6|11.7|180|36.6|50.5|0.01|0.40|43.9343|24.1505
14|45|0|90|2.9|11.7|180|36.2|50.3|0.01|0.40|43.9388|24.1505
14|46|0|90|4.4|11.7|180|36.3|50.2|0.01|0.40|43.9368|24.1505
14|47|0|90|4.4|11.7|180|36.4|50.1|0.01|0.40|43.9338|24.1505
14|48|0|135|4.4|11.7|180|36.6|50.0|0.01|0.40|43.9311|24.1505
14|49|0|135|3.2|11.7|180|36.6|50.1|0.01|0.40|43.933|24.1505
14|51|0|90|3.2|11.7|180|36.6|50.1|0.01|0.40|43.9352|24.1505
14|52|0|45|1.5|11.7|180|36.3|50.1|0.01|0.40|43.9323|24.1505
14|53|0|90|1.6|11.7|180|36.4|50.2|0.01|0.40|43.9338|24.1505
14|54|0|135|1.6|11.7|180|36.5|50.3|0.01|0.40|43.9332|24.1505
14|55|0|135|1.5|11.7|180|36.4|50.6|0.01|0.40|43.9322|24.1505
14|56|0|90|1.5|11.7|180|36.2|50.7|0.01|0.40|43.9325|24.1505
14|57|0|135|1.5|11.7|180|36.1|50.7|0.01|0.40|43.9306|24.1505
14|58|0|158|1.5|11.7|180|35.9|50.8|0.01|0.40|43.9295|23.4802
14|59|0|90|1.5|11.7|180|35.7|50.9|0.01|0.40|43.9284|23.4802
15|00|0|68|1.5|11.7|180|35.7|51.0|0.01|0.40|43.9307|24.3645
15|01|0|23|1.5|11.7|180|35.5|51.0|0.01|0.40|43.9299|24.3645
15|02|0|68|6.4|11.7|180|35.6|51.0|0.01|0.40|43.9311|24.3645
15|03|0|45|2.9|11.7|180|35.9|50.9|0.01|0.40|43.931|23.4802
15|04|0|135|3.2|11.7|180|36.0|50.8|0.01|0.40|43.933|24.1505
15|06|0|135|2.9|11.7|180|35.8|50.5|0.01|0.40|43.9384|23.4802
15|08|0|45|3.2|11.7|180|36.0|50.3|0.01|0.40|43.9372|24.1505
15|10|0|135|0.0|11.7|180|36.0|50.3|0.01|0.40|43.9342|24.1505
15|11|0|90|1.5|11.7|180|36.1|50.3|0.01|0.40|43.9323|24.1505
15|12|0|90|1.5|11.7|180|36.0|50.2|0.01|0.40|43.9333|24.1505
15|13|0|180|2.9|11.7|180|36.0|50.2|0.01|0.40|43.9379|24.1505
15|14|0|135|1.5|11.7|180|36.2|50.1|0.01|0.40|43.938|24.1505
15|15|0|135|1.5|11.7|180|36.2|50.0|0.01|0.40|43.938|24.1505
15|16|0|135|1.6|11.7|180|36.1|49.9|0.01|0.40|43.9385|23.2632
15|17|0|180|2.9|11.7|180|36.3|49.7|0.01|0.40|43.9379|23.2632
15|18|0|90|1.5|11.7|180|36.5|49.7|0.01|0.40|43.9379|23.2632
15|19|0|135|0.0|11.7|180|36.8|49.5|0.01|0.40|43.9343|23.2632
15|20|0|90|2.9|11.7|180|36.9|49.7|0.01|0.40|43.9305|23.2632
15|21|0|90|0.0|11.7|180|36.7|49.7|0.01|0.40|43.9282|23.2632
15|22|0|90|0.0|11.7|180|36.7|49.8|0.01|0.40|43.9277|23.2632
15|23|0|90|0.0|11.7|180|36.6|49.8|0.01|0.40|43.9274|23.2632
15|24|0|90|1.5|11.7|180|36.6|49.7|0.01|0.40|43.9249|23.2632
15|26|0|270|0.0|11.7|180|36.6|49.8|0.01|0.40|43.925|23.2632
15|27|0|270|1.5|11.7|180|36.6|49.7|0.01|0.40|43.9246|23.2632
15|28|0|315|1.5|11.7|180|36.7|49.7|0.01|0.40|43.9273|23.2632
15|29|0|0|1.5|11.7|180|37.0|49.5|0.01|0.40|43.927|23.9144
15|30|0|0|2.9|11.7|180|37.1|49.4|0.01|0.40|43.9261|23.9144
15|31|0|90|1.5|11.7|180|37.4|49.4|0.01|0.40|43.9324|23.9144
15|32|0|90|2.9|11.7|180|37.5|49.2|0.01|0.40|43.9355|23.9144
15|33|0|90|1.5|11.7|180|37.5|49.0|0.01|0.40|43.935|23.9144
15|34|0|90|0.0|11.7|180|37.8|49.0|0.02|0.41|43.9334|23.9144
15|35|0|90|2.9|11.7|180|37.9|48.9|0.02|0.41|43.9366|23.0241
15|36|0|90|2.9|11.7|180|37.9|48.8|0.02|0.41|43.9361|23.0241
15|37|0|68|3.2|11.7|180|38.1|48.5|0.01|0.41|43.9346|23.6572
15|38|0|90|0.0|11.7|180|38.3|48.4|0.01|0.41|43.9359|23.6572
15|39|0|90|0.0|11.7|180|38.3|48.3|0.01|0.41|43.9354|23.6572
15|40|0|180|1.6|11.7|180|38.5|48.3|0.01|0.41|43.9359|23.6572
15|42|0|180|1.6|11.7|180|38.7|48.4|0.01|0.41|43.9321|23.6572
15|45|0|45|0.0|11.7|180|38.7|48.5|0.01|0.41|43.9292|23.6572
15|46|0|45|1.5|11.7|180|38.7|48.5|0.01|0.41|43.9307|23.6572
15|48|0|45|0.0|11.7|180|38.5|48.5|0.01|0.41|43.9289|23.6572
15|49|0|0|1.5|11.7|180|38.4|48.5|0.01|0.41|43.9307|23.6572
15|50|0|0|0.0|11.7|180|38.3|48.5|0.01|0.41|43.9306|23.6572
15|51|0|315|1.5|11.7|180|38.6|48.4|0.01|0.41|43.9293|23.6572
15|52|0|315|2.9|11.7|180|38.7|48.3|0.01|0.41|43.9326|23.6572
15|53|0|315|0.0|11.7|180|38.5|48.2|0.01|0.41|43.9323|23.6572
15|54|0|315|1.5|11.7|180|38.7|48.2|0.01|0.41|43.9317|23.6572
15|55|0|315|1.6|11.7|180|39.0|48.1|0.01|0.41|43.9317|24.2757
15|56|0|315|1.6|11.7|180|39.0|48.0|0.01|0.41|43.9313|24.2757
15|57|0|0|1.5|11.7|180|39.0|48.0|0.01|0.41|43.9321|24.2757
15|58|0|0|1.6|11.7|180|38.8|48.0|0.01|0.41|43.9299|23.6572
15|59|0|0|1.5|11.7|180|38.8|48.1|0.01|0.41|43.9284|23.6572
16|00|0|0|1.5|11.7|180|39.1|48.1|0.01|0.41|43.9244|24.2757
16|01|0|0|0.0|11.7|180|39.1|48.2|0.01|0.41|43.9194|24.2757
16|03|0|0|0.0|11.7|180|38.7|48.5|0.01|0.41|43.9168|23.6572
16|04|0|270|1.6|11.7|180|38.5|48.7|0.01|0.41|43.9159|23.6572
16|06|0|270|0.0|11.7|180|38.5|48.8|0.01|0.41|43.9209|23.6572
16|07|0|248|1.6|11.7|180|38.4|48.8|0.01|0.41|43.9253|23.6572
16|08|0|315|1.5|11.7|180|38.0|48.8|0.01|0.41|43.9259|23.6572
16|09|0|315|0.0|11.7|180|38.1|48.8|0.01|0.41|43.927|23.6572
16|10|0|270|0.0|11.7|180|38.1|48.8|0.01|0.41|43.9265|23.6572
16|11|0|270|1.6|11.7|180|37.9|48.8|0.01|0.41|43.9291|23.0241
16|12|0|270|1.5|11.7|180|37.7|48.7|0.01|0.41|43.9234|23.0241
16|13|0|315|1.5|11.7|180|37.7|48.5|0.01|0.41|43.9257|23.0241
16|14|0|315|1.6|11.7|180|38.1|48.4|0.01|0.41|43.9261|23.6572
16|15|0|315|1.5|11.7|180|38.6|48.4|0.01|0.41|43.9273|23.6572
16|16|0|315|1.5|11.7|180|38.7|48.3|0.01|0.41|43.9277|23.6572
16|17|0|315|0.0|11.7|180|38.8|48.3|0.01|0.41|43.9277|23.6572
16|18|0|315|1.5|11.7|180|38.9|48.2|0.01|0.41|43.9272|23.6572
16|19|0|315|0.0|11.7|180|38.6|48.1|0.01|0.41|43.9265|23.6572
16|20|0|315|1.5|11.7|180|38.6|48.1|0.01|0.41|43.9233|23.6572
16|21|0|315|0.0|11.7|180|39.0|48.2|0.01|0.41|43.9192|24.2757
16|22|0|315|1.6|11.7|180|39.3|48.2|0.01|0.41|43.9199|24.2757
16|23|0|315|1.5|11.7|180|38.9|48.2|0.01|0.41|43.9208|23.6572
16|24|0|315|0.0|11.7|180|38.5|48.2|0.01|0.41|43.9205|23.6572
16|25|0|315|0.0|11.7|180|38.5|48.2|0.01|0.41|43.9197|23.6572
16|28|0|315|0.0|11.7|180|38.7|48.0|0.01|0.41|43.9235|23.6572
16|29|0|315|0.0|11.7|180|38.8|48.0|0.01|0.41|43.9249|23.6572
16|30|0|315|0.0|11.7|180|39.0|47.9|0.01|0.41|43.9234|23.3798
16|31|0|315|0.0|11.7|180|39.1|48.0|0.02|0.42|43.9226|24.2757
16|32|0|315|0.0|11.7|180|39.2|48.0|0.02|0.42|43.9208|24.2757
16|33|0|315|0.0|11.7|180|39.0|48.0|0.02|0.42|43.9221|24.2757
16|34|0|315|0.0|11.7|180|38.8|47.9|0.01|0.42|43.9222|22.7639
16|35|0|315|0.0|11.7|180|38.8|47.9|0.01|0.42|43.9244|22.7639
16|36|0|315|0.0|11.7|180|38.7|47.7|0.01|0.42|43.921|22.7639
16|37|0|315|0.0|11.7|180|38.8|47.7|0.01|0.42|43.9195|22.7639
16|38|0|315|0.0|11.7|180|38.7|47.9|0.01|0.42|43.9188|22.7639
16|39|0|315|0.0|11.7|180|38.7|47.9|0.01|0.42|43.9197|22.7639
16|40|0|315|0.0|11.7|180|38.7|47.9|0.01|0.42|43.921|22.7639
16|41|0|315|0.0|11.7|180|38.8|47.7|0.01|0.42|43.9212|22.7639
16|42|0|315|0.0|11.7|180|39.0|47.6|0.01|0.42|43.9199|23.3798
16|43|0|315|0.0|11.7|180|39.0|47.5|0.01|0.42|43.9183|23.3798
16|45|0|315|0.0|11.7|180|39.0|47.4|0.01|0.42|43.9181|23.3798
16|45|0|315|0.0|11.7|180|39.1|47.4|0.01|0.42|43.9174|23.3798
16|48|0|315|0.0|11.7|180|39.5|47.5|0.01|0.42|43.9186|23.3798
16|49|0|315|0.0|11.7|180|39.5|47.5|0.01|0.42|43.9175|23.3798
16|50|0|315|0.0|11.7|180|39.4|47.4|0.01|0.42|43.9173|23.3798
16|51|0|315|0.0|11.7|180|39.2|47.4|0.01|0.42|43.9181|23.3798
16|52|0|315|0.0|11.7|180|39.1|47.2|0.01|0.42|43.9158|23.3798
16|53|0|270|1.5|11.7|180|39.1|47.1|0.01|0.42|43.9136|23.3798
16|54|0|270|1.6|11.7|180|39.1|47.2|0.01|0.42|43.9172|23.3798
16|55|0|270|0.0|11.7|180|39.1|47.1|0.01|0.42|43.9142|23.3798
16|56|0|270|1.5|11.7|180|39.1|47.0|0.01|0.42|43.9126|23.3798
16|57|0|270|1.6|11.7|180|39.2|46.7|0.01|0.42|43.9101|22.4837
16|58|0|270|0.0|11.7|180|39.3|46.7|0.01|0.42|43.9104|22.4837
16|59|0|270|0.0|11.7|180|39.4|46.6|0.01|0.42|43.9099|22.4837
17|00|0|270|0.0|11.7|180|39.5|46.5|0.01|0.42|43.9109|22.4837
17|01|0|270|0.0|11.7|180|39.6|46.4|0.01|0.42|43.9116|22.4837
17|02|0|270|0.0|11.7|180|39.6|46.3|0.01|0.42|43.912|22.4837
17|03|0|270|0.0|11.7|180|39.8|46.3|0.01|0.42|43.9123|22.4837
17|05|0|270|0.0|11.7|180|39.9|46.1|0.01|0.42|43.9092|22.4837
17|06|0|270|0.0|11.7|180|40.0|46.1|0.01|0.42|43.9095|23.0831
17|07|0|270|0.0|11.7|180|40.1|46.0|0.01|0.42|43.9094|23.0831
17|08|0|270|0.0|11.7|180|40.2|45.8|0.01|0.42|43.9092|22.1842
17|09|0|270|0.0|11.7|180|40.3|45.7|0.01|0.42|43.9068|22.1842
17|10|0|270|0.0|11.7|180|40.4|45.6|0.01|0.42|43.9086|22.1842
17|11|0|270|0.0|11.7|180|40.6|45.5|0.01|0.42|43.9076|22.1842
17|12|0|270|0.0|11.7|180|40.8|45.4|0.01|0.42|43.9088|22.1842
17|13|0|270|0.0|11.7|180|41.0|45.4|0.01|0.42|43.91|22.768
17|14|0|270|0.0|11.7|180|41.2|45.3|0.01|0.42|43.9107|22.768
17|15|0|270|0.0|11.7|180|41.3|45.2|0.01|0.42|43.9106|22.768
17|16|0|270|0.0|11.7|180|41.4|45.0|0.01|0.42|43.9098|22.768
17|17|0|270|0.0|11.7|180|41.6|45.0|0.01|0.42|43.9091|22.768
17|18|0|270|0.0|11.7|180|41.8|44.9|0.02|0.43|43.9104|21.8664
17|19|0|270|0.0|11.7|180|41.9|44.8|0.02|0.43|43.9094|21.8664
17|21|0|270|0.0|11.7|180|42.0|44.8|0.02|0.43|43.9107|22.4352
17|21|0|270|0.0|11.7|180|42.1|44.7|0.02|0.43|43.9133|22.4352
17|23|0|270|0.0|11.7|180|42.1|44.5|0.03|0.44|43.9145|22.4352
17|27|0|270|0.0|11.7|180|42.3|44.3|0.03|0.44|43.9133|22.4352
17|28|0|270|0.0|11.7|180|42.3|44.2|0.03|0.44|43.9121|22.4352
17|29|0|270|0.0|11.7|180|42.4|44.0|0.03|0.44|43.9128|22.4352
17|30|0|270|0.0|11.7|180|42.6|43.9|0.02|0.44|43.9125|21.5309
17|31|0|270|0.0|11.7|180|42.7|43.7|0.02|0.44|43.9091|21.5309
17|32|0|270|0.0|11.7|180|42.9|43.6|0.02|0.44|43.9101|21.5309
17|33|0|270|0.0|11.7|180|43.1|43.5|0.02|0.44|43.9094|22.0855
17|34|0|270|0.0|11.7|180|43.3|43.4|0.02|0.44|43.91|22.0855
17|35|0|270|0.0|11.7|180|43.5|43.1|0.02|0.44|43.9078|22.0855
17|36|0|270|0.0|11.7|180|43.7|43.0|0.02|0.44|43.9076|22.0855
17|37|0|270|0.0|11.7|180|43.9|42.9|0.02|0.44|43.909|21.1786
17|38|0|270|2.9|11.7|180|44.1|42.8|0.02|0.44|43.9104|21.7194
17|39|0|270|1.5|11.7|180|44.4|42.7|0.02|0.44|43.9143|21.7194
17|40|0|270|1.6|11.7|180|44.6|42.6|0.02|0.44|43.9171|21.7194
17|41|0|270|1.5|11.7|180|44.7|42.5|0.02|0.44|43.9171|21.7194
17|44|0|270|1.5|11.7|180|45.1|42.2|0.02|0.44|43.9179|22.2495
17|45|0|270|0.0|11.7|180|45.5|42.1|0.02|0.44|43.9173|22.2495
17|46|0|270|1.6|11.7|180|45.7|42.1|0.02|0.44|43.9195|22.2495
17|47|0|270|1.5|11.7|180|45.9|42.0|0.02|0.44|43.9181|22.2495
17|50|0|270|1.5|11.7|180|46.3|41.9|0.02|0.44|43.9185|21.8552
17|51|0|270|1.5|11.7|180|46.4|41.8|0.02|0.44|43.9187|21.8552
17|52|0|270|1.6|11.7|180|46.5|41.8|0.02|0.44|43.9184|21.8552
17|53|0|270|1.5|11.7|180|46.7|41.7|0.02|0.44|43.9196|21.8552
17|54|0|270|1.5|11.7|180|46.7|41.7|0.02|0.44|43.9206|21.8552
17|55|0|270|1.6|11.7|180|46.9|41.6|0.02|0.44|43.9185|21.8552
17|56|0|270|0.0|11.7|180|47.0|41.6|0.02|0.44|43.9188|22.3627
17|57|0|270|1.5|11.7|180|47.0|41.6|0.02|0.44|43.9193|22.3627
17|58|0|270|0.0|11.7|180|47.1|41.6|0.02|0.44|43.9192|22.3627
17|59|0|270|0.0|11.7|180|47.1|41.6|0.02|0.44|43.921|22.3627
18|00|0|270|1.6|11.7|180|47.1|41.6|0.02|0.44|43.9199|22.3627
18|01|0|270|1.6|11.7|180|47.1|41.5|0.02|0.44|43.9189|22.3627
18|02|0|270|0.0|11.7|180|47.2|41.5|0.02|0.44|43.9218|22.3627
18|03|0|270|1.6|11.7|180|47.3|41.5|0.02|0.44|43.9205|22.3627
18|04|0|270|0.0|11.7|180|47.3|41.3|0.02|0.44|43.9209|22.3627
18|06|0|270|1.5|11.7|180|47.4|41.3|0.03|0.45|43.9226|22.3627
18|07|0|270|1.6|11.7|180|47.5|41.2|0.03|0.45|43.9225|22.3627
18|08|0|270|0.0|11.7|180|47.6|41.2|0.03|0.45|43.9226|22.3627
18|09|0|270|0.0|11.7|180|47.7|41.1|0.03|0.45|43.9222|22.3627
18|12|0|270|1.5|11.7|180|47.9|41.0|0.03|0.45|43.9217|22.3627
18|13|0|270|0.0|11.7|180|48.1|40.9|0.03|0.45|43.9215|21.9422
18|14|0|270|0.0|11.7|180|48.2|40.9|0.03|0.45|43.9237|21.9422
18|16|0|270|1.5|11.7|180|48.2|40.8|0.03|0.45|43.9256|21.9422
18|17|0|270|0.0|11.7|180|48.3|40.7|0.03|0.45|43.926|21.9422
18|18|0|270|0.0|11.7|180|48.4|40.7|0.02|0.45|43.9279|21.9422
18|19|0|270|0.0|11.7|180|48.4|40.5|0.02|0.45|43.9273|21.9422
18|21|0|270|0.0|11.7|180|48.4|40.4|0.02|0.45|43.9261|21.9422
18|21|0|270|0.0|11.7|180|48.4|40.4|0.02|0.45|43.9281|21.9422
18|22|0|270|0.0|11.7|180|48.5|40.3|0.01|0.45|43.9268|21.9422
18|23|0|270|0.0|11.7|180|48.6|40.3|0.01|0.45|43.9254|21.9422
18|24|0|270|0.0|11.7|180|48.6|40.2|0.01|0.45|43.9248|21.9422
18|25|0|270|0.0|11.7|180|48.6|40.1|0.01|0.45|43.9256|21.9422
18|27|0|270|0.0|11.7|180|48.7|40.0|0.01|0.45|43.9241|21.9422
18|28|0|270|0.0|11.7|180|48.8|39.9|0.01|0.45|43.9235|21.0233
18|29|0|270|0.0|11.7|180|49.0|39.9|0.01|0.45|43.9242|21.508
18|30|0|270|0.0|11.7|180|49.2|39.8|0.01|0.45|43.9234|21.508
18|31|0|270|0.0|11.7|180|49.4|39.7|0.01|0.45|43.9237|21.508
18|32|0|270|0.0|11.7|180|49.6|39.5|0.01|0.45|43.9226|21.508
18|33|0|270|0.0|11.7|180|49.8|39.4|0.01|0.45|43.9236|21.508
18|35|0|270|0.0|11.7|180|50.0|39.3|0.01|0.45|43.9254|21.984
18|36|0|270|0.0|11.7|180|50.0|39.2|0.01|0.45|43.9246|21.984
18|37|0|270|0.0|11.7|180|50.1|39.1|0.01|0.45|43.9238|21.984
18|38|0|270|0.0|11.7|180|50.3|39.0|0.01|0.45|43.9257|21.984
18|39|0|270|0.0|11.7|180|50.4|38.9|0.01|0.45|43.9274|21.0608
18|40|0|270|0.0|11.7|180|50.5|38.7|0.01|0.45|43.9262|21.0608
18|41|0|270|0.0|11.7|180|50.9|38.6|0.01|0.45|43.925|21.0608
18|42|0|270|0.0|11.7|180|51.2|38.6|0.01|0.45|43.9285|21.5263
18|44|0|270|0.0|11.7|180|51.6|38.4|0.01|0.45|43.9272|21.5263
18|45|0|270|0.0|11.7|180|51.9|38.4|0.01|0.45|43.9294|21.5263
18|46|0|270|0.0|11.7|180|52.0|38.3|0.01|0.45|43.9286|21.9838
18|48|0|270|0.0|11.7|180|52.2|38.2|0.01|0.45|43.926|21.9838
18|49|0|270|0.0|11.7|180|52.3|38.1|0.01|0.45|43.9277|21.9838
18|50|0|270|0.0|11.7|180|52.5|38.0|0.01|0.45|43.925|21.9838
18|51|0|270|0.0|11.7|180|52.5|37.8|0.01|0.45|43.9262|21.0563
18|52|0|270|0.0|11.7|180|52.6|37.7|0.01|0.45|43.9245|21.0563
18|53|0|270|0.0|11.7|180|52.7|37.7|0.01|0.45|43.9234|21.0563
18|54|0|270|0.0|11.7|180|52.9|37.6|0.01|0.45|43.9243|21.0563
18|55|0|270|0.0|11.7|180|53.0|37.6|0.01|0.45|43.9243|21.5041
18|56|0|270|1.5|11.7|180|52.9|37.5|0.01|0.45|43.9226|21.0563
18|57|0|270|0.0|11.7|180|52.8|37.4|0.01|0.45|43.923|21.0563
18|58|0|270|0.0|11.7|180|52.9|37.4|0.01|0.45|43.9243|21.0563
18|59|0|270|0.0|11.7|180|53.0|37.2|0.01|0.45|43.9226|21.5041
19|00|0|270|0.0|11.7|180|53.5|37.2|0.01|0.45|43.9227|21.5041
19|01|0|270|0.0|11.7|180|53.8|37.1|0.01|0.45|43.9227|21.5041
19|02|0|270|0.0|11.7|180|54.0|37.1|0.01|0.45|43.923|21.9444
19|03|0|270|0.0|11.7|180|54.0|37.0|0.01|0.45|43.9215|21.9444
19|04|0|270|0.0|11.7|180|54.0|36.8|0.00|0.45|43.9216|21.0128
19|05|0|270|0.0|11.7|180|54.2|36.7|0.00|0.45|43.922|21.0128
19|06|0|270|1.5|11.7|180|54.5|36.6|0.00|0.45|43.9204|21.0128
19|08|0|270|1.5|11.7|180|54.5|36.6|0.00|0.45|43.9217|21.0128
19|09|0|270|0.0|11.7|180|54.5|36.5|0.00|0.45|43.9213|21.0128
19|10|0|270|0.0|11.7|180|54.8|36.4|0.00|0.45|43.9201|21.0128
19|11|0|270|1.6|11.7|180|55.0|36.3|0.00|0.45|43.9189|21.444
19|12|0|270|0.0|11.7|180|55.3|36.3|0.00|0.45|43.9203|21.444
19|13|0|270|0.0|11.7|180|55.4|36.2|0.00|0.45|43.9188|21.444
19|14|0|270|0.0|11.7|180|55.4|36.2|0.00|0.45|43.9177|21.444
19|15|0|270|0.0|11.7|180|55.5|36.0|0.00|0.45|43.9158|21.444
19|17|0|270|0.0|11.7|180|55.7|35.9|0.00|0.45|43.9145|20.5103
19|18|0|270|0.0|11.7|180|55.7|35.8|0.00|0.45|43.9155|20.5103
19|19|0|270|0.0|11.7|180|55.8|35.8|0.00|0.45|43.9164|20.5103
19|20|0|270|0.0|11.7|180|55.8|35.7|0.00|0.45|43.9152|20.5103
19|21|0|270|0.0|11.7|180|55.9|35.7|0.00|0.45|43.9164|20.5103
19|22|0|270|0.0|11.7|180|56.2|35.6|0.00|0.45|43.9156|20.9328
19|23|0|270|0.0|11.7|180|56.5|35.5|0.00|0.45|43.9162|20.9328
19|25|0|270|0.0|11.7|180|56.8|35.5|0.00|0.45|43.9188|20.9328
19|26|0|270|0.0|11.7|180|57.0|35.3|0.00|0.45|43.9193|21.3486
19|27|0|270|1.5|11.7|180|57.4|35.2|0.00|0.45|43.9195|21.3486
19|28|0|270|1.6|11.7|180|57.8|35.0|0.00|0.45|43.9211|21.3486
19|29|0|270|1.5|11.7|180|58.2|34.8|0.00|0.45|43.9202|20.8185
19|30|0|270|1.5|11.7|180|58.8|34.8|0.00|0.45|43.9229|20.8185
19|31|0|270|1.6|11.7|180|59.2|34.7|0.00|0.45|43.9232|21.2198
19|32|0|270|1.5|11.7|180|59.2|34.6|0.00|0.45|43.923|21.2198
19|33|0|270|1.5|11.7|180|59.3|34.5|0.00|0.45|43.9229|21.2198
19|34|0|270|1.5|11.7|180|59.7|34.5|0.00|0.45|43.9224|21.2198
19|35|0|270|1.5|11.7|180|60.3|34.4|0.00|0.45|43.9215|21.6152
19|36|0|270|0.0|11.7|180|60.8|34.4|0.00|0.45|43.9204|21.6152
19|37|0|270|1.5|11.7|180|61.0|34.2|0.00|0.45|43.9197|22.0047
19|38|0|270|0.0|11.7|180|61.0|34.2|0.00|0.45|43.9202|22.0047
19|39|0|270|0.0|11.7|180|61.0|34.2|0.00|0.45|43.9185|22.0047
19|40|0|270|0.0|11.7|180|61.0|34.1|0.00|0.45|43.9187|22.0047
19|41|0|270|1.5|11.7|180|61.1|34.1|0.00|0.45|43.9178|22.0047
19|42|0|270|1.6|11.7|180|61.1|34.1|0.00|0.45|43.9197|22.0047
19|43|0|270|1.5|11.7|180|61.2|34.1|0.00|0.45|43.9189|22.0047
19|44|0|270|1.6|11.7|180|61.9|34.0|0.00|0.45|43.9188|22.0047
19|46|0|270|1.6|11.7|180|62.3|34.0|0.00|0.45|43.9168|22.3886
19|47|0|270|1.5|11.7|180|62.6|33.9|0.00|0.45|43.9172|21.442
19|48|0|270|1.5|11.7|180|62.8|33.8|0.00|0.45|43.9177|21.442
19|49|0|270|0.0|11.7|180|62.7|33.8|0.00|0.45|43.9164|21.442
19|51|0|270|1.5|11.7|180|62.7|33.7|0.01|0.46|43.9134|21.442
19|53|0|270|0.0|11.7|180|62.7|33.6|0.01|0.46|43.913|21.442
19|54|0|270|0.0|0.0|180|62.9|33.6|0.01|0.00|43.9152|21.442
19|55|0|270|0.0|0.0|180|62.8|33.6|0.01|0.00|43.9148|21.442
19|56|0|270|0.0|0.0|180|62.8|33.5|0.01|0.00|43.9123|21.442
19|57|0|270|1.5|1.6|270|63.1|33.5|0.01|0.00|43.9143|21.8187
19|58|0|270|0.0|1.6|270|63.2|33.5|0.01|0.00|43.9142|21.8187
19|59|0|270|1.5|1.6|270|63.1|33.5|0.01|0.00|43.9157|21.8187
20|00|0|270|1.6|1.6|270|63.2|33.5|0.00|0.00|43.9157|21.8187
20|01|0|270|0.0|1.6|270|63.3|33.3|0.00|0.00|43.9148|21.8187
20|02|0|270|0.0|1.6|270|63.2|33.3|0.00|0.00|43.9146|21.8187
20|03|0|270|0.0|1.6|270|63.2|33.3|0.00|0.00|43.917|21.8187
20|05|0|270|0.0|1.6|270|63.3|33.3|0.00|0.00|43.9151|21.8187
20|06|0|270|0.0|1.6|270|63.4|33.2|0.00|0.00|43.9159|21.8187
20|07|0|270|0.0|1.6|270|63.6|33.2|0.00|0.00|43.9147|21.8187
20|09|0|270|0.0|1.6|270|63.9|33.2|0.00|0.00|43.9153|21.8187
20|10|0|270|0.0|1.6|270|64.1|33.1|0.00|0.00|43.9148|22.1902
20|11|0|270|0.0|1.6|270|64.1|33.0|0.00|0.00|43.9136|22.1902
20|12|0|270|0.0|1.6|270|64.2|33.0|0.00|0.00|43.9148|22.1902
20|13|0|270|0.0|1.6|270|64.2|33.0|0.00|0.00|43.9155|22.1902
20|14|0|270|0.0|1.6|270|64.2|32.9|0.00|0.00|43.9143|21.24
20|15|0|270|1.5|1.6|270|64.2|32.8|0.00|0.00|43.9152|21.24
20|16|0|270|0.0|1.6|270|64.3|32.7|0.00|0.00|43.9151|21.24
20|17|0|270|1.5|1.6|270|64.5|32.7|0.00|0.00|43.9163|21.24
20|18|0|270|0.0|1.6|270|64.7|32.6|0.00|0.00|43.9184|21.24
20|19|0|270|0.0|1.6|270|64.8|32.5|0.00|0.00|43.9184|21.24
20|20|0|270|0.0|1.6|270|64.8|32.3|0.00|0.00|43.9215|21.24
20|21|0|270|0.0|1.6|270|64.8|32.2|0.00|0.00|43.9221|21.24
20|22|0|270|0.0|1.6|270|64.8|32.2|0.00|0.00|43.923|21.24
20|23|0|270|0.0|1.6|270|64.7|32.2|0.00|0.00|43.9267|21.24
20|25|0|270|0.0|1.6|270|64.9|32.1|0.00|0.00|43.9256|21.24
20|26|0|270|0.0|1.6|270|65.3|32.1|0.00|0.00|43.9256|21.6047
20|27|0|270|0.0|2.9|270|65.5|32.1|0.00|0.00|43.9272|21.6047
20|28|0|270|1.5|2.9|270|65.6|32.0|0.00|0.00|43.9256|21.6047
20|29|0|270|1.5|2.9|270|65.5|32.0|0.00|0.00|43.9267|21.6047
20|30|0|270|0.0|2.9|270|65.4|31.9|0.00|0.00|43.9252|20.6527
20|31|0|270|0.0|2.9|270|65.4|31.8|0.00|0.00|43.9242|20.6527
20|32|0|270|0.0|2.9|270|65.1|31.8|0.00|0.00|43.924|20.6527
20|34|0|270|0.0|2.9|270|64.9|31.5|0.00|0.00|43.9224|20.2897
20|35|0|270|0.0|2.9|270|64.9|31.5|0.00|0.00|43.9245|20.2897
20|36|0|270|0.0|2.9|270|65.0|31.4|0.00|0.00|43.9249|20.6527
20|38|0|270|0.0|2.9|270|65.4|31.3|0.00|0.00|43.9254|20.6527
20|39|0|270|0.0|2.9|270|65.7|31.2|0.00|0.00|43.9256|20.6527
20|40|0|270|0.0|2.9|270|65.9|31.2|0.00|0.00|43.9262|20.6527
20|41|0|270|0.0|2.9|270|66.0|31.2|0.00|0.00|43.9277|21.0109
20|42|0|270|0.0|2.9|270|66.2|31.1|0.00|0.00|43.926|21.0109
20|44|0|270|0.0|2.9|270|66.6|31.1|0.00|0.00|43.9268|21.0109
20|45|0|270|0.0|2.9|270|66.9|31.1|0.00|0.00|43.9291|21.0109
20|46|0|270|0.0|2.9|270|66.7|31.1|0.00|0.00|43.9282|21.0109
20|47|0|270|0.0|2.9|270|66.6|31.0|0.00|0.00|43.9256|21.0109
20|48|0|270|0.0|2.9|270|66.7|31.0|0.00|0.00|43.9276|21.0109
20|49|0|270|0.0|2.9|270|66.6|31.0|0.00|0.00|43.9262|21.0109
20|51|0|270|1.5|2.9|270|67.1|30.8|0.00|0.00|43.9249|20.4089
20|52|0|270|1.6|3.2|270|67.4|30.6|0.01|0.01|43.9259|20.4089
20|53|0|270|1.5|3.2|270|67.9|30.5|0.01|0.01|43.9246|20.4089
20|54|0|270|1.6|3.2|270|67.8|30.5|0.01|0.01|43.9233|20.4089
20|55|0|270|0.0|3.2|270|67.5|30.4|0.01|0.01|43.9243|20.4089
20|56|0|270|0.0|3.2|270|67.4|30.4|0.01|0.01|43.9236|20.4089
20|57|0|270|1.6|3.2|270|67.5|30.3|0.01|0.01|43.9237|20.4089
20|58|0|270|0.0|3.2|270|67.5|30.3|0.01|0.01|43.9252|20.4089
20|59|0|270|0.0|3.2|270|67.6|30.2|0.01|0.01|43.9237|20.4089
21|00|0|270|0.0|3.2|270|67.5|30.2|0.01|0.01|43.9257|20.4089
21|01|0|270|0.0|3.2|270|67.4|30.2|0.01|0.01|43.9248|20.4089
21|02|0|270|0.0|3.2|270|67.4|30.1|0.01|0.01|43.9252|20.4089
21|04|0|270|0.0|3.2|270|67.6|30.0|0.01|0.01|43.9253|20.4089
21|05|0|270|0.0|3.2|270|67.8|30.0|0.01|0.01|43.9237|20.4089
21|08|0|270|0.0|3.2|270|68.9|29.6|0.01|0.01|43.9232|19.7989
21|09|0|270|0.0|3.2|270|68.9|29.6|0.01|0.01|43.9217|19.7989
21|10|0|270|0.0|3.2|270|68.9|29.5|0.01|0.01|43.9251|19.7989
21|12|0|270|0.0|3.2|270|69.3|29.5|0.01|0.01|43.9251|20.14
21|13|0|270|0.0|3.2|270|69.6|29.4|0.01|0.01|43.9221|20.14
21|14|0|270|0.0|3.2|270|70.3|29.4|0.01|0.01|43.9242|20.4766
21|17|0|270|0.0|3.2|270|70.7|29.4|0.01|0.01|43.9213|20.4766
21|18|0|270|0.0|3.2|270|71.0|29.4|0.01|0.01|43.9228|20.809
21|19|0|270|0.0|3.2|270|71.4|29.4|0.01|0.01|43.9195|20.809
21|20|0|270|0.0|3.2|270|71.5|29.4|0.01|0.01|43.92|20.809
21|21|0|270|1.5|3.2|270|71.5|29.4|0.01|0.01|43.9204|20.809
21|22|0|270|0.0|3.2|270|71.5|29.4|0.01|0.01|43.9209|20.809
21|23|0|270|1.5|3.2|270|71.6|29.4|0.01|0.01|43.9215|20.809
21|24|0|270|1.5|3.2|270|71.8|29.4|0.01|0.01|43.9197|20.809
21|25|0|270|1.5|3.2|270|71.8|29.4|0.01|0.01|43.9194|20.809
21|27|0|270|1.6|3.2|270|71.5|29.4|0.01|0.01|43.9206|20.809
21|28|0|270|0.0|3.2|270|71.3|29.4|0.01|0.01|43.9193|20.809
21|29|0|270|1.5|3.2|270|71.3|29.4|0.01|0.01|43.9217|20.809
21|30|0|270|1.6|3.2|270|71.4|29.4|0.01|0.01|43.9206|20.809
21|31|0|270|0.0|3.2|270|71.4|29.4|0.01|0.01|43.9209|20.809
21|32|0|270|1.5|3.2|270|71.3|29.4|0.01|0.01|43.9203|20.809
21|33|0|270|1.6|3.2|270|71.2|29.4|0.01|0.01|43.9205|20.809
21|34|0|270|0.0|3.2|270|71.1|29.4|0.01|0.01|43.9208|20.809
21|35|0|270|1.5|3.2|270|70.9|29.4|0.01|0.01|43.9206|20.4766
21|36|0|270|1.5|3.2|270|70.9|29.4|0.01|0.01|43.9213|20.4766
21|37|0|270|1.5|3.2|270|70.7|29.3|0.01|0.01|43.9197|20.4766
21|39|0|270|1.6|3.2|270|70.4|29.3|0.01|0.01|43.9197|20.4766
21|40|0|270|0.0|3.2|270|70.2|29.3|0.01|0.01|43.9171|20.4766
21|41|0|270|0.0|3.2|270|70.0|29.3|0.01|0.01|43.9201|20.4766
21|42|0|270|0.0|3.2|270|70.0|29.2|0.01|0.01|43.9186|20.4766
21|43|0|270|0.0|3.2|270|70.0|29.2|0.01|0.01|43.9163|20.4766
21|44|0|270|0.0|3.2|270|70.1|29.1|0.01|0.01|43.9158|20.4766
21|45|0|270|1.6|3.2|270|70.3|29.1|0.01|0.01|43.9187|20.4766
21|46|0|270|0.0|3.2|270|70.4|29.1|0.01|0.01|43.9175|20.4766
21|47|0|270|0.0|3.2|270|70.7|29.1|0.01|0.01|43.9199|20.4766
21|48|0|270|1.5|3.2|270|71.2|29.0|0.01|0.01|43.9205|20.809
21|49|0|270|1.5|3.2|270|71.5|29.0|0.01|0.01|43.9213|20.809
21|50|0|270|0.0|3.2|270|71.5|28.8|0.01|0.01|43.9199|19.8472
21|51|0|270|1.5|3.2|270|71.5|28.8|0.00|0.01|43.9199|19.8472
21|52|0|135|1.5|3.2|270|71.6|28.8|0.00|0.01|43.9211|19.8472
21|53|0|135|1.5|3.2|270|71.9|28.7|0.00|0.01|43.9202|19.8472
21|54|0|135|1.6|3.2|270|72.0|28.7|0.00|0.01|43.9209|20.174
21|55|0|135|0.0|3.2|270|71.9|28.6|0.00|0.01|43.9201|19.8472
21|56|0|135|0.0|3.2|270|71.8|28.6|0.00|0.01|43.9185|19.8472
21|57|0|135|0.0|3.2|270|72.0|28.6|0.00|0.01|43.9203|20.174
21|58|0|135|0.0|3.2|270|72.2|28.5|0.00|0.01|43.9205|20.174
22|01|0|135|0.0|3.2|270|72.0|28.5|0.00|0.01|43.9204|20.174
22|02|0|135|0.0|3.2|270|72.1|28.4|0.00|0.01|43.9203|20.174
22|03|0|135|0.0|3.2|270|72.2|28.4|0.00|0.01|43.9203|20.174
22|04|0|135|0.0|3.2|270|72.3|28.4|0.00|0.01|43.9206|20.174
22|06|0|135|0.0|3.2|270|72.4|28.3|0.00|0.01|43.9215|20.174
22|07|0|135|1.5|3.2|270|72.4|28.2|0.00|0.01|43.921|20.174
22|08|0|135|0.0|3.2|270|72.4|28.2|0.01|0.02|43.923|20.174
22|09|0|135|1.5|3.2|270|72.3|28.1|0.01|0.02|43.9238|20.174
22|10|0|135|0.0|3.2|270|72.3|28.1|0.01|0.02|43.9242|20.174
22|11|0|135|0.0|3.2|270|72.5|28.1|0.01|0.02|43.9248|20.174
22|12|0|135|0.0|3.2|270|72.7|28.0|0.01|0.02|43.9258|20.174
22|13|0|135|0.0|3.2|270|72.9|28.0|0.01|0.02|43.9266|20.174
22|14|0|135|0.0|3.2|270|73.0|28.0|0.01|0.02|43.9268|20.4968
22|15|0|135|0.0|3.2|270|73.0|28.1|0.01|0.02|43.929|20.4968
22|17|0|135|0.0|3.2|270|72.8|28.0|0.01|0.02|43.9299|20.174
22|18|0|135|0.0|3.2|270|72.7|28.0|0.01|0.02|43.9289|20.174
22|19|0|135|0.0|3.2|270|72.7|28.0|0.01|0.02|43.9277|20.174
22|21|0|135|0.0|3.2|270|72.7|28.0|0.02|0.03|43.9259|20.174
22|22|0|135|0.0|3.2|270|72.6|27.8|0.02|0.03|43.9269|19.2106
22|23|0|135|0.0|3.2|270|72.4|27.8|0.02|0.03|43.9259|19.2106
22|24|0|135|0.0|3.2|270|72.2|27.7|0.02|0.03|43.9228|19.2106
22|25|0|135|0.0|3.2|270|72.1|27.7|0.02|0.03|43.9217|19.2106
22|26|0|135|0.0|3.2|270|72.1|27.7|0.02|0.03|43.9215|19.2106
22|27|0|135|0.0|3.2|270|72.1|27.6|0.02|0.03|43.9209|19.2106
22|28|0|135|0.0|3.2|270|72.4|27.6|0.02|0.03|43.922|19.2106
22|29|0|135|0.0|3.2|270|72.9|27.5|0.02|0.03|43.9208|19.2106
22|30|0|135|0.0|3.2|270|73.5|27.5|0.02|0.03|43.9208|19.5319
22|31|0|135|0.0|3.2|270|73.9|27.5|0.02|0.03|43.9212|19.5319
22|32|0|135|0.0|3.2|270|74.2|27.4|0.02|0.03|43.9212|19.8493
22|33|0|135|0.0|3.2|270|74.1|27.4|0.02|0.03|43.9206|19.8493
22|34|0|135|0.0|3.2|270|74.2|27.4|0.02|0.03|43.9224|19.8493
22|35|0|135|0.0|3.2|270|74.3|27.3|0.02|0.03|43.9209|19.8493
22|37|0|135|0.0|3.2|270|74.3|27.3|0.02|0.03|43.9218|19.8493
22|38|0|135|0.0|3.2|270|74.5|27.4|0.02|0.03|43.924|19.8493
22|39|0|135|0.0|3.2|270|74.6|27.3|0.02|0.03|43.9209|19.8493
22|40|0|135|0.0|3.2|270|74.7|27.3|0.02|0.03|43.9219|19.8493
22|41|0|135|0.0|3.2|270|74.7|27.3|0.02|0.03|43.9217|19.8493
22|42|0|135|0.0|3.2|270|74.9|27.3|0.02|0.03|43.92|19.8493
22|44|0|135|0.0|3.2|270|74.5|27.3|0.02|0.03|43.9221|19.8493
22|46|0|135|1.5|3.2|270|74.1|27.2|0.02|0.03|43.9216|19.8493
22|48|0|135|0.0|3.2|270|74.4|27.2|0.02|0.03|43.921|19.8493
22|49|0|135|0.0|3.2|270|74.4|27.2|0.02|0.03|43.9225|19.8493
22|50|0|135|0.0|3.2|270|74.3|27.2|0.02|0.03|43.9224|19.8493
22|51|0|135|0.0|3.2|270|74.8|27.2|0.02|0.03|43.922|19.8493
22|52|0|135|0.0|3.2|270|75.4|27.0|0.02|0.03|43.9188|20.1629
22|53|0|135|0.0|3.2|270|75.5|27.0|0.02|0.03|43.9186|20.1629
22|55|0|135|0.0|3.2|270|75.3|27.0|0.02|0.03|43.9202|20.1629
22|56|0|135|1.5|3.2|270|75.6|27.0|0.02|0.03|43.9192|20.1629
22|59|0|135|0.0|3.2|270|76.3|27.2|0.02|0.03|43.9187|20.4728
23|00|0|135|0.0|3.2|270|76.6|27.2|0.02|0.03|43.9178|20.4728
23|01|0|135|0.0|3.2|270|76.7|27.2|0.02|0.03|43.9177|20.4728
23|02|0|135|0.0|3.2|270|76.8|27.2|0.02|0.03|43.9137|20.4728
23|03|0|135|0.0|3.2|270|76.7|27.2|0.02|0.03|43.9126|20.4728
23|05|0|135|0.0|3.2|270|76.1|27.2|0.02|0.03|43.9094|20.4728
23|06|0|135|1.5|3.2|270|75.9|27.2|0.02|0.03|43.9079|20.1629
23|07|0|135|1.5|3.2|270|76.1|27.3|0.02|0.04|43.9097|20.4728
23|08|0|135|0.0|3.2|270|76.3|27.3|0.02|0.04|43.9081|20.4728
23|09|0|135|1.6|3.2|270|76.4|27.3|0.02|0.04|43.9075|20.4728
23|10|0|135|0.0|3.2|270|76.3|27.3|0.02|0.04|43.9074|20.4728
23|11|0|135|0.0|3.2|270|76.1|27.3|0.02|0.04|43.9081|20.4728
23|12|0|135|0.0|3.2|270|75.6|27.3|0.02|0.04|43.9059|20.1629
23|13|0|135|0.0|3.2|270|75.2|27.3|0.02|0.04|43.9069|20.1629
23|14|0|135|0.0|3.2|270|75.1|27.3|0.02|0.04|43.9092|20.1629
23|15|0|135|0.0|3.2|270|75.2|27.3|0.02|0.04|43.9102|20.1629
23|16|0|135|0.0|3.2|270|75.2|27.3|0.02|0.04|43.9115|20.1629
23|17|0|135|0.0|3.2|270|75.2|27.2|0.02|0.04|43.9095|20.1629
23|19|0|135|1.5|3.2|270|75.2|27.2|0.02|0.04|43.9102|20.1629
23|20|0|135|1.6|3.2|270|75.3|27.2|0.02|0.04|43.9095|20.1629
23|21|0|135|0.0|3.2|270|75.1|27.2|0.01|0.04|43.911|20.1629
23|22|0|135|0.0|3.2|270|74.7|27.2|0.01|0.04|43.9109|19.8493
23|24|0|135|1.5|3.2|270|75.0|27.0|0.01|0.04|43.9114|20.1629
23|25|0|135|1.6|3.2|270|75.1|27.0|0.01|0.04|43.9143|20.1629
23|26|0|135|1.5|3.2|270|75.2|26.9|0.01|0.04|43.9138|19.195
23|27|0|135|1.5|3.2|270|75.4|26.8|0.01|0.04|43.9148|19.195
23|28|0|135|1.5|3.2|270|75.5|26.8|0.01|0.04|43.9158|19.195
23|29|0|135|0.0|3.2|270|75.5|26.8|0.01|0.04|43.9148|19.195
23|30|0|135|1.6|3.2|270|75.5|26.7|0.01|0.04|43.9152|19.195
23|31|0|135|0.0|3.2|270|75.7|26.7|0.01|0.04|43.9136|19.195
23|32|0|135|1.5|3.2|270|76.1|26.7|0.01|0.04|43.9148|19.5035
23|33|0|135|0.0|3.2|270|76.5|26.7|0.01|0.04|43.9149|19.5035
23|34|0|135|1.5|3.2|270|76.6|26.7|0.01|0.04|43.9143|19.5035
23|35|0|135|1.6|3.2|270|76.5|26.7|0.03|0.07|43.9141|19.5035
23|36|0|135|0.0|3.2|270|76.4|26.6|0.03|0.07|43.9136|19.5035
23|37|0|135|0.0|3.2|270|76.3|26.6|0.03|0.07|43.9146|19.5035
23|38|0|135|0.0|3.2|270|76.2|26.6|0.03|0.07|43.9139|19.5035
23|40|0|135|1.5|3.2|270|76.1|26.6|0.03|0.07|43.913|19.5035
23|42|0|135|0.0|3.2|270|76.4|26.6|0.03|0.07|43.9107|19.5035
23|43|0|135|1.5|3.2|270|76.5|26.6|0.03|0.07|43.909|19.5035
23|44|0|135|1.5|3.2|270|76.5|26.6|0.03|0.07|43.9088|19.5035
23|45|0|135|1.5|3.2|270|76.7|26.6|0.03|0.07|43.9093|19.5035
23|46|0|135|1.5|3.2|270|76.9|26.6|0.03|0.07|43.9085|19.5035
23|47|0|135|1.5|3.2|270|76.8|26.6|0.03|0.07|43.9101|19.5035
23|48|0|135|0.0|3.2|270|76.6|26.6|0.03|0.07|43.9098|19.5035
23|49|0|135|0.0|3.2|270|76.5|26.7|0.03|0.07|43.9114|19.5035
23|50|0|135|0.0|3.2|270|76.5|26.6|0.03|0.07|43.9105|19.5035
23|52|0|135|0.0|3.2|270|76.6|26.6|0.03|0.07|43.9098|19.5035
23|52|0|135|0.0|3.2|270|76.6|26.6|0.03|0.07|43.9097|19.5035
23|53|0|135|0.0|3.2|270|76.6|26.7|0.03|0.07|43.9089|19.5035
23|54|0|135|0.0|3.2|270|76.5|26.7|0.03|0.07|43.9084|19.5035
23|55|0|135|1.6|3.2|270|76.4|26.7|0.03|0.07|43.9097|19.5035
23|56|0|135|1.5|3.2|270|76.2|26.7|0.03|0.07|43.91|19.5035
23|57|0|135|0.0|3.2|270|76.0|26.7|0.03|0.07|43.9107|19.5035
23|58|0|135|0.0|3.2|270|75.8|26.7|0.03|0.07|43.91|19.195
