00|01|0|45|8.1|16.1|180|50.5|52.0|0.00|0.00|43.6927|33.9708
00|02|0|90|4.4|16.1|180|50.5|51.9|0.00|0.00|43.6931|33.0498
00|03|0|45|4.8|16.1|180|50.5|51.9|0.00|0.00|43.6934|33.0498
00|04|0|90|2.9|16.1|180|50.6|51.9|0.00|0.00|43.6946|33.0498
00|05|0|90|8.7|16.1|180|50.6|51.9|0.00|0.00|43.6954|33.0498
00|06|0|45|7.3|16.1|180|50.7|51.9|0.00|0.00|43.6959|33.0498
00|07|0|90|2.9|16.1|180|50.8|51.9|0.00|0.00|43.6981|33.0498
00|08|0|45|1.6|16.1|180|50.8|51.9|0.00|0.00|43.6965|33.0498
00|09|0|45|4.4|16.1|180|50.9|51.9|0.00|0.00|43.6986|33.0498
00|10|0|135|3.2|16.1|180|50.9|51.9|0.00|0.00|43.6981|33.0498
00|11|0|135|4.4|16.1|180|50.9|51.8|0.00|0.00|43.6974|33.0498
00|12|0|90|7.3|16.1|180|50.9|51.8|0.00|0.00|43.6978|33.0498
00|13|0|90|7.3|16.1|180|51.0|51.7|0.00|0.00|43.6977|33.5425
00|14|0|45|2.9|16.1|180|51.1|51.7|0.00|0.00|43.699|33.5425
00|15|0|45|4.4|16.1|180|51.1|51.6|0.00|0.00|43.6961|33.5425
00|16|0|135|2.9|16.1|180|51.2|51.7|0.00|0.00|43.6977|33.5425
00|17|0|135|2.9|16.1|180|51.3|51.7|0.00|0.00|43.6968|33.5425
00|18|0|45|6.4|16.1|180|51.3|51.6|0.00|0.00|43.698|33.5425
00|19|0|90|5.8|16.1|180|51.3|51.6|0.00|0.00|43.6965|33.5425
00|20|0|135|3.2|16.1|180|51.3|51.6|0.00|0.00|43.6968|33.5425
00|22|0|135|3.2|16.1|180|51.4|51.6|0.00|0.00|43.6972|33.5425
00|23|0|135|2.9|16.1|180|51.5|51.6|0.00|0.00|43.6991|33.5425
00|24|0|90|3.2|16.1|180|51.5|51.6|0.00|0.00|43.6955|33.5425
00|26|0|90|4.4|16.1|180|51.6|51.5|0.00|0.00|43.6947|33.5425
00|27|0|90|4.4|16.1|180|51.7|51.5|0.00|0.00|43.6975|33.5425
00|28|0|90|4.4|16.1|180|51.9|51.5|0.00|0.00|43.6971|33.5425
00|29|0|135|4.4|16.1|180|52.0|51.3|0.00|0.00|43.6982|34.0268
00|30|0|135|5.8|16.1|180|52.1|51.3|0.00|0.00|43.7003|34.0268
00|31|0|180|3.2|16.1|180|52.2|51.3|0.00|0.00|43.7004|34.0268
00|32|0|90|2.9|16.1|180|52.3|51.3|0.00|0.00|43.7027|34.0268
00|33|0|90|2.9|16.1|180|52.4|51.2|0.00|0.00|43.702|34.0268
00|34|0|90|3.2|16.1|180|52.6|51.2|0.00|0.00|43.7034|34.0268
00|35|0|90|4.4|16.1|180|52.6|51.2|0.00|0.00|43.7052|34.0268
00|36|0|135|4.8|16.1|180|52.8|51.1|0.00|0.00|43.7058|34.0268
00|37|0|135|2.9|16.1|180|52.8|51.1|0.00|0.00|43.7089|34.0268
00|38|0|90|4.4|16.1|180|52.9|51.0|0.00|0.00|43.7083|34.0268
00|39|0|135|2.9|16.1|180|53.0|51.0|0.00|0.00|43.7096|34.5029
00|41|0|113|3.2|16.1|180|53.2|51.0|0.00|0.00|43.7101|34.5029
00|43|0|90|1.5|16.1|180|53.2|51.0|0.00|0.00|43.7102|34.5029
00|44|0|135|7.3|16.1|180|53.3|51.0|0.00|0.00|43.7081|34.5029
00|45|0|90|4.4|16.1|180|53.6|50.9|0.00|0.00|43.7096|33.5754
00|46|0|135|4.4|16.1|180|53.7|50.9|0.00|0.00|43.7101|33.5754
00|47|0|158|3.2|16.1|180|53.7|50.9|0.00|0.00|43.7113|33.5754
00|48|0|135|4.4|16.1|180|53.9|50.8|0.00|0.00|43.7105|33.5754
00|49|0|135|1.5|16.1|180|54.0|50.8|0.00|0.00|43.7106|34.0417
00|50|0|90|4.4|16.1|180|54.2|50.7|0.00|0.00|43.7123|34.0417
00|51|0|135|2.9|16.1|180|54.4|50.6|0.00|0.00|43.7129|34.0417
00|52|0|135|5.8|16.1|180|54.7|50.5|0.00|0.00|43.7126|34.0417
00|53|0|135|2.9|16.1|180|54.9|50.5|0.00|0.00|43.7132|34.0417
00|54|0|113|2.9|16.1|180|55.0|50.5|0.00|0.00|43.7174|34.5004
00|55|0|179|3.2|16.1|180|55.1|50.3|0.00|0.00|43.7177|34.5004
00|56|0|135|2.9|16.1|180|55.2|50.2|0.00|0.00|43.7196|34.5004
00|58|0|135|2.9|16.1|180|55.4|50.2|0.00|0.00|43.7202|34.5004
00|59|0|90|3.2|16.1|180|55.4|50.1|0.00|0.00|43.7188|34.5004
01|00|0|135|2.9|16.1|180|55.5|50.1|0.00|0.00|43.7202|34.5004
01|01|0|135|2.9|16.1|180|55.6|50.0|0.00|0.00|43.7197|34.5004
01|02|0|135|4.4|16.1|180|55.8|49.9|0.00|0.00|43.7205|33.5687
01|03|0|135|2.9|16.1|180|56.1|49.8|0.00|0.00|43.7186|34.0181
01|04|0|113|2.9|16.1|180|56.2|49.8|0.00|0.00|43.7196|34.0181
01|05|0|90|1.5|16.1|180|56.3|49.7|0.00|0.00|43.7177|34.0181
01|06|0|135|2.9|16.1|180|56.4|49.7|0.00|0.00|43.72|34.0181
01|07|0|158|2.9|16.1|180|56.6|49.5|0.00|0.00|43.7194|34.0181
01|08|0|90|4.4|16.1|180|56.8|49.4|0.00|0.00|43.7173|34.0181
01|09|0|90|3.2|16.1|180|57.0|49.4|0.00|0.00|43.7179|34.4605
01|10|0|90|4.4|16.1|180|57.0|49.4|0.00|0.00|43.7195|34.4605
01|11|0|135|3.2|16.1|180|57.2|49.2|0.00|0.00|43.7181|34.4605
01|12|0|90|4.4|16.1|180|57.4|49.2|0.00|0.00|43.7198|34.4605
01|13|0|135|2.9|16.1|180|57.5|49.1|0.00|0.00|43.7217|34.4605
01|14|0|113|2.9|16.1|180|57.7|49.0|0.00|0.00|43.722|34.4605
01|15|0|90|4.4|16.1|180|57.8|49.0|0.00|0.00|43.7217|34.4605
01|17|0|135|3.2|16.1|180|58.0|48.9|0.00|0.00|43.7225|33.9585
01|19|0|90|2.9|16.1|180|58.1|48.8|0.00|0.00|43.7233|33.9585
01|20|0|90|4.4|16.1|180|58.2|48.8|0.00|0.00|43.7232|33.9585
01|21|0|135|4.8|16.1|180|58.3|48.7|0.00|0.00|43.7241|33.9585
01|22|0|135|2.9|16.1|180|58.3|48.5|0.00|0.00|43.7249|33.9585
01|23|0|135|3.2|16.1|180|58.3|48.7|0.00|0.00|43.7264|33.9585
01|24|0|90|1.5|16.1|180|58.4|48.5|0.00|0.00|43.726|33.9585
01|25|0|180|2.9|16.1|180|58.4|48.5|0.00|0.00|43.7266|33.9585
01|26|0|90|1.5|16.1|180|58.3|48.4|0.00|0.00|43.7281|33.9585
01|27|0|135|4.4|16.1|180|58.2|48.4|0.00|0.00|43.7277|33.9585
01|28|0|135|8.7|16.1|180|58.2|48.4|0.00|0.00|43.7252|33.9585
01|29|0|135|5.8|16.1|180|58.1|48.4|0.00|0.00|43.7274|33.9585
01|30|0|90|5.8|16.1|180|58.0|48.4|0.00|0.00|43.7266|33.9585
01|31|0|135|4.8|16.1|180|57.8|48.5|0.00|0.00|43.7249|33.5248
01|32|0|135|4.4|16.1|180|57.6|48.5|0.00|0.00|43.7262|33.5248
01|33|0|135|4.8|16.1|180|57.5|48.7|0.00|0.00|43.7269|33.5248
01|34|0|135|2.9|16.1|180|57.4|48.7|0.00|0.00|43.7261|33.5248
01|35|0|135|2.9|16.1|180|57.3|48.8|0.00|0.00|43.7251|33.5248
01|36|0|113|4.4|16.1|180|57.2|48.8|0.00|0.00|43.7266|33.5248
01|37|0|135|2.9|16.1|180|57.2|48.8|0.00|0.00|43.725|33.5248
01|38|0|113|2.9|16.1|180|57.0|48.9|0.00|0.00|43.7254|33.5248
01|40|0|90|4.4|16.1|180|56.8|48.9|0.00|0.00|43.7269|33.0844
01|41|0|113|2.9|16.1|180|56.7|48.9|0.00|0.00|43.7236|33.0844
01|42|0|135|2.9|16.1|180|56.5|48.9|0.00|0.00|43.7267|33.0844
01|43|0|135|2.9|16.1|180|56.4|49.0|0.00|0.00|43.7264|34.0181
01|44|0|135|1.6|16.1|180|56.5|49.0|0.00|0.00|43.7253|34.0181
01|45|0|135|5.8|16.1|180|56.6|49.0|0.00|0.00|43.7274|34.0181
01|46|0|90|3.2|16.1|180|56.8|48.9|0.00|0.00|43.7256|33.0844
01|48|0|135|5.8|16.1|180|57.1|48.8|0.00|0.00|43.7261|33.5248
01|49|0|135|4.8|16.1|180|57.2|48.7|0.00|0.00|43.7266|33.5248
01|50|0|135|7.3|16.1|180|57.2|48.5|0.01|0.01|43.7274|33.5248
01|51|0|135|2.9|16.1|180|57.3|48.5|0.01|0.01|43.7296|33.5248
01|52|0|135|4.4|16.1|180|57.3|48.5|0.01|0.01|43.7295|33.5248
01|53|0|135|4.4|16.1|180|57.4|48.4|0.01|0.01|43.7306|33.5248
01|54|0|135|4.4|16.1|180|57.3|48.4|0.01|0.01|43.7292|33.5248
01|55|0|113|2.9|16.1|180|57.3|48.3|0.01|0.01|43.7296|33.5248
01|56|0|135|4.4|16.1|180|57.2|48.3|0.01|0.01|43.7296|33.5248
01|58|0|135|5.8|16.1|180|57.2|48.2|0.01|0.01|43.7296|33.5248
01|59|0|90|3.2|16.1|180|57.2|48.2|0.01|0.01|43.7304|33.5248
02|01|0|135|5.8|16.1|180|57.3|48.2|0.01|0.01|43.7339|33.5248
02|02|0|135|2.9|16.1|180|57.4|48.2|0.01|0.01|43.7328|33.5248
02|03|0|135|2.9|16.1|180|57.4|48.3|0.01|0.01|43.7333|33.5248
02|04|0|135|5.8|16.1|180|57.5|48.2|0.01|0.01|43.7315|33.5248
02|05|0|90|5.8|16.1|180|57.3|48.2|0.01|0.01|43.7314|33.5248
02|06|0|113|8.1|16.1|180|57.3|48.2|0.01|0.01|43.73|33.5248
02|07|0|90|4.4|16.1|180|57.3|48.1|0.01|0.01|43.7301|33.5248
02|08|0|135|2.9|16.1|180|57.3|48.1|0.01|0.01|43.7299|33.5248
02|09|0|68|3.2|16.1|180|57.5|48.1|0.01|0.01|43.731|33.5248
02|10|0|90|5.8|16.1|180|57.3|48.1|0.01|0.01|43.7324|33.5248
02|11|0|113|2.9|16.1|180|57.3|48.1|0.01|0.01|43.7313|33.5248
02|12|0|113|5.8|16.1|180|57.4|48.0|0.01|0.01|43.7305|33.5248
02|13|0|90|5.8|16.1|180|57.5|48.0|0.01|0.01|43.7324|33.5248
02|14|0|135|3.2|16.1|180|57.1|48.0|0.01|0.01|43.7314|33.5248
02|17|0|45|1.5|16.1|180|57.1|48.0|0.01|0.01|43.7298|33.5248
02|18|0|135|2.9|16.1|180|56.9|48.0|0.01|0.01|43.7307|33.0844
02|19|0|180|2.9|16.1|180|56.8|47.9|0.01|0.01|43.7302|32.1505
02|21|0|135|5.8|16.1|180|56.8|47.9|0.01|0.01|43.7306|32.1505
02|22|0|90|3.2|16.1|180|56.8|47.9|0.01|0.01|43.7305|32.1505
02|23|0|158|2.9|16.1|180|56.8|48.0|0.01|0.01|43.7323|33.0844
02|24|0|113|1.6|16.1|180|56.9|48.0|0.01|0.01|43.7317|33.0844
02|25|0|135|4.8|16.1|180|56.9|48.0|0.01|0.01|43.7331|33.0844
02|27|0|135|4.8|16.1|180|57.2|47.9|0.01|0.01|43.7323|32.589
02|30|0|90|5.8|16.1|180|57.5|47.7|0.01|0.01|43.7314|32.589
02|31|0|135|4.4|16.1|180|57.6|47.9|0.01|0.01|43.7336|32.589
02|32|0|135|4.4|16.1|180|57.5|47.9|0.01|0.01|43.7331|32.589
02|33|0|90|1.5|16.1|180|57.4|47.9|0.01|0.01|43.7346|32.589
02|34|0|135|4.4|16.1|180|57.4|47.7|0.01|0.01|43.7325|32.589
02|35|0|113|5.8|16.1|180|57.5|47.7|0.01|0.01|43.7333|32.589
02|36|0|90|4.4|16.1|180|57.5|47.6|0.01|0.01|43.7305|32.589
02|38|0|135|5.8|16.1|180|57.6|47.6|0.01|0.01|43.7298|32.589
02|39|0|135|1.6|16.1|180|57.8|47.6|0.01|0.01|43.7305|32.589
02|40|0|45|3.2|16.1|180|57.9|47.5|0.01|0.01|43.7312|32.589
02|41|0|45|2.9|16.1|180|58.2|47.5|0.01|0.01|43.731|33.0208
02|42|0|113|3.2|16.1|180|58.2|47.4|0.01|0.01|43.7309|33.0208
02|43|0|90|2.9|16.1|180|58.3|47.4|0.01|0.01|43.7295|33.0208
02|44|0|135|2.9|16.1|180|58.3|47.4|0.01|0.01|43.7318|33.0208
02|45|0|90|2.9|16.1|180|58.4|47.3|0.01|0.01|43.7312|33.0208
02|46|0|90|4.4|16.1|180|58.5|47.3|0.01|0.01|43.7315|33.0208
02|47|0|45|4.4|16.1|180|58.7|47.2|0.01|0.01|43.7277|33.0208
02|48|0|135|2.9|16.1|180|58.6|47.1|0.01|0.01|43.7286|33.0208
02|49|0|135|4.4|16.1|180|58.7|47.1|0.01|0.01|43.7302|33.0208
02|50|0|135|3.2|16.1|180|58.8|47.1|0.00|0.01|43.7288|33.0208
02|51|0|135|4.8|16.1|180|58.8|47.0|0.00|0.01|43.7286|33.0208
02|52|0|135|4.4|16.1|180|58.8|47.0|0.00|0.01|43.7277|33.0208
02|53|0|135|5.8|16.1|180|58.8|47.1|0.00|0.01|43.7292|33.0208
02|55|0|113|4.4|16.1|180|58.9|47.0|0.00|0.01|43.7286|33.0208
02|56|0|135|5.8|16.1|180|58.9|47.0|0.00|0.01|43.7292|33.0208
02|57|0|135|7.3|16.1|180|58.9|47.0|0.00|0.01|43.7283|33.0208
02|58|0|90|8.7|16.1|180|58.9|47.0|0.00|0.01|43.729|33.0208
02|59|0|135|2.9|16.1|180|58.9|47.0|0.00|0.01|43.7308|33.0208
03|00|0|90|3.2|16.1|180|58.9|47.0|0.00|0.01|43.7321|33.0208
03|01|0|135|1.5|16.1|180|58.9|47.0|0.00|0.01|43.7292|33.0208
03|02|0|135|4.4|16.1|180|58.9|47.0|0.00|0.01|43.7307|33.0208
03|03|0|135|9.7|16.1|180|58.8|47.0|0.00|0.01|43.7282|33.0208
03|04|0|135|5.8|16.1|180|58.7|47.0|0.00|0.01|43.7293|33.0208
03|05|0|90|3.2|16.1|180|58.7|46.8|0.00|0.01|43.7277|32.0829
03|06|0|180|1.5|16.1|180|58.7|47.0|0.00|0.01|43.7313|33.0208
03|07|0|113|2.9|16.1|180|58.8|47.0|0.00|0.01|43.7289|33.0208
03|08|0|158|2.9|16.1|180|58.7|46.8|0.00|0.01|43.7278|32.0829
03|09|0|90|1.5|16.1|180|58.6|46.8|0.00|0.01|43.7297|32.0829
03|10|0|135|3.2|16.1|180|58.5|46.8|0.00|0.01|43.7283|32.0829
03|11|0|113|4.4|16.1|180|58.4|47.0|0.00|0.01|43.7273|33.0208
03|12|0|135|4.4|16.1|180|58.3|46.8|0.00|0.01|43.7273|32.0829
03|13|0|90|3.2|16.1|180|58.4|47.0|0.01|0.02|43.7275|33.0208
03|14|0|90|4.4|16.1|180|58.5|47.0|0.01|0.02|43.7292|33.0208
03|16|0|45|3.2|16.1|180|58.6|47.0|0.01|0.02|43.7281|33.0208
03|17|0|90|7.3|16.1|180|58.5|46.8|0.01|0.02|43.7272|32.0829
03|18|0|135|2.9|16.1|180|58.6|46.8|0.01|0.02|43.7252|32.0829
03|19|0|135|4.4|16.1|180|58.5|46.8|0.01|0.02|43.7264|32.0829
03|20|0|90|7.3|16.1|180|58.4|46.8|0.01|0.02|43.7242|32.0829
03|21|0|90|1.5|16.1|180|58.3|46.8|0.01|0.02|43.7259|32.0829
03|22|0|135|1.6|16.1|180|58.2|47.0|0.01|0.02|43.729|33.0208
03|23|0|90|4.4|16.1|180|58.1|47.0|0.01|0.02|43.7269|33.0208
03|24|0|135|1.6|16.1|180|58.0|47.0|0.01|0.02|43.7272|33.0208
03|25|0|90|2.9|16.1|180|57.9|47.0|0.01|0.02|43.7308|32.589
03|27|0|180|1.6|16.1|180|57.8|47.1|0.01|0.02|43.7301|32.589
03|28|0|90|4.4|16.1|180|57.7|47.1|0.01|0.02|43.7299|32.589
03|29|0|90|2.9|16.1|180|57.7|47.1|0.01|0.02|43.7293|32.589
03|30|0|135|1.6|16.1|180|57.7|47.1|0.01|0.02|43.7312|32.589
03|31|0|135|2.9|16.1|180|57.7|47.1|0.01|0.02|43.731|32.589
03|33|0|135|3.2|16.1|180|57.8|47.1|0.01|0.02|43.7306|32.589
03|34|0|135|2.9|16.1|180|57.8|47.1|0.01|0.02|43.7317|32.589
03|36|0|90|2.9|16.1|180|57.6|47.1|0.01|0.02|43.7323|32.589
03|37|0|135|2.9|16.1|180|57.6|47.1|0.01|0.02|43.733|32.589
03|38|0|135|3.2|16.1|180|57.6|47.1|0.01|0.02|43.7323|32.589
03|40|0|90|4.4|16.1|180|57.6|47.1|0.01|0.02|43.7376|32.589
03|41|0|90|3.2|16.1|180|57.6|47.1|0.01|0.02|43.7357|32.589
03|42|0|135|1.5|16.1|180|57.7|47.1|0.01|0.02|43.7352|32.589
03|43|0|135|8.1|16.1|180|57.7|47.1|0.01|0.02|43.7352|32.589
03|44|0|135|2.9|16.1|180|57.8|47.0|0.01|0.02|43.737|32.589
03|45|0|113|4.4|16.1|180|57.9|47.0|0.01|0.02|43.7359|32.589
03|46|0|90|3.2|16.1|180|58.0|47.0|0.01|0.02|43.7372|33.0208
03|47|0|45|2.9|16.1|180|58.1|46.8|0.01|0.02|43.7339|32.0829
03|48|0|113|4.4|16.1|180|58.2|46.8|0.01|0.02|43.7369|32.0829
03|49|0|180|3.2|16.1|180|58.4|46.7|0.01|0.02|43.7352|32.0829
03|50|0|90|2.9|16.1|180|58.7|46.6|0.01|0.02|43.7346|32.0829
03|53|0|90|5.8|16.1|180|58.9|46.4|0.01|0.02|43.7333|32.0829
03|54|0|90|4.4|16.1|180|59.0|46.3|0.01|0.02|43.7312|32.5063
03|55|0|158|3.2|16.1|180|59.2|46.3|0.01|0.02|43.7332|32.5063
03|56|0|135|10.2|16.1|180|59.3|46.2|0.01|0.02|43.73|32.5063
03|57|0|135|8.7|16.1|180|59.1|46.2|0.01|0.02|43.7302|32.5063
03|58|0|90|8.7|16.1|180|58.9|46.2|0.01|0.02|43.7317|32.0829
03|59|0|90|3.2|16.1|180|58.7|46.3|0.01|0.02|43.7313|32.0829
04|00|0|90|2.9|16.1|180|58.5|46.4|0.01|0.02|43.7356|32.0829
04|01|0|135|7.3|16.1|180|58.2|46.4|0.01|0.02|43.7364|32.0829
04|02|0|180|4.8|16.1|180|58.0|46.5|0.01|0.02|43.7381|32.0829
04|03|0|135|8.7|16.1|180|57.6|46.6|0.01|0.02|43.7384|31.6531
04|04|0|135|4.4|16.1|180|57.5|46.6|0.01|0.02|43.7365|31.6531
04|05|0|135|13.1|16.1|180|57.2|46.7|0.01|0.02|43.7353|31.6531
04|06|0|180|5.8|17.5|135|57.1|46.8|0.01|0.02|43.7389|31.6531
04|07|0|135|10.2|17.5|135|57.1|47.0|0.01|0.02|43.7364|32.589
04|08|0|135|8.7|18.9|135|57.0|47.1|0.01|0.02|43.7362|32.589
04|09|0|180|8.1|18.9|135|57.1|47.1|0.01|0.02|43.7402|32.589
04|10|0|135|4.4|18.9|135|57.2|47.1|0.01|0.02|43.7365|32.589
04|13|0|90|5.8|18.9|135|57.4|47.1|0.01|0.03|43.7384|32.589
04|14|0|135|2.9|18.9|135|57.5|47.1|0.01|0.03|43.7417|32.589
04|15|0|90|6.4|18.9|135|57.6|47.0|0.01|0.03|43.7402|32.589
04|18|0|135|5.8|18.9|135|58.0|46.8|0.02|0.04|43.7416|32.0829
04|19|0|180|5.8|18.9|135|58.1|46.8|0.02|0.04|43.7412|32.0829
04|20|0|45|2.9|18.9|135|58.3|46.8|0.02|0.04|43.7437|32.0829
04|21|0|135|1.5|18.9|135|58.4|46.7|0.02|0.04|43.7433|32.0829
04|22|0|135|7.3|18.9|135|58.5|46.7|0.02|0.04|43.7437|32.0829
04|23|0|135|3.2|18.9|135|58.7|46.6|0.02|0.04|43.7427|32.0829
04|24|0|135|4.4|18.9|135|58.8|46.5|0.02|0.04|43.7427|32.0829
04|26|0|90|2.9|18.9|135|59.2|46.5|0.02|0.04|43.7442|32.5063
04|27|0|113|4.4|18.9|135|59.4|46.4|0.02|0.04|43.7411|32.5063
04|28|0|135|4.8|18.9|135|59.5|46.4|0.02|0.04|43.743|32.5063
04|29|0|90|2.9|18.9|135|59.7|46.4|0.02|0.04|43.7429|32.5063
04|30|0|45|1.6|18.9|135|59.9|46.3|0.02|0.04|43.7435|32.5063
04|31|0|0|2.9|18.9|135|60.0|46.3|0.02|0.04|43.7441|32.9234
04|34|0|135|4.4|18.9|135|60.1|46.3|0.02|0.04|43.7446|32.9234
04|35|0|90|2.9|18.9|135|60.3|46.3|0.02|0.04|43.7442|32.9234
04|36|0|135|4.4|18.9|135|60.3|46.3|0.02|0.04|43.7472|32.9234
04|37|0|135|5.8|18.9|135|60.5|46.1|0.02|0.04|43.7455|32.9234
04|38|0|135|3.2|18.9|135|60.7|46.2|0.02|0.04|43.7478|32.9234
04|39|0|135|5.8|18.9|135|60.8|46.2|0.02|0.04|43.7468|32.9234
04|40|0|135|2.9|18.9|135|60.9|46.2|0.02|0.04|43.7488|32.9234
04|41|0|135|2.9|18.9|135|60.9|46.2|0.02|0.04|43.7482|32.9234
04|42|0|90|2.9|18.9|135|60.8|46.2|0.02|0.04|43.7506|32.9234
04|43|0|90|3.2|18.9|135|60.8|46.2|0.02|0.04|43.7476|32.9234
04|44|0|90|1.5|18.9|135|60.7|46.3|0.02|0.04|43.7468|32.9234
04|47|0|135|3.2|18.9|135|60.7|46.3|0.02|0.04|43.748|32.9234
04|48|0|135|2.9|18.9|135|60.7|46.3|0.02|0.04|43.7473|32.9234
04|49|0|90|2.9|18.9|135|60.7|46.2|0.02|0.04|43.7478|32.9234
04|50|0|90|1.5|18.9|135|60.8|46.2|0.02|0.04|43.7492|32.9234
04|51|0|135|1.5|18.9|135|60.9|46.1|0.02|0.04|43.7483|32.9234
04|53|0|135|1.5|18.9|135|61.2|46.0|0.02|0.04|43.7517|33.3344
04|54|0|113|2.9|18.9|135|61.4|46.0|0.02|0.04|43.7514|33.3344
04|55|0|180|2.9|18.9|135|61.5|45.8|0.02|0.04|43.7519|32.3909
04|56|0|90|1.5|18.9|135|61.6|45.8|0.02|0.04|43.7519|32.3909
04|57|0|135|3.2|18.9|135|61.8|45.7|0.02|0.04|43.7538|32.3909
04|58|0|90|1.5|18.9|135|61.9|45.7|0.02|0.04|43.7556|32.3909
04|59|0|90|2.9|18.9|135|61.8|45.6|0.02|0.04|43.7522|32.3909
05|01|0|90|3.2|18.9|135|62.0|45.6|0.02|0.04|43.7539|32.7942
05|03|0|90|1.5|18.9|135|62.6|45.5|0.02|0.04|43.7539|32.7942
05|04|0|135|1.5|18.9|135|62.4|45.5|0.02|0.04|43.7549|32.7942
05|06|0|90|1.5|18.9|135|62.7|45.4|0.02|0.04|43.7533|32.7942
05|07|0|135|2.9|18.9|135|62.7|45.3|0.02|0.04|43.7545|32.7942
05|08|0|135|1.6|18.9|135|62.8|45.2|0.02|0.04|43.7542|32.7942
05|09|0|113|1.5|18.9|135|63.0|45.0|0.02|0.04|43.7537|33.1918
05|10|0|90|2.9|18.9|135|63.1|45.0|0.02|0.04|43.7537|33.1918
05|12|0|135|2.9|18.9|135|63.5|44.9|0.02|0.04|43.7529|32.2447
05|13|0|90|1.6|18.9|135|63.7|44.9|0.01|0.04|43.7535|32.2447
05|14|0|90|1.5|18.9|135|63.7|44.9|0.01|0.04|43.7552|32.2447
05|15|0|135|3.2|18.9|135|63.9|44.8|0.01|0.04|43.7542|32.2447
05|16|0|135|2.9|18.9|135|64.1|44.7|0.00|0.04|43.7538|32.635
05|17|0|90|2.9|18.9|135|64.2|44.7|0.00|0.04|43.7522|32.635
05|18|0|135|1.5|18.9|135|64.3|44.7|0.00|0.04|43.7539|32.635
05|19|0|90|2.9|18.9|135|64.4|44.7|0.00|0.04|43.7544|32.635
05|20|0|90|1.6|18.9|135|64.5|44.6|0.00|0.04|43.753|32.635
05|21|0|90|1.5|18.9|135|64.5|44.5|0.00|0.04|43.752|32.635
05|23|0|90|1.5|18.9|135|64.5|44.5|0.00|0.04|43.7542|32.635
05|24|0|135|1.5|18.9|135|64.5|44.5|0.00|0.04|43.7546|32.635
05|25|0|90|1.5|18.9|135|64.4|44.5|0.00|0.04|43.7554|32.635
05|26|0|135|1.5|18.9|135|64.4|44.5|0.00|0.04|43.7548|32.635
05|27|0|135|1.5|18.9|135|64.4|44.5|0.00|0.04|43.753|32.635
05|28|0|113|1.6|18.9|135|64.4|44.5|0.00|0.04|43.7538|32.635
05|29|0|90|2.9|18.9|135|64.4|44.4|0.00|0.04|43.7514|32.635
05|30|0|135|3.2|18.9|135|64.4|44.4|0.00|0.04|43.7522|32.635
05|31|0|135|2.9|18.9|135|64.2|44.4|0.00|0.04|43.7523|32.635
05|32|0|90|3.2|18.9|135|64.2|44.4|0.00|0.04|43.7544|32.635
05|33|0|135|1.6|18.9|135|64.2|44.4|0.00|0.04|43.7536|32.635
05|34|0|90|1.5|18.9|135|64.2|44.4|0.00|0.04|43.7554|32.635
05|35|0|90|3.2|18.9|135|64.1|44.4|0.00|0.04|43.7562|32.635
05|36|0|135|1.5|18.9|135|63.9|44.4|0.00|0.04|43.7554|32.2447
05|37|0|135|2.9|18.9|135|63.8|44.4|0.00|0.04|43.7565|32.2447
05|38|0|135|2.9|18.9|135|63.7|44.4|0.00|0.04|43.7581|32.2447
05|39|0|135|2.9|18.9|135|63.6|44.4|0.00|0.04|43.7584|32.2447
05|40|0|158|7.3|18.9|135|63.2|44.3|0.00|0.04|43.7544|32.2447
05|41|0|180|2.9|18.9|135|62.8|44.2|0.00|0.04|43.753|31.8489
05|42|0|90|3.2|18.9|135|62.9|44.3|0.00|0.04|43.7544|31.8489
05|43|0|90|4.4|18.9|135|62.7|44.3|0.00|0.04|43.7545|31.8489
05|45|0|113|4.4|18.9|135|62.5|44.3|0.00|0.04|43.7546|31.8489
05|46|0|158|3.2|18.9|135|63.1|44.3|0.00|0.04|43.7526|32.2447
05|47|0|135|2.9|18.9|135|63.1|44.3|0.00|0.04|43.753|32.2447
05|48|0|135|3.2|18.9|135|62.7|44.3|0.00|0.04|43.7521|31.8489
05|49|0|135|4.4|18.9|135|62.5|44.2|0.00|0.04|43.7522|31.8489
05|50|0|135|3.2|18.9|135|62.5|44.2|0.00|0.04|43.7528|31.8489
05|51|0|135|5.8|18.9|135|62.6|44.2|0.00|0.04|43.7506|31.8489
05|52|0|135|5.8|18.9|135|62.5|44.2|0.00|0.04|43.7522|31.8489
05|53|0|135|2.9|18.9|135|62.5|44.0|0.00|0.04|43.7515|31.8489
05|55|0|113|4.4|18.9|135|62.8|44.0|0.00|0.04|43.7516|31.8489
05|56|0|180|6.4|18.9|135|62.7|44.0|0.00|0.04|43.7508|31.8489
05|57|0|135|5.8|18.9|135|62.6|43.9|0.00|0.04|43.7512|30.9034
05|58|0|135|1.6|18.9|135|62.7|43.9|0.00|0.04|43.7509|30.9034
05|59|0|135|2.9|18.9|135|62.7|43.9|0.00|0.04|43.7531|30.9034
06|00|0|135|4.4|18.9|135|62.8|43.9|0.00|0.04|43.7537|30.9034
06|01|0|135|2.9|18.9|135|62.7|43.9|0.00|0.04|43.7519|30.9034
06|02|0|135|3.2|18.9|135|62.6|43.9|0.00|0.04|43.7533|30.9034
06|03|0|135|2.9|18.9|135|62.6|43.9|0.00|0.04|43.7547|30.9034
06|05|0|135|1.6|18.9|135|62.6|43.9|0.00|0.04|43.7544|30.9034
06|06|0|135|1.5|18.9|135|62.5|43.9|0.00|0.04|43.754|30.9034
06|07|0|135|1.5|18.9|135|62.6|43.9|0.00|0.04|43.7555|30.9034
06|08|0|135|2.9|18.9|135|62.8|43.9|0.00|0.04|43.7541|30.9034
06|09|0|135|2.9|18.9|135|62.8|43.9|0.01|0.05|43.7533|30.9034
06|10|0|180|1.5|18.9|135|63.0|43.9|0.01|0.05|43.7536|31.2974
06|11|0|180|1.5|18.9|135|63.0|43.9|0.01|0.05|43.7541|31.2974
06|12|0|135|0.0|18.9|135|63.2|43.8|0.01|0.05|43.7515|31.2974
06|13|0|135|1.6|18.9|135|63.2|43.8|0.01|0.05|43.7542|31.2974
06|15|0|180|3.2|18.9|135|63.4|43.7|0.01|0.05|43.7581|31.2974
06|16|0|180|1.5|18.9|135|63.4|43.7|0.01|0.05|43.7571|31.2974
06|17|0|180|2.9|18.9|135|63.3|43.6|0.01|0.05|43.7595|31.2974
06|18|0|158|2.9|18.9|135|63.3|43.5|0.01|0.05|43.7558|31.2974
06|19|0|135|1.5|18.9|135|63.3|43.6|0.01|0.05|43.7596|31.2974
06|20|0|135|2.9|18.9|135|63.4|43.4|0.01|0.05|43.757|31.2974
06|21|0|158|4.4|18.9|135|63.5|43.4|0.01|0.05|43.7561|31.2974
06|22|0|180|2.9|18.9|135|63.6|43.4|0.01|0.05|43.7564|31.2974
06|23|0|135|6.4|18.9|135|63.7|43.2|0.01|0.05|43.7552|31.2974
06|24|0|135|4.4|18.9|135|64.0|43.1|0.01|0.05|43.7572|31.686
06|25|0|135|1.6|18.9|135|64.2|43.1|0.01|0.05|43.7571|31.686
06|27|0|135|1.6|18.9|135|64.4|43.0|0.01|0.05|43.7573|31.686
06|28|0|135|1.5|18.9|135|64.4|43.0|0.01|0.05|43.7552|31.686
06|29|0|135|1.5|18.9|135|64.4|43.1|0.01|0.05|43.7573|31.686
06|30|0|135|0.0|18.9|135|64.3|43.1|0.01|0.05|43.7558|31.686
06|31|0|135|0.0|18.9|135|64.3|43.1|0.01|0.05|43.7554|31.686
06|32|0|135|1.6|18.9|135|64.5|43.0|0.01|0.05|43.7565|31.686
06|33|0|135|0.0|18.9|135|65.1|43.0|0.01|0.05|43.7557|32.0693
06|34|0|135|2.9|18.9|135|65.7|43.0|0.01|0.05|43.7557|32.0693
06|36|0|135|0.0|18.9|135|66.8|42.9|0.01|0.05|43.7556|31.4949
06|37|0|135|1.5|18.9|135|66.6|42.9|0.01|0.05|43.7545|31.4949
06|38|0|135|1.6|18.9|135|66.6|42.9|0.01|0.05|43.7551|31.4949
06|39|0|90|2.9|18.9|135|66.8|42.9|0.01|0.05|43.7528|31.4949
06|40|0|135|1.5|18.9|135|67.2|43.0|0.01|0.05|43.7529|32.8204
06|41|0|90|1.6|18.9|135|67.2|43.0|0.01|0.05|43.7532|32.8204
06|42|0|90|1.5|18.9|135|67.4|43.0|0.01|0.05|43.7522|32.8204
06|43|0|113|1.5|18.9|135|67.4|43.1|0.01|0.05|43.7524|32.8204
06|44|0|135|1.5|18.9|135|67.5|43.1|0.01|0.05|43.7545|32.8204
06|46|0|180|2.9|18.9|135|67.6|43.2|0.01|0.05|43.7557|32.8204
06|47|0|135|3.2|18.9|135|67.7|43.2|0.01|0.05|43.7563|32.8204
06|48|0|158|2.9|18.9|135|67.6|43.4|0.01|0.05|43.7567|32.8204
06|49|0|135|2.9|18.9|135|67.6|43.5|0.01|0.05|43.7564|32.8204
06|50|0|135|2.9|18.9|135|67.5|43.5|0.01|0.05|43.7594|32.8204
06|51|0|158|4.4|18.9|135|67.5|43.6|0.01|0.05|43.7586|32.8204
06|52|0|135|2.9|18.9|135|67.5|43.6|0.01|0.05|43.7588|32.8204
06|53|0|135|2.9|18.9|135|67.3|43.7|0.01|0.05|43.7599|32.8204
06|54|0|135|1.5|18.9|135|67.2|43.8|0.01|0.05|43.7602|32.8204
06|55|0|135|4.4|18.9|135|67.2|43.9|0.01|0.05|43.7585|32.8204
06|56|0|135|3.2|18.9|135|67.1|44.0|0.01|0.05|43.7611|33.7744
06|57|0|135|2.9|18.9|135|67.0|44.2|0.01|0.05|43.7628|33.7744
06|58|0|90|3.2|18.9|135|66.8|44.3|0.01|0.05|43.7643|33.3997
06|59|0|135|2.9|18.9|135|66.7|44.3|0.01|0.05|43.7625|33.3997
07|00|0|158|3.2|18.9|135|66.6|44.4|0.01|0.05|43.7645|33.3997
07|02|0|135|1.6|18.9|135|66.1|44.5|0.01|0.05|43.7651|33.3997
07|03|0|135|2.9|18.9|135|66.1|44.6|0.01|0.05|43.7658|33.3997
07|04|0|135|3.2|18.9|135|65.7|44.7|0.01|0.05|43.7667|33.0199
07|05|0|135|2.9|18.9|135|65.3|44.8|0.02|0.07|43.767|33.0199
07|06|0|90|3.2|18.9|135|64.6|44.8|0.02|0.07|43.767|32.635
07|07|0|90|2.9|18.9|135|64.3|45.0|0.02|0.07|43.769|33.5838
07|08|0|135|2.9|18.9|135|64.1|45.2|0.02|0.07|43.7677|33.5838
07|09|0|135|4.4|18.9|135|63.9|45.3|0.01|0.07|43.766|33.1918
07|10|0|135|2.9|18.9|135|63.6|45.4|0.01|0.07|43.7637|33.1918
07|11|0|135|4.4|18.9|135|63.0|45.4|0.01|0.07|43.7649|33.1918
07|12|0|135|4.8|18.9|135|62.1|45.5|0.01|0.07|43.7643|32.7942
07|13|0|135|4.4|18.9|135|61.8|45.6|0.01|0.07|43.7629|32.3909
07|14|0|135|2.9|18.9|135|61.0|45.6|0.01|0.07|43.7664|32.3909
07|15|0|90|2.9|18.9|135|60.8|45.6|0.01|0.07|43.7652|31.9818
07|16|0|135|3.2|18.9|135|60.4|45.7|0.01|0.07|43.7668|31.9818
07|17|0|135|4.4|18.9|135|60.1|45.7|0.01|0.07|43.7681|31.9818
07|18|0|135|5.8|18.9|135|60.0|45.7|0.01|0.07|43.7672|31.9818
07|19|0|135|8.7|18.9|135|60.0|45.7|0.01|0.07|43.7665|31.9818
07|20|0|113|4.4|18.9|135|60.1|45.6|0.01|0.07|43.7685|31.9818
07|22|0|180|4.4|18.9|135|60.4|45.7|0.01|0.07|43.7692|31.9818
07|23|0|113|6.4|18.9|135|60.2|45.7|0.01|0.07|43.7675|31.9818
07|24|0|135|2.9|18.9|135|60.2|45.7|0.01|0.07|43.77|31.9818
07|25|0|180|4.4|18.9|135|60.4|45.7|0.01|0.07|43.7684|31.9818
07|26|0|135|2.9|18.9|135|60.5|45.8|0.01|0.07|43.7709|31.9818
07|27|0|135|4.4|18.9|135|60.5|46.0|0.01|0.07|43.7704|32.9234
07|28|0|180|3.2|18.9|135|60.5|46.0|0.01|0.07|43.7683|32.9234
07|29|0|135|5.8|18.9|135|60.4|46.1|0.01|0.07|43.7702|32.9234
07|31|0|135|4.8|18.9|135|60.3|46.2|0.01|0.07|43.7712|32.9234
07|32|0|135|2.9|18.9|135|60.3|46.3|0.01|0.07|43.7717|32.9234
07|33|0|158|1.6|18.9|135|60.2|46.3|0.01|0.07|43.7701|32.9234
07|34|0|180|4.4|18.9|135|60.1|46.4|0.01|0.07|43.7707|32.9234
07|35|0|135|4.4|18.9|135|60.2|46.5|0.01|0.07|43.7689|32.9234
07|36|0|135|2.9|18.9|135|60.2|46.6|0.01|0.07|43.7677|32.9234
07|38|0|180|4.4|18.9|135|60.3|46.7|0.01|0.07|43.7661|32.9234
07|39|0|180|6.5|18.9|135|60.2|46.8|0.01|0.07|43.7672|32.9234
07|40|0|135|4.4|18.9|135|60.0|46.8|0.01|0.07|43.7674|32.9234
07|41|0|135|2.9|18.9|135|59.9|47.0|0.01|0.07|43.7685|33.446
07|42|0|180|3.2|18.9|135|59.8|47.1|0.01|0.07|43.7679|33.446
07|43|0|180|4.4|18.9|135|60.0|47.2|0.01|0.07|43.7682|33.8649
07|44|0|135|2.9|18.9|135|60.7|47.3|0.01|0.07|43.77|33.8649
07|45|0|135|3.2|18.9|135|60.9|47.4|0.01|0.07|43.7685|33.8649
07|46|0|135|5.8|18.9|135|60.7|47.5|0.01|0.07|43.7674|33.8649
07|47|0|135|1.6|18.9|135|60.7|47.6|0.01|0.07|43.7684|33.8649
07|48|0|135|7.3|18.9|135|60.6|47.9|0.01|0.07|43.7656|33.8649
07|49|0|135|4.4|18.9|135|60.6|47.9|0.01|0.07|43.7638|33.8649
07|50|0|135|2.9|18.9|135|60.5|48.1|0.01|0.07|43.7642|34.8063
07|51|0|180|5.8|18.9|135|60.2|48.1|0.01|0.07|43.7638|34.8063
07|52|0|135|3.2|18.9|135|60.0|48.2|0.01|0.07|43.7644|34.8063
07|53|0|135|1.5|18.9|135|60.0|48.4|0.01|0.07|43.7666|34.8063
07|54|0|135|4.8|18.9|135|59.7|48.7|0.01|0.07|43.7676|34.3856
07|56|0|135|4.4|18.9|135|59.1|48.9|0.01|0.07|43.7706|34.3856
07|57|0|135|4.4|18.9|135|58.5|49.0|0.01|0.07|43.7723|34.896
07|58|0|135|4.4|18.9|135|58.0|49.1|0.01|0.07|43.7728|34.896
07|59|0|135|4.4|18.9|135|57.8|49.3|0.01|0.07|43.7728|34.4605
08|00|0|135|8.7|18.9|135|57.5|49.3|0.01|0.07|43.7717|34.4605
08|01|0|180|4.8|18.9|135|57.4|49.3|0.01|0.07|43.7718|34.4605
08|02|0|135|10.2|18.9|135|57.4|49.3|0.01|0.07|43.7704|34.4605
08|03|0|135|8.1|18.9|135|57.4|49.4|0.01|0.07|43.7705|34.4605
08|04|0|135|7.3|18.9|135|57.3|49.3|0.01|0.07|43.7691|34.4605
08|05|0|135|4.8|18.9|135|57.2|49.4|0.00|0.07|43.7706|34.4605
08|06|0|158|9.7|18.9|135|57.0|49.5|0.00|0.07|43.769|34.4605
08|07|0|90|4.4|18.9|135|56.7|49.7|0.00|0.07|43.7701|34.0181
08|08|0|90|2.9|18.9|135|56.2|49.8|0.00|0.07|43.7715|34.0181
08|09|0|135|4.4|18.9|135|56.3|49.9|0.00|0.07|43.7686|34.0181
08|10|0|180|2.9|18.9|135|56.0|50.0|0.00|0.07|43.7676|34.9517
08|12|0|135|5.8|18.9|135|55.3|49.9|0.00|0.07|43.7675|33.5687
08|13|0|180|7.3|18.9|135|55.1|49.9|0.00|0.07|43.7654|33.5687
08|14|0|90|2.9|18.9|135|55.3|49.9|0.00|0.07|43.7669|33.5687
08|15|0|180|9.7|18.9|135|55.3|49.8|0.00|0.07|43.7647|33.5687
08|16|0|90|3.2|18.9|135|55.6|49.8|0.00|0.07|43.7681|33.5687
08|17|0|135|5.8|18.9|135|55.8|49.8|0.00|0.07|43.7651|33.5687
08|18|0|135|8.7|18.9|135|56.0|49.8|0.00|0.07|43.7658|34.0181
08|19|0|135|7.3|18.9|135|56.3|50.0|0.00|0.07|43.7644|34.9517
08|20|0|113|5.8|18.9|135|56.3|50.1|0.00|0.07|43.7619|34.9517
08|21|0|90|4.4|18.9|135|55.9|50.2|0.00|0.07|43.764|34.5004
08|23|0|90|2.9|18.9|135|55.8|50.6|0.00|0.07|43.7649|34.5004
08|24|0|135|1.6|18.9|135|55.9|50.8|0.00|0.07|43.7665|34.5004
08|25|0|135|10.2|18.9|135|55.2|50.9|0.00|0.07|43.7645|34.5004
08|26|0|90|4.8|18.9|135|54.7|50.8|0.00|0.07|43.7634|34.0417
08|27|0|90|4.4|18.9|135|54.6|50.7|0.00|0.07|43.7656|34.0417
08|28|0|135|4.4|18.9|135|54.9|50.8|0.00|0.07|43.7645|34.0417
08|29|0|135|8.0|18.9|135|54.8|50.8|0.00|0.07|43.7647|34.0417
08|31|0|135|5.8|18.9|135|54.6|50.9|0.00|0.07|43.7665|34.0417
08|32|0|135|7.3|18.9|135|54.6|50.8|0.00|0.07|43.7663|34.0417
08|34|0|90|4.4|18.9|135|54.6|50.7|0.01|0.08|43.7669|34.0417
08|35|0|135|3.2|18.9|135|55.0|50.9|0.01|0.08|43.767|34.5004
08|36|0|135|7.3|18.9|135|54.9|51.0|0.01|0.08|43.767|34.9712
08|37|0|158|6.5|18.9|135|54.4|51.0|0.01|0.08|43.7669|34.9712
08|38|0|135|8.7|18.9|135|54.0|51.1|0.01|0.08|43.7647|34.9712
08|39|0|135|5.8|18.9|135|53.7|51.1|0.01|0.08|43.7686|34.5029
08|40|0|90|4.4|18.9|135|53.6|51.2|0.01|0.08|43.7654|34.5029
08|41|0|135|5.8|18.9|135|53.4|51.5|0.01|0.08|43.7665|34.5029
08|42|0|135|2.9|18.9|135|53.3|51.7|0.01|0.08|43.7634|34.5029
08|43|0|135|7.3|18.9|135|52.6|51.6|0.01|0.08|43.7627|34.0268
08|44|0|90|4.8|18.9|135|52.3|51.6|0.01|0.08|43.7648|34.0268
08|45|0|90|7.3|18.9|135|52.2|51.6|0.01|0.08|43.7636|34.0268
08|47|0|135|10.2|18.9|135|51.6|51.3|0.01|0.08|43.7622|33.5425
08|48|0|135|6.4|18.9|135|51.4|51.5|0.01|0.08|43.7645|33.5425
08|49|0|135|4.4|18.9|135|51.1|51.6|0.01|0.08|43.7652|33.5425
08|51|0|180|8.7|18.9|135|50.9|51.9|0.01|0.08|43.7636|33.0498
08|52|0|135|13.1|18.9|135|49.0|51.9|0.01|0.08|43.7594|32.5482
08|53|0|135|7.3|18.9|135|48.6|51.9|0.01|0.08|43.7626|32.0375
08|54|0|180|4.4|18.9|135|48.7|52.0|0.01|0.08|43.7628|32.9542
08|55|0|90|4.4|18.9|135|48.7|52.2|0.01|0.08|43.7625|32.9542
08|56|0|180|9.7|18.9|135|48.0|52.4|0.01|0.08|43.7576|32.9542
08|57|0|135|8.7|18.9|135|47.5|52.4|0.01|0.08|43.7533|32.4318
08|59|0|135|2.9|18.9|135|47.5|52.7|0.01|0.08|43.7557|32.4318
09|00|0|135|8.7|18.9|135|47.1|52.7|0.01|0.08|43.7548|32.4318
09|01|0|180|4.4|18.9|135|47.0|52.7|0.01|0.08|43.7547|32.4318
09|02|0|135|8.7|18.9|135|46.9|52.7|0.01|0.08|43.7526|31.8995
09|04|0|135|8.7|18.9|135|47.0|52.8|0.01|0.08|43.7528|32.4318
09|05|0|90|7.3|18.9|135|46.8|52.8|0.01|0.08|43.754|31.8995
09|06|0|180|5.8|18.9|135|47.0|53.0|0.01|0.08|43.7539|33.3461
09|07|0|90|5.8|18.9|135|47.2|53.2|0.01|0.08|43.7538|33.3461
09|08|0|113|5.8|18.9|135|47.4|53.4|0.01|0.08|43.7503|33.3461
09|09|0|135|5.8|18.9|135|46.7|53.5|0.01|0.08|43.7498|32.8115
09|10|0|135|7.3|18.9|135|46.8|53.5|0.01|0.08|43.7489|32.8115
09|11|0|135|4.8|18.9|135|46.7|53.6|0.01|0.08|43.7478|32.8115
09|12|0|113|5.8|18.9|135|47.1|53.8|0.01|0.08|43.7504|33.3461
09|13|0|135|3.2|18.9|135|47.4|53.9|0.01|0.08|43.7509|33.3461
09|14|0|135|3.2|18.9|135|47.3|54.2|0.01|0.08|43.7532|34.2603
09|15|0|135|1.5|18.9|135|47.0|54.3|0.01|0.08|43.7512|34.2603
09|16|0|135|4.8|18.9|135|47.1|54.5|0.01|0.08|43.7512|34.2603
09|17|0|135|5.8|18.9|135|47.0|54.5|0.01|0.08|43.749|34.2603
09|18|0|158|5.8|18.9|135|47.1|54.6|0.01|0.08|43.7469|34.2603
09|20|0|135|6.4|18.9|135|47.0|54.7|0.01|0.08|43.7457|34.2603
09|21|0|90|4.8|18.9|135|47.3|55.0|0.01|0.08|43.7433|35.1742
09|22|0|180|4.4|18.9|135|46.7|55.2|0.01|0.08|43.7445|34.635
09|23|0|135|1.6|18.9|135|46.7|55.3|0.01|0.08|43.7446|34.635
09|24|0|90|2.9|18.9|135|46.6|55.4|0.01|0.08|43.7441|34.635
09|25|0|135|4.4|18.9|135|46.9|55.6|0.01|0.08|43.7434|34.635
09|26|0|180|2.9|18.9|135|46.6|55.7|0.01|0.08|43.7452|34.635
09|27|0|135|5.8|18.9|135|46.7|55.8|0.01|0.08|43.7436|34.635
09|28|0|135|1.6|18.9|135|46.1|55.8|0.01|0.08|43.7428|34.635
09|29|0|135|5.8|18.9|135|46.1|56.0|0.01|0.08|43.7443|35.5465
09|30|0|90|7.3|18.9|135|45.6|56.0|0.01|0.08|43.7466|34.9945
09|31|0|45|8.7|18.9|135|44.7|56.0|0.01|0.08|43.7444|34.4316
09|32|0|135|4.4|18.9|135|44.6|56.1|0.01|0.08|43.7451|34.4316
09|34|0|135|4.8|18.9|135|44.8|56.1|0.00|0.08|43.7445|34.4316
09|35|0|90|1.5|18.9|135|44.6|56.3|0.00|0.08|43.7449|34.4316
09|36|0|113|8.0|18.9|135|44.6|56.4|0.00|0.08|43.7482|34.4316
09|37|0|90|4.4|18.9|135|44.4|56.4|0.00|0.08|43.7452|34.4316
09|38|0|113|4.8|18.9|135|43.8|56.5|0.00|0.08|43.7476|33.8573
09|39|0|90|7.3|18.9|135|44.0|56.6|0.00|0.08|43.743|34.4316
09|40|0|135|4.4|18.9|135|43.4|56.6|0.00|0.08|43.7432|33.8573
09|41|0|180|1.6|18.9|135|44.0|56.9|0.00|0.08|43.7426|34.4316
09|42|0|113|8.7|18.9|135|44.1|56.9|0.00|0.08|43.7393|34.4316
09|43|0|135|5.8|18.9|135|44.2|56.9|0.00|0.08|43.7424|34.4316
09|44|0|135|7.3|18.9|135|43.3|56.9|0.00|0.08|43.7395|33.8573
09|45|0|0|4.4|18.9|135|43.0|57.0|0.00|0.08|43.7402|34.7615
09|47|0|90|1.5|18.9|135|43.2|57.2|0.00|0.08|43.7364|34.7615
09|48|0|45|4.4|18.9|135|42.8|57.3|0.00|0.08|43.737|34.1727
09|49|0|135|3.2|18.9|135|43.1|57.4|0.00|0.08|43.7379|34.7615
09|51|0|135|1.5|18.9|135|43.1|57.5|0.00|0.08|43.7347|34.7615
09|52|0|158|4.4|18.9|135|42.0|57.9|0.00|0.08|43.7377|34.1727
09|53|0|158|5.8|18.9|135|41.8|57.9|0.00|0.08|43.7331|33.5715
09|54|0|135|4.4|18.9|135|41.4|58.0|0.00|0.08|43.7323|34.4704
09|55|0|135|4.4|18.9|135|41.6|58.0|0.00|0.08|43.7345|34.4704
09|56|0|135|5.8|18.9|135|41.5|58.0|0.00|0.08|43.7316|34.4704
09|57|0|135|4.8|18.9|135|42.0|57.9|0.00|0.08|43.7328|34.1727
09|58|0|135|2.9|18.9|135|42.1|58.0|0.00|0.08|43.7322|35.0742
09|59|0|135|4.4|18.9|135|42.5|58.1|0.00|0.08|43.73|35.0742
10|00|0|180|4.4|18.9|135|42.0|58.2|0.00|0.08|43.728|35.0742
10|02|0|180|1.5|18.9|135|42.5|58.4|0.00|0.08|43.7258|35.0742
10|03|0|113|7.3|18.9|135|42.5|58.5|0.00|0.08|43.7234|35.0742
10|04|0|135|5.8|18.9|135|42.6|58.4|0.00|0.08|43.7243|35.0742
10|05|0|158|1.6|18.9|135|41.8|58.4|0.00|0.08|43.723|34.4704
10|07|0|45|1.5|18.9|135|41.3|58.7|0.00|0.08|43.7226|34.4704
10|08|0|180|4.8|18.9|135|41.7|58.9|0.00|0.08|43.7242|34.4704
10|09|0|90|2.9|18.9|135|42.1|59.0|0.00|0.08|43.7246|35.9755
10|11|0|135|3.2|18.9|135|41.3|59.2|0.00|0.08|43.7262|35.3692
10|13|0|135|1.5|18.9|135|41.2|59.6|0.00|0.08|43.725|35.3692
10|14|0|135|6.4|18.9|135|41.5|59.6|0.00|0.08|43.7269|35.3692
10|15|0|135|4.4|18.9|135|40.7|59.5|0.00|0.08|43.7237|34.7497
10|16|0|180|1.5|18.9|135|41.1|59.7|0.00|0.08|43.7265|35.3692
10|17|0|135|6.4|18.9|135|40.9|59.9|0.00|0.08|43.7262|34.7497
10|19|0|90|5.8|18.9|135|40.2|60.1|0.00|0.08|43.7281|35.6456
10|20|0|135|2.9|18.9|135|39.5|60.0|0.00|0.08|43.7277|35.0096
10|21|0|90|4.4|18.9|135|39.9|60.0|0.00|0.08|43.7252|35.0096
10|22|0|135|2.9|18.9|135|39.6|60.0|0.00|0.08|43.7275|35.0096
10|23|0|135|7.3|18.9|135|39.6|60.0|0.00|0.08|43.7266|35.0096
10|24|0|135|4.8|18.9|135|39.8|59.9|0.00|0.08|43.7218|34.1163
10|25|0|90|2.9|18.9|135|40.0|60.0|0.00|0.08|43.726|35.6456
10|26|0|113|4.4|18.9|135|39.7|60.0|0.00|0.08|43.7237|35.0096
10|27|0|180|2.9|18.9|135|40.0|60.1|0.00|0.08|43.7245|35.6456
10|28|0|180|8.7|18.9|135|39.6|60.2|0.00|0.08|43.7224|35.0096
10|29|0|135|8.1|18.9|135|39.3|60.2|0.00|0.08|43.7208|35.0096
10|30|0|45|2.9|18.9|135|39.0|60.3|0.00|0.08|43.7249|35.0096
10|32|0|225|2.9|18.9|135|39.8|60.6|0.00|0.08|43.7226|35.0096
10|33|0|180|9.7|18.9|135|40.0|60.7|0.00|0.08|43.7146|35.6456
10|34|0|135|5.8|18.9|135|40.5|61.0|0.00|0.08|43.7203|36.5414
10|35|0|90|4.8|18.9|135|39.6|61.1|0.00|0.08|43.7206|35.9027
10|36|0|90|1.5|18.9|135|38.2|61.4|0.00|0.08|43.7225|35.2495
10|37|0|135|2.9|18.9|135|37.9|61.5|0.00|0.08|43.7225|34.5809
10|38|0|90|4.4|18.9|135|37.9|61.4|0.00|0.08|43.7215|34.5809
10|39|0|90|5.8|18.9|135|37.9|61.4|0.00|0.08|43.7215|34.5809
10|40|0|135|8.7|18.9|135|38.2|61.4|0.00|0.08|43.7208|35.2495
10|41|0|135|2.9|18.9|135|38.1|61.5|0.00|0.08|43.721|35.2495
10|42|0|90|2.9|18.9|135|37.9|61.6|0.00|0.08|43.7218|34.5809
10|43|0|90|3.2|18.9|135|37.4|61.6|0.00|0.08|43.7206|34.5809
10|44|0|90|1.5|18.9|135|38.2|61.7|0.00|0.08|43.7196|35.2495
10|45|0|135|4.8|18.9|135|37.9|61.8|0.00|0.08|43.72|34.5809
10|46|0|135|4.4|18.9|135|37.9|61.9|0.00|0.08|43.7204|34.5809
10|48|0|90|4.4|18.9|135|37.5|62.0|0.00|0.08|43.7222|35.4683
10|49|0|90|4.4|18.9|135|36.9|62.0|0.00|0.08|43.7192|34.7807
10|50|0|0|1.5|18.9|135|36.6|62.0|0.00|0.08|43.7178|34.7807
10|51|0|135|4.4|18.9|135|37.0|62.3|0.00|0.08|43.7158|35.4683
10|52|0|90|4.4|18.9|135|37.5|62.3|0.00|0.08|43.7146|35.4683
10|53|0|180|3.2|18.9|135|37.4|62.3|0.00|0.08|43.7107|35.4683
10|54|0|135|3.2|18.9|135|37.9|62.4|0.00|0.08|43.7097|35.4683
10|55|0|90|5.8|18.9|135|37.7|62.5|0.00|0.08|43.7086|35.4683
10|56|0|135|1.6|18.9|135|36.6|62.6|0.00|0.08|43.7082|34.7807
10|57|0|90|1.5|18.9|135|36.6|62.8|0.00|0.08|43.7093|34.7807
10|59|0|135|5.8|18.9|135|36.3|62.6|0.00|0.08|43.7065|34.7807
11|00|0|90|2.9|18.9|135|36.8|62.7|0.00|0.08|43.7048|34.7807
11|01|0|113|4.8|18.9|135|37.1|62.8|0.00|0.08|43.7035|35.4683
11|02|0|135|5.8|18.9|135|36.7|62.8|0.00|0.08|43.7023|34.7807
11|03|0|135|2.9|18.9|135|35.7|62.7|0.00|0.08|43.7017|34.076
11|04|0|90|5.8|18.9|135|36.2|62.9|0.00|0.08|43.7002|34.7807
11|06|0|90|2.9|18.9|135|35.9|63.0|0.00|0.08|43.6979|34.9574
11|08|0|90|2.9|18.9|135|36.9|63.0|0.00|0.08|43.6963|35.665
11|09|0|135|5.8|18.9|135|36.1|63.0|0.00|0.08|43.6954|35.665
11|10|0|180|1.5|18.9|135|36.4|62.9|0.00|0.08|43.6979|34.7807
11|11|0|180|3.2|18.9|135|36.5|63.0|0.00|0.08|43.6963|35.665
11|12|0|90|1.5|18.9|135|35.3|63.2|0.00|0.08|43.6959|34.9574
11|13|0|203|4.4|18.9|135|36.5|63.3|0.00|0.08|43.6953|35.665
11|15|0|158|7.3|18.9|135|36.2|63.2|0.00|0.08|43.6915|35.665
11|16|0|180|3.2|18.9|135|36.2|63.3|0.00|0.08|43.6913|35.665
11|17|0|90|1.5|18.9|135|36.2|63.6|0.00|0.08|43.6945|35.665
11|18|0|90|2.9|18.9|135|35.9|63.7|0.00|0.08|43.6948|34.9574
11|19|0|45|4.4|18.9|135|35.4|64.0|0.00|0.08|43.6955|35.8386
11|20|0|90|3.2|18.9|135|34.6|64.0|0.00|0.08|43.6938|35.11
11|23|0|45|2.9|18.9|135|34.3|64.3|0.00|0.08|43.6949|35.11
11|24|0|135|4.4|18.9|135|34.6|64.5|0.00|0.08|43.6957|35.11
11|25|0|90|4.4|18.9|135|34.0|64.5|0.00|0.08|43.6954|35.11
11|26|0|90|4.4|18.9|135|34.0|64.3|0.00|0.08|43.6938|35.11
11|27|0|45|1.5|18.9|135|34.3|64.4|0.00|0.08|43.6939|35.11
11|28|0|90|2.9|18.9|135|34.2|64.4|0.00|0.08|43.693|35.11
11|29|0|45|1.6|18.9|135|34.7|64.5|0.00|0.08|43.6909|35.11
11|30|0|90|5.8|18.9|135|35.5|64.4|0.00|0.08|43.689|35.8386
11|32|0|180|1.5|18.9|135|35.2|64.5|0.00|0.08|43.6867|35.8386
11|33|0|180|2.9|18.9|135|35.5|64.7|0.00|0.08|43.6865|35.8386
11|35|0|90|4.4|18.9|135|35.2|65.1|0.00|0.08|43.6862|36.7196
11|36|0|45|2.9|18.9|135|33.9|65.2|0.00|0.08|43.6883|35.2371
11|37|0|90|3.2|18.9|135|33.9|65.4|0.00|0.08|43.6858|35.2371
11|39|0|45|1.6|18.9|135|34.6|65.6|0.00|0.08|43.6813|35.988
11|40|0|90|8.7|18.9|135|34.0|65.8|0.00|0.08|43.6818|35.988
11|41|0|90|5.8|18.9|135|33.2|65.5|0.00|0.08|43.6829|35.2371
11|42|0|90|8.0|18.9|135|33.4|65.5|0.00|0.08|43.6801|35.2371
11|43|0|90|3.2|18.9|135|33.4|65.2|0.00|0.08|43.682|35.2371
11|44|0|45|4.4|18.9|135|33.8|65.2|0.00|0.08|43.681|35.2371
11|45|0|135|2.9|18.9|135|34.3|65.2|0.00|0.08|43.6802|35.988
11|46|0|225|1.5|18.9|135|33.9|65.2|0.00|0.08|43.6807|35.2371
11|47|0|45|2.9|18.9|135|35.0|65.4|0.00|0.08|43.6774|36.7196
11|49|0|45|1.6|18.9|135|34.2|65.6|0.00|0.08|43.6748|35.988
11|50|0|45|1.5|18.9|135|33.2|66.0|0.00|0.08|43.6724|36.1117
11|51|0|68|1.5|18.9|135|33.5|66.2|0.00|0.08|43.6714|36.1117
11|52|0|135|2.9|18.9|135|32.8|66.4|0.00|0.08|43.6692|35.3373
11|53|0|90|2.9|18.9|135|32.4|66.5|0.00|0.08|43.6699|35.3373
11|54|0|45|1.5|18.9|135|32.0|66.5|0.00|0.08|43.6679|35.3373
11|56|0|180|2.9|18.9|135|32.5|66.7|0.00|0.08|43.6651|35.3373
11|57|0|90|1.5|18.9|135|32.8|66.9|0.00|0.08|43.6623|35.3373
11|58|0|180|6.4|18.9|135|32.3|67.1|0.00|0.08|43.6611|36.2087
12|00|0|135|5.8|18.9|135|32.9|67.3|0.00|0.08|43.6604|36.2087
12|01|0|135|2.9|18.9|135|32.2|67.4|0.00|0.08|43.6624|36.2087
12|02|0|90|2.9|18.9|135|31.8|67.7|0.00|0.08|43.6622|35.4093
12|03|0|0|4.4|18.9|135|31.0|67.8|0.00|0.08|43.6585|35.4093
12|04|0|90|1.5|18.9|135|31.5|68.0|0.00|0.08|43.6589|36.2772
12|05|0|225|8.7|18.9|135|30.8|68.0|0.00|0.08|43.6553|35.4514
12|06|0|135|7.3|18.9|135|30.5|68.0|0.00|0.08|43.657|35.4514
12|07|0|180|5.8|18.9|135|30.1|68.0|0.00|0.08|43.6565|35.4514
12|08|0|0|4.8|18.9|135|29.7|68.0|0.00|0.08|43.6571|34.601
12|09|0|225|0.0|18.9|135|29.7|68.2|0.00|0.08|43.6526|34.601
12|10|0|180|2.9|18.9|135|30.3|68.5|0.00|0.08|43.6496|35.4514
12|12|0|135|3.2|18.9|135|30.5|68.7|0.00|0.08|43.6498|35.4514
12|13|0|135|1.5|18.9|135|29.4|68.8|0.00|0.08|43.649|34.601
12|14|0|135|1.5|18.9|135|29.5|69.1|0.00|0.08|43.6501|35.4619
12|15|0|135|2.9|18.9|135|29.4|69.2|0.00|0.08|43.6484|35.4619
12|17|0|135|6.4|18.9|135|30.1|69.5|0.00|0.08|43.6502|36.3157
12|18|0|90|2.9|18.9|135|29.4|69.6|0.00|0.08|43.6489|35.4619
12|19|0|180|8.1|18.9|135|29.0|69.6|0.00|0.08|43.6477|35.4619
12|20|0|135|7.3|18.9|135|29.5|69.6|0.00|0.08|43.648|35.4619
12|21|0|135|7.3|18.9|135|29.8|69.7|0.00|0.08|43.6505|35.4619
12|22|0|135|5.8|18.9|135|28.9|69.6|0.00|0.08|43.6477|34.5816
12|23|0|135|4.4|18.9|135|28.5|69.7|0.00|0.08|43.649|34.5816
12|25|0|180|1.5|18.9|135|28.2|69.5|0.00|0.08|43.6484|34.5816
12|26|0|135|2.9|18.9|135|29.2|69.6|0.00|0.08|43.6469|35.4619
12|27|0|45|1.5|18.9|135|28.8|69.7|0.00|0.08|43.6483|34.5816
12|28|0|135|1.5|18.9|135|28.7|70.0|0.00|0.08|43.6501|35.4387
12|29|0|180|1.5|18.9|135|28.0|70.3|0.00|0.08|43.6499|35.4387
12|30|0|90|4.4|18.9|135|27.3|70.3|0.00|0.08|43.6471|34.5266
12|31|0|90|1.5|18.9|135|26.8|70.5|0.00|0.08|43.6484|33.5842
12|33|0|135|3.2|18.9|135|27.4|70.5|0.00|0.08|43.6442|34.5266
12|35|0|180|4.8|18.9|135|27.6|70.3|0.00|0.08|43.6435|34.5266
12|36|0|180|2.9|18.9|135|27.5|70.5|0.00|0.08|43.6415|34.5266
12|37|0|113|1.6|18.9|135|26.9|70.4|0.00|0.08|43.6416|33.5842
12|38|0|135|2.9|18.9|135|26.6|70.4|0.00|0.08|43.6395|33.5842
12|39|0|180|1.5|18.9|135|26.8|70.6|0.00|0.08|43.6405|33.5842
12|40|0|135|3.2|18.9|135|27.4|70.6|0.00|0.08|43.6373|34.5266
12|41|0|135|2.9|18.9|135|27.0|70.8|0.00|0.08|43.6378|34.5266
12|42|0|180|2.9|18.9|135|27.7|70.9|0.00|0.08|43.6367|34.5266
12|43|0|135|0.0|18.9|135|26.9|71.0|0.00|0.08|43.6384|34.4336
12|45|0|180|0.0|18.9|135|27.1|71.3|0.00|0.08|43.6389|35.3797
12|46|0|90|2.9|18.9|135|27.0|71.4|0.00|0.08|43.6383|35.3797
12|47|0|158|4.4|18.9|135|26.7|71.3|0.00|0.08|43.6357|34.4336
12|48|0|0|2.9|18.9|135|26.6|71.3|0.00|0.08|43.6375|34.4336
12|49|0|45|0.0|18.9|135|26.8|71.4|0.00|0.08|43.6358|34.4336
12|50|0|45|1.5|18.9|135|26.5|71.6|0.00|0.08|43.6356|34.4336
12|51|0|45|2.9|18.9|135|26.6|71.7|0.00|0.08|43.633|34.4336
12|52|0|113|2.9|18.9|135|26.2|71.7|0.00|0.08|43.631|34.4336
12|53|0|45|4.4|18.9|135|26.5|71.8|0.00|0.08|43.6311|34.4336
12|54|0|90|4.4|18.9|135|26.3|71.8|0.00|0.08|43.6284|34.4336
12|55|0|135|1.5|18.9|135|25.7|71.9|0.00|0.08|43.6264|33.4547
12|56|0|180|5.8|18.9|135|23.9|71.9|0.00|0.08|43.6253|31.3883
12|57|0|135|1.6|18.9|135|23.9|71.9|0.00|0.08|43.626|31.3883
12|59|0|45|2.9|18.9|135|25.0|72.2|0.00|0.08|43.6244|34.2999
13|00|0|180|1.5|18.9|135|26.0|72.2|0.00|0.08|43.6218|35.2827
13|01|0|45|1.6|18.9|135|26.3|72.3|0.00|0.08|43.6193|35.2827
13|02|0|113|7.3|18.9|135|26.3|72.4|0.00|0.08|43.6172|35.2827
13|03|0|45|3.2|18.9|135|25.6|72.2|0.00|0.08|43.6186|34.2999
13|04|0|135|3.2|18.9|135|25.4|72.2|0.00|0.08|43.6164|34.2999
13|05|0|90|2.9|18.9|135|26.1|72.3|0.00|0.08|43.6163|35.2827
13|06|0|90|2.9|18.9|135|25.2|72.3|0.00|0.08|43.6157|34.2999
13|07|0|45|1.6|18.9|135|25.2|72.3|0.00|0.08|43.6138|34.2999
13|08|0|135|2.9|18.9|135|26.0|72.3|0.00|0.08|43.6127|35.2827
13|09|0|135|1.5|18.9|135|25.1|72.4|0.00|0.08|43.61|34.2999
13|10|0|270|4.8|18.9|135|25.4|72.5|0.00|0.08|43.606|34.2999
13|11|0|135|2.9|18.9|135|25.4|72.7|0.00|0.08|43.6054|34.2999
13|13|0|158|7.3|18.9|135|24.8|73.0|0.00|0.08|43.6019|34.1227
13|15|0|135|4.4|18.9|135|24.7|73.0|0.00|0.08|43.6035|34.1227
13|16|0|135|7.3|18.9|135|24.4|73.0|0.00|0.08|43.6029|34.1227
13|17|0|90|1.5|18.9|135|24.2|73.0|0.00|0.08|43.6046|34.1227
13|18|0|180|2.9|18.9|135|24.0|73.1|0.00|0.08|43.602|34.1227
13|19|0|180|3.2|18.9|135|24.0|73.1|0.00|0.08|43.6007|34.1227
13|20|0|135|2.9|18.9|135|24.1|73.1|0.00|0.08|43.5998|34.1227
13|21|0|135|4.4|18.9|135|23.7|73.3|0.00|0.08|43.6028|33.0622
13|22|0|180|6.5|18.9|135|23.9|73.2|0.00|0.08|43.5977|33.0622
13|24|0|45|4.4|18.9|135|23.8|73.1|0.00|0.08|43.5963|33.0622
13|25|0|135|2.9|18.9|135|24.0|73.0|0.00|0.08|43.5945|34.1227
13|26|0|90|2.9|18.9|135|24.5|72.8|0.00|0.08|43.5944|33.2818
13|27|0|158|1.6|18.9|135|23.9|72.8|0.00|0.08|43.5924|32.2254
13|28|0|135|5.8|18.9|135|24.2|72.8|0.00|0.08|43.5897|33.2818
13|29|0|180|5.8|18.9|135|24.5|72.8|0.00|0.08|43.5895|33.2818
13|30|0|90|2.9|18.9|135|24.3|72.8|0.00|0.08|43.5915|33.2818
13|31|0|90|4.4|18.9|135|24.0|72.7|0.00|0.08|43.591|33.2818
13|33|0|45|3.2|18.9|135|24.9|73.0|0.00|0.08|43.5905|34.1227
13|34|0|135|2.9|18.9|135|24.4|73.0|0.00|0.08|43.5903|34.1227
13|35|0|180|4.4|18.9|135|24.8|73.2|0.00|0.08|43.591|34.1227
13|36|0|135|2.9|18.9|135|24.6|73.3|0.00|0.08|43.5877|34.1227
13|37|0|135|6.4|18.9|135|24.6|73.4|0.00|0.08|43.5883|34.1227
13|38|0|180|4.8|18.9|135|24.1|73.4|0.00|0.08|43.5877|34.1227
13|39|0|135|7.3|18.9|135|24.9|73.5|0.00|0.08|43.5909|34.1227
13|40|0|225|2.9|18.9|135|23.9|73.6|0.00|0.08|43.5892|33.0622
13|41|0|180|4.4|18.9|135|24.8|73.9|0.00|0.08|43.5916|34.1227
13|42|0|90|4.4|18.9|135|23.9|74.1|0.00|0.08|43.5913|33.8987
13|44|0|90|4.4|18.9|135|23.3|74.2|0.00|0.08|43.5902|33.8987
13|46|0|135|2.9|18.9|135|23.8|74.5|0.00|0.08|43.5912|33.8987
13|47|0|135|5.8|18.9|135|23.8|74.6|0.00|0.08|43.5912|33.8987
13|48|0|135|1.5|18.9|135|23.3|74.5|0.00|0.08|43.587|33.8987
13|49|0|90|1.5|18.9|135|22.1|74.6|0.00|0.08|43.589|32.7924
13|50|0|180|4.4|18.9|135|23.0|74.6|0.00|0.08|43.5861|33.8987
13|51|0|90|2.9|18.9|135|23.4|74.5|0.00|0.08|43.5871|33.8987
13|52|0|135|2.9|18.9|135|23.0|74.5|0.00|0.08|43.5852|33.8987
13|53|0|135|7.3|18.9|135|23.5|74.2|0.00|0.08|43.5825|33.8987
13|54|0|180|2.9|18.9|135|23.6|74.1|0.00|0.08|43.5797|33.8987
13|55|0|135|4.4|18.9|135|24.2|74.1|0.00|0.08|43.5804|34.9634
13|57|0|135|8.7|18.9|135|23.2|74.2|0.00|0.08|43.5774|33.8987
13|58|0|45|5.8|18.9|135|23.4|74.0|0.00|0.08|43.5767|33.8987
13|59|0|68|7.3|18.9|135|22.9|74.1|0.00|0.08|43.5768|32.7924
14|00|0|45|2.9|18.9|135|23.1|74.1|0.00|0.08|43.5763|33.8987
14|01|0|90|4.4|18.9|135|23.4|74.2|0.00|0.08|43.5765|33.8987
14|02|0|90|5.8|18.9|135|23.8|74.2|0.00|0.08|43.5763|33.8987
14|03|0|45|4.4|18.9|135|22.6|74.2|0.00|0.08|43.5738|32.7924
14|04|0|0|3.2|18.9|135|22.5|74.2|0.00|0.08|43.5701|32.7924
14|05|0|315|1.5|18.9|135|22.9|74.2|0.00|0.08|43.5688|32.7924
14|06|0|315|1.6|18.9|135|22.6|74.4|0.00|0.08|43.5676|32.7924
14|07|0|90|2.9|18.9|135|22.6|74.5|0.00|0.08|43.5629|32.7924
14|08|0|225|3.2|18.9|135|23.2|74.8|0.00|0.08|43.5597|33.8987
14|09|0|135|3.2|18.9|135|23.1|74.9|0.00|0.08|43.5593|33.8987
14|12|0|90|2.9|18.9|135|22.9|75.2|0.00|0.08|43.5589|33.6243
14|13|0|135|4.4|18.9|135|22.6|75.3|0.00|0.08|43.5561|33.6243
14|14|0|158|6.4|18.9|135|22.1|75.3|0.00|0.08|43.5563|33.6243
14|16|0|135|8.7|18.9|135|22.2|75.0|0.00|0.08|43.5519|33.6243
14|17|0|135|5.8|18.9|135|22.4|74.5|0.00|0.08|43.5518|32.7924
14|19|0|135|4.4|18.9|135|22.3|74.4|0.00|0.08|43.5505|32.7924
14|20|0|135|4.4|18.9|135|22.5|74.5|0.00|0.08|43.5495|32.7924
14|22|0|90|1.6|18.9|135|22.8|75.0|0.00|0.08|43.5504|33.6243
14|23|0|45|5.8|18.9|135|22.1|75.1|0.00|0.08|43.5511|33.6243
14|24|0|45|4.8|18.9|135|21.3|75.2|0.00|0.08|43.5504|32.468
14|27|0|180|1.6|18.9|135|20.1|75.1|0.00|0.08|43.5482|31.2621
14|28|0|90|3.2|18.9|135|19.9|75.2|0.00|0.08|43.5488|30.0016
14|29|0|180|3.2|18.9|135|20.2|75.2|0.00|0.08|43.5454|31.2621
14|30|0|180|5.8|18.9|135|20.0|75.1|0.00|0.08|43.5455|31.2621
14|31|0|135|4.4|18.9|135|20.6|74.9|0.00|0.08|43.5432|30.4393
14|32|0|180|3.2|18.9|135|20.9|74.9|0.00|0.08|43.5434|30.4393
14|34|0|135|6.4|18.9|135|21.0|74.6|0.00|0.08|43.539|31.6406
14|35|0|180|1.5|18.9|135|21.3|74.9|0.00|0.08|43.5402|31.6406
14|36|0|135|1.5|18.9|135|21.1|75.1|0.00|0.08|43.544|32.468
14|37|0|23|1.5|18.9|135|21.9|75.2|0.00|0.08|43.5404|32.468
14|38|0|90|2.9|18.9|135|22.0|75.5|0.00|0.08|43.5401|33.6243
14|39|0|135|4.4|18.9|135|20.5|75.3|0.00|0.08|43.5389|31.2621
14|41|0|90|5.8|18.9|135|20.5|75.4|0.00|0.08|43.5391|31.2621
14|42|0|45|2.9|18.9|135|20.7|75.3|0.00|0.08|43.5389|31.2621
14|43|0|45|0.0|18.9|135|21.1|75.5|0.00|0.08|43.5376|32.468
14|44|0|45|1.6|18.9|135|20.4|75.8|0.00|0.08|43.5384|31.2621
14|45|0|0|2.9|18.9|135|20.3|75.9|0.00|0.08|43.5394|31.2621
14|46|0|180|1.6|18.9|135|20.0|76.0|0.00|0.08|43.5372|32.0845
14|48|0|90|0.0|18.9|135|21.2|76.6|0.00|0.08|43.5354|33.2951
14|49|0|135|4.4|18.9|135|21.3|76.8|0.00|0.08|43.5329|33.2951
14|50|0|225|3.2|18.9|135|19.8|76.9|0.00|0.08|43.5352|30.8191
14|51|0|90|1.6|18.9|135|19.7|77.1|0.00|0.08|43.5351|31.6364
14|52|0|135|2.9|18.9|135|20.0|77.2|0.00|0.08|43.533|32.9066
14|53|0|90|3.2|18.9|135|20.5|77.5|0.00|0.08|43.5307|32.9066
14|54|0|135|4.4|18.9|135|19.8|77.5|0.00|0.08|43.5322|31.6364
14|57|0|135|4.4|18.9|135|18.6|77.5|0.00|0.08|43.5303|30.3056
14|58|0|135|4.8|18.9|135|18.9|77.5|0.00|0.08|43.5272|30.3056
14|59|0|90|1.5|18.9|135|18.5|77.5|0.00|0.08|43.5276|30.3056
15|00|0|338|1.5|18.9|135|18.6|77.1|0.00|0.08|43.5273|30.3056
15|02|0|45|1.5|18.9|135|19.6|77.0|0.00|0.08|43.5231|31.6364
15|03|0|315|2.9|18.9|135|19.2|77.0|0.00|0.08|43.5211|31.6364
15|04|0|225|1.5|18.9|135|19.0|77.1|0.00|0.08|43.5208|31.6364
15|05|0|180|1.6|18.9|135|19.1|77.2|0.00|0.08|43.519|31.6364
15|06|0|90|5.8|18.9|135|19.9|77.2|0.00|0.08|43.52|31.6364
15|08|0|90|7.3|18.9|135|19.0|76.9|0.00|0.08|43.5232|30.8191
15|09|0|90|8.1|18.9|135|18.7|76.1|0.00|0.08|43.5185|29.4934
15|10|0|45|4.4|18.9|135|19.2|76.0|0.00|0.08|43.5198|30.8191
15|11|0|90|2.9|18.9|135|18.9|75.9|0.00|0.08|43.5206|28.6809
15|12|0|158|1.6|18.9|135|19.3|75.9|0.00|0.08|43.5181|30.0016
15|13|0|225|2.9|18.9|135|20.1|75.9|0.00|0.08|43.5168|31.2621
15|14|0|180|2.9|18.9|135|19.2|76.0|0.00|0.08|43.5175|30.8191
15|15|0|180|3.2|18.9|135|19.5|76.2|0.00|0.08|43.5138|30.8191
15|16|0|180|1.5|18.9|135|19.2|76.3|0.00|0.08|43.5113|30.8191
15|17|0|225|2.9|18.9|135|19.7|76.6|0.00|0.08|43.5122|30.8191
15|18|0|135|0.0|18.9|135|19.9|76.8|0.00|0.08|43.5103|30.8191
15|19|0|248|1.5|3.2|270|19.2|77.1|0.00|0.00|43.5124|31.6364
15|20|0|315|1.6|3.6|270|18.9|77.3|0.00|0.00|43.5103|30.3056
15|23|0|45|4.4|4.8|315|18.5|77.8|0.00|0.00|43.5114|30.3056
15|24|0|45|6.4|8.1|45|18.1|77.7|0.00|0.00|43.5092|30.3056
15|25|0|45|2.9|8.1|45|17.8|77.3|0.00|0.00|43.5085|28.9077
15|27|0|45|2.9|8.1|45|18.2|77.2|0.00|0.00|43.5075|30.3056
15|28|0|0|2.9|8.1|45|18.9|77.1|0.00|0.00|43.5029|30.3056
15|29|0|45|1.5|8.1|45|19.1|77.2|0.00|0.00|43.5026|31.6364
15|30|0|0|2.9|8.1|45|18.8|77.1|0.00|0.00|43.4997|30.3056
15|31|0|315|4.8|8.1|45|19.8|77.2|0.00|0.00|43.4992|31.6364
15|33|0|315|2.9|8.1|45|18.5|77.6|0.00|0.00|43.4999|30.3056
15|34|0|315|1.5|8.1|45|18.5|77.8|0.00|0.00|43.5011|30.3056
15|35|0|315|4.4|8.1|45|18.3|77.9|0.00|0.00|43.4993|30.3056
15|37|0|315|1.5|8.1|45|18.2|78.0|0.00|0.00|43.5006|31.1174
15|38|0|90|0.0|8.1|45|18.3|78.1|0.00|0.00|43.4995|31.1174
15|39|0|0|2.9|8.1|45|18.4|78.4|0.00|0.00|43.4983|31.1174
15|40|0|0|2.9|8.1|45|18.1|78.5|0.00|0.00|43.4967|31.1174
15|41|0|338|1.6|8.1|45|17.8|78.6|0.00|0.00|43.4955|29.7141
15|42|0|0|2.9|8.1|45|18.0|78.8|0.00|0.00|43.4974|31.1174
15|44|0|315|5.8|8.1|45|17.8|78.8|0.00|0.00|43.4932|29.7141
15|45|0|270|2.9|8.1|45|18.1|78.9|0.00|0.00|43.4919|31.1174
15|46|0|315|4.4|8.7|315|17.4|78.7|0.00|0.00|43.4913|29.7141
15|47|0|315|8.7|8.7|315|17.6|78.5|0.00|0.00|43.4882|29.7141
15|48|0|315|1.5|8.7|315|17.7|78.1|0.00|0.00|43.4899|29.7141
15|49|0|315|3.2|8.7|315|17.8|77.9|0.00|0.00|43.4893|28.9077
15|50|0|315|4.4|8.7|315|17.4|77.6|0.00|0.00|43.4863|28.9077
15|51|0|315|7.3|8.7|315|18.0|77.3|0.00|0.00|43.4832|30.3056
15|53|0|270|5.8|10.2|315|18.2|77.1|0.00|0.00|43.4863|30.3056
15|54|0|315|3.2|10.2|315|17.6|76.9|0.00|0.00|43.482|28.1008
15|55|0|270|4.4|10.2|315|17.5|77.0|0.00|0.00|43.4832|28.9077
15|56|0|315|2.9|10.2|315|17.5|77.0|0.00|0.00|43.4819|28.9077
15|57|0|315|2.9|10.2|315|17.1|76.9|0.00|0.00|43.4803|28.1008
15|58|0|270|4.4|10.2|315|17.1|77.1|0.00|0.00|43.4809|28.9077
15|59|0|225|4.4|10.2|315|17.2|77.2|0.00|0.00|43.4809|28.9077
16|00|0|225|4.4|10.2|315|17.2|77.5|0.00|0.00|43.4825|28.9077
16|01|0|315|1.6|10.2|315|17.1|77.7|0.00|0.00|43.4835|28.9077
16|03|0|225|1.5|10.2|315|17.5|78.1|0.00|0.00|43.4809|29.7141
16|04|0|45|1.5|10.2|315|17.1|78.4|0.00|0.00|43.4808|29.7141
16|06|0|0|2.9|10.2|315|18.2|78.6|0.00|0.00|43.4825|31.1174
16|07|0|315|4.4|10.2|315|16.9|78.7|0.00|0.00|43.481|28.2359
16|08|0|0|1.5|10.2|315|16.3|78.8|0.00|0.00|43.4778|28.2359
16|09|0|0|1.5|10.2|315|16.5|78.9|0.00|0.00|43.4769|28.2359
16|10|0|0|2.9|10.2|315|17.0|79.0|0.00|0.00|43.4728|30.5203
16|12|0|135|1.5|10.2|315|16.9|79.1|0.00|0.00|43.4706|29.0364
16|13|0|0|1.5|10.2|315|17.5|79.3|0.00|0.00|43.4672|30.5203
16|14|0|45|2.9|10.2|315|17.0|79.5|0.00|0.00|43.4651|30.5203
16|15|0|135|2.9|10.2|315|16.7|79.6|0.00|0.00|43.4675|29.0364
16|16|0|135|2.9|10.2|315|16.0|79.5|0.00|0.00|43.4644|29.0364
16|17|0|135|3.2|10.2|315|16.3|79.5|0.00|0.00|43.4637|29.0364
16|19|0|90|2.9|10.2|315|16.0|79.5|0.00|0.00|43.4642|29.0364
16|20|0|45|3.2|10.2|315|15.9|79.5|0.00|0.00|43.4635|27.4681
16|22|0|45|1.5|10.2|315|16.5|79.4|0.00|0.00|43.4626|29.0364
16|23|0|90|2.9|10.2|315|16.5|79.3|0.00|0.00|43.4672|29.0364
16|24|0|113|2.9|10.2|315|15.9|79.1|0.00|0.00|43.4651|27.4681
16|25|0|225|1.5|10.2|315|17.3|79.3|0.00|0.00|43.4636|30.5203
16|26|0|225|1.6|10.2|315|16.9|79.3|0.00|0.00|43.4632|29.0364
16|27|0|270|1.5|10.2|315|16.6|79.5|0.00|0.00|43.462|29.0364
16|28|0|270|2.9|10.2|315|16.5|79.6|0.00|0.00|43.4605|29.0364
16|29|0|315|3.2|10.2|315|16.0|79.6|0.00|0.00|43.4605|29.0364
16|30|0|270|2.9|10.2|315|16.2|79.7|0.00|0.00|43.4619|29.0364
16|32|0|0|3.2|10.2|315|16.3|79.6|0.00|0.00|43.4593|29.0364
16|33|0|315|2.9|10.2|315|16.1|79.4|0.00|0.00|43.4581|29.0364
16|34|0|270|0.0|10.2|315|16.2|79.5|0.00|0.00|43.4569|29.0364
16|36|0|0|1.6|10.2|315|16.5|79.5|0.00|0.00|43.457|29.0364
16|37|0|315|2.9|10.2|315|17.3|79.3|0.00|0.00|43.4559|30.5203
16|40|0|315|3.2|10.2|315|16.9|78.9|0.00|0.00|43.4611|28.2359
16|42|0|90|0.0|10.2|315|16.8|79.0|0.00|0.00|43.4585|29.0364
16|43|0|270|0.0|10.2|315|16.7|79.0|0.00|0.00|43.4577|29.0364
16|44|0|270|2.9|10.2|315|16.6|79.0|0.00|0.00|43.4575|29.0364
16|45|0|270|4.8|10.2|315|16.8|79.0|0.00|0.00|43.4538|29.0364
16|46|0|270|3.2|10.2|315|16.8|79.0|0.00|0.00|43.4538|29.0364
16|47|0|315|2.9|10.2|315|16.5|79.0|0.00|0.00|43.4555|29.0364
16|48|0|270|4.8|10.2|315|16.9|78.8|0.00|0.00|43.4574|28.2359
16|49|0|315|4.4|10.2|315|16.9|78.7|0.00|0.00|43.4627|28.2359
16|50|0|315|2.9|10.2|315|17.2|78.6|0.00|0.00|43.4638|29.7141
16|53|0|315|3.2|10.2|315|16.9|78.5|0.00|0.00|43.4621|28.2359
16|54|0|0|1.5|10.2|315|17.2|78.5|0.00|0.00|43.4626|29.7141
16|55|0|315|2.9|10.2|315|17.7|78.4|0.00|0.00|43.4642|29.7141
16|56|0|315|1.5|10.2|315|17.1|78.4|0.00|0.00|43.4606|29.7141
16|57|0|315|2.9|10.2|315|17.2|78.4|0.00|0.00|43.4617|29.7141
16|58|0|315|4.4|10.2|315|17.2|78.4|0.00|0.00|43.4613|29.7141
16|59|0|315|7.3|10.2|315|17.9|78.1|0.00|0.00|43.4601|29.7141
17|00|0|315|4.4|10.2|315|17.0|78.0|0.00|0.00|43.4597|29.7141
17|01|0|0|3.2|10.2|315|17.8|78.0|0.00|0.00|43.4581|29.7141
17|02|0|0|0.0|10.2|315|16.9|78.0|0.00|0.00|43.4581|28.2359
17|03|0|45|1.5|10.2|315|16.8|78.0|0.00|0.00|43.4563|28.2359
17|06|0|0|1.5|10.2|315|17.2|78.1|0.00|0.00|43.4598|29.7141
17|07|0|270|1.6|10.2|315|17.3|78.1|0.00|0.00|43.4578|29.7141
17|08|0|0|4.4|10.2|315|17.6|78.2|0.00|0.00|43.4561|29.7141
17|09|0|315|4.8|10.2|315|17.1|78.2|0.00|0.00|43.4572|29.7141
17|11|0|225|0.0|10.2|315|17.8|78.2|0.00|0.00|43.4578|29.7141
17|12|0|270|4.8|10.2|315|17.2|78.1|0.00|0.00|43.4569|29.7141
17|13|0|270|2.9|10.2|315|17.1|78.0|0.00|0.00|43.4574|29.7141
17|14|0|315|2.9|10.2|315|17.0|78.0|0.00|0.00|43.4565|29.7141
17|16|0|0|1.5|10.2|315|17.2|77.8|0.00|0.00|43.4536|28.9077
17|17|0|270|1.5|10.2|315|17.1|77.8|0.00|0.00|43.4534|28.9077
17|18|0|225|4.8|10.2|315|17.4|77.8|0.00|0.00|43.4543|28.9077
17|21|0|135|2.9|10.2|315|16.9|77.8|0.00|0.00|43.4545|27.435
17|23|0|270|1.6|10.2|315|16.9|77.7|0.00|0.00|43.4545|27.435
17|24|0|270|1.5|10.2|315|17.1|77.7|0.00|0.00|43.4566|28.9077
17|25|0|180|4.4|10.2|315|17.0|77.7|0.00|0.00|43.4543|28.9077
17|27|0|0|1.5|10.2|315|16.8|77.7|0.00|0.00|43.4523|27.435
17|28|0|45|0.0|10.2|315|17.0|77.7|0.00|0.00|43.4507|28.9077
17|29|0|180|1.5|10.2|315|17.0|77.8|0.00|0.00|43.4528|28.9077
17|30|0|315|0.0|10.2|315|16.9|77.8|0.00|0.00|43.4493|27.435
17|31|0|270|4.4|10.2|315|17.3|77.8|0.00|0.00|43.4508|28.9077
17|32|0|315|2.9|10.2|315|17.1|77.7|0.00|0.00|43.4524|28.9077
17|34|0|113|0.0|10.2|315|16.6|77.8|0.00|0.00|43.4516|27.435
17|35|0|225|2.9|10.2|315|17.0|77.8|0.00|0.00|43.451|28.9077
17|36|0|225|1.6|10.2|315|17.2|77.7|0.00|0.00|43.4503|28.9077
17|37|0|270|0.0|10.2|315|16.7|77.7|0.00|0.00|43.4487|27.435
17|38|0|45|0.0|10.2|315|16.6|77.8|0.00|0.00|43.4513|27.435
17|39|0|225|1.5|10.2|315|16.7|77.7|0.00|0.00|43.4497|27.435
17|40|0|225|1.6|10.2|315|16.8|77.8|0.00|0.00|43.4505|27.435
17|41|0|270|1.6|10.2|315|16.7|77.8|0.00|0.00|43.4501|27.435
17|42|0|90|0.0|10.2|315|16.8|77.9|0.00|0.00|43.4507|27.435
17|43|0|225|0.0|10.2|315|16.9|78.1|0.00|0.00|43.4516|28.2359
17|44|0|180|1.6|10.2|315|16.5|78.1|0.00|0.00|43.4508|28.2359
17|46|0|0|1.5|10.2|315|17.0|78.1|0.00|0.00|43.4501|29.7141
17|47|0|0|1.6|10.2|315|16.7|78.1|0.00|0.00|43.4513|28.2359
17|48|0|315|1.6|10.2|315|16.3|78.1|0.00|0.00|43.4487|28.2359
17|50|0|45|0.0|10.2|315|16.4|78.1|0.00|0.00|43.4502|28.2359
17|51|0|90|1.5|10.2|315|16.4|78.1|0.00|0.00|43.4522|28.2359
17|52|0|135|1.6|10.2|315|16.4|78.0|0.00|0.00|43.4525|28.2359
17|53|0|90|3.2|10.2|315|16.6|77.9|0.00|0.00|43.4519|27.435
17|54|0|45|1.5|10.2|315|16.6|77.7|0.00|0.00|43.4499|27.435
17|55|0|90|3.2|10.2|315|16.6|77.6|0.00|0.00|43.4497|27.435
17|56|0|68|1.5|10.2|315|16.9|77.5|0.00|0.00|43.4487|27.435
17|57|0|90|2.9|10.2|315|17.0|77.3|0.00|0.00|43.449|28.9077
17|58|0|45|1.6|10.2|315|16.9|77.2|0.00|0.00|43.4505|27.435
17|59|0|45|0.0|10.2|315|17.2|77.1|0.00|0.00|43.4487|28.9077
18|00|0|90|3.2|10.2|315|17.5|77.1|0.00|0.00|43.4501|28.9077
18|01|0|45|1.5|10.2|315|17.7|76.9|0.00|0.00|43.4483|28.1008
18|02|0|45|1.5|10.2|315|17.7|76.9|0.00|0.00|43.4479|28.1008
18|03|0|0|1.5|10.2|315|17.8|76.8|0.00|0.00|43.4478|28.1008
18|05|0|0|3.2|10.2|315|18.1|76.7|0.00|0.00|43.4475|29.4934
18|06|0|315|1.5|10.2|315|19.5|76.6|0.00|0.00|43.4482|30.8191
18|07|0|315|1.5|10.2|315|19.0|76.3|0.00|0.00|43.4462|30.8191
18|08|0|270|0.0|10.2|315|18.0|76.3|0.00|0.00|43.4473|29.4934
18|09|0|180|1.5|10.2|315|17.9|76.3|0.00|0.00|43.448|28.1008
18|10|0|90|3.2|10.2|315|17.6|76.1|0.00|0.00|43.4436|28.1008
18|11|0|90|2.9|10.2|315|17.5|76.0|0.00|0.00|43.4438|28.1008
18|12|0|315|1.5|10.2|315|17.8|75.9|0.00|0.00|43.4442|27.2936
18|13|0|315|2.9|10.2|315|18.3|75.7|0.00|0.00|43.4428|28.6809
18|15|0|315|3.2|10.2|315|18.1|75.4|0.00|0.00|43.443|28.6809
18|16|0|315|1.6|10.2|315|18.3|75.4|0.00|0.00|43.4423|28.6809
18|17|0|225|0.0|10.2|315|18.6|75.4|0.00|0.00|43.4428|28.6809
18|18|0|315|1.6|10.2|315|19.0|75.3|0.00|0.00|43.441|30.0016
18|20|0|270|1.5|10.2|315|18.8|75.4|0.00|0.00|43.4434|28.6809
18|21|0|0|1.5|10.2|315|18.4|75.4|0.00|0.00|43.441|28.6809
18|22|0|225|3.2|10.2|315|19.1|75.5|0.00|0.00|43.4443|30.0016
18|23|0|225|2.9|10.2|315|18.7|75.5|0.00|0.00|43.4413|28.6809
18|24|0|270|1.5|10.2|315|18.3|75.7|0.00|0.00|43.439|28.6809
18|25|0|225|0.0|10.2|315|18.4|75.8|0.00|0.00|43.4423|28.6809
18|26|0|135|1.5|10.2|315|18.4|75.9|0.00|0.00|43.4395|28.6809
18|27|0|135|1.6|10.2|315|18.2|76.0|0.00|0.00|43.4403|29.4934
18|28|0|135|0.0|10.2|315|18.1|76.1|0.00|0.00|43.4408|29.4934
18|29|0|0|1.5|10.2|315|18.4|76.1|0.00|0.00|43.4408|29.4934
18|30|0|315|0.0|10.2|315|18.1|76.2|0.00|0.00|43.4422|29.4934
18|31|0|0|1.5|10.2|315|19.2|76.2|0.00|0.00|43.4408|30.8191
18|32|0|315|2.9|10.2|315|19.5|76.1|0.00|0.00|43.4407|30.8191
18|33|0|315|2.9|10.2|315|19.4|76.2|0.00|0.00|43.441|30.8191
18|34|0|315|3.2|10.2|315|18.6|76.1|0.00|0.00|43.4408|29.4934
18|36|0|0|1.5|10.2|315|19.7|76.0|0.00|0.00|43.4389|30.8191
18|37|0|315|2.9|10.2|315|19.9|75.9|0.00|0.00|43.4372|30.0016
18|38|0|0|1.6|10.2|315|20.6|75.8|0.00|0.00|43.4374|31.2621
18|39|0|315|4.4|10.2|315|20.5|75.7|0.00|0.00|43.4374|31.2621
18|40|0|0|4.4|10.2|315|19.7|75.4|0.00|0.00|43.4359|30.0016
18|41|0|0|4.4|10.2|315|19.7|75.1|0.00|0.00|43.4344|30.0016
18|42|0|315|4.4|10.2|315|19.9|74.9|0.00|0.00|43.4344|29.1837
18|44|0|315|2.9|10.2|315|21.0|74.3|0.00|0.00|43.4383|31.6406
18|45|0|315|1.5|10.2|315|20.5|74.2|0.00|0.00|43.4365|30.4393
18|46|0|315|1.5|10.2|315|21.0|74.0|0.00|0.00|43.4354|31.6406
18|47|0|315|2.9|10.2|315|20.5|73.9|0.00|0.00|43.434|29.6162
18|48|0|315|3.2|10.2|315|21.1|73.6|0.00|0.00|43.4314|30.8129
18|49|0|315|4.4|10.2|315|21.0|73.4|0.00|0.00|43.4302|30.8129
18|50|0|315|3.2|10.2|315|20.9|73.2|0.00|0.00|43.4291|29.6162
18|52|0|315|5.8|10.2|315|21.4|73.0|0.00|0.00|43.4308|30.8129
18|53|0|0|1.5|10.2|315|20.5|72.7|0.00|0.00|43.4294|28.7928
18|54|0|315|3.2|10.2|315|20.6|72.6|0.00|0.00|43.4289|28.7928
18|56|0|315|4.4|10.2|315|22.3|72.3|0.00|0.00|43.4278|31.1277
18|57|0|315|2.9|10.2|315|21.4|72.3|0.00|0.00|43.4299|29.9849
18|58|0|315|4.4|10.2|315|21.8|72.2|0.00|0.00|43.4318|29.9849
18|59|0|315|1.5|10.2|315|22.2|72.1|0.00|0.00|43.4328|31.1277
19|00|0|0|4.4|10.2|315|22.1|71.9|0.00|0.00|43.4319|30.2948
19|01|0|0|4.4|10.2|315|21.7|71.9|0.00|0.00|43.4354|29.1565
19|02|0|315|3.2|10.2|315|21.5|71.8|0.00|0.00|43.4354|29.1565
19|03|0|0|1.5|10.2|315|22.3|71.7|0.00|0.00|43.4343|30.2948
19|04|0|0|2.9|10.2|315|21.8|71.7|0.00|0.00|43.4367|29.1565
19|05|0|315|2.9|10.2|315|22.0|71.6|0.00|0.00|43.4343|30.2948
19|06|0|0|2.9|10.2|315|21.7|71.6|0.00|0.00|43.4358|29.1565
19|07|0|0|1.6|10.2|315|22.3|71.6|0.00|0.00|43.4354|30.2948
19|09|0|0|4.8|10.2|315|21.8|71.5|0.00|0.00|43.4334|29.1565
19|10|0|0|4.4|10.2|315|21.3|71.5|0.00|0.00|43.435|29.1565
19|11|0|0|1.6|10.2|315|21.3|71.5|0.00|0.00|43.434|29.1565
19|12|0|0|1.6|10.2|315|22.3|71.5|0.00|0.00|43.4351|30.2948
19|13|0|315|4.4|10.2|315|23.3|71.5|0.00|0.00|43.434|31.3883
19|14|0|315|2.9|10.2|315|22.7|71.4|0.00|0.00|43.434|30.2948
19|15|0|315|2.9|10.2|315|22.3|71.3|0.00|0.00|43.433|30.2948
19|16|0|315|4.4|10.2|315|22.4|71.2|0.00|0.00|43.4325|30.2948
19|17|0|315|2.9|10.2|315|22.3|71.0|0.00|0.00|43.4304|30.2948
19|18|0|315|4.4|10.2|315|22.5|71.0|0.00|0.00|43.4325|30.2948
19|20|0|315|3.2|10.2|315|22.3|71.0|0.00|0.00|43.4323|30.2948
19|21|0|315|1.6|10.2|315|22.6|71.0|0.00|0.00|43.4319|30.2948
19|22|0|0|1.5|10.2|315|23.1|70.9|0.00|0.00|43.4315|30.5509
19|23|0|0|2.9|10.2|315|22.8|70.8|0.00|0.00|43.4289|29.4617
19|24|0|315|2.9|10.2|315|22.4|70.8|0.00|0.00|43.4292|29.4617
19|25|0|315|3.2|10.2|315|23.3|70.7|0.00|0.00|43.4268|30.5509
19|26|0|315|2.9|10.2|315|22.5|70.6|0.00|0.00|43.4279|29.4617
19|27|0|315|1.6|10.2|315|22.7|70.5|0.00|0.00|43.4272|29.4617
19|28|0|0|2.9|10.2|315|22.5|70.4|0.00|0.00|43.4271|29.4617
19|29|0|315|1.5|10.2|315|22.2|70.4|0.00|0.00|43.4279|29.4617
19|31|0|315|1.5|10.2|315|23.0|70.3|0.00|0.00|43.4299|30.5509
19|32|0|315|1.6|10.2|315|22.7|70.3|0.00|0.00|43.4278|29.4617
19|33|0|315|1.5|10.2|315|22.8|70.1|0.00|0.00|43.427|29.4617
19|34|0|315|1.5|10.2|315|23.9|70.1|0.00|0.00|43.4282|30.5509
19|35|0|315|1.6|10.2|315|23.8|70.0|0.00|0.00|43.4266|30.5509
19|36|0|315|1.5|10.2|315|24.0|69.9|0.00|0.00|43.4279|30.7571
19|37|0|315|1.5|10.2|315|23.5|69.8|0.00|0.00|43.4284|29.7132
19|38|0|315|1.5|10.2|315|23.6|69.7|0.00|0.00|43.4263|29.7132
19|39|0|315|1.5|10.2|315|23.8|69.6|0.00|0.00|43.4277|29.7132
19|41|0|315|1.6|10.2|315|24.2|69.5|0.00|0.00|43.4296|30.7571
19|42|0|315|0.0|10.2|315|24.2|69.4|0.00|0.00|43.4277|30.7571
19|43|0|315|1.5|10.2|315|23.7|69.2|0.00|0.00|43.4288|29.7132
19|44|0|315|1.5|10.2|315|23.2|69.1|0.00|0.00|43.4304|29.7132
19|45|0|315|1.6|10.2|315|23.3|69.0|0.00|0.00|43.4279|29.7132
19|46|0|315|1.5|10.2|315|23.1|68.9|0.00|0.00|43.4303|28.8752
19|47|0|338|1.6|10.2|315|22.9|68.8|0.00|0.00|43.4299|27.7945
19|48|0|338|0.0|10.2|315|23.7|68.7|0.00|0.00|43.4315|28.8752
19|49|0|338|1.5|10.2|315|23.6|68.7|0.00|0.00|43.4328|28.8752
19|50|0|338|1.5|10.2|315|23.9|68.5|0.00|0.00|43.4299|28.8752
19|52|0|315|1.5|10.2|315|23.7|68.5|0.00|0.00|43.4328|28.8752
19|53|0|315|1.6|10.2|315|23.5|68.3|0.00|0.00|43.4335|28.8752
19|54|0|315|1.5|10.2|315|23.5|68.2|0.00|0.00|43.4359|28.8752
19|55|0|315|1.6|10.2|315|23.6|68.1|0.00|0.00|43.4374|28.8752
19|57|0|315|1.5|10.2|315|23.1|68.0|0.00|0.00|43.4388|28.8752
20|00|0|315|1.5|10.2|315|23.5|67.9|0.00|0.00|43.4399|28.0368
20|01|0|315|1.5|10.2|315|23.3|67.9|0.00|0.00|43.4401|28.0368
20|02|0|315|1.5|10.2|315|23.4|67.9|0.00|0.00|43.4398|28.0368
20|04|0|315|1.6|10.2|315|23.1|67.9|0.00|0.00|43.4415|28.0368
20|05|0|315|0.0|10.2|315|23.3|67.9|0.00|0.00|43.4391|28.0368
20|06|0|315|0.0|10.2|315|23.2|67.9|0.00|0.00|43.4411|28.0368
20|07|0|315|0.0|10.2|315|23.0|67.9|0.00|0.00|43.4413|28.0368
20|08|0|315|0.0|10.2|315|22.9|67.9|0.00|0.00|43.4416|26.9604
20|09|0|315|0.0|10.2|315|23.4|67.9|0.00|0.00|43.4408|28.0368
20|11|0|315|0.0|10.2|315|23.7|67.8|0.00|0.00|43.4411|28.0368
20|12|0|315|0.0|10.2|315|23.8|67.9|0.00|0.00|43.4442|28.0368
20|13|0|315|0.0|10.2|315|23.9|67.9|0.00|0.00|43.4444|28.0368
20|14|0|315|0.0|10.2|315|24.0|68.0|0.00|0.00|43.447|29.915
20|15|0|315|0.0|10.2|315|24.0|67.9|0.00|0.00|43.4445|29.0725
20|16|0|315|0.0|10.2|315|23.8|67.9|0.00|0.00|43.4457|28.0368
20|17|0|315|0.0|10.2|315|23.5|67.8|0.00|0.00|43.443|28.0368
20|18|0|315|0.0|10.2|315|23.5|67.8|0.00|0.00|43.4442|28.0368
20|19|0|315|1.6|10.2|315|23.4|67.7|0.00|0.00|43.445|28.0368
20|20|0|315|1.5|10.2|315|23.4|67.7|0.00|0.00|43.4454|28.0368
20|22|0|315|1.5|10.2|315|23.4|67.7|0.00|0.00|43.4452|28.0368
20|23|0|315|0.0|10.2|315|23.3|67.6|0.00|0.00|43.4447|28.0368
20|24|0|315|0.0|10.2|315|23.2|67.4|0.00|0.00|43.4432|28.0368
20|26|0|315|0.0|10.2|315|23.1|67.4|0.00|0.00|43.4413|28.0368
20|27|0|315|0.0|10.2|315|23.1|67.4|0.00|0.00|43.4434|28.0368
20|28|0|315|0.0|10.2|315|23.3|67.3|0.00|0.00|43.4432|28.0368
20|29|0|315|0.0|10.2|315|23.2|67.3|0.00|0.00|43.4432|28.0368
20|30|0|315|0.0|10.2|315|22.9|67.3|0.00|0.00|43.4434|26.9604
20|31|0|315|0.0|10.2|315|23.0|67.3|0.00|0.00|43.4444|28.0368
20|32|0|315|0.0|10.2|315|23.0|67.2|0.00|0.00|43.4448|28.0368
20|33|0|315|0.0|10.2|315|23.4|67.2|0.00|0.00|43.4454|28.0368
20|35|0|315|0.0|10.2|315|23.7|67.1|0.00|0.00|43.4447|28.0368
20|36|0|315|0.0|10.2|315|24.2|67.1|0.00|0.00|43.4442|29.0725
20|37|0|315|0.0|10.2|315|24.8|67.0|0.00|0.00|43.446|29.0725
20|40|0|225|1.5|10.2|315|25.7|66.9|0.00|0.00|43.4452|29.224
20|41|0|225|1.5|10.2|315|25.8|66.8|0.00|0.00|43.445|29.224
20|42|0|225|0.0|10.2|315|25.9|66.8|0.00|0.00|43.4457|29.224
20|43|0|225|0.0|10.2|315|26.3|66.7|0.00|0.00|43.4478|30.1837
20|44|0|225|0.0|10.2|315|26.0|66.5|0.00|0.00|43.4473|30.1837
20|45|0|225|0.0|10.2|315|26.2|66.4|0.00|0.00|43.4501|30.1837
20|47|0|225|1.6|10.2|315|26.3|66.4|0.00|0.00|43.4517|30.1837
20|48|0|225|0.0|10.2|315|26.3|66.4|0.00|0.00|43.4513|30.1837
20|50|0|225|0.0|10.2|315|27.0|66.2|0.00|0.00|43.4513|31.1112
20|51|0|225|0.0|10.2|315|26.8|66.2|0.00|0.00|43.452|30.1837
20|52|0|225|0.0|10.2|315|26.6|66.1|0.00|0.00|43.4513|30.1837
20|53|0|225|0.0|10.2|315|26.4|66.1|0.00|0.00|43.4525|30.1837
20|54|0|225|0.0|10.2|315|26.4|66.0|0.00|0.00|43.4514|30.1837
20|56|0|225|0.0|10.2|315|26.5|65.9|0.00|0.00|43.451|29.3328
20|57|0|225|0.0|10.2|315|26.7|65.9|0.00|0.00|43.451|29.3328
20|58|0|225|0.0|10.2|315|26.9|65.9|0.00|0.00|43.4517|29.3328
20|59|0|225|0.0|10.2|315|27.0|65.8|0.00|0.00|43.451|30.2567
21|00|0|225|0.0|10.2|315|27.5|65.8|0.00|0.00|43.4509|30.2567
21|01|0|225|0.0|10.2|315|28.0|65.6|0.00|0.00|43.451|31.1507
21|02|0|225|0.0|10.2|315|28.0|65.5|0.00|0.00|43.4512|31.1507
21|05|0|225|0.0|10.2|315|27.8|65.3|0.00|0.00|43.4514|30.2567
21|06|0|225|0.0|10.2|315|27.8|65.2|0.00|0.00|43.451|30.2567
21|07|0|225|0.0|10.2|315|28.2|65.1|0.00|0.00|43.45|31.1507
21|08|0|225|1.6|10.2|315|29.5|65.0|0.00|0.00|43.4498|32.0169
21|09|0|225|1.5|10.2|315|30.0|64.7|0.00|0.00|43.4525|31.9918
21|10|0|225|0.0|10.2|315|29.7|64.5|0.00|0.00|43.4535|31.155
21|11|0|225|1.5|10.2|315|29.7|64.3|0.00|0.00|43.4558|31.155
21|13|0|225|0.0|10.2|315|29.0|64.0|0.00|0.00|43.4577|31.155
21|14|0|225|0.0|10.2|315|29.1|63.7|0.00|0.00|43.4561|30.2928
21|15|0|315|0.0|10.2|315|29.3|63.6|0.00|0.00|43.4557|30.2928
21|16|0|315|1.5|10.2|315|29.4|63.5|0.00|0.00|43.4564|30.2928
21|17|0|315|1.5|10.2|315|30.8|63.3|0.00|0.00|43.4549|31.1262
21|19|0|315|1.5|10.2|315|34.0|63.2|0.00|0.00|43.4566|34.2317
21|20|0|315|1.5|10.2|315|33.3|62.9|0.00|0.00|43.4575|32.6115
21|21|0|315|0.0|10.2|315|30.9|62.7|0.00|0.00|43.4578|30.2604
21|22|0|315|1.5|10.2|315|30.4|62.5|0.00|0.00|43.4585|30.2604
21|23|0|315|0.0|10.2|315|30.4|62.4|0.00|0.00|43.4593|30.2604
21|24|0|315|0.0|10.2|315|31.1|62.2|0.00|0.00|43.4621|31.0663
21|25|0|315|1.5|10.2|315|31.6|62.2|0.00|0.00|43.4614|31.0663
21|26|0|315|1.5|10.2|315|32.0|62.0|0.00|0.00|43.4623|31.8496
21|27|0|315|0.0|10.2|315|31.3|61.9|0.00|0.00|43.4646|30.197
21|29|0|315|0.0|10.2|315|31.0|61.8|0.00|0.00|43.4626|30.197
21|31|0|315|0.0|10.2|315|30.8|61.9|0.00|0.00|43.4622|29.3943
21|32|0|315|1.5|10.2|315|32.1|61.8|0.00|0.00|43.4642|30.977
21|33|0|315|1.5|10.2|315|33.3|61.8|0.00|0.00|43.4665|31.7358
21|34|0|45|1.5|10.2|315|33.3|61.7|0.00|0.00|43.4675|31.7358
21|35|0|45|0.0|10.2|315|32.6|61.6|0.00|0.00|43.4688|30.977
21|36|0|45|0.0|10.2|315|32.9|61.5|0.00|0.00|43.4688|30.977
21|37|0|45|0.0|10.2|315|32.7|61.4|0.00|0.00|43.4693|30.977
21|38|0|45|0.0|10.2|315|32.5|61.2|0.00|0.00|43.4693|30.977
21|39|0|45|0.0|10.2|315|33.2|61.2|0.00|0.00|43.4702|31.7358
21|41|0|45|0.0|10.2|315|34.2|61.1|0.00|0.00|43.4678|32.4745
21|42|0|45|0.0|10.2|315|34.8|61.0|0.00|0.00|43.4682|32.4745
21|43|0|45|0.0|10.2|315|33.3|61.0|0.00|0.00|43.4692|31.7358
21|44|0|45|0.0|10.2|315|32.6|61.1|0.00|0.00|43.4698|30.977
21|45|0|45|0.0|10.2|315|32.5|61.1|0.00|0.00|43.4704|30.977
21|46|0|45|0.0|10.2|315|32.6|61.2|0.00|0.00|43.472|30.977
21|47|0|45|0.0|10.2|315|34.0|61.2|0.00|0.00|43.4728|32.4745
21|51|0|45|0.0|10.2|315|34.0|61.2|0.00|0.00|43.4736|32.4745
21|52|0|45|0.0|10.2|315|33.7|61.2|0.00|0.00|43.4749|31.7358
21|53|0|45|0.0|10.2|315|33.9|61.2|0.00|0.00|43.4744|31.7358
21|54|0|45|0.0|10.2|315|34.8|61.2|0.00|0.00|43.4738|32.4745
21|55|0|45|0.0|10.2|315|35.3|61.2|0.00|0.00|43.4729|33.1943
21|56|0|45|0.0|10.2|315|35.5|61.2|0.00|0.00|43.4746|33.1943
21|57|0|45|0.0|10.2|315|35.7|61.2|0.00|0.00|43.4734|33.1943
21|58|0|45|0.0|10.2|315|35.6|61.1|0.00|0.00|43.4756|33.1943
21|59|0|45|0.0|10.2|315|34.3|61.1|0.00|0.00|43.4748|32.4745
22|00|0|45|0.0|10.2|315|34.4|61.1|0.00|0.00|43.4768|32.4745
22|02|0|45|0.0|10.2|315|34.0|61.1|0.00|0.00|43.4753|32.4745
22|03|0|45|0.0|10.2|315|33.3|61.1|0.00|0.00|43.474|31.7358
22|04|0|45|0.0|10.2|315|34.7|61.1|0.00|0.00|43.4766|32.4745
22|05|0|45|0.0|10.2|315|35.2|61.1|0.00|0.00|43.477|33.1943
22|06|0|45|0.0|10.2|315|35.2|61.1|0.00|0.00|43.4777|33.1943
22|07|0|45|0.0|10.2|315|35.0|61.0|0.00|0.00|43.4778|33.1943
22|08|0|45|0.0|10.2|315|34.9|61.0|0.00|0.00|43.4765|32.4745
22|09|0|180|0.0|10.2|315|35.1|61.0|0.00|0.00|43.4766|33.1943
22|11|0|225|0.0|10.2|315|35.4|61.0|0.00|0.00|43.478|33.1943
22|12|0|225|0.0|10.2|315|35.1|60.9|0.00|0.00|43.4771|32.3124
22|13|0|225|0.0|10.2|315|35.1|60.8|0.00|0.00|43.4786|32.3124
22|14|0|225|1.6|10.2|315|35.1|60.7|0.00|0.00|43.4801|32.3124
22|15|0|135|0.0|10.2|315|35.3|60.6|0.00|0.00|43.4799|32.3124
22|16|0|135|0.0|10.2|315|35.7|60.5|0.00|0.00|43.4813|32.3124
22|17|0|135|0.0|10.2|315|36.0|60.3|0.00|0.00|43.4797|33.0113
22|18|0|135|0.0|10.2|315|35.9|60.2|0.00|0.00|43.4786|32.3124
22|19|0|135|0.0|10.2|315|35.5|60.2|0.00|0.00|43.4799|32.3124
22|20|0|135|0.0|10.2|315|35.3|60.1|0.00|0.00|43.4781|32.3124
22|21|0|135|0.0|10.2|315|35.3|60.0|0.00|0.00|43.4794|32.3124
22|23|0|135|1.5|10.2|315|35.5|59.9|0.00|0.00|43.4771|31.4302
22|25|0|135|0.0|10.2|315|35.0|59.8|0.00|0.00|43.4779|31.4302
22|26|0|135|0.0|10.2|315|35.0|59.8|0.00|0.00|43.4757|31.4302
22|27|0|135|0.0|10.2|315|35.0|59.8|0.00|0.00|43.4785|31.4302
22|28|0|135|0.0|10.2|315|35.1|59.7|0.00|0.00|43.4762|31.4302
22|29|0|135|0.0|10.2|315|35.2|59.6|0.00|0.00|43.4764|31.4302
22|30|0|135|1.6|10.2|315|35.4|59.6|0.00|0.00|43.476|31.4302
22|31|0|135|0.0|10.2|315|35.5|59.5|0.00|0.00|43.477|31.4302
22|32|0|135|0.0|10.2|315|35.6|59.5|0.00|0.00|43.4765|31.4302
22|33|0|135|0.0|10.2|315|35.7|59.3|0.00|0.00|43.476|31.4302
22|34|0|135|0.0|10.2|315|35.8|59.3|0.00|0.00|43.4782|31.4302
22|35|0|135|0.0|10.2|315|35.9|59.3|0.00|0.00|43.4759|31.4302
22|37|0|135|0.0|10.2|315|35.9|59.2|0.00|0.00|43.477|31.4302
22|38|0|135|0.0|10.2|315|35.7|59.2|0.00|0.00|43.4752|31.4302
22|39|0|135|0.0|10.2|315|35.4|59.1|0.00|0.00|43.4757|31.4302
22|40|0|135|0.0|10.2|315|35.4|59.1|0.00|0.00|43.4763|31.4302
22|41|0|135|1.5|10.2|315|35.2|59.1|0.00|0.00|43.4752|31.4302
22|42|0|135|0.0|10.2|315|35.2|59.0|0.00|0.00|43.4784|31.4302
22|43|0|135|0.0|10.2|315|35.8|59.0|0.00|0.00|43.4785|31.4302
22|44|0|135|0.0|10.2|315|35.6|58.9|0.00|0.00|43.4779|30.5478
22|45|0|135|0.0|10.2|315|35.6|58.9|0.00|0.00|43.4787|30.5478
22|46|0|135|0.0|10.2|315|36.6|58.8|0.00|0.00|43.4778|31.241
22|47|0|135|0.0|10.2|315|35.7|58.8|0.00|0.00|43.4803|30.5478
22|48|0|45|0.0|10.2|315|35.3|58.7|0.00|0.00|43.4791|30.5478
22|49|0|90|0.0|10.2|315|36.1|58.7|0.00|0.00|43.4797|31.241
22|50|0|90|2.9|10.2|315|36.0|58.7|0.00|0.00|43.4796|31.241
22|51|0|90|1.6|10.2|315|36.1|58.5|0.00|0.00|43.4795|31.241
22|53|0|90|2.9|10.2|315|35.8|58.5|0.00|0.00|43.4809|30.5478
22|54|0|90|1.5|10.2|315|35.7|58.5|0.00|0.00|43.4794|30.5478
22|55|0|90|3.2|10.2|315|35.7|58.5|0.00|0.00|43.4803|30.5478
22|56|0|90|1.5|10.2|315|35.7|58.5|0.00|0.00|43.4776|30.5478
22|57|0|90|1.5|10.2|315|35.8|58.5|0.00|0.00|43.4773|30.5478
22|58|0|90|0.0|10.2|315|35.6|58.5|0.00|0.00|43.4777|30.5478
22|59|0|90|0.0|10.2|315|35.5|58.5|0.00|0.00|43.4775|30.5478
23|00|0|90|1.5|10.2|315|35.6|58.5|0.00|0.00|43.4773|30.5478
23|01|0|90|0.0|10.2|315|35.6|58.5|0.00|0.00|43.4796|30.5478
23|02|0|90|1.5|10.2|315|35.6|58.5|0.00|0.00|43.4764|30.5478
23|03|0|90|1.6|10.2|315|35.5|58.5|0.00|0.00|43.4795|30.5478
23|04|0|90|1.5|10.2|315|35.5|58.4|0.00|0.00|43.4795|30.5478
23|05|0|90|0.0|10.2|315|35.5|58.4|0.00|0.00|43.4775|30.5478
23|06|0|90|0.0|10.2|315|35.6|58.3|0.00|0.00|43.4777|30.5478
23|08|0|90|1.5|10.2|315|35.7|58.3|0.00|0.00|43.478|30.5478
23|09|0|45|1.5|10.2|315|36.0|58.3|0.00|0.00|43.4785|31.241
23|10|0|90|1.6|10.2|315|36.2|58.2|0.00|0.00|43.4782|31.241
23|12|0|90|1.6|10.2|315|36.1|58.1|0.00|0.00|43.4805|31.241
23|13|0|90|1.5|10.2|315|36.1|58.0|0.00|0.00|43.4801|31.241
23|14|0|68|1.5|10.2|315|36.3|57.9|0.00|0.00|43.4819|30.3555
23|16|0|45|1.5|10.2|315|38.0|57.8|0.00|0.00|43.4832|31.6866
23|17|0|45|1.5|10.2|315|37.9|57.7|0.00|0.00|43.4827|31.029
23|18|0|45|1.6|10.2|315|38.5|57.5|0.00|0.00|43.4825|31.6866
23|19|0|90|2.9|10.2|315|39.1|57.4|0.00|0.00|43.4838|32.3291
23|20|0|45|1.5|10.2|315|38.9|57.2|0.00|0.00|43.4808|31.6866
23|21|0|45|2.9|10.2|315|39.1|57.1|0.00|0.00|43.4822|32.3291
23|22|0|90|1.5|10.2|315|38.4|57.0|0.00|0.00|43.4806|31.6866
23|24|0|90|1.5|10.2|315|38.1|56.7|0.00|0.00|43.4787|30.7953
23|25|0|90|1.5|10.2|315|38.3|56.6|0.00|0.00|43.4779|30.7953
23|26|0|90|1.5|10.2|315|38.4|56.6|0.00|0.00|43.4781|30.7953
23|28|0|90|1.6|10.2|315|38.4|56.6|0.00|0.00|43.4795|30.7953
23|29|0|90|1.6|10.2|315|38.6|56.5|0.00|0.00|43.4792|30.7953
23|30|0|90|2.9|10.2|315|38.5|56.5|0.00|0.00|43.478|30.7953
23|31|0|90|1.6|10.2|315|38.5|56.5|0.00|0.00|43.4812|30.7953
23|32|0|90|2.9|10.2|315|38.3|56.4|0.00|0.00|43.4787|30.7953
23|33|0|90|1.5|10.2|315|38.4|56.4|0.00|0.00|43.482|30.7953
23|34|0|90|2.9|10.2|315|38.3|56.4|0.00|0.00|43.4834|30.7953
23|35|0|90|1.5|10.2|315|38.1|56.3|0.00|0.00|43.4824|30.7953
23|36|0|90|2.9|10.2|315|38.0|56.3|0.00|0.00|43.4849|30.7953
23|37|0|45|1.5|10.2|315|37.9|56.3|0.00|0.00|43.4824|30.1405
23|40|0|90|1.5|10.2|315|37.7|56.4|0.00|0.00|43.485|30.1405
23|42|0|90|4.4|10.2|315|37.6|56.4|0.00|0.00|43.4849|30.1405
23|43|0|90|1.5|10.2|315|37.6|56.4|0.00|0.00|43.4826|30.1405
23|45|0|90|1.6|10.2|315|37.2|56.4|0.00|0.00|43.4866|30.1405
23|46|0|68|4.4|10.2|315|37.2|56.4|0.00|0.00|43.4857|30.1405
23|47|0|90|4.4|10.2|315|37.2|56.4|0.00|0.00|43.4853|30.1405
23|48|0|90|2.9|10.2|315|36.9|56.4|0.00|0.00|43.4861|29.4697
23|49|0|90|2.9|10.2|315|36.8|56.4|0.00|0.00|43.4873|29.4697
23|51|0|90|2.9|10.2|315|36.6|56.4|0.00|0.00|43.4877|29.4697
23|52|0|90|3.2|10.2|315|36.6|56.4|0.00|0.00|43.487|29.4697
23|53|0|90|1.5|10.2|315|36.5|56.4|0.00|0.00|43.488|29.4697
23|54|0|113|1.6|10.2|315|36.5|56.4|0.00|0.00|43.488|29.4697
23|55|0|90|1.5|10.2|315|36.4|56.4|0.00|0.00|43.4896|29.4697
23|57|0|135|1.5|10.2|315|36.5|56.4|0.00|0.00|43.4896|29.4697
23|58|0|90|1.5|10.2|315|36.6|56.4|0.00|0.00|43.4884|29.4697
23|59|0|90|1.5|10.2|315|36.6|56.4|0.00|0.00|43.4913|29.4697
