00|00|0|90|1.6|23.3|315|38.0|46.4|0.01|0.03|43.6553|21.8704
00|01|0|90|1.5|23.3|315|38.1|46.4|0.01|0.03|43.6559|21.8704
00|02|0|90|1.6|23.3|315|38.1|46.3|0.01|0.03|43.6574|21.8704
00|03|0|113|1.5|23.3|315|38.1|46.2|0.00|0.03|43.6562|21.8704
00|04|0|90|1.6|23.3|315|38.1|46.2|0.00|0.03|43.6546|21.8704
00|05|0|90|4.4|23.3|315|38.3|46.1|0.00|0.03|43.6558|21.8704
00|07|0|90|2.9|23.3|315|38.3|45.8|0.00|0.03|43.6547|20.9767
00|08|0|90|2.9|23.3|315|38.3|45.7|0.00|0.03|43.6533|20.9767
00|09|0|135|2.9|23.3|315|38.4|45.8|0.01|0.04|43.6567|20.9767
00|10|0|90|1.6|23.3|315|38.3|45.7|0.01|0.04|43.6555|20.9767
00|11|0|135|2.9|23.3|315|38.1|45.7|0.01|0.04|43.6576|20.9767
00|12|0|113|3.2|23.3|315|38.0|45.6|0.01|0.04|43.6559|20.9767
00|13|0|45|4.4|23.3|315|37.8|45.6|0.02|0.05|43.6562|20.3517
00|14|0|90|4.8|23.3|315|37.7|45.6|0.02|0.05|43.6581|20.3517
00|15|0|90|4.4|23.3|315|37.7|45.6|0.02|0.05|43.6594|20.3517
00|17|0|45|4.4|23.3|315|37.7|45.6|0.02|0.05|43.6608|20.3517
00|18|0|90|4.4|23.3|315|37.6|45.6|0.02|0.05|43.6612|20.3517
00|19|0|90|2.9|23.3|315|37.2|45.7|0.02|0.05|43.6624|20.3517
00|20|0|135|1.5|23.3|315|37.2|45.7|0.02|0.05|43.6656|20.3517
00|21|0|90|4.4|23.3|315|37.1|45.8|0.02|0.05|43.666|20.3517
00|22|0|135|4.4|23.3|315|36.7|45.8|0.02|0.05|43.6662|19.7115
00|23|0|90|2.9|23.3|315|36.6|45.8|0.02|0.05|43.6673|19.7115
00|24|0|135|2.9|23.3|315|36.5|45.8|0.02|0.05|43.6656|19.7115
00|25|0|135|5.8|23.3|315|36.4|45.8|0.02|0.05|43.6673|19.7115
00|26|0|135|4.4|23.3|315|36.3|45.8|0.02|0.05|43.6675|19.7115
00|27|0|135|3.2|23.3|315|36.2|46.0|0.02|0.05|43.6681|20.5997
00|28|0|113|3.2|23.3|315|36.2|46.0|0.02|0.05|43.6713|20.5997
00|29|0|135|2.9|23.3|315|36.2|46.1|0.02|0.05|43.6694|20.5997
00|30|0|158|1.6|23.3|315|36.1|46.1|0.02|0.05|43.6679|20.5997
00|31|0|135|1.5|23.3|315|36.0|46.2|0.02|0.05|43.6692|20.5997
00|32|0|135|2.9|23.3|315|36.0|46.2|0.02|0.05|43.6699|20.5997
00|33|0|135|2.9|23.3|315|35.9|46.2|0.02|0.05|43.6701|19.9407
00|34|0|135|0.0|23.3|315|35.9|46.2|0.02|0.05|43.6705|19.9407
00|35|0|135|0.0|23.3|315|35.9|46.2|0.02|0.05|43.671|19.9407
00|36|0|90|1.5|23.3|315|35.9|46.3|0.02|0.05|43.6718|19.9407
00|38|0|135|1.5|23.3|315|35.8|46.3|0.02|0.05|43.6726|19.9407
00|39|0|135|0.0|23.3|315|35.8|46.3|0.02|0.05|43.6702|19.9407
00|40|0|135|0.0|23.3|315|35.9|46.3|0.02|0.05|43.6735|19.9407
00|41|0|135|1.6|23.3|315|36.0|46.2|0.02|0.05|43.672|20.5997
00|42|0|0|2.9|23.3|315|36.9|46.2|0.02|0.05|43.6741|20.5997
00|43|0|0|1.6|23.3|315|37.8|46.2|0.02|0.05|43.6735|21.2427
00|44|0|0|1.5|23.3|315|38.1|46.1|0.02|0.05|43.6739|21.8704
00|45|0|0|0.0|23.3|315|37.8|46.1|0.02|0.05|43.6752|21.2427
00|46|0|0|0.0|23.3|315|37.6|46.0|0.02|0.05|43.6745|21.2427
00|47|0|0|0.0|23.3|315|37.4|45.8|0.02|0.05|43.675|20.3517
00|48|0|0|0.0|23.3|315|37.5|45.8|0.02|0.05|43.6757|20.3517
00|50|0|0|0.0|23.3|315|37.2|45.6|0.02|0.05|43.6755|20.3517
00|51|0|225|1.5|23.3|315|37.2|45.4|0.02|0.05|43.6715|20.3517
00|52|0|225|0.0|23.3|315|37.2|45.4|0.02|0.05|43.674|20.3517
00|53|0|225|0.0|23.3|315|37.3|45.3|0.02|0.05|43.6723|20.3517
00|54|0|225|0.0|23.3|315|37.4|45.2|0.02|0.05|43.6733|20.3517
00|56|0|225|0.0|23.3|315|37.6|45.0|0.02|0.05|43.6715|20.3517
00|57|0|225|0.0|23.3|315|37.5|45.0|0.02|0.05|43.6717|20.3517
00|58|0|225|1.5|23.3|315|37.6|44.9|0.02|0.05|43.6727|19.4604
00|59|0|225|0.0|23.3|315|37.6|44.8|0.02|0.05|43.6754|19.4604
01|00|0|225|0.0|23.3|315|37.7|44.7|0.02|0.05|43.6741|19.4604
01|02|0|270|1.5|23.3|315|38.3|44.5|0.02|0.05|43.6787|20.0828
01|03|0|270|1.6|23.3|315|38.4|44.4|0.02|0.05|43.6801|20.0828
01|04|0|270|0.0|23.3|315|38.6|44.3|0.02|0.05|43.6796|20.0828
01|05|0|270|0.0|23.3|315|38.7|44.3|0.02|0.05|43.6813|20.0828
01|06|0|270|0.0|23.3|315|38.6|44.2|0.02|0.05|43.6821|20.0828
01|07|0|270|0.0|23.3|315|38.8|44.0|0.02|0.05|43.6826|20.0828
01|08|0|270|0.0|23.3|315|38.9|43.9|0.02|0.05|43.6844|19.1887
01|09|0|270|0.0|23.3|315|39.1|43.8|0.01|0.05|43.6839|19.794
01|10|0|270|0.0|23.3|315|39.3|43.7|0.01|0.05|43.6845|19.794
01|11|0|270|0.0|23.3|315|39.2|43.6|0.01|0.05|43.6839|19.794
01|12|0|270|0.0|23.3|315|39.2|43.6|0.00|0.05|43.6852|19.794
01|13|0|270|1.5|23.3|315|39.4|43.5|0.00|0.05|43.6852|19.794
01|15|0|225|0.0|23.3|315|39.6|43.4|0.00|0.05|43.6837|19.794
01|18|0|225|0.0|23.3|315|39.8|43.2|0.00|0.05|43.685|19.794
01|19|0|225|0.0|23.3|315|39.8|43.1|0.00|0.05|43.6834|19.794
01|21|0|225|0.0|23.3|315|40.1|43.0|0.00|0.05|43.683|20.3858
01|23|0|225|0.0|23.3|315|40.1|43.0|0.00|0.05|43.6827|20.3858
01|25|0|225|0.0|23.3|315|40.0|42.9|0.00|0.05|43.6816|19.4862
01|26|0|225|0.0|23.3|315|40.1|42.8|0.00|0.05|43.6805|19.4862
01|27|0|225|0.0|23.3|315|40.5|42.7|0.00|0.05|43.6786|19.4862
01|28|0|225|0.0|23.3|315|40.6|42.7|0.00|0.05|43.6782|19.4862
01|29|0|225|0.0|23.3|315|40.7|42.6|0.00|0.05|43.6779|19.4862
01|30|0|225|0.0|23.3|315|40.7|42.6|0.00|0.05|43.678|19.4862
01|31|0|225|1.6|23.3|315|41.0|42.5|0.00|0.05|43.6782|20.0625
01|32|0|225|1.5|23.3|315|41.8|42.3|0.00|0.05|43.6781|20.0625
01|34|0|225|1.6|23.3|315|43.2|42.2|0.00|0.05|43.6803|21.1786
01|35|0|90|2.9|23.3|315|48.0|42.2|0.00|0.05|43.6797|23.7793
01|36|0|90|2.9|23.3|315|46.0|42.1|0.00|0.05|43.6794|22.7692
01|38|0|90|1.5|23.3|315|43.5|42.0|0.00|0.05|43.6796|21.1786
01|39|0|135|1.5|23.3|315|43.4|41.9|0.00|0.05|43.6781|20.2715
01|40|0|135|2.9|23.3|315|43.3|41.8|0.00|0.05|43.6778|20.2715
01|41|0|135|2.9|23.3|315|43.4|41.7|0.00|0.05|43.6769|20.2715
01|42|0|135|2.9|23.3|315|43.4|41.7|0.00|0.05|43.6776|20.2715
01|43|0|135|2.9|23.3|315|43.6|41.5|0.00|0.05|43.678|20.2715
01|44|0|135|4.4|23.3|315|43.6|41.5|0.00|0.05|43.6799|20.2715
01|45|0|135|1.6|23.3|315|43.8|41.3|0.00|0.05|43.6816|20.2715
01|46|0|180|4.4|23.3|315|43.8|41.2|0.00|0.05|43.6835|20.2715
01|47|0|180|3.2|23.3|315|43.6|41.2|0.00|0.05|43.6861|20.2715
01|48|0|135|2.9|23.3|315|43.4|41.2|0.00|0.05|43.6845|20.2715
01|49|0|135|4.4|23.3|315|43.2|41.3|0.00|0.05|43.6854|20.2715
01|50|0|135|4.4|23.3|315|43.0|41.3|0.00|0.05|43.6856|20.2715
01|51|0|135|1.5|23.3|315|42.7|41.5|0.00|0.05|43.6854|19.7217
01|53|0|135|2.9|23.3|315|42.5|41.7|0.00|0.05|43.6841|19.7217
01|55|0|135|4.4|23.3|315|42.4|41.7|0.00|0.05|43.6827|19.7217
01|56|0|135|1.5|23.3|315|42.3|41.8|0.00|0.05|43.6838|19.7217
01|57|0|135|4.4|23.3|315|42.2|41.8|0.01|0.07|43.6826|19.7217
01|58|0|135|3.2|23.3|315|42.2|41.9|0.01|0.07|43.6833|19.7217
01|59|0|135|2.9|23.3|315|42.1|41.9|0.01|0.07|43.6839|19.7217
02|00|0|135|4.8|23.3|315|42.0|42.0|0.01|0.07|43.6862|20.6264
02|01|0|135|1.5|23.3|315|41.9|42.0|0.01|0.07|43.6851|20.0625
02|02|0|90|0.0|23.3|315|41.9|42.0|0.01|0.07|43.686|20.0625
02|04|0|180|1.5|23.3|315|41.4|42.0|0.01|0.07|43.6859|20.0625
02|05|0|135|1.6|23.3|315|41.2|42.0|0.01|0.07|43.6884|20.0625
02|07|0|180|1.5|23.3|315|40.9|42.0|0.01|0.07|43.6882|19.4862
02|08|0|180|2.9|23.3|315|40.8|42.0|0.01|0.07|43.6873|19.4862
02|09|0|180|2.9|23.3|315|40.6|42.1|0.01|0.07|43.6911|19.4862
02|10|0|180|1.6|23.3|315|40.6|42.1|0.01|0.07|43.6913|19.4862
02|11|0|180|4.4|23.3|315|40.4|42.1|0.01|0.07|43.6891|19.4862
02|12|0|135|6.4|23.3|315|40.3|42.2|0.01|0.07|43.6906|19.4862
02|13|0|180|5.8|23.3|315|40.3|42.2|0.01|0.07|43.6907|19.4862
02|14|0|180|6.4|23.3|315|40.1|42.2|0.01|0.07|43.6911|19.4862
02|16|0|180|4.4|23.3|315|40.0|42.3|0.01|0.07|43.6913|19.4862
02|17|0|135|4.8|23.3|315|40.0|42.5|0.01|0.07|43.6926|19.4862
02|18|0|135|3.2|23.3|315|39.9|42.5|0.01|0.07|43.6929|18.897
02|19|0|180|2.9|23.3|315|39.8|42.5|0.01|0.07|43.6916|18.897
02|20|0|135|2.9|23.3|315|39.7|42.6|0.01|0.07|43.6922|18.897
02|22|0|135|4.4|23.3|315|39.6|42.6|0.01|0.07|43.6909|18.897
02|23|0|180|6.4|23.3|315|39.6|42.6|0.01|0.07|43.6909|18.897
02|24|0|180|4.4|23.3|315|39.7|42.5|0.01|0.07|43.6924|18.897
02|25|0|203|4.4|23.3|315|39.8|42.5|0.01|0.07|43.6917|18.897
02|26|0|180|4.4|23.3|315|40.0|42.5|0.01|0.07|43.6922|19.4862
02|27|0|180|4.4|23.3|315|40.1|42.3|0.01|0.07|43.6915|19.4862
02|28|0|180|6.5|23.3|315|40.2|42.2|0.01|0.07|43.6904|19.4862
02|29|0|135|4.4|23.3|315|40.3|42.2|0.01|0.07|43.6916|19.4862
02|30|0|158|2.9|23.3|315|40.4|42.2|0.01|0.07|43.6909|19.4862
02|31|0|180|2.9|23.3|315|40.4|42.1|0.01|0.07|43.6902|19.4862
02|32|0|135|2.9|23.3|315|40.5|42.1|0.01|0.07|43.6892|19.4862
02|33|0|158|2.9|23.3|315|40.5|42.0|0.01|0.07|43.6888|19.4862
02|34|0|180|2.9|23.3|315|40.6|42.0|0.01|0.07|43.6881|19.4862
02|35|0|180|2.9|23.3|315|40.6|42.0|0.01|0.07|43.6884|19.4862
02|36|0|135|3.2|23.3|315|40.7|42.0|0.01|0.07|43.6877|19.4862
02|38|0|180|2.9|23.3|315|40.6|41.9|0.01|0.07|43.6876|18.5865
02|39|0|135|3.2|23.3|315|40.7|41.9|0.01|0.07|43.6851|18.5865
02|40|0|135|1.5|23.3|315|40.7|41.9|0.01|0.07|43.6861|18.5865
02|41|0|180|1.5|23.3|315|40.7|41.8|0.01|0.07|43.6855|18.5865
02|42|0|135|2.9|23.3|315|40.7|41.8|0.01|0.07|43.6855|18.5865
02|43|0|135|1.5|23.3|315|40.7|41.8|0.01|0.07|43.6856|18.5865
02|44|0|135|1.6|23.3|315|40.7|41.7|0.01|0.07|43.6861|18.5865
02|45|0|135|1.5|23.3|315|40.7|41.8|0.01|0.07|43.6875|18.5865
02|46|0|135|2.9|23.3|315|40.7|41.7|0.01|0.07|43.6862|18.5865
02|47|0|90|1.5|23.3|315|40.7|41.7|0.01|0.07|43.6873|18.5865
02|48|0|90|4.4|23.3|315|40.7|41.7|0.01|0.07|43.6866|18.5865
02|49|0|90|2.9|23.3|315|40.8|41.6|0.01|0.07|43.6863|18.5865
02|52|0|45|2.9|23.3|315|41.4|41.5|0.01|0.07|43.6897|19.1602
02|53|0|90|1.6|23.3|315|41.3|41.5|0.01|0.07|43.6917|19.1602
02|54|0|90|0.0|23.3|315|41.4|41.5|0.01|0.07|43.6902|19.1602
02|56|0|135|1.6|23.3|315|41.3|41.3|0.00|0.07|43.691|19.1602
02|57|0|135|0.0|23.3|315|41.2|41.3|0.00|0.07|43.6926|19.1602
02|59|0|135|0.0|23.3|315|41.2|41.2|0.00|0.07|43.6904|19.1602
03|00|0|135|1.5|23.3|315|41.4|41.2|0.00|0.07|43.691|19.1602
03|01|0|180|1.5|23.3|315|41.4|41.2|0.00|0.07|43.6904|19.1602
03|02|0|180|1.5|23.3|315|41.5|41.1|0.00|0.07|43.6901|19.1602
03|04|0|180|1.6|23.3|315|41.6|41.1|0.00|0.07|43.6921|19.1602
03|05|0|135|1.5|23.3|315|41.7|41.0|0.00|0.07|43.6884|19.1602
03|06|0|135|1.5|23.3|315|41.7|41.0|0.00|0.07|43.692|19.1602
03|07|0|90|1.5|23.3|315|41.7|41.0|0.00|0.07|43.6917|19.1602
03|09|0|90|1.5|23.3|315|41.9|40.9|0.00|0.07|43.6923|18.2578
03|10|0|90|0.0|23.3|315|41.9|40.9|0.00|0.07|43.6949|18.2578
03|12|0|90|0.0|23.3|315|41.9|40.8|0.00|0.07|43.695|18.2578
03|13|0|90|1.5|23.3|315|42.2|40.5|0.00|0.07|43.6918|18.8168
03|14|0|90|0.0|23.3|315|42.3|40.5|0.00|0.07|43.6941|18.8168
03|15|0|90|1.5|23.3|315|42.3|40.5|0.00|0.07|43.6945|18.8168
03|17|0|90|0.0|23.3|315|42.2|40.4|0.00|0.07|43.6909|18.8168
03|18|0|90|0.0|23.3|315|42.2|40.3|0.00|0.07|43.6885|18.8168
03|19|0|90|0.0|23.3|315|42.2|40.3|0.00|0.07|43.6904|18.8168
03|20|0|90|0.0|23.3|315|42.4|40.2|0.00|0.07|43.6888|18.8168
03|21|0|90|0.0|23.3|315|42.6|40.2|0.00|0.07|43.6911|18.8168
03|22|0|90|1.5|23.3|315|42.6|40.1|0.00|0.07|43.6879|18.8168
03|23|0|90|0.0|23.3|315|42.6|40.1|0.00|0.07|43.6906|18.8168
03|24|0|90|0.0|23.3|315|42.6|40.0|0.00|0.07|43.6875|18.8168
03|25|0|90|1.6|23.3|315|42.7|40.0|0.00|0.07|43.6889|18.8168
03|26|0|90|0.0|23.3|315|42.7|39.9|0.00|0.07|43.6891|17.9117
03|27|0|135|1.5|23.3|315|42.6|39.8|0.00|0.07|43.6872|17.9117
03|28|0|90|1.5|23.3|315|42.4|39.8|0.00|0.07|43.686|17.9117
03|29|0|90|1.6|23.3|315|42.4|39.8|0.00|0.07|43.6866|17.9117
03|30|0|90|1.5|23.3|315|42.5|39.7|0.00|0.07|43.6839|17.9117
03|31|0|90|1.5|23.3|315|42.6|39.7|0.00|0.07|43.6868|17.9117
03|32|0|90|0.0|23.3|315|42.6|39.7|0.00|0.07|43.6855|17.9117
03|33|0|90|0.0|23.3|315|42.8|39.7|0.00|0.07|43.6855|17.9117
03|34|0|90|1.6|23.3|315|42.9|39.5|0.00|0.07|43.6866|17.9117
03|36|0|90|1.5|23.3|315|43.0|39.5|0.00|0.07|43.6873|18.4567
03|38|0|135|1.5|23.3|315|43.0|39.4|0.00|0.07|43.6861|18.4567
03|39|0|135|1.5|23.3|315|43.0|39.4|0.00|0.07|43.6863|18.4567
03|40|0|135|1.6|23.3|315|43.0|39.3|0.00|0.07|43.6833|18.4567
03|42|0|90|0.0|23.3|315|43.1|39.2|0.00|0.07|43.6839|18.4567
03|43|0|90|0.0|23.3|315|43.1|39.2|0.00|0.07|43.6847|18.4567
03|44|0|90|1.5|23.3|315|43.1|39.1|0.00|0.07|43.6835|18.4567
03|45|0|135|1.5|23.3|315|43.1|39.1|0.00|0.07|43.6829|18.4567
03|46|0|135|0.0|23.3|315|43.1|39.1|0.00|0.07|43.6837|18.4567
03|47|0|135|1.6|23.3|315|43.1|39.1|0.00|0.07|43.6842|18.4567
03|49|0|135|1.5|23.3|315|43.3|39.0|0.00|0.07|43.6863|18.4567
03|51|0|180|2.9|23.3|315|43.6|38.9|0.00|0.07|43.687|17.549
03|52|0|180|1.5|23.3|315|43.7|38.9|0.00|0.07|43.6892|17.549
03|53|0|180|1.5|23.3|315|43.8|38.7|0.00|0.07|43.6924|17.549
03|54|0|180|1.6|23.3|315|43.8|38.7|0.00|0.07|43.6907|17.549
03|55|0|180|1.5|23.3|315|43.8|38.6|0.00|0.07|43.6909|17.549
03|56|0|180|1.5|23.3|315|43.8|38.6|0.00|0.07|43.693|17.549
03|59|0|180|0.0|23.3|315|43.9|38.6|0.00|0.07|43.6956|17.549
04|00|0|180|1.5|23.3|315|43.9|38.5|0.00|0.07|43.695|17.549
04|01|0|135|1.5|23.3|315|44.0|38.6|0.00|0.07|43.6968|18.0804
04|02|0|135|0.0|23.3|315|44.1|38.6|0.00|0.07|43.695|18.0804
04|03|0|135|0.0|23.3|315|44.0|38.6|0.00|0.07|43.6969|18.0804
04|04|0|135|0.0|23.3|315|43.8|38.6|0.00|0.07|43.6961|17.549
04|05|0|135|0.0|23.3|315|43.7|38.6|0.00|0.07|43.6939|17.549
04|06|0|135|0.0|23.3|315|43.7|38.6|0.00|0.07|43.6949|17.549
04|07|0|135|0.0|23.3|315|43.6|38.6|0.00|0.07|43.6923|17.549
04|08|0|135|0.0|23.3|315|43.7|38.7|0.00|0.07|43.6948|17.549
04|10|0|135|1.5|23.3|315|43.7|38.7|0.00|0.07|43.6925|17.549
04|11|0|135|1.5|23.3|315|43.7|38.7|0.00|0.07|43.6943|17.549
04|12|0|135|0.0|23.3|315|43.7|38.7|0.00|0.07|43.6962|17.549
04|13|0|135|1.5|23.3|315|43.7|38.7|0.00|0.07|43.6973|17.549
04|14|0|135|1.5|23.3|315|43.8|38.7|0.00|0.07|43.6988|17.549
04|15|0|135|1.5|23.3|315|44.0|38.6|0.00|0.07|43.6995|18.0804
04|16|0|135|1.5|23.3|315|44.0|38.6|0.00|0.07|43.6989|18.0804
04|19|0|135|1.5|23.3|315|44.1|38.5|0.00|0.07|43.7007|18.0804
04|20|0|135|1.6|23.3|315|44.1|38.5|0.00|0.07|43.702|18.0804
04|21|0|135|1.5|23.3|315|44.1|38.4|0.00|0.07|43.7029|18.0804
04|22|0|135|1.6|23.3|315|44.1|38.4|0.00|0.07|43.7007|18.0804
04|23|0|135|1.5|23.3|315|44.1|38.4|0.00|0.07|43.7029|18.0804
04|24|0|135|0.0|23.3|315|44.1|38.4|0.00|0.07|43.7022|18.0804
04|25|0|135|0.0|23.3|315|44.2|38.3|0.00|0.07|43.7014|18.0804
04|26|0|135|1.5|23.3|315|44.2|38.4|0.00|0.07|43.7043|18.0804
04|27|0|135|1.5|23.3|315|44.3|38.3|0.00|0.07|43.7038|18.0804
04|28|0|135|1.5|23.3|315|44.3|38.3|0.00|0.07|43.7017|18.0804
04|29|0|135|1.6|23.3|315|44.4|38.3|0.00|0.07|43.7018|18.0804
04|30|0|135|0.0|23.3|315|44.4|38.3|0.00|0.07|43.7032|18.0804
04|31|0|135|0.0|23.3|315|44.4|38.2|0.00|0.07|43.7019|18.0804
04|32|0|135|0.0|23.3|315|44.4|38.2|0.00|0.07|43.7025|18.0804
04|33|0|135|1.5|23.3|315|44.5|38.2|0.00|0.07|43.7021|18.0804
04|34|0|225|0.0|23.3|315|44.6|38.2|0.00|0.07|43.7021|18.0804
04|35|0|225|1.5|23.3|315|44.6|38.1|0.00|0.07|43.701|18.0804
04|36|0|225|0.0|23.3|315|44.7|38.1|0.00|0.07|43.7022|18.0804
04|38|0|225|0.0|23.3|315|44.7|38.1|0.00|0.07|43.701|18.0804
04|39|0|225|0.0|23.3|315|44.8|38.1|0.00|0.07|43.7018|18.0804
04|40|0|225|0.0|23.3|315|44.8|38.1|0.00|0.07|43.7026|18.0804
04|41|0|225|0.0|23.3|315|45.7|38.0|0.00|0.07|43.7003|18.6013
04|42|0|225|0.0|23.3|315|46.3|38.0|0.00|0.07|43.7002|19.1119
04|43|0|225|1.5|23.3|315|46.2|37.8|0.00|0.07|43.7016|18.1971
04|44|0|225|1.6|23.3|315|46.2|37.6|0.00|0.07|43.7001|18.1971
04|45|0|225|0.0|23.3|315|46.2|37.5|0.00|0.07|43.7034|18.1971
04|46|0|225|1.5|23.3|315|46.2|37.4|0.00|0.07|43.7021|18.1971
04|47|0|225|0.0|23.3|315|46.0|37.3|0.00|0.07|43.7026|18.1971
04|48|0|225|1.5|23.3|315|46.1|37.2|0.00|0.07|43.7043|18.1971
04|49|0|225|1.5|23.3|315|46.6|37.2|0.01|0.08|43.7049|18.1971
04|51|0|225|0.0|23.3|315|46.8|37.1|0.01|0.08|43.7046|18.1971
04|52|0|225|1.5|23.3|315|46.9|37.0|0.01|0.08|43.7059|18.1971
04|53|0|225|2.9|23.3|315|47.2|37.0|0.01|0.08|43.7074|18.6958
04|54|0|225|0.0|23.3|315|47.1|36.8|0.01|0.08|43.7089|17.7787
04|55|0|225|1.5|23.3|315|47.0|36.7|0.01|0.08|43.7086|17.7787
04|56|0|225|0.0|23.3|315|46.9|36.7|0.01|0.08|43.7094|17.2822
04|57|0|90|2.9|23.3|315|46.9|36.6|0.01|0.08|43.7103|17.2822
04|58|0|45|2.9|23.3|315|47.1|36.5|0.01|0.08|43.7122|17.7787
04|59|0|45|2.9|23.3|315|47.6|36.4|0.01|0.08|43.7103|17.7787
05|00|0|45|1.5|23.3|315|48.1|36.4|0.01|0.08|43.7093|18.2659
05|01|0|135|1.6|23.3|315|47.9|36.4|0.01|0.08|43.7122|17.7787
05|02|0|135|1.5|23.3|315|47.6|36.4|0.01|0.08|43.7119|17.7787
05|03|0|135|3.2|23.3|315|47.5|36.4|0.01|0.08|43.7117|17.7787
05|04|0|90|1.5|23.3|315|47.5|36.3|0.01|0.08|43.7108|17.7787
05|05|0|135|1.6|23.3|315|47.4|36.4|0.01|0.08|43.713|17.7787
05|06|0|135|1.5|23.3|315|47.4|36.4|0.01|0.08|43.7133|17.7787
05|07|0|135|1.5|23.3|315|47.4|36.5|0.01|0.08|43.7156|17.7787
05|08|0|135|2.9|23.3|315|47.4|36.5|0.01|0.08|43.7142|17.7787
05|09|0|135|1.5|23.3|315|47.3|36.5|0.01|0.08|43.7157|17.7787
05|10|0|135|1.6|23.3|315|47.3|36.6|0.01|0.08|43.7176|17.7787
05|12|0|90|1.5|23.3|315|47.2|36.6|0.01|0.08|43.7176|17.7787
05|13|0|90|0.0|23.3|315|47.1|36.6|0.01|0.08|43.72|17.7787
05|14|0|90|0.0|23.3|315|47.0|36.6|0.01|0.08|43.7186|17.7787
05|15|0|90|0.0|23.3|315|47.0|36.6|0.01|0.08|43.7187|17.7787
05|16|0|90|0.0|23.3|315|46.9|36.6|0.01|0.08|43.7171|17.2822
05|17|0|90|0.0|23.3|315|46.9|36.6|0.01|0.08|43.7196|17.2822
05|18|0|90|0.0|23.3|315|46.9|36.6|0.01|0.08|43.7179|17.2822
05|19|0|179|0.0|23.3|315|46.8|36.6|0.01|0.08|43.719|17.2822
05|20|0|90|0.0|23.3|315|46.8|36.6|0.01|0.08|43.7176|17.2822
05|21|0|180|1.5|23.3|315|46.8|36.6|0.01|0.08|43.7198|17.2822
05|22|0|180|1.5|23.3|315|47.0|36.6|0.01|0.08|43.7215|17.7787
05|23|0|180|1.5|23.3|315|47.0|36.5|0.01|0.08|43.7189|17.7787
05|24|0|180|1.5|23.3|315|47.1|36.5|0.01|0.08|43.7205|17.7787
05|25|0|180|1.6|23.3|315|47.2|36.4|0.01|0.08|43.719|17.7787
05|26|0|180|1.5|23.3|315|47.3|36.4|0.02|0.09|43.7215|17.7787
05|27|0|180|1.5|23.3|315|47.4|36.4|0.02|0.09|43.7206|17.7787
05|28|0|180|1.5|23.3|315|47.4|36.4|0.02|0.09|43.7211|17.7787
05|31|0|180|1.5|23.3|315|47.5|36.4|0.03|0.10|43.7194|17.7787
05|32|0|180|1.5|23.3|315|47.6|36.4|0.03|0.10|43.719|17.7787
05|33|0|180|1.6|23.3|315|47.6|36.4|0.03|0.10|43.7194|17.7787
05|34|0|135|1.5|23.3|315|47.5|36.3|0.03|0.10|43.7173|17.7787
05|35|0|135|1.5|23.3|315|47.6|36.3|0.03|0.10|43.716|17.7787
05|36|0|135|1.5|23.3|315|47.8|36.2|0.03|0.10|43.7162|17.7787
05|37|0|135|2.9|23.3|315|48.0|36.0|0.03|0.10|43.7144|18.2659
05|39|0|135|3.2|23.3|315|48.2|35.9|0.03|0.10|43.7137|17.3463
05|40|0|135|2.9|23.3|315|48.2|35.9|0.03|0.10|43.7147|17.3463
05|41|0|135|0.0|23.3|315|48.1|35.9|0.03|0.10|43.7149|17.3463
05|42|0|135|1.5|23.3|315|48.1|36.0|0.03|0.10|43.7162|18.2659
05|43|0|135|1.6|23.3|315|48.1|36.0|0.03|0.10|43.7168|18.2659
05|44|0|135|1.5|23.3|315|48.0|36.0|0.03|0.10|43.7172|18.2659
05|45|0|135|0.0|23.3|315|48.0|36.0|0.03|0.10|43.7168|18.2659
05|46|0|135|0.0|23.3|315|48.0|36.2|0.03|0.10|43.72|18.2659
05|48|0|135|0.0|23.3|315|48.0|36.2|0.03|0.10|43.7208|18.2659
05|49|0|135|0.0|23.3|315|47.9|36.2|0.02|0.10|43.722|17.7787
05|50|0|135|0.0|23.3|315|48.0|36.0|0.02|0.10|43.7211|18.2659
05|51|0|135|0.0|23.3|315|48.1|36.0|0.02|0.10|43.7225|18.2659
05|52|0|135|0.0|23.3|315|48.1|36.0|0.02|0.10|43.7206|18.2659
05|53|0|45|1.5|23.3|315|48.1|36.0|0.02|0.10|43.7222|18.2659
05|54|0|90|1.6|23.3|315|48.1|36.0|0.02|0.10|43.722|18.2659
05|55|0|90|2.9|23.3|315|48.1|35.9|0.02|0.10|43.7212|17.3463
05|56|0|90|1.5|23.3|315|48.1|35.8|0.02|0.10|43.722|17.3463
05|57|0|90|1.5|23.3|315|48.2|35.8|0.02|0.10|43.7233|17.3463
05|58|0|90|1.5|23.3|315|48.4|35.7|0.02|0.10|43.7229|17.3463
05|59|0|90|1.5|23.3|315|48.6|35.7|0.02|0.10|43.7259|17.3463
06|01|0|90|2.9|23.3|315|48.7|35.8|0.02|0.10|43.7265|17.3463
06|02|0|90|0.0|23.3|315|48.7|35.8|0.02|0.10|43.7267|17.3463
06|03|0|90|1.6|23.3|315|48.7|35.8|0.02|0.10|43.7264|17.3463
06|04|0|90|3.2|23.3|315|48.9|35.8|0.02|0.10|43.7296|17.3463
06|05|0|90|0.0|23.3|315|49.1|35.8|0.02|0.10|43.7284|17.8225
06|06|0|90|0.0|23.3|315|49.2|35.8|0.02|0.10|43.7299|17.8225
06|07|0|90|1.5|23.3|315|49.3|35.8|0.02|0.10|43.7292|17.8225
06|08|0|90|2.9|23.3|315|49.7|35.8|0.02|0.10|43.7321|17.8225
06|09|0|90|1.5|23.3|315|49.9|35.8|0.02|0.10|43.7312|17.8225
06|11|0|90|0.0|23.3|315|49.8|35.8|0.02|0.10|43.7321|17.8225
06|12|0|90|0.0|23.3|315|49.9|35.8|0.02|0.10|43.7333|17.8225
06|13|0|90|0.0|23.3|315|50.0|35.8|0.02|0.10|43.7348|18.2901
06|14|0|90|1.6|23.3|315|50.7|35.7|0.02|0.10|43.7344|18.2901
06|15|0|90|0.0|23.3|315|51.4|35.7|0.02|0.10|43.7359|18.7494
06|16|0|90|1.6|23.3|315|51.8|35.7|0.02|0.10|43.7366|18.7494
06|17|0|90|1.5|23.3|315|52.8|35.7|0.02|0.10|43.737|19.2008
06|18|0|90|1.6|23.3|315|52.5|35.6|0.02|0.10|43.7378|19.2008
06|19|0|90|1.5|23.3|315|52.1|35.6|0.02|0.10|43.7375|19.2008
06|21|0|45|1.5|23.3|315|52.1|35.5|0.02|0.10|43.7371|19.2008
06|22|0|45|1.5|23.3|315|52.3|35.5|0.02|0.10|43.7371|19.2008
06|23|0|90|1.5|23.3|315|52.5|35.5|0.02|0.10|43.7369|19.2008
06|24|0|90|1.5|23.3|315|53.0|35.5|0.02|0.10|43.7389|19.6446
06|25|0|90|1.6|23.3|315|53.5|35.5|0.02|0.10|43.7395|19.6446
06|26|0|90|1.5|23.3|315|53.8|35.4|0.01|0.10|43.7398|19.6446
06|27|0|90|1.6|23.3|315|53.8|35.4|0.01|0.10|43.7392|19.6446
06|28|0|90|1.5|23.3|315|53.8|35.4|0.01|0.10|43.7389|19.6446
06|29|0|90|0.0|23.3|315|53.6|35.4|0.01|0.10|43.7396|19.6446
06|30|0|90|1.5|23.3|315|53.4|35.4|0.01|0.10|43.7394|19.6446
06|31|0|90|1.5|23.3|315|53.3|35.4|0.00|0.10|43.7409|19.6446
06|32|0|90|0.0|23.3|315|53.1|35.3|0.00|0.10|43.7395|19.6446
06|33|0|90|0.0|23.3|315|52.8|35.3|0.00|0.10|43.7403|19.2008
06|34|0|90|0.0|23.3|315|52.7|35.3|0.00|0.10|43.7411|19.2008
06|35|0|90|0.0|23.3|315|52.5|35.3|0.00|0.10|43.7428|19.2008
06|36|0|90|0.0|23.3|315|52.6|35.3|0.00|0.10|43.7421|19.2008
06|37|0|90|1.5|23.3|315|52.7|35.3|0.00|0.10|43.7434|19.2008
06|38|0|90|1.6|23.3|315|52.8|35.2|0.00|0.10|43.7449|19.2008
06|39|0|90|0.0|23.3|315|52.8|35.0|0.00|0.10|43.7413|19.2008
06|40|0|90|0.0|23.3|315|52.8|35.0|0.00|0.10|43.7442|19.2008
06|42|0|90|0.0|23.3|315|52.8|34.9|0.00|0.10|43.7436|18.2729
06|44|0|90|0.0|23.3|315|53.1|34.8|0.00|0.10|43.7453|18.7147
06|45|0|90|1.5|23.3|315|53.4|34.8|0.00|0.10|43.7477|18.7147
06|46|0|90|1.5|23.3|315|53.6|34.8|0.00|0.10|43.7478|18.7147
06|47|0|90|0.0|23.3|315|53.6|34.8|0.00|0.10|43.7472|18.7147
06|48|0|90|0.0|23.3|315|53.6|34.7|0.00|0.10|43.7475|18.7147
06|49|0|90|0.0|23.3|315|53.8|34.7|0.00|0.10|43.7476|18.7147
06|51|0|90|1.5|23.3|315|54.2|34.7|0.00|0.10|43.75|19.1491
06|52|0|90|0.0|23.3|315|54.4|34.6|0.00|0.10|43.7468|19.1491
06|53|0|90|0.0|23.3|315|54.4|34.6|0.00|0.10|43.7513|19.1491
06|54|0|90|0.0|23.3|315|54.4|34.6|0.00|0.10|43.751|19.1491
06|55|0|90|1.6|23.3|315|54.8|34.5|0.00|0.10|43.7516|19.1491
06|56|0|90|1.5|23.3|315|55.6|34.5|0.00|0.10|43.7531|19.5765
06|57|0|90|1.6|23.3|315|55.9|34.5|0.00|0.10|43.7526|19.5765
06|58|0|90|1.5|23.3|315|56.0|34.5|0.00|0.10|43.7529|19.997
06|59|0|90|1.5|23.3|315|56.1|34.5|0.00|0.10|43.7545|19.997
07|00|0|90|0.0|23.3|315|56.0|34.5|0.00|0.10|43.7525|19.997
07|02|0|225|1.5|23.3|315|55.6|34.5|0.00|0.10|43.7533|19.5765
07|03|0|225|0.0|23.3|315|55.4|34.5|0.00|0.10|43.7562|19.5765
07|04|0|225|0.0|23.3|315|55.3|34.5|0.00|0.10|43.7544|19.5765
07|05|0|225|0.0|23.3|315|55.2|34.5|0.00|0.10|43.7557|19.5765
07|06|0|225|0.0|23.3|315|55.2|34.4|0.00|0.10|43.7554|19.5765
07|07|0|225|0.0|23.3|315|55.2|34.5|0.00|0.10|43.7557|19.5765
07|08|0|225|0.0|23.3|315|55.1|34.5|0.00|0.10|43.756|19.5765
07|09|0|225|0.0|23.3|315|55.2|34.4|0.00|0.10|43.7556|19.5765
07|10|0|225|0.0|23.3|315|55.4|34.4|0.00|0.10|43.756|19.5765
07|11|0|225|0.0|23.3|315|55.5|34.4|0.00|0.10|43.7555|19.5765
07|13|0|225|0.0|23.3|315|55.9|34.2|0.00|0.10|43.754|19.5765
07|14|0|225|0.0|23.3|315|55.9|34.2|0.00|0.10|43.7547|19.5765
07|15|0|225|0.0|23.3|315|55.8|34.2|0.00|0.10|43.7533|19.5765
07|16|0|225|0.0|23.3|315|55.6|34.2|0.00|0.10|43.7546|19.5765
07|18|0|225|0.0|23.3|315|55.5|34.2|0.00|0.10|43.7551|19.5765
07|19|0|225|0.0|23.3|315|55.4|34.2|0.00|0.10|43.7573|19.5765
07|20|0|225|0.0|23.3|315|55.4|34.1|0.00|0.10|43.7546|19.5765
07|21|0|225|0.0|23.3|315|55.6|34.2|0.00|0.10|43.759|19.5765
07|22|0|225|0.0|23.3|315|55.9|34.2|0.00|0.10|43.7589|19.5765
07|23|0|225|0.0|23.3|315|56.1|34.2|0.00|0.10|43.7601|19.997
07|24|0|225|0.0|23.3|315|56.1|34.1|0.00|0.10|43.7595|19.997
07|25|0|225|0.0|23.3|315|56.0|34.1|0.00|0.10|43.7601|19.997
07|26|0|225|0.0|23.3|315|55.9|34.1|0.00|0.10|43.7602|19.5765
07|27|0|225|1.5|23.3|315|56.0|34.1|0.00|0.10|43.7615|19.997
07|28|0|225|1.5|23.3|315|56.2|34.2|0.00|0.10|43.7622|19.997
07|29|0|225|0.0|23.3|315|56.7|34.2|0.00|0.10|43.7643|19.997
07|30|0|225|0.0|23.3|315|57.0|34.2|0.00|0.10|43.7624|20.411
07|31|0|225|0.0|23.3|315|56.9|34.2|0.00|0.10|43.7624|19.997
07|33|0|225|0.0|23.3|315|56.7|34.2|0.00|0.10|43.7637|19.997
07|34|0|225|0.0|23.3|315|56.7|34.4|0.00|0.10|43.7625|19.997
07|35|0|225|0.0|23.3|315|56.6|34.5|0.00|0.10|43.7637|19.997
07|36|0|225|0.0|23.3|315|56.5|34.5|0.00|0.10|43.7626|19.997
07|37|0|225|0.0|23.3|315|56.7|34.7|0.00|0.10|43.7634|19.997
07|39|0|225|1.5|23.3|315|56.6|34.8|0.00|0.10|43.7635|19.997
07|40|0|225|0.0|23.3|315|56.4|35.0|0.00|0.10|43.7645|20.9328
07|42|0|225|1.5|23.3|315|56.0|35.4|0.00|0.10|43.764|20.9328
07|43|0|180|2.9|23.3|315|55.8|35.6|0.00|0.10|43.7625|20.5103
07|45|0|180|2.9|23.3|315|54.3|35.9|0.00|0.10|43.7664|20.081
07|46|0|180|1.5|23.3|315|53.6|36.0|0.00|0.10|43.7668|20.5744
07|47|0|135|1.5|23.3|315|52.8|36.3|0.00|0.10|43.7664|20.1287
07|48|0|135|1.5|23.3|315|52.6|36.5|0.00|0.10|43.7634|20.1287
07|49|0|135|1.5|23.3|315|52.6|36.6|0.00|0.10|43.7638|20.1287
07|50|0|135|2.9|23.3|315|52.3|36.8|0.00|0.10|43.7647|20.1287
07|51|0|180|1.6|23.3|315|51.5|37.0|0.00|0.10|43.7641|20.6008
07|52|0|180|1.6|23.3|315|51.1|37.2|0.00|0.10|43.7657|20.6008
07|53|0|180|1.5|23.3|315|50.9|37.3|0.00|0.10|43.7669|20.1374
07|54|0|180|1.5|23.3|315|50.6|37.4|0.00|0.10|43.7691|20.1374
07|55|0|180|0.0|23.3|315|49.7|37.5|0.00|0.10|43.7684|19.6656
07|56|0|180|0.0|23.3|315|49.6|37.7|0.00|0.10|43.7691|19.6656
07|57|0|180|1.6|23.3|315|49.5|37.8|0.00|0.10|43.7681|19.6656
07|58|0|180|1.6|23.3|315|49.2|38.0|0.00|0.10|43.7676|20.5869
08|00|0|180|1.5|23.3|315|48.6|38.1|0.00|0.10|43.7656|20.1044
08|01|0|180|0.0|23.3|315|48.5|38.2|0.00|0.10|43.7645|20.1044
08|02|0|180|0.0|23.3|315|48.3|38.4|0.00|0.10|43.7637|20.1044
08|03|0|180|0.0|23.3|315|48.0|38.5|0.00|0.10|43.7621|20.1044
08|04|0|180|0.0|23.3|315|47.9|38.6|0.00|0.10|43.7597|19.6128
08|05|0|180|0.0|23.3|315|48.4|38.9|0.00|0.10|43.76|20.1044
08|06|0|180|0.0|23.3|315|48.9|39.0|0.00|0.10|43.7603|21.0233
08|07|0|180|0.0|23.3|315|49.4|39.2|0.00|0.10|43.762|21.508
08|08|0|315|1.5|23.3|315|49.3|39.3|0.00|0.10|43.764|21.508
08|09|0|315|1.5|23.3|315|50.3|39.3|0.00|0.10|43.7666|21.984
08|10|0|315|1.6|23.3|315|50.0|39.3|0.00|0.10|43.7668|21.984
08|11|0|315|0.0|23.3|315|49.3|39.3|0.00|0.10|43.7673|21.508
08|12|0|315|0.0|23.3|315|48.5|39.3|0.00|0.10|43.7663|21.0233
08|13|0|315|1.5|23.3|315|48.0|39.3|0.00|0.10|43.7674|21.0233
08|14|0|315|0.0|23.3|315|47.6|39.3|0.00|0.10|43.7658|20.5296
08|15|0|315|1.6|23.3|315|47.9|39.4|0.00|0.10|43.7686|20.5296
08|16|0|315|0.0|23.3|315|47.7|39.4|0.00|0.10|43.767|20.5296
08|18|0|315|0.0|23.3|315|47.7|39.5|0.00|0.10|43.769|20.5296
08|20|0|315|0.0|23.3|315|47.7|39.7|0.00|0.10|43.7693|20.5296
08|22|0|315|0.0|23.3|315|47.1|40.0|0.00|0.10|43.7691|21.4463
08|23|0|315|0.0|23.3|315|46.5|40.1|0.00|0.10|43.7688|20.9409
08|24|0|135|0.0|23.3|315|46.1|40.2|0.00|0.10|43.7704|20.9409
08|26|0|135|1.5|23.3|315|45.8|40.5|0.00|0.10|43.7689|20.4257
08|27|0|135|1.5|23.3|315|45.3|40.7|0.00|0.10|43.7695|20.4257
08|28|0|135|0.0|23.3|315|44.8|40.8|0.00|0.10|43.7696|19.9003
08|29|0|135|1.5|23.3|315|44.8|40.9|0.00|0.10|43.7713|19.9003
08|30|0|135|1.5|23.3|315|44.8|41.1|0.00|0.10|43.7724|20.81
08|31|0|135|1.5|23.3|315|44.5|41.3|0.00|0.10|43.7765|20.81
08|32|0|90|0.0|23.3|315|44.4|41.6|0.00|0.10|43.7776|20.81
08|33|0|135|1.5|23.3|315|44.2|41.8|0.00|0.10|43.7801|20.81
08|35|0|45|1.5|23.3|315|44.8|42.1|0.00|0.10|43.7823|21.7194
08|36|0|45|1.5|23.3|315|45.0|42.3|0.00|0.10|43.7808|22.2495
08|41|0|45|1.5|23.3|315|43.7|43.2|0.00|0.10|43.7801|22.0855
08|42|0|45|1.6|23.3|315|43.5|43.5|0.00|0.10|43.7773|22.0855
08|43|0|45|1.5|23.3|315|43.0|43.7|0.00|0.10|43.7804|22.0855
08|44|0|45|0.0|23.3|315|42.8|43.9|0.00|0.10|43.7808|21.5309
08|46|0|45|1.5|23.3|315|42.9|44.3|0.00|0.10|43.781|22.4352
08|47|0|45|1.5|23.3|315|42.4|44.5|0.00|0.10|43.7827|22.4352
08|48|0|90|0.0|23.3|315|41.8|44.6|0.00|0.10|43.7821|21.8664
08|50|0|45|2.9|23.3|315|41.9|44.8|0.00|0.10|43.7826|21.8664
08|51|0|90|4.8|23.3|315|41.4|44.8|0.00|0.10|43.7827|21.8664
08|53|0|90|0.0|23.3|315|41.4|44.8|0.00|0.10|43.782|21.8664
08|54|0|135|1.5|23.3|315|41.8|44.9|0.00|0.10|43.7811|21.8664
08|57|0|90|0.0|23.3|315|41.7|45.2|0.00|0.10|43.784|22.768
08|58|0|90|0.0|23.3|315|41.8|45.4|0.00|0.10|43.7841|22.768
08|59|0|90|1.6|23.3|315|41.8|45.6|0.00|0.10|43.7833|22.768
09|00|0|270|0.0|23.3|315|41.8|45.8|0.00|0.10|43.784|22.768
09|01|0|0|1.5|23.3|315|41.8|46.1|0.00|0.10|43.7795|23.6694
09|02|0|0|2.9|23.3|315|41.5|46.3|0.00|0.10|43.7789|23.6694
09|03|0|0|1.5|23.3|315|41.4|46.6|0.00|0.10|43.7779|23.6694
09|04|0|0|0.0|23.3|315|41.0|46.8|0.00|0.10|43.7724|23.6694
09|05|0|0|1.5|23.3|315|40.8|47.1|0.00|0.10|43.7729|23.9818
09|06|0|0|0.0|23.3|315|40.8|47.3|0.00|0.10|43.7762|23.9818
09|07|0|270|0.0|23.3|315|40.6|47.6|0.00|0.10|43.7796|23.9818
09|09|0|225|1.5|23.3|315|40.3|48.1|0.00|0.10|43.7789|24.8803
09|10|0|180|1.6|23.3|315|40.2|48.3|0.00|0.10|43.7795|24.8803
09|11|0|45|1.5|23.3|315|39.8|48.5|0.00|0.10|43.7788|24.2757
09|12|0|135|4.4|23.3|315|39.4|48.7|0.00|0.10|43.778|24.2757
09|13|0|90|2.9|23.3|315|38.8|48.7|0.00|0.10|43.7804|23.6572
09|15|0|68|3.2|23.3|315|37.9|48.9|0.00|0.10|43.7801|23.0241
09|18|0|135|3.2|23.3|315|38.1|48.9|0.00|0.10|43.7789|23.6572
09|19|0|135|1.5|23.3|315|38.1|49.0|0.00|0.10|43.778|24.5502
09|20|0|135|2.9|23.3|315|38.1|49.1|0.00|0.10|43.7816|24.5502
09|21|0|135|1.6|23.3|315|37.7|49.1|0.00|0.10|43.781|23.9144
09|22|0|135|4.4|23.3|315|37.4|49.2|0.00|0.10|43.7801|23.9144
09|23|0|135|3.2|23.3|315|36.4|49.2|0.00|0.10|43.7794|23.2632
09|24|0|135|1.6|23.3|315|36.1|49.3|0.00|0.10|43.7795|23.2632
09|26|0|158|5.8|23.3|315|34.7|49.1|0.00|0.10|43.7778|21.9111
09|27|0|135|4.4|23.3|315|34.8|49.1|0.00|0.10|43.777|21.9111
09|28|0|158|1.5|23.3|315|34.8|49.1|0.00|0.10|43.7797|21.9111
09|29|0|113|2.9|23.3|315|34.7|49.2|0.00|0.10|43.7789|21.9111
09|30|0|225|4.4|23.3|315|34.9|49.2|0.00|0.10|43.7788|21.9111
09|31|0|180|4.4|23.3|315|34.8|49.2|0.01|0.11|43.7817|21.9111
09|32|0|135|7.3|23.3|315|34.2|49.0|0.01|0.11|43.7793|21.9111
09|33|0|158|4.4|23.3|315|34.2|48.9|0.01|0.11|43.7782|21.0292
09|34|0|158|4.4|23.3|315|34.7|49.1|0.01|0.11|43.781|21.9111
09|35|0|135|5.8|23.3|315|34.6|49.0|0.01|0.11|43.7804|21.9111
09|36|0|135|2.9|23.3|315|34.4|49.1|0.01|0.11|43.78|21.9111
09|38|0|135|1.6|23.3|315|34.6|49.2|0.01|0.11|43.7805|21.9111
09|39|0|135|4.8|23.3|315|34.8|49.2|0.01|0.11|43.7817|21.9111
09|40|0|135|1.5|23.3|315|34.6|49.3|0.01|0.11|43.7809|21.9111
09|41|0|135|1.6|23.3|315|34.8|49.4|0.01|0.11|43.7825|21.9111
09|42|0|135|2.9|23.3|315|34.8|49.7|0.01|0.11|43.7781|21.9111
09|43|0|135|4.8|23.3|315|34.6|49.8|0.01|0.11|43.777|21.9111
09|45|0|135|2.9|23.3|315|34.3|50.0|0.01|0.11|43.777|22.7927
09|46|0|135|2.9|23.3|315|33.9|50.1|0.01|0.11|43.7755|22.087
09|47|0|135|2.9|23.3|315|33.6|50.2|0.01|0.11|43.7732|22.087
09|48|0|180|5.8|23.3|315|33.7|50.3|0.01|0.11|43.7716|22.087
09|49|0|135|6.4|23.3|315|33.6|50.3|0.01|0.11|43.769|22.087
09|50|0|135|4.4|23.3|315|33.2|50.2|0.01|0.11|43.7701|22.087
09|51|0|90|3.2|23.3|315|33.2|50.1|0.01|0.11|43.7733|22.087
09|52|0|90|2.9|23.3|315|33.4|50.2|0.01|0.11|43.7721|22.087
09|55|0|135|1.5|23.3|315|33.5|50.1|0.01|0.11|43.7736|22.087
09|56|0|270|1.6|23.3|315|33.8|50.3|0.01|0.11|43.7695|22.087
09|58|0|135|2.9|23.3|315|33.5|50.3|0.01|0.11|43.7747|22.087
09|59|0|135|3.2|23.3|315|33.6|50.5|0.01|0.11|43.7712|22.087
10|00|0|135|4.4|23.3|315|33.7|50.7|0.01|0.11|43.7768|22.087
10|02|0|180|4.4|23.3|315|33.0|50.9|0.01|0.11|43.773|22.087
10|03|0|180|4.4|23.3|315|32.7|50.9|0.01|0.11|43.7729|21.3621
10|04|0|113|3.2|23.3|315|33.3|51.1|0.01|0.11|43.7709|22.9654
10|05|0|180|4.4|23.3|315|32.8|51.3|0.01|0.11|43.7697|22.2375
10|07|0|23|1.5|23.3|315|32.3|51.8|0.01|0.11|43.765|22.2375
10|08|0|180|2.9|23.3|315|31.9|52.0|0.01|0.11|43.7649|22.361
10|09|0|135|3.2|23.3|315|32.1|52.2|0.01|0.11|43.7644|23.1126
10|10|0|135|1.5|23.3|315|31.7|52.5|0.01|0.11|43.7624|22.361
10|11|0|135|0.0|23.3|315|31.5|52.6|0.01|0.11|43.76|22.361
10|12|0|158|2.9|23.3|315|31.5|52.8|0.01|0.11|43.7609|22.361
10|13|0|225|1.5|23.3|315|31.3|52.9|0.01|0.11|43.7619|22.361
10|14|0|90|4.4|23.3|315|31.4|53.0|0.01|0.11|43.7609|23.2327
10|15|0|135|2.9|23.3|315|30.8|53.3|0.01|0.11|43.7666|22.4561
10|16|0|135|2.9|23.3|315|30.5|53.3|0.01|0.11|43.7644|22.4561
10|17|0|135|1.6|23.3|315|30.5|53.5|0.01|0.11|43.7628|22.4561
10|19|0|158|5.8|23.3|315|30.9|53.6|0.01|0.11|43.7632|22.4561
10|20|0|135|2.9|23.3|315|30.8|53.8|0.01|0.11|43.7634|22.4561
10|21|0|90|4.8|23.3|315|30.5|54.0|0.01|0.11|43.7661|23.3243
10|22|0|158|1.5|23.3|315|30.8|54.2|0.01|0.11|43.7645|23.3243
10|23|0|90|2.9|23.3|315|30.4|54.4|0.01|0.11|43.7634|23.3243
10|24|0|135|4.4|23.3|315|29.8|54.4|0.01|0.11|43.7635|22.5211
10|25|0|180|2.9|23.3|315|29.9|54.5|0.01|0.11|43.7635|22.5211
10|26|0|45|1.5|23.3|315|30.0|54.7|0.01|0.11|43.7622|23.3243
10|27|0|90|1.5|23.3|315|29.6|54.7|0.01|0.11|43.7628|22.5211
10|28|0|0|1.6|23.3|315|29.3|54.8|0.01|0.11|43.7611|22.5211
10|29|0|90|2.9|23.3|315|29.1|55.1|0.01|0.11|43.7613|23.3857
10|30|0|113|2.9|23.3|315|29.2|55.1|0.01|0.11|43.7599|23.3857
10|31|0|135|2.9|23.3|315|29.1|55.0|0.00|0.11|43.7616|23.3857
10|32|0|135|4.4|23.3|315|29.3|55.1|0.00|0.11|43.7585|23.3857
10|33|0|90|4.8|23.3|315|29.4|55.1|0.00|0.11|43.7564|23.3857
10|34|0|68|2.9|23.3|315|28.9|55.0|0.00|0.11|43.757|22.5541
10|35|0|45|0.0|23.3|315|28.5|55.0|0.00|0.11|43.7539|22.5541
10|36|0|113|4.4|23.3|315|28.6|55.2|0.00|0.11|43.7548|22.5541
10|37|0|45|2.9|23.3|315|28.6|55.1|0.00|0.11|43.7602|22.5541
10|38|0|135|1.5|23.3|315|28.0|55.1|0.00|0.11|43.7597|22.5541
10|40|0|90|0.0|23.3|315|27.9|55.2|0.00|0.11|43.7608|21.6957
10|41|0|90|2.9|23.3|315|28.4|55.3|0.00|0.11|43.7597|22.5541
10|42|0|90|5.8|23.3|315|28.4|55.3|0.00|0.11|43.7595|22.5541
10|44|0|90|2.9|23.3|315|28.2|55.2|0.00|0.11|43.7596|22.5541
10|45|0|90|0.0|23.3|315|28.4|55.3|0.00|0.11|43.7568|22.5541
10|46|0|135|4.4|23.3|315|28.7|55.4|0.00|0.11|43.756|22.5541
10|47|0|135|2.9|23.3|315|28.5|55.5|0.00|0.11|43.7594|22.5541
10|48|0|135|2.9|23.3|315|28.9|55.6|0.00|0.11|43.7578|22.5541
10|49|0|113|3.2|23.3|315|28.7|55.8|0.00|0.11|43.7586|22.5541
10|50|0|135|2.9|23.3|315|28.2|56.0|0.00|0.11|43.7576|23.415
10|51|0|90|4.4|23.3|315|27.8|56.2|0.00|0.11|43.7587|22.5531
10|52|0|90|1.6|23.3|315|27.8|56.3|0.00|0.11|43.7605|22.5531
10|54|0|45|1.5|23.3|315|27.5|56.4|0.00|0.11|43.7608|22.5531
10|55|0|45|1.5|23.3|315|27.3|56.5|0.00|0.11|43.7617|22.5531
10|56|0|0|1.6|23.3|315|27.3|56.6|0.00|0.11|43.7635|22.5531
10|57|0|180|2.9|23.3|315|27.4|56.9|0.00|0.11|43.7629|22.5531
10|59|0|135|0.0|23.3|315|27.1|57.2|0.00|0.11|43.7647|23.4102
11|00|0|90|1.5|23.3|315|27.0|57.4|0.00|0.11|43.7627|23.4102
11|02|0|45|1.5|23.3|315|26.4|57.5|0.00|0.11|43.7616|22.5158
11|03|0|135|1.6|23.3|315|26.3|57.7|0.00|0.11|43.762|22.5158
11|04|0|90|1.5|23.3|315|26.1|57.9|0.00|0.11|43.7599|22.5158
11|05|0|135|2.9|23.3|315|26.1|57.9|0.00|0.11|43.7576|22.5158
11|07|0|45|1.5|23.3|315|25.8|57.9|0.00|0.11|43.7571|21.5904
11|08|0|45|3.2|23.3|315|25.4|58.0|0.00|0.11|43.7587|22.4398
11|09|0|45|4.4|23.3|315|25.6|58.1|0.00|0.11|43.7565|22.4398
11|10|0|45|1.5|4.8|45|25.6|58.3|0.00|0.00|43.7571|22.4398
11|11|0|45|3.2|5.8|0|25.7|58.3|0.00|0.00|43.7539|22.4398
11|12|0|45|1.5|5.8|0|25.6|58.5|0.00|0.00|43.7521|22.4398
11|14|0|45|1.5|5.8|0|25.5|58.7|0.00|0.00|43.7494|22.4398
11|15|0|45|3.2|5.8|0|25.1|58.8|0.00|0.00|43.7464|22.4398
11|16|0|23|2.9|5.8|45|24.9|58.9|0.00|0.00|43.7444|21.477
11|17|0|0|2.9|5.8|45|25.1|58.9|0.00|0.00|43.746|22.4398
11|18|0|0|4.4|5.8|45|25.1|58.9|0.00|0.00|43.7465|22.4398
11|19|0|0|2.9|5.8|45|24.6|59.0|0.00|0.00|43.7446|22.3222
11|20|0|23|1.5|5.8|45|24.4|59.1|0.00|0.00|43.7467|22.3222
11|21|0|0|2.9|5.8|45|24.4|59.2|0.00|0.00|43.7471|22.3222
11|22|0|90|3.2|5.8|45|24.7|59.1|0.00|0.00|43.7436|22.3222
11|23|0|90|3.2|5.8|45|24.3|59.1|0.00|0.00|43.7444|22.3222
11|25|0|0|2.9|5.8|45|24.8|59.1|0.00|0.00|43.7408|22.3222
11|27|0|0|4.4|8.0|0|24.7|59.2|0.00|0.00|43.7369|22.3222
11|28|0|45|2.9|8.0|0|24.5|59.2|0.00|0.00|43.741|22.3222
11|29|0|45|0.0|8.0|0|24.2|59.3|0.00|0.00|43.7404|22.3222
11|30|0|135|2.9|8.0|0|24.5|59.5|0.00|0.00|43.7421|22.3222
11|31|0|90|1.6|8.7|135|24.5|59.6|0.00|0.00|43.742|22.3222
11|32|0|315|0.0|8.7|135|24.7|59.8|0.00|0.00|43.7458|22.3222
11|33|0|315|4.8|8.7|135|24.5|59.9|0.00|0.00|43.7464|22.3222
11|35|0|315|2.9|8.7|135|24.0|60.2|0.00|0.00|43.748|23.167
11|36|0|315|2.9|8.7|135|24.1|60.1|0.00|0.00|43.7491|23.167
11|37|0|315|1.5|8.7|135|23.9|60.0|0.00|0.00|43.7471|22.1599
11|38|0|45|0.0|8.7|135|23.7|60.0|0.00|0.00|43.7475|22.1599
11|39|0|338|1.5|8.7|135|23.8|60.0|0.00|0.00|43.7444|22.1599
11|40|0|0|4.4|8.7|135|23.8|59.9|0.00|0.00|43.7456|21.3191
11|42|0|315|5.8|8.7|135|23.9|59.8|0.00|0.00|43.7435|21.3191
11|43|0|315|3.2|8.7|315|23.9|59.6|0.00|0.00|43.7426|21.3191
11|44|0|0|2.9|8.7|315|24.2|59.5|0.00|0.00|43.7396|22.3222
11|45|0|0|3.2|8.7|315|24.5|59.5|0.00|0.00|43.7414|22.3222
11|46|0|315|2.9|8.7|315|24.8|59.5|0.00|0.00|43.7403|22.3222
11|47|0|0|5.8|8.7|315|24.7|59.6|0.00|0.00|43.7407|22.3222
11|48|0|23|4.4|8.7|315|24.9|59.7|0.00|0.00|43.7401|22.3222
11|49|0|45|2.9|8.7|315|24.0|59.7|0.00|0.00|43.7402|22.3222
11|50|0|68|2.9|8.7|315|23.6|59.8|0.00|0.00|43.7404|21.3191
11|51|0|0|2.9|8.7|315|23.6|59.9|0.00|0.00|43.741|21.3191
11|52|0|270|2.9|8.7|315|24.1|60.0|0.00|0.00|43.7401|23.167
11|53|0|0|2.9|8.7|315|24.0|60.0|0.00|0.00|43.7377|23.167
11|54|0|315|1.5|8.7|315|23.9|60.0|0.00|0.00|43.7376|22.1599
11|56|0|270|2.9|8.7|315|23.9|60.1|0.00|0.00|43.7373|22.1599
11|57|0|225|2.9|8.7|315|23.6|60.1|0.00|0.00|43.7357|22.1599
11|59|0|0|1.5|8.7|315|23.5|60.1|0.00|0.00|43.7388|22.1599
12|00|0|0|1.6|8.7|315|23.6|60.1|0.00|0.00|43.7372|22.1599
12|01|0|90|0.0|8.7|315|23.4|60.2|0.00|0.00|43.7353|22.1599
12|02|0|135|1.5|8.7|315|23.3|60.3|0.00|0.00|43.7348|22.1599
12|03|0|315|0.0|8.7|315|23.7|60.6|0.00|0.00|43.7375|22.1599
12|04|0|315|5.8|8.7|315|24.3|60.7|0.00|0.00|43.7356|23.167
12|05|0|315|4.8|10.2|270|23.8|60.8|0.00|0.00|43.7309|22.1599
12|06|0|0|1.5|10.2|270|23.3|60.9|0.00|0.00|43.7315|22.1599
12|07|0|0|3.2|10.2|270|23.4|61.1|0.00|0.00|43.7305|23.0004
12|09|0|180|3.2|10.2|270|23.6|61.4|0.00|0.00|43.7276|23.0004
12|10|0|315|4.4|10.2|270|23.5|61.6|0.00|0.00|43.731|23.0004
12|11|0|270|4.8|10.2|270|23.3|61.8|0.00|0.00|43.7283|23.0004
12|12|0|270|1.5|10.2|270|23.1|61.9|0.00|0.00|43.7293|23.0004
12|13|0|315|0.0|10.2|270|23.1|62.3|0.00|0.00|43.7285|23.8406
12|14|0|270|1.5|10.2|270|22.6|62.5|0.00|0.00|43.7245|22.7854
12|15|0|338|4.4|10.2|270|22.8|62.7|0.00|0.00|43.7243|22.7854
12|16|0|315|3.2|10.2|270|23.8|62.7|0.00|0.00|43.7235|23.8406
12|17|0|0|2.9|10.2|270|22.9|62.6|0.00|0.00|43.7248|22.7854
12|19|0|315|5.8|10.2|270|23.0|62.6|0.00|0.00|43.7227|23.8406
12|20|0|0|6.4|10.2|270|23.3|62.4|0.00|0.00|43.7211|23.8406
12|21|0|0|4.4|10.2|270|22.9|62.3|0.00|0.00|43.7222|22.7854
12|22|0|0|2.9|11.6|0|23.8|62.2|0.00|0.00|43.7227|23.8406
12|24|0|0|4.4|11.6|0|23.0|62.2|0.00|0.00|43.723|23.8406
12|25|0|225|1.5|11.6|0|22.9|62.2|0.00|0.00|43.7222|22.7854
12|27|0|315|1.5|11.6|0|22.6|62.3|0.00|0.00|43.7176|22.7854
12|28|0|45|1.6|11.6|0|22.4|62.5|0.00|0.00|43.7161|22.7854
12|29|0|315|1.5|11.6|0|22.5|62.4|0.00|0.00|43.7131|22.7854
12|31|0|45|2.9|11.6|0|23.2|62.5|0.00|0.00|43.7114|23.8406
12|32|0|45|3.2|11.6|0|23.3|62.6|0.00|0.00|43.7109|23.8406
12|34|0|0|4.8|11.6|0|23.2|62.4|0.00|0.00|43.71|23.8406
12|35|0|0|4.4|11.6|0|24.2|62.6|0.00|0.00|43.7103|24.8558
12|36|0|0|5.8|11.6|0|23.2|62.6|0.00|0.00|43.7093|23.8406
12|38|0|0|4.4|11.6|0|23.0|62.7|0.00|0.00|43.7098|23.8406
12|39|0|0|3.2|11.6|0|22.5|62.9|0.00|0.00|43.7081|22.7854
12|40|0|0|5.8|11.6|0|22.9|62.9|0.00|0.00|43.7065|22.7854
12|41|0|0|1.6|11.6|0|22.6|62.9|0.00|0.00|43.7083|22.7854
12|42|0|90|4.4|11.6|0|22.6|63.0|0.00|0.00|43.7035|23.621
12|43|0|135|4.4|11.6|0|22.5|62.8|0.00|0.00|43.7037|22.7854
12|44|0|45|1.5|11.6|0|22.8|62.8|0.00|0.00|43.7027|22.7854
12|45|0|225|1.5|11.6|0|22.5|62.9|0.00|0.00|43.7018|22.7854
12|46|0|225|2.9|11.6|0|22.6|63.2|0.00|0.00|43.7009|23.621
12|47|0|270|1.6|11.6|0|22.6|63.4|0.00|0.00|43.7006|23.621
12|49|0|90|1.5|11.6|0|22.6|63.5|0.00|0.00|43.6984|23.621
12|50|0|0|2.9|11.6|0|22.7|63.7|0.00|0.00|43.702|23.621
12|51|0|338|2.9|11.6|0|23.2|63.8|0.00|0.00|43.701|24.6804
12|53|0|270|4.4|11.6|0|22.6|64.1|0.00|0.00|43.699|24.4564
12|54|0|270|2.9|11.6|0|22.3|63.8|0.00|0.00|43.6949|23.621
12|55|0|248|3.2|11.6|0|22.0|64.0|0.00|0.00|43.6965|24.4564
12|56|0|225|2.9|11.6|0|22.2|64.1|0.00|0.00|43.6943|24.4564
12|57|0|225|0.0|11.6|0|22.0|64.2|0.00|0.00|43.6964|24.4564
12|58|0|315|1.6|11.6|0|22.0|64.2|0.00|0.00|43.6947|24.4564
13|00|0|0|5.8|11.6|0|22.4|64.2|0.00|0.00|43.6927|24.4564
13|01|0|0|4.8|11.6|0|22.5|64.3|0.00|0.00|43.6926|24.4564
13|02|0|315|2.9|11.6|0|22.6|64.3|0.00|0.00|43.6921|24.4564
13|03|0|315|4.8|11.6|0|22.5|64.4|0.00|0.00|43.691|24.4564
13|05|0|270|2.9|11.6|0|22.0|64.2|0.00|0.00|43.6894|24.4564
13|06|0|0|2.9|11.6|0|22.4|64.1|0.00|0.00|43.6883|24.4564
13|07|0|225|1.5|11.6|0|22.0|64.2|0.00|0.00|43.6883|24.4564
13|08|0|315|1.6|11.6|0|22.0|64.3|0.00|0.00|43.6868|24.4564
13|09|0|270|1.5|11.6|0|21.7|64.4|0.00|0.00|43.6842|23.349
13|10|0|0|8.7|11.6|0|22.4|64.4|0.00|0.00|43.6808|24.4564
13|11|0|0|6.4|11.6|0|22.8|64.3|0.00|0.00|43.6803|24.4564
13|12|0|0|2.9|11.6|0|22.4|64.2|0.00|0.00|43.6802|24.4564
13|13|0|0|1.6|11.6|0|22.1|64.3|0.00|0.00|43.6797|24.4564
13|14|0|315|3.2|11.6|0|22.0|64.5|0.00|0.00|43.678|24.4564
13|16|0|180|4.4|11.6|0|22.1|64.6|0.00|0.00|43.6755|24.4564
13|18|0|203|4.8|11.6|0|21.9|64.6|0.00|0.00|43.675|23.349
13|20|0|0|1.5|11.6|0|22.1|64.9|0.00|0.00|43.6755|24.4564
13|21|0|90|2.9|11.6|0|22.5|65.1|0.00|0.00|43.6748|25.2914
13|22|0|135|1.5|11.6|0|21.8|65.2|0.00|0.00|43.6738|24.1796
13|23|0|45|2.9|11.6|0|21.6|65.2|0.00|0.00|43.6707|24.1796
13|24|0|45|1.5|11.6|0|21.5|65.3|0.00|0.00|43.6726|24.1796
13|25|0|315|1.5|11.6|0|21.5|65.3|0.00|0.00|43.6688|24.1796
13|26|0|45|3.2|11.6|0|21.5|65.5|0.00|0.00|43.6658|24.1796
13|27|0|0|2.9|11.6|0|21.6|65.4|0.00|0.00|43.6674|24.1796
13|28|0|0|4.4|11.6|0|21.7|65.5|0.00|0.00|43.6649|24.1796
13|29|0|45|4.4|11.6|0|22.0|65.4|0.00|0.00|43.6641|25.2914
13|31|0|45|4.8|11.6|0|21.7|65.3|0.00|0.00|43.6628|24.1796
13|32|0|0|4.4|11.6|0|21.3|65.3|0.00|0.00|43.6643|24.1796
13|33|0|0|4.4|11.6|0|21.8|65.2|0.00|0.00|43.663|24.1796
13|34|0|23|2.9|11.6|0|21.4|65.2|0.00|0.00|43.6631|24.1796
13|35|0|90|1.5|11.6|0|20.9|65.3|0.00|0.00|43.6624|23.0199
13|36|0|180|1.5|11.6|0|20.9|65.4|0.00|0.00|43.6582|23.0199
13|37|0|315|0.0|11.6|0|20.9|65.5|0.00|0.00|43.6563|23.0199
13|38|0|180|7.3|11.6|0|21.1|65.8|0.00|0.00|43.6537|24.1796
13|40|0|180|7.3|11.6|0|20.9|65.9|0.00|0.00|43.653|23.0199
13|41|0|135|3.2|11.6|0|20.6|66.1|0.00|0.00|43.6522|23.8455
13|42|0|248|4.4|11.6|0|20.8|66.3|0.00|0.00|43.6492|23.8455
13|44|0|315|4.4|11.6|0|21.5|66.4|0.00|0.00|43.6438|25.0099
13|45|0|0|4.4|11.6|0|22.2|66.3|0.00|0.00|43.6443|26.1261
13|46|0|0|5.8|11.6|0|21.9|66.4|0.00|0.00|43.6459|25.0099
13|47|0|315|8.7|11.6|0|21.2|66.3|0.00|0.00|43.646|25.0099
13|48|0|225|4.4|11.6|0|21.1|66.4|0.00|0.00|43.6435|25.0099
13|49|0|270|1.6|11.6|0|20.9|66.7|0.00|0.00|43.6452|23.8455
13|50|0|315|4.4|11.6|0|21.2|66.8|0.00|0.00|43.6422|25.0099
13|51|0|315|3.2|11.6|0|20.8|66.8|0.00|0.00|43.6403|23.8455
13|53|0|0|5.8|11.6|0|21.4|66.8|0.00|0.00|43.636|25.0099
13|54|0|315|2.9|11.6|0|21.0|66.8|0.00|0.00|43.6387|25.0099
13|55|0|0|2.9|11.6|0|20.8|66.8|0.00|0.00|43.6371|23.8455
13|57|0|45|5.8|11.6|0|21.0|66.8|0.00|0.00|43.6365|25.0099
13|58|0|45|2.9|11.6|0|20.4|66.4|0.00|0.00|43.6356|23.8455
13|59|0|45|4.4|11.6|0|20.4|66.4|0.00|0.00|43.6341|23.8455
14|00|0|180|0.0|11.6|0|20.1|66.4|0.00|0.00|43.6337|23.8455
14|01|0|90|4.4|11.6|0|20.3|66.3|0.00|0.00|43.6335|23.8455
14|02|0|180|1.5|11.6|0|20.2|66.2|0.00|0.00|43.6307|23.8455
14|03|0|0|3.2|11.6|0|20.6|66.1|0.00|0.00|43.6322|23.8455
14|06|0|270|2.9|11.6|0|21.5|65.8|0.00|0.00|43.6322|24.1796
14|08|0|315|4.4|11.6|0|22.1|65.9|0.00|0.00|43.6322|25.2914
14|09|0|0|10.2|11.6|0|21.6|65.8|0.00|0.00|43.6241|24.1796
14|10|0|315|10.2|11.6|0|22.3|65.6|0.00|0.00|43.6245|25.2914
14|11|0|315|13.1|18.9|315|21.7|65.4|0.00|0.00|43.6282|24.1796
14|12|0|270|4.4|18.9|315|22.2|65.5|0.00|0.00|43.6291|25.2914
14|13|0|270|6.4|18.9|315|22.0|65.5|0.00|0.00|43.6263|25.2914
14|14|0|270|4.4|18.9|315|21.8|65.8|0.00|0.00|43.6231|24.1796
14|15|0|270|3.2|18.9|315|21.4|65.9|0.00|0.00|43.6232|24.1796
14|16|0|248|1.5|18.9|315|22.2|66.1|0.00|0.00|43.6244|26.1261
14|17|0|0|4.4|18.9|315|22.4|66.2|0.00|0.00|43.6204|26.1261
14|18|0|0|4.4|18.9|315|21.3|66.3|0.00|0.00|43.6221|25.0099
14|20|0|270|4.4|18.9|315|21.0|66.4|0.00|0.00|43.6203|25.0099
14|21|0|315|7.3|18.9|315|21.9|66.5|0.00|0.00|43.6193|25.0099
14|22|0|270|5.8|18.9|315|20.6|66.2|0.00|0.00|43.6188|23.8455
14|23|0|270|1.6|18.9|315|20.6|66.5|0.00|0.00|43.6206|23.8455
14|24|0|315|1.5|18.9|315|20.6|66.7|0.00|0.00|43.6206|23.8455
14|25|0|45|4.8|18.9|315|20.4|66.8|0.00|0.00|43.6209|23.8455
14|26|0|45|1.5|18.9|315|19.9|66.8|0.00|0.00|43.6209|22.6284
14|27|0|315|1.6|18.9|315|19.7|66.9|0.00|0.00|43.6191|22.6284
14|28|0|135|3.2|18.9|315|20.1|67.1|0.00|0.00|43.6183|24.6709
14|30|0|90|2.9|18.9|315|19.5|66.8|0.00|0.00|43.614|22.6284
14|31|0|0|1.5|18.9|315|19.8|66.7|0.00|0.00|43.6133|22.6284
14|32|0|135|5.8|18.9|315|20.0|66.7|0.00|0.00|43.6131|23.8455
14|33|0|225|2.9|18.9|315|20.1|66.8|0.00|0.00|43.6097|23.8455
14|34|0|180|2.9|18.9|315|19.9|66.9|0.00|0.00|43.608|22.6284
14|35|0|135|8.1|18.9|315|20.4|66.9|0.00|0.00|43.604|23.8455
14|37|0|180|3.2|18.9|315|20.0|66.9|0.00|0.00|43.6037|23.8455
14|38|0|180|1.5|18.9|315|20.0|67.2|0.00|0.00|43.5993|24.6709
14|39|0|315|0.0|18.9|315|19.8|67.4|0.00|0.00|43.5963|23.449
14|41|0|90|2.9|18.9|315|19.1|67.4|0.00|0.00|43.5957|23.449
14|42|0|90|1.6|18.9|315|19.0|67.6|0.00|0.00|43.5945|23.449
14|43|0|180|1.5|18.9|315|19.3|67.6|0.00|0.00|43.594|23.449
14|44|0|45|4.4|18.9|315|19.7|67.6|0.00|0.00|43.5943|23.449
14|45|0|45|2.9|18.9|315|19.3|67.6|0.00|0.00|43.592|23.449
14|48|0|0|0.0|18.9|315|19.2|67.7|0.00|0.00|43.5927|23.449
14|49|0|90|4.8|18.9|315|19.0|67.8|0.00|0.00|43.5938|23.449
14|50|0|0|1.5|18.9|315|18.8|67.7|0.00|0.00|43.5893|22.1687
14|51|0|135|1.6|18.9|315|18.8|67.8|0.00|0.00|43.5879|22.1687
14|52|0|225|1.5|18.9|315|18.8|67.7|0.00|0.00|43.5853|22.1687
14|54|0|45|1.6|18.9|315|19.3|67.9|0.00|0.00|43.5825|23.449
14|56|0|135|7.3|18.9|315|19.1|68.1|0.00|0.00|43.5835|24.2692
14|57|0|135|4.4|18.9|315|18.6|68.0|0.00|0.00|43.58|22.9839
14|58|0|113|4.4|18.9|315|18.6|67.7|0.00|0.00|43.5779|22.1687
14|59|0|68|4.8|18.9|315|18.7|67.3|0.00|0.00|43.5725|22.1687
15|01|0|180|2.9|18.9|315|19.4|67.6|0.00|0.00|43.5743|23.449
15|03|0|180|2.9|18.9|315|19.4|68.0|0.00|0.00|43.5767|24.2692
15|04|0|180|4.4|18.9|315|19.1|68.2|0.00|0.00|43.5783|24.2692
15|05|0|135|4.4|18.9|315|19.1|68.5|0.00|0.00|43.5781|24.2692
15|06|0|45|4.4|18.9|315|18.8|68.7|0.00|0.00|43.5789|22.9839
15|07|0|0|10.2|18.9|315|19.0|68.6|0.00|0.00|43.5751|24.2692
15|08|0|45|8.7|18.9|315|18.3|68.5|0.00|0.00|43.5535|22.9839
15|09|0|225|11.6|29.0|180|19.1|68.2|0.00|0.00|43.5701|24.2692
15|10|0|225|4.4|29.0|180|19.0|68.6|0.00|0.00|43.5782|24.2692
15|11|0|135|4.4|29.0|180|18.4|68.8|0.00|0.00|43.5782|22.9839
15|12|0|315|10.2|29.0|180|18.3|68.8|0.00|0.00|43.5733|22.9839
15|13|0|315|4.8|29.0|180|17.8|68.7|0.00|0.00|43.5731|21.6336
15|14|0|315|4.4|29.0|180|17.8|68.7|0.00|0.00|43.5717|21.6336
15|16|0|270|5.8|29.0|180|18.5|68.8|0.00|0.00|43.5686|22.9839
15|17|0|315|5.8|29.0|180|18.6|68.8|0.00|0.00|43.5671|22.9839
15|18|0|315|8.7|29.0|180|18.2|68.5|0.00|0.00|43.5645|22.9839
15|19|0|315|10.2|29.0|180|18.3|68.5|0.00|0.00|43.5637|22.9839
15|20|0|315|6.4|29.0|180|18.9|68.5|0.00|0.00|43.565|22.9839
15|21|0|270|2.9|29.0|180|18.4|68.3|0.00|0.00|43.5639|22.9839
15|22|0|315|5.8|29.0|180|18.5|68.3|0.00|0.00|43.5621|22.9839
15|23|0|270|7.3|29.0|180|19.1|68.2|0.00|0.00|43.5616|24.2692
15|24|0|315|6.4|29.0|180|18.8|67.9|0.00|0.00|43.559|22.1687
15|25|0|315|11.6|29.0|180|19.0|67.6|0.00|0.00|43.553|23.449
15|26|0|315|5.8|29.0|180|19.3|67.4|0.00|0.00|43.5549|23.449
15|27|0|315|5.8|29.0|180|19.0|67.4|0.00|0.00|43.5536|23.449
15|28|0|315|10.2|29.0|180|19.9|67.4|0.00|0.00|43.5486|23.449
15|29|0|315|11.6|29.0|180|19.1|67.1|0.00|0.00|43.5461|23.449
15|31|0|315|10.2|29.0|180|18.8|66.3|0.00|0.00|43.5463|21.3531
15|33|0|270|12.9|29.0|180|19.0|66.2|0.00|0.00|43.5488|22.6284
15|34|0|315|8.7|29.0|180|18.9|66.0|0.00|0.00|43.5494|21.3531
15|35|0|315|9.7|29.0|180|19.1|66.0|0.00|0.00|43.5498|22.6284
15|36|0|315|8.7|29.0|180|19.3|66.1|0.00|0.00|43.5477|22.6284
15|37|0|315|11.6|29.0|180|19.7|66.2|0.00|0.00|43.5441|22.6284
15|38|0|315|13.1|29.0|180|19.7|66.1|0.00|0.00|43.5453|22.6284
15|39|0|315|13.1|29.0|180|19.2|66.1|0.00|0.00|43.5394|22.6284
15|41|0|315|12.9|29.0|180|19.6|66.3|0.00|0.00|43.5425|22.6284
15|42|0|315|14.5|29.0|180|20.0|66.5|0.00|0.00|43.5383|23.8455
15|43|0|270|7.3|29.0|180|19.0|66.4|0.00|0.00|43.5415|22.6284
15|44|0|315|14.5|29.0|180|18.8|66.2|0.00|0.00|43.5446|21.3531
15|45|0|315|5.8|29.0|180|18.3|66.4|0.00|0.00|43.5422|21.3531
15|46|0|315|5.8|29.0|180|18.8|66.3|0.00|0.00|43.5423|21.3531
15|48|0|225|7.3|29.0|180|18.5|66.5|0.00|0.00|43.5418|21.3531
15|50|0|270|8.7|29.0|180|18.4|66.9|0.00|0.00|43.5436|21.3531
15|52|0|0|4.4|29.0|180|18.2|67.1|0.00|0.00|43.543|22.1687
15|53|0|315|13.1|29.0|180|18.7|67.0|0.00|0.00|43.537|22.1687
15|54|0|270|13.1|29.0|180|19.0|66.7|0.00|0.00|43.5381|22.6284
15|55|0|270|13.1|29.0|180|18.9|66.8|0.00|0.00|43.5406|21.3531
15|56|0|315|11.3|29.0|180|19.1|66.7|0.00|0.00|43.5375|22.6284
15|57|0|315|7.3|29.0|180|18.5|66.5|0.00|0.00|43.5363|21.3531
15|58|0|315|9.7|29.0|180|19.3|66.7|0.00|0.00|43.5384|22.6284
16|00|0|315|7.3|29.0|180|19.5|66.7|0.00|0.00|43.5383|22.6284
16|02|0|315|5.8|29.0|180|19.5|66.9|0.00|0.00|43.5402|22.6284
16|03|0|270|2.9|29.0|180|18.8|67.2|0.00|0.00|43.5404|22.1687
16|04|0|315|9.7|29.0|180|19.0|67.4|0.00|0.00|43.54|23.449
16|05|0|315|11.6|29.0|180|19.1|67.2|0.00|0.00|43.5405|23.449
16|06|0|315|7.3|29.0|180|19.0|67.3|0.00|0.00|43.5424|23.449
16|07|0|315|10.2|29.0|180|19.1|67.2|0.00|0.00|43.5395|23.449
16|08|0|315|6.4|29.0|180|19.1|67.2|0.00|0.00|43.5407|23.449
16|10|0|315|13.1|29.0|180|19.2|67.2|0.00|0.00|43.5353|23.449
16|11|0|315|12.9|29.0|180|18.8|67.0|0.00|0.00|43.5346|22.1687
16|12|0|315|8.7|29.0|180|18.8|67.0|0.00|0.00|43.5383|22.1687
16|14|0|315|4.8|29.0|180|18.8|67.1|0.00|0.00|43.5372|22.1687
16|15|0|315|11.3|29.0|180|18.8|67.0|0.00|0.00|43.5357|22.1687
16|16|0|270|7.3|29.0|180|18.7|66.7|0.00|0.00|43.5335|21.3531
16|17|0|315|7.3|29.0|180|19.1|66.7|0.00|0.00|43.5317|22.6284
16|18|0|315|14.5|29.0|180|19.2|66.5|0.00|0.00|43.5288|22.6284
16|20|0|315|10.2|29.0|180|19.2|66.4|0.00|0.00|43.5329|22.6284
16|21|0|315|7.3|29.0|180|19.3|66.5|0.00|0.00|43.5331|22.6284
16|22|0|270|5.8|29.0|180|19.3|66.5|0.00|0.00|43.5315|22.6284
16|23|0|315|13.1|29.0|180|19.6|66.7|0.00|0.00|43.5318|22.6284
16|24|0|315|9.7|29.0|180|19.3|66.7|0.00|0.00|43.5359|22.6284
16|25|0|270|10.2|29.0|180|19.1|66.7|0.00|0.00|43.5373|22.6284
16|26|0|270|6.4|29.0|180|19.2|66.5|0.00|0.00|43.5362|22.6284
16|27|0|270|10.2|29.0|180|19.6|66.3|0.00|0.00|43.532|22.6284
16|28|0|270|7.3|29.0|180|19.7|66.4|0.00|0.00|43.5343|22.6284
16|29|0|270|4.4|29.0|180|19.2|66.7|0.00|0.00|43.5318|22.6284
16|30|0|270|8.7|29.0|180|19.3|66.8|0.00|0.00|43.5328|22.6284
16|31|0|270|13.1|29.0|180|19.2|66.5|0.00|0.00|43.5305|22.6284
16|32|0|90|4.8|29.0|180|19.2|66.3|0.00|0.00|43.5326|22.6284
16|33|0|270|10.2|29.0|180|18.9|66.4|0.00|0.00|43.5342|21.3531
16|35|0|270|5.8|29.0|180|19.0|66.4|0.00|0.00|43.5301|22.6284
16|36|0|315|4.8|29.0|180|19.2|66.5|0.00|0.00|43.5298|22.6284
16|37|0|270|8.7|29.0|180|19.1|66.4|0.00|0.00|43.5305|22.6284
16|38|0|315|11.3|29.0|180|19.3|66.4|0.00|0.00|43.5289|22.6284
16|40|0|315|5.8|29.0|180|19.6|66.5|0.00|0.00|43.5304|22.6284
16|42|0|225|9.7|29.0|180|18.9|66.2|0.00|0.00|43.5308|21.3531
16|43|0|270|10.2|29.0|180|18.5|66.2|0.00|0.00|43.531|21.3531
16|44|0|225|5.8|29.0|180|18.5|66.4|0.00|0.00|43.5311|21.3531
16|45|0|270|9.7|29.0|180|18.4|66.4|0.00|0.00|43.5313|21.3531
16|47|0|270|11.6|29.0|180|18.5|66.3|0.00|0.00|43.536|21.3531
16|48|0|135|4.8|29.0|180|18.5|66.3|0.00|0.00|43.533|21.3531
16|49|0|270|10.2|29.0|180|18.6|66.3|0.00|0.00|43.5318|21.3531
16|50|0|270|14.5|29.0|180|18.6|66.0|0.00|0.00|43.5265|21.3531
16|51|0|270|13.1|29.0|180|18.5|65.9|0.00|0.00|43.535|20.5372
16|52|0|270|10.2|29.0|180|18.6|65.8|0.00|0.00|43.5392|20.5372
16|53|0|315|7.3|29.0|180|18.6|65.8|0.00|0.00|43.5351|20.5372
16|54|0|315|6.4|29.0|180|18.4|65.5|0.00|0.00|43.5373|20.5372
16|55|0|270|7.3|29.0|180|18.3|65.6|0.00|0.00|43.5363|20.5372
16|56|0|270|7.3|29.0|180|18.2|65.8|0.00|0.00|43.5355|20.5372
16|57|0|315|5.8|29.0|180|18.1|66.0|0.00|0.00|43.5329|21.3531
16|58|0|270|7.3|29.0|180|18.0|66.0|0.00|0.00|43.5343|21.3531
16|59|0|225|8.7|29.0|180|18.1|66.1|0.00|0.00|43.5304|21.3531
17|00|0|225|4.8|29.0|180|18.1|66.2|0.00|0.00|43.5294|21.3531
17|01|0|203|5.8|29.0|180|18.0|66.3|0.00|0.00|43.5333|21.3531
17|03|0|225|1.6|29.0|180|18.1|66.2|0.00|0.00|43.5329|21.3531
17|04|0|270|13.1|29.0|180|18.2|66.1|0.00|0.00|43.5281|21.3531
17|05|0|270|7.3|29.0|180|18.5|66.0|0.00|0.00|43.5288|21.3531
17|06|0|315|6.4|29.0|180|18.6|66.0|0.00|0.00|43.5248|21.3531
17|07|0|270|7.3|29.0|180|18.8|65.9|0.00|0.00|43.522|20.5372
17|08|0|270|5.8|29.0|180|18.6|65.8|0.00|0.00|43.5207|20.5372
17|09|0|225|7.3|29.0|180|18.7|66.1|0.00|0.00|43.5166|21.3531
17|10|0|270|2.9|29.0|180|18.6|66.4|0.00|0.00|43.5192|21.3531
17|11|0|270|9.7|29.0|180|18.4|66.5|0.00|0.00|43.5192|21.3531
17|12|0|315|7.3|29.0|180|18.1|66.9|0.00|0.00|43.5174|21.3531
17|13|0|225|10.2|29.0|180|18.3|67.1|0.00|0.00|43.5187|22.1687
17|14|0|225|4.4|29.0|180|18.0|67.4|0.00|0.00|43.5223|22.1687
17|15|0|225|2.9|29.0|180|18.2|67.7|0.00|0.00|43.5232|22.1687
17|16|0|180|8.7|29.0|180|18.3|68.0|0.00|0.00|43.5217|22.9839
17|17|0|225|1.6|29.0|180|17.8|68.3|0.00|0.00|43.5217|21.6336
17|18|0|225|2.9|29.0|180|17.7|68.7|0.00|0.00|43.5215|21.6336
17|19|0|225|7.3|29.0|180|17.5|68.9|0.00|0.00|43.524|21.6336
17|20|0|225|5.8|29.0|180|17.6|69.1|0.00|0.00|43.5272|22.4433
17|21|0|270|4.4|29.0|180|17.4|69.5|0.00|0.00|43.5315|22.4433
17|24|0|315|11.6|29.0|180|17.1|69.5|0.00|0.00|43.5288|22.4433
17|25|0|270|6.4|29.0|180|17.5|69.2|0.00|0.00|43.5297|22.4433
17|26|0|225|8.7|29.0|180|17.5|69.0|0.00|0.00|43.5262|22.4433
17|27|0|315|5.8|29.0|180|17.2|69.0|0.00|0.00|43.5288|22.4433
17|29|0|270|10.2|29.0|180|17.1|68.6|0.00|0.00|43.5227|21.6336
17|30|0|270|8.7|29.0|180|17.0|68.3|0.00|0.00|43.5209|21.6336
17|31|0|248|10.2|29.0|180|17.0|68.1|0.00|0.00|43.52|21.6336
17|32|0|270|5.8|29.0|180|17.3|68.0|0.00|0.00|43.5199|21.6336
17|33|0|270|13.1|29.0|180|17.4|67.7|0.00|0.00|43.5184|20.8237
17|34|0|315|8.7|29.0|180|17.8|67.4|0.00|0.00|43.5229|20.8237
17|35|0|270|14.5|29.0|180|17.6|67.1|0.00|0.00|43.5179|20.8237
17|36|0|225|4.4|29.0|180|17.7|66.9|0.00|0.00|43.5258|20.0133
17|38|0|270|7.3|29.0|180|17.7|66.7|0.00|0.00|43.5255|20.0133
17|39|0|315|11.3|29.0|180|18.2|66.4|0.00|0.00|43.522|21.3531
17|40|0|225|2.9|29.0|180|18.5|66.2|0.00|0.00|43.5232|21.3531
17|41|0|270|19.3|29.0|180|18.3|66.1|0.00|0.00|43.5231|21.3531
17|42|0|225|10.2|29.0|180|18.2|65.9|0.00|0.00|43.5226|20.5372
17|43|0|270|4.4|29.0|180|18.2|65.8|0.00|0.00|43.5273|20.5372
17|45|0|225|17.5|29.0|180|18.7|65.5|0.00|0.00|43.5295|20.5372
17|46|0|270|16.1|29.0|180|18.5|65.3|0.00|0.00|43.5282|20.5372
17|47|0|315|17.5|29.0|180|18.5|64.7|0.00|0.00|43.5269|19.721
17|48|0|315|4.4|29.0|180|18.8|64.6|0.00|0.00|43.5295|19.721
17|50|0|225|14.5|29.0|180|18.8|64.3|0.00|0.00|43.5281|19.721
17|52|0|248|2.9|29.0|180|19.0|64.3|0.00|0.00|43.5329|20.9863
17|53|0|225|7.3|29.0|180|19.0|64.3|0.00|0.00|43.5302|20.9863
17|54|0|270|11.6|29.0|180|19.0|64.2|0.00|0.00|43.527|20.9863
17|55|0|270|3.2|29.0|180|19.2|64.2|0.00|0.00|43.5312|20.9863
17|56|0|270|10.2|29.0|180|19.1|64.2|0.00|0.00|43.5247|20.9863
17|57|0|270|7.3|29.0|180|19.1|64.2|0.00|0.00|43.5287|20.9863
17|58|0|270|4.4|29.0|180|19.1|64.2|0.00|0.00|43.5274|20.9863
17|59|0|270|5.8|29.0|180|19.1|64.2|0.00|0.00|43.5299|20.9863
18|00|0|225|3.2|29.0|180|19.1|64.3|0.00|0.00|43.5317|20.9863
18|01|0|270|7.3|29.0|180|19.0|64.3|0.00|0.00|43.5331|20.9863
18|02|0|270|5.8|29.0|180|19.1|64.3|0.00|0.00|43.531|20.9863
18|03|0|248|8.7|29.0|180|19.2|64.3|0.00|0.00|43.5313|20.9863
18|04|0|270|5.8|29.0|180|18.8|64.2|0.00|0.00|43.5299|19.721
18|05|0|315|7.3|29.0|180|19.0|64.3|0.00|0.00|43.5269|20.9863
18|07|0|270|5.8|29.0|180|19.2|64.4|0.00|0.00|43.5259|20.9863
18|08|0|315|10.2|29.0|180|19.0|64.3|0.00|0.00|43.5234|20.9863
18|09|0|270|2.9|29.0|180|18.9|64.3|0.00|0.00|43.5279|19.721
18|11|0|270|4.4|29.0|180|19.0|64.3|0.00|0.00|43.5257|20.9863
18|12|0|270|5.8|29.0|180|18.9|64.3|0.00|0.00|43.524|19.721
18|13|0|180|3.2|29.0|180|18.9|64.4|0.00|0.00|43.5256|19.721
18|14|0|135|2.9|29.0|180|19.0|64.4|0.00|0.00|43.5218|20.9863
18|15|0|225|4.4|29.0|180|19.1|64.5|0.00|0.00|43.5233|20.9863
18|16|0|270|8.7|29.0|180|18.8|64.4|0.00|0.00|43.5174|19.721
18|17|0|225|8.1|29.0|180|18.9|64.4|0.00|0.00|43.5226|19.721
18|18|0|270|2.9|29.0|180|19.0|64.5|0.00|0.00|43.5234|20.9863
18|19|0|315|4.4|29.0|180|18.8|64.4|0.00|0.00|43.5246|19.721
18|20|0|225|3.2|29.0|180|18.8|64.4|0.00|0.00|43.5247|19.721
18|21|0|225|10.2|29.0|180|18.7|64.4|0.00|0.00|43.5247|19.721
18|22|0|270|1.6|29.0|180|18.7|64.4|0.00|0.00|43.5238|19.721
18|23|0|270|5.8|29.0|180|18.8|64.3|0.00|0.00|43.5226|19.721
18|25|0|225|5.8|29.0|180|18.8|64.3|0.00|0.00|43.5234|19.721
18|26|0|270|5.8|29.0|180|18.8|64.3|0.00|0.00|43.5222|19.721
18|27|0|270|5.8|29.0|180|18.6|64.2|0.00|0.00|43.5199|19.721
18|28|0|248|5.8|29.0|180|18.6|64.2|0.00|0.00|43.521|19.721
18|29|0|180|1.6|29.0|180|18.7|64.2|0.00|0.00|43.5195|19.721
18|31|0|225|2.9|29.0|180|18.8|64.2|0.00|0.00|43.5203|19.721
18|32|0|270|3.2|29.0|180|18.8|64.2|0.00|0.00|43.5192|19.721
18|33|0|225|1.6|29.0|180|18.9|64.1|0.00|0.00|43.5213|19.721
18|34|0|270|8.7|29.0|180|18.7|64.1|0.00|0.00|43.5151|19.721
18|35|0|225|5.8|29.0|180|18.8|64.0|0.00|0.00|43.5188|19.721
18|37|0|203|1.5|29.0|180|18.8|64.0|0.00|0.00|43.5207|19.721
18|39|0|270|2.9|29.0|180|18.8|64.1|0.00|0.00|43.5191|19.721
18|40|0|270|1.5|29.0|180|18.7|64.1|0.00|0.00|43.5208|19.721
18|41|0|270|3.2|29.0|180|18.7|64.0|0.00|0.00|43.5155|19.721
18|42|0|315|4.8|29.0|180|18.9|64.0|0.00|0.00|43.5222|19.721
18|44|0|270|11.3|29.0|180|19.0|63.7|0.00|0.00|43.5168|20.1647
18|45|0|270|4.4|29.0|180|18.8|63.7|0.00|0.00|43.5202|18.9044
18|46|0|270|4.4|29.0|180|18.9|63.6|0.00|0.00|43.5243|18.9044
18|47|0|270|4.4|29.0|180|18.9|63.6|0.00|0.00|43.5236|18.9044
18|48|0|270|2.9|29.0|180|18.9|63.5|0.00|0.00|43.523|18.9044
18|49|0|315|2.9|29.0|180|19.0|63.6|0.00|0.00|43.5283|20.1647
18|50|0|225|0.0|29.0|180|19.3|63.5|0.00|0.00|43.5259|20.1647
18|51|0|225|4.4|29.0|180|19.2|63.5|0.00|0.00|43.524|20.1647
18|52|0|315|2.9|29.0|180|19.1|63.5|0.00|0.00|43.5213|20.1647
18|53|0|315|4.4|29.0|180|19.3|63.4|0.00|0.00|43.5184|20.1647
18|55|0|0|1.5|29.0|180|19.5|63.5|0.00|0.00|43.5204|20.1647
18|56|0|225|3.2|29.0|180|19.2|63.5|0.00|0.00|43.5211|20.1647
18|57|0|203|5.8|29.0|180|19.2|63.4|0.00|0.00|43.52|20.1647
18|58|0|225|2.9|29.0|180|19.1|63.4|0.00|0.00|43.5198|20.1647
19|01|0|225|6.4|29.0|180|19.1|63.2|0.00|0.00|43.5202|20.1647
19|02|0|180|1.5|29.0|180|19.1|63.2|0.00|0.00|43.5209|20.1647
19|03|0|225|7.3|29.0|180|19.2|63.2|0.00|0.00|43.5207|20.1647
19|04|0|270|6.4|29.0|180|19.3|63.0|0.00|0.00|43.5225|20.1647
19|05|0|270|4.4|29.0|180|19.2|62.9|0.00|0.00|43.5195|19.3428
19|06|0|225|2.9|29.0|180|19.4|62.9|0.00|0.00|43.5197|19.3428
19|07|0|270|8.1|29.0|180|19.5|62.9|0.00|0.00|43.5208|19.3428
19|08|0|225|3.2|29.0|180|19.4|62.9|0.00|0.00|43.5191|19.3428
19|09|0|315|1.5|29.0|180|19.5|62.8|0.00|0.00|43.5179|19.3428
19|10|0|315|1.6|29.0|180|19.6|62.8|0.00|0.00|43.519|19.3428
19|12|0|180|4.4|29.0|180|19.6|62.7|0.00|0.00|43.5177|19.3428
19|14|0|270|4.8|29.0|180|19.6|62.7|0.00|0.00|43.5194|19.3428
19|15|0|225|3.2|29.0|180|19.7|62.6|0.00|0.00|43.5197|19.3428
19|16|0|225|2.9|29.0|180|19.7|62.5|0.00|0.00|43.5182|19.3428
19|17|0|225|1.5|29.0|180|19.7|62.6|0.00|0.00|43.5208|19.3428
19|18|0|270|4.4|29.0|180|19.7|62.6|0.00|0.00|43.5195|19.3428
19|19|0|225|3.2|29.0|180|19.7|62.5|0.00|0.00|43.5203|19.3428
19|20|0|225|7.3|29.0|180|19.8|62.5|0.00|0.00|43.5214|19.3428
19|22|0|225|2.9|29.0|180|19.8|62.4|0.00|0.00|43.5204|19.3428
19|23|0|225|0.0|29.0|180|19.8|62.4|0.00|0.00|43.5202|19.3428
19|24|0|270|4.8|29.0|180|19.9|62.4|0.00|0.00|43.5224|19.3428
19|25|0|225|4.4|29.0|180|19.9|62.3|0.00|0.00|43.5214|19.3428
19|27|0|225|3.2|29.0|180|20.0|62.2|0.00|0.00|43.5229|20.5408
19|28|0|270|4.4|29.0|180|20.0|62.0|0.00|0.00|43.5226|20.5408
19|29|0|270|5.8|29.0|180|20.1|61.9|0.00|0.00|43.523|19.7138
19|30|0|315|4.8|29.0|180|20.1|61.9|0.00|0.00|43.5217|19.7138
19|32|0|225|2.9|29.0|180|20.2|61.8|0.00|0.00|43.524|19.7138
19|34|0|270|1.5|29.0|180|20.2|61.7|0.00|0.00|43.5248|19.7138
19|35|0|225|6.4|29.0|180|20.3|61.8|0.00|0.00|43.5254|19.7138
19|36|0|90|0.0|29.0|180|20.3|61.8|0.00|0.00|43.5238|19.7138
19|37|0|270|1.5|29.0|180|20.3|61.8|0.00|0.00|43.5235|19.7138
19|38|0|180|0.0|29.0|180|20.3|61.8|0.00|0.00|43.5242|19.7138
19|39|0|225|2.9|29.0|180|20.3|61.7|0.00|0.00|43.524|19.7138
19|40|0|248|1.5|29.0|180|20.4|61.7|0.00|0.00|43.5249|19.7138
19|41|0|225|2.9|29.0|180|20.4|61.7|0.00|0.00|43.5257|19.7138
19|42|0|225|2.9|29.0|180|20.4|61.6|0.00|0.00|43.5266|19.7138
19|43|0|225|3.2|29.0|180|20.6|61.6|0.00|0.00|43.5269|19.7138
19|46|0|180|1.5|29.0|180|20.6|61.6|0.00|0.00|43.5275|19.7138
19|47|0|225|0.0|29.0|180|20.7|61.5|0.00|0.00|43.5283|19.7138
19|48|0|225|0.0|29.0|180|20.6|61.5|0.00|0.00|43.5264|19.7138
19|49|0|90|1.6|29.0|180|20.7|61.4|0.00|0.00|43.5275|19.7138
19|50|0|225|0.0|29.0|180|20.8|61.4|0.00|0.00|43.5279|19.7138
19|51|0|248|0.0|29.0|180|20.8|61.2|0.00|0.00|43.5274|19.7138
19|53|0|248|0.0|29.0|180|20.8|61.1|0.00|0.00|43.5272|19.7138
19|54|0|225|0.0|29.0|180|20.8|61.1|0.00|0.00|43.5283|19.7138
19|55|0|180|1.5|29.0|180|20.9|61.0|0.00|0.00|43.5278|19.7138
19|56|0|225|0.0|29.0|180|21.0|61.0|0.00|0.00|43.5291|20.8552
19|58|0|225|0.0|29.0|180|21.1|60.8|0.00|0.00|43.529|20.0234
19|59|0|225|0.0|29.0|180|21.3|60.8|0.00|0.00|43.5283|20.0234
20|00|0|225|0.0|29.0|180|21.2|60.7|0.00|0.00|43.5302|20.0234
20|02|0|225|0.0|29.0|180|21.2|60.7|0.00|0.00|43.529|20.0234
20|03|0|45|0.0|29.0|180|21.2|60.6|0.00|0.00|43.5276|20.0234
20|04|0|45|0.0|29.0|180|21.3|60.5|0.00|0.00|43.5282|20.0234
20|05|0|45|0.0|29.0|180|21.3|60.5|0.00|0.00|43.5307|20.0234
20|06|0|0|1.5|29.0|180|21.5|60.3|0.00|0.00|43.5291|20.0234
20|07|0|0|0.0|29.0|180|22.0|60.3|0.00|0.00|43.5278|21.1132
20|08|0|0|1.5|29.0|180|22.0|60.2|0.00|0.00|43.5294|21.1132
20|09|0|0|1.6|29.0|180|21.9|60.1|0.00|0.00|43.5276|20.0234
20|10|0|0|2.9|29.0|180|21.9|60.0|0.00|0.00|43.528|20.0234
20|11|0|0|0.0|29.0|180|22.0|59.9|0.00|0.00|43.5322|20.2766
20|12|0|0|1.5|29.0|180|21.9|59.7|0.00|0.00|43.5331|19.1912
20|13|0|0|0.0|29.0|180|21.9|59.6|0.00|0.00|43.5357|19.1912
20|14|0|0|0.0|29.0|180|22.0|59.5|0.00|0.00|43.5373|20.2766
20|16|0|0|0.0|29.0|180|22.3|59.5|0.00|0.00|43.5398|20.2766
20|17|0|0|1.6|29.0|180|22.3|59.3|0.00|0.00|43.5391|20.2766
20|18|0|0|1.5|29.0|180|22.2|59.2|0.00|0.00|43.5426|20.2766
20|19|0|225|0.0|29.0|180|22.3|59.1|0.00|0.00|43.5424|20.2766
20|20|0|225|1.5|29.0|180|22.4|59.1|0.00|0.00|43.5443|20.2766
20|21|0|225|0.0|29.0|180|22.5|59.0|0.00|0.00|43.5456|20.2766
20|22|0|0|1.6|29.0|180|22.6|59.0|0.00|0.00|43.5464|20.2766
20|23|0|0|0.0|29.0|180|22.7|59.0|0.00|0.00|43.5497|20.2766
20|24|0|0|0.0|29.0|180|22.7|58.9|0.00|0.00|43.5488|19.4397
20|25|0|0|1.6|29.0|180|22.8|58.9|0.00|0.00|43.5492|19.4397
20|26|0|270|0.0|29.0|180|22.8|58.8|0.00|0.00|43.5501|19.4397
20|27|0|270|1.5|29.0|180|22.7|58.8|0.00|0.00|43.5494|19.4397
20|28|0|315|1.5|29.0|180|22.8|58.7|0.00|0.00|43.548|19.4397
20|29|0|315|1.5|29.0|180|23.0|58.7|0.00|0.00|43.5486|20.478
20|30|0|0|3.2|29.0|180|23.4|58.5|0.00|0.00|43.5493|20.478
20|31|0|315|1.6|29.0|180|23.4|58.4|0.00|0.00|43.5503|20.478
20|33|0|315|1.5|29.0|180|23.4|58.4|0.00|0.00|43.5515|20.478
20|34|0|315|1.6|29.0|180|23.5|58.3|0.00|0.00|43.5503|20.478
20|35|0|315|1.6|29.0|180|23.4|58.3|0.00|0.00|43.549|20.478
20|36|0|0|1.5|29.0|180|23.7|58.2|0.00|0.00|43.5495|20.478
20|37|0|0|1.5|29.0|180|23.9|58.1|0.00|0.00|43.5502|20.478
20|39|0|315|2.9|29.0|180|23.7|57.9|0.00|0.00|43.5482|19.6366
20|40|0|0|0.0|29.0|180|24.1|57.8|0.00|0.00|43.5505|20.6316
20|41|0|270|1.6|29.0|180|24.1|57.8|0.00|0.00|43.5509|20.6316
20|42|0|270|1.5|29.0|180|24.2|57.7|0.00|0.00|43.5522|20.6316
20|44|0|270|1.5|29.0|180|24.0|57.4|0.00|0.00|43.5543|20.6316
20|45|0|270|1.5|29.0|180|24.0|57.4|0.00|0.00|43.5563|20.6316
20|47|0|270|1.6|29.0|180|24.1|57.3|0.00|0.00|43.556|20.6316
20|48|0|270|1.6|29.0|180|24.0|57.3|0.00|0.00|43.5558|20.6316
20|49|0|270|2.9|29.0|180|24.1|57.3|0.00|0.00|43.5575|20.6316
20|50|0|315|0.0|29.0|180|24.1|57.3|0.00|0.00|43.557|20.6316
20|51|0|270|1.5|29.0|180|24.2|57.3|0.00|0.00|43.5563|20.6316
20|52|0|338|0.0|29.0|180|24.1|57.3|0.00|0.00|43.5565|20.6316
20|53|0|338|1.6|29.0|180|24.2|57.3|0.00|0.00|43.5578|20.6316
20|54|0|0|1.5|29.0|180|24.7|57.2|0.00|0.00|43.5551|20.6316
20|55|0|0|1.5|29.0|180|24.8|57.2|0.00|0.00|43.557|20.6316
20|56|0|0|1.6|29.0|180|25.2|57.1|0.00|0.00|43.5573|21.5904
20|57|0|0|1.5|29.0|180|25.1|57.1|0.00|0.00|43.5579|21.5904
20|58|0|0|1.5|29.0|180|24.8|57.0|0.00|0.00|43.5583|20.6316
20|59|0|0|1.6|29.0|180|24.6|56.9|0.00|0.00|43.5577|19.7858
21|01|0|0|1.5|29.0|180|24.5|56.7|0.00|0.00|43.5601|19.7858
21|02|0|0|1.6|29.0|180|24.5|56.7|0.00|0.00|43.5602|19.7858
21|03|0|0|1.5|29.0|180|24.6|56.6|0.00|0.00|43.5609|19.7858
21|04|0|0|1.5|29.0|180|24.9|56.5|0.00|0.00|43.5594|19.7858
21|05|0|0|0.0|29.0|180|25.1|56.5|0.00|0.00|43.5594|20.7408
21|06|0|0|0.0|29.0|180|25.6|56.5|0.00|0.00|43.5599|20.7408
21|07|0|0|1.5|29.0|180|26.8|56.4|0.00|0.00|43.5578|21.6624
21|08|0|90|1.6|29.0|180|27.4|56.4|0.00|0.00|43.5574|22.5531
21|09|0|90|1.6|29.0|180|26.8|56.4|0.00|0.00|43.5582|21.6624
21|10|0|90|1.5|29.0|180|26.2|56.3|0.00|0.00|43.5588|21.6624
21|11|0|90|1.6|29.0|180|26.2|56.3|0.00|0.00|43.5575|21.6624
21|12|0|90|1.5|29.0|180|26.3|56.2|0.00|0.00|43.5579|21.6624
21|13|0|90|1.5|29.0|180|25.8|56.2|0.00|0.00|43.5589|20.7408
21|15|0|90|1.5|29.0|180|25.5|56.1|0.00|0.00|43.5594|20.7408
21|16|0|45|0.0|29.0|180|25.6|56.1|0.00|0.00|43.5594|20.7408
21|17|0|45|0.0|29.0|180|25.5|56.1|0.00|0.00|43.5594|20.7408
21|18|0|45|0.0|29.0|180|25.5|56.1|0.00|0.00|43.5614|20.7408
21|19|0|45|1.5|29.0|180|25.8|56.1|0.00|0.00|43.5615|20.7408
21|20|0|45|1.6|29.0|180|26.1|56.0|0.00|0.00|43.5611|21.6624
21|21|0|45|1.5|29.0|180|26.4|55.8|0.00|0.00|43.5605|20.8087
21|22|0|45|2.9|29.0|180|25.9|55.7|0.00|0.00|43.5592|19.8908
21|23|0|90|2.9|29.0|180|26.2|55.6|0.00|0.00|43.5585|20.8087
21|26|0|90|1.6|29.0|180|28.5|55.3|0.00|0.00|43.5662|22.5541
21|28|0|135|1.5|29.0|180|28.8|55.1|0.00|0.00|43.5664|22.5541
21|29|0|225|1.6|29.0|180|28.7|55.0|0.00|0.00|43.5684|22.5541
21|30|0|180|2.9|29.0|180|28.5|54.8|0.00|0.00|43.5678|21.6929
21|31|0|180|1.5|29.0|180|28.2|54.7|0.00|0.00|43.5681|21.6929
21|32|0|180|0.0|29.0|180|28.0|54.5|0.00|0.00|43.5671|21.6929
21|35|0|180|0.0|29.0|180|27.8|54.4|0.00|0.00|43.5676|20.8381
21|36|0|180|1.6|29.0|180|27.9|54.3|0.00|0.00|43.5673|20.8381
21|37|0|180|1.5|29.0|180|27.8|54.2|0.00|0.00|43.5692|20.8381
21|38|0|180|1.5|29.0|180|27.5|54.2|0.00|0.00|43.5712|20.8381
21|39|0|90|0.0|29.0|180|27.4|54.2|0.00|0.00|43.5717|20.8381
21|40|0|90|1.5|29.0|180|27.5|54.2|0.00|0.00|43.5742|20.8381
21|42|0|90|0.0|29.0|180|27.6|54.2|0.00|0.00|43.5753|20.8381
21|43|0|90|0.0|29.0|180|27.8|54.2|0.00|0.00|43.5738|20.8381
21|44|0|90|0.0|29.0|180|27.9|54.2|0.00|0.00|43.5753|20.8381
21|45|0|90|0.0|29.0|180|27.9|54.0|0.00|0.00|43.574|20.8381
21|46|0|90|0.0|29.0|180|27.9|54.0|0.00|0.00|43.5736|20.8381
21|47|0|90|1.5|29.0|180|27.9|54.0|0.00|0.00|43.5763|20.8381
21|48|0|90|3.2|29.0|180|28.0|53.9|0.00|0.00|43.576|20.8315
21|49|0|90|1.5|29.0|180|27.9|53.9|0.00|0.00|43.5754|19.9801
21|50|0|90|0.0|29.0|180|27.9|53.9|0.00|0.00|43.5768|19.9801
21|51|0|90|0.0|29.0|180|28.0|53.8|0.00|0.00|43.5764|20.8315
21|52|0|90|1.5|29.0|180|28.0|53.7|0.00|0.00|43.5757|20.8315
21|53|0|90|1.5|29.0|180|28.0|53.7|0.00|0.00|43.5773|20.8315
21|54|0|90|1.6|29.0|180|28.0|53.7|0.00|0.00|43.576|20.8315
21|55|0|90|1.5|29.0|180|28.2|53.7|0.00|0.00|43.5789|20.8315
21|56|0|45|2.9|29.0|180|28.5|53.6|0.00|0.00|43.5777|20.8315
21|57|0|45|1.6|29.0|180|29.2|53.5|0.00|0.00|43.5785|21.6562
21|58|0|45|2.9|29.0|180|30.4|53.5|0.00|0.00|43.5814|22.4561
22|01|0|45|1.6|29.0|180|31.2|53.3|0.00|0.00|43.5805|23.2327
22|02|0|90|1.5|29.0|180|30.4|53.2|0.00|0.00|43.5781|22.4561
22|03|0|90|1.5|29.0|180|30.3|53.2|0.00|0.00|43.5795|22.4561
22|04|0|90|1.5|29.0|180|30.0|53.0|0.00|0.00|43.578|22.4561
22|05|0|90|1.5|29.0|180|29.9|52.9|0.00|0.00|43.5785|20.7911
22|06|0|90|1.6|29.0|180|30.2|52.8|0.00|0.00|43.5781|21.5877
22|07|0|90|1.6|29.0|180|30.3|52.6|0.00|0.00|43.5781|21.5877
22|08|0|90|1.5|29.0|180|30.1|52.5|0.00|0.00|43.5788|21.5877
22|10|0|90|1.5|29.0|180|29.8|52.4|0.00|0.00|43.5768|20.7911
22|11|0|90|1.5|29.0|180|29.8|52.4|0.00|0.00|43.5791|20.7911
22|12|0|90|0.0|29.0|180|29.8|52.2|0.00|0.00|43.5792|20.7911
22|13|0|90|0.0|29.0|180|29.9|52.2|0.00|0.00|43.5786|20.7911
22|14|0|90|0.0|29.0|180|30.0|52.1|0.00|0.00|43.5786|21.5877
22|15|0|90|0.0|29.0|180|30.1|52.1|0.00|0.00|43.5783|21.5877
22|16|0|90|1.5|29.0|180|30.2|52.0|0.00|0.00|43.5793|21.5877
22|18|0|90|1.6|29.0|180|30.2|52.0|0.00|0.00|43.5806|21.5877
22|19|0|90|1.5|29.0|180|30.3|51.9|0.00|0.00|43.5796|20.7189
22|20|0|90|1.5|29.0|180|30.3|51.9|0.00|0.00|43.5814|20.7189
22|22|0|90|1.5|29.0|180|30.4|51.8|0.00|0.00|43.5846|20.7189
22|23|0|90|1.5|29.0|180|30.5|51.8|0.00|0.00|43.5848|20.7189
22|25|0|90|1.5|29.0|180|30.5|51.8|0.00|0.00|43.5868|20.7189
22|26|0|90|0.0|29.0|180|30.5|51.7|0.00|0.00|43.5861|20.7189
22|27|0|90|1.5|29.0|180|30.7|51.6|0.00|0.00|43.5885|20.7189
22|28|0|90|1.5|29.0|180|31.6|51.6|0.00|0.00|43.591|21.4891
22|29|0|90|0.0|29.0|180|33.2|51.5|0.00|0.00|43.5906|22.9654
22|33|0|90|0.0|29.0|180|31.9|51.2|0.00|0.00|43.5916|21.4891
22|34|0|90|0.0|29.0|180|32.0|51.1|0.00|0.00|43.5886|22.2375
22|35|0|90|0.0|29.0|180|32.0|51.1|0.00|0.00|43.5905|22.2375
22|36|0|90|1.6|29.0|180|32.4|51.1|0.00|0.00|43.5903|22.2375
22|37|0|90|1.5|29.0|180|32.9|51.0|0.00|0.00|43.5893|22.2375
22|38|0|45|2.9|29.0|180|34.3|51.0|0.00|0.00|43.5899|23.6741
22|39|0|45|0.0|29.0|180|34.1|50.9|0.00|0.00|43.5887|22.7927
22|40|0|90|1.6|29.0|180|33.0|50.9|0.00|0.00|43.5876|22.087
22|41|0|90|1.5|29.0|180|32.1|50.9|0.00|0.00|43.5862|21.3621
22|43|0|45|1.5|29.0|180|31.6|50.8|0.00|0.00|43.5878|20.6169
22|44|0|90|1.5|29.0|180|31.5|50.8|0.00|0.00|43.5872|20.6169
22|45|0|90|1.6|29.0|180|31.5|50.8|0.00|0.00|43.5894|20.6169
22|46|0|90|1.5|29.0|180|31.4|50.8|0.00|0.00|43.5884|20.6169
22|47|0|90|1.5|29.0|180|31.4|50.8|0.00|0.00|43.5881|20.6169
22|48|0|90|1.6|29.0|180|31.4|50.8|0.00|0.00|43.588|20.6169
22|49|0|90|2.9|29.0|180|31.4|50.8|0.00|0.00|43.5883|20.6169
22|51|0|90|0.0|29.0|180|31.4|50.8|0.00|0.00|43.589|20.6169
22|52|0|90|0.0|29.0|180|31.4|50.8|0.00|0.00|43.5889|20.6169
22|53|0|90|1.5|29.0|180|31.5|50.7|0.00|0.00|43.5885|20.6169
22|54|0|90|1.5|29.0|180|31.5|50.8|0.00|0.00|43.5895|20.6169
22|55|0|90|1.5|29.0|180|31.5|50.8|0.00|0.00|43.5877|20.6169
22|56|0|90|1.5|29.0|180|31.5|50.8|0.00|0.00|43.589|20.6169
22|57|0|90|0.0|29.0|180|31.5|50.7|0.00|0.00|43.5879|20.6169
22|59|0|90|0.0|29.0|180|31.7|50.8|0.00|0.00|43.5903|20.6169
23|00|0|90|0.0|29.0|180|31.6|50.7|0.00|0.00|43.5902|20.6169
23|01|0|90|0.0|29.0|180|31.9|50.7|0.00|0.00|43.5893|20.6169
23|02|0|90|0.0|29.0|180|32.1|50.6|0.00|0.00|43.5885|21.3621
23|03|0|90|0.0|29.0|180|32.1|50.6|0.00|0.00|43.5885|21.3621
23|05|0|90|0.0|29.0|180|32.1|50.5|0.00|0.00|43.5906|21.3621
23|06|0|90|1.5|29.0|180|32.2|50.3|0.00|0.00|43.5903|21.3621
23|07|0|90|1.5|29.0|180|32.3|50.3|0.00|0.00|43.5913|21.3621
23|08|0|90|0.0|29.0|180|32.6|50.2|0.00|0.00|43.5904|21.3621
23|09|0|90|1.5|29.0|180|33.1|50.1|0.00|0.00|43.5916|22.087
23|10|0|90|1.5|29.0|180|33.3|50.0|0.00|0.00|43.5904|22.087
23|11|0|180|1.5|29.0|180|33.4|49.9|0.00|0.00|43.5927|21.2084
23|12|0|180|1.5|29.0|180|33.6|49.8|0.00|0.00|43.5927|21.2084
23|13|0|180|1.5|29.0|180|33.4|49.5|0.00|0.00|43.592|21.2084
23|14|0|180|0.0|29.0|180|33.4|49.5|0.00|0.00|43.591|21.2084
23|15|0|180|0.0|29.0|180|33.5|49.4|0.00|0.00|43.5908|21.2084
23|16|0|180|0.0|29.0|180|33.6|49.4|0.00|0.00|43.5934|21.2084
23|18|0|180|1.5|29.0|180|34.5|49.2|0.00|0.00|43.5956|21.9111
23|19|0|315|2.9|29.0|180|35.3|48.9|0.00|0.00|43.5965|21.711
23|20|0|315|3.2|29.0|180|35.6|48.5|0.00|0.00|43.5975|21.711
23|21|0|315|3.2|29.0|180|35.8|48.1|0.00|0.00|43.599|21.711
23|22|0|315|1.5|29.0|180|35.6|47.9|0.00|0.00|43.6015|20.826
23|23|0|270|1.6|29.0|180|35.5|47.6|0.00|0.00|43.5991|20.826
23|24|0|270|1.5|29.0|180|35.5|47.4|0.00|0.00|43.5965|20.826
23|25|0|270|1.5|29.0|180|35.6|47.2|0.00|0.00|43.5984|20.826
23|26|0|270|3.2|29.0|180|35.8|47.2|0.01|0.01|43.5982|20.826
23|28|0|270|1.5|29.0|180|36.0|47.1|0.01|0.01|43.5987|21.4878
23|29|0|270|1.5|29.0|180|35.8|47.1|0.01|0.01|43.5986|20.826
23|30|0|270|1.5|29.0|180|36.0|47.0|0.01|0.01|43.598|21.4878
23|31|0|270|1.5|29.0|180|36.3|47.1|0.01|0.01|43.5979|21.4878
23|32|0|270|1.5|29.0|180|36.2|47.2|0.01|0.01|43.6008|21.4878
23|34|0|270|0.0|29.0|180|36.6|47.2|0.01|0.01|43.6014|21.4878
23|36|0|270|1.5|29.0|180|36.2|47.2|0.01|0.01|43.6054|21.4878
23|39|0|270|0.0|29.0|180|35.9|47.2|0.01|0.01|43.6063|20.826
23|40|0|270|0.0|29.0|180|35.9|47.2|0.01|0.01|43.6083|20.826
23|41|0|270|0.0|29.0|180|35.8|47.1|0.01|0.01|43.6087|20.826
23|42|0|270|0.0|29.0|180|35.7|47.1|0.01|0.01|43.6111|20.826
23|43|0|270|0.0|29.0|180|35.7|47.1|0.01|0.01|43.6103|20.826
23|44|0|270|0.0|29.0|180|36.2|47.1|0.01|0.01|43.6113|21.4878
23|45|0|270|0.0|29.0|180|36.6|47.1|0.01|0.01|43.6144|21.4878
23|46|0|270|1.5|29.0|180|36.9|47.0|0.01|0.01|43.6135|21.4878
23|47|0|270|1.5|29.0|180|36.8|47.0|0.01|0.01|43.6134|21.4878
23|48|0|270|0.0|29.0|180|36.9|46.8|0.01|0.01|43.6123|20.5997
23|49|0|270|0.0|29.0|180|36.9|46.8|0.01|0.01|43.6143|20.5997
23|50|0|270|0.0|29.0|180|36.8|46.8|0.01|0.01|43.6138|20.5997
23|51|0|270|0.0|29.0|180|36.8|46.8|0.01|0.01|43.6149|20.5997
23|52|0|270|0.0|29.0|180|37.2|46.7|0.01|0.01|43.6152|21.2427
23|53|0|270|1.5|29.0|180|37.4|46.7|0.01|0.01|43.6149|21.2427
23|54|0|270|0.0|29.0|180|37.3|46.6|0.01|0.01|43.6177|21.2427
23|55|0|270|1.5|29.0|180|37.3|46.5|0.01|0.01|43.619|21.2427
23|57|0|45|1.6|29.0|180|41.9|46.4|0.01|0.01|43.62|23.6694
23|58|0|45|0.0|29.0|180|43.4|46.4|0.01|0.01|43.6195|24.805
