00|00|0|90|1.5|17.5|135|40.4|48.8|0.00|0.02|43.6045|24.8803
00|01|0|113|4.8|17.5|135|40.4|48.8|0.00|0.02|43.6055|24.8803
00|02|0|90|2.9|17.5|135|40.4|48.8|0.00|0.02|43.6054|24.8803
00|03|0|113|1.5|17.5|135|40.3|48.8|0.00|0.02|43.607|24.8803
00|04|0|113|6.4|17.5|135|40.4|48.9|0.00|0.02|43.6078|24.8803
00|06|0|135|2.9|17.5|135|40.3|48.9|0.00|0.02|43.6101|24.8803
00|07|0|90|1.6|17.5|135|40.3|48.9|0.00|0.02|43.6107|24.8803
00|08|0|135|4.8|17.5|135|40.3|49.0|0.00|0.02|43.611|25.7786
00|09|0|90|2.9|17.5|135|40.2|49.0|0.00|0.02|43.6122|25.7786
00|10|0|135|3.2|17.5|135|40.2|49.0|0.00|0.02|43.6113|25.7786
00|11|0|135|2.9|17.5|135|40.3|49.0|0.00|0.02|43.6116|25.7786
00|13|0|135|1.5|17.5|135|40.3|49.0|0.00|0.02|43.6131|25.7786
00|14|0|90|4.4|17.5|135|40.3|49.0|0.00|0.02|43.6148|25.7786
00|15|0|90|3.2|17.5|135|40.2|49.0|0.00|0.02|43.6134|25.7786
00|16|0|90|4.4|17.5|135|40.2|49.0|0.00|0.02|43.6144|25.7786
00|17|0|90|2.9|17.5|135|40.3|49.0|0.00|0.02|43.6179|25.7786
00|18|0|90|4.8|17.5|135|40.3|49.1|0.00|0.02|43.6189|25.7786
00|19|0|90|2.9|17.5|135|40.3|49.0|0.00|0.02|43.618|25.7786
00|20|0|90|2.9|17.5|135|40.3|49.0|0.00|0.02|43.6177|25.7786
00|21|0|135|2.9|17.5|135|40.4|49.0|0.00|0.02|43.6195|25.7786
00|22|0|135|1.5|17.5|135|40.5|49.0|0.00|0.02|43.6205|25.7786
00|23|0|135|1.5|17.5|135|40.5|48.9|0.00|0.02|43.6193|24.8803
00|24|0|135|4.4|17.5|135|40.5|48.9|0.01|0.03|43.6205|24.8803
00|26|0|90|3.2|17.5|135|40.5|48.9|0.01|0.03|43.6193|24.8803
00|27|0|90|2.9|17.5|135|40.6|48.9|0.01|0.03|43.6196|24.8803
00|28|0|90|4.4|17.5|135|40.6|48.9|0.01|0.03|43.6199|24.8803
00|29|0|135|4.8|17.5|135|40.6|48.9|0.01|0.03|43.6192|24.8803
00|30|0|113|1.5|17.5|135|40.7|48.8|0.01|0.03|43.6161|24.8803
00|31|0|90|2.9|17.5|135|40.8|48.8|0.01|0.03|43.6174|24.8803
00|32|0|135|2.9|17.5|135|40.8|48.9|0.01|0.03|43.6161|24.8803
00|33|0|68|2.9|17.5|135|40.9|48.9|0.01|0.03|43.6147|24.8803
00|34|0|90|4.4|17.5|135|41.0|48.8|0.01|0.03|43.6141|25.4717
00|35|0|135|2.9|17.5|135|41.0|48.8|0.01|0.03|43.6176|25.4717
00|36|0|90|2.9|17.5|135|41.1|48.8|0.01|0.03|43.619|25.4717
00|37|0|135|2.9|17.5|135|41.2|48.8|0.01|0.03|43.6186|25.4717
00|39|0|135|2.9|17.5|135|41.4|48.7|0.01|0.03|43.6165|25.4717
00|40|0|135|4.8|17.5|135|41.5|48.5|0.01|0.03|43.617|25.4717
00|42|0|90|4.4|17.5|135|41.7|48.5|0.01|0.03|43.6156|25.4717
00|43|0|135|5.8|17.5|135|41.7|48.5|0.01|0.03|43.617|25.4717
00|44|0|135|1.5|17.5|135|41.8|48.4|0.01|0.03|43.6128|25.4717
00|45|0|135|1.5|17.5|135|41.9|48.5|0.01|0.03|43.615|25.4717
00|46|0|180|3.2|17.5|135|41.8|48.5|0.01|0.03|43.6141|25.4717
00|47|0|90|1.5|17.5|135|41.9|48.5|0.01|0.03|43.612|25.4717
00|48|0|90|3.2|17.5|135|41.9|48.5|0.01|0.03|43.6133|25.4717
00|49|0|135|3.2|17.5|135|41.8|48.5|0.01|0.03|43.6128|25.4717
00|50|0|135|2.9|17.5|135|41.8|48.5|0.01|0.03|43.6094|25.4717
00|51|0|90|4.8|17.5|135|41.7|48.5|0.01|0.03|43.6136|25.4717
00|52|0|90|3.2|17.5|135|41.7|48.7|0.01|0.03|43.6119|25.4717
00|53|0|135|2.9|17.5|135|41.6|48.7|0.01|0.03|43.6102|25.4717
00|54|0|135|3.2|17.5|135|41.6|48.7|0.01|0.03|43.6109|25.4717
00|55|0|90|4.4|17.5|135|41.6|48.8|0.01|0.03|43.6119|25.4717
00|56|0|68|3.2|17.5|135|41.5|48.7|0.01|0.03|43.6132|25.4717
00|57|0|90|3.2|17.5|135|41.5|48.8|0.01|0.03|43.6145|25.4717
00|59|0|135|1.5|17.5|135|41.5|48.8|0.01|0.03|43.6155|25.4717
01|00|0|90|2.9|17.5|135|41.4|48.8|0.01|0.03|43.6156|25.4717
01|01|0|135|4.4|17.5|135|41.2|48.8|0.01|0.03|43.615|25.4717
01|02|0|90|4.4|17.5|135|41.2|48.8|0.01|0.03|43.6145|25.4717
01|03|0|113|4.8|17.5|135|41.2|48.8|0.01|0.03|43.6124|25.4717
01|04|0|45|4.4|17.5|135|41.1|48.8|0.01|0.03|43.6127|25.4717
01|05|0|90|3.2|17.5|135|41.0|48.8|0.01|0.03|43.6127|25.4717
01|06|0|135|2.9|17.5|135|41.1|48.9|0.01|0.03|43.615|25.4717
01|07|0|90|1.6|17.5|135|41.0|48.9|0.01|0.03|43.6152|25.4717
01|08|0|45|4.8|17.5|135|40.9|48.8|0.01|0.03|43.6135|24.8803
01|09|0|90|1.5|17.5|135|41.0|48.9|0.01|0.03|43.6138|25.4717
01|10|0|45|1.5|17.5|135|41.0|48.9|0.01|0.03|43.6134|25.4717
01|11|0|90|2.9|17.5|135|41.0|48.9|0.01|0.03|43.6143|25.4717
01|13|0|90|7.3|17.5|135|40.9|48.8|0.01|0.03|43.6095|24.8803
01|14|0|90|4.8|17.5|135|40.9|48.8|0.01|0.03|43.6115|24.8803
01|15|0|90|4.4|17.5|135|40.9|48.7|0.01|0.03|43.614|24.8803
01|16|0|90|6.4|17.5|135|41.0|48.7|0.01|0.03|43.6144|25.4717
01|17|0|135|3.2|17.5|135|41.1|48.7|0.01|0.03|43.6172|25.4717
01|19|0|90|2.9|17.5|135|41.1|48.8|0.01|0.03|43.6193|25.4717
01|20|0|135|7.3|17.5|135|41.0|48.7|0.01|0.03|43.6173|25.4717
01|21|0|113|5.8|17.5|135|41.0|48.8|0.01|0.03|43.6188|25.4717
01|22|0|90|5.8|17.5|135|41.0|48.8|0.01|0.03|43.6195|25.4717
01|23|0|90|5.8|17.5|135|40.9|48.8|0.01|0.03|43.6196|24.8803
01|24|0|90|4.4|17.5|135|40.9|48.8|0.00|0.03|43.6198|24.8803
01|25|0|135|2.9|17.5|135|40.9|48.8|0.00|0.03|43.619|24.8803
01|26|0|90|6.4|17.5|135|40.9|48.8|0.00|0.03|43.6187|24.8803
01|27|0|135|1.5|17.5|135|40.9|48.8|0.00|0.03|43.6179|24.8803
01|28|0|135|3.2|17.5|135|41.0|48.9|0.00|0.03|43.6184|25.4717
01|29|0|135|4.4|17.5|135|40.9|48.8|0.00|0.03|43.618|24.8803
01|30|0|135|1.6|17.5|135|40.8|48.8|0.00|0.03|43.6189|24.8803
01|32|0|113|2.9|17.5|135|40.8|48.8|0.00|0.03|43.6187|24.8803
01|34|0|90|7.3|17.5|135|40.6|48.8|0.00|0.03|43.619|24.8803
01|36|0|135|4.4|17.5|135|40.6|48.7|0.00|0.03|43.6219|24.8803
01|37|0|90|1.6|17.5|135|40.6|48.7|0.00|0.03|43.6232|24.8803
01|38|0|90|4.4|17.5|135|40.6|48.8|0.00|0.03|43.6231|24.8803
01|39|0|135|2.9|17.5|135|40.5|48.8|0.00|0.03|43.623|24.8803
01|41|0|135|2.9|17.5|135|40.5|48.8|0.00|0.03|43.6205|24.8803
01|42|0|90|7.3|17.5|135|40.5|48.9|0.00|0.03|43.6222|24.8803
01|43|0|135|3.2|17.5|135|40.5|48.9|0.00|0.03|43.6222|24.8803
01|44|0|90|1.5|17.5|135|40.6|49.0|0.00|0.03|43.6236|25.7786
01|45|0|90|7.3|17.5|135|40.6|49.0|0.00|0.03|43.6235|25.7786
01|46|0|135|4.4|17.5|135|40.7|49.0|0.00|0.03|43.6242|25.7786
01|47|0|135|4.4|17.5|135|40.7|48.9|0.00|0.03|43.6268|24.8803
01|48|0|135|4.8|17.5|135|40.9|48.9|0.00|0.03|43.6287|24.8803
01|49|0|135|2.9|17.5|135|40.9|48.8|0.00|0.03|43.6289|24.8803
01|50|0|90|4.8|17.5|135|40.9|48.8|0.00|0.03|43.6295|24.8803
01|51|0|135|7.3|17.5|135|40.9|48.8|0.00|0.03|43.63|24.8803
01|53|0|135|3.2|17.5|135|40.8|48.7|0.00|0.03|43.6302|24.8803
01|54|0|113|4.4|17.5|135|40.9|48.7|0.00|0.03|43.6314|24.8803
01|55|0|90|2.9|17.5|135|40.9|48.7|0.00|0.03|43.6302|24.8803
01|56|0|90|4.8|17.5|135|40.8|48.7|0.00|0.03|43.6298|24.8803
01|57|0|135|5.8|17.5|135|40.8|48.7|0.00|0.03|43.6337|24.8803
01|58|0|135|2.9|17.5|135|40.8|48.5|0.00|0.03|43.6325|24.8803
01|59|0|113|4.8|17.5|135|40.9|48.5|0.00|0.03|43.6347|24.8803
02|00|0|180|8.7|17.5|135|40.8|48.5|0.00|0.03|43.6367|24.8803
02|01|0|135|5.8|17.5|135|40.9|48.5|0.00|0.03|43.6397|24.8803
02|03|0|90|5.8|17.5|135|41.0|48.4|0.00|0.03|43.6396|25.4717
02|04|0|135|3.2|17.5|135|41.0|48.4|0.00|0.03|43.6402|25.4717
02|05|0|135|2.9|17.5|135|41.0|48.4|0.00|0.03|43.6402|25.4717
02|06|0|135|4.8|17.5|135|41.1|48.4|0.00|0.03|43.6384|25.4717
02|07|0|113|2.9|17.5|135|41.2|48.4|0.00|0.03|43.6395|25.4717
02|08|0|90|7.3|17.5|135|41.2|48.4|0.00|0.03|43.6388|25.4717
02|09|0|158|1.5|17.5|135|41.2|48.3|0.00|0.03|43.6378|25.4717
02|10|0|135|2.9|17.5|135|41.3|48.3|0.00|0.03|43.6379|25.4717
02|11|0|135|4.4|17.5|135|41.3|48.3|0.00|0.03|43.6359|25.4717
02|12|0|90|4.4|17.5|135|41.3|48.3|0.00|0.03|43.6364|25.4717
02|14|0|135|5.8|17.5|135|41.4|48.3|0.00|0.03|43.636|25.4717
02|16|0|135|8.7|17.5|135|41.5|48.2|0.00|0.03|43.6362|25.4717
02|17|0|135|10.2|17.5|135|41.5|48.2|0.00|0.03|43.6305|25.4717
02|18|0|158|4.8|17.5|135|41.6|48.2|0.00|0.03|43.6352|25.4717
02|19|0|135|10.2|17.5|135|41.6|48.2|0.00|0.03|43.6333|25.4717
02|20|0|135|2.9|17.5|135|41.6|48.2|0.00|0.03|43.6342|25.4717
02|21|0|135|4.8|17.5|135|41.6|48.2|0.00|0.03|43.6337|25.4717
02|22|0|135|2.9|17.5|135|41.6|48.3|0.00|0.03|43.6341|25.4717
02|23|0|135|9.7|17.5|135|41.5|48.2|0.00|0.03|43.6321|25.4717
02|24|0|135|7.3|17.5|135|41.5|48.3|0.00|0.03|43.6357|25.4717
02|25|0|90|1.6|17.5|135|41.6|48.2|0.00|0.03|43.6354|25.4717
02|26|0|45|7.3|17.5|135|41.5|48.2|0.00|0.03|43.6338|25.4717
02|28|0|90|2.9|17.5|135|41.5|48.3|0.00|0.03|43.6352|25.4717
02|29|0|135|5.8|17.5|135|41.4|48.3|0.00|0.03|43.6343|25.4717
02|30|0|135|5.8|17.5|135|41.4|48.3|0.00|0.03|43.6331|25.4717
02|31|0|135|5.8|17.5|135|41.4|48.3|0.00|0.03|43.6342|25.4717
02|32|0|135|4.4|17.5|135|41.4|48.3|0.01|0.04|43.6344|25.4717
02|33|0|158|2.9|17.5|135|41.4|48.2|0.01|0.04|43.6338|25.4717
02|34|0|135|4.8|17.5|135|41.4|48.2|0.01|0.04|43.6352|25.4717
02|35|0|135|2.9|17.5|135|41.4|48.3|0.01|0.04|43.6376|25.4717
02|36|0|135|2.9|17.5|135|41.4|48.3|0.01|0.04|43.6366|25.4717
02|38|0|90|4.4|17.5|135|41.4|48.2|0.01|0.04|43.6369|25.4717
02|39|0|90|3.2|17.5|135|41.5|48.2|0.01|0.04|43.6372|25.4717
02|40|0|180|1.5|17.5|135|41.6|48.2|0.01|0.04|43.6379|25.4717
02|41|0|135|4.8|17.5|135|41.6|48.0|0.01|0.04|43.6364|25.4717
02|42|0|113|4.4|17.5|135|41.8|48.0|0.01|0.04|43.639|25.4717
02|43|0|113|4.4|17.5|135|41.9|47.9|0.01|0.04|43.6389|24.5707
02|45|0|90|4.8|17.5|135|42.0|47.9|0.01|0.04|43.6404|25.1469
02|47|0|45|3.2|17.5|135|42.2|47.7|0.01|0.04|43.6429|25.1469
02|48|0|135|2.9|17.5|135|42.3|47.7|0.01|0.04|43.6439|25.1469
02|49|0|135|1.5|17.5|135|42.5|47.6|0.01|0.04|43.6455|25.1469
02|50|0|113|4.4|17.5|135|42.6|47.6|0.01|0.04|43.6458|25.1469
02|52|0|90|2.9|17.5|135|42.7|47.5|0.01|0.04|43.6459|25.1469
02|53|0|135|2.9|17.5|135|42.8|47.5|0.01|0.04|43.6457|25.1469
02|55|0|135|2.9|17.5|135|42.8|47.4|0.01|0.04|43.6461|25.1469
02|56|0|135|2.9|17.5|135|42.9|47.4|0.01|0.04|43.6473|25.1469
02|57|0|90|2.9|17.5|135|42.9|47.4|0.01|0.04|43.6484|25.1469
02|58|0|180|5.8|17.5|135|42.9|47.4|0.01|0.04|43.6451|25.1469
02|59|0|90|1.6|17.5|135|43.0|47.3|0.01|0.04|43.6467|25.7111
03|00|0|135|4.4|17.5|135|43.1|47.3|0.01|0.04|43.6454|25.7111
03|01|0|135|1.6|17.5|135|43.1|47.3|0.01|0.04|43.6459|25.7111
03|02|0|90|4.4|17.5|135|43.1|47.3|0.01|0.04|43.6441|25.7111
03|04|0|180|5.8|17.5|135|43.1|47.3|0.01|0.04|43.6436|25.7111
03|05|0|135|2.9|17.5|135|43.2|47.3|0.01|0.04|43.6447|25.7111
03|06|0|135|1.5|17.5|135|43.1|47.4|0.01|0.04|43.6448|25.7111
03|07|0|135|2.9|17.5|135|43.0|47.3|0.01|0.04|43.643|25.7111
03|08|0|135|2.9|17.5|135|43.0|47.4|0.01|0.04|43.6453|25.7111
03|09|0|90|5.8|17.5|135|43.1|47.4|0.01|0.04|43.642|25.7111
03|10|0|113|4.4|17.5|135|43.1|47.4|0.01|0.04|43.6415|25.7111
03|11|0|135|7.3|17.5|135|43.1|47.4|0.01|0.04|43.6404|25.7111
03|12|0|158|2.9|17.5|135|43.1|47.4|0.01|0.04|43.6401|25.7111
03|13|0|90|1.6|17.5|135|43.1|47.4|0.01|0.04|43.6366|25.7111
03|14|0|135|2.9|17.5|135|43.1|47.4|0.01|0.04|43.6371|25.7111
03|15|0|180|3.2|17.5|135|43.0|47.4|0.01|0.04|43.6365|25.7111
03|16|0|90|4.4|17.5|135|43.0|47.4|0.01|0.04|43.635|25.7111
03|17|0|135|4.4|17.5|135|42.8|47.4|0.01|0.04|43.634|25.1469
03|18|0|90|3.2|17.5|135|42.8|47.4|0.01|0.04|43.6333|25.1469
03|19|0|180|2.9|17.5|135|42.9|47.4|0.01|0.04|43.6319|25.1469
03|21|0|90|2.9|17.5|135|42.9|47.5|0.01|0.04|43.6309|25.1469
03|22|0|45|3.2|17.5|135|42.8|47.5|0.01|0.04|43.6299|25.1469
03|23|0|113|4.4|17.5|135|42.8|47.5|0.01|0.04|43.6311|25.1469
03|24|0|90|3.2|17.5|135|42.8|47.5|0.01|0.04|43.6331|25.1469
03|25|0|90|5.8|17.5|135|42.9|47.4|0.01|0.04|43.6334|25.1469
03|26|0|135|2.9|17.5|135|43.0|47.4|0.01|0.04|43.6302|25.7111
03|27|0|90|2.9|17.5|135|43.1|47.4|0.01|0.04|43.6293|25.7111
03|28|0|90|4.4|17.5|135|43.1|47.4|0.01|0.04|43.6285|25.7111
03|29|0|90|2.9|17.5|135|43.2|47.3|0.01|0.04|43.6287|25.7111
03|30|0|45|4.4|17.5|135|43.2|47.3|0.01|0.04|43.6299|25.7111
03|31|0|135|1.5|17.5|135|43.3|47.3|0.01|0.04|43.6327|25.7111
03|32|0|135|4.4|17.5|135|43.3|47.2|0.00|0.04|43.6306|25.7111
03|33|0|135|4.4|17.5|135|43.5|47.2|0.00|0.04|43.6308|25.7111
03|34|0|135|8.7|17.5|135|43.6|47.1|0.00|0.04|43.6267|25.7111
03|36|0|90|3.2|17.5|135|43.7|47.1|0.00|0.04|43.6258|25.7111
03|37|0|135|4.4|17.5|135|43.8|47.1|0.00|0.04|43.6254|25.7111
03|38|0|45|5.8|17.5|135|43.8|47.1|0.00|0.04|43.6243|25.7111
03|39|0|135|1.5|17.5|135|43.9|47.1|0.00|0.04|43.6247|25.7111
03|40|0|135|1.5|17.5|135|43.9|47.2|0.00|0.04|43.6248|25.7111
03|42|0|135|3.2|17.5|135|43.9|47.2|0.00|0.04|43.6243|25.7111
03|43|0|90|2.9|17.5|135|43.9|47.2|0.00|0.04|43.6239|25.7111
03|44|0|135|3.2|17.5|135|43.9|47.2|0.00|0.04|43.6228|25.7111
03|45|0|90|1.6|17.5|135|43.9|47.3|0.00|0.04|43.6238|25.7111
03|46|0|135|1.5|17.5|135|43.8|47.3|0.00|0.04|43.6226|25.7111
03|47|0|135|4.4|17.5|135|43.8|47.3|0.00|0.04|43.6229|25.7111
03|48|0|90|3.2|17.5|135|43.7|47.4|0.00|0.04|43.6228|25.7111
03|49|0|135|2.9|17.5|135|43.6|47.4|0.00|0.04|43.6202|25.7111
03|50|0|90|2.9|17.5|135|43.5|47.4|0.00|0.04|43.6197|25.7111
03|51|0|90|4.4|17.5|135|43.4|47.5|0.00|0.04|43.6183|25.7111
03|52|0|135|1.5|17.5|135|43.3|47.5|0.00|0.04|43.6174|25.7111
03|54|0|45|2.9|17.5|135|43.2|47.7|0.00|0.04|43.6193|25.7111
03|57|0|90|4.4|17.5|135|43.0|47.7|0.00|0.04|43.6189|25.7111
03|58|0|90|5.8|17.5|135|43.0|47.9|0.00|0.04|43.6197|25.7111
03|59|0|135|2.9|17.5|135|43.0|47.9|0.00|0.04|43.6206|25.7111
04|00|0|90|4.4|17.5|135|42.9|47.9|0.00|0.04|43.618|25.1469
04|02|0|113|4.4|17.5|135|42.9|47.9|0.00|0.04|43.6199|25.1469
04|03|0|135|2.9|17.5|135|42.9|48.0|0.00|0.04|43.6172|26.0504
04|04|0|90|5.8|17.5|135|42.8|48.0|0.00|0.04|43.6176|26.0504
04|06|0|90|1.5|17.5|135|42.8|48.0|0.00|0.04|43.619|26.0504
04|07|0|135|4.4|17.5|135|42.8|48.0|0.00|0.04|43.6188|26.0504
04|08|0|90|3.2|17.5|135|42.8|48.0|0.00|0.04|43.6175|26.0504
04|09|0|90|2.9|17.5|135|42.9|47.9|0.00|0.04|43.6183|25.1469
04|10|0|90|3.2|17.5|135|43.1|47.9|0.00|0.04|43.6173|25.7111
04|12|0|135|4.8|17.5|135|43.2|47.9|0.00|0.04|43.6202|25.7111
04|13|0|135|4.4|17.5|135|43.3|47.7|0.00|0.04|43.6184|25.7111
04|15|0|90|1.5|17.5|135|43.4|47.7|0.00|0.04|43.6196|25.7111
04|16|0|135|2.9|17.5|135|43.5|47.6|0.00|0.04|43.6184|25.7111
04|17|0|90|4.4|17.5|135|43.5|47.5|0.00|0.04|43.6184|25.7111
04|18|0|113|2.9|17.5|135|43.6|47.5|0.00|0.04|43.618|25.7111
04|20|0|90|4.4|17.5|135|43.7|47.4|0.00|0.04|43.6182|25.7111
04|21|0|135|4.4|17.5|135|43.8|47.3|0.00|0.04|43.6175|25.7111
04|22|0|135|2.9|17.5|135|43.9|47.3|0.00|0.04|43.6189|25.7111
04|23|0|135|2.9|17.5|135|44.0|47.2|0.00|0.04|43.6172|26.2638
04|24|0|68|2.9|17.5|135|44.1|47.2|0.00|0.04|43.6187|26.2638
04|25|0|135|3.2|17.5|135|44.1|47.1|0.00|0.04|43.6195|26.2638
04|26|0|135|1.5|17.5|135|44.2|47.1|0.01|0.05|43.6186|26.2638
04|28|0|90|5.8|17.5|135|44.2|47.1|0.01|0.05|43.6221|26.2638
04|29|0|90|4.4|17.5|135|44.2|47.0|0.01|0.05|43.6192|26.2638
04|32|0|135|2.9|17.5|135|44.3|47.0|0.01|0.05|43.6216|26.2638
04|34|0|90|4.4|17.5|135|44.3|47.1|0.01|0.05|43.6213|26.2638
04|35|0|90|4.8|17.5|135|44.2|47.1|0.01|0.05|43.6208|26.2638
04|36|0|90|5.8|17.5|135|44.2|47.1|0.01|0.05|43.6208|26.2638
04|37|0|90|3.2|17.5|135|44.2|47.1|0.01|0.05|43.6212|26.2638
04|38|0|90|3.2|17.5|135|44.1|47.1|0.01|0.05|43.622|26.2638
04|40|0|90|3.2|17.5|135|44.3|47.1|0.01|0.05|43.6215|26.2638
04|41|0|135|2.9|17.5|135|44.3|47.1|0.01|0.05|43.6208|26.2638
04|42|0|135|4.8|17.5|135|44.3|47.1|0.01|0.05|43.6207|26.2638
04|43|0|90|2.9|17.5|135|44.3|47.1|0.01|0.05|43.6191|26.2638
04|44|0|90|4.4|17.5|135|44.3|47.1|0.01|0.05|43.6181|26.2638
04|45|0|90|4.8|17.5|135|44.4|47.1|0.01|0.05|43.6195|26.2638
04|46|0|135|2.9|17.5|135|44.5|47.1|0.01|0.05|43.6204|26.2638
04|47|0|90|4.8|17.5|135|44.5|47.1|0.01|0.05|43.6155|26.2638
04|49|0|90|3.2|17.5|135|44.5|47.0|0.01|0.05|43.616|26.2638
04|50|0|90|1.5|17.5|135|44.5|47.1|0.01|0.05|43.6154|26.2638
04|51|0|90|3.2|17.5|135|44.5|47.1|0.01|0.05|43.6141|26.2638
04|52|0|180|7.3|17.5|135|44.5|47.1|0.01|0.05|43.6123|26.2638
04|53|0|135|2.9|17.5|135|44.5|47.1|0.01|0.05|43.617|26.2638
04|54|0|90|2.9|17.5|135|44.6|47.1|0.01|0.05|43.6151|26.2638
04|55|0|135|2.9|17.5|135|44.7|47.0|0.01|0.05|43.6164|26.2638
04|57|0|90|4.4|17.5|135|44.8|47.0|0.01|0.05|43.617|26.2638
04|58|0|180|4.8|17.5|135|44.8|46.8|0.01|0.05|43.6143|25.3553
05|00|0|180|2.9|17.5|135|44.9|46.8|0.01|0.05|43.6202|25.3553
05|01|0|90|4.4|17.5|135|45.0|46.8|0.01|0.05|43.6212|25.8947
05|02|0|90|1.5|17.5|135|45.0|46.8|0.01|0.05|43.6216|25.8947
05|03|0|90|3.2|17.5|135|45.1|46.8|0.01|0.05|43.6228|25.8947
05|04|0|90|7.3|17.5|135|45.1|46.7|0.01|0.05|43.6205|25.8947
05|05|0|113|4.4|17.5|135|45.2|46.7|0.01|0.05|43.6195|25.8947
05|06|0|135|4.4|17.5|135|45.2|46.6|0.01|0.05|43.6195|25.8947
05|07|0|135|4.4|17.5|135|45.3|46.6|0.01|0.05|43.6196|25.8947
05|08|0|135|4.8|17.5|135|45.3|46.6|0.01|0.05|43.6213|25.8947
05|10|0|90|2.9|17.5|135|45.4|46.5|0.01|0.05|43.6226|25.8947
05|11|0|90|4.8|17.5|135|45.4|46.5|0.01|0.05|43.6228|25.8947
05|12|0|135|2.9|17.5|135|45.4|46.5|0.01|0.05|43.6268|25.8947
05|13|0|90|4.4|17.5|135|45.5|46.4|0.01|0.05|43.6253|25.8947
05|14|0|90|6.4|17.5|135|45.6|46.4|0.01|0.05|43.6248|25.8947
05|15|0|113|2.9|17.5|135|45.7|46.4|0.01|0.05|43.6263|25.8947
05|16|0|135|4.8|17.5|135|45.7|46.4|0.01|0.05|43.6243|25.8947
05|17|0|90|2.9|17.5|135|45.7|46.3|0.01|0.05|43.6267|25.8947
05|18|0|135|5.8|17.5|135|45.7|46.3|0.01|0.05|43.6255|25.8947
05|19|0|90|4.4|17.5|135|45.8|46.3|0.01|0.05|43.6257|25.8947
05|20|0|135|4.4|17.5|135|45.8|46.3|0.01|0.05|43.625|25.8947
05|21|0|135|4.4|17.5|135|45.8|46.3|0.01|0.05|43.626|25.8947
05|22|0|90|4.4|17.5|135|45.8|46.3|0.01|0.05|43.6266|25.8947
05|23|0|113|4.4|17.5|135|45.7|46.4|0.01|0.05|43.6277|25.8947
05|24|0|180|4.8|17.5|135|45.7|46.4|0.01|0.05|43.6262|25.8947
05|26|0|90|3.2|17.5|135|45.6|46.5|0.00|0.05|43.6279|25.8947
05|27|0|90|1.5|17.5|135|45.7|46.6|0.00|0.05|43.628|25.8947
05|28|0|113|4.8|17.5|135|45.7|46.6|0.00|0.05|43.6266|25.8947
05|29|0|113|5.8|17.5|135|45.6|46.6|0.00|0.05|43.6264|25.8947
05|30|0|180|4.4|17.5|135|45.6|46.7|0.00|0.05|43.6259|25.8947
05|32|0|135|2.9|17.5|135|45.5|46.8|0.00|0.05|43.6262|25.8947
05|33|0|90|4.8|17.5|135|45.4|47.0|0.00|0.05|43.629|26.8055
05|34|0|113|2.9|17.5|135|45.2|47.0|0.00|0.05|43.625|26.8055
05|35|0|90|3.2|17.5|135|45.2|47.1|0.00|0.05|43.6261|26.8055
05|36|0|135|4.4|17.5|135|45.1|47.2|0.00|0.05|43.6245|26.8055
05|37|0|45|5.8|17.5|135|45.0|47.2|0.00|0.05|43.6257|26.8055
05|39|0|135|4.4|17.5|135|44.9|47.3|0.00|0.05|43.625|26.2638
05|41|0|135|4.4|17.5|135|44.8|47.4|0.00|0.05|43.6244|26.2638
05|42|0|90|4.8|17.5|135|44.7|47.4|0.00|0.05|43.6266|26.2638
05|43|0|45|5.8|17.5|135|44.6|47.5|0.00|0.05|43.6235|26.2638
05|44|0|135|2.9|17.5|135|44.5|47.5|0.00|0.05|43.6263|26.2638
05|45|0|90|2.9|17.5|135|44.5|47.5|0.00|0.05|43.6246|26.2638
05|49|0|135|2.9|17.5|135|44.1|47.6|0.00|0.05|43.627|26.2638
05|51|0|90|1.5|17.5|135|44.2|47.6|0.00|0.05|43.629|26.2638
05|52|0|135|4.4|17.5|135|44.3|47.6|0.00|0.05|43.6307|26.2638
05|53|0|180|7.3|17.5|135|44.3|47.6|0.00|0.05|43.6277|26.2638
05|54|0|135|2.9|17.5|135|44.4|47.5|0.00|0.05|43.6328|26.2638
05|55|0|113|3.2|17.5|135|44.4|47.5|0.00|0.05|43.6324|26.2638
05|56|0|135|2.9|17.5|135|44.5|47.5|0.00|0.05|43.6309|26.2638
05|57|0|90|3.2|17.5|135|44.4|47.5|0.00|0.05|43.6324|26.2638
05|58|0|45|5.8|17.5|135|44.3|47.5|0.00|0.05|43.6328|26.2638
05|59|0|90|11.6|17.5|135|44.4|47.4|0.00|0.05|43.6315|26.2638
06|00|0|135|3.2|17.5|135|44.5|47.4|0.00|0.05|43.6321|26.2638
06|01|0|135|4.4|17.5|135|44.7|47.3|0.00|0.05|43.6312|26.2638
06|02|0|135|4.8|17.5|135|44.8|47.3|0.00|0.05|43.6296|26.2638
06|03|0|90|2.9|17.5|135|44.9|47.2|0.00|0.05|43.6308|26.2638
06|05|0|90|2.9|17.5|135|45.0|47.2|0.00|0.05|43.6307|26.8055
06|06|0|90|4.4|17.5|135|45.1|47.2|0.00|0.05|43.6312|26.8055
06|07|0|135|4.4|17.5|135|45.3|47.2|0.00|0.05|43.6322|26.8055
06|08|0|135|7.3|17.5|135|45.2|47.2|0.00|0.05|43.6311|26.8055
06|09|0|135|2.9|17.5|135|45.2|47.1|0.00|0.05|43.6302|26.8055
06|10|0|90|7.3|17.5|135|45.2|47.1|0.00|0.05|43.6271|26.8055
06|11|0|90|4.4|17.5|135|45.2|47.2|0.00|0.05|43.6292|26.8055
06|12|0|113|2.9|17.5|135|45.1|47.2|0.00|0.05|43.629|26.8055
06|13|0|180|4.8|17.5|135|45.1|47.3|0.00|0.05|43.6269|26.8055
06|14|0|135|2.9|17.5|135|45.1|47.3|0.00|0.05|43.6287|26.8055
06|15|0|135|2.9|17.5|135|45.0|47.4|0.00|0.05|43.6282|26.8055
06|16|0|158|5.8|17.5|135|45.0|47.4|0.00|0.05|43.6273|26.8055
06|17|0|135|4.4|17.5|135|44.9|47.5|0.00|0.05|43.6267|26.2638
06|18|0|113|1.6|17.5|135|44.8|47.6|0.00|0.05|43.6292|26.2638
06|19|0|135|4.4|17.5|135|44.7|47.6|0.00|0.05|43.6305|26.2638
06|20|0|135|1.6|17.5|135|44.7|47.7|0.00|0.05|43.6311|26.2638
06|21|0|135|2.9|17.5|135|44.7|47.7|0.00|0.05|43.6317|26.2638
06|22|0|135|1.6|17.5|135|44.5|47.9|0.00|0.05|43.6301|26.2638
06|23|0|45|2.9|17.5|135|44.5|47.9|0.00|0.05|43.6278|26.2638
06|24|0|90|5.8|17.5|135|44.4|48.0|0.00|0.05|43.6295|27.1721
06|26|0|90|4.8|17.5|135|44.3|48.0|0.00|0.05|43.6305|27.1721
06|27|0|90|4.4|17.5|135|44.2|48.1|0.00|0.05|43.6294|27.1721
06|28|0|113|4.8|17.5|135|44.1|48.1|0.00|0.05|43.6303|27.1721
06|29|0|113|5.8|17.5|135|43.9|48.2|0.00|0.05|43.631|26.617
06|30|0|45|1.6|17.5|135|43.9|48.2|0.00|0.05|43.6322|26.617
06|31|0|90|2.9|17.5|135|44.0|48.3|0.00|0.05|43.6332|27.1721
06|32|0|90|2.9|17.5|135|44.0|48.3|0.00|0.05|43.6344|27.1721
06|33|0|90|1.5|17.5|135|44.1|48.3|0.00|0.05|43.6359|27.1721
06|34|0|90|5.8|17.5|135|44.0|48.3|0.00|0.05|43.6351|27.1721
06|35|0|45|3.2|17.5|135|43.9|48.3|0.00|0.05|43.6373|26.617
06|36|0|90|1.5|17.5|135|44.0|48.4|0.00|0.05|43.6371|27.1721
06|37|0|135|4.4|17.5|135|43.9|48.4|0.00|0.05|43.6384|26.617
06|38|0|180|1.6|17.5|135|44.1|48.5|0.00|0.05|43.6389|27.1721
06|39|0|135|1.5|17.5|135|44.1|48.4|0.00|0.05|43.6358|27.1721
06|40|0|90|4.8|17.5|135|44.1|48.4|0.00|0.05|43.6379|27.1721
06|41|0|135|4.4|17.5|135|43.9|48.4|0.00|0.05|43.6366|26.617
06|43|0|113|2.9|17.5|135|43.7|48.3|0.00|0.05|43.6367|26.617
06|44|0|90|1.5|17.5|135|43.8|48.4|0.00|0.05|43.6373|26.617
06|46|0|135|4.4|17.5|135|43.8|48.4|0.00|0.05|43.6352|26.617
06|47|0|90|3.2|17.5|135|43.8|48.4|0.00|0.05|43.634|26.617
06|48|0|90|7.3|17.5|135|43.8|48.3|0.00|0.05|43.6317|26.617
06|49|0|135|1.5|17.5|135|43.8|48.3|0.00|0.05|43.6299|26.617
06|51|0|135|2.9|17.5|135|43.8|48.3|0.00|0.05|43.6308|26.617
06|52|0|135|2.9|17.5|135|43.8|48.3|0.00|0.05|43.6289|26.617
06|53|0|315|1.5|17.5|135|43.8|48.3|0.00|0.05|43.6311|26.617
06|54|0|135|1.6|17.5|135|43.7|48.3|0.00|0.05|43.631|26.617
06|55|0|113|7.3|17.5|135|43.7|48.4|0.00|0.05|43.6314|26.617
06|56|0|90|1.5|17.5|135|43.7|48.4|0.00|0.05|43.6349|26.617
06|57|0|135|2.9|17.5|135|43.7|48.4|0.00|0.05|43.6347|26.617
06|58|0|90|2.9|17.5|135|43.7|48.4|0.00|0.05|43.6351|26.617
06|59|0|90|2.9|17.5|135|43.6|48.4|0.00|0.05|43.6376|26.617
07|01|0|113|3.2|17.5|135|43.7|48.4|0.00|0.05|43.6359|26.617
07|02|0|135|4.4|17.5|135|43.7|48.3|0.00|0.05|43.6365|26.617
07|03|0|90|4.8|17.5|135|43.7|48.2|0.00|0.05|43.636|26.617
07|04|0|135|5.8|17.5|135|43.8|48.2|0.00|0.05|43.635|26.617
07|06|0|90|3.2|17.5|135|44.0|48.1|0.00|0.05|43.6335|27.1721
07|08|0|135|4.4|17.5|135|44.1|48.1|0.00|0.05|43.6341|27.1721
07|09|0|135|1.6|17.5|135|44.1|48.1|0.00|0.05|43.6341|27.1721
07|10|0|90|2.9|17.5|135|44.2|48.0|0.00|0.05|43.6342|27.1721
07|11|0|135|1.5|17.5|135|44.2|48.0|0.00|0.05|43.6365|27.1721
07|12|0|45|4.8|17.5|135|44.4|48.0|0.00|0.05|43.6372|27.1721
07|13|0|113|2.9|17.5|135|44.4|48.0|0.00|0.05|43.6348|27.1721
07|14|0|90|3.2|17.5|135|44.6|48.0|0.00|0.05|43.6349|27.1721
07|15|0|90|2.9|17.5|135|44.6|48.0|0.00|0.05|43.636|27.1721
07|16|0|135|2.9|17.5|135|44.7|47.9|0.00|0.05|43.6354|26.2638
07|17|0|113|4.4|17.5|135|44.8|47.9|0.00|0.05|43.6363|26.2638
07|18|0|90|2.9|17.5|135|44.7|47.9|0.00|0.05|43.6318|26.2638
07|21|0|90|5.8|17.5|135|44.8|48.0|0.00|0.05|43.6332|27.1721
07|22|0|90|4.4|17.5|135|44.8|47.9|0.01|0.07|43.6322|26.2638
07|23|0|135|3.2|17.5|135|44.9|47.9|0.01|0.07|43.6332|26.2638
07|24|0|90|2.9|17.5|135|44.8|47.9|0.01|0.07|43.631|26.2638
07|25|0|180|6.4|17.5|135|44.8|47.9|0.01|0.07|43.6316|26.2638
07|26|0|90|5.8|17.5|135|44.8|47.9|0.01|0.07|43.6317|26.2638
07|27|0|135|4.4|17.5|135|44.8|48.0|0.01|0.07|43.6309|27.1721
07|28|0|90|3.2|17.5|135|44.7|48.0|0.01|0.07|43.6308|27.1721
07|29|0|90|7.3|17.5|135|44.5|48.0|0.01|0.07|43.6322|27.1721
07|30|0|180|5.8|17.5|135|44.5|48.0|0.01|0.07|43.6287|27.1721
07|31|0|90|2.9|17.5|135|44.4|48.0|0.01|0.07|43.6301|27.1721
07|32|0|135|4.4|17.5|135|44.4|48.0|0.01|0.07|43.6305|27.1721
07|33|0|135|4.4|17.5|135|44.5|48.0|0.01|0.07|43.6308|27.1721
07|34|0|135|5.8|17.5|135|44.5|48.0|0.01|0.07|43.6317|27.1721
07|35|0|135|8.7|17.5|135|44.5|47.9|0.01|0.07|43.6299|26.2638
07|36|0|90|7.3|17.5|135|44.5|48.0|0.01|0.07|43.631|27.1721
07|37|0|135|5.8|17.5|135|44.4|48.0|0.01|0.07|43.63|27.1721
07|38|0|90|2.9|17.5|135|44.4|48.0|0.01|0.07|43.6274|27.1721
07|39|0|135|5.8|17.5|135|44.4|48.0|0.01|0.07|43.628|27.1721
07|40|0|90|7.3|17.5|135|44.3|48.0|0.01|0.07|43.6274|27.1721
07|41|0|135|8.1|17.5|135|44.4|48.0|0.01|0.07|43.6266|27.1721
07|43|0|135|5.8|17.5|135|44.5|48.0|0.01|0.07|43.6275|27.1721
07|44|0|90|6.5|17.5|135|44.4|48.0|0.01|0.07|43.6275|27.1721
07|45|0|135|4.4|17.5|135|44.4|47.9|0.01|0.07|43.6271|26.2638
07|46|0|113|8.1|17.5|135|44.4|48.0|0.01|0.07|43.6263|27.1721
07|48|0|135|4.4|17.5|135|44.3|47.9|0.01|0.07|43.627|26.2638
07|49|0|90|11.3|17.5|135|44.4|47.9|0.01|0.07|43.6258|26.2638
07|50|0|135|2.9|17.5|135|44.4|47.9|0.01|0.07|43.6239|26.2638
07|51|0|90|9.7|17.5|135|44.4|48.0|0.01|0.07|43.6247|27.1721
07|52|0|135|8.7|17.5|135|44.1|48.0|0.01|0.07|43.6251|27.1721
07|53|0|90|4.8|17.5|135|44.1|48.1|0.01|0.07|43.6251|27.1721
07|54|0|135|5.8|17.5|135|44.1|48.1|0.01|0.07|43.6262|27.1721
07|55|0|135|4.4|17.5|135|44.1|48.2|0.01|0.07|43.6282|27.1721
07|56|0|90|7.3|17.5|135|44.0|48.3|0.01|0.07|43.6261|27.1721
07|57|0|135|2.9|17.5|135|43.9|48.3|0.01|0.07|43.6274|26.617
07|58|0|113|11.3|17.5|135|43.9|48.4|0.01|0.07|43.6285|26.617
08|00|0|90|5.8|17.5|135|43.7|48.5|0.01|0.07|43.6308|26.617
08|01|0|90|4.4|17.5|135|43.6|48.7|0.01|0.07|43.633|26.617
08|02|0|180|5.8|17.5|135|43.7|48.9|0.01|0.07|43.6347|26.617
08|04|0|135|2.9|17.5|135|43.6|48.9|0.01|0.07|43.6352|26.617
08|08|0|90|6.5|17.5|135|43.2|49.1|0.01|0.07|43.6284|27.5228
08|09|0|180|8.7|17.5|135|43.1|49.1|0.01|0.07|43.6247|27.5228
08|10|0|90|4.4|17.5|135|43.1|49.1|0.01|0.07|43.6282|27.5228
08|11|0|113|5.8|17.5|135|43.1|49.2|0.01|0.07|43.6278|27.5228
08|12|0|90|4.4|17.5|135|43.0|49.2|0.01|0.07|43.6293|27.5228
08|13|0|90|2.9|17.5|135|43.1|49.3|0.02|0.08|43.6275|27.5228
08|15|0|135|4.4|17.5|135|42.9|49.3|0.02|0.08|43.6263|26.9537
08|16|0|90|4.4|17.5|135|43.0|49.3|0.02|0.08|43.6284|27.5228
08|18|0|90|7.3|17.5|135|42.8|49.4|0.02|0.08|43.6298|26.9537
08|19|0|90|2.9|17.5|135|42.7|49.3|0.02|0.08|43.6299|26.9537
08|23|0|90|2.9|17.5|135|42.8|49.4|0.01|0.08|43.6305|26.9537
08|24|0|90|5.8|17.5|135|42.8|49.5|0.01|0.08|43.6327|26.9537
08|26|0|90|4.4|17.5|135|42.5|49.5|0.01|0.08|43.6349|26.9537
08|27|0|90|6.4|17.5|135|42.6|49.7|0.01|0.08|43.6367|26.9537
08|28|0|90|4.4|17.5|135|42.6|49.7|0.01|0.08|43.6352|26.9537
08|29|0|90|6.4|17.5|135|42.6|49.7|0.01|0.08|43.6364|26.9537
08|30|0|135|7.3|17.5|135|42.6|49.7|0.01|0.08|43.6358|26.9537
08|31|0|90|2.9|17.5|135|42.6|49.8|0.01|0.08|43.6364|26.9537
08|32|0|90|4.8|17.5|135|42.6|49.8|0.01|0.08|43.6369|26.9537
08|33|0|135|4.4|17.5|135|42.6|49.8|0.01|0.08|43.6371|26.9537
08|34|0|45|1.6|17.5|135|42.5|49.9|0.01|0.08|43.6373|26.9537
08|35|0|90|11.6|17.5|135|42.5|49.9|0.01|0.08|43.6365|26.9537
08|36|0|90|6.4|17.5|135|42.4|49.9|0.01|0.08|43.6393|26.9537
08|37|0|90|7.3|17.5|135|42.2|49.9|0.01|0.08|43.6379|26.9537
08|38|0|135|3.2|17.5|135|42.3|49.9|0.01|0.08|43.6381|26.9537
08|40|0|90|10.2|17.5|135|42.2|50.0|0.01|0.08|43.6376|27.8568
08|41|0|135|2.9|17.5|135|42.2|50.0|0.01|0.08|43.6382|27.8568
08|42|0|68|4.8|11.6|90|42.2|50.0|0.01|0.00|43.6388|27.8568
08|43|0|90|4.4|11.6|90|42.3|50.1|0.01|0.00|43.6386|27.8568
08|44|0|90|4.4|11.6|90|42.2|50.1|0.01|0.00|43.6374|27.8568
08|45|0|90|8.7|11.6|90|42.2|50.1|0.01|0.00|43.6397|27.8568
08|46|0|90|5.8|11.6|90|42.1|50.1|0.01|0.00|43.6415|27.8568
08|47|0|90|6.4|11.6|90|42.0|50.1|0.01|0.00|43.645|27.8568
08|48|0|90|1.5|11.6|90|42.1|50.1|0.01|0.00|43.6476|27.8568
08|49|0|90|3.2|11.6|90|42.1|50.1|0.01|0.00|43.6478|27.8568
08|50|0|45|2.9|11.6|90|42.1|50.1|0.01|0.00|43.6467|27.8568
08|52|0|113|8.1|11.6|90|41.9|50.2|0.01|0.00|43.6437|27.2731
08|55|0|90|5.8|11.6|90|41.8|50.2|0.01|0.00|43.6464|27.2731
08|56|0|135|4.8|11.6|90|41.9|50.2|0.01|0.00|43.6457|27.2731
08|57|0|90|5.8|11.6|90|41.8|50.3|0.01|0.00|43.6483|27.2731
08|58|0|90|4.4|11.6|90|41.7|50.3|0.01|0.00|43.6458|27.2731
08|59|0|45|4.4|11.6|90|41.6|50.3|0.01|0.00|43.6474|27.2731
09|01|0|45|7.3|11.6|90|41.6|50.3|0.01|0.00|43.6448|27.2731
09|02|0|135|2.9|11.6|90|41.7|50.3|0.01|0.00|43.6436|27.2731
09|03|0|90|5.8|11.6|90|41.8|50.5|0.01|0.00|43.6443|27.2731
09|04|0|45|4.4|11.6|90|41.7|50.5|0.01|0.00|43.6458|27.2731
09|05|0|90|7.3|11.6|90|41.8|50.6|0.01|0.00|43.6447|27.2731
09|06|0|90|4.4|11.6|90|41.6|50.7|0.01|0.00|43.645|27.2731
09|07|0|90|8.1|11.6|90|41.6|50.7|0.01|0.00|43.6453|27.2731
09|08|0|90|5.8|11.6|90|41.5|50.7|0.01|0.00|43.6468|27.2731
09|09|0|90|4.8|11.6|90|41.3|50.7|0.01|0.00|43.6444|27.2731
09|10|0|135|5.8|11.6|90|41.3|50.9|0.01|0.00|43.6445|27.2731
09|11|0|45|4.8|11.6|90|41.3|51.0|0.01|0.00|43.6444|28.1735
09|12|0|135|2.9|11.6|90|41.2|51.0|0.01|0.00|43.646|28.1735
09|13|0|135|4.4|14.5|90|41.0|51.1|0.01|0.00|43.6452|28.1735
09|15|0|90|7.3|14.5|90|40.9|51.5|0.01|0.00|43.6393|27.5745
09|17|0|90|5.8|14.5|90|40.5|51.6|0.01|0.00|43.6403|27.5745
09|18|0|90|7.3|14.5|90|40.3|51.6|0.01|0.00|43.6393|27.5745
09|20|0|90|8.1|14.5|90|40.3|51.6|0.01|0.00|43.6416|27.5745
09|21|0|90|10.2|14.5|90|40.5|51.6|0.02|0.01|43.6388|27.5745
09|22|0|135|6.4|14.5|90|40.3|51.7|0.02|0.01|43.6413|27.5745
09|23|0|113|8.7|14.5|90|40.3|51.7|0.02|0.01|43.6409|27.5745
09|24|0|135|4.4|14.5|90|40.2|51.8|0.01|0.01|43.6423|27.5745
09|25|0|135|6.4|14.5|90|40.1|51.9|0.01|0.01|43.6403|27.5745
09|27|0|90|9.7|14.5|90|39.8|52.0|0.01|0.01|43.6434|27.8571
09|28|0|90|6.4|14.5|90|39.8|52.0|0.01|0.01|43.6462|27.8571
09|29|0|90|11.6|14.5|90|39.9|51.9|0.01|0.01|43.6448|26.9621
09|30|0|90|11.3|14.5|90|40.0|51.8|0.01|0.01|43.643|27.5745
09|32|0|90|13.1|16.1|45|40.2|51.7|0.01|0.01|43.6442|27.5745
09|33|0|90|11.3|16.1|45|40.2|51.7|0.01|0.01|43.6453|27.5745
09|35|0|135|6.4|16.1|45|40.3|51.8|0.01|0.01|43.6468|27.5745
09|37|0|90|5.8|16.1|45|40.1|52.1|0.01|0.01|43.6522|28.4721
09|38|0|68|5.8|16.1|45|40.0|52.5|0.01|0.01|43.6544|28.4721
09|39|0|135|5.8|16.1|45|39.7|52.7|0.01|0.01|43.6565|27.8571
09|40|0|90|5.8|16.1|45|39.3|52.9|0.01|0.01|43.6567|27.8571
09|41|0|90|7.3|16.1|45|39.1|53.0|0.01|0.01|43.6572|28.752
09|42|0|135|1.5|16.1|45|39.1|53.2|0.01|0.01|43.657|28.752
09|43|0|90|4.8|16.1|45|39.0|53.2|0.01|0.01|43.6571|28.752
09|45|0|135|5.8|16.1|45|38.9|53.2|0.01|0.01|43.6558|28.1202
09|46|0|90|5.8|16.1|45|38.6|53.2|0.01|0.01|43.6581|28.1202
09|47|0|90|4.4|16.1|45|38.7|52.9|0.01|0.01|43.6599|27.228
09|48|0|90|5.8|16.1|45|38.9|52.9|0.01|0.01|43.6599|27.228
09|50|0|68|8.1|16.1|45|39.1|52.9|0.01|0.01|43.6585|27.8571
09|51|0|45|4.4|16.1|45|39.3|52.9|0.01|0.01|43.6588|27.8571
09|52|0|45|7.3|16.1|45|39.2|53.0|0.01|0.01|43.6485|28.752
09|53|0|90|10.2|16.1|45|38.7|53.0|0.01|0.01|43.6531|28.1202
09|54|0|90|7.3|16.1|45|38.7|53.0|0.01|0.01|43.6517|28.1202
09|55|0|90|5.8|16.1|45|38.8|53.2|0.01|0.01|43.6527|28.1202
09|57|0|0|2.9|16.1|45|38.8|53.3|0.01|0.01|43.6507|28.1202
09|58|0|90|9.7|16.1|45|38.7|53.2|0.01|0.01|43.651|28.1202
10|00|0|45|4.8|16.1|45|38.9|53.2|0.01|0.01|43.6478|28.1202
10|01|0|90|8.1|16.1|45|38.6|53.2|0.01|0.01|43.6468|28.1202
10|02|0|90|4.4|16.1|45|38.6|53.3|0.01|0.01|43.6476|28.1202
10|03|0|90|9.7|16.1|45|38.7|53.3|0.01|0.01|43.6459|28.1202
10|04|0|45|10.2|16.1|45|38.5|53.4|0.01|0.01|43.6406|28.1202
10|05|0|90|5.8|16.1|45|38.6|53.6|0.01|0.01|43.6423|28.1202
10|06|0|90|4.8|16.1|45|38.3|53.7|0.01|0.01|43.6443|28.1202
10|08|0|90|5.8|16.1|45|38.0|53.8|0.01|0.01|43.6435|28.1202
10|09|0|135|8.0|16.1|45|37.8|54.2|0.01|0.01|43.6366|28.3627
10|10|0|113|4.8|16.1|45|37.4|54.4|0.01|0.01|43.6452|28.3627
10|11|0|135|6.4|16.1|45|37.1|54.8|0.01|0.01|43.6474|28.3627
10|12|0|90|5.8|16.1|45|36.7|55.3|0.01|0.01|43.6403|28.5838
10|13|0|45|8.7|16.1|45|36.1|55.6|0.01|0.01|43.639|28.5838
10|14|0|45|12.9|16.1|45|35.8|55.8|0.01|0.01|43.6369|27.8992
10|15|0|90|5.8|16.1|45|35.9|56.1|0.01|0.01|43.6357|28.7823
10|16|0|90|9.7|16.1|45|35.7|56.1|0.01|0.01|43.6414|28.7823
10|17|0|45|4.4|16.1|45|35.8|56.0|0.01|0.01|43.6401|28.7823
10|18|0|45|8.7|16.1|45|35.7|56.2|0.01|0.01|43.6397|28.7823
10|20|0|135|2.9|16.1|45|35.4|56.5|0.00|0.01|43.6344|28.7823
10|21|0|90|5.8|16.1|45|35.2|57.1|0.00|0.01|43.631|29.6652
10|22|0|90|6.4|16.1|45|34.6|57.5|0.00|0.01|43.6301|28.9573
10|23|0|135|4.4|16.1|45|34.1|58.1|0.00|0.01|43.6363|29.8369
10|24|0|113|5.8|16.1|45|33.6|58.7|0.00|0.01|43.6387|29.1073
10|25|0|135|4.8|16.1|45|33.2|59.0|0.00|0.01|43.6362|29.9837
10|26|0|135|11.6|18.9|135|32.8|59.2|0.00|0.01|43.6317|29.2311
10|27|0|90|8.1|18.9|135|32.4|59.2|0.00|0.01|43.6411|29.2311
10|28|0|0|7.3|18.9|135|32.4|59.2|0.00|0.01|43.6495|29.2311
10|29|0|135|8.7|18.9|135|32.4|59.0|0.00|0.01|43.6464|29.2311
10|30|0|135|11.3|18.9|135|32.5|59.0|0.00|0.01|43.6486|29.2311
10|31|0|135|16.0|18.9|135|32.5|58.7|0.00|0.01|43.6445|28.3578
10|32|0|90|4.8|18.9|135|32.7|58.5|0.00|0.01|43.6458|28.3578
10|33|0|0|4.4|18.9|135|33.0|58.5|0.00|0.01|43.6438|29.1073
10|34|0|135|8.0|18.9|135|32.7|58.4|0.00|0.01|43.6389|28.3578
10|36|0|90|4.8|18.9|135|32.7|58.4|0.00|0.01|43.6391|28.3578
10|38|0|135|10.2|18.9|135|32.7|58.3|0.00|0.01|43.6341|28.3578
10|40|0|90|5.8|18.9|135|32.9|58.1|0.00|0.01|43.6359|28.3578
10|41|0|135|8.7|18.9|135|33.0|58.0|0.00|0.01|43.6334|29.1073
10|42|0|135|5.8|18.9|135|33.1|58.1|0.00|0.01|43.6347|29.1073
10|43|0|90|5.8|18.9|135|33.1|58.0|0.00|0.01|43.6343|29.1073
10|44|0|135|6.5|18.9|135|33.3|58.1|0.00|0.01|43.6348|29.1073
10|45|0|90|4.4|18.9|135|33.2|58.1|0.00|0.01|43.6332|29.1073
10|46|0|135|6.5|18.9|135|33.1|58.2|0.00|0.01|43.6346|29.1073
10|47|0|135|4.4|18.9|135|33.1|58.3|0.00|0.01|43.6342|29.1073
10|50|0|135|12.9|18.9|135|33.0|58.2|0.00|0.01|43.6307|29.1073
10|51|0|113|7.3|18.9|135|33.0|58.2|0.00|0.01|43.6308|29.1073
10|53|0|135|11.3|18.9|135|33.3|58.4|0.00|0.01|43.6305|29.1073
10|54|0|135|5.8|18.9|135|33.3|58.4|0.00|0.01|43.6354|29.1073
10|55|0|135|8.7|18.9|135|33.3|58.5|0.00|0.01|43.6371|29.1073
10|56|0|90|6.5|18.9|135|33.4|58.7|0.00|0.01|43.6416|29.1073
10|57|0|90|7.3|18.9|135|33.3|58.7|0.00|0.01|43.6399|29.1073
10|58|0|90|4.8|18.9|135|33.1|58.5|0.00|0.01|43.6387|29.1073
11|01|0|45|2.9|18.9|135|33.5|58.4|0.00|0.01|43.6398|29.1073
11|02|0|90|5.8|18.9|135|33.6|58.5|0.00|0.01|43.6415|29.1073
11|03|0|90|2.9|18.9|135|33.4|58.5|0.00|0.01|43.6414|29.1073
11|05|0|135|4.4|18.9|135|33.4|58.7|0.00|0.01|43.6426|29.1073
11|06|0|45|2.9|18.9|135|33.0|58.8|0.00|0.01|43.6442|29.1073
11|07|0|45|5.8|18.9|135|33.1|58.9|0.00|0.01|43.6452|29.1073
11|08|0|135|2.9|18.9|135|32.9|59.0|0.00|0.01|43.647|29.2311
11|09|0|90|3.2|18.9|135|32.6|59.1|0.00|0.01|43.6469|29.2311
11|10|0|90|4.4|18.9|135|32.2|59.2|0.00|0.01|43.6479|29.2311
11|11|0|90|4.4|18.9|135|32.0|59.3|0.00|0.01|43.6448|29.2311
11|12|0|113|3.2|18.9|135|32.0|59.5|0.00|0.01|43.6438|29.2311
11|13|0|135|10.2|18.9|135|32.1|59.5|0.00|0.01|43.6409|29.2311
11|15|0|135|2.9|18.9|135|31.9|59.6|0.00|0.01|43.6409|28.4575
11|17|0|68|4.8|18.9|135|31.8|59.7|0.00|0.01|43.6401|28.4575
11|18|0|90|1.5|18.9|135|31.8|59.8|0.00|0.01|43.6403|28.4575
11|19|0|90|4.4|18.9|135|31.7|59.9|0.00|0.01|43.6409|28.4575
11|20|0|135|3.2|18.9|135|31.6|59.9|0.00|0.01|43.6409|28.4575
11|21|0|90|1.5|18.9|135|31.5|59.9|0.00|0.01|43.6403|28.4575
11|22|0|90|4.8|18.9|135|31.3|59.9|0.00|0.01|43.6397|28.4575
11|23|0|135|2.9|18.9|135|31.2|59.9|0.00|0.01|43.6395|28.4575
11|24|0|90|1.5|18.9|135|31.2|60.0|0.00|0.01|43.6382|29.3273
11|26|0|135|2.9|18.9|135|30.9|60.0|0.00|0.01|43.638|28.528
11|27|0|135|2.9|18.9|135|31.0|60.1|0.00|0.01|43.639|29.3273
11|28|0|113|4.4|18.9|135|31.0|60.1|0.00|0.01|43.638|29.3273
11|29|0|135|2.9|18.9|135|31.0|60.2|0.00|0.01|43.6407|29.3273
11|30|0|45|0.0|18.9|135|31.1|60.2|0.00|0.01|43.6405|29.3273
11|31|0|180|2.9|18.9|135|31.4|60.3|0.00|0.01|43.6452|29.3273
11|32|0|0|1.5|18.9|135|31.1|60.5|0.00|0.01|43.6455|29.3273
11|33|0|45|1.5|18.9|135|30.9|60.6|0.00|0.01|43.6471|28.528
11|34|0|90|4.8|18.9|135|30.7|60.7|0.00|0.01|43.6485|28.528
11|36|0|90|1.6|18.9|135|30.7|60.8|0.00|0.01|43.6483|28.528
11|37|0|68|2.9|18.9|135|30.7|61.0|0.00|0.01|43.6444|29.3943
11|38|0|90|4.8|18.9|135|30.4|61.1|0.00|0.01|43.6438|29.3943
11|39|0|45|5.8|18.9|135|30.1|61.1|0.00|0.01|43.6448|29.3943
11|41|0|135|2.9|18.9|135|30.3|61.1|0.00|0.01|43.6436|29.3943
11|42|0|158|2.9|18.9|135|30.5|61.1|0.00|0.01|43.6444|29.3943
11|43|0|90|1.5|18.9|135|30.3|61.2|0.00|0.01|43.6436|29.3943
11|44|0|90|3.2|18.9|135|30.0|61.2|0.00|0.01|43.6416|29.3943
11|46|0|90|4.8|18.9|135|29.8|61.4|0.00|0.01|43.6402|28.5676
11|47|0|90|2.9|18.9|135|29.7|61.5|0.00|0.01|43.6402|28.5676
11|49|0|225|1.5|18.9|135|29.7|61.5|0.00|0.01|43.634|28.5676
11|50|0|0|0.0|18.9|135|29.9|61.6|0.00|0.01|43.636|28.5676
11|51|0|180|1.5|18.9|135|29.9|61.7|0.00|0.01|43.6354|28.5676
11|52|0|90|1.5|18.9|135|29.9|61.8|0.00|0.01|43.6369|28.5676
11|53|0|90|1.5|18.9|135|29.5|61.8|0.00|0.01|43.6351|28.5676
11|54|0|90|4.8|18.9|135|29.5|61.9|0.00|0.01|43.6359|28.5676
11|55|0|135|2.9|18.9|135|29.4|62.2|0.00|0.01|43.6341|29.4304
11|56|0|135|1.6|18.9|135|29.2|62.3|0.00|0.01|43.6346|29.4304
11|57|0|90|0.0|18.9|135|29.1|62.4|0.00|0.01|43.6334|29.4304
11|59|0|180|1.5|18.9|135|29.6|62.5|0.00|0.01|43.6358|29.4304
12|00|0|135|3.2|18.9|135|29.3|62.6|0.00|0.01|43.6363|29.4304
12|01|0|90|2.9|18.9|135|29.2|62.5|0.00|0.01|43.6375|29.4304
12|02|0|135|4.4|18.9|135|29.2|62.6|0.00|0.01|43.6393|29.4304
12|03|0|45|1.6|18.9|135|28.8|62.6|0.00|0.01|43.6399|28.5746
12|04|0|135|2.9|18.9|135|28.8|62.7|0.00|0.01|43.6406|28.5746
12|05|0|0|3.2|18.9|135|28.9|62.7|0.00|0.01|43.6388|28.5746
12|06|0|158|1.5|18.9|135|29.2|62.7|0.00|0.01|43.6387|29.4304
12|07|0|135|5.8|18.9|135|29.2|62.7|0.00|0.01|43.637|29.4304
12|08|0|180|5.8|18.9|135|29.0|62.8|0.00|0.01|43.6384|29.4304
12|09|0|135|3.2|18.9|135|28.9|62.8|0.00|0.01|43.6383|28.5746
12|10|0|135|2.9|18.9|135|28.8|62.7|0.00|0.01|43.6337|28.5746
12|12|0|90|8.0|18.9|135|28.9|62.8|0.00|0.01|43.6355|28.5746
12|13|0|180|2.9|18.9|135|29.0|62.9|0.00|0.01|43.6348|29.4304
12|14|0|135|4.4|18.9|135|28.9|62.8|0.00|0.01|43.635|28.5746
12|15|0|135|11.3|18.9|135|29.1|62.8|0.00|0.01|43.6324|29.4304
12|16|0|180|4.8|18.9|135|29.0|62.7|0.00|0.01|43.6324|29.4304
12|17|0|158|7.3|18.9|135|29.2|62.9|0.00|0.01|43.63|29.4304
12|18|0|113|2.9|18.9|135|29.0|62.9|0.00|0.01|43.6308|29.4304
12|19|0|180|5.8|18.9|135|28.9|63.0|0.00|0.01|43.6282|29.4336
12|20|0|135|11.6|18.9|135|28.8|63.2|0.00|0.01|43.6285|29.4336
12|21|0|135|7.3|18.9|135|28.6|63.0|0.00|0.01|43.6258|29.4336
12|22|0|135|5.8|18.9|135|28.7|63.2|0.00|0.01|43.6259|29.4336
12|23|0|203|3.2|18.9|135|28.9|63.3|0.00|0.01|43.6267|29.4336
12|24|0|180|5.8|18.9|135|29.0|63.5|0.00|0.01|43.6252|30.2928
12|25|0|135|8.1|18.9|135|28.8|63.6|0.00|0.01|43.6235|29.4336
12|26|0|135|10.2|18.9|135|28.6|63.7|0.00|0.01|43.6219|29.4336
12|27|0|180|5.8|18.9|135|28.5|63.7|0.00|0.01|43.6227|29.4336
12|28|0|180|6.4|18.9|135|28.7|63.7|0.00|0.01|43.6207|29.4336
12|30|0|203|10.2|18.9|135|28.6|63.8|0.00|0.01|43.6204|29.4336
12|31|0|135|7.3|18.9|135|28.5|64.0|0.00|0.01|43.6188|30.2923
12|32|0|135|8.1|18.9|135|28.5|64.1|0.00|0.01|43.6181|30.2923
12|33|0|90|10.2|18.9|135|28.5|64.4|0.00|0.01|43.6104|30.2923
12|34|0|180|9.7|18.9|135|28.2|64.6|0.00|0.01|43.6045|30.2923
12|35|0|135|14.5|18.9|135|28.1|65.0|0.00|0.01|43.5951|31.1507
12|36|0|135|11.6|18.9|135|27.5|65.5|0.00|0.01|43.5928|30.2567
12|37|0|225|4.4|18.9|135|27.2|66.0|0.00|0.01|43.5948|31.1112
12|38|0|158|13.1|18.9|135|27.1|66.3|0.00|0.01|43.5936|31.1112
12|39|0|135|11.6|19.3|135|26.6|66.1|0.00|0.01|43.596|30.1837
12|40|0|180|8.1|19.3|135|26.8|65.9|0.00|0.01|43.5993|29.3328
12|41|0|90|7.3|19.3|135|26.8|65.8|0.00|0.01|43.5966|29.3328
12|44|0|135|8.7|19.3|135|27.4|65.5|0.00|0.01|43.5993|30.2567
12|45|0|135|14.5|19.3|135|27.1|65.4|0.00|0.01|43.5948|30.2567
12|46|0|90|4.8|19.3|135|27.3|65.2|0.00|0.01|43.6014|30.2567
12|47|0|135|4.4|19.3|135|27.5|65.2|0.00|0.01|43.6006|30.2567
12|49|0|135|4.4|19.3|135|27.8|65.1|0.00|0.01|43.5986|30.2567
12|50|0|135|8.7|19.3|135|27.7|65.1|0.00|0.01|43.5964|30.2567
12|51|0|135|8.7|19.3|135|27.8|65.1|0.00|0.01|43.5972|30.2567
12|52|0|180|5.8|19.3|135|27.9|65.0|0.00|0.01|43.5966|30.2567
12|54|0|135|8.7|19.3|135|27.8|65.0|0.00|0.01|43.5932|30.2567
12|55|0|135|8.7|19.3|135|28.0|65.0|0.00|0.01|43.5929|31.1507
12|56|0|180|10.2|19.3|135|28.0|65.0|0.00|0.01|43.5938|31.1507
12|58|0|135|7.3|19.3|135|27.9|65.0|0.00|0.01|43.5919|30.2567
12|59|0|90|7.3|19.3|135|27.7|65.1|0.00|0.01|43.5928|30.2567
13|00|0|90|8.7|19.3|135|27.7|65.0|0.00|0.01|43.5878|30.2567
13|01|0|90|7.3|19.3|135|27.9|65.0|0.00|0.01|43.5847|30.2567
13|02|0|180|13.1|19.3|135|27.7|65.0|0.00|0.01|43.5827|30.2567
13|03|0|135|11.6|19.3|135|27.7|65.0|0.00|0.01|43.5797|30.2567
13|04|0|135|11.3|19.3|135|27.8|64.9|0.00|0.01|43.5831|29.4018
13|05|0|113|8.7|19.3|135|27.9|64.7|0.00|0.01|43.591|29.4018
13|06|0|135|5.8|19.3|135|28.1|64.7|0.00|0.01|43.5938|30.2923
13|07|0|135|13.1|19.3|135|28.0|64.6|0.00|0.01|43.5899|30.2923
13|08|0|135|14.5|19.3|135|28.0|64.4|0.00|0.01|43.5865|30.2923
13|09|0|135|13.1|19.3|135|28.0|64.3|0.00|0.01|43.5853|30.2923
13|10|0|135|9.7|19.3|135|28.2|64.2|0.00|0.01|43.5862|30.2923
13|11|0|180|10.2|19.3|135|28.4|64.3|0.00|0.01|43.5789|30.2923
13|12|0|180|11.3|19.3|135|28.4|64.4|0.00|0.01|43.5764|30.2923
13|13|0|180|13.1|19.3|135|28.4|64.5|0.00|0.01|43.5732|30.2923
13|15|0|180|13.1|19.3|135|28.5|64.7|0.00|0.01|43.5814|30.2923
13|17|0|135|12.9|19.3|135|28.1|64.6|0.00|0.01|43.5836|30.2923
13|18|0|180|7.3|19.3|135|28.2|64.7|0.00|0.01|43.5868|30.2923
13|19|0|135|7.3|19.3|135|28.6|64.9|0.00|0.01|43.5848|30.2923
13|20|0|180|4.4|19.3|135|28.5|65.0|0.00|0.01|43.5815|31.1507
13|21|0|90|8.0|19.3|135|28.2|65.0|0.00|0.01|43.5825|31.1507
13|22|0|90|4.4|19.3|135|28.1|64.9|0.00|0.01|43.5833|30.2923
13|23|0|45|5.8|19.3|135|28.0|64.6|0.00|0.01|43.5852|30.2923
13|24|0|135|12.9|19.3|135|28.1|64.2|0.00|0.01|43.581|30.2923
13|25|0|135|5.8|19.3|135|28.6|64.1|0.00|0.01|43.5838|30.2923
13|27|0|135|2.9|19.3|135|28.9|63.7|0.00|0.01|43.5895|29.4336
13|29|0|113|5.8|19.3|135|29.0|63.6|0.00|0.01|43.5908|30.2928
13|30|0|135|7.3|19.3|135|29.1|63.5|0.00|0.01|43.5908|30.2928
13|31|0|135|10.2|19.3|135|29.1|63.4|0.00|0.01|43.5902|30.2928
13|34|0|135|4.4|19.3|135|29.5|63.4|0.00|0.01|43.5886|30.2928
13|35|0|135|6.4|19.3|135|29.5|63.4|0.00|0.01|43.5895|30.2928
13|36|0|180|7.3|19.3|135|29.5|63.4|0.00|0.01|43.5902|30.2928
13|37|0|113|4.8|19.3|135|29.5|63.4|0.00|0.01|43.5926|30.2928
13|38|0|180|8.7|19.3|135|29.4|63.3|0.00|0.01|43.588|30.2928
13|40|0|135|4.4|19.3|135|29.5|63.3|0.00|0.01|43.5919|30.2928
13|41|0|135|4.8|19.3|135|29.5|63.3|0.00|0.01|43.5895|30.2928
13|42|0|90|1.6|19.3|135|29.6|63.4|0.00|0.01|43.5917|30.2928
13|43|0|135|4.4|19.3|135|29.7|63.4|0.00|0.01|43.5917|30.2928
13|44|0|135|4.8|19.3|135|29.7|63.5|0.00|0.01|43.5908|30.2928
13|45|0|135|7.3|19.3|135|29.4|63.4|0.00|0.01|43.5887|30.2928
13|46|0|158|7.3|19.3|135|29.5|63.4|0.00|0.01|43.5889|30.2928
13|47|0|135|2.9|19.3|135|29.6|63.5|0.00|0.01|43.591|30.2928
13|48|0|135|4.4|19.3|135|29.7|63.6|0.00|0.01|43.5876|30.2928
13|49|0|135|2.9|19.3|135|29.6|63.6|0.00|0.01|43.5874|30.2928
13|50|0|135|2.9|19.3|135|29.5|63.8|0.00|0.01|43.5849|30.2928
13|51|0|90|2.9|19.3|135|29.6|63.8|0.00|0.01|43.5842|30.2928
13|52|0|135|5.8|19.3|135|29.3|64.0|0.00|0.01|43.5844|31.155
13|53|0|180|4.4|19.3|135|29.2|64.0|0.00|0.01|43.5863|31.155
13|55|0|180|2.9|19.3|135|29.2|64.1|0.00|0.01|43.5885|31.155
13|56|0|135|4.4|19.3|135|29.3|64.1|0.00|0.01|43.5864|31.155
13|57|0|135|4.8|19.3|135|29.1|64.2|0.00|0.01|43.5838|31.155
13|59|0|180|1.5|19.3|135|29.0|64.3|0.00|0.01|43.5856|31.155
14|00|0|225|4.4|19.3|135|29.2|64.4|0.00|0.01|43.5846|31.155
14|02|0|135|0.0|19.3|135|29.0|64.6|0.00|0.01|43.5751|31.155
14|03|0|135|1.5|19.3|135|29.1|64.9|0.00|0.01|43.5729|31.155
14|04|0|90|1.6|19.3|135|28.9|65.1|0.00|0.01|43.5594|31.1507
14|05|0|90|1.6|19.3|135|28.6|65.4|0.00|0.01|43.5673|31.1507
14|07|0|90|0.0|19.3|135|28.3|65.5|0.00|0.01|43.5656|31.1507
14|09|0|225|1.6|19.3|135|28.7|65.6|0.00|0.01|43.5665|31.1507
14|10|0|315|1.5|19.3|135|28.6|65.8|0.00|0.01|43.5692|31.1507
14|11|0|45|3.2|19.3|135|28.7|65.9|0.00|0.01|43.5705|31.1507
14|12|0|225|1.6|19.3|135|28.5|66.0|0.00|0.01|43.5677|32.0088
14|13|0|180|1.5|19.3|135|28.8|66.0|0.00|0.01|43.5655|32.0088
14|14|0|315|1.5|19.3|135|28.9|66.1|0.00|0.01|43.5638|32.0088
14|15|0|45|1.5|19.3|135|29.8|66.2|0.00|0.01|43.5598|32.8785
14|16|0|45|0.0|19.3|135|29.8|66.3|0.00|0.01|43.5546|32.8785
14|18|0|0|2.9|19.3|135|29.9|66.4|0.00|0.01|43.553|32.8785
14|19|0|315|1.5|19.3|135|29.8|66.5|0.00|0.01|43.5553|32.8785
14|20|0|45|1.6|19.3|135|29.9|66.5|0.00|0.01|43.554|32.8785
14|21|0|90|1.5|19.3|135|29.7|66.7|0.00|0.01|43.5524|32.8785
14|22|0|135|1.6|19.3|135|29.3|66.8|0.00|0.01|43.5501|32.8785
14|23|0|90|1.5|19.3|135|28.8|66.8|0.00|0.01|43.5519|32.0088
14|24|0|90|1.5|19.3|135|28.7|66.8|0.00|0.01|43.5494|32.0088
14|26|0|135|2.9|19.3|135|29.0|66.7|0.00|0.01|43.5494|32.8785
14|27|0|135|2.9|19.3|135|29.0|66.7|0.00|0.01|43.5499|32.8785
14|29|0|135|1.5|19.3|135|29.3|66.5|0.00|0.01|43.5493|32.8785
14|30|0|180|1.6|19.3|135|29.6|66.5|0.00|0.01|43.5512|32.8785
14|31|0|135|2.9|19.3|135|29.9|66.4|0.00|0.01|43.5518|32.8785
14|32|0|135|3.2|19.3|135|29.7|66.4|0.00|0.01|43.5522|32.8785
14|33|0|180|1.5|19.3|135|29.8|66.4|0.00|0.01|43.5525|32.8785
14|34|0|135|1.5|19.3|135|29.9|66.4|0.00|0.01|43.5522|32.8785
14|35|0|0|1.6|19.3|135|29.8|66.4|0.00|0.01|43.5513|32.8785
14|36|0|225|0.0|19.3|135|29.9|66.3|0.00|0.01|43.5529|32.8785
14|37|0|315|0.0|19.3|135|30.1|66.3|0.00|0.01|43.5525|33.7221
14|39|0|315|1.6|19.3|135|30.1|66.3|0.00|0.01|43.5527|33.7221
14|40|0|113|1.5|19.3|135|30.1|66.4|0.00|0.01|43.5526|33.7221
14|41|0|135|4.4|19.3|135|29.5|66.3|0.00|0.01|43.5504|32.8785
14|44|0|90|1.5|19.3|135|29.4|66.1|0.00|0.01|43.5544|32.8785
14|45|0|90|1.5|19.3|135|29.6|66.0|0.00|0.01|43.5561|32.8785
14|46|0|135|1.6|19.3|135|29.7|66.0|0.00|0.01|43.5559|32.8785
14|47|0|135|4.4|19.3|135|29.8|65.9|0.00|0.01|43.5569|32.0169
14|48|0|135|1.6|19.3|135|30.2|65.8|0.00|0.01|43.556|32.8571
14|49|0|90|1.6|19.3|135|30.2|65.8|0.00|0.01|43.554|32.8571
14|50|0|90|2.9|19.3|135|30.1|65.6|0.00|0.01|43.5505|32.8571
14|51|0|180|2.9|19.3|135|30.2|65.6|0.00|0.01|43.5524|32.8571
14|52|0|225|1.6|19.3|135|30.3|65.6|0.00|0.01|43.5546|32.8571
14|54|0|225|2.9|19.3|135|30.5|65.5|0.00|0.01|43.5553|32.8571
14|55|0|180|8.1|19.3|135|30.5|65.4|0.00|0.01|43.5578|32.8571
14|56|0|45|4.4|19.3|135|30.8|65.3|0.00|0.01|43.5488|32.8571
14|57|0|135|7.3|19.3|135|31.9|65.1|0.00|0.01|43.5517|33.6729
14|58|0|180|16.1|20.4|180|32.9|65.0|0.00|0.01|43.5434|34.4658
14|59|0|135|11.6|20.4|180|33.4|64.9|0.00|0.01|43.5474|34.3621
15|00|0|135|11.6|20.4|180|33.1|64.7|0.00|0.01|43.5481|34.3621
15|01|0|135|5.8|20.4|180|32.9|64.9|0.00|0.01|43.5492|33.594
15|02|0|180|8.7|20.4|180|33.2|64.9|0.00|0.01|43.5495|34.3621
15|03|0|180|5.8|20.4|180|33.6|65.0|0.00|0.01|43.5515|35.2371
15|04|0|225|10.2|20.4|180|33.8|65.0|0.00|0.01|43.548|35.2371
15|05|0|158|14.5|20.4|180|34.0|65.0|0.00|0.01|43.5477|35.988
15|06|0|135|9.7|20.4|180|34.3|64.9|0.00|0.01|43.5506|35.11
15|07|0|135|16.0|21.0|180|34.6|64.6|0.00|0.01|43.5469|35.11
15|09|0|225|11.6|21.0|180|35.0|64.5|0.00|0.01|43.5517|35.8386
15|11|0|180|27.6|27.6|180|35.4|64.2|0.00|0.01|43.5418|35.8386
15|12|0|180|12.9|27.8|180|35.7|64.1|0.00|0.01|43.5563|35.8386
15|13|0|180|10.2|27.8|180|35.8|64.0|0.00|0.01|43.5606|35.8386
15|14|0|180|16.0|27.8|180|36.0|63.8|0.00|0.01|43.5562|35.665
15|15|0|180|16.0|27.8|180|36.1|63.8|0.00|0.01|43.5578|35.665
15|16|0|180|10.2|27.8|180|36.2|63.7|0.00|0.01|43.5608|35.665
15|18|0|180|14.5|27.8|180|36.5|63.6|0.00|0.01|43.5542|35.665
15|19|0|135|11.6|27.8|180|36.7|63.5|0.00|0.01|43.56|35.665
15|21|0|180|10.2|27.8|180|37.0|63.3|0.00|0.01|43.5615|36.3554
15|22|0|180|8.1|27.8|180|37.2|63.2|0.00|0.01|43.566|36.3554
15|23|0|180|5.8|27.8|180|37.3|63.2|0.00|0.01|43.5653|36.3554
15|24|0|225|14.5|27.8|180|37.4|63.2|0.00|0.01|43.5619|36.3554
15|25|0|135|10.2|27.8|180|37.4|62.9|0.00|0.01|43.5649|35.4683
15|27|0|135|17.5|27.8|180|37.7|62.7|0.00|0.01|43.5588|35.4683
15|28|0|180|11.3|27.8|180|37.9|62.6|0.00|0.01|43.5607|35.4683
15|29|0|158|8.7|27.8|180|38.0|62.5|0.00|0.01|43.5627|36.1397
15|30|0|135|8.7|27.8|180|38.0|62.5|0.00|0.01|43.5634|36.1397
15|31|0|135|10.2|27.8|180|38.1|62.4|0.00|0.01|43.5624|36.1397
15|32|0|180|10.2|27.8|180|38.2|62.3|0.00|0.01|43.563|36.1397
15|33|0|135|10.2|27.8|180|38.3|62.2|0.00|0.01|43.5635|36.1397
15|34|0|135|8.7|27.8|180|38.4|62.2|0.00|0.01|43.5667|36.1397
15|35|0|180|11.3|27.8|180|38.4|62.2|0.00|0.01|43.5696|36.1397
15|36|0|180|5.8|27.8|180|38.6|62.0|0.00|0.01|43.567|36.1397
15|37|0|180|8.1|27.8|180|38.6|62.0|0.00|0.01|43.5673|36.1397
15|38|0|180|5.8|27.8|180|38.6|62.0|0.00|0.01|43.5667|36.1397
15|40|0|180|14.5|27.8|180|38.6|62.0|0.00|0.01|43.5653|36.1397
15|41|0|135|8.0|27.8|180|38.6|61.9|0.00|0.01|43.5687|35.2495
15|42|0|180|10.2|27.8|180|38.7|61.9|0.00|0.01|43.5695|35.2495
15|44|0|135|7.3|27.8|180|38.7|62.0|0.00|0.01|43.5726|36.1397
15|46|0|45|2.9|27.8|180|38.7|61.9|0.00|0.01|43.5708|35.2495
15|47|0|135|7.3|27.8|180|38.7|62.0|0.00|0.01|43.5699|36.1397
15|48|0|135|10.2|27.8|180|38.6|62.0|0.00|0.01|43.5681|36.1397
15|49|0|135|10.2|27.8|180|38.6|61.9|0.00|0.01|43.5663|35.2495
15|50|0|135|5.8|27.8|180|38.6|61.9|0.00|0.01|43.5696|35.2495
15|51|0|135|9.7|27.8|180|38.5|61.8|0.00|0.01|43.5651|35.2495
15|52|0|135|7.3|27.8|180|38.5|61.8|0.00|0.01|43.5695|35.2495
15|53|0|135|4.8|27.8|180|38.6|61.9|0.00|0.01|43.569|35.2495
15|54|0|135|10.2|27.8|180|38.5|61.9|0.00|0.01|43.5671|35.2495
15|56|0|135|10.2|27.8|180|38.5|61.9|0.00|0.01|43.5678|35.2495
15|57|0|180|7.3|27.8|180|38.4|61.8|0.00|0.01|43.566|35.2495
15|58|0|113|5.8|27.8|180|38.4|61.8|0.00|0.01|43.5648|35.2495
15|59|0|113|6.4|27.8|180|38.4|61.8|0.00|0.01|43.5645|35.2495
16|00|0|135|5.8|27.8|180|38.5|61.9|0.00|0.01|43.5607|35.2495
16|01|0|135|5.8|27.8|180|38.3|61.9|0.00|0.01|43.5596|35.2495
16|02|0|135|10.2|27.8|180|38.4|61.9|0.00|0.01|43.5556|35.2495
16|03|0|135|7.3|27.8|180|38.4|62.0|0.00|0.01|43.5572|36.1397
16|04|0|135|6.4|27.8|180|38.4|62.0|0.00|0.01|43.5561|36.1397
16|05|0|135|6.5|27.8|180|38.4|61.9|0.00|0.01|43.5547|35.2495
16|06|0|135|10.2|27.8|180|38.5|62.0|0.00|0.01|43.5525|36.1397
16|07|0|113|5.8|27.8|180|38.5|62.2|0.00|0.01|43.5537|36.1397
16|08|0|135|11.6|27.8|180|38.5|62.2|0.00|0.01|43.5519|36.1397
16|09|0|135|7.3|27.8|180|38.6|62.2|0.00|0.01|43.5529|36.1397
16|10|0|135|9.7|27.8|180|38.7|62.2|0.00|0.01|43.5494|36.1397
16|11|0|135|10.2|27.8|180|38.7|62.3|0.00|0.01|43.5458|36.1397
16|12|0|180|8.1|27.8|180|38.9|62.4|0.00|0.01|43.5457|36.1397
16|14|0|135|11.6|27.8|180|38.9|62.4|0.00|0.01|43.5423|36.1397
16|15|0|90|8.7|27.8|180|38.9|62.4|0.00|0.01|43.542|36.1397
16|16|0|90|4.8|27.8|180|39.0|62.5|0.00|0.01|43.547|36.7956
16|17|0|225|10.2|27.8|180|39.1|62.5|0.00|0.01|43.5472|36.7956
16|18|0|180|7.3|27.8|180|39.1|62.5|0.00|0.01|43.5478|36.7956
16|20|0|180|10.2|27.8|180|38.9|62.7|0.00|0.01|43.5424|36.1397
16|22|0|90|4.4|27.8|180|38.8|62.8|0.00|0.01|43.5373|36.1397
16|23|0|135|5.8|27.8|180|38.8|62.9|0.00|0.01|43.5383|36.1397
16|24|0|158|9.7|27.8|180|38.8|62.8|0.00|0.01|43.5414|36.1397
16|25|0|135|5.8|27.8|180|39.0|62.9|0.00|0.01|43.5375|36.7956
16|26|0|135|11.6|27.8|180|39.0|62.8|0.00|0.01|43.5296|36.7956
16|28|0|135|13.1|27.8|180|38.9|62.7|0.00|0.01|43.5297|36.1397
16|29|0|135|11.6|27.8|180|39.0|62.8|0.00|0.01|43.5262|36.7956
16|30|0|135|11.3|27.8|180|39.1|62.8|0.00|0.01|43.5345|36.7956
16|31|0|135|8.7|27.8|180|39.2|62.7|0.00|0.01|43.5401|36.7956
16|32|0|135|8.1|27.8|180|39.4|62.7|0.00|0.01|43.5427|36.7956
16|33|0|135|11.6|27.8|180|39.4|62.7|0.00|0.01|43.539|36.7956
16|34|0|158|7.3|27.8|180|39.4|62.7|0.00|0.01|43.5374|36.7956
16|35|0|135|8.7|27.8|180|39.2|62.8|0.00|0.01|43.5353|36.7956
16|36|0|135|5.8|27.8|180|39.1|62.9|0.00|0.01|43.5312|36.7956
16|37|0|135|4.4|27.8|180|38.9|63.0|0.00|0.01|43.5273|37.0296
16|38|0|135|7.3|27.8|180|38.8|63.0|0.00|0.01|43.5248|37.0296
16|39|0|135|11.6|27.8|180|38.7|63.2|0.00|0.01|43.5263|37.0296
16|40|0|203|14.5|27.8|180|38.9|63.2|0.00|0.01|43.5263|37.0296
16|42|0|135|12.9|27.8|180|38.8|63.2|0.00|0.01|43.526|37.0296
16|43|0|135|10.2|27.8|180|38.9|63.2|0.00|0.01|43.5227|37.0296
16|45|0|135|11.3|27.8|180|38.9|63.2|0.00|0.01|43.5202|37.0296
16|46|0|180|9.7|27.8|180|38.9|63.2|0.00|0.01|43.5235|37.0296
16|47|0|180|10.2|27.8|180|39.0|63.0|0.00|0.01|43.5243|37.6883
16|48|0|135|12.9|27.8|180|39.0|63.0|0.00|0.01|43.5274|37.6883
16|49|0|225|5.8|27.8|180|39.1|63.0|0.00|0.01|43.531|37.6883
16|50|0|135|4.4|27.8|180|39.1|63.2|0.00|0.01|43.5338|37.6883
16|51|0|180|4.4|27.8|180|39.1|63.0|0.00|0.01|43.5318|37.6883
16|52|0|180|11.6|27.8|180|39.2|63.2|0.00|0.01|43.5294|37.6883
16|54|0|135|8.7|27.8|180|39.1|63.2|0.00|0.01|43.5286|37.6883
16|55|0|135|10.2|27.8|180|39.1|63.2|0.00|0.01|43.5226|37.6883
16|56|0|135|10.2|27.8|180|39.1|63.3|0.00|0.01|43.5208|37.6883
16|57|0|158|7.3|27.8|180|39.1|63.3|0.00|0.01|43.5188|37.6883
16|58|0|203|11.3|27.8|180|39.1|63.4|0.00|0.01|43.5211|37.6883
16|59|0|135|8.7|27.8|180|39.1|63.3|0.00|0.01|43.5241|37.6883
17|00|0|180|7.3|27.8|180|39.1|63.4|0.00|0.01|43.5216|37.6883
17|01|0|180|4.8|27.8|180|39.1|63.4|0.00|0.01|43.5238|37.6883
17|02|0|135|7.3|27.8|180|39.2|63.5|0.00|0.01|43.523|37.6883
17|03|0|135|8.7|27.8|180|39.2|63.6|0.00|0.01|43.5224|37.6883
17|04|0|135|9.7|27.8|180|39.0|63.5|0.00|0.01|43.5201|37.6883
17|05|0|135|4.4|27.8|180|39.0|63.5|0.00|0.01|43.5272|37.6883
17|06|0|158|5.8|27.8|180|39.1|63.6|0.00|0.01|43.5312|37.6883
17|08|0|135|6.4|27.8|180|39.1|63.7|0.00|0.01|43.5289|37.6883
17|09|0|135|8.7|27.8|180|39.0|63.7|0.00|0.01|43.521|37.6883
17|10|0|135|5.8|27.8|180|39.0|63.6|0.00|0.01|43.5192|37.6883
17|11|0|135|8.1|27.8|180|39.1|63.6|0.00|0.01|43.5203|37.6883
17|12|0|90|5.8|27.8|180|39.0|63.6|0.00|0.01|43.5254|37.6883
17|13|0|180|9.7|27.8|180|39.0|63.7|0.00|0.01|43.5299|37.6883
17|14|0|180|7.3|27.8|180|39.1|63.7|0.00|0.01|43.5321|37.6883
17|16|0|135|7.3|27.8|180|39.1|63.6|0.00|0.01|43.5248|37.6883
17|17|0|180|13.1|27.8|180|39.0|63.6|0.00|0.01|43.5204|37.6883
17|19|0|113|5.8|27.8|180|39.1|63.8|0.00|0.01|43.5265|37.6883
17|20|0|135|11.3|27.8|180|39.0|63.8|0.00|0.01|43.5235|37.6883
17|21|0|135|5.8|27.8|180|38.8|63.8|0.00|0.01|43.5204|37.0296
17|22|0|180|5.8|27.8|180|38.8|63.8|0.00|0.01|43.5186|37.0296
17|23|0|180|7.3|27.8|180|38.9|63.8|0.00|0.01|43.5195|37.0296
17|25|0|180|13.1|27.8|180|38.8|63.8|0.00|0.01|43.5245|37.0296
17|26|0|135|17.7|27.8|180|38.7|63.8|0.00|0.01|43.5197|37.0296
17|27|0|135|7.3|27.8|180|38.5|63.7|0.00|0.01|43.5226|37.0296
17|28|0|158|8.7|27.8|180|38.7|63.6|0.00|0.01|43.5217|37.0296
17|29|0|180|9.7|27.8|180|38.7|63.6|0.00|0.01|43.5183|37.0296
17|30|0|135|11.3|27.8|180|38.7|63.6|0.00|0.01|43.5184|37.0296
17|31|0|135|11.3|27.8|180|38.7|63.6|0.00|0.01|43.5186|37.0296
17|32|0|135|8.7|27.8|180|38.8|63.5|0.00|0.01|43.5251|37.0296
17|34|0|135|10.2|27.8|180|38.9|63.5|0.00|0.01|43.5216|37.0296
17|35|0|90|5.8|27.8|180|38.9|63.5|0.00|0.01|43.5262|37.0296
17|36|0|135|4.8|27.8|180|39.0|63.6|0.00|0.01|43.5225|37.6883
17|37|0|113|5.8|27.8|180|38.9|63.6|0.00|0.01|43.5271|37.0296
17|38|0|135|10.2|27.8|180|39.0|63.6|0.00|0.01|43.5271|37.6883
17|39|0|180|7.3|27.8|180|39.0|63.6|0.00|0.01|43.5292|37.6883
17|40|0|135|8.7|27.8|180|39.2|63.6|0.00|0.01|43.5263|37.6883
17|41|0|180|7.3|27.8|180|39.2|63.6|0.00|0.01|43.5315|37.6883
17|42|0|180|7.3|27.8|180|39.2|63.6|0.00|0.01|43.5329|37.6883
17|44|0|180|10.2|27.8|180|39.1|63.6|0.00|0.01|43.5317|37.6883
17|45|0|180|10.2|27.8|180|38.8|63.6|0.00|0.01|43.5331|37.0296
17|46|0|135|11.6|27.8|180|38.6|63.7|0.00|0.01|43.5256|37.0296
17|47|0|180|16.0|27.8|180|38.3|63.6|0.00|0.01|43.5234|37.0296
17|48|0|180|13.1|27.8|180|38.3|63.6|0.00|0.01|43.5225|37.0296
17|49|0|180|8.7|27.8|180|38.3|63.6|0.00|0.01|43.5207|37.0296
17|50|0|180|5.8|27.8|180|38.3|63.6|0.00|0.01|43.5265|37.0296
17|51|0|203|8.7|27.8|180|38.3|63.6|0.00|0.01|43.5296|37.0296
17|52|0|135|7.3|27.8|180|38.3|63.7|0.00|0.01|43.5314|37.0296
17|53|0|90|7.3|27.8|180|38.3|63.7|0.00|0.01|43.5313|37.0296
17|54|0|180|7.3|27.8|180|38.4|63.7|0.00|0.01|43.5286|37.0296
17|56|0|180|10.2|27.8|180|38.4|63.7|0.00|0.01|43.5279|37.0296
17|57|0|180|8.0|27.8|180|38.4|63.7|0.00|0.01|43.5288|37.0296
17|58|0|180|5.8|27.8|180|38.5|63.7|0.00|0.01|43.5269|37.0296
17|59|0|225|3.2|27.8|180|38.5|63.8|0.00|0.01|43.5296|37.0296
18|00|0|180|2.9|27.8|180|38.4|63.8|0.00|0.01|43.5294|37.0296
18|01|0|225|4.4|27.8|180|38.4|63.8|0.00|0.01|43.5278|37.0296
18|02|0|225|1.6|27.8|180|38.3|64.0|0.00|0.01|43.526|37.9193
18|03|0|180|4.8|27.8|180|38.2|64.0|0.00|0.01|43.5239|37.9193
18|04|0|180|4.4|27.8|180|38.2|64.0|0.00|0.01|43.525|37.9193
18|05|0|180|2.9|27.8|180|38.2|64.0|0.00|0.01|43.5259|37.9193
18|06|0|203|4.4|27.8|180|38.3|64.0|0.00|0.01|43.5235|37.9193
18|08|0|180|4.4|27.8|180|38.3|64.0|0.00|0.01|43.5227|37.9193
18|09|0|225|3.2|27.8|180|38.4|64.0|0.00|0.01|43.5202|37.9193
18|10|0|180|4.4|27.8|180|38.3|64.0|0.00|0.01|43.5219|37.9193
18|11|0|225|3.2|27.8|180|38.3|64.1|0.00|0.01|43.5224|37.9193
18|12|0|225|1.5|27.8|180|38.2|64.1|0.00|0.01|43.5191|37.9193
18|13|0|135|2.9|27.8|180|38.2|64.1|0.00|0.01|43.5219|37.9193
18|14|0|180|5.8|27.8|180|38.2|64.1|0.00|0.01|43.5223|37.9193
18|16|0|225|1.6|27.8|180|38.3|64.1|0.00|0.01|43.522|37.9193
18|18|0|135|1.5|27.8|180|38.3|64.1|0.00|0.01|43.5184|37.9193
18|19|0|135|4.4|27.8|180|38.3|64.2|0.00|0.01|43.517|37.9193
18|20|0|135|1.6|27.8|180|38.3|64.2|0.00|0.01|43.5148|37.9193
18|21|0|225|1.5|27.8|180|38.2|64.2|0.00|0.01|43.5132|37.9193
18|22|0|135|4.4|27.8|180|38.2|64.1|0.00|0.01|43.5124|37.9193
18|25|0|135|9.7|27.8|180|38.5|63.7|0.00|0.01|43.5104|37.0296
18|26|0|113|6.4|27.8|180|38.7|63.8|0.00|0.01|43.5182|37.0296
18|27|0|135|2.9|27.8|180|38.8|63.7|0.00|0.01|43.5174|37.0296
18|28|0|135|3.2|27.8|180|38.8|63.7|0.00|0.01|43.5156|37.0296
18|29|0|135|2.9|27.8|180|38.9|63.7|0.00|0.01|43.5163|37.0296
18|32|0|113|4.4|27.8|180|39.4|63.4|0.00|0.01|43.5139|37.6883
18|33|0|135|8.7|27.8|180|39.7|63.3|0.00|0.01|43.5128|37.6883
18|34|0|135|7.3|27.8|180|39.9|63.0|0.00|0.01|43.5144|37.6883
18|35|0|158|6.4|27.8|180|40.1|63.0|0.00|0.01|43.5184|38.3322
18|36|0|158|5.8|27.8|180|40.3|62.9|0.00|0.01|43.5192|37.4369
18|37|0|158|8.7|27.8|180|40.3|62.8|0.00|0.01|43.5198|37.4369
18|38|0|135|3.2|27.8|180|40.5|62.7|0.00|0.01|43.5195|37.4369
18|40|0|180|4.8|27.8|180|40.6|62.6|0.00|0.01|43.5227|37.4369
18|41|0|90|2.9|27.8|180|40.7|62.6|0.00|0.01|43.5239|37.4369
18|42|0|135|5.8|27.8|180|40.7|62.5|0.00|0.01|43.5222|37.4369
18|43|0|203|4.4|27.8|180|40.8|62.5|0.00|0.01|43.5199|37.4369
18|45|0|135|4.8|27.8|180|40.8|62.4|0.00|0.01|43.5201|37.4369
18|46|0|113|1.5|27.8|180|40.9|62.4|0.00|0.01|43.5206|37.4369
18|47|0|135|4.8|27.8|180|40.8|62.5|0.00|0.01|43.5195|37.4369
18|48|0|90|2.9|27.8|180|40.8|62.5|0.00|0.01|43.5164|37.4369
18|49|0|135|4.4|27.8|180|40.9|62.4|0.00|0.01|43.5145|37.4369
18|50|0|135|5.8|27.8|180|40.9|62.3|0.00|0.01|43.5185|37.4369
18|51|0|180|4.8|27.8|180|41.1|62.2|0.00|0.01|43.5176|38.0642
18|52|0|158|6.4|27.8|180|41.2|62.2|0.00|0.01|43.5183|38.0642
18|53|0|135|7.3|27.8|180|41.2|62.2|0.00|0.01|43.5203|38.0642
18|55|0|225|4.8|27.8|180|41.3|62.0|0.00|0.01|43.5181|38.0642
18|56|0|180|4.4|27.8|180|41.4|62.0|0.00|0.01|43.5204|38.0642
18|57|0|180|5.8|27.8|180|41.4|62.0|0.00|0.01|43.5197|38.0642
18|58|0|135|4.4|27.8|180|41.5|61.9|0.00|0.01|43.5213|37.166
18|59|0|135|11.6|27.8|180|41.6|61.8|0.00|0.01|43.5172|37.166
19|00|0|135|4.8|27.8|180|41.7|61.8|0.00|0.01|43.5184|37.166
19|01|0|135|8.7|27.8|180|41.7|61.8|0.00|0.01|43.5167|37.166
19|02|0|135|7.3|27.8|180|41.7|61.7|0.00|0.01|43.5164|37.166
19|03|0|135|4.8|27.8|180|41.8|61.7|0.00|0.01|43.517|37.166
19|04|0|135|7.3|27.8|180|41.8|61.7|0.00|0.01|43.5174|37.166
19|05|0|135|5.8|27.8|180|41.9|61.6|0.00|0.01|43.5161|37.166
19|07|0|180|7.3|27.8|180|42.0|61.6|0.00|0.01|43.5184|37.7774
19|08|0|135|6.4|27.8|180|42.0|61.5|0.00|0.01|43.5184|37.7774
19|09|0|180|3.2|27.8|180|42.1|61.5|0.00|0.01|43.5194|37.7774
19|10|0|158|4.4|27.8|180|42.1|61.4|0.00|0.01|43.5182|37.7774
19|11|0|135|6.4|27.8|180|42.1|61.4|0.00|0.01|43.5188|37.7774
19|12|0|135|7.3|27.8|180|42.2|61.2|0.00|0.01|43.5161|37.7774
19|14|0|158|8.7|27.8|180|42.3|61.4|0.00|0.01|43.5175|37.7774
19|15|0|180|6.4|27.8|180|42.3|61.4|0.00|0.01|43.5139|37.7774
19|16|0|180|5.8|27.8|180|42.3|61.4|0.00|0.01|43.5143|37.7774
19|18|0|135|11.6|27.8|180|42.3|61.2|0.00|0.01|43.5061|37.7774
19|19|0|135|10.2|27.8|180|42.3|61.2|0.00|0.01|43.5071|37.7774
19|20|0|180|8.0|27.8|180|42.3|61.2|0.00|0.01|43.5094|37.7774
19|21|0|180|7.3|27.8|180|42.4|61.2|0.00|0.01|43.5096|37.7774
19|25|0|135|13.1|27.8|180|42.5|61.1|0.00|0.01|43.5055|37.7774
19|26|0|180|6.4|27.8|180|42.7|61.0|0.00|0.01|43.5045|37.7774
19|28|0|135|5.8|27.8|180|42.7|61.0|0.00|0.01|43.5078|37.7774
19|29|0|180|4.8|27.8|180|42.7|60.9|0.00|0.01|43.5088|36.8765
19|30|0|135|4.4|27.8|180|42.8|60.9|0.00|0.01|43.509|36.8765
19|31|0|135|4.8|27.8|180|42.9|60.9|0.00|0.01|43.5098|36.8765
19|33|0|135|1.5|27.8|180|42.9|61.0|0.00|0.01|43.5079|37.7774
19|34|0|135|7.3|27.8|180|42.9|60.9|0.00|0.01|43.5054|36.8765
19|35|0|135|7.3|27.8|180|42.9|60.9|0.00|0.01|43.5049|36.8765
19|36|0|113|5.8|27.8|180|42.9|60.9|0.00|0.01|43.505|36.8765
19|38|0|135|2.9|27.8|180|43.0|60.9|0.00|0.01|43.5056|37.4727
19|39|0|135|6.4|27.8|180|43.0|60.8|0.00|0.01|43.5007|37.4727
19|41|0|135|1.6|27.8|180|43.0|60.8|0.00|0.01|43.5003|37.4727
19|42|0|180|7.3|27.8|180|43.0|60.8|0.00|0.01|43.5002|37.4727
19|44|0|135|3.2|27.8|180|43.0|60.8|0.00|0.01|43.5007|37.4727
19|45|0|135|2.9|27.8|180|43.0|60.8|0.00|0.01|43.4995|37.4727
19|46|0|135|8.7|27.8|180|43.0|60.7|0.00|0.01|43.4985|37.4727
19|47|0|180|5.8|27.8|180|42.9|60.7|0.00|0.01|43.5001|36.8765
19|48|0|135|7.3|27.8|180|42.9|60.7|0.00|0.01|43.4976|36.8765
19|49|0|135|17.7|27.8|180|42.9|60.6|0.00|0.01|43.4953|36.8765
19|50|0|135|7.3|27.8|180|42.9|60.6|0.00|0.01|43.4972|36.8765
19|51|0|135|14.5|27.8|180|42.9|60.6|0.00|0.01|43.4941|36.8765
19|52|0|135|11.3|27.8|180|43.0|60.6|0.00|0.01|43.4958|37.4727
19|53|0|135|10.2|27.8|180|43.0|60.6|0.00|0.01|43.495|37.4727
19|54|0|158|8.1|27.8|180|43.0|60.6|0.00|0.01|43.495|37.4727
19|55|0|135|7.3|27.8|180|43.0|60.6|0.00|0.01|43.4945|37.4727
19|56|0|180|8.1|27.8|180|43.1|60.6|0.00|0.01|43.4941|37.4727
19|57|0|135|7.3|27.8|180|43.1|60.6|0.00|0.01|43.4919|37.4727
19|59|0|158|4.4|27.8|180|43.1|60.5|0.00|0.01|43.4924|37.4727
20|00|0|135|5.8|27.8|180|43.1|60.6|0.00|0.01|43.4961|37.4727
20|01|0|135|5.8|27.8|180|43.2|60.6|0.00|0.01|43.4968|37.4727
20|02|0|135|7.3|27.8|180|43.2|60.6|0.00|0.01|43.4964|37.4727
20|03|0|135|3.2|27.8|180|43.2|60.6|0.00|0.01|43.4956|37.4727
20|04|0|113|1.5|27.8|180|43.2|60.6|0.00|0.01|43.498|37.4727
20|05|0|135|2.9|27.8|180|43.2|60.6|0.00|0.01|43.4951|37.4727
20|06|0|135|4.8|27.8|180|43.2|60.5|0.00|0.01|43.4953|37.4727
20|07|0|180|4.4|27.8|180|43.3|60.5|0.00|0.01|43.4963|37.4727
20|08|0|135|2.9|27.8|180|43.4|60.5|0.00|0.01|43.4958|37.4727
20|09|0|180|5.8|27.8|180|43.4|60.3|0.00|0.01|43.4938|37.4727
20|10|0|135|3.2|27.8|180|43.5|60.3|0.00|0.01|43.4931|37.4727
20|12|0|158|2.9|27.8|180|43.5|60.3|0.00|0.01|43.4902|37.4727
20|13|0|135|6.4|27.8|180|43.6|60.3|0.00|0.01|43.4908|37.4727
20|14|0|135|7.3|27.8|180|43.7|60.2|0.00|0.01|43.4908|37.4727
20|15|0|225|5.8|27.8|180|43.8|60.2|0.00|0.01|43.4913|37.4727
20|16|0|135|2.9|27.8|180|43.8|60.2|0.00|0.01|43.4915|37.4727
20|17|0|180|1.5|27.8|180|43.9|60.2|0.00|0.01|43.49|37.4727
20|19|0|135|9.7|27.8|180|44.0|60.1|0.00|0.01|43.4864|38.0568
20|20|0|135|7.3|27.8|180|44.1|60.0|0.00|0.01|43.4856|38.0568
20|23|0|135|7.3|27.8|180|44.3|60.0|0.00|0.01|43.4883|38.0568
20|25|0|68|7.3|27.8|180|44.3|59.9|0.00|0.01|43.4888|37.1508
20|26|0|180|8.7|27.8|180|44.4|59.9|0.00|0.01|43.4852|37.1508
20|27|0|225|6.4|27.8|180|44.4|59.9|0.00|0.01|43.4853|37.1508
20|28|0|180|2.9|27.8|180|44.5|59.8|0.00|0.01|43.4876|37.1508
20|29|0|135|2.9|27.8|180|44.5|59.8|0.00|0.01|43.4869|37.1508
20|30|0|135|2.9|27.8|180|44.6|59.9|0.00|0.01|43.4908|37.1508
20|31|0|180|2.9|27.8|180|44.6|59.9|0.00|0.01|43.4899|37.1508
20|33|0|180|10.2|27.8|180|44.7|59.7|0.00|0.01|43.4886|37.1508
20|34|0|180|6.4|27.8|180|44.7|59.7|0.00|0.01|43.4896|37.1508
20|35|0|135|5.8|27.8|180|44.8|59.7|0.00|0.01|43.4919|37.1508
20|36|0|180|4.4|27.8|180|44.8|59.7|0.00|0.01|43.4913|37.1508
20|37|0|135|1.5|27.8|180|44.8|59.8|0.00|0.01|43.4922|37.1508
20|38|0|135|1.5|27.8|180|44.7|59.8|0.00|0.01|43.489|37.1508
20|39|0|135|1.6|27.8|180|44.6|59.9|0.00|0.01|43.4921|37.1508
20|40|0|135|2.9|27.8|180|44.5|59.9|0.00|0.01|43.492|37.1508
20|42|0|135|1.5|27.8|180|44.5|59.9|0.00|0.01|43.494|37.1508
20|44|0|135|1.5|27.8|180|44.5|59.9|0.00|0.01|43.492|37.1508
20|45|0|180|2.9|27.8|180|44.5|59.9|0.00|0.01|43.4908|37.1508
20|46|0|180|2.9|27.8|180|44.5|59.9|0.00|0.01|43.4897|37.1508
20|47|0|135|1.5|27.8|180|44.6|59.9|0.00|0.01|43.4892|37.1508
20|48|0|225|4.4|27.8|180|44.7|59.8|0.00|0.01|43.4889|37.1508
20|49|0|180|6.4|27.8|180|44.8|59.8|0.00|0.01|43.4877|37.1508
20|50|0|180|6.4|27.8|180|44.8|59.8|0.00|0.01|43.4872|37.1508
20|51|0|180|5.8|27.8|180|44.9|59.7|0.00|0.01|43.4867|37.1508
20|52|0|180|1.6|27.8|180|44.9|59.7|0.00|0.01|43.4858|37.1508
20|53|0|225|4.4|27.8|180|44.9|59.7|0.00|0.01|43.4856|37.1508
20|54|0|135|4.4|27.8|180|45.0|59.7|0.00|0.01|43.4827|37.7208
20|55|0|180|2.9|27.8|180|44.9|59.8|0.00|0.01|43.4826|37.1508
20|56|0|180|1.5|27.8|180|45.0|59.7|0.00|0.01|43.4806|37.7208
20|58|0|135|2.9|27.8|180|44.9|59.7|0.00|0.01|43.4808|37.1508
20|59|0|180|4.4|27.8|180|44.9|59.7|0.00|0.01|43.4797|37.1508
21|00|0|180|0.0|27.8|180|45.0|59.7|0.00|0.01|43.4779|37.7208
21|01|0|180|0.0|27.8|180|44.9|59.8|0.00|0.01|43.4795|37.1508
21|02|0|225|1.5|27.8|180|44.8|59.8|0.00|0.01|43.4794|37.1508
21|03|0|225|1.5|27.8|180|44.8|59.8|0.00|0.01|43.4799|37.1508
21|04|0|225|1.5|27.8|180|44.8|59.8|0.00|0.01|43.4809|37.1508
21|05|0|225|0.0|27.8|180|44.9|59.8|0.00|0.01|43.4806|37.1508
21|06|0|225|0.0|27.8|180|44.9|59.9|0.00|0.01|43.4815|37.1508
21|07|0|225|0.0|27.8|180|44.9|59.8|0.00|0.01|43.4793|37.1508
21|08|0|225|0.0|27.8|180|45.0|59.8|0.00|0.01|43.4763|37.7208
21|09|0|225|0.0|27.8|180|45.0|59.8|0.00|0.01|43.4757|37.7208
21|10|0|225|0.0|27.8|180|44.9|59.8|0.00|0.01|43.4775|37.1508
21|11|0|225|0.0|27.8|180|44.9|59.8|0.00|0.01|43.4759|37.1508
21|13|0|225|0.0|27.8|180|45.0|59.8|0.00|0.01|43.4747|37.7208
21|14|0|90|0.0|27.8|180|44.9|59.8|0.00|0.01|43.473|37.1508
21|15|0|90|1.6|27.8|180|44.9|59.8|0.00|0.01|43.4707|37.1508
21|16|0|90|0.0|27.8|180|45.1|59.8|0.00|0.01|43.471|37.7208
21|18|0|180|0.0|27.8|180|45.0|59.8|0.00|0.01|43.4685|37.7208
21|19|0|180|0.0|27.8|180|45.0|59.8|0.00|0.01|43.4691|37.7208
21|20|0|180|3.2|27.8|180|45.1|59.6|0.00|0.01|43.4667|37.7208
21|21|0|180|1.5|27.8|180|45.2|59.6|0.00|0.01|43.4679|37.7208
21|23|0|135|1.5|27.8|180|45.2|59.6|0.00|0.01|43.4661|37.7208
21|24|0|135|1.5|27.8|180|45.3|59.6|0.00|0.01|43.4661|37.7208
21|25|0|135|5.8|27.8|180|45.4|59.5|0.00|0.01|43.4648|37.7208
21|26|0|135|3.2|27.8|180|45.4|59.5|0.00|0.01|43.4621|37.7208
21|28|0|135|4.4|27.8|180|45.4|59.5|0.00|0.01|43.4614|37.7208
21|29|0|90|1.6|27.8|180|45.5|59.6|0.00|0.01|43.4636|37.7208
21|30|0|90|0.0|27.8|180|45.4|59.6|0.00|0.01|43.4617|37.7208
21|31|0|90|1.6|27.8|180|45.3|59.6|0.00|0.01|43.4593|37.7208
21|32|0|90|1.5|27.8|180|45.4|59.6|0.00|0.01|43.4617|37.7208
21|33|0|90|1.5|27.8|180|45.3|59.6|0.00|0.01|43.4617|37.7208
21|34|0|180|1.6|27.8|180|45.4|59.6|0.00|0.01|43.4627|37.7208
21|35|0|135|1.5|27.8|180|45.4|59.6|0.00|0.01|43.4613|37.7208
21|36|0|90|1.5|27.8|180|45.5|59.5|0.00|0.01|43.4574|37.7208
21|37|0|90|1.5|27.8|180|45.5|59.5|0.00|0.01|43.4555|37.7208
21|38|0|90|1.5|27.8|180|45.5|59.5|0.00|0.01|43.4577|37.7208
21|40|0|135|1.6|27.8|180|45.5|59.5|0.00|0.01|43.4611|37.7208
21|41|0|180|1.5|27.8|180|45.5|59.6|0.00|0.01|43.4653|37.7208
21|42|0|158|4.4|27.8|180|45.3|59.5|0.00|0.01|43.4638|37.7208
21|44|0|135|0.0|27.8|180|45.3|59.6|0.00|0.01|43.4653|37.7208
21|45|0|135|2.9|27.8|180|45.3|59.6|0.00|0.01|43.4617|37.7208
21|46|0|180|1.5|27.8|180|45.2|59.6|0.00|0.01|43.461|37.7208
21|47|0|135|1.5|27.8|180|45.2|59.6|0.00|0.01|43.4575|37.7208
21|48|0|135|3.2|27.8|180|45.1|59.6|0.00|0.01|43.4601|37.7208
21|49|0|270|2.9|27.8|180|45.1|59.6|0.00|0.01|43.4616|37.7208
21|50|0|180|2.9|27.8|180|45.1|59.7|0.00|0.01|43.4636|37.7208
21|53|0|225|0.0|27.8|180|45.0|59.8|0.00|0.01|43.4655|37.7208
21|54|0|203|2.9|27.8|180|44.8|59.9|0.00|0.01|43.4677|37.1508
21|55|0|180|1.5|27.8|180|44.8|59.9|0.00|0.01|43.4655|37.1508
21|56|0|180|3.2|27.8|180|44.7|59.8|0.00|0.01|43.465|37.1508
21|57|0|180|3.2|27.8|180|44.8|59.8|0.00|0.01|43.4661|37.1508
21|59|0|180|1.5|27.8|180|45.0|59.9|0.00|0.01|43.4683|37.7208
22|00|0|225|2.9|27.8|180|44.9|59.9|0.00|0.01|43.4666|37.1508
22|01|0|135|4.4|27.8|180|44.9|59.9|0.00|0.01|43.469|37.1508
22|02|0|135|4.8|27.8|180|44.9|59.9|0.00|0.01|43.4655|37.1508
22|03|0|135|4.4|27.8|180|44.9|59.9|0.00|0.01|43.4641|37.1508
22|05|0|180|1.6|27.8|180|45.0|59.9|0.00|0.01|43.46|37.7208
22|06|0|135|2.9|27.8|180|45.0|59.9|0.00|0.01|43.4579|37.7208
22|07|0|135|2.9|27.8|180|45.0|59.8|0.00|0.01|43.4556|37.7208
22|09|0|180|4.8|27.8|180|45.0|59.9|0.00|0.01|43.4529|37.7208
22|11|0|180|4.4|27.8|180|45.0|60.0|0.00|0.01|43.4525|38.6292
22|12|0|90|3.2|27.8|180|45.0|60.0|0.00|0.01|43.4524|38.6292
22|13|0|180|2.9|27.8|180|45.0|59.9|0.00|0.01|43.453|37.7208
22|14|0|225|3.2|27.8|180|45.1|59.9|0.00|0.01|43.4517|37.7208
22|15|0|90|1.5|27.8|180|45.0|59.9|0.00|0.01|43.4492|37.7208
22|16|0|180|1.5|27.8|180|45.0|60.0|0.00|0.01|43.4478|38.6292
22|17|0|158|6.4|27.8|180|45.0|59.9|0.00|0.01|43.4457|37.7208
22|18|0|135|1.5|27.8|180|45.0|59.9|0.00|0.01|43.4489|37.7208
22|19|0|135|5.8|27.8|180|45.0|59.8|0.00|0.01|43.446|37.7208
22|21|0|180|4.4|27.8|180|45.1|59.8|0.00|0.01|43.4473|37.7208
22|22|0|135|4.4|27.8|180|45.2|59.8|0.00|0.01|43.4476|37.7208
22|23|0|158|6.4|27.8|180|45.2|59.8|0.00|0.01|43.446|37.7208
22|24|0|158|2.9|27.8|180|45.3|59.8|0.00|0.01|43.4493|37.7208
22|25|0|135|5.8|27.8|180|45.2|59.8|0.00|0.01|43.4502|37.7208
22|26|0|180|11.6|27.8|180|45.3|59.7|0.00|0.01|43.4482|37.7208
22|27|0|135|5.8|27.8|180|45.3|59.7|0.00|0.01|43.4533|37.7208
22|28|0|180|5.8|27.8|180|45.3|59.8|0.00|0.01|43.455|37.7208
22|31|0|225|4.4|27.8|180|45.2|59.7|0.00|0.01|43.4548|37.7208
22|32|0|180|2.9|27.8|180|45.3|59.7|0.00|0.01|43.4568|37.7208
22|33|0|225|3.2|27.8|180|45.3|59.7|0.00|0.01|43.4568|37.7208
22|34|0|225|1.5|27.8|180|45.2|59.8|0.00|0.01|43.4578|37.7208
22|35|0|225|0.0|27.8|180|45.2|59.9|0.00|0.01|43.46|37.7208
22|36|0|135|1.6|27.8|180|45.1|59.9|0.00|0.01|43.4578|37.7208
22|37|0|203|2.9|27.8|180|45.1|59.8|0.00|0.01|43.4555|37.7208
22|38|0|135|5.8|27.8|180|45.1|59.8|0.00|0.01|43.4529|37.7208
22|39|0|135|5.8|27.8|180|45.1|59.7|0.00|0.01|43.4534|37.7208
22|41|0|180|4.8|27.8|180|45.2|59.7|0.00|0.01|43.453|37.7208
22|42|0|180|2.9|27.8|180|45.2|59.8|0.00|0.01|43.4547|37.7208
22|45|0|135|3.2|27.8|180|45.0|59.8|0.00|0.01|43.4554|37.7208
22|48|0|135|2.9|27.8|180|45.0|59.9|0.00|0.01|43.4545|37.7208
22|49|0|180|5.8|27.8|180|45.0|59.9|0.00|0.01|43.4552|37.7208
22|51|0|180|8.7|27.8|180|44.9|59.8|0.00|0.01|43.4525|37.1508
22|52|0|203|3.2|27.8|180|44.9|59.8|0.00|0.01|43.4552|37.1508
22|55|0|225|4.4|27.8|180|44.9|59.9|0.00|0.01|43.4575|37.1508
22|56|0|135|4.4|27.8|180|44.9|60.0|0.00|0.01|43.462|38.0568
22|57|0|225|2.9|27.8|180|44.8|60.0|0.00|0.01|43.4619|38.0568
22|58|0|225|2.9|27.8|180|44.7|60.0|0.00|0.01|43.4628|38.0568
22|59|0|315|4.4|27.8|180|44.7|60.1|0.00|0.01|43.4626|38.0568
23|00|0|270|3.2|27.8|180|44.7|60.0|0.00|0.01|43.465|38.0568
23|01|0|225|2.9|27.8|180|44.7|60.0|0.00|0.01|43.4629|38.0568
23|02|0|270|4.4|27.8|180|46.7|60.0|0.00|0.01|43.464|39.1906
23|03|0|315|4.4|27.8|180|48.8|59.8|0.00|0.01|43.4641|39.3663
23|04|0|315|2.9|27.8|180|49.6|59.7|0.00|0.01|43.462|39.8947
23|05|0|315|1.6|27.8|180|50.1|59.5|0.00|0.01|43.458|40.4136
23|06|0|315|2.9|27.8|180|50.4|59.1|0.00|0.01|43.4533|40.4136
23|08|0|315|0.0|27.8|180|50.5|59.0|0.00|0.01|43.4512|40.4136
23|09|0|270|3.2|27.8|180|50.7|58.8|0.00|0.01|43.4491|39.4937
23|10|0|225|1.5|27.8|180|50.5|58.5|0.00|0.01|43.4463|39.4937
23|11|0|225|1.5|27.8|180|50.5|58.4|0.00|0.01|43.4482|39.4937
23|12|0|225|1.5|27.8|180|50.9|58.3|0.00|0.01|43.4476|39.4937
23|13|0|225|1.5|27.8|180|51.4|58.2|0.00|0.01|43.445|40.0014
23|14|0|270|1.5|27.8|180|51.1|58.1|0.00|0.01|43.4438|40.0014
23|15|0|270|1.6|27.8|180|51.3|58.0|0.00|0.01|43.4459|40.0014
23|16|0|270|2.9|27.8|180|51.8|57.9|0.00|0.01|43.4467|39.0792
23|17|0|225|2.9|27.8|180|51.7|57.9|0.00|0.01|43.4406|39.0792
23|18|0|270|5.8|27.8|180|51.8|57.8|0.00|0.01|43.4404|39.0792
23|20|0|315|1.5|27.8|180|53.1|57.7|0.00|0.01|43.4418|40.0646
23|21|0|270|1.6|27.8|180|53.5|57.7|0.00|0.01|43.4436|40.0646
23|22|0|270|1.5|27.8|180|53.9|57.7|0.00|0.01|43.4441|40.0646
23|23|0|270|1.5|27.8|180|54.0|57.5|0.00|0.01|43.4462|40.5451
23|24|0|270|2.9|27.8|180|54.5|57.4|0.00|0.01|43.448|40.5451
23|26|0|270|2.9|27.8|180|55.3|57.3|0.00|0.01|43.4491|41.0178
23|27|0|270|1.6|27.8|180|55.9|57.2|0.00|0.01|43.452|41.0178
23|28|0|270|1.5|27.8|180|56.1|57.1|0.00|0.01|43.4501|41.483
23|29|0|270|1.6|27.8|180|56.4|57.0|0.00|0.01|43.4493|41.483
23|30|0|270|4.4|27.8|180|57.3|56.7|0.00|0.01|43.4457|41.0063
23|31|0|315|3.2|27.8|180|58.1|56.6|0.00|0.01|43.4458|41.4552
23|32|0|270|2.9|27.8|180|58.7|56.4|0.00|0.01|43.4466|41.4552
23|33|0|270|4.4|27.8|180|59.5|56.3|0.00|0.01|43.4444|41.8974
23|34|0|315|1.6|27.8|180|60.0|56.1|0.00|0.01|43.4463|42.333
23|35|0|270|2.9|27.8|180|60.7|55.8|0.00|0.01|43.4476|41.3926
23|36|0|315|4.4|27.8|180|61.4|55.6|0.00|0.01|43.4491|41.82
23|37|0|270|4.4|27.8|180|61.7|55.6|0.00|0.01|43.4499|41.82
23|38|0|270|4.4|27.8|180|62.2|55.4|0.00|0.01|43.4497|42.2413
23|39|0|270|4.4|27.8|180|62.6|55.2|0.00|0.01|43.4462|42.2413
23|40|0|270|2.9|27.8|180|63.2|55.0|0.00|0.01|43.4453|42.6567
23|41|0|248|4.4|27.8|180|63.4|55.0|0.00|0.01|43.4499|42.6567
23|42|0|225|3.2|27.8|180|63.6|54.7|0.00|0.01|43.4533|41.7107
23|44|0|225|4.4|27.8|180|63.6|54.6|0.00|0.01|43.455|41.7107
23|45|0|225|1.5|27.8|180|63.9|54.6|0.00|0.01|43.4543|41.7107
23|46|0|315|4.4|27.8|180|64.3|54.5|0.00|0.01|43.4509|42.1185
23|47|0|315|5.8|27.8|180|65.0|54.4|0.00|0.01|43.4476|42.5207
23|48|0|315|1.6|27.8|180|65.4|54.3|0.00|0.01|43.4446|42.5207
23|49|0|315|2.9|27.8|180|65.3|54.3|0.00|0.01|43.4445|42.5207
23|51|0|225|0.0|27.8|180|65.4|54.2|0.00|0.01|43.4419|42.5207
23|53|0|180|1.5|27.8|180|65.3|54.2|0.00|0.01|43.4448|42.5207
23|54|0|0|2.9|27.8|180|65.5|54.0|0.00|0.01|43.4358|42.5207
23|55|0|45|2.9|27.8|180|65.8|54.0|0.00|0.01|43.432|42.5207
23|56|0|0|1.5|27.8|180|65.9|53.9|0.00|0.01|43.4282|41.5711
23|57|0|45|2.9|27.8|180|66.0|53.8|0.00|0.01|43.4242|41.9662
23|58|0|0|0.0|27.8|180|66.1|53.8|0.00|0.01|43.4251|41.9662
23|59|0|0|0.0|27.8|180|65.9|53.8|0.00|0.01|43.4262|41.5711
