00|00|0|90|2.9|24.7|315|22.2|39.5|0.01|0.05|43.6686|3.47881
00|01|0|90|1.5|24.7|315|22.2|39.4|0.01|0.05|43.6659|3.47881
00|02|0|90|0.0|24.7|315|22.2|39.3|0.01|0.05|43.6638|3.47881
00|03|0|90|0.0|24.7|315|22.3|39.3|0.01|0.05|43.6618|3.47881
00|05|0|90|1.6|24.7|315|22.4|39.2|0.01|0.05|43.6618|3.47881
00|06|0|90|1.5|24.7|315|22.6|39.2|0.01|0.05|43.6635|3.47881
00|07|0|90|1.6|24.7|315|22.6|39.2|0.01|0.05|43.6623|3.47881
00|08|0|180|2.9|24.7|315|22.6|39.1|0.01|0.05|43.6637|3.47881
00|11|0|180|1.5|24.7|315|22.7|39.0|0.01|0.05|43.6611|3.47881
00|12|0|180|1.5|24.7|315|22.8|39.0|0.01|0.05|43.6618|3.47881
00|13|0|180|0.0|24.7|315|22.8|38.9|0.01|0.05|43.6603|2.6356
00|14|0|180|0.0|24.7|315|22.8|38.9|0.01|0.05|43.6592|2.6356
00|15|0|180|1.5|24.7|315|22.7|38.9|0.01|0.05|43.6608|2.6356
00|16|0|180|0.0|24.7|315|22.7|38.9|0.01|0.05|43.6596|2.6356
00|17|0|180|0.0|24.7|315|22.6|38.9|0.01|0.05|43.6586|2.6356
00|18|0|180|0.0|24.7|315|22.6|38.7|0.01|0.05|43.6571|2.6356
00|19|0|90|1.5|24.7|315|22.4|38.9|0.01|0.05|43.6596|2.6356
00|20|0|90|1.6|24.7|315|22.3|38.9|0.01|0.05|43.6603|2.6356
00|21|0|90|1.5|24.7|315|22.3|38.9|0.01|0.05|43.6591|2.6356
00|22|0|90|1.5|24.7|315|22.3|38.9|0.01|0.05|43.6586|2.6356
00|23|0|90|1.5|24.7|315|22.3|38.7|0.01|0.05|43.6567|2.6356
00|24|0|135|0.0|24.7|315|22.5|38.7|0.01|0.05|43.6579|2.6356
00|26|0|135|1.5|24.7|315|22.7|38.7|0.01|0.05|43.6559|2.6356
00|27|0|135|1.5|24.7|315|22.7|38.7|0.01|0.05|43.6574|2.6356
00|28|0|135|3.2|24.7|315|22.6|38.7|0.01|0.05|43.6586|2.6356
00|29|0|135|1.5|24.7|315|22.5|38.7|0.01|0.05|43.6583|2.6356
00|31|0|135|0.0|24.7|315|22.5|38.7|0.01|0.05|43.6598|2.6356
00|32|0|135|0.0|24.7|315|22.6|38.7|0.01|0.05|43.6604|2.6356
00|33|0|135|0.0|24.7|315|22.7|38.7|0.01|0.05|43.6614|2.6356
00|34|0|113|0.0|24.7|315|22.8|38.7|0.01|0.05|43.6615|2.6356
00|35|0|113|1.6|24.7|315|22.8|38.7|0.01|0.05|43.6603|2.6356
00|37|0|135|1.5|24.7|315|22.9|38.9|0.00|0.05|43.6642|2.6356
00|38|0|135|0.0|24.7|315|23.1|38.9|0.00|0.05|43.6637|3.59135
00|40|0|179|1.6|24.7|315|23.2|38.7|0.00|0.05|43.6596|3.59135
00|41|0|90|4.4|24.7|315|23.4|38.7|0.00|0.05|43.6582|3.59135
00|43|0|90|1.6|24.7|315|23.5|38.7|0.00|0.05|43.6575|3.59135
00|44|0|90|1.5|24.7|315|23.6|38.6|0.00|0.05|43.6595|3.59135
00|45|0|90|1.6|24.7|315|23.6|38.6|0.00|0.05|43.6617|3.59135
00|46|0|90|2.9|24.7|315|23.8|38.6|0.00|0.05|43.6635|3.59135
00|47|0|45|2.9|24.7|315|23.8|38.5|0.00|0.05|43.6643|3.59135
00|48|0|90|0.0|24.7|315|23.8|38.4|0.00|0.05|43.6629|3.59135
00|49|0|90|2.9|24.7|315|23.8|38.4|0.00|0.05|43.6646|3.59135
00|51|0|90|1.5|24.7|315|23.4|38.4|0.00|0.05|43.6595|3.59135
00|52|0|90|0.0|24.7|315|23.5|38.4|0.00|0.05|43.6574|3.59135
00|53|0|90|1.5|24.7|315|23.6|38.4|0.00|0.05|43.656|3.59135
00|54|0|90|4.4|24.7|315|23.4|38.4|0.00|0.05|43.6567|3.59135
00|55|0|90|1.5|24.7|315|23.1|38.3|0.00|0.05|43.655|3.59135
00|56|0|90|0.0|24.7|315|23.0|38.4|0.00|0.05|43.6605|3.59135
00|57|0|90|1.5|24.7|315|22.9|38.4|0.00|0.05|43.6585|2.6356
00|58|0|90|0.0|24.7|315|22.7|38.5|0.00|0.05|43.6586|2.6356
00|59|0|90|1.5|24.7|315|22.6|38.5|0.00|0.05|43.6566|2.6356
01|00|0|90|1.5|24.7|315|22.5|38.5|0.00|0.05|43.6576|2.6356
01|02|0|90|1.6|24.7|315|22.4|38.5|0.00|0.05|43.6585|2.6356
01|03|0|90|2.9|24.7|315|22.3|38.5|0.00|0.05|43.6597|2.6356
01|04|0|179|1.6|24.7|315|22.0|38.5|0.00|0.05|43.6603|2.6356
01|05|0|90|2.9|24.7|315|21.8|38.5|0.01|0.07|43.6617|1.64027
01|07|0|45|3.2|24.7|315|21.5|38.5|0.01|0.07|43.6617|1.64027
01|08|0|90|2.9|24.7|315|21.4|38.5|0.01|0.07|43.6646|1.64027
01|09|0|45|1.6|24.7|315|21.4|38.5|0.01|0.07|43.6645|1.64027
01|11|0|45|1.5|24.7|315|21.1|38.5|0.02|0.08|43.6685|1.64027
01|12|0|45|1.5|24.7|315|21.0|38.5|0.02|0.08|43.6706|1.64027
01|13|0|45|1.6|24.7|315|21.0|38.5|0.02|0.08|43.671|1.64027
01|14|0|45|0.0|24.7|315|20.9|38.5|0.02|0.08|43.6729|0.601706
01|15|0|90|1.5|24.7|315|20.9|38.5|0.02|0.08|43.6758|0.601706
01|16|0|90|0.0|24.7|315|21.3|38.5|0.02|0.08|43.675|1.64027
01|17|0|90|2.9|24.7|315|21.8|38.5|0.02|0.08|43.6742|1.64027
01|18|0|90|3.2|24.7|315|22.3|38.5|0.02|0.08|43.6732|2.6356
01|19|0|90|2.9|24.7|315|22.7|38.5|0.02|0.08|43.6717|2.6356
01|20|0|90|2.9|24.7|315|23.2|38.5|0.02|0.08|43.6715|3.59135
01|21|0|90|2.9|24.7|315|24.2|38.5|0.02|0.08|43.6695|4.51073
01|22|0|90|1.5|24.7|315|25.1|38.5|0.02|0.08|43.6681|5.39656
01|24|0|90|0.0|24.7|315|24.8|38.5|0.02|0.08|43.6695|4.51073
01|25|0|90|0.0|24.7|315|24.4|38.5|0.02|0.08|43.6724|4.51073
01|26|0|90|3.2|24.7|315|23.8|38.5|0.02|0.08|43.6698|3.59135
01|27|0|90|1.5|24.7|315|23.0|38.5|0.02|0.08|43.6689|3.59135
01|28|0|90|1.6|24.7|315|22.5|38.5|0.02|0.08|43.6707|2.6356
01|29|0|90|1.5|24.7|315|22.2|38.5|0.02|0.08|43.6718|2.6356
01|30|0|90|2.9|24.7|315|22.1|38.5|0.02|0.08|43.6722|2.6356
01|31|0|90|1.5|24.7|315|22.1|38.4|0.02|0.08|43.6721|2.6356
01|32|0|90|1.5|24.7|315|22.0|38.4|0.02|0.08|43.6697|2.6356
01|33|0|90|1.5|24.7|315|21.9|38.4|0.02|0.08|43.672|1.64027
01|34|0|90|1.5|24.7|315|21.9|38.4|0.02|0.08|43.6723|1.64027
01|35|0|90|0.0|24.7|315|21.9|38.4|0.02|0.08|43.673|1.64027
01|36|0|90|0.0|24.7|315|21.8|38.3|0.02|0.08|43.6731|1.64027
01|37|0|90|0.0|24.7|315|21.8|38.3|0.02|0.08|43.6745|1.64027
01|38|0|90|0.0|24.7|315|21.8|38.3|0.02|0.08|43.6759|1.64027
01|39|0|90|0.0|24.7|315|21.8|38.2|0.02|0.08|43.6747|1.64027
01|40|0|90|0.0|24.7|315|21.9|38.2|0.02|0.08|43.6747|1.64027
01|41|0|90|1.5|24.7|315|21.9|38.2|0.02|0.08|43.6726|1.64027
01|42|0|90|0.0|24.7|315|21.7|38.2|0.02|0.08|43.6722|1.64027
01|43|0|90|1.6|24.7|315|21.6|38.1|0.02|0.08|43.6705|1.64027
01|45|0|90|1.6|24.7|315|21.5|38.0|0.02|0.08|43.6715|1.64027
01|46|0|90|1.5|24.7|315|21.5|38.0|0.03|0.09|43.6707|1.64027
01|47|0|179|1.6|24.7|315|21.4|38.0|0.03|0.09|43.6733|1.64027
01|48|0|90|1.5|24.7|315|21.4|37.8|0.03|0.09|43.6704|0.800949
01|50|0|90|1.6|24.7|315|21.2|37.7|0.03|0.09|43.669|0.800949
01|51|0|90|0.0|24.7|315|21.4|37.7|0.03|0.09|43.6715|0.800949
01|52|0|90|0.0|24.7|315|21.4|37.7|0.03|0.09|43.6724|0.800949
01|54|0|90|0.0|24.7|315|21.4|37.6|0.03|0.09|43.6701|0.800949
01|55|0|90|0.0|24.7|315|21.5|37.6|0.03|0.09|43.6718|0.800949
01|56|0|90|0.0|24.7|315|21.6|37.6|0.03|0.09|43.6698|0.800949
01|57|0|90|0.0|24.7|315|21.8|37.5|0.03|0.09|43.6707|0.800949
01|59|0|90|0.0|24.7|315|22.0|37.4|0.03|0.09|43.6651|1.79206
02|00|0|90|1.5|24.7|315|22.1|37.4|0.03|0.09|43.6649|1.79206
02|01|0|90|1.5|24.7|315|22.2|37.4|0.03|0.09|43.6626|1.79206
02|04|0|90|1.6|24.7|315|22.8|37.2|0.02|0.09|43.6565|1.79206
02|05|0|90|1.5|24.7|315|23.2|37.1|0.02|0.09|43.6575|2.74376
02|07|0|90|1.5|24.7|315|23.5|37.0|0.02|0.09|43.6547|2.74376
02|08|0|90|1.5|24.7|315|23.4|37.0|0.02|0.09|43.6554|2.74376
02|09|0|90|2.9|24.7|315|23.5|37.0|0.01|0.09|43.6556|2.74376
02|10|0|90|3.2|24.7|315|23.6|36.8|0.01|0.09|43.6586|1.89587
02|12|0|90|1.6|24.7|315|23.4|36.8|0.01|0.09|43.6596|1.89587
02|13|0|90|2.9|24.7|315|23.3|36.7|0.01|0.09|43.6572|1.89587
02|14|0|90|3.2|24.7|315|23.0|36.7|0.01|0.09|43.6564|1.89587
02|15|0|45|2.9|24.7|315|23.4|36.6|0.01|0.09|43.6583|1.89587
02|16|0|45|1.5|24.7|315|24.3|36.6|0.01|0.09|43.6594|2.80743
02|17|0|45|1.6|24.7|315|25.2|36.6|0.01|0.09|43.6589|3.68573
02|18|0|45|0.0|24.7|315|25.8|36.5|0.01|0.09|43.6598|3.68573
02|19|0|45|1.6|24.7|315|26.1|36.5|0.01|0.09|43.6589|4.53323
02|20|0|45|0.0|24.7|315|26.2|36.4|0.01|0.09|43.6598|4.53323
02|21|0|45|0.0|24.7|315|26.5|36.4|0.01|0.09|43.6604|4.53323
02|22|0|45|1.5|24.7|315|27.0|36.3|0.01|0.09|43.6594|5.35215
02|23|0|45|0.0|24.7|315|27.4|36.3|0.01|0.09|43.6614|5.35215
02|24|0|45|1.6|24.7|315|27.0|36.2|0.02|0.10|43.6636|5.35215
02|25|0|45|0.0|24.7|315|26.7|36.2|0.02|0.10|43.6654|4.53323
02|26|0|45|0.0|24.7|315|26.6|36.0|0.02|0.10|43.6665|4.53323
02|28|0|135|1.5|24.7|315|26.2|36.0|0.02|0.10|43.6674|4.53323
02|29|0|90|0.0|24.7|315|25.6|36.0|0.02|0.10|43.6679|3.68573
02|30|0|90|1.6|24.7|315|25.2|35.9|0.02|0.10|43.669|2.82987
02|31|0|68|1.5|24.7|315|24.9|35.9|0.02|0.10|43.6675|1.95533
02|32|0|68|3.2|24.7|315|24.4|35.9|0.02|0.10|43.6675|1.95533
02|33|0|90|1.5|24.7|315|24.0|35.9|0.02|0.10|43.6683|1.95533
02|34|0|90|1.5|24.7|315|23.8|35.9|0.02|0.10|43.6673|1.04766
02|36|0|90|1.5|24.7|315|23.8|35.9|0.02|0.10|43.6656|1.04766
02|37|0|90|0.0|24.7|315|23.9|35.9|0.02|0.10|43.6629|1.04766
02|38|0|90|2.9|24.7|315|23.9|36.0|0.02|0.10|43.6638|1.89587
02|39|0|90|1.6|24.7|315|24.2|36.0|0.02|0.10|43.6606|2.80743
02|40|0|90|1.5|24.7|315|24.8|36.0|0.02|0.10|43.6601|2.80743
02|41|0|90|3.2|24.7|315|24.7|36.0|0.02|0.10|43.6598|2.80743
02|42|0|90|1.6|24.7|315|24.3|36.0|0.02|0.10|43.6597|2.80743
02|43|0|90|3.2|24.7|315|24.1|36.0|0.02|0.10|43.6612|2.80743
02|44|0|90|2.9|24.7|315|23.9|36.0|0.02|0.10|43.6575|1.89587
02|45|0|90|1.5|24.7|315|23.7|36.0|0.01|0.10|43.6587|1.89587
02|48|0|45|1.5|24.7|315|23.5|36.2|0.01|0.10|43.6583|1.89587
02|49|0|45|1.6|24.7|315|23.3|36.2|0.01|0.10|43.6594|1.89587
02|50|0|45|1.5|24.7|315|23.6|36.0|0.01|0.10|43.6608|1.89587
02|51|0|45|1.5|24.7|315|24.3|36.0|0.01|0.10|43.6631|2.80743
02|52|0|45|2.9|24.7|315|24.8|36.0|0.01|0.10|43.664|2.80743
02|53|0|45|2.9|24.7|315|25.1|35.9|0.01|0.10|43.6649|2.82987
02|54|0|45|0.0|24.7|315|25.2|35.9|0.01|0.10|43.6653|2.82987
02|55|0|45|0.0|24.7|315|25.1|35.8|0.01|0.10|43.6649|2.82987
02|56|0|45|0.0|24.7|315|25.0|35.8|0.01|0.10|43.6656|2.82987
02|57|0|45|1.5|24.7|315|24.9|35.7|0.01|0.10|43.6637|1.95533
02|58|0|45|0.0|24.7|315|25.0|35.6|0.01|0.10|43.6634|2.82987
02|59|0|45|0.0|24.7|315|25.0|35.5|0.01|0.10|43.6645|2.82987
03|00|0|45|0.0|24.7|315|25.1|35.5|0.01|0.10|43.6644|2.82987
03|01|0|45|0.0|24.7|315|25.2|35.4|0.01|0.10|43.664|2.82987
03|02|0|45|0.0|24.7|315|25.2|35.3|0.01|0.10|43.6635|2.82987
03|03|0|45|0.0|24.7|315|25.1|35.2|0.01|0.10|43.6615|2.82987
03|04|0|45|0.0|24.7|315|25.2|35.2|0.02|0.11|43.6633|2.82987
03|05|0|45|0.0|24.7|315|25.2|35.0|0.02|0.11|43.6635|2.82987
03|06|0|45|0.0|24.7|315|25.6|35.0|0.02|0.11|43.6628|2.82987
03|07|0|45|0.0|24.7|315|26.0|34.9|0.02|0.11|43.6626|2.81394
03|09|0|90|2.9|24.7|315|26.3|34.9|0.02|0.11|43.6623|2.81394
03|10|0|90|1.5|24.7|315|26.3|34.8|0.02|0.11|43.661|2.81394
03|11|0|90|0.0|24.7|315|26.3|34.8|0.02|0.11|43.6612|2.81394
03|12|0|90|1.5|24.7|315|26.8|34.8|0.02|0.11|43.6614|2.81394
03|13|0|90|1.5|24.7|315|27.8|34.8|0.02|0.11|43.6635|3.62582
03|14|0|90|0.0|24.7|315|28.4|34.8|0.02|0.11|43.6653|4.41132
03|15|0|90|0.0|24.7|315|28.4|34.7|0.02|0.11|43.6633|4.41132
03|16|0|90|0.0|24.7|315|28.5|34.7|0.02|0.11|43.6637|4.41132
03|17|0|90|0.0|24.7|315|28.5|34.7|0.02|0.11|43.6661|4.41132
03|18|0|90|0.0|24.7|315|28.2|34.7|0.02|0.11|43.6674|4.41132
03|19|0|90|0.0|24.7|315|28.1|34.6|0.02|0.11|43.6654|4.41132
03|20|0|90|0.0|24.7|315|28.0|34.6|0.02|0.11|43.6666|4.41132
03|21|0|90|0.0|24.7|315|28.1|34.6|0.02|0.11|43.6663|4.41132
03|22|0|90|1.5|24.7|315|28.5|34.5|0.02|0.11|43.6661|4.41132
03|23|0|90|1.5|24.7|315|29.4|34.5|0.02|0.11|43.6663|5.17218
03|24|0|90|2.9|24.7|315|28.9|34.4|0.01|0.11|43.6658|4.41132
03|25|0|90|1.5|24.7|315|27.4|34.4|0.01|0.11|43.6644|3.62582
03|26|0|90|2.9|24.7|315|26.4|34.2|0.01|0.11|43.6614|2.81394
03|28|0|90|1.5|24.7|315|25.1|34.2|0.01|0.11|43.6602|1.9737
03|29|0|113|1.6|24.7|315|24.4|34.2|0.01|0.11|43.6594|1.10292
03|30|0|90|1.5|24.7|315|24.5|34.4|0.01|0.11|43.6613|1.10292
03|31|0|113|1.5|24.7|315|24.2|34.4|0.01|0.11|43.6618|1.10292
03|32|0|135|1.6|24.7|315|24.1|34.4|0.01|0.11|43.6613|1.10292
03|33|0|135|1.5|24.7|315|24.2|34.5|0.01|0.11|43.6612|1.10292
03|34|0|135|0.0|24.7|315|24.3|34.4|0.01|0.11|43.6617|1.10292
03|35|0|135|1.5|24.7|315|24.6|34.4|0.02|0.12|43.6617|1.10292
03|36|0|135|1.5|24.7|315|24.7|34.4|0.02|0.12|43.6608|1.10292
03|37|0|135|0.0|24.7|315|24.6|34.4|0.02|0.12|43.6627|1.10292
03|38|0|135|0.0|24.7|315|24.6|34.4|0.02|0.12|43.6619|1.10292
03|39|0|135|0.0|24.7|315|24.3|34.2|0.02|0.12|43.6633|1.10292
03|40|0|135|1.5|24.7|315|23.8|34.2|0.02|0.12|43.6637|0.199137
03|41|0|135|1.5|24.7|315|23.6|34.2|0.02|0.12|43.6634|0.199137
03|42|0|135|1.5|24.7|315|23.3|34.1|0.02|0.12|43.6626|0.199137
03|43|0|135|1.5|24.7|315|23.1|34.1|0.02|0.12|43.6615|0.199137
03|44|0|135|1.6|24.7|315|22.8|34.1|0.02|0.12|43.6614|-0.74044
03|45|0|135|2.9|24.7|315|22.9|34.1|0.02|0.12|43.6613|-0.74044
03|46|0|135|2.9|24.7|315|22.9|34.0|0.02|0.12|43.6615|-0.74044
03|49|0|135|2.9|24.7|315|23.1|34.0|0.02|0.12|43.6621|0.199137
03|50|0|135|1.6|24.7|315|23.2|33.9|0.02|0.12|43.6598|-0.649693
03|51|0|135|0.0|24.7|315|23.2|33.9|0.02|0.12|43.6617|-0.649693
03|52|0|135|1.6|24.7|315|23.3|33.8|0.02|0.12|43.6601|-0.649693
03|53|0|135|1.5|24.7|315|23.5|33.8|0.02|0.12|43.6631|-0.649693
03|54|0|135|2.9|24.7|315|23.5|33.7|0.02|0.12|43.6623|-0.649693
03|55|0|135|3.2|24.7|315|23.4|33.7|0.02|0.12|43.6619|-0.649693
03|56|0|135|1.5|24.7|315|23.4|33.7|0.02|0.12|43.6651|-0.649693
03|57|0|135|1.6|24.7|315|23.4|33.6|0.02|0.12|43.6622|-0.649693
03|58|0|135|1.5|24.7|315|23.4|33.6|0.02|0.12|43.6641|-0.649693
03|59|0|135|1.6|24.7|315|23.4|33.5|0.02|0.12|43.6646|-0.649693
04|00|0|135|1.5|24.7|315|23.4|33.6|0.02|0.12|43.667|-0.649693
04|01|0|135|1.6|24.7|315|23.6|33.5|0.02|0.12|43.6675|-0.649693
04|02|0|135|2.9|24.7|315|23.7|33.5|0.02|0.12|43.6683|-0.649693
04|04|0|90|1.5|24.7|315|24.0|33.3|0.02|0.12|43.6668|0.250214
04|06|0|135|1.5|24.7|315|24.6|33.2|0.01|0.12|43.6691|0.250214
04|07|0|135|3.2|24.7|315|24.8|33.2|0.01|0.12|43.6694|0.250214
04|08|0|135|1.5|24.7|315|24.9|33.2|0.01|0.12|43.6722|0.250214
04|09|0|135|4.4|24.7|315|25.0|33.1|0.01|0.12|43.6724|1.11724
04|10|0|135|2.9|24.7|315|25.0|33.1|0.01|0.12|43.6716|1.11724
04|11|0|135|1.6|24.7|315|25.1|33.1|0.01|0.12|43.6711|1.11724
04|12|0|135|1.5|24.7|315|25.3|33.0|0.01|0.12|43.6702|1.11724
04|13|0|135|1.6|24.7|315|25.5|33.0|0.01|0.12|43.6709|1.11724
04|14|0|135|1.6|24.7|315|25.7|33.0|0.01|0.12|43.6692|1.11724
04|15|0|135|1.5|24.7|315|25.9|33.0|0.01|0.12|43.6681|1.11724
04|16|0|180|3.2|24.7|315|26.1|33.0|0.01|0.12|43.6695|1.95385
04|17|0|135|2.9|24.7|315|26.2|33.0|0.01|0.12|43.6686|1.95385
04|18|0|135|3.2|24.7|315|26.3|33.0|0.01|0.12|43.6678|1.95385
04|19|0|135|1.5|24.7|315|26.2|33.0|0.01|0.12|43.6678|1.95385
04|20|0|135|1.5|24.7|315|26.1|33.0|0.01|0.12|43.6677|1.95385
04|21|0|180|1.5|24.7|315|26.0|33.0|0.01|0.12|43.6678|1.95385
04|22|0|180|2.9|24.7|315|25.4|33.0|0.01|0.12|43.6685|1.11724
04|23|0|180|1.6|24.7|315|25.0|33.0|0.01|0.12|43.6677|1.11724
04|24|0|180|0.0|24.7|315|25.0|33.1|0.01|0.12|43.6693|1.11724
04|26|0|90|0.0|24.7|315|25.1|33.1|0.01|0.12|43.6709|1.11724
04|27|0|90|1.6|24.7|315|25.2|33.1|0.01|0.12|43.6704|1.11724
04|28|0|90|1.5|24.7|315|25.3|33.1|0.01|0.12|43.6695|1.11724
04|29|0|90|1.6|24.7|315|25.3|33.2|0.01|0.12|43.6688|1.11724
04|30|0|90|0.0|24.7|315|25.6|33.2|0.01|0.12|43.6684|1.11724
04|31|0|135|2.9|24.7|315|25.9|33.1|0.01|0.12|43.6683|1.11724
04|32|0|135|1.5|24.7|315|26.1|33.1|0.01|0.12|43.6686|1.95385
04|33|0|135|1.5|24.7|315|26.2|33.0|0.01|0.12|43.6702|1.95385
04|34|0|135|1.6|24.7|315|26.1|33.0|0.00|0.12|43.6692|1.95385
04|35|0|135|1.5|24.7|315|26.1|32.9|0.00|0.12|43.6672|1.09348
04|36|0|180|3.2|24.7|315|26.0|32.8|0.00|0.12|43.6663|1.09348
04|37|0|180|2.9|24.7|315|25.8|32.8|0.00|0.12|43.6678|0.260487
04|38|0|135|2.9|24.7|315|25.6|32.8|0.00|0.12|43.6677|0.260487
04|39|0|135|0.0|24.7|315|25.6|32.8|0.00|0.12|43.6693|0.260487
04|40|0|135|2.9|24.7|315|25.5|32.8|0.00|0.12|43.6684|0.260487
04|41|0|135|2.9|24.7|315|25.5|32.8|0.00|0.12|43.6708|0.260487
04|42|0|135|1.5|24.7|315|25.5|32.7|0.00|0.12|43.67|0.260487
04|43|0|135|2.9|24.7|315|25.5|32.8|0.00|0.12|43.673|0.260487
04|44|0|135|4.4|24.7|315|25.4|32.8|0.00|0.12|43.6742|0.260487
04|45|0|135|1.5|24.7|315|25.2|32.8|0.00|0.12|43.6708|0.260487
04|47|0|135|0.0|24.7|315|25.3|32.9|0.00|0.12|43.672|0.260487
04|48|0|90|1.5|24.7|315|25.3|33.0|0.00|0.12|43.6722|1.11724
04|49|0|135|1.6|24.7|315|25.4|33.0|0.00|0.12|43.6706|1.11724
04|51|0|90|1.5|24.7|315|25.6|33.0|0.00|0.12|43.6689|1.11724
04|53|0|135|2.9|24.7|315|25.5|33.0|0.00|0.12|43.6673|1.11724
04|54|0|135|2.9|24.7|315|25.5|33.0|0.00|0.12|43.6661|1.11724
04|55|0|113|2.9|24.7|315|25.3|33.0|0.00|0.12|43.6656|1.11724
04|56|0|135|2.9|24.7|315|25.2|32.9|0.00|0.12|43.663|0.260487
04|57|0|90|3.2|24.7|315|25.3|32.9|0.00|0.12|43.6644|0.260487
04|58|0|135|2.9|24.7|315|25.4|32.9|0.00|0.12|43.663|0.260487
05|00|0|90|1.5|24.7|315|25.4|33.0|0.00|0.12|43.6656|1.11724
05|01|0|113|2.9|24.7|315|25.3|33.0|0.00|0.12|43.6668|1.11724
05|02|0|90|1.6|24.7|315|25.1|33.0|0.00|0.12|43.6674|1.11724
05|03|0|90|2.9|24.7|315|24.9|33.0|0.00|0.12|43.6679|0.250214
05|04|0|135|1.6|24.7|315|24.7|33.0|0.00|0.12|43.6658|0.250214
05|05|0|113|2.9|24.7|315|24.8|33.1|0.00|0.12|43.6693|0.250214
05|06|0|135|1.5|24.7|315|24.8|33.1|0.00|0.12|43.6683|0.250214
05|08|0|113|1.5|24.7|315|24.7|33.2|0.00|0.12|43.6689|0.250214
05|09|0|90|1.5|24.7|315|24.7|33.2|0.00|0.12|43.666|0.250214
05|10|0|135|1.5|24.7|315|24.7|33.3|0.00|0.12|43.6651|0.250214
05|11|0|135|1.5|24.7|315|24.8|33.3|0.00|0.12|43.6633|0.250214
05|13|0|90|1.5|24.7|315|25.0|33.3|0.00|0.12|43.6635|1.11724
05|14|0|90|0.0|24.7|315|25.0|33.3|0.00|0.12|43.6627|1.11724
05|15|0|90|1.5|24.7|315|25.2|33.3|0.00|0.12|43.6666|1.11724
05|16|0|90|1.5|24.7|315|25.3|33.3|0.00|0.12|43.667|1.11724
05|17|0|90|1.5|24.7|315|25.4|33.3|0.01|0.13|43.6668|1.11724
05|18|0|135|1.6|24.7|315|25.5|33.3|0.01|0.13|43.6673|1.11724
05|19|0|135|1.5|24.7|315|25.4|33.3|0.01|0.13|43.6676|1.11724
05|20|0|135|1.6|24.7|315|25.4|33.3|0.01|0.13|43.666|1.11724
05|21|0|135|1.5|24.7|315|25.5|33.3|0.01|0.13|43.6656|1.11724
05|23|0|135|1.5|24.7|315|25.9|33.2|0.02|0.14|43.6659|1.11724
05|24|0|135|0.0|24.7|315|26.0|33.1|0.02|0.14|43.667|1.95385
05|26|0|135|3.2|24.7|315|26.3|33.0|0.02|0.14|43.6677|1.95385
05|27|0|135|2.9|24.7|315|26.5|33.0|0.02|0.14|43.67|1.95385
05|29|0|180|1.5|24.7|315|26.6|32.9|0.02|0.14|43.6683|1.09348
05|30|0|135|3.2|24.7|315|26.6|32.8|0.02|0.14|43.6675|1.09348
05|31|0|158|2.9|24.7|315|26.4|32.8|0.02|0.14|43.6675|1.09348
05|33|0|180|1.5|24.7|315|25.7|32.7|0.02|0.14|43.6686|0.260487
05|34|0|135|2.9|24.7|315|25.6|32.8|0.02|0.14|43.6698|0.260487
05|35|0|158|1.6|24.7|315|25.6|32.8|0.02|0.14|43.6699|0.260487
05|37|0|158|1.6|24.7|315|25.3|32.9|0.02|0.14|43.6707|0.260487
05|38|0|180|1.5|24.7|315|25.1|32.9|0.02|0.14|43.6705|0.260487
05|39|0|225|1.6|24.7|315|25.0|32.9|0.02|0.14|43.6686|0.260487
05|40|0|135|1.5|24.7|315|25.0|33.0|0.02|0.14|43.6691|1.11724
05|41|0|135|1.5|24.7|315|24.9|33.0|0.02|0.14|43.6684|0.250214
05|42|0|180|1.6|24.7|315|25.1|33.1|0.02|0.14|43.6699|1.11724
05|44|0|180|2.9|24.7|315|25.2|33.1|0.02|0.14|43.6685|1.11724
05|45|0|135|2.9|24.7|315|25.0|33.1|0.02|0.14|43.6694|1.11724
05|47|0|180|1.6|24.7|315|24.8|33.1|0.02|0.14|43.6665|0.250214
05|48|0|180|2.9|24.7|315|24.8|33.1|0.02|0.14|43.6678|0.250214
05|50|0|158|4.4|24.7|315|24.8|33.1|0.02|0.14|43.6678|0.250214
05|51|0|180|1.5|24.7|315|24.5|33.1|0.02|0.14|43.6685|0.250214
05|52|0|180|1.5|24.7|315|24.5|33.1|0.03|0.15|43.6675|0.250214
05|53|0|180|1.6|24.7|315|24.5|33.1|0.03|0.15|43.6695|0.250214
05|54|0|180|2.9|24.7|315|24.4|33.1|0.03|0.15|43.6693|0.250214
05|55|0|180|2.9|24.7|315|24.4|33.1|0.03|0.15|43.6698|0.250214
05|56|0|180|1.6|24.7|315|24.4|33.1|0.03|0.15|43.6721|0.250214
05|57|0|135|2.9|24.7|315|24.5|33.1|0.03|0.15|43.6713|0.250214
05|58|0|135|1.5|24.7|315|24.5|33.1|0.03|0.15|43.6706|0.250214
06|00|0|135|0.0|24.7|315|24.5|33.2|0.03|0.15|43.6721|0.250214
06|01|0|135|1.6|24.7|315|24.6|33.2|0.03|0.15|43.6707|0.250214
06|02|0|135|1.5|24.7|315|24.5|33.2|0.03|0.15|43.6694|0.250214
06|03|0|135|0.0|24.7|315|24.4|33.2|0.03|0.15|43.6722|0.250214
06|04|0|135|1.5|24.7|315|24.4|33.2|0.03|0.15|43.6721|0.250214
06|06|0|180|0.0|24.7|315|24.4|33.2|0.03|0.15|43.6737|0.250214
06|07|0|180|0.0|24.7|315|24.3|33.2|0.03|0.15|43.6742|0.250214
06|09|0|180|1.5|24.7|315|24.5|33.2|0.03|0.15|43.6758|0.250214
06|10|0|180|0.0|24.7|315|24.5|33.2|0.03|0.15|43.6783|0.250214
06|12|0|180|1.5|24.7|315|24.5|33.2|0.03|0.15|43.6775|0.250214
06|13|0|180|0.0|24.7|315|24.5|33.2|0.03|0.15|43.6797|0.250214
06|14|0|180|0.0|24.7|315|24.4|33.1|0.03|0.15|43.6791|0.250214
06|15|0|180|0.0|24.7|315|24.4|33.1|0.03|0.15|43.6806|0.250214
06|16|0|180|0.0|24.7|315|24.5|33.0|0.02|0.15|43.6798|0.250214
06|17|0|180|0.0|24.7|315|24.5|33.0|0.02|0.15|43.6785|0.250214
06|18|0|180|0.0|24.7|315|24.5|32.9|0.02|0.15|43.6786|-0.60281
06|20|0|180|0.0|24.7|315|24.6|32.9|0.02|0.15|43.6775|-0.60281
06|21|0|180|0.0|24.7|315|24.8|32.8|0.02|0.15|43.6776|-0.60281
06|22|0|315|1.6|24.7|315|25.1|32.8|0.01|0.15|43.6789|0.260487
06|23|0|270|1.5|24.7|315|25.6|32.7|0.01|0.15|43.6768|0.260487
06|24|0|270|1.6|24.7|315|25.7|32.6|0.01|0.15|43.6801|0.260487
06|25|0|315|1.5|24.7|315|26.0|32.5|0.01|0.15|43.6817|1.09348
06|26|0|315|1.5|24.7|315|26.5|32.3|0.01|0.15|43.6814|1.09348
06|27|0|315|1.6|24.7|315|27.1|32.2|0.01|0.15|43.6789|1.89835
06|28|0|315|2.9|24.7|315|27.7|32.1|0.01|0.15|43.6796|1.89835
06|29|0|315|1.5|24.7|315|28.3|32.0|0.01|0.15|43.6791|2.67704
06|31|0|315|1.5|24.7|315|30.2|31.8|0.01|0.15|43.6783|3.28869
06|33|0|315|4.4|24.7|315|30.9|31.7|0.01|0.15|43.6806|3.28869
06|34|0|270|1.6|24.7|315|31.0|31.5|0.01|0.15|43.686|3.99558
06|35|0|315|0.0|24.7|315|31.0|31.3|0.01|0.15|43.687|3.99558
06|36|0|315|0.0|24.7|315|31.2|31.2|0.01|0.15|43.6888|3.99558
06|37|0|225|1.5|24.7|315|31.0|31.2|0.01|0.15|43.6908|3.99558
06|38|0|225|0.0|24.7|315|30.8|31.0|0.01|0.15|43.6868|3.28869
06|39|0|315|0.0|24.7|315|30.6|31.0|0.01|0.15|43.6878|3.28869
06|40|0|315|1.5|24.7|315|30.7|31.0|0.01|0.15|43.6881|3.28869
06|41|0|315|0.0|24.7|315|30.9|30.9|0.01|0.15|43.6865|2.41439
06|42|0|315|0.0|24.7|315|31.3|30.9|0.01|0.15|43.6875|3.11817
06|43|0|315|0.0|24.7|315|31.8|30.9|0.01|0.15|43.6881|3.11817
06|44|0|315|0.0|24.7|315|32.4|30.9|0.01|0.15|43.6916|3.80198
06|45|0|315|1.5|24.7|315|33.0|30.8|0.01|0.15|43.6915|4.467
06|46|0|270|3.2|24.7|315|33.9|30.8|0.01|0.15|43.6948|4.467
06|47|0|315|1.5|24.7|315|34.4|30.6|0.01|0.15|43.6953|5.11428
06|48|0|315|1.5|24.7|315|34.9|30.5|0.01|0.15|43.6941|5.11428
06|49|0|315|4.4|24.7|315|35.7|30.5|0.01|0.15|43.6968|5.74481
06|50|0|315|2.9|24.7|315|36.8|30.4|0.01|0.15|43.6955|6.35948
06|51|0|315|2.9|24.7|315|37.8|30.3|0.00|0.15|43.6958|6.95912
06|53|0|315|4.4|24.7|315|39.0|30.2|0.00|0.15|43.6955|8.11629
06|54|0|315|3.2|24.7|315|40.0|30.1|0.01|0.17|43.6955|8.67518
06|56|0|315|4.8|24.7|315|40.3|29.7|0.01|0.17|43.6936|7.77288
06|57|0|315|1.5|24.7|315|40.5|29.6|0.01|0.17|43.6933|7.77288
06|58|0|315|4.4|24.7|315|40.5|29.6|0.01|0.17|43.6932|7.77288
06|59|0|315|4.8|24.7|315|40.3|29.5|0.01|0.17|43.6915|7.77288
07|00|0|315|2.9|24.7|315|40.2|29.4|0.01|0.17|43.691|7.77288
07|01|0|315|0.0|24.7|315|40.3|29.4|0.01|0.17|43.6918|7.77288
07|02|0|315|0.0|24.7|315|40.2|29.4|0.01|0.17|43.6938|7.77288
07|03|0|315|0.0|24.7|315|40.0|29.4|0.01|0.17|43.6923|7.77288
07|04|0|315|1.5|24.7|315|40.1|29.4|0.01|0.17|43.6927|7.77288
07|05|0|315|1.5|24.7|315|40.4|29.4|0.01|0.17|43.6938|7.77288
07|06|0|315|1.5|24.7|315|40.7|29.4|0.01|0.17|43.6939|7.77288
07|07|0|315|1.5|24.7|315|40.8|29.4|0.01|0.17|43.6954|7.77288
07|08|0|315|1.5|24.7|315|40.8|29.4|0.01|0.17|43.6933|7.77288
07|09|0|315|1.5|24.7|315|40.9|29.4|0.01|0.17|43.695|7.77288
07|10|0|315|1.5|24.7|315|41.1|29.4|0.01|0.17|43.6954|8.31702
07|11|0|315|1.5|24.7|315|41.1|29.3|0.01|0.17|43.6948|8.31702
07|12|0|315|1.5|24.7|315|41.3|29.3|0.01|0.17|43.6931|8.31702
07|14|0|315|1.6|24.7|315|41.3|29.3|0.01|0.17|43.6943|8.31702
07|15|0|315|1.5|24.7|315|41.0|29.2|0.01|0.17|43.6934|8.31702
07|16|0|315|1.6|24.7|315|40.9|29.2|0.01|0.17|43.6917|7.77288
07|17|0|270|2.9|24.7|315|40.7|29.2|0.01|0.17|43.6926|7.77288
07|18|0|270|0.0|24.7|315|40.3|29.2|0.01|0.17|43.6924|7.77288
07|20|0|270|0.0|24.7|315|39.8|29.2|0.01|0.17|43.6924|7.21648
07|21|0|270|0.0|24.7|315|39.7|29.3|0.01|0.17|43.6952|7.21648
07|22|0|270|0.0|24.7|315|39.4|29.2|0.01|0.17|43.6937|7.21648
07|23|0|270|1.5|24.7|315|39.4|29.3|0.01|0.17|43.6934|7.21648
07|24|0|315|3.2|24.7|315|39.3|29.3|0.01|0.17|43.6936|7.21648
07|25|0|315|1.5|24.7|315|39.4|29.3|0.01|0.17|43.6933|7.21648
07|26|0|315|2.9|24.7|315|39.6|29.3|0.02|0.18|43.6923|7.21648
07|27|0|315|3.2|24.7|315|39.6|29.4|0.02|0.18|43.6925|7.21648
07|28|0|315|1.5|24.7|315|39.3|29.4|0.02|0.18|43.6918|7.21648
07|29|0|315|2.9|24.7|315|39.1|29.4|0.02|0.18|43.6915|7.21648
07|30|0|270|2.9|24.7|315|38.6|29.4|0.02|0.18|43.6909|6.64722
07|31|0|270|2.9|24.7|315|38.5|29.5|0.02|0.18|43.6922|6.64722
07|32|0|315|1.6|24.7|315|38.3|29.5|0.02|0.18|43.6911|6.64722
07|33|0|315|1.5|24.7|315|38.3|29.6|0.02|0.18|43.6918|6.64722
07|35|0|315|0.0|24.7|315|38.6|29.6|0.02|0.18|43.6929|6.64722
07|36|0|315|1.5|24.7|315|38.6|29.7|0.02|0.18|43.6932|6.64722
07|37|0|315|0.0|24.7|315|38.2|29.7|0.02|0.18|43.6941|6.64722
07|38|0|315|1.5|24.7|315|37.9|29.9|0.02|0.18|43.6939|6.06446
07|39|0|315|0.0|24.7|315|38.1|30.0|0.02|0.18|43.6969|7.54449
07|40|0|315|1.5|24.7|315|38.3|30.0|0.02|0.18|43.6978|7.54449
07|41|0|270|1.6|24.7|315|38.2|30.1|0.02|0.18|43.6986|7.54449
07|42|0|270|1.5|24.7|315|38.1|30.2|0.02|0.18|43.6975|7.54449
07|43|0|270|0.0|24.7|315|37.8|30.2|0.02|0.18|43.698|6.95912
07|44|0|270|0.0|24.7|315|37.5|30.3|0.02|0.18|43.697|6.95912
07|45|0|270|0.0|24.7|315|37.2|30.4|0.02|0.18|43.6991|6.95912
07|46|0|270|0.0|24.7|315|37.1|30.4|0.02|0.18|43.7001|6.95912
07|47|0|270|0.0|24.7|315|37.1|30.5|0.02|0.18|43.7012|6.95912
07|48|0|270|0.0|24.7|315|37.1|30.6|0.02|0.18|43.702|6.95912
07|49|0|270|0.0|24.7|315|37.2|30.6|0.02|0.18|43.703|6.95912
07|51|0|270|0.0|24.7|315|36.7|30.9|0.02|0.18|43.705|6.35948
07|52|0|270|1.5|24.7|315|36.5|30.9|0.02|0.18|43.7009|6.35948
07|53|0|270|0.0|24.7|315|36.3|31.0|0.01|0.18|43.7014|7.25125
07|56|0|270|0.0|24.7|315|36.6|31.1|0.01|0.18|43.7006|7.25125
07|57|0|270|0.0|24.7|315|36.4|31.2|0.01|0.18|43.7012|7.25125
07|58|0|270|0.0|24.7|315|36.1|31.3|0.01|0.18|43.7011|7.25125
07|59|0|270|0.0|24.7|315|36.3|31.3|0.01|0.18|43.7011|7.25125
08|00|0|270|0.0|24.7|315|36.6|31.4|0.01|0.18|43.7025|7.25125
08|01|0|270|0.0|24.7|315|36.9|31.5|0.01|0.18|43.7038|7.25125
08|02|0|270|0.0|24.7|315|36.5|31.7|0.01|0.18|43.7033|7.25125
08|03|0|270|0.0|24.7|315|36.8|31.7|0.01|0.18|43.7021|7.25125
08|04|0|270|0.0|24.7|315|36.2|31.8|0.01|0.18|43.7014|7.25125
08|05|0|270|0.0|24.7|315|35.6|31.9|0.01|0.18|43.701|6.63384
08|06|0|270|0.0|24.7|315|35.5|31.9|0.01|0.18|43.6991|6.63384
08|07|0|270|0.0|24.7|315|35.7|32.0|0.01|0.18|43.6954|7.52263
08|08|0|270|0.0|24.7|315|35.5|32.1|0.01|0.18|43.6952|7.52263
08|09|0|270|0.0|24.7|315|35.2|32.3|0.01|0.18|43.6958|7.52263
08|10|0|270|1.5|24.7|315|35.1|32.5|0.01|0.18|43.6975|7.52263
08|11|0|270|0.0|24.7|315|35.5|32.5|0.01|0.18|43.6972|7.52263
08|12|0|270|1.6|24.7|315|35.3|32.6|0.01|0.18|43.7011|7.52263
08|13|0|270|2.9|24.7|315|34.9|32.7|0.01|0.18|43.7022|6.8865
08|14|0|270|1.5|24.7|315|34.6|32.8|0.01|0.18|43.7004|6.8865
08|16|0|315|3.2|24.7|315|34.6|32.9|0.01|0.18|43.6995|6.8865
08|18|0|315|1.5|24.7|315|36.2|33.1|0.01|0.18|43.7007|9.03407
08|19|0|315|2.9|24.7|315|36.4|33.2|0.01|0.18|43.6994|9.03407
08|20|0|315|1.5|24.7|315|35.7|33.2|0.01|0.18|43.7009|8.41119
08|22|0|270|4.4|24.7|315|35.1|33.6|0.01|0.18|43.7017|8.41119
08|23|0|270|1.6|24.7|315|34.5|33.6|0.01|0.18|43.7001|7.77225
08|25|0|270|1.5|24.7|315|33.4|33.9|0.00|0.18|43.7007|7.11635
08|26|0|270|0.0|24.7|315|33.1|34.0|0.00|0.18|43.6994|7.99897
08|27|0|270|1.6|24.7|315|32.9|34.1|0.00|0.18|43.6966|7.32215
08|28|0|270|1.5|24.7|315|32.7|34.4|0.00|0.18|43.6991|7.32215
08|29|0|270|1.5|24.7|315|32.3|34.5|0.00|0.18|43.6998|7.32215
08|30|0|180|1.6|24.7|315|32.3|34.6|0.00|0.18|43.6991|7.32215
08|32|0|135|2.9|24.7|315|31.0|34.9|0.00|0.18|43.7025|6.62623
08|33|0|158|1.5|24.7|315|30.6|35.2|0.01|0.19|43.7043|6.78325
08|34|0|225|1.5|24.7|315|30.8|35.3|0.01|0.19|43.7017|6.78325
08|35|0|135|1.6|24.7|315|30.6|35.5|0.01|0.19|43.6996|6.78325
08|36|0|225|2.9|24.7|315|30.3|35.7|0.01|0.19|43.7017|6.78325
08|37|0|135|3.2|24.7|315|29.9|35.8|0.01|0.19|43.7017|6.04221
08|39|0|158|4.4|24.7|315|29.1|36.0|0.01|0.19|43.7034|6.91195
08|40|0|180|2.9|24.7|315|28.7|36.3|0.01|0.19|43.7054|6.14447
08|41|0|180|6.4|24.7|315|28.6|36.4|0.01|0.19|43.707|6.14447
08|42|0|180|4.4|24.7|315|28.1|36.6|0.01|0.19|43.7054|6.14447
08|43|0|90|2.9|24.7|315|27.8|36.8|0.01|0.19|43.7023|5.35215
08|44|0|90|4.4|24.7|315|27.6|37.0|0.01|0.19|43.7005|6.21489
08|45|0|180|4.4|24.7|315|27.4|37.2|0.01|0.19|43.7013|6.21489
08|46|0|180|8.1|24.7|315|26.9|37.3|0.01|0.19|43.7002|5.39244
08|47|0|158|4.4|24.7|315|26.2|37.4|0.01|0.19|43.6975|5.39244
08|48|0|180|4.4|24.7|315|26.1|37.6|0.01|0.19|43.6956|5.39244
08|49|0|135|1.6|24.7|315|26.2|37.8|0.01|0.19|43.6961|5.39244
08|50|0|135|4.4|24.7|315|26.2|38.0|0.01|0.19|43.6942|6.25136
08|51|0|135|4.4|24.7|315|26.1|38.1|0.01|0.19|43.6981|6.25136
08|52|0|135|1.5|24.7|315|26.2|38.3|0.01|0.19|43.6977|6.25136
08|53|0|135|2.9|24.7|315|25.7|38.4|0.01|0.19|43.6997|5.39656
08|54|0|135|2.9|24.7|315|25.1|38.6|0.01|0.19|43.6985|5.39656
08|55|0|135|5.8|24.7|315|25.1|38.7|0.01|0.19|43.698|5.39656
08|56|0|135|2.9|24.7|315|24.0|38.9|0.01|0.19|43.6959|4.51073
08|57|0|135|4.8|24.7|315|23.2|38.9|0.01|0.19|43.691|3.59135
08|58|0|135|5.8|24.7|315|22.6|39.1|0.01|0.19|43.691|3.47881
09|00|0|135|3.2|24.7|315|22.2|39.2|0.01|0.19|43.6898|3.47881
09|01|0|135|5.8|24.7|315|21.9|39.3|0.01|0.19|43.6883|2.47927
09|02|0|180|3.2|24.7|315|21.3|39.4|0.01|0.19|43.6904|2.47927
09|03|0|180|5.8|24.7|315|21.2|39.7|0.01|0.19|43.6941|2.47927
09|04|0|180|7.3|24.7|315|21.3|39.8|0.01|0.19|43.6932|2.47927
09|05|0|135|4.8|24.7|315|21.6|39.9|0.01|0.19|43.6946|2.47927
09|06|0|180|10.2|24.7|315|21.5|39.9|0.01|0.19|43.6938|2.47927
09|07|0|135|1.6|24.7|315|21.6|40.0|0.01|0.19|43.6955|3.31793
09|08|0|225|2.9|24.7|315|22.0|40.1|0.01|0.19|43.6956|4.32171
09|09|0|180|4.4|24.7|315|22.5|40.2|0.01|0.19|43.697|4.32171
09|10|0|180|4.4|24.7|315|22.6|40.3|0.01|0.19|43.6993|4.32171
09|11|0|180|2.9|24.7|315|22.4|40.4|0.01|0.19|43.6987|4.32171
09|12|0|135|5.8|24.7|315|22.5|40.5|0.01|0.19|43.701|4.32171
09|13|0|135|4.4|24.7|315|22.4|40.7|0.02|0.20|43.7027|4.32171
09|14|0|180|5.8|24.7|315|22.3|40.7|0.02|0.20|43.6997|4.32171
09|15|0|180|2.9|24.7|315|22.5|40.8|0.02|0.20|43.7029|4.32171
09|16|0|180|4.4|24.7|315|22.5|40.9|0.02|0.20|43.7037|4.32171
09|17|0|180|3.2|24.7|315|22.4|40.9|0.02|0.20|43.7045|4.32171
09|18|0|180|4.4|24.7|315|22.5|41.0|0.02|0.20|43.708|5.16429
09|19|0|135|2.9|24.7|315|22.4|41.1|0.02|0.20|43.7071|5.16429
09|20|0|225|4.4|24.7|315|22.5|41.2|0.02|0.20|43.7065|5.16429
09|22|0|180|5.8|24.7|315|22.5|41.3|0.02|0.20|43.7017|5.16429
09|23|0|180|6.4|24.7|315|22.4|41.5|0.02|0.20|43.7036|5.16429
09|24|0|135|7.3|24.7|315|22.5|41.6|0.02|0.20|43.7065|5.16429
09|25|0|135|5.8|24.7|315|22.4|41.7|0.02|0.20|43.7034|5.16429
09|26|0|135|4.4|24.7|315|21.7|41.7|0.02|0.20|43.7001|4.15628
09|27|0|135|5.8|24.7|315|21.0|41.8|0.02|0.20|43.6971|4.15628
09|28|0|225|8.1|24.7|315|20.1|41.9|0.02|0.20|43.6959|3.10452
09|29|0|180|5.8|24.7|315|19.2|41.9|0.02|0.20|43.6941|2.00477
09|30|0|180|6.4|24.7|315|18.7|42.0|0.02|0.20|43.6938|1.67628
09|31|0|135|2.9|24.7|315|18.3|42.1|0.02|0.20|43.695|1.67628
09|32|0|158|2.9|24.7|315|18.0|42.1|0.02|0.20|43.6959|1.67628
09|33|0|180|5.8|24.7|315|18.0|42.2|0.01|0.20|43.6955|1.67628
09|34|0|158|10.2|24.7|315|18.0|42.3|0.01|0.20|43.6959|1.67628
09|35|0|135|13.1|24.7|315|17.6|42.5|0.01|0.20|43.6937|0.459925
09|36|0|113|11.6|24.7|315|17.6|42.6|0.01|0.20|43.6936|0.459925
09|38|0|135|11.6|24.7|315|17.5|42.8|0.01|0.20|43.6924|0.459925
09|39|0|113|7.3|24.7|315|17.7|43.0|0.01|0.20|43.6911|1.27872
09|40|0|135|8.7|24.7|315|17.8|43.2|0.01|0.20|43.6921|1.27872
09|41|0|135|7.3|24.7|315|17.8|43.5|0.01|0.20|43.6925|1.27872
09|42|0|113|9.7|24.7|315|17.0|43.6|0.01|0.20|43.6888|1.27872
09|44|0|135|2.9|24.7|315|16.8|43.8|0.01|0.20|43.6899|-0.00858307
09|45|0|180|4.4|24.7|315|16.8|44.0|0.01|0.20|43.6904|0.804544
09|46|0|135|5.8|24.7|315|16.6|44.2|0.01|0.20|43.69|0.804544
09|47|0|135|11.6|24.7|315|16.5|44.2|0.01|0.20|43.6897|0.804544
09|48|0|248|11.3|24.7|315|16.6|44.3|0.01|0.20|43.6886|0.804544
09|49|0|135|7.3|24.7|315|16.9|44.4|0.01|0.20|43.6913|0.804544
09|50|0|135|8.1|24.7|315|17.1|44.6|0.01|0.20|43.6924|2.09717
09|51|0|180|2.9|24.7|315|17.1|44.6|0.01|0.20|43.6914|2.09717
09|52|0|135|1.6|24.7|315|17.0|44.8|0.01|0.20|43.6939|2.09717
09|53|0|135|4.4|24.7|315|16.7|44.9|0.01|0.20|43.6931|0.804544
09|55|0|135|4.8|24.7|315|16.2|45.0|0.01|0.20|43.6877|1.61731
09|56|0|180|5.8|24.7|315|15.9|44.9|0.01|0.20|43.6867|-0.562317
09|57|0|135|8.1|24.7|315|15.9|44.8|0.01|0.20|43.686|-0.562317
09|59|0|180|8.7|24.7|315|15.7|44.7|0.01|0.20|43.6885|-0.562317
10|00|0|180|7.3|24.7|315|15.9|44.8|0.01|0.20|43.6876|-0.562317
10|01|0|180|4.4|24.7|315|15.8|44.8|0.01|0.20|43.6847|-0.562317
10|02|0|180|5.8|24.7|315|16.5|45.0|0.01|0.20|43.6839|1.61731
10|03|0|135|5.8|24.7|315|16.5|45.2|0.02|0.21|43.6842|1.61731
10|04|0|180|8.0|24.7|315|16.2|45.2|0.02|0.21|43.6802|1.61731
10|06|0|90|4.4|24.7|315|16.0|45.4|0.02|0.21|43.6801|1.61731
10|07|0|180|5.8|24.7|315|16.3|45.5|0.02|0.21|43.6803|1.61731
10|08|0|135|6.4|24.7|315|16.3|45.6|0.02|0.21|43.6816|1.61731
10|09|0|225|7.3|24.7|315|15.9|45.7|0.02|0.21|43.6808|0.244846
10|10|0|158|4.8|24.7|315|16.2|46.0|0.02|0.21|43.6789|2.42971
10|11|0|135|11.6|24.7|315|16.0|46.0|0.02|0.21|43.6782|2.42971
10|12|0|135|7.3|24.7|315|15.7|46.2|0.02|0.21|43.6801|1.05163
10|13|0|135|4.4|24.7|315|15.7|46.3|0.01|0.21|43.6775|1.05163
10|14|0|135|5.8|24.7|315|15.4|46.4|0.01|0.21|43.6778|1.05163
10|15|0|90|4.4|24.7|315|15.1|46.4|0.01|0.21|43.6819|1.05163
10|16|0|135|1.5|24.7|315|15.2|46.5|0.01|0.21|43.6827|1.05163
10|17|0|135|2.9|24.7|315|14.9|46.7|0.01|0.21|43.6819|-0.411037
10|18|0|90|2.9|24.7|315|15.1|46.8|0.01|0.21|43.6842|1.05163
10|19|0|90|2.9|24.7|315|15.3|47.1|0.01|0.21|43.6794|1.85804
10|20|0|90|1.5|24.7|315|14.9|47.3|0.01|0.21|43.6826|0.389425
10|22|0|135|5.8|24.7|315|14.9|47.4|0.01|0.21|43.685|0.389425
10|23|0|45|3.2|24.7|315|14.8|47.5|0.01|0.21|43.6889|0.389425
10|24|0|135|2.9|24.7|315|14.7|47.6|0.01|0.21|43.6877|0.389425
10|25|0|158|4.8|24.7|315|14.6|47.7|0.01|0.21|43.6859|0.389425
10|26|0|180|1.5|24.7|315|14.7|47.9|0.01|0.21|43.6841|0.389425
10|28|0|135|5.8|24.7|315|14.8|48.2|0.01|0.21|43.6818|1.1895
10|29|0|135|4.4|24.7|315|14.7|48.2|0.01|0.21|43.6808|1.1895
10|30|0|180|8.1|24.7|315|14.5|48.1|0.01|0.21|43.6811|1.1895
10|31|0|203|1.5|24.7|315|14.3|48.2|0.01|0.21|43.6813|1.1895
10|32|0|225|4.4|24.7|315|14.6|48.4|0.01|0.21|43.681|1.1895
10|33|0|180|5.8|24.7|315|14.4|48.5|0.01|0.21|43.6824|1.1895
10|34|0|225|2.9|24.7|315|14.2|48.7|0.01|0.21|43.6822|1.1895
10|35|0|225|1.6|24.7|315|14.3|48.9|0.01|0.21|43.683|1.1895
10|36|0|225|1.5|24.7|315|14.4|49.1|0.01|0.21|43.6865|1.98921
10|37|0|45|1.5|24.7|315|14.3|49.3|0.01|0.21|43.6835|1.98921
10|38|0|90|1.5|24.7|315|13.8|49.5|0.01|0.21|43.6826|0.411097
10|39|0|0|2.9|24.7|315|13.9|49.7|0.01|0.21|43.6811|0.411097
10|40|0|113|1.6|24.7|315|14.6|49.9|0.01|0.21|43.6785|1.98921
10|42|0|180|1.5|24.7|315|14.5|50.1|0.01|0.21|43.6752|2.78853
10|44|0|180|1.6|24.7|315|14.5|50.2|0.01|0.21|43.6763|2.78853
10|46|0|225|2.9|24.7|315|14.4|50.6|0.01|0.21|43.6746|2.78853
10|47|0|135|1.5|24.7|315|14.4|50.7|0.01|0.21|43.6695|2.78853
10|48|0|180|0.0|24.7|315|13.7|50.9|0.01|0.21|43.6617|1.20407
10|49|0|180|4.4|24.7|315|13.4|51.2|0.01|0.21|43.6611|1.99665
10|50|0|180|11.3|24.7|315|13.5|51.5|0.01|0.21|43.6604|1.99665
10|52|0|225|3.2|24.7|315|13.7|51.7|0.01|0.21|43.6592|1.99665
10|53|0|270|2.9|24.7|315|13.7|51.9|0.01|0.21|43.662|1.99665
10|54|0|270|2.9|24.7|315|13.5|51.9|0.01|0.21|43.6627|1.99665
10|56|0|225|2.9|24.7|315|13.1|52.2|0.01|0.21|43.6643|2.78884
10|57|0|225|0.0|24.7|315|13.0|52.4|0.01|0.21|43.6619|2.78884
10|59|0|90|2.9|24.7|315|13.2|52.6|0.01|0.21|43.6614|2.78884
11|00|0|90|4.8|24.7|315|13.1|52.7|0.01|0.21|43.663|2.78884
11|02|0|135|3.2|24.7|315|13.2|52.7|0.01|0.21|43.6624|2.78884
11|03|0|90|2.9|24.7|315|13.0|52.8|0.00|0.21|43.6636|2.78884
11|05|0|180|3.2|24.7|315|13.1|52.8|0.00|0.21|43.665|2.78884
11|07|0|0|1.5|24.7|315|13.4|52.8|0.00|0.21|43.6658|2.78884
11|08|0|135|2.9|24.7|315|13.6|52.8|0.00|0.21|43.6628|2.78884
11|09|0|135|4.4|24.7|315|13.4|52.8|0.00|0.21|43.6618|2.78884
11|10|0|135|1.5|24.7|315|13.4|52.7|0.00|0.21|43.6608|2.78884
11|11|0|90|2.9|24.7|315|13.4|52.7|0.00|0.21|43.6617|2.78884
11|12|0|0|1.6|24.7|315|13.7|52.6|0.00|0.21|43.6596|2.78884
11|13|0|135|2.9|24.7|315|14.5|52.6|0.00|0.21|43.6585|4.38602
11|14|0|45|1.6|24.7|315|14.2|52.6|0.00|0.21|43.6589|4.38602
11|15|0|90|5.8|24.7|315|13.4|52.4|0.00|0.21|43.6564|2.78884
11|16|0|68|4.4|24.7|315|13.2|52.1|0.00|0.21|43.6569|2.78884
11|18|0|45|3.2|24.7|315|13.1|52.0|0.00|0.21|43.6538|2.78884
11|19|0|90|2.9|24.7|315|13.3|52.0|0.00|0.21|43.6542|2.78884
11|20|0|45|0.0|24.7|315|13.2|52.0|0.00|0.21|43.6533|2.78884
11|21|0|45|2.9|24.7|315|13.2|52.0|0.00|0.21|43.6509|2.78884
11|22|0|45|2.9|24.7|315|13.4|52.0|0.00|0.21|43.6507|2.78884
11|23|0|90|1.5|24.7|315|13.3|52.0|0.00|0.21|43.6511|2.78884
11|24|0|45|0.0|24.7|315|13.1|52.1|0.00|0.21|43.6521|2.78884
11|26|0|0|1.5|24.7|315|13.7|52.1|0.00|0.21|43.6508|2.78884
11|27|0|45|1.5|24.7|315|13.4|52.2|0.00|0.21|43.6491|2.78884
11|28|0|90|1.6|24.7|315|13.2|52.2|0.00|0.21|43.6471|2.78884
11|29|0|0|1.5|24.7|315|13.6|52.4|0.00|0.21|43.6478|2.78884
11|30|0|135|4.4|24.7|315|13.7|52.4|0.00|0.21|43.646|2.78884
11|31|0|135|2.9|24.7|315|13.4|52.5|0.00|0.21|43.6444|2.78884
11|32|0|135|2.9|24.7|315|13.4|52.6|0.00|0.21|43.6454|2.78884
11|34|0|113|1.5|24.7|315|13.5|52.6|0.00|0.21|43.6437|2.78884
11|35|0|315|0.0|24.7|315|13.7|52.8|0.00|0.21|43.6439|2.78884
11|36|0|203|1.5|24.7|315|13.6|53.0|0.00|0.21|43.6389|3.58064
11|38|0|135|0.0|24.7|315|12.6|53.3|0.00|0.21|43.6351|1.86305
11|39|0|90|1.5|24.7|315|12.8|53.4|0.00|0.21|43.6348|1.86305
11|40|0|90|3.2|24.7|315|13.0|53.5|0.00|0.21|43.6365|3.58064
11|41|0|90|1.5|24.7|315|12.8|53.6|0.00|0.21|43.634|1.86305
11|42|0|45|0.0|24.7|315|12.6|53.8|0.00|0.21|43.6342|1.86305
11|43|0|180|1.5|24.7|315|12.5|54.0|0.00|0.21|43.6372|2.64765
11|44|0|135|1.6|24.7|315|12.7|54.2|0.00|0.21|43.6373|2.64765
11|45|0|225|2.9|24.7|315|12.9|54.4|0.00|0.21|43.6395|2.64765
11|46|0|45|1.5|24.7|315|12.6|54.5|0.00|0.21|43.6403|2.64765
11|47|0|0|1.6|24.7|315|12.3|54.7|0.00|0.21|43.6412|2.64765
11|48|0|113|1.5|24.7|315|12.5|54.8|0.00|0.21|43.6383|2.64765
11|49|0|0|1.6|24.7|315|12.9|55.1|0.00|0.21|43.6372|3.43185
11|50|0|315|1.5|24.7|315|12.9|55.2|0.00|0.21|43.6383|3.43185
11|52|0|315|2.9|24.7|315|12.2|55.3|0.00|0.21|43.6367|3.43185
11|53|0|270|1.5|24.7|315|12.3|55.4|0.00|0.21|43.6374|3.43185
11|55|0|225|4.8|24.7|315|12.7|55.5|0.00|0.21|43.6352|3.43185
11|56|0|225|1.5|24.7|315|12.5|55.5|0.00|0.21|43.6319|3.43185
11|57|0|225|0.0|24.7|315|12.5|55.7|0.00|0.21|43.6321|3.43185
11|58|0|270|0.0|24.7|315|12.8|55.8|0.00|0.21|43.6318|3.43185
11|59|0|0|4.4|24.7|315|12.3|56.2|0.00|0.21|43.6298|4.21566
12|00|0|0|1.5|24.7|315|11.9|56.4|0.00|0.21|43.6278|2.34329
12|01|0|45|0.0|24.7|315|11.7|56.6|0.00|0.21|43.6262|2.34329
12|02|0|315|1.5|24.7|315|11.6|56.6|0.00|0.21|43.6252|2.34329
12|03|0|45|1.5|24.7|315|11.5|56.7|0.00|0.21|43.623|2.34329
12|04|0|270|3.2|3.2|270|11.6|57.0|0.00|0.00|43.6258|3.11936
12|06|0|270|2.9|4.8|270|12.2|57.1|0.00|0.00|43.6276|4.99907
12|07|0|270|4.8|8.1|225|12.8|57.2|0.00|0.00|43.6258|4.99907
12|08|0|270|1.5|12.9|0|12.3|57.1|0.00|0.00|43.6228|4.99907
12|10|0|270|2.9|12.9|0|12.2|56.7|0.00|0.00|43.6223|4.21566
12|11|0|225|2.9|12.9|0|11.8|56.9|0.00|0.00|43.6188|2.34329
12|12|0|225|1.5|12.9|0|11.8|57.0|0.00|0.00|43.6176|3.11936
12|13|0|270|1.6|12.9|0|11.9|57.1|0.00|0.00|43.6181|3.11936
12|14|0|225|2.9|12.9|0|12.0|57.1|0.00|0.00|43.6184|4.99907
12|16|0|270|1.5|12.9|0|11.4|57.2|0.00|0.00|43.6191|3.11936
12|17|0|0|4.4|12.9|0|11.9|57.3|0.00|0.00|43.6196|3.11936
12|18|0|270|7.3|12.9|0|11.9|57.3|0.00|0.00|43.6184|3.11936
12|19|0|315|2.9|12.9|0|11.7|57.4|0.00|0.00|43.6208|3.11936
12|21|0|270|1.6|12.9|0|11.7|57.3|0.00|0.00|43.6186|3.11936
12|22|0|270|4.4|12.9|0|11.0|57.3|0.00|0.00|43.6196|3.11936
12|24|0|315|1.5|12.9|0|11.0|57.3|0.00|0.00|43.6196|3.11936
12|25|0|270|4.4|12.9|0|10.8|57.3|0.00|0.00|43.6186|1.08053
12|26|0|315|4.4|12.9|0|10.5|57.1|0.00|0.00|43.6177|1.08053
12|27|0|0|3.2|12.9|0|10.5|57.0|0.00|0.00|43.6165|1.08053
12|28|0|0|2.9|12.9|0|10.9|57.0|0.00|0.00|43.6166|1.08053
12|29|0|315|9.7|12.9|0|12.1|56.7|0.00|0.00|43.6154|4.21566
12|30|0|270|4.4|12.9|0|12.1|56.7|0.00|0.00|43.6164|4.21566
12|31|0|315|5.8|12.9|0|11.6|56.7|0.00|0.00|43.6139|2.34329
12|32|0|315|7.3|12.9|315|11.9|56.7|0.00|0.00|43.6134|2.34329
12|33|0|270|4.4|12.9|315|12.1|56.6|0.00|0.00|43.6135|4.21566
12|35|0|248|5.8|12.9|315|12.5|56.5|0.00|0.00|43.6135|4.21566
12|36|0|225|4.4|12.9|315|11.5|56.5|0.00|0.00|43.6135|2.34329
12|37|0|315|11.3|12.9|315|11.3|56.5|0.00|0.00|43.6125|2.34329
12|38|0|315|4.4|13.1|315|11.3|56.4|0.00|0.00|43.6147|2.34329
12|39|0|225|4.8|13.1|315|11.0|56.5|0.00|0.00|43.611|2.34329
12|41|0|270|4.4|13.1|315|10.6|56.5|0.00|0.00|43.6073|0.312384
12|42|0|315|4.4|13.1|315|10.4|56.6|0.00|0.00|43.6081|0.312384
12|43|0|270|8.7|13.1|315|10.8|56.5|0.00|0.00|43.6075|0.312384
12|44|0|315|5.8|13.1|315|11.3|56.5|0.00|0.00|43.6093|2.34329
12|45|0|270|2.9|13.1|315|11.0|56.5|0.00|0.00|43.6097|2.34329
12|46|0|315|1.5|13.1|315|10.9|56.6|0.00|0.00|43.6073|0.312384
12|47|0|270|4.4|13.1|315|11.0|56.9|0.00|0.00|43.6077|2.34329
12|48|0|315|6.4|13.1|315|11.3|56.9|0.00|0.00|43.6063|2.34329
12|49|0|315|7.3|13.1|315|10.8|56.9|0.00|0.00|43.6053|0.312384
12|50|0|315|6.4|13.1|315|11.6|56.7|0.00|0.00|43.6043|2.34329
12|51|0|270|2.9|13.1|315|10.6|56.6|0.00|0.00|43.6041|0.312384
12|52|0|338|5.8|13.1|315|10.9|56.6|0.00|0.00|43.6027|0.312384
12|53|0|270|4.8|13.1|315|11.2|56.7|0.00|0.00|43.6043|2.34329
12|54|0|315|2.9|13.1|315|10.4|57.0|0.00|0.00|43.6059|1.08053
12|55|0|0|4.8|13.1|315|10.4|57.0|0.00|0.00|43.6035|1.08053
12|56|0|315|2.9|13.1|315|10.3|57.2|0.00|0.00|43.6052|1.08053
12|57|0|270|3.2|13.1|315|10.6|57.3|0.00|0.00|43.6047|1.08053
12|58|0|248|4.4|13.1|315|10.6|57.5|0.00|0.00|43.6066|1.08053
12|59|0|315|1.5|13.1|315|10.2|57.8|0.00|0.00|43.6077|1.08053
13|00|0|315|5.8|13.1|315|10.7|57.9|0.00|0.00|43.6063|1.08053
13|02|0|315|4.4|13.1|315|10.3|58.0|0.00|0.00|43.6088|1.84827
13|03|0|0|6.5|13.1|315|10.8|58.1|0.00|0.00|43.6092|1.84827
13|04|0|315|2.9|13.1|315|11.5|58.1|0.00|0.00|43.6095|3.89502
13|05|0|0|4.4|13.1|315|10.8|58.2|0.00|0.00|43.6075|1.84827
13|06|0|315|2.9|13.1|315|10.1|58.3|0.00|0.00|43.6079|1.84827
13|08|0|0|2.9|13.1|315|10.4|58.4|0.00|0.00|43.6073|1.84827
13|09|0|315|1.6|13.1|315|10.5|58.5|0.00|0.00|43.6036|1.84827
13|10|0|270|1.5|13.1|315|11.0|58.7|0.00|0.00|43.6024|3.89502
13|11|0|315|4.4|13.1|315|10.6|58.8|0.00|0.00|43.6018|1.84827
13|12|0|315|3.2|13.1|315|10.7|58.7|0.00|0.00|43.6013|1.84827
13|13|0|0|2.9|13.1|315|11.4|58.9|0.00|0.00|43.6015|3.89502
13|14|0|315|5.8|13.1|315|11.1|58.9|0.00|0.00|43.5989|3.89502
13|15|0|0|3.2|13.1|315|10.8|58.8|0.00|0.00|43.5983|1.84827
13|16|0|315|4.4|13.1|315|10.6|58.8|0.00|0.00|43.5987|1.84827
13|17|0|0|4.8|13.1|315|10.5|58.8|0.00|0.00|43.5992|1.84827
13|19|0|0|1.6|13.1|315|10.3|58.8|0.00|0.00|43.5988|1.84827
13|20|0|315|5.8|13.1|315|10.3|58.8|0.00|0.00|43.597|1.84827
13|22|0|315|2.9|13.1|315|11.7|58.5|0.00|0.00|43.5949|3.89502
13|23|0|0|4.8|13.1|315|11.1|58.8|0.00|0.00|43.5941|3.89502
13|24|0|315|2.9|13.1|315|10.6|59.1|0.00|0.00|43.5944|2.61558
13|25|0|0|4.8|13.1|315|10.8|59.2|0.00|0.00|43.5944|2.61558
13|26|0|0|2.9|13.1|315|10.5|59.5|0.00|0.00|43.5934|2.61558
13|27|0|338|6.4|13.1|315|11.1|59.6|0.00|0.00|43.5928|4.67027
13|28|0|315|5.8|13.1|315|11.5|59.7|0.00|0.00|43.5915|4.67027
13|29|0|315|4.8|14.5|315|10.7|59.6|0.00|0.00|43.5916|2.61558
13|30|0|315|2.9|14.5|315|10.5|59.5|0.00|0.00|43.5916|2.61558
13|31|0|0|2.9|14.5|315|11.1|59.5|0.00|0.00|43.5911|4.67027
13|32|0|315|7.3|14.5|315|10.9|59.6|0.00|0.00|43.5919|2.61558
13|34|0|0|2.9|14.5|315|10.8|59.6|0.00|0.00|43.5913|2.61558
13|36|0|270|4.4|14.5|315|11.2|59.8|0.00|0.00|43.5901|4.67027
13|37|0|0|3.2|14.5|315|10.8|59.9|0.00|0.00|43.5884|2.61558
13|38|0|45|2.9|14.5|315|10.6|60.1|0.00|0.00|43.5846|3.38247
13|39|0|315|1.6|14.5|315|9.9|60.3|0.00|0.00|43.5863|1.1269
13|40|0|315|0.0|14.5|315|9.5|60.6|0.00|0.00|43.5833|1.1269
13|41|0|270|4.4|14.5|315|9.9|60.7|0.00|0.00|43.5812|1.1269
13|42|0|315|6.4|14.5|315|9.6|60.3|0.00|0.00|43.5802|1.1269
13|43|0|315|5.8|14.5|315|9.5|60.3|0.00|0.00|43.5808|1.1269
13|44|0|0|2.9|14.5|315|9.9|60.3|0.00|0.00|43.5835|1.1269
13|45|0|270|2.9|14.5|315|9.6|60.6|0.00|0.00|43.5796|1.1269
13|46|0|203|2.9|14.5|315|9.8|60.8|0.00|0.00|43.5774|1.1269
13|47|0|0|1.6|14.5|315|9.8|61.0|0.00|0.00|43.5749|1.88471
13|48|0|315|4.4|14.5|315|9.9|61.1|0.00|0.00|43.5761|1.88471
13|49|0|0|4.4|14.5|315|9.9|61.4|0.00|0.00|43.5782|1.88471
13|52|0|0|2.9|14.5|315|9.1|61.7|0.00|0.00|43.5756|1.88471
13|53|0|0|1.6|14.5|315|9.3|61.9|0.00|0.00|43.576|1.88471
13|54|0|270|1.5|14.5|315|9.3|62.3|0.00|0.00|43.5782|2.6421
13|55|0|0|2.9|14.5|315|9.6|62.5|0.00|0.00|43.5788|2.6421
13|56|0|315|5.8|14.5|315|10.6|62.8|0.00|0.00|43.5786|4.915
13|58|0|225|4.4|14.5|315|9.9|63.3|0.00|0.00|43.5782|3.39905
13|59|0|225|1.5|14.5|315|9.8|63.5|0.00|0.00|43.5782|3.39905
14|00|0|23|1.5|14.5|315|9.5|63.7|0.00|0.00|43.5767|3.39905
14|01|0|0|5.8|14.5|315|9.4|63.7|0.00|0.00|43.5753|3.39905
14|02|0|0|3.2|14.5|315|9.6|63.7|0.00|0.00|43.5764|3.39905
14|04|0|315|8.1|14.5|315|9.8|63.2|0.00|0.00|43.5758|3.39905
14|06|0|315|4.8|16.0|315|9.8|62.3|0.00|0.00|43.5733|2.6421
14|07|0|270|1.5|16.0|315|9.5|62.3|0.00|0.00|43.5725|2.6421
14|08|0|315|6.4|16.0|315|9.7|62.2|0.00|0.00|43.5695|2.6421
14|09|0|315|4.4|16.0|315|10.5|61.8|0.00|0.00|43.5695|4.14894
14|10|0|315|8.7|16.0|315|10.6|61.6|0.00|0.00|43.5665|4.14894
14|11|0|315|7.3|16.0|315|10.3|61.5|0.00|0.00|43.5648|4.14894
14|12|0|315|7.3|16.0|315|10.9|61.5|0.00|0.00|43.5637|4.14894
14|13|0|0|2.9|16.0|315|10.4|61.5|0.00|0.00|43.5633|4.14894
14|14|0|315|3.2|16.0|315|10.5|61.6|0.00|0.00|43.5642|4.14894
14|15|0|315|5.8|16.0|315|10.8|61.4|0.00|0.00|43.5605|4.14894
14|16|0|315|8.1|16.0|315|10.7|61.1|0.00|0.00|43.5618|4.14894
14|17|0|315|4.4|16.0|315|10.6|61.0|0.00|0.00|43.5621|4.14894
14|18|0|315|5.8|16.0|315|10.9|61.0|0.00|0.00|43.5627|4.14894
14|20|0|315|7.3|16.0|315|10.9|60.8|0.00|0.00|43.5599|3.38247
14|21|0|0|1.6|16.0|315|10.5|61.0|0.00|0.00|43.5605|4.14894
14|22|0|315|5.8|16.0|315|10.3|61.0|0.00|0.00|43.5617|4.14894
14|23|0|0|4.8|16.0|315|11.8|61.1|0.00|0.00|43.5617|6.21955
14|24|0|315|4.8|16.0|315|11.1|61.2|0.00|0.00|43.5616|6.21955
14|26|0|315|6.4|16.0|315|10.8|61.2|0.00|0.00|43.5602|4.14894
14|27|0|315|6.4|16.0|315|10.7|61.1|0.00|0.00|43.5615|4.14894
14|28|0|315|5.8|16.0|315|10.7|61.1|0.00|0.00|43.5586|4.14894
14|29|0|315|6.4|16.0|315|10.5|60.9|0.00|0.00|43.5579|3.38247
14|31|0|315|5.8|16.0|315|10.5|60.8|0.00|0.00|43.5557|3.38247
14|32|0|0|4.8|16.0|315|10.5|60.8|0.00|0.00|43.5575|3.38247
14|33|0|248|4.4|16.0|315|10.5|60.8|0.00|0.00|43.556|3.38247
14|34|0|315|4.4|16.0|315|10.6|60.8|0.00|0.00|43.555|3.38247
14|36|0|0|5.8|16.0|315|11.0|60.9|0.00|0.00|43.5562|5.44512
14|37|0|315|4.4|16.0|315|10.9|61.0|0.00|0.00|43.5565|4.14894
14|38|0|45|5.8|16.0|315|10.2|61.1|0.00|0.00|43.5558|4.14894
14|39|0|0|7.3|16.0|315|9.7|61.2|0.00|0.00|43.5557|1.88471
14|40|0|315|3.2|16.0|315|10.6|61.4|0.00|0.00|43.5549|4.14894
14|41|0|315|4.4|16.0|315|10.7|61.4|0.00|0.00|43.5531|4.14894
14|42|0|315|4.8|16.0|315|10.2|61.6|0.00|0.00|43.5551|4.14894
14|43|0|0|4.4|16.0|315|10.2|61.7|0.00|0.00|43.5558|4.14894
14|45|0|338|4.4|16.0|315|9.6|61.6|0.00|0.00|43.5537|1.88471
14|46|0|315|3.2|16.0|315|9.3|61.7|0.00|0.00|43.556|1.88471
14|48|0|270|4.8|16.0|315|10.0|61.7|0.00|0.00|43.5547|4.14894
14|49|0|315|4.4|16.0|315|10.4|61.7|0.00|0.00|43.5543|4.14894
14|50|0|315|4.4|16.0|315|10.3|61.8|0.00|0.00|43.5549|4.14894
14|51|0|315|6.4|16.0|315|10.5|61.8|0.00|0.00|43.5528|4.14894
14|52|0|0|7.3|16.0|315|10.5|61.9|0.00|0.00|43.5545|4.14894
14|53|0|0|3.2|16.0|315|9.9|61.9|0.00|0.00|43.5542|1.88471
14|54|0|315|7.3|16.0|315|10.5|62.0|0.00|0.00|43.5556|4.915
14|55|0|0|11.3|16.0|315|10.7|62.0|0.00|0.00|43.5542|4.915
14|56|0|315|5.8|16.0|315|10.3|61.8|0.00|0.00|43.5546|4.14894
14|58|0|315|6.5|16.0|315|10.7|61.7|0.00|0.00|43.5547|4.14894
14|59|0|315|4.8|16.0|315|10.4|61.7|0.00|0.00|43.5528|4.14894
15|00|0|270|5.8|16.0|315|11.2|61.6|0.00|0.00|43.552|6.21955
15|01|0|315|4.4|16.0|315|10.9|61.7|0.00|0.00|43.5529|4.14894
15|02|0|315|7.3|16.0|315|11.2|61.4|0.00|0.00|43.5486|6.21955
15|04|0|315|8.7|16.0|315|11.3|61.2|0.01|0.01|43.5511|6.21955
15|05|0|270|10.2|16.0|315|11.0|61.0|0.01|0.01|43.5487|6.21955
15|06|0|315|10.2|16.0|315|11.4|60.9|0.01|0.01|43.5474|5.44512
15|07|0|315|11.6|16.0|315|11.6|60.7|0.01|0.01|43.5451|5.44512
15|08|0|315|5.8|16.0|315|11.4|60.6|0.01|0.01|43.5482|5.44512
15|09|0|315|5.8|16.0|315|11.3|60.6|0.01|0.01|43.5482|5.44512
15|10|0|315|8.7|16.0|315|11.4|60.5|0.01|0.01|43.5458|5.44512
15|11|0|315|5.8|16.0|315|11.3|60.5|0.01|0.01|43.548|5.44512
15|13|0|315|8.7|16.0|315|11.1|60.5|0.01|0.01|43.5482|5.44512
15|16|0|0|4.4|16.0|315|11.1|60.7|0.01|0.01|43.5502|5.44512
15|17|0|315|4.4|16.0|315|11.4|60.8|0.01|0.01|43.5508|5.44512
15|18|0|0|4.8|16.0|315|11.7|60.8|0.01|0.01|43.5495|5.44512
15|19|0|315|8.7|16.0|315|11.7|60.8|0.01|0.01|43.548|5.44512
15|20|0|315|8.1|16.0|315|11.5|60.6|0.01|0.01|43.5474|5.44512
15|21|0|315|8.7|16.0|315|11.1|60.5|0.01|0.01|43.5477|5.44512
15|22|0|315|9.7|16.0|315|11.2|60.0|0.01|0.01|43.5457|5.44512
15|23|0|315|5.8|16.0|315|11.1|59.7|0.01|0.01|43.5482|4.67027
15|24|0|270|5.8|16.0|315|11.4|59.6|0.01|0.01|43.5494|4.67027
15|25|0|315|8.1|16.0|315|11.5|59.5|0.01|0.01|43.5492|4.67027
15|26|0|315|7.3|16.0|315|12.4|59.5|0.01|0.01|43.5482|6.56468
15|27|0|0|5.8|16.0|315|12.0|59.6|0.01|0.01|43.5485|6.56468
15|29|0|338|4.8|16.0|315|11.9|59.7|0.01|0.01|43.5496|4.67027
15|30|0|315|5.8|16.0|315|11.6|59.8|0.01|0.01|43.548|4.67027
15|31|0|315|8.1|16.0|315|11.3|59.8|0.01|0.01|43.5482|4.67027
15|32|0|315|5.8|16.0|315|10.9|59.7|0.01|0.01|43.5487|2.61558
15|33|0|0|4.8|16.0|315|11.3|59.7|0.01|0.01|43.5471|4.67027
15|35|0|293|5.8|16.0|315|11.4|59.5|0.01|0.01|43.5458|4.67027
15|36|0|0|3.2|16.0|315|11.3|59.5|0.01|0.01|43.5456|4.67027
15|37|0|315|4.4|16.0|315|11.3|59.6|0.01|0.01|43.5453|4.67027
15|38|0|23|3.2|16.0|315|11.1|59.6|0.01|0.01|43.546|4.67027
15|39|0|315|2.9|16.0|315|11.3|59.7|0.01|0.01|43.5467|4.67027
15|40|0|315|5.8|16.0|315|11.8|59.7|0.01|0.01|43.546|4.67027
15|41|0|315|4.4|16.0|315|12.1|59.7|0.01|0.01|43.5453|6.56468
15|42|0|315|2.9|16.0|315|11.8|59.8|0.01|0.01|43.546|4.67027
15|43|0|315|10.2|16.0|315|11.7|59.8|0.01|0.01|43.5437|4.67027
15|44|0|315|7.3|16.0|315|11.6|59.7|0.01|0.01|43.544|4.67027
15|45|0|338|4.4|16.0|315|11.2|59.7|0.01|0.01|43.5442|4.67027
15|47|0|315|5.8|16.0|315|11.3|59.7|0.01|0.01|43.5453|4.67027
15|48|0|315|4.4|16.0|315|11.3|59.6|0.01|0.01|43.5448|4.67027
15|49|0|338|4.8|16.0|315|11.8|59.6|0.01|0.01|43.5425|4.67027
15|50|0|315|8.7|16.0|315|12.6|59.5|0.01|0.01|43.5415|6.56468
15|51|0|315|4.4|16.0|315|11.8|59.5|0.01|0.01|43.5421|4.67027
15|52|0|315|4.8|16.0|315|11.6|59.3|0.01|0.01|43.5402|4.67027
15|53|0|315|5.8|16.0|315|12.1|59.5|0.01|0.01|43.5425|6.56468
15|54|0|315|3.2|16.0|315|12.3|59.5|0.01|0.01|43.5413|6.56468
15|55|0|315|8.1|16.0|315|12.0|59.5|0.01|0.01|43.5393|6.56468
15|56|0|315|7.3|16.0|315|12.0|59.3|0.01|0.01|43.5372|6.56468
15|57|0|270|3.2|16.0|315|11.9|59.5|0.01|0.01|43.5398|4.67027
15|58|0|270|4.4|16.0|315|11.6|59.6|0.01|0.01|43.5417|4.67027
15|59|0|315|8.1|16.0|315|12.0|59.7|0.01|0.01|43.5395|6.56468
16|00|0|315|5.8|16.0|315|12.0|59.7|0.01|0.01|43.54|6.56468
16|02|0|315|13.1|16.0|315|12.0|59.6|0.01|0.01|43.54|6.56468
16|03|0|315|8.7|16.0|315|11.9|59.5|0.00|0.01|43.5392|4.67027
16|04|0|315|7.3|16.0|315|11.6|59.3|0.00|0.01|43.5404|4.67027
16|05|0|315|7.3|16.0|315|12.2|59.3|0.00|0.01|43.5404|6.56468
16|06|0|315|7.3|16.0|315|12.2|59.3|0.00|0.01|43.5417|6.56468
16|08|0|315|10.2|16.0|315|12.3|59.2|0.00|0.01|43.5417|6.56468
16|09|0|270|8.1|16.0|315|12.1|59.2|0.00|0.01|43.5424|6.56468
16|11|0|315|5.8|16.0|315|11.6|59.2|0.00|0.01|43.5417|4.67027
16|13|0|315|4.4|16.0|315|11.7|59.1|0.00|0.01|43.5417|4.67027
16|14|0|315|7.3|16.0|315|12.0|59.1|0.00|0.01|43.5404|6.56468
16|15|0|315|4.4|16.0|315|12.3|59.2|0.00|0.01|43.543|6.56468
16|16|0|315|10.2|16.0|315|12.2|59.3|0.00|0.01|43.5391|6.56468
16|17|0|315|5.8|16.0|315|12.2|59.3|0.00|0.01|43.541|6.56468
16|18|0|315|5.8|16.0|315|12.2|59.3|0.00|0.01|43.5411|6.56468
16|20|0|45|4.4|16.0|315|12.4|59.3|0.00|0.01|43.5418|6.56468
16|21|0|0|5.8|16.0|315|12.1|59.6|0.00|0.01|43.5417|6.56468
16|22|0|315|6.5|16.0|315|11.7|59.6|0.00|0.01|43.54|4.67027
16|23|0|0|7.3|16.0|315|11.7|59.7|0.00|0.01|43.5444|4.67027
16|24|0|0|5.8|16.0|315|10.9|59.7|0.00|0.01|43.5432|2.61558
16|25|0|0|4.4|16.0|315|11.1|59.8|0.00|0.01|43.5431|4.67027
16|27|0|0|2.9|16.0|315|11.4|60.0|0.00|0.01|43.5379|5.44512
16|28|0|315|4.4|16.0|315|11.3|60.0|0.00|0.01|43.5393|5.44512
16|29|0|315|8.1|16.0|315|11.2|60.1|0.00|0.01|43.5382|5.44512
16|30|0|23|5.8|16.0|315|10.9|60.2|0.00|0.01|43.5372|3.38247
16|31|0|0|4.8|16.0|315|10.5|60.3|0.00|0.01|43.5375|3.38247
16|32|0|315|7.3|16.0|315|10.3|60.2|0.00|0.01|43.5352|3.38247
16|33|0|0|4.4|16.0|315|10.5|60.2|0.00|0.01|43.5374|3.38247
16|34|0|315|2.9|16.0|315|10.5|60.2|0.00|0.01|43.5375|3.38247
16|35|0|315|2.9|16.0|315|10.7|60.2|0.00|0.01|43.5393|3.38247
16|37|0|315|7.3|16.0|315|10.9|60.2|0.00|0.01|43.5398|3.38247
16|38|0|0|5.8|16.0|315|11.0|60.2|0.00|0.01|43.5389|5.44512
16|39|0|0|3.2|16.0|315|10.8|60.2|0.00|0.01|43.5394|3.38247
16|40|0|315|4.8|16.0|315|11.0|60.2|0.00|0.01|43.5384|5.44512
16|41|0|315|5.8|16.0|315|11.2|60.2|0.00|0.01|43.54|5.44512
16|42|0|315|4.4|16.0|315|11.4|60.1|0.00|0.01|43.5421|5.44512
16|43|0|315|8.1|16.0|315|11.4|60.0|0.00|0.01|43.5439|5.44512
16|45|0|315|4.8|16.0|315|11.4|59.9|0.00|0.01|43.5424|4.67027
16|47|0|0|5.8|16.0|315|11.3|59.9|0.00|0.01|43.5385|4.67027
16|49|0|0|2.9|16.0|315|11.0|59.9|0.00|0.01|43.5372|4.67027
16|51|0|45|4.4|16.0|315|10.9|59.9|0.00|0.01|43.5367|2.61558
16|52|0|0|6.5|16.0|315|10.6|59.9|0.00|0.01|43.5383|2.61558
16|54|0|0|5.8|16.0|315|11.2|59.7|0.00|0.01|43.5464|4.67027
16|55|0|315|4.8|16.0|315|11.9|59.7|0.00|0.01|43.5469|4.67027
16|56|0|315|5.8|16.0|315|11.4|59.6|0.00|0.01|43.546|4.67027
16|57|0|315|6.4|16.0|315|11.9|59.7|0.00|0.01|43.5472|4.67027
16|58|0|315|7.3|16.0|315|12.2|59.7|0.00|0.01|43.5464|6.56468
17|00|0|315|4.4|16.0|315|11.7|59.7|0.00|0.01|43.5446|4.67027
17|02|0|315|2.9|16.0|315|11.3|59.8|0.00|0.01|43.545|4.67027
17|03|0|0|7.3|16.0|315|11.7|59.8|0.00|0.01|43.5431|4.67027
17|04|0|315|7.3|16.0|315|11.3|59.9|0.00|0.01|43.5424|4.67027
17|05|0|315|4.4|16.0|315|11.9|59.9|0.00|0.01|43.5432|4.67027
17|06|0|315|6.4|16.0|315|12.3|59.9|0.00|0.01|43.5427|6.56468
17|07|0|0|4.4|16.0|315|11.5|59.9|0.00|0.01|43.5434|4.67027
17|08|0|0|6.4|16.0|315|11.7|59.9|0.00|0.01|43.5423|4.67027
17|11|0|0|6.4|16.0|315|11.8|59.9|0.00|0.01|43.541|4.67027
17|12|0|315|2.9|16.0|315|11.2|59.9|0.00|0.01|43.5383|4.67027
17|13|0|315|1.5|16.0|315|10.9|60.0|0.00|0.01|43.5374|3.38247
17|14|0|0|1.6|16.0|315|10.7|60.0|0.00|0.01|43.5377|3.38247
17|15|0|90|1.5|16.0|315|10.5|60.1|0.00|0.01|43.5389|3.38247
17|16|0|315|1.5|16.0|315|10.6|60.1|0.00|0.01|43.5386|3.38247
17|17|0|0|2.9|16.0|315|11.0|60.2|0.00|0.01|43.5386|5.44512
17|18|0|0|2.9|16.0|315|10.4|60.2|0.00|0.01|43.5407|3.38247
17|19|0|0|2.9|16.0|315|10.8|60.2|0.00|0.01|43.5395|3.38247
17|20|0|0|4.4|16.0|315|10.7|60.2|0.00|0.01|43.5386|3.38247
17|21|0|0|4.4|16.0|315|10.4|60.1|0.00|0.01|43.5367|3.38247
17|22|0|0|1.5|16.0|315|10.5|60.2|0.00|0.01|43.5389|3.38247
17|23|0|0|1.5|16.0|315|10.7|60.2|0.00|0.01|43.5386|3.38247
17|25|0|0|1.6|16.0|315|10.6|60.1|0.00|0.01|43.5374|3.38247
17|26|0|0|0.0|16.0|315|10.5|60.1|0.00|0.01|43.5386|3.38247
17|27|0|225|1.6|16.0|315|10.4|60.1|0.00|0.01|43.5375|3.38247
17|28|0|225|2.9|16.0|315|10.5|60.2|0.00|0.01|43.5416|3.38247
17|29|0|225|2.9|16.0|315|10.7|60.2|0.00|0.01|43.5432|3.38247
17|30|0|180|3.2|16.0|315|10.8|60.2|0.00|0.01|43.5411|3.38247
17|31|0|180|2.9|16.0|315|11.0|60.2|0.00|0.01|43.5398|5.44512
17|32|0|225|1.5|16.0|315|10.9|60.2|0.00|0.01|43.537|3.38247
17|33|0|180|1.5|16.0|315|11.0|60.3|0.00|0.01|43.5378|5.44512
17|34|0|135|4.4|16.0|315|10.9|60.3|0.00|0.01|43.5386|3.38247
17|35|0|135|1.6|16.0|315|10.9|60.3|0.00|0.01|43.5376|3.38247
17|36|0|135|3.2|16.0|315|10.8|60.2|0.00|0.01|43.5377|3.38247
17|38|0|225|8.0|16.0|315|10.7|60.2|0.00|0.01|43.5379|3.38247
17|39|0|225|4.4|16.0|315|10.8|60.2|0.00|0.01|43.5393|3.38247
17|40|0|225|2.9|16.0|315|10.8|60.2|0.00|0.01|43.5404|3.38247
17|41|0|225|3.2|16.0|315|10.8|60.3|0.00|0.01|43.5432|3.38247
17|43|0|225|5.8|16.0|315|10.8|60.3|0.00|0.01|43.5443|3.38247
17|44|0|158|6.4|16.0|315|10.9|60.3|0.00|0.01|43.5444|3.38247
17|46|0|180|4.4|16.0|315|11.3|60.3|0.00|0.01|43.545|5.44512
17|47|0|225|4.4|16.0|315|11.0|60.3|0.00|0.01|43.5446|5.44512
17|48|0|225|1.5|16.0|315|10.9|60.3|0.00|0.01|43.542|3.38247
17|49|0|225|3.2|16.0|315|10.9|60.5|0.00|0.01|43.5422|3.38247
17|50|0|225|2.9|16.0|315|11.2|60.5|0.00|0.01|43.5404|5.44512
17|51|0|135|4.4|16.0|315|10.8|60.5|0.00|0.01|43.5398|3.38247
17|52|0|225|1.6|16.0|315|10.7|60.6|0.00|0.01|43.5404|3.38247
17|53|0|225|1.5|16.0|315|11.0|60.6|0.00|0.01|43.539|5.44512
17|54|0|135|2.9|16.0|315|11.2|60.6|0.00|0.01|43.5395|5.44512
17|55|0|180|5.8|16.0|315|11.0|60.6|0.00|0.01|43.5378|5.44512
17|56|0|135|4.4|16.0|315|11.1|60.6|0.00|0.01|43.5392|5.44512
17|57|0|135|3.2|16.0|315|11.2|60.6|0.00|0.01|43.5365|5.44512
17|58|0|135|4.4|16.0|315|10.9|60.5|0.00|0.01|43.5344|3.38247
17|59|0|180|1.5|16.0|315|11.0|60.5|0.00|0.01|43.5357|5.44512
18|01|0|135|2.9|16.0|315|11.0|60.5|0.00|0.01|43.5346|5.44512
18|02|0|180|4.4|16.0|315|11.0|60.3|0.00|0.01|43.5312|5.44512
18|03|0|135|2.9|16.0|315|11.3|60.2|0.00|0.01|43.5305|5.44512
18|04|0|135|4.4|16.0|315|11.2|60.1|0.00|0.01|43.5311|5.44512
18|05|0|135|4.4|16.0|315|11.3|60.0|0.00|0.01|43.5296|5.44512
18|06|0|113|5.8|16.0|315|11.5|60.0|0.00|0.01|43.5282|5.44512
18|07|0|180|7.3|16.0|315|11.5|59.9|0.00|0.01|43.5279|4.67027
18|08|0|180|4.4|16.0|315|11.8|59.9|0.00|0.01|43.5274|4.67027
18|09|0|180|1.5|16.0|315|11.8|59.9|0.00|0.01|43.5252|4.67027
18|10|0|135|3.2|16.0|315|11.8|59.9|0.00|0.01|43.525|4.67027
18|11|0|135|4.4|16.0|315|11.7|59.9|0.00|0.01|43.5239|4.67027
18|12|0|135|3.2|16.0|315|11.8|59.9|0.00|0.01|43.5185|4.67027
18|13|0|135|4.4|16.0|315|11.8|59.9|0.00|0.01|43.5178|4.67027
18|14|0|135|4.4|16.0|315|11.7|59.8|0.00|0.01|43.5197|4.67027
18|15|0|180|3.2|16.0|315|11.8|59.8|0.00|0.01|43.5213|4.67027
18|16|0|135|10.2|16.0|315|12.2|59.7|0.00|0.01|43.5208|6.56468
18|17|0|135|6.4|16.0|315|12.0|59.6|0.00|0.01|43.5222|6.56468
18|18|0|135|4.4|16.0|315|12.0|59.6|0.00|0.01|43.5231|6.56468
18|19|0|158|4.8|16.0|315|12.2|59.6|0.00|0.01|43.5239|6.56468
18|20|0|180|5.8|16.0|315|12.0|59.6|0.00|0.01|43.5254|6.56468
18|22|0|135|5.8|16.0|315|12.2|59.5|0.00|0.01|43.5249|6.56468
18|23|0|158|2.9|16.0|315|12.2|59.6|0.00|0.01|43.5264|6.56468
18|24|0|135|4.4|16.0|315|12.2|59.6|0.00|0.01|43.5275|6.56468
18|25|0|180|3.2|16.0|315|12.3|59.6|0.00|0.01|43.5243|6.56468
18|26|0|135|1.6|16.0|315|12.0|59.7|0.00|0.01|43.5288|6.56468
18|27|0|225|1.5|16.0|315|12.1|59.7|0.00|0.01|43.5291|6.56468
18|28|0|338|1.5|16.0|315|12.3|59.8|0.00|0.01|43.5307|6.56468
18|29|0|315|4.4|16.0|315|13.2|59.8|0.00|0.01|43.5329|8.32329
18|30|0|315|2.9|16.0|315|13.4|59.7|0.00|0.01|43.536|8.32329
18|31|0|338|2.9|16.0|315|14.7|59.6|0.00|0.01|43.5354|9.9653
18|32|0|315|4.4|16.0|315|14.3|59.6|0.00|0.01|43.5346|9.9653
18|33|0|315|1.5|16.0|315|13.7|59.5|0.00|0.01|43.5304|8.32329
18|34|0|113|1.5|16.0|315|13.4|59.6|0.00|0.01|43.5306|8.32329
18|35|0|135|2.9|16.0|315|13.4|59.6|0.00|0.01|43.529|8.32329
18|37|0|135|3.2|16.0|315|13.1|59.5|0.00|0.01|43.5288|8.32329
18|38|0|180|2.9|16.0|315|12.5|59.5|0.00|0.01|43.531|6.56468
18|39|0|180|1.6|16.0|315|12.6|59.5|0.00|0.01|43.5302|6.56468
18|40|0|180|1.5|16.0|315|12.7|59.5|0.00|0.01|43.5318|6.56468
18|42|0|135|0.0|16.0|315|12.4|59.5|0.00|0.01|43.5321|6.56468
18|43|0|0|1.6|16.0|315|12.6|59.5|0.00|0.01|43.5333|6.56468
18|44|0|0|4.4|16.0|315|13.5|59.5|0.00|0.01|43.5324|8.32329
18|45|0|0|4.8|16.0|315|14.2|59.5|0.00|0.01|43.5304|9.9653
18|46|0|0|4.4|16.0|315|13.6|59.2|0.00|0.01|43.5275|8.32329
18|47|0|315|4.4|16.0|315|13.4|59.2|0.00|0.01|43.5307|8.32329
18|48|0|315|4.8|16.0|315|14.1|59.0|0.00|0.01|43.536|9.9653
18|49|0|315|5.8|16.0|315|13.8|58.8|0.00|0.01|43.5389|7.53382
18|51|0|0|2.9|16.0|315|14.0|58.4|0.00|0.01|43.5321|9.1694
18|52|0|45|1.5|16.0|315|14.3|58.4|0.00|0.01|43.5308|9.1694
18|53|0|45|0.0|16.0|315|14.5|58.4|0.00|0.01|43.5302|9.1694
18|54|0|0|1.6|16.0|315|14.5|58.3|0.00|0.01|43.5289|9.1694
18|55|0|0|2.9|16.0|315|14.1|58.3|0.00|0.01|43.5301|9.1694
18|56|0|0|3.2|16.0|315|14.0|58.2|0.00|0.01|43.5314|9.1694
18|58|0|0|1.5|16.0|315|13.7|58.2|0.00|0.01|43.5302|7.53382
18|59|0|0|1.5|16.0|315|14.1|58.1|0.00|0.01|43.5292|9.1694
19|00|0|0|1.5|16.0|315|14.7|58.1|0.00|0.01|43.5295|9.1694
19|01|0|0|1.5|16.0|315|14.7|58.1|0.00|0.01|43.5264|9.1694
19|02|0|0|1.6|16.0|315|14.7|58.1|0.00|0.01|43.5273|9.1694
19|03|0|0|0.0|16.0|315|14.2|58.1|0.00|0.01|43.5255|9.1694
19|04|0|0|1.5|16.0|315|13.9|58.0|0.00|0.01|43.5224|7.53382
19|05|0|0|0.0|16.0|315|13.7|58.1|0.00|0.01|43.5246|7.53382
19|06|0|0|0.0|16.0|315|13.8|58.1|0.00|0.01|43.5252|7.53382
19|07|0|0|0.0|16.0|315|14.1|58.1|0.00|0.01|43.5262|9.1694
19|08|0|0|0.0|16.0|315|14.3|58.1|0.00|0.01|43.524|9.1694
19|09|0|0|0.0|16.0|315|14.3|58.1|0.00|0.01|43.5233|9.1694
19|10|0|0|1.5|16.0|315|14.1|58.1|0.00|0.01|43.5241|9.1694
19|11|0|0|2.9|16.0|315|14.0|58.1|0.00|0.01|43.525|9.1694
19|12|0|0|0.0|16.0|315|14.1|58.1|0.00|0.01|43.5238|9.1694
19|13|0|0|1.5|16.0|315|14.3|58.2|0.00|0.01|43.5258|9.1694
19|15|0|0|1.6|16.0|315|14.3|58.2|0.00|0.01|43.5275|9.1694
19|17|0|315|2.9|16.0|315|14.6|58.2|0.00|0.01|43.5299|9.1694
19|18|0|315|3.2|16.0|315|15.4|58.1|0.00|0.01|43.5301|10.7041
19|19|0|315|5.8|16.0|315|16.5|57.9|0.00|0.01|43.5296|11.3422
19|20|0|315|10.2|16.0|315|17.2|57.5|0.00|0.01|43.5275|12.7046
19|21|0|315|8.7|16.0|315|16.7|57.3|0.00|0.01|43.5288|11.3422
19|22|0|315|8.0|17.7|315|16.1|57.0|0.00|0.01|43.5328|11.3422
19|23|0|315|7.3|17.7|315|15.5|56.7|0.00|0.01|43.5307|9.09903
19|24|0|0|4.8|17.7|315|15.2|56.5|0.00|0.01|43.5289|9.09903
19|25|0|315|7.3|17.7|315|14.6|56.4|0.00|0.01|43.5287|7.57646
19|27|0|315|4.4|17.7|315|14.4|56.1|0.00|0.01|43.5291|7.57646
19|28|0|315|6.4|17.7|315|14.3|56.0|0.00|0.01|43.5287|7.57646
19|29|0|315|5.8|17.7|315|14.0|55.8|0.00|0.01|43.5264|6.77942
19|30|0|315|4.4|17.7|315|14.1|55.8|0.00|0.01|43.5271|6.77942
19|34|0|315|4.4|17.7|315|13.8|55.5|0.00|0.01|43.5243|5.16308
19|35|0|315|4.4|17.7|315|14.0|55.5|0.00|0.01|43.5246|6.77942
19|36|0|315|3.2|17.7|315|14.8|55.5|0.00|0.01|43.5241|6.77942
19|37|0|0|1.5|17.7|315|14.6|55.4|0.00|0.01|43.5239|6.77942
19|38|0|315|3.2|17.7|315|14.7|55.4|0.00|0.01|43.5242|6.77942
19|39|0|315|4.4|17.7|315|14.3|55.4|0.00|0.01|43.5243|6.77942
19|40|0|315|3.2|17.7|315|15.1|55.3|0.00|0.01|43.525|8.29596
19|41|0|315|5.8|17.7|315|15.2|55.3|0.00|0.01|43.524|8.29596
19|43|0|315|4.4|17.7|315|13.8|55.0|0.00|0.01|43.523|5.16308
19|44|0|270|5.8|17.7|315|14.2|54.8|0.00|0.01|43.5248|5.982
19|45|0|315|4.4|17.7|315|13.7|54.8|0.00|0.01|43.5291|4.37206
19|46|0|315|2.9|17.7|315|13.9|55.0|0.00|0.01|43.5281|5.16308
19|47|0|315|1.6|17.7|315|14.1|55.0|0.00|0.01|43.5291|6.77942
19|48|0|270|0.0|17.7|315|14.1|55.0|0.00|0.01|43.5302|6.77942
19|49|0|315|1.6|17.7|315|14.1|55.0|0.00|0.01|43.5303|6.77942
19|50|0|315|1.5|17.7|315|14.0|54.8|0.00|0.01|43.5305|5.982
19|51|0|270|2.9|17.7|315|13.8|54.8|0.00|0.01|43.5296|4.37206
19|53|0|315|3.2|17.7|315|13.8|55.0|0.00|0.01|43.5323|5.16308
19|54|0|270|2.9|17.7|315|14.0|55.0|0.00|0.01|43.5337|6.77942
19|55|0|270|2.9|17.7|315|14.0|55.0|0.00|0.01|43.5334|6.77942
19|56|0|315|2.9|17.7|315|14.0|55.0|0.00|0.01|43.5335|6.77942
19|57|0|315|2.9|17.7|315|14.2|55.0|0.00|0.01|43.5333|6.77942
19|58|0|270|3.2|17.7|315|13.9|54.8|0.00|0.01|43.5336|4.37206
19|59|0|270|1.5|17.7|315|14.0|54.8|0.00|0.01|43.532|5.982
20|00|0|270|1.5|17.7|315|14.2|55.0|0.00|0.01|43.5328|6.77942
20|01|0|270|1.6|17.7|315|14.2|55.0|0.00|0.01|43.5336|6.77942
20|02|0|270|2.9|17.7|315|14.0|55.0|0.00|0.01|43.5334|6.77942
20|03|0|315|1.5|17.7|315|13.9|55.0|0.00|0.01|43.5335|5.16308
20|04|0|270|1.5|17.7|315|13.8|55.0|0.00|0.01|43.5339|5.16308
20|05|0|270|2.9|17.7|315|13.8|55.0|0.00|0.01|43.5353|5.16308
20|06|0|270|1.6|17.7|315|13.8|55.0|0.00|0.01|43.5359|5.16308
20|08|0|270|1.5|17.7|315|13.9|55.0|0.00|0.01|43.5357|5.16308
20|09|0|270|1.6|17.7|315|13.7|55.0|0.00|0.01|43.5378|5.16308
20|10|0|315|2.9|17.7|315|13.7|55.0|0.00|0.01|43.5363|5.16308
20|11|0|270|1.5|17.7|315|13.5|54.8|0.00|0.01|43.5353|4.37206
20|12|0|270|1.5|17.7|315|13.5|55.0|0.00|0.01|43.5373|5.16308
20|13|0|270|1.6|17.7|315|13.9|55.0|0.00|0.01|43.5385|5.16308
20|14|0|270|1.5|17.7|315|13.8|54.8|0.00|0.01|43.5362|4.37206
20|15|0|315|1.6|17.7|315|14.4|55.0|0.00|0.01|43.5375|6.77942
20|16|0|315|1.5|17.7|315|14.4|54.8|0.00|0.01|43.537|5.982
20|18|0|315|1.6|17.7|315|14.6|54.8|0.00|0.01|43.5407|5.982
20|21|0|315|3.2|17.7|315|14.8|54.6|0.00|0.01|43.5397|5.982
20|24|0|315|4.4|17.7|315|15.2|54.3|0.00|0.01|43.5425|7.49252
20|25|0|315|2.9|17.7|315|15.3|54.2|0.00|0.01|43.5423|7.49252
20|26|0|315|7.3|17.7|315|15.6|54.0|0.00|0.01|43.5424|7.49252
20|27|0|315|4.8|17.7|315|15.3|53.8|0.00|0.01|43.5437|6.68871
20|28|0|315|4.4|17.7|315|15.1|53.7|0.00|0.01|43.5474|6.68871
20|30|0|315|4.8|17.7|315|14.9|53.5|0.00|0.01|43.5489|5.1842
20|31|0|270|1.5|17.7|315|15.0|53.5|0.00|0.01|43.5493|6.68871
20|33|0|315|1.5|17.7|315|15.2|53.5|0.00|0.01|43.5508|6.68871
20|34|0|315|0.0|17.7|315|15.4|53.6|0.00|0.01|43.5528|6.68871
20|35|0|315|1.5|17.7|315|15.3|53.6|0.00|0.01|43.553|6.68871
20|36|0|270|1.5|17.7|315|15.1|53.6|0.00|0.01|43.5545|6.68871
20|38|0|270|0.0|17.7|315|15.0|53.6|0.00|0.01|43.5569|6.68871
20|39|0|270|2.9|17.7|315|15.0|53.6|0.00|0.01|43.555|6.68871
20|41|0|0|0.0|17.7|315|15.2|53.7|0.00|0.01|43.5576|6.68871
20|42|0|0|0.0|17.7|315|15.7|53.7|0.00|0.01|43.5574|6.68871
20|43|0|0|0.0|17.7|315|15.7|53.7|0.00|0.01|43.5588|6.68871
20|45|0|0|0.0|17.7|315|15.4|53.7|0.00|0.01|43.5612|6.68871
20|46|0|0|0.0|17.7|315|15.1|53.7|0.00|0.01|43.5593|6.68871
20|47|0|0|0.0|17.7|315|15.0|53.7|0.00|0.01|43.5596|6.68871
20|48|0|0|0.0|17.7|315|15.0|53.7|0.00|0.01|43.5599|6.68871
20|50|0|0|0.0|17.7|315|15.3|53.6|0.00|0.01|43.5615|6.68871
20|51|0|0|0.0|17.7|315|15.5|53.7|0.00|0.01|43.5635|6.68871
20|52|0|225|0.0|17.7|315|15.8|53.7|0.00|0.01|43.5645|6.68871
20|53|0|225|0.0|17.7|315|15.8|53.6|0.00|0.01|43.5635|6.68871
20|55|0|225|0.0|17.7|315|15.6|53.6|0.00|0.01|43.5658|6.68871
20|56|0|225|1.6|17.7|315|16.0|53.6|0.00|0.01|43.5664|8.10636
20|57|0|0|1.5|17.7|315|15.7|53.6|0.00|0.01|43.5677|6.68871
20|58|0|0|1.5|17.7|315|15.9|53.6|0.00|0.01|43.5706|6.68871
21|01|0|0|0.0|17.7|315|15.9|53.4|0.00|0.01|43.5695|6.68871
21|02|0|315|1.5|17.7|315|16.0|53.4|0.00|0.01|43.5714|8.10636
21|03|0|315|0.0|17.7|315|15.6|53.3|0.00|0.01|43.569|6.68871
21|06|0|225|1.6|17.7|315|16.1|53.3|0.00|0.01|43.5704|8.10636
21|07|0|225|0.0|17.7|315|16.6|53.3|0.00|0.01|43.5693|8.10636
21|08|0|270|0.0|17.7|315|16.8|53.2|0.00|0.01|43.568|8.10636
21|09|0|270|1.6|17.7|315|16.5|53.2|0.00|0.01|43.5694|8.10636
21|10|0|270|1.5|17.7|315|16.6|53.0|0.00|0.01|43.5667|8.10636
21|11|0|0|2.9|17.7|315|16.9|53.0|0.00|0.01|43.5667|8.10636
21|12|0|0|2.9|17.7|315|17.6|52.9|0.00|0.01|43.5662|8.63192
21|13|0|0|0.0|17.7|315|18.2|52.9|0.00|0.01|43.5671|9.89914
21|14|0|0|1.6|17.7|315|17.9|52.8|0.00|0.01|43.5664|8.63192
21|15|0|0|0.0|17.7|315|17.4|52.7|0.00|0.01|43.5638|8.63192
21|16|0|0|1.6|17.7|315|17.0|52.6|0.00|0.01|43.5639|8.63192
21|17|0|225|1.5|17.7|315|17.1|52.5|0.00|0.01|43.5619|8.63192
21|18|0|270|1.5|17.7|315|17.5|52.4|0.00|0.01|43.564|8.63192
21|19|0|270|0.0|17.7|315|17.3|52.2|0.00|0.01|43.5634|8.63192
21|20|0|270|0.0|17.7|315|17.2|52.1|0.00|0.01|43.5644|8.63192
21|21|0|270|0.0|17.7|315|17.1|52.1|0.00|0.01|43.5621|8.63192
21|22|0|270|0.0|17.7|315|17.2|52.0|0.00|0.01|43.5628|8.63192
21|23|0|270|0.0|17.7|315|17.2|52.0|0.00|0.01|43.5617|8.63192
21|24|0|270|0.0|17.7|315|16.9|51.9|0.00|0.01|43.5612|6.48627
21|27|0|270|0.0|17.7|315|16.7|51.9|0.00|0.01|43.5601|6.48627
21|28|0|270|0.0|17.7|315|16.6|51.8|0.00|0.01|43.5618|6.48627
21|29|0|270|0.0|17.7|315|16.5|51.8|0.00|0.01|43.5611|6.48627
21|31|0|270|0.0|17.7|315|16.4|51.7|0.00|0.01|43.5621|6.48627
21|32|0|270|0.0|17.7|315|16.4|51.7|0.00|0.01|43.5625|6.48627
21|33|0|270|0.0|17.7|315|16.4|51.7|0.00|0.01|43.5633|6.48627
21|34|0|270|0.0|17.7|315|16.5|51.7|0.00|0.01|43.5638|6.48627
21|35|0|270|0.0|17.7|315|16.7|51.6|0.00|0.01|43.5647|6.48627
21|36|0|270|0.0|17.7|315|16.9|51.6|0.00|0.01|43.5681|6.48627
21|37|0|270|0.0|17.7|315|17.1|51.6|0.00|0.01|43.5688|7.81632
21|38|0|270|0.0|17.7|315|17.4|51.6|0.00|0.01|43.5688|7.81632
21|39|0|270|0.0|17.7|315|17.6|51.5|0.00|0.01|43.5719|7.81632
21|40|0|270|0.0|17.7|315|17.8|51.5|0.00|0.01|43.574|7.81632
21|41|0|270|0.0|17.7|315|17.8|51.5|0.00|0.01|43.574|7.81632
21|42|0|270|0.0|17.7|315|17.7|51.3|0.00|0.01|43.5748|7.81632
21|43|0|0|1.5|17.7|315|18.3|51.3|0.00|0.01|43.5782|9.07841
21|44|0|0|1.6|17.7|315|18.8|51.1|0.00|0.01|43.5788|9.07841
21|45|0|0|2.9|17.7|315|18.7|51.0|0.00|0.01|43.5777|9.07841
21|47|0|0|4.4|17.7|315|18.7|50.8|0.00|0.01|43.5769|8.25734
21|48|0|0|1.5|17.7|315|18.9|50.6|0.00|0.01|43.5756|8.25734
21|49|0|0|0.0|17.7|315|18.7|50.5|0.00|0.01|43.5764|8.25734
21|50|0|0|0.0|17.7|315|18.5|50.2|0.00|0.01|43.5779|8.25734
21|51|0|0|1.5|17.7|315|18.5|50.1|0.00|0.01|43.5808|8.25734
21|52|0|315|1.5|17.7|315|18.9|50.0|0.00|0.01|43.583|8.25734
21|53|0|315|1.6|17.7|315|19.3|49.9|0.00|0.01|43.5825|8.6273
21|54|0|315|0.0|17.7|315|19.5|49.8|0.00|0.01|43.5818|8.6273
21|56|0|315|1.5|17.7|315|19.4|49.4|0.00|0.01|43.5806|8.6273
21|57|0|315|1.5|17.7|315|19.8|49.3|0.00|0.01|43.5829|8.6273
21|58|0|0|1.6|17.7|315|20.5|49.2|0.00|0.01|43.5863|9.76409
21|59|0|315|2.9|17.7|315|21.0|49.1|0.00|0.01|43.5902|10.8514
22|00|0|315|3.2|17.7|315|20.9|48.9|0.00|0.01|43.5902|8.93281
22|01|0|315|1.5|17.7|315|20.5|48.7|0.00|0.01|43.5881|8.93281
22|02|0|315|1.6|17.7|315|20.6|48.4|0.00|0.01|43.5888|8.93281
22|03|0|315|1.5|17.7|315|20.6|48.3|0.00|0.01|43.5909|8.93281
22|04|0|0|1.5|17.7|315|20.6|48.2|0.00|0.01|43.589|8.93281
22|07|0|225|2.9|17.7|315|21.1|48.1|0.00|0.01|43.5912|10.0156
22|09|0|315|1.5|17.7|315|20.6|48.0|0.00|0.01|43.5924|8.93281
22|10|0|315|2.9|17.7|315|20.5|48.0|0.00|0.01|43.5917|8.93281
22|11|0|315|1.6|17.7|315|20.4|47.9|0.00|0.01|43.5919|8.10119
22|12|0|315|0.0|17.7|315|20.0|47.9|0.00|0.01|43.5917|8.10119
22|13|0|315|0.0|17.7|315|19.9|47.9|0.00|0.01|43.5921|6.9737
22|14|0|315|0.0|17.7|315|20.0|47.9|0.00|0.01|43.5912|8.10119
22|15|0|315|0.0|17.7|315|20.1|47.9|0.00|0.01|43.5915|8.10119
22|16|0|315|0.0|17.7|315|19.9|47.9|0.00|0.01|43.5896|6.9737
22|17|0|315|0.0|17.7|315|19.8|47.9|0.00|0.01|43.59|6.9737
22|19|0|180|0.0|17.7|315|20.0|48.0|0.00|0.01|43.5886|8.93281
22|20|0|180|2.9|17.7|315|20.6|48.0|0.00|0.01|43.5881|8.93281
22|21|0|180|2.9|17.7|315|20.7|48.0|0.00|0.01|43.5858|8.93281
22|22|0|180|1.5|17.7|315|21.2|48.0|0.00|0.01|43.588|10.0156
22|23|0|180|1.5|17.7|315|21.5|47.9|0.00|0.01|43.5858|9.17954
22|24|0|180|1.6|17.7|315|21.4|47.7|0.00|0.01|43.5876|9.17954
22|25|0|180|1.5|17.7|315|21.3|47.6|0.00|0.01|43.5857|9.17954
22|26|0|180|1.5|17.7|315|21.2|47.6|0.00|0.01|43.5855|9.17954
22|28|0|180|0.0|17.7|315|21.2|47.5|0.00|0.01|43.5872|9.17954
22|29|0|180|1.5|17.7|315|21.2|47.5|0.00|0.01|43.5862|9.17954
22|30|0|180|1.5|17.7|315|21.3|47.5|0.00|0.01|43.5842|9.17954
22|31|0|180|1.6|17.7|315|21.4|47.5|0.00|0.01|43.5849|9.17954
22|34|0|180|0.0|17.7|315|21.1|47.4|0.00|0.01|43.5839|9.17954
22|35|0|180|0.0|17.7|315|21.3|47.4|0.00|0.01|43.5849|9.17954
22|36|0|180|0.0|17.7|315|21.9|47.3|0.00|0.01|43.5845|9.17954
22|37|0|180|1.5|17.7|315|22.1|47.3|0.00|0.01|43.5845|10.2131
22|38|0|180|0.0|17.7|315|21.7|47.2|0.00|0.01|43.5844|9.17954
22|39|0|180|0.0|17.7|315|21.5|47.2|0.00|0.01|43.5846|9.17954
22|40|0|180|0.0|17.7|315|21.2|47.2|0.00|0.01|43.5832|9.17954
22|41|0|180|0.0|17.7|315|21.2|47.1|0.00|0.01|43.5835|9.17954
22|42|0|180|0.0|17.7|315|21.2|47.1|0.00|0.01|43.5833|9.17954
22|43|0|180|1.6|17.7|315|21.3|47.0|0.00|0.01|43.5832|9.17954
22|44|0|45|1.5|17.7|315|21.4|47.0|0.00|0.01|43.5814|9.17954
22|45|0|45|2.9|17.7|315|21.6|46.8|0.00|0.01|43.582|8.34314
22|46|0|90|2.9|17.7|315|21.8|46.8|0.00|0.01|43.5807|8.34314
22|47|0|90|2.9|17.7|315|22.2|46.8|0.00|0.01|43.5822|9.37242
22|49|0|135|0.0|17.7|315|22.4|46.7|0.00|0.01|43.5821|9.37242
22|50|0|135|0.0|17.7|315|22.4|46.8|0.00|0.01|43.5831|9.37242
22|51|0|135|0.0|17.7|315|22.6|46.8|0.00|0.01|43.583|9.37242
22|52|0|135|0.0|17.7|315|22.8|46.7|0.00|0.01|43.58|9.37242
22|53|0|135|0.0|17.7|315|23.1|46.7|0.00|0.01|43.5832|10.3609
22|54|0|135|0.0|17.7|315|23.4|46.7|0.00|0.01|43.5835|10.3609
22|55|0|135|0.0|17.7|315|23.4|46.7|0.00|0.01|43.5854|10.3609
22|57|0|135|0.0|17.7|315|23.6|46.7|0.00|0.01|43.5903|10.3609
22|58|0|135|0.0|17.7|315|23.8|46.6|0.00|0.01|43.5893|10.3609
22|59|0|135|0.0|17.7|315|23.8|46.6|0.00|0.01|43.5912|10.3609
23|00|0|135|0.0|17.7|315|23.8|46.6|0.00|0.01|43.59|10.3609
23|01|0|135|0.0|17.7|315|23.7|46.5|0.00|0.01|43.5904|10.3609
23|02|0|135|0.0|17.7|315|23.6|46.5|0.00|0.01|43.5924|10.3609
23|03|0|135|0.0|17.7|315|23.8|46.5|0.00|0.01|43.5915|10.3609
23|04|0|135|0.0|17.7|315|23.9|46.4|0.00|0.01|43.5916|10.3609
23|05|0|135|0.0|17.7|315|24.1|46.4|0.00|0.01|43.5911|11.3118
23|06|0|135|0.0|17.7|315|24.1|46.3|0.00|0.01|43.5901|11.3118
23|07|0|135|0.0|17.7|315|24.2|46.3|0.00|0.01|43.5929|11.3118
23|10|0|135|0.0|17.7|315|24.5|46.2|0.00|0.01|43.5961|11.3118
23|11|0|135|1.5|17.7|315|24.9|46.1|0.00|0.01|43.5983|11.3118
23|12|0|135|1.6|17.7|315|25.4|46.0|0.00|0.01|43.599|12.228
23|13|0|135|1.5|17.7|315|25.2|45.8|0.00|0.01|43.5979|11.3751
23|14|0|135|1.5|17.7|315|25.3|45.7|0.01|0.02|43.5959|11.3751
23|15|0|135|0.0|17.7|315|25.7|45.6|0.01|0.02|43.5953|11.3751
23|16|0|135|0.0|17.7|315|26.1|45.6|0.01|0.02|43.5952|12.2557
23|17|0|135|0.0|17.7|315|26.7|45.5|0.01|0.02|43.594|12.2557
23|19|0|135|0.0|17.7|315|26.2|45.4|0.01|0.02|43.5911|12.2557
23|20|0|135|0.0|17.7|315|26.2|45.4|0.01|0.02|43.5931|12.2557
23|21|0|135|0.0|17.7|315|26.5|45.4|0.01|0.02|43.5929|12.2557
23|22|0|90|1.5|17.7|315|27.4|45.3|0.01|0.02|43.5927|13.1066
23|23|0|90|2.9|17.7|315|29.1|45.3|0.01|0.02|43.5935|14.7275
23|24|0|90|1.5|17.7|315|29.6|45.2|0.01|0.02|43.5894|14.7275
23|25|0|90|1.6|17.7|315|28.9|45.2|0.01|0.02|43.5901|13.9299
23|26|0|90|0.0|17.7|315|28.6|45.0|0.01|0.02|43.5874|13.9299
23|27|0|90|0.0|17.7|315|28.5|45.0|0.01|0.02|43.5867|13.9299
23|28|0|90|0.0|17.7|315|27.9|44.9|0.01|0.02|43.5852|12.2461
23|30|0|90|0.0|17.7|315|27.2|44.9|0.02|0.03|43.5841|12.2461
23|31|0|90|0.0|17.7|315|26.8|44.9|0.02|0.03|43.5841|11.3988
23|32|0|90|0.0|17.7|315|26.8|44.8|0.02|0.03|43.5817|11.3988
23|33|0|90|1.5|17.7|315|26.8|44.8|0.02|0.03|43.5798|11.3988
23|34|0|90|0.0|17.7|315|27.1|44.8|0.02|0.03|43.5827|12.2461
23|35|0|90|0.0|17.7|315|26.9|44.7|0.02|0.03|43.5779|11.3988
23|36|0|90|1.5|17.7|315|27.5|44.7|0.02|0.03|43.5775|12.2461
23|37|0|90|1.6|17.7|315|28.0|44.6|0.02|0.03|43.5769|13.066
23|38|0|90|1.5|17.7|315|28.3|44.6|0.02|0.03|43.5786|13.066
23|39|0|90|1.6|17.7|315|28.5|44.5|0.02|0.03|43.5766|13.066
23|40|0|90|0.0|17.7|315|28.9|44.5|0.02|0.03|43.5776|13.066
23|41|0|90|1.5|17.7|315|29.2|44.4|0.02|0.03|43.5772|13.8602
23|42|0|90|0.0|17.7|315|29.2|44.3|0.02|0.03|43.5789|13.8602
23|43|0|90|0.0|17.7|315|29.1|44.2|0.02|0.03|43.5806|13.8602
23|44|0|90|0.0|17.7|315|29.1|44.0|0.02|0.03|43.5802|13.8602
23|45|0|90|0.0|17.7|315|29.0|44.0|0.02|0.03|43.5799|13.8602
23|46|0|90|0.0|17.7|315|28.6|43.9|0.02|0.03|43.5799|12.2018
23|47|0|90|0.0|17.7|315|28.2|43.8|0.02|0.03|43.5777|12.2018
23|48|0|90|0.0|17.7|315|28.4|43.8|0.02|0.03|43.5779|12.2018
23|50|0|90|0.0|17.7|315|28.8|43.7|0.02|0.03|43.5773|12.2018
23|52|0|90|0.0|17.7|315|26.8|43.6|0.02|0.03|43.5752|10.5416
23|53|0|90|1.5|17.7|315|27.3|43.5|0.02|0.03|43.5751|11.3854
23|54|0|90|1.5|17.7|315|28.3|43.5|0.02|0.03|43.5729|12.2018
23|55|0|90|0.0|17.7|315|28.7|43.4|0.02|0.03|43.5718|12.2018
23|56|0|90|1.5|17.7|315|28.5|43.4|0.02|0.03|43.5725|12.2018
23|57|0|90|1.6|17.7|315|27.9|43.2|0.02|0.03|43.5718|11.3854
23|58|0|90|1.5|17.7|315|27.7|43.1|0.02|0.03|43.5736|11.3854
23|59|0|90|0.0|17.7|315|27.6|43.1|0.02|0.03|43.5761|11.3854
