00|00|0|180|0.0|14.5|315|34.0|58.1|0.00|0.00|43.4087|29.8369
00|01|0|180|0.0|14.5|315|33.9|58.1|0.00|0.00|43.4089|29.1073
00|02|0|180|0.0|14.5|315|33.9|58.0|0.00|0.00|43.4079|29.1073
00|04|0|180|0.0|14.5|315|34.1|57.8|0.00|0.00|43.4084|28.9573
00|05|0|180|0.0|14.5|315|33.7|57.7|0.00|0.00|43.4101|28.2306
00|07|0|180|0.0|14.5|315|33.3|57.5|0.00|0.00|43.4093|28.2306
00|08|0|180|0.0|14.5|315|33.0|57.5|0.00|0.00|43.4128|28.2306
00|09|0|180|0.0|14.5|315|32.8|57.5|0.00|0.00|43.4117|27.4842
00|10|0|180|0.0|14.5|315|32.5|57.4|0.00|0.00|43.4132|27.4842
00|11|0|180|0.0|14.5|315|32.7|57.3|0.00|0.00|43.4115|27.4842
00|12|0|90|0.0|14.5|315|32.6|57.3|0.00|0.00|43.4124|27.4842
00|13|0|45|1.5|14.5|315|34.4|57.2|0.00|0.00|43.4142|28.9573
00|15|0|45|1.6|14.5|315|39.4|57.0|0.00|0.00|43.4104|32.3291
00|16|0|45|1.5|14.5|315|42.2|56.9|0.00|0.00|43.4149|33.2711
00|17|0|45|2.9|14.5|315|40.7|56.6|0.00|0.00|43.4164|32.0606
00|18|0|45|1.5|14.5|315|40.3|56.4|0.00|0.00|43.4164|32.0606
00|19|0|45|3.2|14.5|315|40.8|56.3|0.00|0.00|43.4156|32.0606
00|21|0|45|1.5|14.5|315|40.7|56.2|0.00|0.00|43.4161|32.0606
00|22|0|45|1.5|14.5|315|40.5|56.1|0.00|0.00|43.4166|32.0606
00|23|0|45|1.5|14.5|315|40.3|56.0|0.00|0.00|43.416|32.0606
00|25|0|45|0.0|14.5|315|39.0|55.8|0.00|0.00|43.4142|30.5409
00|26|0|45|0.0|14.5|315|38.4|55.7|0.00|0.00|43.4149|29.9038
00|27|0|45|0.0|14.5|315|37.0|55.7|0.00|0.00|43.4131|29.2517
00|28|0|45|0.0|14.5|315|37.4|55.7|0.00|0.00|43.4151|29.2517
00|29|0|270|0.0|14.5|315|37.4|55.6|0.00|0.00|43.4131|29.2517
00|30|0|225|0.0|14.5|315|37.8|55.6|0.00|0.00|43.4149|29.2517
00|31|0|315|0.0|14.5|315|37.5|55.6|0.00|0.00|43.4126|29.2517
00|33|0|0|0.0|14.5|315|39.8|55.5|0.00|0.00|43.4131|30.5409
00|34|0|315|1.6|14.5|315|40.8|55.5|0.00|0.00|43.4135|31.1638
00|36|0|315|0.0|14.5|315|40.6|55.5|0.00|0.00|43.4143|31.1638
00|37|0|45|1.5|14.5|315|40.9|55.4|0.00|0.00|43.4131|31.1638
00|38|0|45|1.5|14.5|315|40.0|55.3|0.00|0.00|43.4151|31.1638
00|39|0|45|1.5|14.5|315|42.6|55.3|0.00|0.00|43.4167|32.3692
00|40|0|68|3.2|14.5|315|41.4|55.1|0.00|0.00|43.4176|31.773
00|41|0|90|2.9|14.5|315|42.3|55.1|0.00|0.00|43.42|32.3692
00|42|0|68|0.0|14.5|315|42.0|55.0|0.00|0.00|43.422|32.3692
00|43|0|45|1.5|14.5|315|43.4|55.0|0.00|0.00|43.4213|32.953
00|44|0|90|0.0|14.5|315|44.3|54.8|0.00|0.00|43.4164|32.6179
00|46|0|90|0.0|14.5|315|43.0|54.7|0.00|0.00|43.4185|32.0484
00|47|0|90|0.0|14.5|315|42.8|54.6|0.00|0.00|43.4166|31.4671
00|48|0|225|1.5|14.5|315|42.7|54.6|0.00|0.00|43.4151|31.4671
00|49|0|225|1.5|14.5|315|42.6|54.5|0.00|0.00|43.4141|31.4671
00|50|0|225|0.0|14.5|315|42.5|54.4|0.00|0.00|43.4144|31.4671
00|51|0|225|0.0|14.5|315|42.2|54.4|0.00|0.00|43.4136|31.4671
00|52|0|225|0.0|14.5|315|42.1|54.3|0.00|0.00|43.4135|31.4671
00|54|0|0|0.0|14.5|315|41.5|54.2|0.00|0.00|43.411|30.8734
00|55|0|0|0.0|14.5|315|41.1|54.2|0.00|0.00|43.4104|30.8734
00|56|0|270|0.0|14.5|315|41.0|54.2|0.00|0.00|43.4113|30.8734
00|57|0|0|2.9|14.5|315|44.0|53.9|0.00|0.00|43.4097|31.7108
00|58|0|45|0.0|14.5|315|43.9|53.9|0.00|0.00|43.41|31.1437
00|59|0|0|1.5|14.5|315|42.9|53.7|0.00|0.00|43.4062|30.5648
01|00|0|45|0.0|14.5|315|44.5|53.6|0.00|0.00|43.4076|31.7108
01|02|0|90|0.0|14.5|315|45.9|53.4|0.00|0.00|43.4067|32.2666
01|03|0|135|0.0|14.5|315|45.7|53.3|0.00|0.00|43.4067|32.2666
01|04|0|135|1.5|14.5|315|45.6|53.2|0.00|0.00|43.4065|32.2666
01|05|0|90|1.6|14.5|315|46.1|53.0|0.00|0.00|43.407|32.8115
01|06|0|90|2.9|14.5|315|45.1|52.9|0.00|0.00|43.4068|31.3569
01|07|0|180|1.5|14.5|315|44.7|52.8|0.00|0.00|43.4072|30.8034
01|08|0|135|1.5|14.5|315|44.6|52.8|0.00|0.00|43.4053|30.8034
01|09|0|90|1.5|14.5|315|43.9|52.7|0.00|0.00|43.4056|30.2388
01|10|0|45|1.5|14.5|315|42.8|52.7|0.00|0.00|43.4055|29.6623
01|12|0|45|1.5|14.5|315|42.2|52.6|0.00|0.00|43.4049|29.6623
01|13|0|45|1.6|14.5|315|41.8|52.6|0.00|0.00|43.4045|29.0737
01|14|0|45|1.5|14.5|315|42.2|52.6|0.00|0.00|43.4044|29.6623
01|15|0|45|1.6|14.5|315|42.6|52.6|0.00|0.00|43.4048|29.6623
01|16|0|45|0.0|14.5|315|43.5|52.6|0.00|0.00|43.4045|30.2388
01|17|0|45|0.0|14.5|315|43.8|52.5|0.00|0.00|43.4033|30.2388
01|18|0|45|0.0|14.5|315|43.6|52.6|0.00|0.00|43.4058|30.2388
01|19|0|45|1.5|14.5|315|43.0|52.5|0.00|0.00|43.4037|30.2388
01|20|0|45|0.0|14.5|315|42.3|52.5|0.00|0.00|43.4063|29.6623
01|21|0|0|0.0|14.5|315|42.6|52.5|0.00|0.00|43.4052|29.6623
01|22|0|0|0.0|14.5|315|42.6|52.5|0.00|0.00|43.4049|29.6623
01|23|0|0|0.0|14.5|315|42.6|52.5|0.00|0.00|43.4072|29.6623
01|24|0|0|0.0|14.5|315|42.6|52.5|0.00|0.00|43.4061|29.6623
01|25|0|135|0.0|14.5|315|43.4|52.4|0.00|0.00|43.406|30.2388
01|26|0|90|0.0|14.5|315|43.5|52.4|0.00|0.00|43.407|30.2388
01|27|0|45|1.5|14.5|315|43.0|52.4|0.00|0.00|43.4054|30.2388
01|28|0|90|0.0|14.5|315|42.0|52.4|0.00|0.00|43.4058|29.6623
01|29|0|90|1.5|14.5|315|40.9|52.2|0.00|0.00|43.4061|28.4721
01|31|0|90|0.0|14.5|315|41.3|52.2|0.00|0.00|43.4068|29.0737
01|32|0|90|0.0|14.5|315|41.5|52.2|0.00|0.00|43.4057|29.0737
01|33|0|225|0.0|14.5|315|41.9|52.2|0.00|0.00|43.4054|29.0737
01|34|0|180|1.5|14.5|315|42.5|52.2|0.00|0.00|43.4071|29.6623
01|35|0|180|1.6|14.5|315|42.6|52.2|0.00|0.00|43.4063|29.6623
01|36|0|180|1.5|14.5|315|42.7|52.2|0.00|0.00|43.4061|29.6623
01|37|0|180|1.5|14.5|315|42.7|52.1|0.00|0.00|43.405|29.6623
01|38|0|180|1.5|14.5|315|42.8|52.0|0.00|0.00|43.4024|29.6623
01|39|0|180|0.0|14.5|315|42.7|52.0|0.00|0.00|43.4034|29.6623
01|40|0|180|0.0|14.5|315|42.2|51.9|0.00|0.00|43.4017|28.7597
01|41|0|315|0.0|14.5|315|43.3|51.9|0.00|0.00|43.4034|29.3336
01|42|0|315|1.6|14.5|315|46.0|51.8|0.00|0.00|43.4023|30.9873
01|43|0|315|0.0|14.5|315|44.5|51.7|0.00|0.00|43.4033|29.8959
01|44|0|315|0.0|14.5|315|43.9|51.7|0.00|0.00|43.4046|29.3336
01|46|0|315|0.0|14.5|315|45.3|51.6|0.00|0.00|43.4039|30.447
01|47|0|315|0.0|14.5|315|45.3|51.5|0.00|0.00|43.4043|30.447
01|48|0|315|0.0|14.5|315|45.0|51.3|0.00|0.00|43.4045|30.447
01|49|0|270|0.0|14.5|315|44.9|51.2|0.00|0.00|43.4081|29.8959
01|50|0|270|1.6|14.5|315|45.7|51.2|0.00|0.00|43.4086|30.447
01|51|0|270|0.0|14.5|315|46.0|51.1|0.00|0.00|43.407|30.9873
01|52|0|270|0.0|14.5|315|46.4|51.1|0.00|0.00|43.4058|30.9873
01|53|0|270|0.0|14.5|315|46.6|51.1|0.00|0.00|43.4081|30.9873
01|54|0|180|0.0|14.5|315|46.5|51.0|0.00|0.00|43.4067|30.9873
01|55|0|180|1.5|14.5|315|47.1|50.9|0.00|0.00|43.4076|30.6027
01|56|0|135|0.0|14.5|315|46.8|50.8|0.00|0.00|43.4112|30.0749
01|57|0|135|0.0|14.5|315|46.6|50.7|0.00|0.00|43.4125|30.0749
01|58|0|135|0.0|14.5|315|45.9|50.7|0.00|0.00|43.4137|29.5369
01|59|0|0|0.0|14.5|315|46.1|50.6|0.00|0.00|43.4134|30.0749
02|00|0|45|0.0|14.5|315|47.2|50.5|0.00|0.00|43.4133|30.6027
02|02|0|45|0.0|14.5|315|47.5|50.3|0.00|0.00|43.4131|30.6027
02|03|0|90|0.0|14.5|315|46.6|50.3|0.00|0.00|43.4116|30.0749
02|05|0|90|0.0|14.5|315|45.8|50.1|0.00|0.00|43.4124|29.5369
02|06|0|225|0.0|14.5|315|45.8|50.1|0.00|0.00|43.4111|29.5369
02|07|0|225|0.0|14.5|315|45.9|50.1|0.00|0.00|43.412|29.5369
02|08|0|225|0.0|14.5|315|45.9|50.0|0.00|0.00|43.4116|29.5369
02|09|0|45|0.0|14.5|315|46.2|50.0|0.00|0.00|43.4133|30.0749
02|10|0|45|1.6|14.5|315|47.5|50.0|0.00|0.00|43.4136|30.6027
02|11|0|45|0.0|14.5|315|48.1|50.0|0.00|0.00|43.4131|31.1206
02|12|0|225|0.0|14.5|315|48.1|49.9|0.00|0.00|43.4123|30.2036
02|14|0|225|0.0|14.5|315|48.2|49.9|0.00|0.00|43.4109|30.2036
02|16|0|225|0.0|14.5|315|47.9|49.8|0.00|0.00|43.4088|29.6879
02|17|0|135|1.5|14.5|315|47.9|49.8|0.00|0.00|43.4099|29.6879
02|18|0|135|0.0|14.5|315|48.7|49.7|0.00|0.00|43.408|30.2036
02|19|0|90|1.6|14.5|315|48.4|49.7|0.00|0.00|43.4112|30.2036
02|20|0|90|0.0|14.5|315|48.7|49.5|0.00|0.00|43.4086|30.2036
02|22|0|225|1.5|14.5|315|49.6|49.5|0.00|0.00|43.4096|30.7099
02|23|0|135|0.0|14.5|315|49.3|49.5|0.00|0.00|43.4088|30.7099
02|24|0|90|1.5|14.5|315|49.4|49.4|0.00|0.00|43.4094|30.7099
02|25|0|90|0.0|14.5|315|49.1|49.4|0.00|0.00|43.4096|30.7099
02|26|0|315|1.5|14.5|315|49.5|49.4|0.00|0.00|43.4105|30.7099
02|27|0|270|0.0|14.5|315|52.2|49.3|0.00|0.00|43.4084|32.1758
02|28|0|270|3.2|14.5|315|52.8|49.2|0.00|0.00|43.4068|32.1758
02|30|0|270|1.6|14.5|315|51.6|49.1|0.00|0.00|43.4072|31.6956
02|31|0|270|4.4|14.5|315|51.6|49.0|0.00|0.00|43.4072|31.6956
02|32|0|90|1.6|14.5|315|51.7|48.9|0.00|0.00|43.4072|30.772
02|33|0|135|2.9|14.5|315|51.9|48.9|0.00|0.00|43.4112|30.772
02|34|0|180|1.5|14.5|315|51.4|48.8|0.00|0.00|43.4118|30.772
02|35|0|180|0.0|14.5|315|50.7|48.8|0.00|0.00|43.414|30.2856
02|36|0|225|1.5|14.5|315|50.1|48.8|0.00|0.00|43.4142|30.2856
02|37|0|270|0.0|14.5|315|50.6|48.7|0.00|0.00|43.412|30.2856
02|38|0|225|1.5|14.5|315|50.6|48.8|0.00|0.00|43.4124|30.2856
02|39|0|270|1.6|14.5|315|50.5|48.8|0.00|0.00|43.4118|30.2856
02|40|0|225|0.0|14.5|315|50.4|48.8|0.00|0.00|43.4101|30.2856
02|41|0|135|1.5|14.5|315|50.6|48.8|0.00|0.00|43.4115|30.2856
02|43|0|135|1.6|14.5|315|50.7|48.8|0.00|0.00|43.4159|30.2856
02|44|0|135|0.0|14.5|315|50.4|48.8|0.00|0.00|43.4166|30.2856
02|45|0|180|0.0|14.5|315|50.0|48.8|0.00|0.00|43.4159|30.2856
02|46|0|180|2.9|14.5|315|49.6|48.8|0.00|0.00|43.4131|29.7905
02|48|0|180|4.4|14.5|315|49.7|48.8|0.00|0.00|43.4144|29.7905
02|49|0|180|1.5|14.5|315|50.1|48.8|0.00|0.00|43.4113|30.2856
02|50|0|180|2.9|14.5|315|50.4|48.8|0.00|0.00|43.412|30.2856
02|51|0|135|1.5|14.5|315|50.4|48.8|0.00|0.00|43.4109|30.2856
02|52|0|180|0.0|14.5|315|50.2|48.8|0.00|0.00|43.4119|30.2856
02|53|0|180|0.0|14.5|315|49.9|48.9|0.00|0.00|43.4118|29.7905
02|54|0|0|4.4|14.5|315|51.8|49.0|0.00|0.00|43.4131|31.6956
02|55|0|0|1.5|14.5|315|55.0|49.0|0.00|0.00|43.4124|33.5687
02|56|0|0|1.5|14.5|315|55.4|48.9|0.00|0.00|43.4133|32.6369
02|57|0|0|0.0|14.5|315|55.0|48.9|0.00|0.00|43.4136|32.6369
02|58|0|225|1.6|14.5|315|54.2|48.9|0.00|0.00|43.4139|32.1822
02|59|0|225|1.5|14.5|315|53.4|48.8|0.00|0.00|43.416|31.72
03|00|0|225|1.6|14.5|315|53.7|48.8|0.00|0.00|43.4168|31.72
03|01|0|225|1.5|14.5|315|53.7|48.7|0.00|0.00|43.417|31.72
03|03|0|225|0.0|14.5|315|53.4|48.5|0.00|0.00|43.4163|31.72
03|05|0|315|0.0|14.5|315|54.1|48.5|0.00|0.00|43.4159|32.1822
03|06|0|225|0.0|14.5|315|54.3|48.4|0.00|0.00|43.4168|32.1822
03|07|0|90|4.4|14.5|315|54.2|48.4|0.00|0.00|43.4197|32.1822
03|09|0|45|2.9|14.5|315|56.1|48.0|0.00|0.00|43.4196|33.0844
03|10|0|90|1.5|14.5|315|55.3|48.0|0.00|0.00|43.4183|32.6369
03|11|0|225|2.9|14.5|315|54.4|47.9|0.00|0.00|43.4136|31.2523
03|12|0|225|2.9|14.5|315|55.3|47.9|0.00|0.00|43.4161|31.705
03|13|0|338|1.6|14.5|315|55.6|47.7|0.00|0.00|43.4174|31.705
03|14|0|0|1.5|14.5|315|55.9|47.7|0.00|0.00|43.4156|31.705
03|15|0|0|0.0|14.5|315|58.2|47.7|0.00|0.00|43.4173|33.0208
03|16|0|0|0.0|14.5|315|58.1|47.7|0.00|0.00|43.4155|33.0208
03|17|0|225|0.0|14.5|315|57.5|47.6|0.00|0.00|43.4172|32.589
03|18|0|225|0.0|14.5|315|56.4|47.6|0.00|0.00|43.4166|32.1505
03|19|0|225|0.0|14.5|315|56.0|47.6|0.00|0.00|43.4183|32.1505
03|21|0|225|0.0|14.5|315|56.3|47.6|0.00|0.00|43.4157|32.1505
03|22|0|225|1.5|14.5|315|56.0|47.6|0.00|0.00|43.4154|32.1505
03|23|0|180|6.4|14.5|315|56.6|47.6|0.00|0.00|43.4141|32.1505
03|24|0|180|4.4|14.5|315|56.0|47.5|0.00|0.00|43.4152|32.1505
03|25|0|135|0.0|14.5|315|55.3|47.5|0.00|0.00|43.4142|31.705
03|26|0|0|1.5|14.5|315|55.8|47.5|0.00|0.00|43.417|31.705
03|27|0|0|4.4|14.5|315|59.6|47.4|0.00|0.00|43.4159|33.446
03|28|0|0|1.6|14.5|315|60.8|47.5|0.00|0.00|43.4185|33.8649
03|29|0|135|0.0|14.5|315|60.1|47.4|0.00|0.00|43.4167|33.8649
03|30|0|0|1.5|14.5|315|59.4|47.3|0.00|0.00|43.4197|33.446
03|31|0|315|0.0|14.5|315|59.7|47.2|0.00|0.00|43.4185|33.446
03|32|0|315|0.0|14.5|315|59.2|47.2|0.00|0.00|43.4173|33.446
03|33|0|315|0.0|14.5|315|58.5|47.2|0.00|0.00|43.42|33.0208
03|34|0|135|0.0|14.5|315|58.1|47.1|0.00|0.00|43.4203|33.0208
03|35|0|135|0.0|14.5|315|58.3|47.1|0.00|0.00|43.4189|33.0208
03|36|0|0|0.0|14.5|315|58.5|47.1|0.00|0.00|43.4212|33.0208
03|38|0|0|0.0|14.5|315|59.2|47.1|0.00|0.00|43.4203|33.446
03|39|0|0|1.6|14.5|315|61.1|47.0|0.00|0.00|43.42|34.2777
03|40|0|0|1.5|14.5|315|59.9|47.0|0.00|0.00|43.4174|33.446
03|42|0|90|1.5|14.5|315|58.0|47.0|0.00|0.00|43.4192|33.0208
03|43|0|90|0.0|14.5|315|57.2|47.0|0.00|0.00|43.4198|32.589
03|44|0|90|0.0|14.5|315|57.0|47.0|0.00|0.00|43.4197|32.589
03|45|0|270|0.0|14.5|315|57.4|47.0|0.00|0.00|43.4174|32.589
03|46|0|270|0.0|14.5|315|58.5|47.0|0.00|0.00|43.4173|33.0208
03|48|0|315|2.9|14.5|315|59.8|46.8|0.00|0.00|43.4167|32.5063
03|50|0|315|1.6|14.5|315|59.1|46.7|0.00|0.00|43.4168|32.5063
03|51|0|0|2.9|14.5|315|59.2|46.7|0.00|0.00|43.4177|32.5063
03|52|0|315|1.6|14.5|315|59.5|46.6|0.00|0.00|43.417|32.5063
03|53|0|270|1.5|14.5|315|59.0|46.6|0.00|0.00|43.4159|32.5063
03|54|0|270|2.9|14.5|315|57.9|46.5|0.00|0.00|43.4147|31.6531
03|56|0|315|1.5|14.5|315|57.3|46.5|0.00|0.00|43.415|31.6531
03|57|0|315|1.5|14.5|315|57.1|46.5|0.00|0.00|43.4148|31.6531
03|58|0|315|0.0|14.5|315|56.8|46.5|0.00|0.00|43.4148|31.2164
03|59|0|315|0.0|14.5|315|56.2|46.5|0.00|0.00|43.4147|31.2164
04|00|0|0|0.0|14.5|315|55.9|46.5|0.00|0.00|43.4154|30.7729
04|02|0|315|0.0|14.5|315|57.0|46.6|0.00|0.00|43.4171|31.6531
04|03|0|315|1.5|14.5|315|56.5|46.5|0.00|0.00|43.4148|31.2164
04|04|0|270|1.6|14.5|315|56.1|46.5|0.00|0.00|43.4149|31.2164
04|05|0|0|1.6|14.5|315|56.4|46.5|0.00|0.00|43.4144|31.2164
04|06|0|0|4.4|14.5|315|60.2|46.5|0.00|0.00|43.4156|32.9234
04|07|0|0|0.0|14.5|315|62.3|46.5|0.00|0.00|43.4163|33.7395
04|08|0|0|1.6|14.5|315|60.3|46.4|0.00|0.00|43.4156|32.9234
04|09|0|203|1.5|14.5|315|59.1|46.4|0.00|0.00|43.4173|32.5063
04|10|0|180|3.2|14.5|315|60.0|46.3|0.00|0.00|43.4192|32.9234
04|11|0|135|2.9|14.5|315|60.6|46.2|0.00|0.00|43.418|32.9234
04|12|0|180|4.4|14.5|315|59.9|46.2|0.00|0.00|43.4219|32.5063
04|14|0|135|2.9|14.5|315|59.4|46.1|0.00|0.00|43.4231|32.5063
04|15|0|135|0.0|14.5|315|59.1|46.1|0.00|0.00|43.4243|32.5063
04|16|0|135|0.0|14.5|315|58.7|46.1|0.00|0.00|43.4224|32.0829
04|17|0|135|0.0|14.5|315|58.6|46.1|0.00|0.00|43.4242|32.0829
04|18|0|90|1.5|14.5|315|58.5|46.1|0.00|0.00|43.426|32.0829
04|19|0|90|0.0|14.5|315|58.2|46.1|0.00|0.00|43.4228|32.0829
04|20|0|90|0.0|14.5|315|58.0|46.1|0.00|0.00|43.4242|32.0829
04|21|0|90|0.0|14.5|315|57.9|46.2|0.00|0.00|43.4243|31.6531
04|22|0|90|0.0|14.5|315|58.0|46.2|0.00|0.00|43.4232|32.0829
04|24|0|90|1.5|14.5|315|57.2|46.3|0.00|0.00|43.4245|31.6531
04|25|0|225|1.6|14.5|315|57.1|46.3|0.00|0.00|43.4236|31.6531
04|26|0|225|0.0|14.5|315|57.1|46.3|0.00|0.00|43.4213|31.6531
04|27|0|225|1.5|14.5|315|56.8|46.4|0.00|0.00|43.4207|31.2164
04|28|0|135|1.5|14.5|315|56.7|46.4|0.00|0.00|43.4231|31.2164
04|29|0|135|0.0|14.5|315|56.7|46.4|0.00|0.00|43.4229|31.2164
04|31|0|180|0.0|14.5|315|56.5|46.5|0.00|0.00|43.4221|31.2164
04|32|0|180|1.5|14.5|315|56.1|46.5|0.00|0.00|43.4224|31.2164
04|33|0|180|3.2|14.5|315|55.7|46.5|0.00|0.00|43.4211|30.7729
04|34|0|180|1.6|14.5|315|55.4|46.4|0.00|0.00|43.4194|30.7729
04|35|0|135|1.5|14.5|315|55.3|46.5|0.00|0.00|43.4231|30.7729
04|36|0|90|1.6|14.5|315|55.4|46.5|0.00|0.00|43.4219|30.7729
04|37|0|135|1.6|14.5|315|55.3|46.5|0.00|0.00|43.4235|30.7729
04|39|0|180|0.0|14.5|315|54.9|46.6|0.00|0.00|43.4268|30.3221
04|40|0|180|0.0|14.5|315|55.0|46.5|0.00|0.00|43.4245|30.7729
04|41|0|180|0.0|14.5|315|54.9|46.5|0.00|0.00|43.4235|30.3221
04|42|0|45|0.0|14.5|315|54.8|46.6|0.00|0.00|43.4264|30.3221
04|43|0|45|0.0|14.5|315|54.9|46.5|0.00|0.00|43.4266|30.3221
04|44|0|45|1.5|14.5|315|55.0|46.5|0.00|0.00|43.4286|30.7729
04|46|0|90|1.6|14.5|315|55.3|46.5|0.00|0.00|43.43|30.7729
04|47|0|90|1.5|14.5|315|55.2|46.5|0.00|0.00|43.4304|30.7729
04|49|0|90|1.5|14.5|315|54.9|46.4|0.00|0.00|43.4311|30.3221
04|50|0|135|1.6|14.5|315|54.8|46.4|0.00|0.00|43.433|30.3221
04|51|0|90|1.5|14.5|315|54.6|46.4|0.00|0.00|43.4316|30.3221
04|52|0|45|1.6|14.5|315|54.4|46.4|0.00|0.00|43.4326|30.3221
04|54|0|45|0.0|14.5|315|53.8|46.4|0.00|0.00|43.4339|29.8639
04|55|0|135|0.0|14.5|315|54.2|46.5|0.00|0.00|43.4302|30.3221
04|56|0|90|1.5|14.5|315|54.1|46.6|0.00|0.00|43.4288|30.3221
04|57|0|90|1.5|14.5|315|54.7|46.6|0.00|0.00|43.4296|30.3221
04|58|0|90|2.9|14.5|315|55.1|46.7|0.00|0.00|43.4282|30.7729
04|59|0|90|1.5|14.5|315|55.4|46.7|0.00|0.00|43.4274|30.7729
05|01|0|135|1.5|14.5|315|55.7|46.7|0.00|0.00|43.4285|30.7729
05|02|0|90|2.9|14.5|315|57.1|46.7|0.00|0.00|43.4281|31.6531
05|03|0|135|0.0|14.5|315|56.8|46.8|0.00|0.00|43.4283|31.2164
05|04|0|90|1.5|14.5|315|57.2|46.8|0.00|0.00|43.4286|31.6531
05|05|0|90|0.0|14.5|315|55.8|46.8|0.00|0.00|43.4276|30.7729
05|06|0|90|0.0|14.5|315|54.9|46.8|0.00|0.00|43.4293|30.3221
05|07|0|90|0.0|14.5|315|54.0|46.8|0.00|0.00|43.4296|30.3221
05|08|0|180|0.0|14.5|315|55.2|46.8|0.00|0.00|43.4294|30.7729
05|09|0|180|0.0|14.5|315|56.2|46.8|0.00|0.00|43.4302|31.2164
05|10|0|180|0.0|14.5|315|56.4|46.8|0.00|0.00|43.4308|31.2164
05|11|0|180|0.0|14.5|315|56.7|46.8|0.00|0.00|43.4302|31.2164
05|12|0|180|0.0|14.5|315|56.5|46.8|0.00|0.00|43.4325|31.2164
05|13|0|180|0.0|14.5|315|56.4|46.8|0.00|0.00|43.4308|31.2164
05|14|0|180|0.0|14.5|315|56.1|46.8|0.00|0.00|43.4321|31.2164
05|15|0|180|0.0|14.5|315|55.7|46.8|0.00|0.00|43.4311|30.7729
05|16|0|180|0.0|14.5|315|55.8|46.7|0.00|0.00|43.4304|30.7729
05|18|0|135|1.5|14.5|315|55.2|46.7|0.00|0.00|43.4323|30.7729
05|20|0|135|0.0|14.5|315|54.1|46.8|0.00|0.00|43.4343|30.3221
05|21|0|135|0.0|14.5|315|53.9|46.7|0.00|0.00|43.4335|29.8639
05|22|0|135|0.0|14.5|315|53.9|46.7|0.00|0.00|43.435|29.8639
05|23|0|135|0.0|14.5|315|53.8|46.7|0.00|0.00|43.4358|29.8639
05|24|0|135|0.0|14.5|315|53.9|46.6|0.00|0.00|43.438|29.8639
05|25|0|90|0.0|14.5|315|53.6|46.6|0.00|0.00|43.4389|29.8639
05|26|0|90|0.0|14.5|315|53.6|46.6|0.00|0.00|43.4407|29.8639
05|27|0|90|0.0|14.5|315|53.6|46.6|0.00|0.00|43.4422|29.8639
05|28|0|90|0.0|14.5|315|53.6|46.6|0.00|0.00|43.442|29.8639
05|29|0|315|0.0|14.5|315|54.0|46.5|0.00|0.00|43.4426|30.3221
05|30|0|315|1.5|14.5|315|54.3|46.5|0.00|0.00|43.4458|30.3221
05|31|0|270|1.5|14.5|315|54.8|46.5|0.00|0.00|43.4451|30.3221
05|32|0|270|0.0|14.5|315|54.9|46.5|0.00|0.00|43.4471|30.3221
05|34|0|225|0.0|14.5|315|54.6|46.4|0.00|0.00|43.4468|30.3221
05|35|0|225|1.5|14.5|315|54.7|46.4|0.00|0.00|43.4482|30.3221
05|36|0|225|0.0|14.5|315|55.1|46.4|0.00|0.00|43.4469|30.7729
05|37|0|225|0.0|14.5|315|55.9|46.3|0.00|0.00|43.4453|30.7729
05|38|0|225|0.0|14.5|315|56.1|46.3|0.00|0.00|43.446|31.2164
05|40|0|225|0.0|14.5|315|56.6|46.2|0.00|0.00|43.445|31.2164
05|41|0|225|0.0|14.5|315|56.4|46.2|0.00|0.00|43.4458|31.2164
05|42|0|315|0.0|14.5|315|56.2|46.1|0.00|0.00|43.4445|31.2164
05|44|0|315|0.0|14.5|315|56.6|46.0|0.00|0.00|43.4454|31.2164
05|45|0|315|0.0|14.5|315|57.2|46.0|0.00|0.00|43.4471|31.6531
05|46|0|315|1.5|14.5|315|57.8|45.8|0.00|0.00|43.4468|30.717
05|47|0|315|3.2|14.5|315|58.4|45.8|0.00|0.00|43.4489|31.145
05|48|0|270|1.6|14.5|315|58.7|45.7|0.00|0.00|43.4489|31.145
05|49|0|270|3.2|14.5|315|58.7|45.6|0.00|0.00|43.4514|31.145
05|50|0|270|1.5|14.5|315|58.0|45.5|0.00|0.00|43.4519|31.145
05|52|0|270|0.0|14.5|315|57.5|45.5|0.00|0.00|43.4552|30.717
05|53|0|270|0.0|14.5|315|57.2|45.4|0.00|0.00|43.4543|30.717
05|54|0|270|0.0|14.5|315|57.2|45.4|0.00|0.00|43.4561|30.717
05|55|0|180|0.0|14.5|315|57.4|45.4|0.00|0.00|43.4562|30.717
05|56|0|180|0.0|14.5|315|58.0|45.4|0.00|0.00|43.4556|31.145
05|57|0|180|0.0|14.5|315|58.3|45.3|0.00|0.00|43.4545|31.145
05|58|0|90|3.2|14.5|315|58.7|45.4|0.00|0.00|43.4562|31.145
05|59|0|135|4.4|14.5|315|58.2|45.3|0.00|0.00|43.4555|31.145
06|00|0|180|2.9|14.5|315|58.6|45.3|0.00|0.00|43.4548|31.145
06|01|0|135|1.6|14.5|315|58.8|45.2|0.00|0.00|43.4545|31.145
06|02|0|135|2.9|14.5|315|58.8|45.2|0.00|0.00|43.4555|31.145
06|03|0|135|1.6|14.5|315|58.5|45.2|0.00|0.00|43.4536|31.145
06|04|0|135|3.2|14.5|315|58.9|45.2|0.00|0.00|43.4546|31.145
06|05|0|90|1.5|14.5|315|58.7|45.2|0.00|0.00|43.4541|31.145
06|07|0|180|1.5|14.5|315|58.5|45.2|0.00|0.00|43.455|31.145
06|08|0|135|4.4|14.5|315|58.1|45.3|0.00|0.00|43.4558|31.145
06|10|0|90|1.5|14.5|315|57.7|45.4|0.00|0.00|43.461|30.717
06|11|0|135|0.0|14.5|315|57.7|45.4|0.00|0.00|43.4575|30.717
06|13|0|180|1.5|14.5|315|57.2|45.5|0.00|0.00|43.4588|30.717
06|14|0|180|1.5|14.5|315|56.7|45.5|0.00|0.00|43.4609|30.2823
06|15|0|180|0.0|14.5|315|55.4|45.6|0.00|0.00|43.4596|29.8407
06|16|0|180|0.0|14.5|315|54.7|45.6|0.00|0.00|43.4613|29.3919
06|18|0|180|0.0|14.5|315|54.4|45.8|0.00|0.00|43.4625|29.3919
06|19|0|180|0.0|14.5|315|54.0|46.0|0.00|0.00|43.4609|30.3221
06|20|0|270|0.0|14.5|315|54.8|46.1|0.00|0.00|43.461|30.3221
06|21|0|270|0.0|14.5|315|55.0|46.1|0.00|0.00|43.4597|30.7729
06|22|0|270|0.0|14.5|315|55.4|46.2|0.00|0.00|43.4625|30.7729
06|23|0|135|0.0|14.5|315|55.4|46.3|0.00|0.00|43.4636|30.7729
06|24|0|180|1.5|14.5|315|55.6|46.3|0.00|0.00|43.4609|30.7729
06|26|0|135|1.5|14.5|315|55.2|46.3|0.00|0.00|43.4614|30.7729
06|27|0|180|4.4|14.5|315|54.2|46.3|0.00|0.00|43.4614|30.3221
06|28|0|135|1.6|14.5|315|53.4|46.3|0.00|0.00|43.4613|29.8639
06|29|0|180|1.5|14.5|315|53.2|46.3|0.00|0.00|43.46|29.8639
06|30|0|180|2.9|14.5|315|52.1|46.4|0.00|0.00|43.4613|29.398
06|31|0|135|4.4|14.5|315|51.3|46.4|0.00|0.00|43.4593|28.9241
06|32|0|135|2.9|14.5|315|50.1|46.5|0.00|0.00|43.4594|28.4419
06|33|0|135|1.5|14.5|315|49.6|46.6|0.00|0.00|43.4602|27.9511
06|34|0|135|5.8|14.5|315|49.1|46.6|0.00|0.00|43.4611|27.9511
06|35|0|135|4.8|14.5|315|48.1|46.8|0.00|0.00|43.4626|27.4514
06|36|0|135|0.0|14.5|315|47.1|47.0|0.00|0.00|43.4602|27.8577
06|37|0|180|0.0|14.5|315|47.4|47.1|0.00|0.00|43.459|27.8577
06|38|0|180|0.0|14.5|315|47.5|47.3|0.00|0.00|43.46|27.8577
06|39|0|0|0.0|14.5|315|48.0|47.5|0.00|0.00|43.4606|28.3689
06|41|0|90|1.5|14.5|315|50.1|47.9|0.00|0.00|43.4641|29.3638
06|42|0|90|0.0|14.5|315|48.9|48.0|0.00|0.00|43.463|29.2864
06|44|0|90|1.5|14.5|315|48.1|48.1|0.00|0.00|43.4634|29.2864
06|45|0|45|1.5|14.5|315|48.0|48.1|0.00|0.00|43.4617|29.2864
06|46|0|90|1.6|14.5|315|46.6|48.2|0.00|0.00|43.4641|28.2496
06|47|0|90|3.2|14.5|315|47.1|48.3|0.00|0.00|43.4635|28.7729
06|48|0|135|1.6|14.5|315|45.3|48.4|0.00|0.00|43.4617|27.7162
06|49|0|135|7.3|14.5|315|44.3|48.5|0.00|0.00|43.4629|27.1721
06|50|0|90|0.0|14.5|315|43.3|48.8|0.00|0.00|43.4646|26.617
06|51|0|180|4.4|14.5|315|43.6|48.9|0.00|0.00|43.4658|26.617
06|52|0|135|1.5|14.5|315|42.0|49.1|0.00|0.00|43.4657|26.9537
06|54|0|135|1.5|14.5|315|41.9|49.4|0.00|0.00|43.4678|26.3725
06|55|0|135|4.4|14.5|315|40.9|49.7|0.00|0.00|43.4662|25.7786
06|56|0|135|2.9|14.5|315|40.4|49.9|0.00|0.00|43.4636|25.7786
06|58|0|135|3.2|14.5|315|39.8|50.2|0.00|0.00|43.4619|26.0669
06|59|0|135|2.9|14.5|315|38.6|50.5|0.00|0.00|43.4641|25.443
07|00|0|135|3.2|14.5|315|38.7|50.7|0.00|0.00|43.4675|25.443
07|01|0|135|2.9|14.5|315|39.1|50.9|0.00|0.00|43.4669|26.0669
07|02|0|135|10.2|14.5|315|38.9|51.2|0.00|0.00|43.4695|26.3356
07|03|0|135|2.9|14.5|315|37.9|51.5|0.00|0.00|43.4732|25.6944
07|05|0|135|4.4|14.5|315|36.9|51.8|0.00|0.00|43.4699|25.0376
07|06|0|135|5.8|14.5|315|36.2|52.0|0.00|0.00|43.4694|25.9245
07|07|0|135|5.8|14.5|315|35.5|52.2|0.00|0.00|43.4692|25.2485
07|08|0|135|6.4|14.5|315|34.9|52.4|0.00|0.00|43.4688|24.5552
07|09|0|180|8.7|14.5|315|34.1|52.6|0.00|0.00|43.4668|24.5552
07|10|0|135|4.4|14.5|315|33.6|52.7|0.00|0.00|43.4658|23.8436
07|11|0|90|4.4|14.5|315|34.1|52.9|0.00|0.00|43.4683|24.5552
07|13|0|135|1.5|14.5|315|32.8|53.3|0.00|0.00|43.4698|23.9874
07|14|0|113|0.0|14.5|315|33.2|53.4|0.00|0.00|43.4675|24.7215
07|16|0|135|1.5|14.5|315|33.2|53.6|0.00|0.00|43.4658|24.7215
07|17|0|135|3.2|14.5|315|33.5|53.8|0.00|0.00|43.463|24.7215
07|18|0|135|4.4|14.5|315|33.8|53.9|0.00|0.00|43.4602|24.7215
07|19|0|45|4.8|14.5|315|32.9|54.2|0.00|0.00|43.4594|24.862
07|20|0|135|2.9|14.5|315|33.2|54.3|0.00|0.00|43.4612|25.5991
07|21|0|68|2.9|14.5|315|32.6|54.5|0.00|0.00|43.4622|24.862
07|22|0|113|0.0|14.5|315|32.8|54.7|0.00|0.00|43.466|24.862
07|24|0|180|4.4|14.5|315|33.2|55.2|0.00|0.00|43.4694|26.4765
07|25|0|113|1.5|14.5|315|32.4|55.4|0.00|0.00|43.4714|25.7363
07|26|0|90|1.5|14.5|315|32.5|55.5|0.00|0.00|43.4729|25.7363
07|28|0|135|2.9|14.5|315|33.0|55.7|0.00|0.00|43.475|26.4765
07|29|0|135|2.9|14.5|315|32.9|56.0|0.00|0.00|43.4745|26.6104
07|30|0|90|4.4|14.5|315|32.2|56.1|0.00|0.00|43.4736|26.6104
07|31|0|135|5.8|14.5|315|31.5|56.1|0.00|0.00|43.4707|25.8462
07|32|0|180|1.6|14.5|315|31.3|56.2|0.00|0.00|43.4737|25.8462
07|33|0|135|1.5|14.5|315|31.5|56.4|0.00|0.00|43.4759|25.8462
07|34|0|135|2.9|14.5|315|31.3|56.4|0.00|0.00|43.475|25.8462
07|35|0|135|2.9|14.5|315|31.6|56.5|0.00|0.00|43.4748|25.8462
07|36|0|135|2.9|14.5|315|32.0|56.6|0.00|0.00|43.4752|26.6104
07|37|0|135|1.5|14.5|315|31.4|56.7|0.00|0.00|43.4776|25.8462
07|39|0|68|2.9|14.5|315|30.9|56.9|0.00|0.00|43.4781|25.0599
07|40|0|135|1.6|14.5|315|30.4|57.0|0.00|0.00|43.4799|25.9273
07|41|0|135|2.9|14.5|315|30.7|57.0|0.00|0.00|43.478|25.9273
07|42|0|90|0.0|14.5|315|30.7|57.2|0.00|0.00|43.4806|25.9273
07|43|0|135|7.3|14.5|315|30.5|57.3|0.00|0.00|43.4796|25.9273
07|44|0|90|3.2|14.5|315|30.3|57.3|0.00|0.00|43.481|25.9273
07|45|0|90|1.5|14.5|315|29.7|57.4|0.00|0.00|43.4827|25.1141
07|46|0|90|2.9|14.5|315|29.0|57.7|0.00|0.00|43.4838|25.1141
07|47|0|135|7.3|14.5|315|28.3|57.8|0.00|0.00|43.4817|24.2756
07|48|0|135|9.7|14.5|315|28.0|57.8|0.00|0.00|43.4826|24.2756
07|49|0|135|5.8|14.5|315|27.9|57.8|0.00|0.00|43.4825|23.4102
07|52|0|135|14.5|18.9|158|27.5|57.7|0.00|0.00|43.4812|23.4102
07|53|0|135|5.8|18.9|158|27.5|57.5|0.00|0.00|43.4813|23.4102
07|55|0|180|11.6|18.9|158|27.6|57.5|0.00|0.00|43.4803|23.4102
07|56|0|225|10.2|18.9|158|27.7|57.4|0.00|0.00|43.4736|23.4102
07|57|0|135|5.8|18.9|158|27.8|57.4|0.00|0.00|43.4813|23.4102
07|58|0|135|7.3|18.9|158|27.9|57.4|0.00|0.00|43.4804|23.4102
07|59|0|135|4.4|18.9|158|27.9|57.4|0.00|0.00|43.482|23.4102
08|00|0|158|4.4|18.9|158|28.0|57.4|0.00|0.00|43.481|24.2756
08|01|0|135|8.1|18.9|158|28.0|57.5|0.00|0.00|43.4813|24.2756
08|02|0|180|3.2|18.9|158|28.4|57.8|0.00|0.00|43.4817|24.2756
08|04|0|180|4.8|18.9|158|28.0|57.9|0.00|0.00|43.4829|24.2756
08|05|0|180|8.7|18.9|158|28.1|57.9|0.00|0.00|43.4801|24.2756
08|06|0|180|7.3|18.9|158|27.9|58.0|0.00|0.00|43.4815|24.2669
08|07|0|180|8.1|18.9|158|27.8|58.1|0.00|0.00|43.4784|24.2669
08|08|0|135|5.8|18.9|158|28.1|58.2|0.00|0.00|43.4795|25.136
08|10|0|135|8.7|18.9|158|28.0|58.5|0.00|0.00|43.4801|25.136
08|11|0|180|4.4|18.9|158|28.3|58.9|0.00|0.00|43.4804|25.136
08|13|0|180|4.4|18.9|158|27.6|59.0|0.00|0.00|43.4781|25.1235
08|14|0|113|6.4|18.9|158|27.4|59.2|0.00|0.00|43.4769|25.1235
08|15|0|225|2.9|18.9|158|27.0|59.3|0.00|0.00|43.4785|25.1235
08|16|0|135|4.4|18.9|158|27.3|59.3|0.00|0.00|43.4791|25.1235
08|18|0|90|3.2|18.9|158|27.4|59.8|0.00|0.00|43.4834|25.1235
08|19|0|180|5.8|18.9|158|27.0|59.9|0.00|0.00|43.4827|25.1235
08|20|0|180|3.2|18.9|158|26.5|60.0|0.00|0.00|43.484|25.0743
08|22|0|135|5.8|18.9|158|26.0|60.1|0.00|0.00|43.4844|25.0743
08|23|0|180|4.4|18.9|158|26.3|60.1|0.00|0.00|43.4824|25.0743
08|24|0|180|3.2|18.9|158|26.6|60.3|0.00|0.00|43.4883|25.0743
08|25|0|135|2.9|18.9|158|27.4|60.7|0.00|0.00|43.4914|25.9797
08|26|0|180|2.9|18.9|158|26.6|60.7|0.00|0.00|43.49|25.0743
08|27|0|135|2.9|18.9|158|27.2|60.8|0.00|0.00|43.49|25.9797
08|28|0|225|1.5|18.9|158|27.4|61.0|0.00|0.00|43.4905|26.8356
08|29|0|135|6.4|18.9|158|27.3|61.2|0.00|0.00|43.4895|26.8356
08|30|0|225|7.3|18.9|158|25.8|61.2|0.00|0.00|43.4876|24.9861
08|31|0|90|4.4|18.9|158|25.9|61.4|0.00|0.00|43.4892|24.9861
08|32|0|180|4.8|18.9|158|25.7|61.4|0.00|0.00|43.4889|24.9861
08|33|0|135|8.7|18.9|158|25.8|61.5|0.00|0.00|43.4888|24.9861
08|34|0|113|1.5|18.9|158|25.5|61.4|0.00|0.00|43.49|24.9861
08|35|0|135|2.9|18.9|158|25.8|61.5|0.00|0.00|43.4916|24.9861
08|36|0|180|2.9|18.9|158|26.2|61.6|0.00|0.00|43.4927|25.9266
08|37|0|135|1.5|18.9|158|26.6|61.8|0.00|0.00|43.492|25.9266
08|38|0|135|0.0|18.9|158|27.0|62.0|0.00|0.00|43.4896|27.6913
08|41|0|135|6.4|18.9|158|27.3|62.5|0.00|0.00|43.4891|27.6913
08|42|0|135|4.8|18.9|158|26.0|62.5|0.00|0.00|43.4873|26.7786
08|43|0|135|6.4|18.9|158|25.5|62.6|0.00|0.00|43.488|25.8342
08|44|0|180|4.4|18.9|158|25.4|62.6|0.00|0.00|43.4868|25.8342
08|45|0|180|2.9|18.9|158|25.6|62.6|0.00|0.00|43.4876|25.8342
08|46|0|135|2.9|18.9|158|26.0|62.7|0.00|0.00|43.487|26.7786
08|47|0|135|4.8|18.9|158|26.1|62.8|0.00|0.00|43.486|26.7786
08|48|0|180|4.4|18.9|158|25.5|62.7|0.00|0.00|43.4891|25.8342
08|50|0|180|7.3|18.9|158|26.0|62.7|0.00|0.00|43.4902|26.7786
08|51|0|135|2.9|18.9|158|26.5|62.6|0.00|0.00|43.4914|26.7786
08|52|0|113|1.5|18.9|158|27.1|62.7|0.00|0.00|43.4914|27.6913
08|54|0|45|4.4|18.9|158|27.1|62.9|0.00|0.00|43.4921|27.6913
08|55|0|90|2.9|18.9|158|27.5|62.9|0.00|0.00|43.4873|27.6913
08|56|0|225|5.8|18.9|158|27.6|63.0|0.00|0.00|43.4836|28.5467
08|57|0|135|2.9|18.9|158|26.9|63.0|0.00|0.00|43.4822|27.6303
08|58|0|135|2.9|18.9|158|26.6|63.0|0.00|0.00|43.4826|27.6303
08|59|0|45|2.9|18.9|158|26.6|63.3|0.00|0.00|43.4819|27.6303
09|00|0|203|1.5|18.9|158|26.7|63.4|0.00|0.00|43.4827|27.6303
09|01|0|135|4.4|18.9|158|26.9|63.5|0.00|0.00|43.4822|27.6303
09|02|0|225|5.8|18.9|158|26.5|63.7|0.00|0.00|43.4804|27.6303
09|06|0|135|4.8|18.9|158|25.8|63.7|0.00|0.00|43.4837|26.6821
09|07|0|113|4.8|18.9|158|26.0|63.7|0.00|0.00|43.4808|27.6303
09|08|0|225|1.6|18.9|158|25.7|63.7|0.00|0.00|43.4795|26.6821
09|09|0|135|4.4|18.9|158|26.3|63.8|0.00|0.00|43.4786|27.6303
09|10|0|135|2.9|18.9|158|27.0|64.0|0.00|0.00|43.4786|29.4018
09|11|0|180|4.4|18.9|158|27.8|64.2|0.00|0.00|43.4793|29.4018
09|12|0|113|3.2|18.9|158|27.0|64.3|0.00|0.00|43.4805|29.4018
09|13|0|180|3.2|18.9|158|25.9|64.3|0.00|0.00|43.4808|27.5297
09|14|0|180|4.4|18.9|158|25.5|64.4|0.00|0.00|43.4816|27.5297
09|15|0|135|4.8|18.9|158|25.8|64.4|0.00|0.00|43.4808|27.5297
09|16|0|180|9.7|18.9|158|26.3|64.5|0.00|0.00|43.4804|28.4817
09|17|0|180|7.3|18.9|158|25.6|64.5|0.00|0.00|43.4809|27.5297
09|18|0|180|2.9|18.9|158|25.4|64.6|0.00|0.00|43.4806|27.5297
09|20|0|180|7.3|18.9|158|25.6|64.7|0.00|0.00|43.481|27.5297
09|21|0|180|4.4|18.9|158|26.3|64.5|0.00|0.00|43.4829|28.4817
09|22|0|225|3.2|18.9|158|26.3|64.7|0.00|0.00|43.4817|28.4817
09|23|0|135|3.2|18.9|158|26.3|64.9|0.00|0.00|43.4796|28.4817
09|24|0|135|1.5|18.9|158|25.2|65.0|0.00|0.00|43.4784|28.377
09|25|0|135|1.5|18.9|158|25.5|65.1|0.00|0.00|43.4781|28.377
09|26|0|180|1.5|18.9|158|26.8|65.3|0.00|0.00|43.4776|29.3328
09|27|0|270|1.5|18.9|158|26.5|65.5|0.00|0.00|43.4762|29.3328
09|28|0|135|3.2|18.9|158|25.9|65.8|0.00|0.00|43.4764|28.377
09|29|0|135|2.9|18.9|158|26.4|66.0|0.00|0.00|43.4785|30.1837
09|31|0|135|1.5|18.9|158|26.3|66.2|0.00|0.00|43.4805|30.1837
09|32|0|180|2.9|18.9|158|26.4|66.5|0.00|0.00|43.4822|30.1837
09|33|0|90|1.5|18.9|158|25.5|66.7|0.00|0.00|43.4829|29.224
09|34|0|45|0.0|18.9|158|24.7|66.9|0.00|0.00|43.4829|28.2298
09|35|0|225|0.0|18.9|158|25.5|67.1|0.00|0.00|43.481|30.0707
09|36|0|180|1.6|18.9|158|26.0|67.3|0.00|0.00|43.4824|31.0342
09|37|0|180|1.5|18.9|158|26.0|67.4|0.00|0.00|43.4775|31.0342
09|39|0|225|1.6|18.9|158|25.2|68.1|0.00|0.00|43.4787|30.9172
09|40|0|270|0.0|18.9|158|24.9|68.3|0.00|0.00|43.4793|29.915
09|41|0|315|1.5|18.9|158|24.9|68.7|0.00|0.00|43.4809|29.915
09|43|0|180|1.5|18.9|158|25.2|69.0|0.00|0.00|43.478|31.7633
09|44|0|135|2.9|18.9|158|24.7|69.2|0.00|0.00|43.4752|30.7571
09|45|0|90|0.0|18.9|158|23.9|69.5|0.00|0.00|43.4752|29.7132
09|46|0|270|1.6|18.9|158|23.4|69.6|0.00|0.00|43.4738|29.7132
09|47|0|90|0.0|18.9|158|23.1|69.8|0.00|0.00|43.4739|29.7132
09|48|0|180|1.5|18.9|158|23.0|69.9|0.00|0.00|43.4727|29.7132
09|49|0|315|1.5|18.9|158|22.9|70.1|0.00|0.00|43.4682|29.4617
09|50|0|180|0.0|18.9|158|23.3|70.3|0.00|0.00|43.4714|30.5509
09|51|0|135|2.9|18.9|158|23.4|70.5|0.00|0.00|43.4675|30.5509
09|53|0|180|5.8|18.9|158|23.0|70.6|0.00|0.00|43.4657|30.5509
09|55|0|225|1.5|18.9|158|22.8|70.6|0.00|0.00|43.4655|29.4617
09|56|0|270|1.5|18.9|158|22.8|70.6|0.00|0.00|43.467|29.4617
09|57|0|270|0.0|18.9|158|22.6|70.6|0.00|0.00|43.4657|29.4617
09|58|0|270|1.5|18.9|158|22.7|70.6|0.00|0.00|43.4655|29.4617
09|59|0|45|1.5|18.9|158|22.6|70.6|0.00|0.00|43.4634|29.4617
10|00|0|0|1.6|18.9|158|23.1|70.6|0.00|0.00|43.4672|30.5509
10|01|0|315|0.0|18.9|158|24.0|70.6|0.00|0.00|43.4652|31.599
10|03|0|315|0.0|18.9|158|23.9|70.7|0.00|0.00|43.4627|30.5509
10|05|0|315|4.8|18.9|158|23.5|70.7|0.00|0.00|43.4649|30.5509
10|06|0|315|1.5|18.9|158|23.4|70.5|0.00|0.00|43.4649|30.5509
10|07|0|315|2.9|18.9|158|24.6|70.5|0.00|0.00|43.4629|31.599
10|09|0|180|1.5|18.9|158|23.9|70.4|0.00|0.00|43.4618|30.5509
10|10|0|113|0.0|18.9|158|23.7|70.6|0.00|0.00|43.4622|30.5509
10|11|0|203|4.4|18.9|158|24.5|70.7|0.00|0.00|43.4621|31.599
10|12|0|90|1.5|18.9|158|24.1|70.9|0.00|0.00|43.4632|31.599
10|13|0|135|2.9|18.9|158|23.8|71.0|0.00|0.00|43.4632|31.3883
10|15|0|135|4.4|18.9|158|23.2|71.2|0.00|0.00|43.4602|31.3883
10|16|0|45|1.5|18.9|158|23.5|71.2|0.00|0.00|43.4611|31.3883
10|18|0|45|1.5|18.9|158|22.9|71.3|0.00|0.00|43.4606|30.2948
10|19|0|90|1.6|18.9|158|22.7|71.3|0.00|0.00|43.4616|30.2948
10|20|0|90|1.5|18.9|158|22.6|71.3|0.00|0.00|43.4612|30.2948
10|21|0|135|2.9|18.9|158|22.6|71.3|0.00|0.00|43.4596|30.2948
10|22|0|135|0.0|18.9|158|22.5|71.2|0.00|0.00|43.4591|30.2948
10|23|0|0|2.9|18.9|158|24.6|71.2|0.00|0.00|43.4582|32.4405
10|25|0|0|1.5|18.9|158|24.3|71.2|0.00|0.00|43.459|32.4405
10|26|0|315|5.8|18.9|158|24.8|71.2|0.00|0.00|43.458|32.4405
10|27|0|0|1.6|18.9|158|25.0|71.3|0.00|0.00|43.4589|33.4547
10|28|0|270|0.0|18.9|158|24.7|71.4|0.00|0.00|43.462|32.4405
10|29|0|135|4.4|18.9|158|24.3|71.4|0.00|0.00|43.4602|32.4405
10|30|0|180|5.8|18.9|158|22.8|71.4|0.00|0.00|43.4616|30.2948
10|31|0|180|1.5|18.9|158|21.7|71.3|0.00|0.00|43.4591|29.1565
10|32|0|0|1.6|18.9|158|21.1|71.5|0.00|0.00|43.4598|29.1565
10|33|0|315|5.8|18.9|158|21.0|71.5|0.00|0.00|43.4581|29.1565
10|34|0|315|1.5|18.9|158|21.3|71.6|0.00|0.00|43.4595|29.1565
10|35|0|225|0.0|18.9|158|22.7|71.8|0.00|0.00|43.4627|30.2948
10|36|0|90|0.0|18.9|158|22.9|72.1|0.00|0.00|43.464|31.1277
10|37|0|180|4.4|18.9|158|23.6|72.3|0.00|0.00|43.4619|32.2254
10|39|0|225|1.6|18.9|158|22.0|72.4|0.00|0.00|43.4613|31.1277
10|40|0|180|4.8|18.9|158|19.7|72.5|0.00|0.00|43.4603|27.5468
10|41|0|180|4.4|18.9|158|20.0|72.5|0.00|0.00|43.4604|28.7928
10|42|0|135|2.9|18.9|158|20.8|72.6|0.00|0.00|43.4591|28.7928
10|43|0|135|4.4|18.9|158|21.3|72.6|0.00|0.00|43.4558|29.9849
10|45|0|180|3.2|18.9|158|19.9|72.7|0.00|0.00|43.4524|27.5468
10|46|0|180|3.2|18.9|158|19.9|72.7|0.00|0.00|43.4507|27.5468
10|47|0|45|1.6|18.9|158|20.1|72.8|0.00|0.00|43.4502|28.7928
10|48|0|0|3.2|18.9|158|21.8|73.0|0.00|0.00|43.4491|30.8129
10|50|0|0|2.9|18.9|158|23.0|73.2|0.00|0.00|43.4501|33.0622
10|51|0|0|4.4|18.9|158|22.4|73.3|0.00|0.00|43.4495|31.9602
10|52|0|0|0.0|18.9|158|21.1|73.4|0.00|0.00|43.449|30.8129
10|53|0|270|1.5|18.9|158|20.4|73.4|0.00|0.00|43.4482|29.6162
10|54|0|45|1.5|18.9|158|19.9|73.5|0.00|0.00|43.4471|28.3654
10|55|0|0|4.4|18.9|158|22.0|73.6|0.00|0.00|43.4487|31.9602
10|56|0|315|4.4|18.9|158|22.5|73.5|0.00|0.00|43.4458|31.9602
10|57|0|315|4.4|18.9|158|25.3|73.4|0.01|0.01|43.4469|35.1449
10|59|0|315|3.2|18.9|158|21.4|73.2|0.01|0.01|43.4444|30.8129
11|00|0|315|2.9|18.9|158|21.6|73.2|0.01|0.01|43.4434|30.8129
11|01|0|270|4.8|18.9|158|20.5|73.2|0.01|0.01|43.4441|29.6162
11|02|0|270|3.2|18.9|158|19.7|73.1|0.01|0.01|43.4453|28.3654
11|03|0|0|2.9|18.9|158|21.1|73.0|0.01|0.01|43.4457|30.8129
11|04|0|0|4.4|18.9|158|20.5|73.0|0.01|0.01|43.4418|29.6162
11|05|0|23|4.4|18.9|158|22.6|73.0|0.01|0.01|43.4447|31.9602
11|06|0|0|2.9|18.9|158|20.7|72.8|0.01|0.01|43.4439|28.7928
11|07|0|0|2.9|18.9|158|19.6|72.8|0.01|0.01|43.4434|27.5468
11|09|0|45|1.5|18.9|158|18.7|72.8|0.01|0.01|43.4443|26.2414
11|10|0|315|1.6|18.9|158|18.7|73.1|0.01|0.01|43.4451|27.0549
11|11|0|0|4.4|18.9|158|18.4|73.2|0.01|0.01|43.4427|27.0549
11|12|0|315|2.9|18.9|158|19.3|73.2|0.01|0.01|43.4423|28.3654
11|13|0|0|4.4|18.9|158|18.5|73.1|0.01|0.01|43.4398|27.0549
11|14|0|315|1.5|18.9|158|18.2|73.2|0.01|0.01|43.4421|27.0549
11|15|0|0|3.2|18.9|158|19.2|73.3|0.01|0.01|43.4399|28.3654
11|16|0|0|0.0|18.9|158|19.1|73.4|0.01|0.01|43.4392|28.3654
11|17|0|0|4.8|18.9|158|20.4|73.5|0.01|0.01|43.4408|29.6162
11|18|0|0|3.2|18.9|158|19.8|73.5|0.01|0.01|43.4392|28.3654
11|20|0|0|1.6|18.9|158|19.5|73.6|0.01|0.01|43.4385|28.3654
11|21|0|225|5.8|18.9|158|18.2|73.7|0.01|0.01|43.4371|27.0549
11|22|0|270|1.5|18.9|158|20.0|73.9|0.01|0.01|43.441|29.6162
11|23|0|225|2.9|18.9|158|19.7|74.1|0.01|0.01|43.4444|29.1837
11|24|0|225|3.2|18.9|158|18.4|74.3|0.01|0.01|43.4442|27.8681
11|25|0|135|2.9|18.9|158|19.2|74.5|0.01|0.01|43.4458|29.1837
11|26|0|113|0.0|18.9|158|19.5|74.8|0.01|0.01|43.4438|29.1837
11|27|0|270|1.6|18.9|158|19.5|75.2|0.01|0.01|43.4444|30.0016
11|29|0|248|1.6|18.9|158|17.7|75.9|0.01|0.01|43.4428|27.2936
11|30|0|270|2.9|18.9|158|17.6|76.2|0.01|0.01|43.4464|28.1008
11|31|0|0|2.9|18.9|158|17.7|76.6|0.01|0.01|43.4458|28.1008
11|32|0|0|2.9|18.9|158|21.7|76.8|0.01|0.01|43.447|33.2951
11|33|0|315|6.5|18.9|158|20.3|76.8|0.01|0.01|43.4474|32.0845
11|35|0|270|2.9|18.9|158|20.6|76.8|0.01|0.01|43.4476|32.0845
11|36|0|270|3.2|18.9|158|19.2|76.8|0.01|0.01|43.4457|30.8191
11|37|0|315|3.2|18.9|158|18.7|76.8|0.01|0.01|43.4462|29.4934
11|38|0|0|3.2|18.9|158|20.3|76.7|0.01|0.01|43.4491|32.0845
11|39|0|315|5.8|18.9|158|23.5|76.4|0.01|0.01|43.4462|35.5708
11|40|0|315|6.4|18.9|158|21.4|76.1|0.01|0.01|43.4461|33.2951
11|41|0|0|2.9|18.9|158|19.9|76.1|0.01|0.01|43.4439|30.8191
11|42|0|315|5.8|18.9|158|20.6|76.1|0.01|0.01|43.4444|32.0845
11|43|0|0|4.8|18.9|158|23.0|76.0|0.01|0.01|43.4423|35.5708
11|44|0|315|5.8|18.9|158|21.0|75.9|0.01|0.01|43.4434|32.468
11|45|0|0|4.4|18.9|158|22.2|75.9|0.01|0.01|43.4441|33.6243
11|46|0|315|7.3|18.9|158|22.6|75.8|0.01|0.01|43.4407|33.6243
11|47|0|315|1.5|18.9|158|21.4|75.8|0.01|0.01|43.4422|32.468
11|49|0|315|4.4|18.9|158|20.3|75.9|0.01|0.01|43.4396|31.2621
11|50|0|315|4.4|18.9|158|18.9|75.8|0.01|0.01|43.4388|28.6809
11|51|0|0|4.4|18.9|158|19.1|75.9|0.01|0.01|43.4398|30.0016
11|52|0|0|2.9|18.9|158|19.4|75.9|0.01|0.01|43.4405|30.0016
11|53|0|315|4.4|18.9|158|18.9|75.8|0.01|0.01|43.4408|28.6809
11|54|0|0|2.9|18.9|158|17.4|75.8|0.01|0.01|43.4372|27.2936
11|55|0|315|4.4|18.9|158|18.4|75.7|0.01|0.01|43.4362|28.6809
11|56|0|23|7.3|18.9|158|20.0|75.7|0.01|0.01|43.4346|31.2621
11|57|0|315|7.3|18.9|158|21.1|75.5|0.00|0.01|43.4347|32.468
11|59|0|0|4.4|18.9|158|23.5|75.5|0.00|0.01|43.4338|34.7349
12|00|0|0|3.2|18.9|158|23.1|75.5|0.00|0.01|43.4367|34.7349
12|01|0|315|1.5|18.9|158|23.2|75.7|0.00|0.01|43.4366|34.7349
12|02|0|315|4.4|18.9|158|19.8|75.7|0.00|0.01|43.4351|30.0016
12|04|0|315|7.3|18.9|158|19.9|75.9|0.00|0.01|43.4327|30.0016
12|05|0|0|4.4|18.9|158|21.2|75.9|0.00|0.01|43.4351|32.468
12|06|0|315|4.4|18.9|158|22.2|76.0|0.00|0.01|43.4359|34.4558
12|07|0|315|2.9|18.9|158|19.7|75.9|0.00|0.01|43.4338|30.0016
12|08|0|315|5.8|18.9|158|22.0|76.0|0.00|0.01|43.4356|34.4558
12|09|0|270|4.4|18.9|158|20.8|75.9|0.00|0.01|43.4355|31.2621
12|10|0|270|1.5|18.9|158|20.2|76.0|0.00|0.01|43.4349|32.0845
12|11|0|315|1.5|18.9|158|18.6|76.2|0.00|0.01|43.4362|29.4934
12|12|0|270|4.8|18.9|158|17.7|76.4|0.00|0.01|43.4363|28.1008
12|13|0|270|2.9|18.9|158|17.9|76.7|0.00|0.01|43.4364|28.1008
12|15|0|270|2.9|18.9|158|17.7|76.9|0.00|0.01|43.4353|28.1008
12|16|0|90|1.6|18.9|158|15.9|77.2|0.00|0.01|43.4349|25.8784
12|17|0|270|2.9|18.9|158|16.0|77.6|0.00|0.01|43.4366|27.435
12|18|0|0|2.9|18.9|158|17.1|77.6|0.00|0.01|43.436|28.9077
12|19|0|315|5.8|18.9|158|16.1|77.5|0.00|0.01|43.4346|27.435
12|20|0|315|2.9|18.9|158|18.0|77.6|0.00|0.01|43.4357|30.3056
12|21|0|315|1.5|18.9|158|16.7|77.6|0.00|0.01|43.4369|27.435
12|22|0|315|2.9|18.9|158|17.8|77.6|0.00|0.01|43.4354|28.9077
12|23|0|315|0.0|18.9|158|16.2|77.6|0.00|0.01|43.4316|27.435
12|24|0|315|4.4|18.9|158|17.1|77.6|0.00|0.01|43.433|28.9077
12|26|0|338|8.7|18.9|158|19.7|77.6|0.00|0.01|43.4312|31.6364
12|27|0|0|4.4|18.9|158|16.1|77.6|0.00|0.01|43.4314|27.435
12|29|0|315|4.4|18.9|158|19.1|77.7|0.00|0.01|43.4327|31.6364
12|30|0|0|2.9|18.9|158|18.4|77.7|0.00|0.01|43.4321|30.3056
12|32|0|0|4.4|18.9|158|19.6|77.7|0.00|0.01|43.4321|31.6364
12|35|0|315|3.2|18.9|158|16.6|77.7|0.00|0.01|43.4293|27.435
12|36|0|270|7.3|18.9|158|18.1|77.7|0.00|0.01|43.4266|30.3056
12|37|0|270|2.9|18.9|158|18.2|77.8|0.00|0.01|43.4283|30.3056
12|38|0|270|2.9|18.9|158|16.8|77.9|0.00|0.01|43.4276|27.435
12|39|0|0|4.4|18.9|158|16.8|77.9|0.00|0.01|43.4233|27.435
12|40|0|270|2.9|18.9|158|18.5|78.0|0.00|0.01|43.418|31.1174
12|41|0|270|4.4|18.9|158|17.2|78.1|0.00|0.01|43.4145|29.7141
12|43|0|315|4.4|18.9|158|15.9|78.2|0.00|0.01|43.4128|26.6734
12|44|0|0|2.9|18.9|158|16.5|78.1|0.00|0.01|43.4116|28.2359
12|45|0|270|5.8|18.9|158|17.0|78.2|0.00|0.01|43.41|29.7141
12|46|0|0|7.3|18.9|158|17.7|78.2|0.00|0.01|43.4109|29.7141
12|47|0|0|4.8|18.9|158|19.1|78.4|0.00|0.01|43.4126|32.4533
12|48|0|315|3.2|18.9|158|17.4|78.2|0.00|0.01|43.4108|29.7141
12|49|0|315|2.9|18.9|158|16.3|78.4|0.00|0.01|43.4065|28.2359
12|50|0|0|8.1|18.9|158|19.0|78.4|0.00|0.01|43.4067|32.4533
12|52|0|90|1.5|18.9|158|16.1|78.4|0.00|0.01|43.4105|28.2359
12|54|0|0|2.9|18.9|158|15.2|78.6|0.00|0.01|43.4079|26.6734
12|55|0|0|3.2|18.9|158|16.9|78.7|0.00|0.01|43.4096|28.2359
12|56|0|0|4.4|18.9|158|17.4|78.8|0.00|0.01|43.4068|29.7141
12|57|0|315|4.8|18.9|158|17.1|78.9|0.00|0.01|43.4065|29.7141
12|59|0|315|4.4|18.9|158|17.6|79.0|0.00|0.01|43.4061|30.5203
13|00|0|45|1.5|18.9|158|15.4|78.9|0.00|0.01|43.4092|26.6734
13|01|0|315|2.9|18.9|158|15.2|78.8|0.00|0.01|43.4184|26.6734
13|02|0|315|4.8|18.9|158|15.2|78.6|0.00|0.01|43.4192|26.6734
13|03|0|270|1.5|18.9|158|17.0|78.1|0.00|0.01|43.4224|29.7141
13|04|0|315|5.8|18.9|158|15.8|77.8|0.00|0.01|43.4277|25.8784
13|05|0|270|2.9|18.9|158|15.5|77.5|0.00|0.01|43.4226|25.8784
13|06|0|315|5.8|18.9|158|16.8|77.3|0.00|0.01|43.419|27.435
13|07|0|315|2.9|18.9|158|15.8|77.1|0.00|0.01|43.4135|25.8784
13|09|0|315|2.9|18.9|158|15.9|77.0|0.00|0.01|43.422|25.8784
13|10|0|0|3.2|18.9|158|15.8|76.8|0.00|0.01|43.419|25.0831
13|11|0|315|4.4|18.9|158|16.4|76.6|0.00|0.01|43.4223|26.6337
13|13|0|0|2.9|18.9|158|16.9|76.6|0.00|0.01|43.4203|26.6337
13|14|0|315|2.9|18.9|158|15.6|76.4|0.00|0.01|43.4201|25.0831
13|15|0|0|2.9|18.9|158|15.3|76.3|0.00|0.01|43.4188|25.0831
13|16|0|0|0.0|18.9|158|15.2|76.6|0.00|0.01|43.4101|25.0831
13|17|0|0|1.5|18.9|158|14.9|76.8|0.00|0.01|43.4084|23.438
13|18|0|0|8.7|18.9|158|19.8|77.0|0.00|0.01|43.4088|31.6364
13|19|0|0|4.8|18.9|158|19.0|76.8|0.00|0.01|43.421|30.8191
13|21|0|0|3.2|18.9|158|17.6|76.7|0.00|0.01|43.4171|28.1008
13|22|0|45|2.9|18.9|158|18.0|76.7|0.00|0.01|43.4112|29.4934
13|23|0|90|1.6|18.9|158|18.0|77.0|0.00|0.01|43.408|30.3056
13|24|0|315|3.2|18.9|158|16.2|77.1|0.00|0.01|43.4057|27.435
13|25|0|315|2.9|18.9|158|15.0|77.3|0.00|0.01|43.4079|25.8784
13|26|0|315|4.8|18.9|158|16.7|77.5|0.00|0.01|43.408|27.435
13|27|0|338|5.8|18.9|158|19.7|77.6|0.00|0.01|43.406|31.6364
13|28|0|315|7.3|18.9|158|20.5|77.7|0.00|0.01|43.4063|32.9066
13|29|0|0|5.8|18.9|158|20.1|77.8|0.00|0.01|43.4005|32.9066
13|30|0|0|1.5|18.9|158|19.0|78.0|0.00|0.01|43.4|32.4533
13|31|0|0|2.9|18.9|158|21.6|78.2|0.00|0.01|43.4011|34.9484
13|32|0|270|6.5|18.9|158|19.9|78.2|0.00|0.01|43.3966|32.4533
13|34|0|315|5.8|18.9|158|19.6|78.6|0.00|0.01|43.3941|32.4533
13|35|0|315|6.4|18.9|158|19.1|78.6|0.00|0.01|43.3941|32.4533
13|36|0|315|4.4|18.9|158|22.7|78.8|0.00|0.01|43.3946|36.1181
13|39|0|270|10.2|18.9|158|19.1|78.9|0.00|0.01|43.3928|32.4533
13|40|0|270|8.7|18.9|158|18.2|78.9|0.00|0.01|43.3929|31.1174
13|41|0|315|7.3|18.9|158|18.6|78.8|0.00|0.01|43.3932|31.1174
13|42|0|315|8.7|18.9|158|16.3|78.6|0.00|0.01|43.3957|28.2359
13|43|0|315|5.8|18.9|158|17.0|78.6|0.00|0.01|43.3913|29.7141
13|44|0|315|8.0|18.9|158|17.8|78.1|0.00|0.01|43.4022|29.7141
13|45|0|315|4.4|18.9|158|16.8|77.7|0.00|0.01|43.3976|27.435
13|46|0|0|4.4|18.9|158|19.8|77.7|0.00|0.01|43.4037|31.6364
13|47|0|315|4.4|18.9|158|19.8|77.6|0.00|0.01|43.4027|31.6364
13|48|0|315|2.9|18.9|158|17.4|77.6|0.00|0.01|43.4011|28.9077
13|49|0|225|1.5|18.9|158|16.5|77.8|0.00|0.01|43.3999|27.435
13|50|0|203|1.5|18.9|158|16.2|78.0|0.00|0.01|43.3972|28.2359
13|51|0|0|1.5|18.9|158|15.6|78.1|0.00|0.01|43.3907|26.6734
13|52|0|315|4.4|18.9|158|17.0|78.4|0.00|0.01|43.3893|29.7141
13|54|0|315|7.3|18.9|158|16.6|78.5|0.00|0.01|43.3917|28.2359
13|55|0|315|5.8|18.9|158|17.7|78.6|0.00|0.01|43.3897|29.7141
13|56|0|0|4.4|18.9|158|17.0|78.7|0.00|0.01|43.3897|29.7141
13|57|0|0|7.3|18.9|158|17.3|78.7|0.00|0.01|43.3962|29.7141
13|58|0|315|2.9|18.9|158|17.1|78.5|0.00|0.01|43.3991|29.7141
13|59|0|270|4.8|18.9|158|18.7|78.1|0.00|0.01|43.3983|31.1174
14|00|0|338|4.4|18.9|158|18.2|77.7|0.00|0.01|43.4095|30.3056
14|01|0|0|4.4|18.9|158|17.7|77.2|0.00|0.01|43.4077|28.9077
14|02|0|0|8.1|18.9|158|18.7|77.0|0.00|0.01|43.3937|30.3056
14|03|0|0|6.4|18.9|158|20.5|77.1|0.00|0.01|43.3967|32.9066
14|05|0|338|5.8|18.9|158|19.6|77.0|0.00|0.01|43.394|31.6364
14|06|0|0|7.3|18.9|158|19.6|77.0|0.00|0.01|43.3943|31.6364
14|08|0|0|6.5|18.9|158|19.0|77.1|0.00|0.01|43.3934|31.6364
14|09|0|0|8.7|18.9|158|20.1|77.1|0.00|0.01|43.3934|32.9066
14|10|0|0|5.8|18.9|158|18.8|77.0|0.00|0.01|43.394|30.3056
14|11|0|315|4.4|18.9|158|20.0|77.2|0.00|0.01|43.3946|32.9066
14|12|0|0|3.2|18.9|158|19.7|77.3|0.00|0.01|43.3932|31.6364
14|13|0|45|4.8|18.9|158|18.7|77.5|0.00|0.01|43.3882|30.3056
14|14|0|0|4.4|18.9|158|17.3|77.7|0.00|0.01|43.3832|28.9077
14|15|0|0|7.3|18.9|158|18.7|77.8|0.00|0.01|43.3805|30.3056
14|16|0|0|8.1|18.9|158|20.0|77.9|0.00|0.01|43.3808|32.9066
14|17|0|0|5.8|18.9|158|19.6|78.0|0.00|0.01|43.3819|32.4533
14|18|0|0|8.1|18.9|158|18.7|78.1|0.00|0.01|43.3823|31.1174
14|19|0|0|4.4|18.9|158|16.9|78.2|0.00|0.01|43.3803|28.2359
14|21|0|315|2.9|18.9|158|15.3|78.4|0.00|0.01|43.3757|26.6734
14|22|0|315|5.8|18.9|158|16.2|78.5|0.00|0.01|43.3752|28.2359
14|23|0|0|4.4|18.9|158|17.7|78.6|0.00|0.01|43.376|29.7141
14|24|0|0|9.7|18.9|158|19.9|78.6|0.00|0.01|43.3749|32.4533
14|25|0|270|4.4|18.9|158|20.9|78.7|0.00|0.01|43.3785|33.7284
14|27|0|0|7.3|18.9|158|19.6|78.9|0.00|0.01|43.3755|32.4533
14|28|0|0|7.3|18.9|158|19.1|78.9|0.00|0.01|43.3763|32.4533
14|29|0|0|4.8|18.9|158|19.4|78.9|0.00|0.01|43.3736|32.4533
14|30|0|315|6.4|18.9|158|19.2|78.9|0.00|0.01|43.3726|32.4533
14|31|0|315|7.3|18.9|158|19.4|78.9|0.00|0.01|43.3749|32.4533
14|32|0|315|4.8|18.9|158|16.7|79.0|0.00|0.01|43.3733|29.0364
14|33|0|315|5.8|18.9|158|20.2|79.0|0.00|0.01|43.3736|34.5498
14|34|0|0|4.4|18.9|158|19.1|79.0|0.00|0.01|43.3753|33.2698
14|36|0|0|10.2|18.9|158|20.0|79.1|0.00|0.01|43.3733|34.5498
14|37|0|315|8.7|18.9|158|19.7|79.3|0.00|0.01|43.3727|33.2698
14|38|0|338|7.3|18.9|158|19.2|79.1|0.00|0.01|43.3741|33.2698
14|39|0|0|11.6|18.9|158|19.2|79.1|0.00|0.01|43.3746|33.2698
14|42|0|0|10.2|18.9|158|19.4|78.8|0.00|0.01|43.3737|32.4533
14|43|0|315|4.4|18.9|158|19.4|78.8|0.00|0.01|43.3767|32.4533
14|44|0|45|1.5|18.9|158|18.8|78.9|0.00|0.01|43.3738|31.1174
14|45|0|0|1.5|18.9|158|19.7|79.1|0.00|0.01|43.3733|33.2698
14|46|0|45|2.9|18.9|158|20.5|79.3|0.00|0.01|43.3754|34.5498
14|47|0|0|2.9|18.9|158|17.3|79.5|0.00|0.01|43.3754|30.5203
14|48|0|45|4.8|18.9|158|17.7|79.5|0.00|0.01|43.3739|30.5203
14|50|0|0|4.4|18.9|158|18.6|79.5|0.00|0.01|43.3733|31.9288
14|51|0|315|5.8|18.9|158|16.1|79.4|0.00|0.01|43.3714|29.0364
14|52|0|0|4.4|18.9|158|17.1|79.5|0.00|0.01|43.3726|30.5203
14|53|0|0|5.8|18.9|158|19.0|79.5|0.00|0.01|43.3754|33.2698
14|54|0|315|7.3|18.9|158|20.0|79.5|0.00|0.01|43.3734|34.5498
14|55|0|0|7.3|18.9|158|19.7|79.4|0.00|0.01|43.3736|33.2698
14|56|0|338|7.3|18.9|158|19.0|79.3|0.00|0.01|43.3705|33.2698
14|57|0|315|8.7|18.9|158|19.2|79.3|0.00|0.01|43.3712|33.2698
14|58|0|0|7.3|18.9|158|18.4|79.0|0.00|0.01|43.3735|31.9288
14|59|0|0|12.9|18.9|158|17.8|78.8|0.00|0.01|43.3698|29.7141
15|00|0|315|7.3|18.9|158|20.1|78.8|0.00|0.01|43.3715|33.7284
15|02|0|0|6.4|18.9|158|17.6|78.8|0.00|0.01|43.3662|29.7141
15|03|0|0|8.7|18.9|158|18.4|78.8|0.00|0.01|43.3654|31.1174
15|04|0|0|8.7|18.9|158|17.2|78.7|0.00|0.01|43.3658|29.7141
15|05|0|0|7.3|18.9|158|18.3|78.7|0.00|0.01|43.373|31.1174
15|07|0|0|14.5|18.9|158|18.2|78.2|0.00|0.01|43.3647|31.1174
15|08|0|315|4.4|18.9|158|18.3|78.1|0.00|0.01|43.3688|31.1174
15|09|0|0|8.7|18.9|158|18.5|78.1|0.00|0.01|43.3657|31.1174
15|10|0|0|8.7|18.9|158|17.7|78.1|0.00|0.01|43.3632|29.7141
15|11|0|0|2.9|18.9|158|17.0|78.4|0.00|0.01|43.3642|29.7141
15|12|0|0|7.3|18.9|158|17.1|78.4|0.00|0.01|43.362|29.7141
15|14|0|0|2.9|18.9|158|16.3|78.5|0.00|0.01|43.3636|28.2359
15|15|0|0|4.4|18.9|158|18.8|78.6|0.00|0.01|43.3626|31.1174
15|16|0|0|11.6|18.9|158|19.0|78.5|0.00|0.01|43.3703|32.4533
15|17|0|270|5.8|18.9|158|19.3|78.1|0.00|0.01|43.3743|32.4533
15|18|0|315|3.2|18.9|158|17.6|78.0|0.00|0.01|43.3739|29.7141
15|19|0|315|4.4|18.9|158|19.0|77.9|0.00|0.01|43.3643|31.6364
15|20|0|0|6.4|18.9|158|19.5|78.0|0.00|0.01|43.3623|32.4533
15|21|0|0|8.7|18.9|158|17.8|78.0|0.00|0.01|43.3597|29.7141
15|22|0|0|6.5|18.9|158|19.8|78.1|0.00|0.01|43.3594|32.4533
15|23|0|338|7.3|18.9|158|18.9|78.1|0.00|0.01|43.3588|31.1174
15|24|0|0|5.8|18.9|158|17.6|78.0|0.00|0.01|43.3699|29.7141
15|25|0|0|5.8|18.9|158|19.1|77.9|0.00|0.01|43.3636|31.6364
15|26|0|338|7.3|18.9|158|19.1|77.7|0.00|0.01|43.3706|31.6364
15|28|0|315|2.9|18.9|158|18.1|77.3|0.00|0.01|43.3808|30.3056
15|29|0|0|2.9|18.9|158|16.7|77.1|0.00|0.01|43.3789|27.435
15|30|0|338|1.5|18.9|158|16.2|77.1|0.00|0.01|43.3647|27.435
15|31|0|270|1.5|18.9|158|16.3|77.2|0.00|0.01|43.3602|27.435
15|33|0|270|7.3|18.9|158|18.8|77.1|0.00|0.01|43.3782|30.3056
15|34|0|315|2.9|18.9|158|17.6|76.9|0.00|0.01|43.3818|28.1008
15|35|0|0|5.8|18.9|158|17.1|76.7|0.00|0.01|43.3797|28.1008
15|36|0|0|5.8|18.9|158|17.0|76.3|0.00|0.01|43.3786|28.1008
15|37|0|315|4.4|18.9|158|20.4|76.1|0.00|0.01|43.379|32.0845
15|38|0|315|5.8|18.9|158|18.6|75.9|0.00|0.01|43.3813|28.6809
15|39|0|315|4.8|18.9|158|18.7|75.5|0.00|0.01|43.3775|28.6809
15|40|0|0|4.4|18.9|158|19.7|75.3|0.00|0.01|43.3754|30.0016
15|41|0|0|2.9|18.9|158|19.1|75.3|0.00|0.01|43.3647|30.0016
15|43|0|315|4.4|18.9|158|21.3|75.7|0.00|0.01|43.3647|32.468
15|44|0|0|3.2|18.9|158|21.6|76.0|0.00|0.01|43.3629|33.2951
15|45|0|0|13.1|18.9|158|21.1|76.3|0.00|0.01|43.3604|33.2951
15|46|0|0|7.3|18.9|158|21.1|76.7|0.00|0.01|43.3618|33.2951
15|47|0|0|6.4|18.9|158|18.3|77.0|0.00|0.01|43.3557|30.3056
15|48|0|0|5.8|18.9|158|18.2|77.3|0.00|0.01|43.3504|30.3056
15|49|0|315|8.1|18.9|158|19.6|77.6|0.00|0.01|43.349|31.6364
15|51|0|0|5.8|18.9|158|17.7|78.1|0.00|0.01|43.3495|29.7141
15|53|0|315|1.5|18.9|158|16.3|78.2|0.00|0.01|43.3492|28.2359
15|54|0|315|2.9|18.9|158|16.8|78.6|0.00|0.01|43.3531|28.2359
15|55|0|315|5.8|18.9|158|18.7|78.8|0.00|0.01|43.3513|31.1174
15|56|0|158|0.0|18.9|158|16.8|79.0|0.00|0.01|43.3492|29.0364
15|57|0|315|7.3|18.9|158|17.7|79.1|0.00|0.01|43.3497|30.5203
15|58|0|315|7.3|18.9|158|17.8|79.1|0.00|0.01|43.3523|30.5203
15|59|0|315|2.9|18.9|158|16.1|79.3|0.00|0.01|43.3543|29.0364
16|00|0|315|3.2|18.9|158|16.4|79.1|0.00|0.01|43.3544|29.0364
16|01|0|0|3.2|18.9|158|15.3|79.3|0.00|0.01|43.3534|27.4681
16|02|0|315|2.9|18.9|158|16.2|79.1|0.00|0.01|43.3479|29.0364
16|03|0|0|10.2|18.9|158|19.1|79.0|0.00|0.01|43.3532|33.2698
16|05|0|0|8.7|18.9|158|18.7|78.8|0.00|0.01|43.3524|31.1174
16|07|0|0|4.4|18.9|158|18.0|78.0|0.00|0.01|43.3553|31.1174
16|08|0|315|4.4|18.9|158|18.6|77.7|0.00|0.01|43.3554|30.3056
16|09|0|0|3.2|18.9|158|18.5|77.5|0.00|0.01|43.356|30.3056
16|10|0|0|1.6|18.9|158|18.5|77.3|0.00|0.01|43.3534|30.3056
16|11|0|0|2.9|18.9|158|18.3|77.3|0.00|0.01|43.3504|30.3056
16|13|0|0|2.9|18.9|158|20.6|77.1|0.00|0.01|43.3535|32.9066
16|14|0|0|8.1|18.9|158|22.0|77.0|0.00|0.01|43.357|35.2871
16|15|0|0|2.9|18.9|158|18.8|76.8|0.00|0.01|43.3583|29.4934
16|17|0|315|7.3|18.9|158|18.9|76.7|0.00|0.01|43.3623|29.4934
16|18|0|315|5.8|18.9|158|18.0|76.4|0.00|0.01|43.3583|29.4934
16|19|0|0|4.4|18.9|158|18.2|76.3|0.00|0.01|43.3595|29.4934
16|20|0|270|3.2|18.9|158|17.8|76.2|0.00|0.01|43.3583|28.1008
16|21|0|315|5.8|18.9|158|18.0|76.2|0.00|0.01|43.3593|29.4934
16|22|0|315|6.4|18.9|158|19.3|76.1|0.00|0.01|43.357|30.8191
16|23|0|315|6.5|18.9|158|19.4|76.1|0.00|0.01|43.3568|30.8191
16|24|0|315|8.1|18.9|158|18.7|76.0|0.00|0.01|43.355|29.4934
16|25|0|315|7.3|18.9|158|20.3|75.9|0.00|0.01|43.3564|31.2621
16|26|0|315|6.4|18.9|158|21.8|75.8|0.00|0.01|43.3561|32.468
16|27|0|315|8.7|18.9|158|19.3|75.7|0.00|0.01|43.3564|30.0016
16|28|0|315|7.3|18.9|158|19.6|75.5|0.00|0.01|43.3554|30.0016
16|29|0|0|4.4|18.9|158|19.0|75.4|0.00|0.01|43.353|30.0016
16|31|0|0|8.7|18.9|158|18.8|75.4|0.00|0.01|43.3514|28.6809
16|33|0|315|8.1|18.9|158|19.3|75.3|0.00|0.01|43.3534|30.0016
16|34|0|0|5.8|18.9|158|17.6|75.4|0.00|0.01|43.3474|27.2936
16|35|0|0|11.6|18.9|158|18.9|75.5|0.00|0.01|43.3433|28.6809
16|36|0|315|5.8|18.9|158|17.9|75.8|0.00|0.01|43.3434|27.2936
16|37|0|315|5.8|18.9|158|20.8|76.0|0.00|0.01|43.3446|32.0845
16|38|0|315|8.7|18.9|158|20.1|76.2|0.00|0.01|43.3448|32.0845
16|39|0|0|11.6|18.9|158|18.3|76.4|0.00|0.01|43.3377|29.4934
16|40|0|0|8.1|18.9|158|19.4|76.8|0.00|0.01|43.3322|30.8191
16|41|0|0|5.8|18.9|158|18.7|77.0|0.00|0.01|43.3326|30.3056
16|42|0|0|11.3|18.9|158|18.8|77.3|0.00|0.01|43.3308|30.3056
16|43|0|315|5.8|18.9|158|19.5|77.5|0.00|0.01|43.3425|31.6364
16|44|0|338|10.2|18.9|158|18.6|77.2|0.00|0.01|43.344|30.3056
16|46|0|0|4.4|18.9|158|18.7|77.0|0.00|0.01|43.3444|30.3056
16|47|0|0|4.8|18.9|158|18.7|76.9|0.00|0.01|43.3497|29.4934
16|48|0|315|4.8|18.9|158|20.8|76.8|0.00|0.01|43.3534|32.0845
16|49|0|315|4.8|18.9|158|19.7|76.6|0.00|0.01|43.3541|30.8191
16|50|0|270|7.3|18.9|158|17.9|76.3|0.00|0.01|43.352|28.1008
16|51|0|315|5.8|18.9|158|18.5|76.3|0.00|0.01|43.3455|29.4934
16|52|0|315|4.4|18.9|158|18.5|76.3|0.00|0.01|43.3453|29.4934
16|53|0|0|8.7|18.9|158|20.2|76.4|0.00|0.01|43.3441|32.0845
16|54|0|0|6.4|18.9|158|18.8|76.4|0.00|0.01|43.3453|29.4934
16|55|0|315|7.3|18.9|158|18.2|76.3|0.00|0.01|43.3547|29.4934
16|56|0|315|5.8|18.9|158|16.6|76.3|0.00|0.01|43.3474|26.6337
16|57|0|0|8.7|18.9|158|17.4|76.4|0.00|0.01|43.3495|28.1008
16|58|0|0|4.8|18.9|158|18.0|76.4|0.00|0.01|43.3537|29.4934
16|59|0|338|3.2|18.9|158|18.9|76.4|0.00|0.01|43.3531|29.4934
17|00|0|315|4.4|18.9|158|20.7|76.4|0.00|0.01|43.3536|32.0845
17|02|0|225|4.4|18.9|158|17.8|76.4|0.00|0.01|43.3539|28.1008
17|03|0|0|5.8|18.9|158|17.8|76.3|0.00|0.01|43.3551|28.1008
17|04|0|315|7.3|18.9|158|18.1|76.2|0.00|0.01|43.3521|29.4934
17|05|0|315|4.4|18.9|158|19.5|76.2|0.00|0.01|43.3468|30.8191
17|07|0|315|3.2|18.9|158|19.0|76.2|0.00|0.01|43.3543|30.8191
17|08|0|270|5.8|18.9|158|18.2|76.2|0.00|0.01|43.356|29.4934
17|09|0|270|4.8|18.9|158|16.3|76.2|0.00|0.01|43.3537|26.6337
17|10|0|315|2.9|18.9|158|15.5|76.2|0.00|0.01|43.355|25.0831
17|11|0|0|1.5|18.9|158|17.0|76.1|0.00|0.01|43.3547|28.1008
17|12|0|45|2.9|18.9|158|18.2|76.1|0.00|0.01|43.3564|29.4934
17|13|0|0|2.9|18.9|158|17.2|76.0|0.00|0.01|43.3546|28.1008
17|14|0|0|2.9|18.9|158|18.3|76.0|0.00|0.01|43.3578|29.4934
17|16|0|315|4.4|18.9|158|19.5|75.9|0.00|0.01|43.3569|30.0016
17|17|0|0|4.4|18.9|158|18.1|75.8|0.00|0.01|43.3534|28.6809
17|18|0|0|3.2|18.9|158|19.5|75.9|0.00|0.01|43.3529|30.0016
17|19|0|0|2.9|18.9|158|18.0|75.9|0.00|0.01|43.3545|28.6809
17|20|0|315|4.4|18.9|158|18.6|76.0|0.00|0.01|43.353|29.4934
17|21|0|270|1.6|18.9|158|19.6|76.2|0.00|0.01|43.3516|30.8191
17|22|0|315|4.8|18.9|158|18.6|76.3|0.00|0.01|43.3522|29.4934
17|23|0|315|4.4|18.9|158|19.1|76.4|0.00|0.01|43.3493|30.8191
17|24|0|270|4.4|18.9|158|16.9|76.6|0.00|0.01|43.343|26.6337
17|25|0|270|1.6|18.9|158|17.8|76.9|0.00|0.01|43.3368|28.1008
17|26|0|315|4.4|18.9|158|16.5|77.1|0.00|0.01|43.3342|27.435
17|27|0|0|4.4|18.9|158|20.0|77.3|0.00|0.01|43.3354|32.9066
17|28|0|0|3.2|18.9|158|18.1|77.6|0.00|0.01|43.3341|30.3056
17|30|0|315|4.8|18.9|158|16.6|77.8|0.00|0.01|43.3346|27.435
17|31|0|315|4.4|18.9|158|17.3|78.0|0.00|0.01|43.3338|29.7141
17|32|0|0|7.3|18.9|158|18.9|78.1|0.00|0.01|43.3363|31.1174
17|33|0|315|5.8|18.9|158|18.5|78.4|0.00|0.01|43.337|31.1174
17|34|0|338|7.3|18.9|158|17.1|78.4|0.00|0.01|43.3365|29.7141
17|35|0|315|4.8|18.9|158|17.0|78.4|0.00|0.01|43.3386|29.7141
17|36|0|270|8.7|18.9|158|17.1|78.6|0.00|0.01|43.3407|29.7141
17|37|0|315|4.4|18.9|158|14.9|78.8|0.00|0.01|43.3414|25.0159
17|38|0|315|2.9|18.9|158|15.9|78.9|0.00|0.01|43.3442|26.6734
17|39|0|315|2.9|18.9|158|15.8|79.0|0.00|0.01|43.3442|27.4681
17|41|0|270|4.4|18.9|158|17.7|79.3|0.00|0.01|43.3456|30.5203
17|43|0|270|5.8|18.9|158|18.1|79.4|0.00|0.01|43.3452|31.9288
17|44|0|315|4.4|18.9|158|14.6|79.3|0.00|0.01|43.3442|25.8042
17|45|0|0|2.9|18.9|158|14.9|79.4|0.00|0.01|43.3456|25.8042
17|46|0|270|2.9|18.9|158|15.6|79.5|0.00|0.01|43.3469|27.4681
17|47|0|315|4.4|18.9|158|16.7|79.3|0.00|0.01|43.3477|29.0364
17|48|0|315|5.8|18.9|158|15.9|79.0|0.00|0.01|43.3458|27.4681
17|49|0|315|4.4|18.9|158|15.9|79.0|0.00|0.01|43.3446|27.4681
17|51|0|315|5.8|18.9|158|19.8|78.6|0.00|0.01|43.3458|32.4533
17|52|0|315|4.4|18.9|158|19.3|78.4|0.00|0.01|43.3436|32.4533
17|53|0|0|5.8|18.9|158|17.4|78.1|0.00|0.01|43.3401|29.7141
17|54|0|0|5.8|18.9|158|15.9|78.0|0.00|0.01|43.3398|26.6734
17|56|0|315|6.4|18.9|158|17.5|77.9|0.00|0.01|43.3351|28.9077
17|57|0|0|4.8|18.9|158|18.0|77.7|0.00|0.01|43.3446|30.3056
17|59|0|315|2.9|18.9|158|18.4|77.5|0.00|0.01|43.346|30.3056
18|00|0|0|4.4|18.9|158|19.8|77.2|0.00|0.01|43.3455|31.6364
18|01|0|0|3.2|18.9|158|18.3|76.9|0.00|0.01|43.3485|29.4934
18|02|0|0|2.9|18.9|158|19.2|76.7|0.00|0.01|43.356|30.8191
18|03|0|315|2.9|18.9|158|20.2|76.4|0.00|0.01|43.3569|32.0845
18|04|0|315|5.8|18.9|158|19.5|76.2|0.00|0.01|43.3552|30.8191
18|05|0|0|5.8|18.9|158|18.9|75.9|0.00|0.01|43.352|28.6809
18|07|0|315|4.4|18.9|158|18.2|75.5|0.00|0.01|43.347|28.6809
18|08|0|0|5.8|18.9|158|18.8|75.3|0.00|0.01|43.3536|28.6809
18|10|0|0|2.9|18.9|158|18.1|75.0|0.00|0.01|43.3511|28.6809
18|12|0|0|2.9|18.9|158|17.9|74.6|0.00|0.01|43.3496|26.4861
18|14|0|0|4.8|18.9|158|17.5|74.6|0.00|0.01|43.3475|26.4861
18|15|0|23|2.9|18.9|158|18.1|74.6|0.00|0.01|43.3498|27.8681
18|17|0|0|3.2|18.9|158|17.7|74.5|0.00|0.01|43.3479|26.4861
18|18|0|0|4.4|18.9|158|18.7|74.6|0.00|0.01|43.3468|27.8681
18|19|0|0|5.8|18.9|158|17.5|74.6|0.00|0.01|43.3451|26.4861
18|20|0|0|5.8|18.9|158|17.3|74.8|0.00|0.01|43.3463|26.4861
18|21|0|0|4.8|18.9|158|17.3|74.9|0.00|0.01|43.3453|26.4861
18|22|0|0|2.9|18.9|158|16.9|75.1|0.00|0.01|43.3442|25.8321
18|23|0|315|1.5|18.9|158|19.0|75.2|0.00|0.01|43.3453|30.0016
18|25|0|0|5.8|18.9|158|18.2|75.3|0.00|0.01|43.3446|28.6809
18|26|0|338|2.9|18.9|158|17.6|75.4|0.00|0.01|43.3435|27.2936
18|28|0|338|3.2|18.9|158|18.4|75.7|0.00|0.01|43.3428|28.6809
18|29|0|0|7.3|18.9|158|17.6|75.8|0.00|0.01|43.3446|27.2936
18|30|0|0|2.9|18.9|158|18.1|75.7|0.00|0.01|43.347|28.6809
18|31|0|315|4.4|18.9|158|18.5|75.5|0.00|0.01|43.3485|28.6809
18|32|0|315|4.4|18.9|158|18.2|75.4|0.00|0.01|43.3485|28.6809
18|33|0|315|2.9|18.9|158|18.8|75.3|0.00|0.01|43.3491|28.6809
18|34|0|315|2.9|18.9|158|19.5|75.2|0.00|0.01|43.3497|30.0016
18|35|0|315|1.6|18.9|158|19.6|75.0|0.00|0.01|43.3484|30.0016
18|37|0|315|4.8|18.9|158|18.5|74.8|0.00|0.01|43.3477|27.8681
18|38|0|0|1.5|18.9|158|17.5|74.5|0.00|0.01|43.3474|26.4861
18|39|0|0|2.9|18.9|158|19.1|74.4|0.00|0.01|43.3466|29.1837
18|40|0|315|2.9|18.9|158|18.4|74.2|0.00|0.01|43.3461|27.8681
18|41|0|0|4.4|18.9|158|19.7|74.1|0.00|0.01|43.3433|29.1837
18|42|0|0|2.9|18.9|158|18.9|73.9|0.00|0.01|43.3436|27.0549
18|43|0|315|2.9|18.9|158|19.5|73.9|0.00|0.01|43.3457|28.3654
18|44|0|0|1.5|18.9|158|19.5|73.6|0.00|0.01|43.3458|28.3654
18|45|0|0|2.9|18.9|158|20.1|73.5|0.00|0.01|43.3457|29.6162
18|46|0|0|1.6|18.9|158|20.1|73.4|0.00|0.01|43.344|29.6162
18|47|0|315|1.5|18.9|158|21.7|73.3|0.00|0.01|43.3443|30.8129
18|48|0|315|1.6|18.9|158|21.7|73.2|0.00|0.01|43.3428|30.8129
18|49|0|315|3.2|18.9|158|22.4|73.1|0.00|0.01|43.3441|31.9602
18|50|0|315|2.9|18.9|158|22.9|73.0|0.00|0.01|43.3465|31.9602
18|51|0|270|2.9|18.9|158|22.4|72.7|0.00|0.01|43.3476|31.1277
18|53|0|315|4.4|18.9|158|20.7|72.5|0.00|0.01|43.3467|28.7928
18|54|0|0|2.9|18.9|158|20.9|72.4|0.00|0.01|43.3463|28.7928
18|55|0|0|2.9|18.9|158|20.4|72.2|0.00|0.01|43.3425|28.7928
18|56|0|0|1.6|18.9|158|20.2|72.1|0.00|0.01|43.341|28.7928
18|57|0|0|2.9|18.9|158|20.8|71.9|0.00|0.01|43.3411|27.9691
18|58|0|0|1.6|18.9|158|21.0|71.8|0.00|0.01|43.342|29.1565
18|59|0|0|2.9|18.9|158|21.5|71.8|0.00|0.01|43.3416|29.1565
19|00|0|315|1.5|18.9|158|21.3|71.7|0.00|0.01|43.341|29.1565
19|01|0|0|2.9|18.9|158|20.9|71.7|0.00|0.01|43.3423|27.9691
19|02|0|0|2.9|18.9|158|20.6|71.6|0.00|0.01|43.342|27.9691
19|04|0|315|1.6|18.9|158|22.1|71.6|0.00|0.01|43.3444|30.2948
19|05|0|0|2.9|18.9|158|22.2|71.5|0.00|0.01|43.3439|30.2948
19|06|0|315|1.6|18.9|158|21.6|71.5|0.00|0.01|43.3439|29.1565
19|07|0|0|1.5|18.9|158|21.4|71.4|0.00|0.01|43.345|29.1565
19|09|0|0|1.5|18.9|158|22.1|71.3|0.00|0.01|43.3442|30.2948
19|10|0|315|1.6|18.9|158|21.4|71.3|0.00|0.01|43.3453|29.1565
19|11|0|315|1.5|18.9|158|21.9|71.3|0.00|0.01|43.3429|29.1565
19|12|0|0|3.2|18.9|158|21.7|71.2|0.00|0.01|43.3442|29.1565
19|13|0|315|2.9|18.9|158|22.0|71.2|0.00|0.01|43.3435|30.2948
19|14|0|0|1.5|18.9|158|22.4|71.2|0.00|0.01|43.3444|30.2948
19|15|0|0|1.5|18.9|158|23.1|71.0|0.00|0.01|43.3419|31.3883
19|16|0|315|2.9|18.9|158|22.1|71.0|0.00|0.01|43.342|30.2948
19|17|0|315|1.5|18.9|158|23.4|71.0|0.00|0.01|43.3446|31.3883
19|18|0|315|1.5|18.9|158|24.1|71.0|0.00|0.01|43.346|32.4405
19|20|0|0|1.6|2.9|0|23.0|71.0|0.00|0.00|43.3432|31.3883
19|21|0|0|1.5|2.9|0|22.2|71.2|0.00|0.00|43.3434|30.2948
19|22|0|0|1.5|2.9|0|22.0|71.2|0.00|0.00|43.3434|30.2948
19|23|0|0|2.9|3.2|0|21.1|71.3|0.00|0.00|43.3449|29.1565
19|24|0|0|1.5|3.2|0|21.8|71.4|0.00|0.00|43.3469|29.1565
19|25|0|0|1.6|3.2|0|20.8|71.5|0.00|0.00|43.3465|27.9691
19|26|0|0|1.5|3.2|0|22.4|71.8|0.00|0.00|43.3484|30.2948
19|27|0|0|1.5|3.2|0|23.6|71.9|0.00|0.00|43.3467|31.3883
19|29|0|315|1.6|5.8|0|20.2|72.3|0.00|0.00|43.3481|28.7928
19|31|0|0|1.5|5.8|0|21.3|72.4|0.00|0.00|43.35|29.9849
19|32|0|0|2.9|5.8|0|21.3|72.5|0.00|0.00|43.3515|29.9849
19|33|0|315|1.5|5.8|0|20.9|72.5|0.00|0.00|43.3524|28.7928
19|34|0|0|4.4|5.8|0|21.5|72.6|0.00|0.00|43.3523|29.9849
19|35|0|0|3.2|5.8|0|21.9|72.6|0.00|0.00|43.3541|29.9849
19|36|0|0|2.9|5.8|0|21.1|72.5|0.00|0.00|43.3528|29.9849
19|37|0|0|1.5|5.8|0|21.1|72.5|0.00|0.00|43.3524|29.9849
19|38|0|0|2.9|5.8|0|19.9|72.4|0.00|0.00|43.3516|27.5468
19|39|0|0|2.9|5.8|0|20.0|72.4|0.01|0.01|43.3515|28.7928
19|40|0|0|2.9|5.8|0|20.3|72.3|0.01|0.01|43.3513|28.7928
19|41|0|0|2.9|5.8|0|21.1|72.4|0.01|0.01|43.3539|29.9849
19|43|0|0|1.5|5.8|0|20.6|72.3|0.01|0.01|43.3537|28.7928
19|44|0|0|3.2|5.8|0|21.0|72.3|0.01|0.01|43.3532|29.9849
19|45|0|0|2.9|5.8|0|19.5|72.3|0.01|0.01|43.3546|27.5468
19|46|0|0|2.9|5.8|0|20.2|72.2|0.01|0.01|43.3545|28.7928
19|47|0|0|3.2|5.8|0|20.0|72.2|0.01|0.01|43.3564|28.7928
19|48|0|0|1.6|5.8|0|19.6|72.1|0.01|0.01|43.3545|27.5468
19|50|0|315|1.6|5.8|0|20.4|72.1|0.01|0.01|43.3552|28.7928
19|51|0|0|1.5|5.8|0|21.8|72.1|0.01|0.01|43.3555|29.9849
19|52|0|0|1.5|5.8|0|22.5|72.1|0.01|0.01|43.3568|31.1277
19|53|0|0|1.5|5.8|0|21.6|71.9|0.01|0.01|43.355|29.1565
19|54|0|0|0.0|5.8|0|22.2|71.9|0.01|0.01|43.3571|30.2948
19|55|0|0|1.5|5.8|0|22.9|71.9|0.01|0.01|43.3587|30.2948
19|56|0|315|1.6|5.8|0|23.6|71.8|0.01|0.01|43.3596|31.3883
19|58|0|0|1.5|5.8|0|22.1|71.7|0.01|0.01|43.3586|30.2948
19|59|0|0|1.5|5.8|0|21.5|71.6|0.01|0.01|43.3588|29.1565
20|00|0|0|1.5|5.8|0|21.1|71.5|0.01|0.01|43.3587|29.1565
20|01|0|0|1.6|5.8|0|20.6|71.5|0.01|0.01|43.3596|27.9691
20|02|0|0|1.5|5.8|0|21.2|71.4|0.01|0.01|43.3606|29.1565
20|03|0|0|1.6|5.8|0|20.9|71.3|0.01|0.01|43.36|27.9691
20|04|0|0|0.0|5.8|0|21.2|71.2|0.01|0.01|43.3609|29.1565
20|05|0|0|1.5|5.8|0|21.3|71.2|0.01|0.01|43.361|29.1565
20|06|0|0|0.0|5.8|0|21.3|71.0|0.01|0.01|43.3642|29.1565
20|07|0|0|0.0|5.8|0|21.3|71.0|0.01|0.01|43.3633|29.1565
20|08|0|0|0.0|5.8|0|21.4|70.9|0.01|0.01|43.3685|28.3278
20|09|0|45|0.0|5.8|0|22.0|70.9|0.01|0.01|43.3697|29.4617
20|11|0|225|0.0|5.8|0|22.0|70.7|0.01|0.01|43.3704|29.4617
20|12|0|180|1.5|5.8|0|22.2|70.7|0.01|0.01|43.3703|29.4617
20|13|0|180|0.0|5.8|0|22.5|70.6|0.01|0.01|43.3723|29.4617
20|14|0|180|1.6|5.8|0|22.5|70.5|0.01|0.01|43.3726|29.4617
20|15|0|180|1.5|5.8|0|22.9|70.3|0.01|0.01|43.373|29.4617
20|16|0|180|1.5|5.8|0|22.7|70.1|0.01|0.01|43.373|29.4617
20|17|0|180|1.6|5.8|0|23.1|69.9|0.01|0.01|43.3712|29.7132
20|18|0|180|1.5|5.8|0|23.2|69.8|0.01|0.01|43.3733|29.7132
20|19|0|180|0.0|5.8|0|23.3|69.6|0.01|0.01|43.3699|29.7132
20|21|0|180|1.5|5.8|0|23.4|69.5|0.01|0.01|43.3704|29.7132
20|22|0|180|1.6|5.8|0|23.2|69.2|0.01|0.01|43.3703|29.7132
20|23|0|180|1.6|5.8|0|23.1|69.1|0.01|0.01|43.3685|29.7132
20|25|0|180|1.6|5.8|0|23.2|68.8|0.01|0.01|43.3691|28.8752
20|26|0|158|1.5|5.8|0|23.2|68.8|0.01|0.01|43.3715|28.8752
20|27|0|180|1.5|5.8|0|23.3|68.7|0.01|0.01|43.3721|28.8752
20|28|0|180|1.5|5.8|0|23.0|68.6|0.01|0.01|43.3724|28.8752
20|29|0|135|1.5|5.8|0|23.1|68.5|0.01|0.01|43.3726|28.8752
20|31|0|158|0.0|5.8|0|23.1|68.3|0.01|0.01|43.3733|28.8752
20|32|0|180|0.0|5.8|0|23.0|68.3|0.01|0.01|43.3741|28.8752
20|33|0|180|0.0|5.8|0|23.1|68.3|0.01|0.01|43.3747|28.8752
20|34|0|180|0.0|5.8|0|23.3|68.3|0.01|0.01|43.3789|28.8752
20|35|0|180|0.0|5.8|0|23.6|68.2|0.01|0.01|43.3777|28.8752
20|36|0|180|0.0|5.8|0|23.6|68.2|0.01|0.01|43.3773|28.8752
20|37|0|180|0.0|5.8|0|23.6|68.2|0.01|0.01|43.3786|28.8752
20|38|0|180|0.0|5.8|0|23.7|68.1|0.01|0.01|43.3797|28.8752
20|39|0|180|0.0|5.8|0|23.9|68.1|0.00|0.01|43.3795|28.8752
20|40|0|180|1.5|5.8|0|24.4|68.1|0.00|0.01|43.3824|29.915
20|41|0|0|1.5|5.8|0|25.0|68.0|0.00|0.01|43.3835|30.9172
20|42|0|315|1.6|5.8|0|26.1|67.9|0.00|0.01|43.3841|31.0342
20|44|0|270|0.0|5.8|0|25.0|67.8|0.00|0.01|43.3854|30.0707
20|45|0|270|1.5|5.8|0|24.7|67.7|0.00|0.01|43.3847|29.0725
20|46|0|315|1.5|5.8|0|27.4|67.4|0.00|0.01|43.3893|31.9655
20|47|0|315|0.0|5.8|0|28.9|67.3|0.00|0.01|43.3938|32.8667
20|48|0|315|1.5|5.8|0|25.8|67.0|0.00|0.01|43.3946|30.0707
20|49|0|270|1.6|5.8|0|26.1|66.8|0.00|0.01|43.3929|30.1837
20|51|0|270|2.9|5.8|0|24.9|66.5|0.00|0.01|43.3928|28.2298
20|52|0|315|1.5|5.8|0|24.6|66.3|0.00|0.01|43.393|28.2298
20|53|0|315|2.9|5.8|0|27.4|66.2|0.00|0.01|43.3934|31.1112
20|54|0|315|1.5|5.8|0|29.7|66.0|0.00|0.01|43.3937|32.8785
20|55|0|270|0.0|5.8|0|28.0|65.9|0.00|0.01|43.3949|31.1507
20|56|0|270|1.5|5.8|0|26.8|65.8|0.00|0.01|43.3934|29.3328
20|57|0|180|1.5|5.8|0|27.0|65.6|0.00|0.01|43.3968|30.2567
20|58|0|180|0.0|5.8|0|28.7|65.6|0.00|0.01|43.3958|31.1507
20|59|0|180|0.0|5.8|0|28.8|65.5|0.00|0.01|43.3951|31.1507
21|01|0|180|0.0|5.8|0|28.5|65.5|0.00|0.01|43.3976|31.1507
21|02|0|180|0.0|5.8|0|28.5|65.5|0.00|0.01|43.3978|31.1507
21|03|0|180|0.0|5.8|0|28.1|65.5|0.00|0.01|43.3988|31.1507
21|04|0|0|1.5|5.8|0|28.4|65.5|0.00|0.01|43.4001|31.1507
21|05|0|0|1.5|5.8|0|30.7|65.5|0.00|0.01|43.3998|32.8571
21|06|0|225|0.0|5.8|0|27.9|65.4|0.00|0.01|43.4009|30.2567
21|07|0|225|0.0|5.8|0|28.2|65.4|0.00|0.01|43.4007|31.1507
21|08|0|225|0.0|5.8|0|28.5|65.3|0.00|0.01|43.402|31.1507
21|09|0|315|0.0|5.8|0|27.8|65.3|0.00|0.01|43.4023|30.2567
21|11|0|180|0.0|5.8|0|28.2|65.3|0.00|0.01|43.404|31.1507
21|12|0|180|0.0|5.8|0|28.4|65.3|0.00|0.01|43.4037|31.1507
21|13|0|45|1.6|5.8|0|28.2|65.3|0.00|0.01|43.4054|31.1507
21|14|0|315|0.0|5.8|0|27.2|65.3|0.00|0.01|43.4046|30.2567
21|15|0|270|0.0|5.8|0|27.0|65.3|0.00|0.01|43.406|30.2567
21|16|0|270|0.0|5.8|0|26.9|65.2|0.00|0.01|43.4041|29.3328
21|17|0|180|0.0|5.8|0|27.1|65.3|0.00|0.01|43.4055|30.2567
21|18|0|180|0.0|5.8|0|27.9|65.2|0.00|0.01|43.4054|30.2567
21|20|0|225|1.5|5.8|0|28.9|65.2|0.00|0.01|43.4073|31.1507
21|21|0|180|0.0|5.8|0|29.5|65.2|0.00|0.01|43.4097|32.0169
21|22|0|180|0.0|5.8|0|29.6|65.2|0.00|0.01|43.4087|32.0169
21|23|0|180|0.0|5.8|0|29.2|65.2|0.00|0.01|43.4099|32.0169
21|24|0|180|0.0|5.8|0|29.0|65.1|0.00|0.01|43.4111|32.0169
21|25|0|225|1.5|5.8|0|29.5|65.1|0.00|0.01|43.4112|32.0169
21|26|0|225|0.0|5.8|0|29.5|65.0|0.00|0.01|43.411|32.0169
21|27|0|0|0.0|5.8|0|29.2|65.0|0.00|0.01|43.4129|32.0169
21|28|0|0|1.5|5.8|0|30.2|65.0|0.00|0.01|43.4119|32.8571
21|29|0|45|0.0|5.8|0|28.1|64.9|0.00|0.01|43.4131|30.2923
21|30|0|45|1.6|5.8|0|27.1|64.9|0.00|0.01|43.4125|29.4018
21|32|0|45|0.0|5.8|0|26.5|64.9|0.00|0.01|43.4142|28.4817
21|33|0|45|0.0|5.8|0|27.0|64.9|0.00|0.01|43.4149|29.4018
21|34|0|45|0.0|5.8|0|27.4|64.9|0.00|0.01|43.4145|29.4018
21|35|0|45|0.0|5.8|0|27.7|64.9|0.00|0.01|43.4173|29.4018
21|36|0|45|0.0|5.8|0|27.2|64.9|0.00|0.01|43.4173|29.4018
21|38|0|270|0.0|5.8|0|27.5|64.9|0.00|0.01|43.4199|29.4018
21|39|0|270|0.0|5.8|0|27.4|64.9|0.00|0.01|43.4188|29.4018
21|40|0|270|0.0|5.8|0|27.4|64.9|0.00|0.01|43.4188|29.4018
21|41|0|270|0.0|5.8|0|27.6|64.7|0.00|0.01|43.4175|29.4018
21|42|0|270|0.0|5.8|0|27.6|64.7|0.00|0.01|43.4177|29.4018
21|45|0|270|0.0|5.8|0|27.6|64.7|0.00|0.01|43.4171|29.4018
21|46|0|270|0.0|5.8|0|27.7|64.7|0.00|0.01|43.42|29.4018
21|47|0|270|0.0|5.8|0|27.4|64.7|0.00|0.01|43.4177|29.4018
21|48|0|270|0.0|5.8|0|27.2|64.7|0.00|0.01|43.4207|29.4018
21|49|0|270|0.0|5.8|0|26.9|64.6|0.00|0.01|43.4176|28.4817
21|50|0|315|0.0|5.8|0|27.1|64.6|0.00|0.01|43.4184|29.4018
21|51|0|315|0.0|5.8|0|27.6|64.5|0.00|0.01|43.4199|29.4018
21|52|0|315|1.5|5.8|0|28.6|64.4|0.00|0.01|43.419|30.2923
21|53|0|315|1.5|5.8|0|29.0|64.3|0.00|0.01|43.4197|31.155
21|55|0|315|0.0|5.8|0|28.5|64.1|0.00|0.01|43.4229|30.2923
21|56|0|315|0.0|5.8|0|28.3|63.8|0.00|0.01|43.4256|29.4336
21|57|0|315|0.0|5.8|0|28.1|63.7|0.00|0.01|43.4248|29.4336
21|58|0|270|1.5|5.8|0|27.9|63.6|0.00|0.01|43.4276|28.5467
22|00|0|270|0.0|5.8|0|28.0|63.5|0.00|0.01|43.4284|29.4336
22|01|0|225|0.0|5.8|0|28.6|63.4|0.00|0.01|43.4283|29.4336
22|02|0|225|0.0|5.8|0|29.0|63.4|0.00|0.01|43.4315|30.2928
22|03|0|225|0.0|5.8|0|29.8|63.3|0.00|0.01|43.4304|30.2928
22|04|0|135|1.5|5.8|0|30.8|63.2|0.00|0.01|43.4304|31.1262
22|05|0|135|1.5|5.8|0|31.1|63.0|0.00|0.01|43.4286|31.9355
22|06|0|135|0.0|5.8|0|31.1|62.9|0.00|0.01|43.4282|31.0663
22|07|0|135|0.0|5.8|0|31.8|62.8|0.00|0.01|43.4304|31.0663
22|08|0|90|0.0|5.8|0|31.4|62.7|0.00|0.01|43.4281|31.0663
22|09|0|90|0.0|5.8|0|30.6|62.6|0.00|0.01|43.4298|30.2604
22|10|0|90|0.0|5.8|0|31.1|62.5|0.00|0.01|43.4296|31.0663
22|11|0|90|0.0|5.8|0|31.4|62.4|0.00|0.01|43.4294|31.0663
22|12|0|135|0.0|5.8|0|31.7|62.4|0.00|0.01|43.434|31.0663
22|14|0|135|0.0|5.8|0|32.0|62.3|0.00|0.01|43.4327|31.8496
22|15|0|135|0.0|5.8|0|32.4|62.2|0.00|0.01|43.4338|31.8496
22|16|0|135|0.0|5.8|0|32.7|62.2|0.00|0.01|43.4353|31.8496
22|17|0|135|0.0|5.8|0|33.2|62.2|0.00|0.01|43.4373|32.6115
22|18|0|90|1.5|5.8|0|33.2|62.0|0.00|0.01|43.436|32.6115
22|19|0|90|0.0|5.8|0|32.6|61.9|0.00|0.01|43.4402|30.977
22|20|0|90|2.9|5.8|0|32.9|61.9|0.00|0.01|43.4403|30.977
22|21|0|45|1.5|5.8|0|33.9|61.8|0.00|0.01|43.4429|31.7358
22|22|0|45|0.0|5.8|0|34.5|61.7|0.00|0.01|43.4428|32.4745
22|23|0|90|0.0|5.8|0|34.7|61.7|0.00|0.01|43.4423|32.4745
22|24|0|45|0.0|5.8|0|34.6|61.6|0.00|0.01|43.4444|32.4745
22|25|0|90|0.0|5.8|0|34.6|61.5|0.00|0.01|43.4453|32.4745
22|26|0|90|0.0|5.8|0|34.5|61.5|0.00|0.01|43.446|32.4745
22|27|0|90|0.0|5.8|0|34.5|61.5|0.00|0.01|43.4474|32.4745
22|29|0|90|0.0|5.8|0|34.4|61.4|0.00|0.01|43.4467|32.4745
22|30|0|225|0.0|5.8|0|34.8|61.4|0.00|0.01|43.4479|32.4745
22|32|0|225|0.0|5.8|0|35.0|61.2|0.00|0.01|43.4523|33.1943
22|33|0|225|0.0|5.8|0|35.0|61.1|0.00|0.01|43.4542|33.1943
22|34|0|180|1.5|5.8|0|35.3|61.0|0.00|0.01|43.4532|33.1943
22|36|0|180|1.6|5.8|0|35.4|60.9|0.00|0.01|43.4552|32.3124
22|37|0|90|1.5|5.8|0|35.5|60.8|0.00|0.01|43.4528|32.3124
22|38|0|90|0.0|5.8|0|35.1|60.8|0.00|0.01|43.4515|32.3124
22|39|0|90|0.0|5.8|0|34.9|60.7|0.00|0.01|43.4519|31.5956
22|40|0|45|1.6|5.8|0|34.6|60.6|0.00|0.01|43.4513|31.5956
22|41|0|90|1.5|5.8|0|34.6|60.6|0.00|0.01|43.4522|31.5956
22|42|0|90|0.0|5.8|0|34.8|60.6|0.00|0.01|43.4501|31.5956
22|43|0|90|0.0|5.8|0|34.9|60.6|0.00|0.01|43.4512|31.5956
22|44|0|90|1.5|5.8|0|34.6|60.5|0.00|0.01|43.4508|31.5956
22|46|0|90|3.2|5.8|0|34.2|60.5|0.00|0.01|43.4506|31.5956
22|47|0|135|1.5|5.8|0|33.9|60.5|0.00|0.01|43.4497|30.8599
22|48|0|90|1.5|5.8|0|33.8|60.5|0.00|0.01|43.4497|30.8599
22|49|0|90|0.0|5.8|0|34.0|60.3|0.00|0.01|43.4502|31.5956
22|50|0|90|0.0|5.8|0|34.0|60.3|0.00|0.01|43.4503|31.5956
22|51|0|90|0.0|5.8|0|34.1|60.3|0.00|0.01|43.4501|31.5956
22|52|0|90|0.0|5.8|0|34.0|60.3|0.00|0.01|43.4506|31.5956
22|53|0|90|0.0|5.8|0|33.7|60.3|0.00|0.01|43.4489|30.8599
22|54|0|90|0.0|5.8|0|33.7|60.3|0.00|0.01|43.4494|30.8599
22|55|0|135|0.0|5.8|0|33.5|60.3|0.00|0.01|43.4502|30.8599
22|56|0|45|1.5|5.8|0|33.4|60.2|0.00|0.01|43.4507|30.8599
22|58|0|45|1.5|5.8|0|33.3|60.2|0.00|0.01|43.4503|30.8599
22|59|0|45|1.6|5.8|0|34.2|60.2|0.00|0.01|43.4493|31.5956
23|00|0|45|2.9|5.8|0|34.5|60.1|0.00|0.01|43.4538|31.5956
23|01|0|90|3.2|5.8|0|33.9|60.0|0.00|0.01|43.4505|30.8599
23|02|0|90|4.4|5.8|0|33.0|59.8|0.00|0.01|43.4495|29.9837
23|03|0|90|2.9|6.4|45|32.4|59.6|0.00|0.01|43.4475|29.2311
23|04|0|45|3.2|6.4|45|32.4|59.6|0.00|0.01|43.4445|29.2311
23|05|0|45|0.0|6.4|45|32.2|59.6|0.00|0.01|43.4468|29.2311
23|06|0|45|1.6|6.4|45|33.6|59.6|0.00|0.01|43.4448|29.9837
23|07|0|68|1.5|6.4|45|33.6|59.6|0.00|0.01|43.4451|29.9837
23|08|0|45|1.5|6.4|45|32.7|59.6|0.00|0.01|43.4453|29.2311
23|09|0|225|1.5|6.4|45|32.1|59.7|0.00|0.01|43.4478|29.2311
23|10|0|225|1.5|6.4|45|32.1|59.6|0.00|0.01|43.4455|29.2311
23|11|0|225|0.0|6.4|45|31.8|59.7|0.00|0.01|43.4468|28.4575
23|12|0|225|2.9|6.4|45|31.6|59.7|0.00|0.01|43.4469|28.4575
23|13|0|225|2.9|6.4|45|31.8|59.7|0.00|0.01|43.4469|28.4575
23|14|0|203|2.9|6.4|45|32.0|59.7|0.00|0.01|43.446|29.2311
23|16|0|180|4.4|6.4|45|31.6|59.7|0.00|0.01|43.4474|28.4575
23|17|0|180|2.9|6.4|45|30.1|59.7|0.00|0.01|43.4446|27.6614
23|18|0|135|2.9|6.4|45|29.8|59.8|0.00|0.01|43.4458|26.8414
23|19|0|180|1.5|6.4|45|29.6|59.9|0.00|0.01|43.4477|26.8414
23|20|0|135|2.9|6.4|45|29.2|59.9|0.00|0.01|43.4468|26.8414
23|21|0|180|2.9|6.4|45|29.2|60.0|0.00|0.01|43.4487|27.7047
23|22|0|180|2.9|6.4|45|28.9|60.0|0.00|0.01|43.4466|26.8558
23|23|0|180|2.9|6.4|45|29.4|60.1|0.00|0.01|43.4478|27.7047
23|24|0|180|1.5|6.4|45|30.3|60.2|0.00|0.01|43.4457|28.528
23|25|0|180|0.0|6.4|45|30.4|60.3|0.00|0.01|43.4454|28.528
23|26|0|180|1.6|6.4|45|30.6|60.3|0.00|0.01|43.4451|28.528
23|27|0|180|0.0|6.4|45|30.5|60.3|0.00|0.01|43.4455|28.528
23|30|0|135|0.0|6.4|45|30.1|60.2|0.00|0.01|43.446|28.528
23|31|0|90|1.6|6.4|45|30.1|60.2|0.00|0.01|43.4477|28.528
23|32|0|90|0.0|6.4|45|30.0|60.2|0.00|0.01|43.4454|28.528
23|33|0|90|0.0|6.4|45|30.9|60.1|0.00|0.01|43.4468|28.528
23|34|0|0|0.0|6.4|45|33.8|60.1|0.00|0.01|43.447|30.8599
23|35|0|270|1.5|6.4|45|33.5|60.1|0.00|0.01|43.4486|30.8599
23|36|0|225|1.5|6.4|45|33.0|60.0|0.00|0.01|43.4487|30.8599
23|37|0|225|1.5|6.4|45|33.8|59.8|0.00|0.01|43.4494|29.9837
23|38|0|180|1.5|6.4|45|34.7|59.7|0.00|0.01|43.4478|30.7164
23|39|0|180|1.5|6.4|45|33.3|59.6|0.00|0.01|43.4467|29.9837
23|41|0|180|2.9|6.4|45|31.5|59.5|0.00|0.01|43.4469|28.4575
23|42|0|180|1.6|6.4|45|30.9|59.2|0.00|0.01|43.4446|27.6614
23|43|0|135|2.9|6.4|45|30.3|59.1|0.00|0.01|43.4459|27.6614
23|44|0|180|1.5|6.4|45|30.2|59.0|0.00|0.01|43.4445|27.6614
23|45|0|135|1.5|6.4|45|30.5|59.0|0.00|0.01|43.4438|27.6614
23|46|0|135|1.5|6.4|45|30.8|58.9|0.00|0.01|43.4432|26.7945
23|47|0|135|1.5|6.4|45|30.5|58.9|0.00|0.01|43.4418|26.7945
23|48|0|135|0.0|6.4|45|30.2|58.9|0.00|0.01|43.4422|26.7945
23|49|0|203|1.5|6.4|45|29.9|58.9|0.00|0.01|43.4411|25.9779
23|50|0|180|1.6|6.4|45|30.2|58.9|0.00|0.01|43.4405|26.7945
23|51|0|180|1.5|6.4|45|30.7|58.9|0.00|0.01|43.4398|26.7945
23|53|0|180|1.5|6.4|45|30.7|58.9|0.00|0.01|43.439|26.7945
23|54|0|135|1.5|6.4|45|30.6|58.9|0.00|0.01|43.4406|26.7945
23|55|0|135|1.5|6.4|45|30.1|58.8|0.00|0.01|43.4386|26.7945
23|57|0|135|0.0|6.4|45|29.8|58.8|0.00|0.01|43.436|25.9779
23|58|0|135|0.0|6.4|45|29.7|58.8|0.00|0.01|43.4372|25.9779
23|59|0|180|1.5|6.4|45|29.9|58.7|0.00|0.01|43.4347|25.9779
