00|00|0|0|1.5|20.4|270|47.8|63.4|0.00|0.02|43.4243|42.4793
00|01|0|0|1.5|20.4|270|49.6|63.3|0.00|0.02|43.4249|43.5639
00|03|0|0|4.4|20.4|270|50.6|63.2|0.00|0.02|43.4232|44.0916
00|04|0|0|4.8|20.4|270|47.7|62.9|0.00|0.02|43.4222|41.5668
00|05|0|0|2.9|20.4|270|45.4|62.7|0.00|0.02|43.418|40.4454
00|06|0|0|4.4|20.4|270|45.6|62.7|0.00|0.02|43.4203|40.4454
00|07|0|0|4.4|20.4|270|45.9|62.5|0.00|0.02|43.418|40.4454
00|08|0|0|4.4|20.4|270|46.2|62.4|0.00|0.02|43.4164|41.0115
00|09|0|0|4.4|20.4|270|44.2|62.4|0.00|0.02|43.4189|39.8682
00|10|0|0|2.9|20.4|270|43.0|62.3|0.00|0.02|43.4181|39.2792
00|11|0|315|0.0|20.4|270|43.6|62.4|0.00|0.02|43.4184|39.2792
00|12|0|270|1.5|20.4|270|44.7|62.4|0.00|0.02|43.4165|39.8682
00|13|0|225|2.9|20.4|270|47.4|62.5|0.00|0.02|43.4184|41.5668
00|15|0|270|0.0|20.4|270|46.2|62.5|0.00|0.02|43.4168|41.0115
00|17|0|0|1.5|20.4|270|44.4|62.7|0.00|0.02|43.4187|39.8682
00|19|0|0|2.9|20.4|270|47.6|62.7|0.00|0.02|43.4219|41.5668
00|20|0|45|0.0|20.4|270|46.6|62.7|0.00|0.02|43.42|41.0115
00|21|0|45|1.6|20.4|270|46.5|62.7|0.00|0.02|43.4217|41.0115
00|22|0|45|0.0|20.4|270|45.8|62.6|0.00|0.02|43.4217|40.4454
00|23|0|45|0.0|20.4|270|45.3|62.5|0.00|0.02|43.4221|40.4454
00|26|0|45|0.0|20.4|270|44.3|62.4|0.00|0.02|43.4199|39.8682
00|27|0|45|0.0|20.4|270|44.3|62.4|0.00|0.02|43.4185|39.8682
00|29|0|45|0.0|20.4|270|44.1|62.4|0.00|0.02|43.4207|39.8682
00|30|0|135|0.0|20.4|270|44.3|62.3|0.00|0.02|43.4183|39.8682
00|31|0|135|0.0|20.4|270|44.7|62.3|0.00|0.02|43.418|39.8682
00|32|0|135|0.0|20.4|270|45.4|62.3|0.00|0.02|43.418|40.4454
00|33|0|135|0.0|20.4|270|45.8|62.3|0.00|0.02|43.4172|40.4454
00|34|0|135|0.0|20.4|270|45.8|62.2|0.00|0.02|43.4161|40.4454
00|35|0|135|0.0|20.4|270|45.6|62.2|0.00|0.02|43.4177|40.4454
00|36|0|135|0.0|20.4|270|45.1|62.2|0.00|0.02|43.419|40.4454
00|37|0|135|0.0|20.4|270|44.6|62.2|0.00|0.02|43.4184|39.8682
00|38|0|135|0.0|20.4|270|44.1|62.0|0.00|0.02|43.4184|39.8682
00|40|0|135|0.0|20.4|270|43.5|62.0|0.00|0.02|43.4183|39.2792
00|41|0|315|1.5|20.4|270|45.2|62.0|0.00|0.02|43.4199|40.4454
00|42|0|315|0.0|20.4|270|46.4|61.9|0.00|0.02|43.4207|40.1011
00|43|0|315|0.0|20.4|270|46.6|61.9|0.00|0.02|43.4193|40.1011
00|44|0|315|0.0|20.4|270|46.5|61.8|0.00|0.02|43.4205|40.1011
00|45|0|315|0.0|20.4|270|46.0|61.7|0.00|0.02|43.4213|40.1011
00|46|0|315|0.0|20.4|270|45.5|61.7|0.00|0.02|43.4217|39.5374
00|47|0|315|0.0|20.4|270|45.1|61.6|0.00|0.02|43.4223|39.5374
00|48|0|315|0.0|20.4|270|45.3|61.6|0.00|0.02|43.4219|39.5374
00|49|0|315|0.0|20.4|270|45.4|61.5|0.00|0.02|43.422|39.5374
00|50|0|315|0.0|20.4|270|45.8|61.5|0.00|0.02|43.422|39.5374
00|51|0|315|0.0|20.4|270|46.7|61.4|0.00|0.02|43.4217|40.1011
00|52|0|0|0.0|20.4|270|46.9|61.4|0.00|0.02|43.4191|40.1011
00|53|0|90|0.0|20.4|270|46.0|61.4|0.00|0.02|43.4182|40.1011
00|54|0|90|0.0|20.4|270|45.2|61.2|0.00|0.02|43.4187|39.5374
00|55|0|90|0.0|20.4|270|45.0|61.2|0.00|0.02|43.419|39.5374
00|56|0|90|0.0|20.4|270|46.2|61.2|0.00|0.02|43.4185|40.1011
00|58|0|90|0.0|20.4|270|47.3|61.2|0.00|0.02|43.4189|40.6541
00|59|0|90|0.0|20.4|270|48.0|61.2|0.00|0.02|43.4188|41.1968
01|00|0|90|0.0|20.4|270|48.0|61.2|0.00|0.02|43.419|41.1968
01|02|0|90|0.0|20.4|270|47.4|61.1|0.00|0.02|43.4181|40.6541
01|03|0|90|0.0|20.4|270|46.9|61.1|0.00|0.02|43.4173|40.1011
01|04|0|90|0.0|20.4|270|46.4|61.0|0.00|0.02|43.4152|40.1011
01|05|0|45|0.0|20.4|270|46.4|61.1|0.00|0.02|43.4182|40.1011
01|07|0|45|0.0|20.4|270|45.8|61.0|0.00|0.02|43.4172|39.5374
01|08|0|45|0.0|20.4|270|44.5|61.0|0.00|0.02|43.4144|38.9626
01|09|0|45|0.0|20.4|270|44.6|61.0|0.00|0.02|43.4154|38.9626
01|10|0|45|0.0|20.4|270|45.1|61.0|0.00|0.02|43.4157|39.5374
01|11|0|45|0.0|20.4|270|45.2|60.9|0.00|0.02|43.4144|38.6292
01|13|0|225|0.0|20.4|270|45.6|60.9|0.00|0.02|43.4154|38.6292
01|14|0|270|1.6|20.4|270|46.6|60.9|0.00|0.02|43.4117|39.1906
01|15|0|270|0.0|20.4|270|46.3|61.0|0.00|0.02|43.4119|40.1011
01|16|0|270|0.0|20.4|270|46.8|61.0|0.00|0.02|43.4102|40.1011
01|17|0|225|0.0|20.4|270|47.6|61.0|0.00|0.02|43.4095|40.6541
01|18|0|225|0.0|20.4|270|48.0|61.0|0.00|0.02|43.4087|41.1968
01|20|0|225|0.0|20.4|270|48.0|61.0|0.00|0.02|43.4076|41.1968
01|21|0|180|0.0|20.4|270|47.9|61.0|0.00|0.02|43.4083|40.6541
01|23|0|180|0.0|20.4|270|47.2|60.9|0.00|0.02|43.4072|39.7412
01|24|0|180|0.0|20.4|270|47.6|60.9|0.00|0.02|43.4065|39.7412
01|25|0|180|0.0|20.4|270|48.3|60.9|0.00|0.02|43.408|40.2817
01|26|0|180|1.6|20.4|270|48.2|60.9|0.00|0.02|43.4087|40.2817
01|27|0|225|1.5|20.4|270|47.9|60.8|0.00|0.02|43.408|39.7412
01|29|0|225|1.5|20.4|270|48.1|60.9|0.00|0.02|43.407|40.2817
01|30|0|225|0.0|20.4|270|47.9|60.9|0.00|0.02|43.4061|39.7412
01|31|0|225|0.0|20.4|270|47.6|60.9|0.00|0.02|43.4067|39.7412
01|32|0|225|1.5|20.4|270|47.0|60.9|0.00|0.02|43.4074|39.7412
01|33|0|225|1.6|20.4|270|46.7|60.9|0.00|0.02|43.4078|39.1906
01|34|0|225|0.0|20.4|270|46.1|60.9|0.00|0.02|43.4061|39.1906
01|35|0|225|0.0|20.4|270|45.8|61.0|0.00|0.02|43.4062|39.5374
01|36|0|225|0.0|20.4|270|45.4|61.0|0.00|0.02|43.4065|39.5374
01|38|0|225|0.0|20.4|270|44.5|61.0|0.00|0.02|43.4068|38.9626
01|39|0|225|0.0|20.4|270|44.3|61.0|0.00|0.02|43.4045|38.9626
01|40|0|225|0.0|20.4|270|44.6|61.0|0.00|0.02|43.4034|38.9626
01|41|0|90|1.5|20.4|270|46.6|61.0|0.00|0.02|43.4044|40.1011
01|42|0|90|0.0|20.4|270|46.7|60.9|0.00|0.02|43.403|39.1906
01|43|0|90|0.0|20.4|270|47.0|60.9|0.00|0.02|43.403|39.7412
01|44|0|90|0.0|20.4|270|47.4|60.8|0.00|0.02|43.4006|39.7412
01|45|0|135|0.0|20.4|270|47.1|60.8|0.00|0.02|43.4032|39.7412
01|46|0|180|1.5|20.4|270|46.4|60.7|0.00|0.02|43.4032|39.1906
01|48|0|225|1.5|20.4|270|45.7|60.7|0.00|0.02|43.4025|38.6292
01|49|0|225|1.5|20.4|270|45.2|60.8|0.00|0.02|43.4018|38.6292
01|50|0|225|1.6|20.4|270|44.7|60.9|0.00|0.02|43.3997|38.0568
01|51|0|225|1.6|20.4|270|44.2|60.9|0.00|0.02|43.4007|38.0568
01|52|0|225|0.0|20.4|270|44.3|60.9|0.00|0.02|43.3998|38.0568
01|54|0|270|0.0|20.4|270|45.0|61.0|0.00|0.02|43.4021|39.5374
01|56|0|270|0.0|20.4|270|45.3|60.9|0.00|0.02|43.4018|38.6292
01|57|0|270|0.0|20.4|270|46.4|60.9|0.00|0.02|43.4021|39.1906
01|58|0|315|0.0|20.4|270|48.0|60.9|0.00|0.02|43.403|40.2817
01|59|0|315|1.5|20.4|270|48.7|60.8|0.00|0.02|43.4031|40.2817
02|00|0|315|1.5|20.4|270|48.2|60.7|0.00|0.02|43.4029|40.2817
02|01|0|270|1.6|20.4|270|47.3|60.6|0.00|0.02|43.404|39.7412
02|02|0|270|0.0|20.4|270|47.2|60.6|0.00|0.02|43.4028|39.7412
02|03|0|270|0.0|20.4|270|47.1|60.5|0.00|0.02|43.4024|39.7412
02|05|0|270|0.0|20.4|270|47.6|60.5|0.00|0.02|43.406|39.7412
02|06|0|180|0.0|20.4|270|47.9|60.3|0.00|0.02|43.4057|39.7412
02|07|0|180|0.0|20.4|270|47.9|60.3|0.00|0.02|43.4072|39.7412
02|08|0|180|0.0|20.4|270|47.7|60.3|0.00|0.02|43.4057|39.7412
02|09|0|180|0.0|20.4|270|47.6|60.3|0.00|0.02|43.4067|39.7412
02|10|0|180|0.0|20.4|270|47.3|60.3|0.00|0.02|43.407|39.7412
02|11|0|180|0.0|20.4|270|46.8|60.3|0.00|0.02|43.4068|39.1906
02|13|0|180|0.0|20.4|270|46.3|60.2|0.00|0.02|43.4037|39.1906
02|14|0|180|0.0|20.4|270|46.4|60.2|0.00|0.02|43.4047|39.1906
02|15|0|180|0.0|20.4|270|46.3|60.2|0.00|0.02|43.4046|39.1906
02|16|0|180|0.0|20.4|270|46.3|60.2|0.00|0.02|43.4056|39.1906
02|17|0|180|0.0|20.4|270|46.3|60.2|0.00|0.02|43.4061|39.1906
02|19|0|180|0.0|20.4|270|46.2|60.2|0.00|0.02|43.4022|39.1906
02|20|0|180|0.0|20.4|270|46.1|60.2|0.00|0.02|43.4046|39.1906
02|22|0|248|1.6|20.4|270|45.2|60.2|0.00|0.02|43.4037|38.6292
02|23|0|270|1.5|20.4|270|45.1|60.3|0.00|0.02|43.4041|38.6292
02|24|0|270|1.5|20.4|270|45.4|60.3|0.00|0.02|43.4046|38.6292
02|25|0|315|1.6|20.4|270|47.4|60.3|0.00|0.02|43.4053|39.7412
02|26|0|315|0.0|20.4|270|50.5|60.3|0.00|0.02|43.4056|41.3334
02|27|0|315|0.0|20.4|270|49.5|60.3|0.00|0.02|43.4076|40.8123
02|29|0|315|1.5|20.4|270|50.4|60.2|0.00|0.02|43.4074|41.3334
02|30|0|315|2.9|20.4|270|52.9|60.1|0.00|0.02|43.4067|42.3486
02|32|0|315|2.9|20.4|270|53.7|59.6|0.00|0.02|43.4038|41.9173
02|33|0|315|1.6|20.4|270|54.5|59.5|0.00|0.02|43.4058|42.4019
02|34|0|315|0.0|20.4|270|52.0|59.2|0.00|0.02|43.4063|41.4246
02|35|0|315|1.5|20.4|270|50.0|59.0|0.00|0.02|43.4028|40.4136
02|36|0|270|0.0|20.4|270|49.5|58.9|0.00|0.02|43.4014|38.977
02|37|0|315|1.5|20.4|270|49.8|58.8|0.00|0.02|43.3997|38.977
02|38|0|270|1.5|20.4|270|48.8|58.7|0.00|0.02|43.4004|38.4509
02|39|0|270|0.0|20.4|270|49.7|58.5|0.00|0.02|43.3981|38.977
02|40|0|315|1.5|20.4|270|52.5|58.5|0.00|0.02|43.3996|40.5004
02|41|0|315|0.0|20.4|270|54.1|58.5|0.00|0.02|43.3979|41.4736
02|42|0|315|0.0|20.4|270|54.0|58.4|0.00|0.02|43.3976|41.4736
02|43|0|270|0.0|20.4|270|53.3|58.4|0.00|0.02|43.3979|40.9911
02|44|0|270|0.0|20.4|270|52.4|58.4|0.00|0.02|43.3967|40.5004
02|45|0|270|1.5|20.4|270|50.9|58.3|0.00|0.02|43.3966|39.4937
02|46|0|270|1.6|20.4|270|49.9|58.3|0.00|0.02|43.3962|38.977
02|48|0|270|1.5|20.4|270|49.7|58.3|0.00|0.02|43.3969|38.977
02|49|0|270|1.5|20.4|270|48.3|58.3|0.00|0.02|43.3974|38.4509
02|50|0|270|1.5|20.4|270|48.6|58.3|0.00|0.02|43.3967|38.4509
02|51|0|270|0.0|20.4|270|48.3|58.3|0.00|0.02|43.397|38.4509
02|52|0|270|0.0|20.4|270|48.9|58.4|0.00|0.02|43.3992|38.4509
02|53|0|270|0.0|20.4|270|48.8|58.5|0.00|0.02|43.3978|38.4509
02|54|0|315|1.5|20.4|270|49.4|58.7|0.00|0.02|43.4004|38.977
02|55|0|270|0.0|20.4|270|48.7|58.7|0.00|0.02|43.3989|38.4509
02|56|0|315|1.6|20.4|270|48.4|58.7|0.00|0.02|43.4007|38.4509
02|57|0|315|0.0|20.4|270|49.7|58.7|0.00|0.02|43.3997|38.977
02|59|0|315|1.5|20.4|270|49.2|58.8|0.00|0.02|43.4017|38.977
03|00|0|315|0.0|20.4|270|48.7|58.8|0.00|0.02|43.4|38.4509
03|01|0|315|1.5|20.4|270|47.7|58.9|0.00|0.02|43.4013|37.915
03|02|0|270|1.5|20.4|270|47.8|58.8|0.00|0.02|43.399|37.915
03|03|0|270|0.0|20.4|270|47.3|58.9|0.00|0.02|43.3989|37.915
03|05|0|315|1.5|20.4|270|47.6|58.8|0.00|0.02|43.3974|37.915
03|06|0|315|2.9|20.4|270|48.6|58.8|0.00|0.02|43.3977|38.4509
03|07|0|315|1.5|20.4|270|47.9|58.8|0.00|0.02|43.3949|37.915
03|08|0|315|1.5|20.4|270|47.7|58.8|0.00|0.02|43.3954|37.915
03|09|0|315|1.5|20.4|270|48.9|58.8|0.00|0.02|43.3956|38.4509
03|10|0|270|4.4|20.4|270|47.9|58.7|0.00|0.02|43.3949|37.915
03|12|0|315|0.0|20.4|270|47.3|58.7|0.00|0.02|43.3951|37.915
03|13|0|180|0.0|20.4|270|47.5|58.8|0.00|0.02|43.3954|37.915
03|14|0|135|1.5|20.4|270|47.9|58.9|0.00|0.02|43.395|37.915
03|15|0|135|1.6|20.4|270|47.5|58.9|0.00|0.02|43.3948|37.915
03|16|0|135|0.0|20.4|270|46.7|58.9|0.00|0.02|43.3958|37.3689
03|17|0|135|0.0|20.4|270|45.7|58.9|0.00|0.02|43.3938|36.8123
03|18|0|45|0.0|20.4|270|45.4|58.9|0.00|0.02|43.3953|36.8123
03|19|0|0|1.5|20.4|270|45.7|58.9|0.00|0.02|43.3942|36.8123
03|20|0|315|1.6|20.4|270|44.6|58.9|0.00|0.02|43.3935|36.2446
03|21|0|315|2.9|20.4|270|46.0|59.0|0.00|0.02|43.3941|38.2798
03|22|0|315|1.5|20.4|270|46.5|59.0|0.00|0.02|43.3943|38.2798
03|23|0|315|1.6|20.4|270|47.2|59.0|0.00|0.02|43.3918|38.8282
03|25|0|315|1.5|20.4|270|46.0|58.9|0.00|0.02|43.39|37.3689
03|26|0|315|1.5|20.4|270|45.6|59.0|0.00|0.02|43.3923|37.7208
03|27|0|315|0.0|20.4|270|45.6|59.0|0.00|0.02|43.3909|37.7208
03|28|0|270|0.0|20.4|270|45.1|59.0|0.00|0.02|43.3921|37.7208
03|29|0|270|1.5|20.4|270|44.4|58.9|0.00|0.02|43.3923|36.2446
03|30|0|270|1.5|20.4|270|44.2|58.9|0.00|0.02|43.3921|36.2446
03|31|0|225|1.5|20.4|270|44.5|58.9|0.00|0.02|43.3944|36.2446
03|32|0|225|0.0|20.4|270|45.3|58.9|0.00|0.02|43.3918|36.8123
03|33|0|270|1.6|20.4|270|45.0|58.9|0.00|0.02|43.392|36.8123
03|35|0|270|1.5|20.4|270|45.0|58.9|0.00|0.02|43.3917|36.8123
03|36|0|315|1.5|20.4|270|45.7|58.9|0.00|0.02|43.3901|36.8123
03|37|0|270|1.5|20.4|270|45.4|58.9|0.00|0.02|43.3884|36.8123
03|38|0|270|0.0|20.4|270|44.9|58.9|0.00|0.02|43.3866|36.2446
03|39|0|270|0.0|20.4|270|44.3|58.9|0.00|0.02|43.3869|36.2446
03|40|0|270|0.0|20.4|270|44.2|58.8|0.00|0.02|43.3856|36.2446
03|42|0|270|1.5|20.4|270|44.6|58.8|0.00|0.02|43.3866|36.2446
03|43|0|225|0.0|20.4|270|44.6|58.7|0.00|0.02|43.3854|36.2446
03|45|0|225|0.0|20.4|270|44.6|58.7|0.00|0.02|43.3856|36.2446
03|46|0|225|0.0|20.4|270|44.6|58.7|0.00|0.02|43.3871|36.2446
03|47|0|225|0.0|20.4|270|45.1|58.7|0.00|0.02|43.3857|36.8123
03|48|0|90|0.0|20.4|270|45.0|58.5|0.00|0.02|43.385|36.8123
03|49|0|90|1.5|20.4|270|45.4|58.5|0.00|0.02|43.385|36.8123
03|50|0|90|1.5|20.4|270|45.9|58.4|0.00|0.02|43.3849|36.8123
03|51|0|45|0.0|20.4|270|46.5|58.3|0.00|0.02|43.3833|37.3689
03|52|0|45|1.6|20.4|270|45.3|58.2|0.00|0.02|43.3825|36.8123
03|53|0|45|0.0|20.4|270|45.0|58.2|0.00|0.02|43.3829|36.8123
03|54|0|45|0.0|20.4|270|45.1|58.1|0.00|0.02|43.381|36.8123
03|55|0|45|0.0|20.4|270|45.0|58.1|0.00|0.02|43.3813|36.8123
03|56|0|45|0.0|20.4|270|45.1|58.0|0.00|0.02|43.3828|36.8123
03|58|0|45|0.0|20.4|270|45.2|57.9|0.00|0.02|43.3807|35.9035
03|59|0|45|0.0|20.4|270|45.4|57.9|0.00|0.02|43.3825|35.9035
04|00|0|45|0.0|20.4|270|45.5|57.8|0.00|0.02|43.3809|35.9035
04|01|0|45|0.0|20.4|270|45.3|57.8|0.00|0.02|43.3838|35.9035
04|02|0|45|0.0|20.4|270|45.7|57.8|0.00|0.02|43.3824|35.9035
04|03|0|45|0.0|20.4|270|46.4|57.7|0.00|0.02|43.383|36.4578
04|04|0|0|1.5|20.4|270|46.7|57.5|0.00|0.02|43.383|36.4578
04|05|0|23|1.5|20.4|270|47.6|57.5|0.00|0.02|43.381|37.0016
04|06|0|45|0.0|20.4|270|48.3|57.5|0.00|0.02|43.3821|37.5352
04|07|0|45|0.0|20.4|270|48.2|57.4|0.00|0.02|43.3846|37.5352
04|08|0|45|0.0|20.4|270|47.7|57.3|0.00|0.02|43.3834|37.0016
04|09|0|45|0.0|20.4|270|47.5|57.3|0.00|0.02|43.3857|37.0016
04|10|0|45|0.0|20.4|270|47.9|57.3|0.00|0.02|43.3869|37.0016
04|11|0|45|0.0|20.4|270|48.0|57.3|0.00|0.02|43.3877|37.5352
04|13|0|45|0.0|20.4|270|47.9|57.2|0.00|0.02|43.3885|37.0016
04|14|0|45|0.0|20.4|270|48.1|57.2|0.00|0.02|43.3884|37.5352
04|15|0|315|0.0|20.4|270|48.9|57.1|0.00|0.02|43.3879|37.5352
04|16|0|315|1.6|20.4|270|49.3|57.1|0.00|0.02|43.3907|38.0591
04|17|0|0|0.0|20.4|270|50.0|57.0|0.00|0.02|43.3919|38.5737
04|18|0|0|1.6|20.4|270|50.7|57.0|0.00|0.02|43.3914|38.5737
04|19|0|0|0.0|20.4|270|51.3|56.9|0.00|0.02|43.3912|38.1568
04|21|0|0|0.0|20.4|270|50.4|56.7|0.00|0.02|43.3925|37.6534
04|22|0|0|0.0|20.4|270|50.4|56.7|0.00|0.02|43.3943|37.6534
04|23|0|0|0.0|20.4|270|50.4|56.7|0.00|0.02|43.3941|37.6534
04|24|0|0|0.0|20.4|270|50.5|56.6|0.00|0.02|43.3945|37.6534
04|25|0|0|0.0|20.4|270|50.5|56.6|0.00|0.02|43.3929|37.6534
04|26|0|0|0.0|20.4|270|50.5|56.5|0.00|0.02|43.3961|37.6534
04|28|0|0|0.0|20.4|270|50.6|56.5|0.00|0.02|43.3961|37.6534
04|29|0|225|0.0|20.4|270|50.5|56.4|0.00|0.02|43.3967|37.6534
04|30|0|225|0.0|20.4|270|50.3|56.4|0.00|0.02|43.3988|37.6534
04|31|0|225|0.0|20.4|270|50.1|56.4|0.00|0.02|43.4009|37.6534
04|32|0|225|0.0|20.4|270|49.9|56.4|0.00|0.02|43.3996|37.141
04|33|0|225|0.0|20.4|270|49.7|56.4|0.00|0.02|43.4013|37.141
04|35|0|225|0.0|20.4|270|50.0|56.3|0.00|0.02|43.4032|37.6534
04|36|0|225|0.0|20.4|270|50.1|56.3|0.00|0.02|43.4038|37.6534
04|37|0|225|0.0|20.4|270|50.1|56.3|0.00|0.02|43.4045|37.6534
04|38|0|225|0.0|20.4|270|49.9|56.3|0.00|0.02|43.4039|37.141
04|40|0|225|0.0|20.4|270|49.7|56.3|0.00|0.02|43.406|37.141
04|41|0|225|0.0|20.4|270|49.7|56.4|0.00|0.02|43.4058|37.141
04|42|0|225|0.0|20.4|270|49.4|56.4|0.00|0.02|43.4063|37.141
04|44|0|225|0.0|20.4|270|49.2|56.4|0.00|0.02|43.4063|37.141
04|45|0|225|0.0|20.4|270|49.2|56.4|0.00|0.02|43.4079|37.141
04|46|0|225|0.0|20.4|270|49.2|56.3|0.00|0.02|43.4068|37.141
04|47|0|225|0.0|20.4|270|49.3|56.3|0.00|0.02|43.4071|37.141
04|48|0|225|0.0|20.4|270|49.2|56.3|0.00|0.02|43.4074|37.141
04|49|0|225|0.0|20.4|270|49.2|56.3|0.00|0.02|43.4064|37.141
04|50|0|180|0.0|20.4|270|49.5|56.3|0.00|0.02|43.4085|37.141
04|51|0|180|0.0|20.4|270|49.5|56.2|0.00|0.02|43.4086|37.141
04|52|0|180|0.0|20.4|270|49.5|56.2|0.00|0.02|43.4088|37.141
04|53|0|225|0.0|20.4|270|49.6|56.2|0.00|0.02|43.4078|37.141
04|54|0|225|1.6|20.4|270|49.7|56.2|0.00|0.02|43.4073|37.141
04|56|0|225|0.0|20.4|270|49.8|56.2|0.00|0.02|43.409|37.141
04|57|0|225|1.5|20.4|270|49.7|56.2|0.00|0.02|43.4097|37.141
04|58|0|135|1.5|20.4|270|49.7|56.2|0.00|0.02|43.4081|37.141
04|59|0|135|0.0|20.4|270|50.1|56.2|0.00|0.02|43.4078|37.6534
05|00|0|135|0.0|20.4|270|50.5|56.2|0.00|0.02|43.4064|37.6534
05|01|0|135|0.0|20.4|270|50.2|56.3|0.00|0.02|43.4089|37.6534
05|02|0|135|0.0|20.4|270|49.9|56.3|0.00|0.02|43.4077|37.141
05|03|0|135|0.0|20.4|270|49.9|56.2|0.00|0.02|43.4072|37.141
05|04|0|135|0.0|20.4|270|49.9|56.2|0.00|0.02|43.4069|37.141
05|05|0|135|0.0|20.4|270|49.9|56.2|0.00|0.02|43.4087|37.141
05|06|0|135|0.0|20.4|270|49.9|56.2|0.00|0.02|43.4079|37.141
05|08|0|135|0.0|20.4|270|49.8|56.2|0.00|0.02|43.4081|37.141
05|09|0|135|0.0|20.4|270|50.0|56.1|0.00|0.02|43.4071|37.6534
05|10|0|135|0.0|20.4|270|49.8|56.1|0.00|0.02|43.4084|37.141
05|11|0|135|0.0|20.4|270|49.9|56.1|0.00|0.02|43.4095|37.141
05|12|0|135|0.0|20.4|270|50.1|56.1|0.00|0.02|43.4088|37.6534
05|14|0|135|0.0|20.4|270|50.5|56.0|0.00|0.02|43.411|37.6534
05|15|0|135|0.0|20.4|270|50.6|56.0|0.00|0.02|43.4118|37.6534
05|16|0|135|0.0|20.4|270|50.6|56.0|0.00|0.02|43.414|37.6534
05|17|0|135|0.0|20.4|270|50.5|55.8|0.00|0.02|43.4105|36.733
05|18|0|135|0.0|20.4|270|50.6|55.8|0.00|0.02|43.4111|36.733
05|19|0|135|0.0|20.4|270|50.8|55.8|0.00|0.02|43.4111|36.733
05|20|0|135|0.0|20.4|270|51.1|55.8|0.00|0.02|43.4116|37.2343
05|21|0|135|0.0|20.4|270|51.3|55.7|0.00|0.02|43.4126|37.2343
05|22|0|135|0.0|20.4|270|51.5|55.7|0.00|0.02|43.4109|37.2343
05|23|0|203|0.0|20.4|270|51.6|55.7|0.00|0.02|43.4116|37.2343
05|25|0|225|0.0|20.4|270|51.7|55.7|0.00|0.02|43.4106|37.2343
05|26|0|180|1.5|20.4|270|52.0|55.7|0.00|0.02|43.4096|37.727
05|27|0|180|1.5|20.4|270|52.4|55.6|0.00|0.02|43.4099|37.727
05|28|0|180|1.5|20.4|270|52.5|55.6|0.00|0.02|43.4088|37.727
05|30|0|180|1.5|20.4|270|52.9|55.6|0.00|0.02|43.4077|37.727
05|31|0|180|0.0|20.4|270|52.9|55.6|0.00|0.02|43.4085|37.727
05|32|0|180|0.0|20.4|270|52.9|55.6|0.00|0.02|43.4094|37.727
05|33|0|180|0.0|20.4|270|52.9|55.6|0.00|0.02|43.4083|37.727
05|34|0|180|0.0|20.4|270|52.9|55.6|0.00|0.02|43.409|37.727
05|35|0|180|0.0|20.4|270|52.7|55.6|0.00|0.02|43.4079|37.727
05|36|0|180|0.0|20.4|270|52.9|55.6|0.00|0.02|43.409|37.727
05|37|0|180|0.0|20.4|270|52.9|55.6|0.00|0.02|43.4096|37.727
05|38|0|180|0.0|20.4|270|53.0|55.6|0.00|0.02|43.4081|38.2114
05|41|0|90|0.0|20.4|270|53.2|55.7|0.00|0.02|43.4086|38.2114
05|42|0|90|1.5|20.4|270|52.7|55.7|0.00|0.02|43.4078|37.727
05|43|0|90|1.5|20.4|270|52.4|55.7|0.00|0.02|43.4103|37.727
05|44|0|90|1.5|20.4|270|52.4|55.7|0.00|0.02|43.4131|37.727
05|45|0|90|1.5|20.4|270|52.5|55.7|0.00|0.02|43.4115|37.727
05|46|0|45|0.0|20.4|270|52.4|55.7|0.00|0.02|43.4097|37.727
05|47|0|45|0.0|20.4|270|52.6|55.7|0.00|0.02|43.4102|37.727
05|48|0|90|0.0|20.4|270|52.4|55.7|0.00|0.02|43.4112|37.727
05|49|0|90|0.0|20.4|270|52.3|55.7|0.00|0.02|43.4115|37.727
05|50|0|90|0.0|20.4|270|52.2|55.6|0.00|0.02|43.4109|37.727
05|52|0|0|0.0|20.4|270|52.5|55.6|0.00|0.02|43.4118|37.727
05|53|0|0|1.5|20.4|270|53.1|55.6|0.00|0.02|43.4127|38.2114
05|54|0|0|1.5|20.4|270|54.0|55.6|0.00|0.02|43.4142|38.6877
05|55|0|0|0.0|20.4|270|54.5|55.6|0.00|0.02|43.4135|38.6877
05|56|0|0|0.0|20.4|270|54.0|55.6|0.00|0.02|43.414|38.6877
05|57|0|0|0.0|20.4|270|53.9|55.5|0.00|0.02|43.4133|38.2114
05|58|0|0|0.0|20.4|270|54.1|55.5|0.00|0.02|43.4129|38.6877
05|59|0|0|0.0|20.4|270|54.0|55.5|0.00|0.02|43.4148|38.6877
06|00|0|0|0.0|20.4|270|54.0|55.4|0.00|0.02|43.4139|38.6877
06|01|0|0|0.0|20.4|270|54.2|55.4|0.00|0.02|43.4156|38.6877
06|02|0|0|0.0|20.4|270|54.9|55.4|0.00|0.02|43.4182|38.6877
06|03|0|0|0.0|20.4|270|54.8|55.3|0.00|0.02|43.4159|38.6877
06|04|0|0|0.0|20.4|270|54.6|55.3|0.00|0.02|43.4168|38.6877
06|06|0|0|0.0|20.4|270|54.8|55.2|0.00|0.02|43.4172|38.6877
06|08|0|0|0.0|20.4|270|55.1|55.2|0.00|0.02|43.4165|39.1564
06|09|0|0|0.0|20.4|270|55.2|55.2|0.00|0.02|43.4166|39.1564
06|10|0|0|0.0|20.4|270|55.2|55.2|0.00|0.02|43.4184|39.1564
06|11|0|0|0.0|20.4|270|55.5|55.2|0.00|0.02|43.4158|39.1564
06|12|0|0|0.0|20.4|270|55.6|55.2|0.00|0.02|43.4185|39.1564
06|13|0|0|0.0|20.4|270|55.3|55.2|0.00|0.02|43.4182|39.1564
06|15|0|135|0.0|20.4|270|55.5|55.2|0.00|0.02|43.419|39.1564
06|17|0|135|0.0|20.4|270|56.2|55.1|0.00|0.02|43.4191|39.6176
06|18|0|135|0.0|20.4|270|56.5|55.1|0.00|0.02|43.4189|39.6176
06|20|0|180|0.0|20.4|270|57.1|55.0|0.00|0.02|43.4192|40.0716
06|21|0|180|0.0|20.4|270|57.4|55.0|0.00|0.02|43.4185|40.0716
06|23|0|180|0.0|20.4|270|57.0|54.8|0.00|0.02|43.4176|39.1367
06|25|0|90|0.0|20.4|270|56.8|54.8|0.00|0.02|43.4176|38.6847
06|26|0|90|1.5|20.4|270|56.2|54.8|0.00|0.02|43.4158|38.6847
06|27|0|90|0.0|20.4|270|55.6|54.8|0.00|0.02|43.4157|38.2255
06|28|0|90|1.5|20.4|270|55.4|55.0|0.00|0.02|43.4175|39.1564
06|29|0|90|0.0|20.4|270|55.3|55.0|0.00|0.02|43.4171|39.1564
06|30|0|90|1.5|20.4|270|55.5|55.0|0.00|0.02|43.4158|39.1564
06|31|0|90|0.0|20.4|270|55.4|55.0|0.00|0.02|43.4141|39.1564
06|32|0|90|0.0|20.4|270|55.2|55.0|0.00|0.02|43.4143|39.1564
06|33|0|225|1.5|20.4|270|55.3|55.1|0.00|0.02|43.414|39.1564
06|34|0|225|0.0|20.4|270|55.6|55.1|0.00|0.02|43.4139|39.1564
06|36|0|225|0.0|20.4|270|55.8|55.2|0.00|0.02|43.4128|39.1564
06|37|0|225|0.0|20.4|270|55.8|55.2|0.00|0.02|43.4133|39.1564
06|38|0|225|0.0|20.4|270|56.1|55.3|0.00|0.02|43.4117|39.6176
06|39|0|225|0.0|20.4|270|56.1|55.3|0.00|0.02|43.4118|39.6176
06|40|0|225|0.0|20.4|270|56.0|55.5|0.00|0.02|43.4128|39.6176
06|41|0|225|0.0|20.4|270|55.7|55.7|0.00|0.02|43.4118|39.1564
06|42|0|225|0.0|20.4|270|55.6|55.8|0.00|0.02|43.4129|39.1564
06|45|0|90|0.0|20.4|270|55.5|56.2|0.00|0.02|43.415|40.0872
06|46|0|90|0.0|20.4|270|55.2|56.4|0.00|0.02|43.416|40.0872
06|47|0|90|1.5|20.4|270|54.4|56.6|0.00|0.02|43.4193|39.6165
06|48|0|135|1.5|20.4|270|53.7|56.7|0.00|0.02|43.4156|39.1381
06|49|0|135|0.0|20.4|270|52.9|57.1|0.00|0.02|43.4168|39.5761
06|50|0|135|1.6|20.4|270|52.8|57.2|0.00|0.02|43.4152|39.5761
06|51|0|90|1.5|20.4|270|53.1|57.4|0.00|0.02|43.4175|40.0646
06|52|0|90|0.0|20.4|270|53.3|57.7|0.00|0.02|43.4168|40.0646
06|53|0|225|0.0|20.4|270|53.1|58.0|0.00|0.02|43.4156|40.9911
06|54|0|90|2.9|20.4|270|53.0|58.1|0.00|0.02|43.4152|40.9911
06|56|0|135|1.5|20.4|270|53.3|58.3|0.00|0.02|43.4191|40.9911
06|58|0|135|2.9|20.4|270|53.3|58.7|0.00|0.02|43.4214|40.9911
06|59|0|135|1.5|20.4|270|52.6|58.8|0.00|0.02|43.4226|40.5004
07|00|0|135|0.0|20.4|270|52.7|58.9|0.00|0.02|43.4232|40.5004
07|01|0|135|0.0|20.4|270|52.6|59.1|0.00|0.02|43.4269|41.4246
07|02|0|135|1.6|20.4|270|52.6|59.2|0.00|0.02|43.4279|41.4246
07|03|0|135|0.0|20.4|270|52.5|59.5|0.00|0.02|43.4294|41.4246
07|04|0|225|0.0|20.4|270|52.4|59.7|0.00|0.02|43.4302|41.4246
07|05|0|135|1.5|20.4|270|51.5|59.9|0.00|0.02|43.4309|40.9235
07|06|0|90|1.5|20.4|270|50.8|60.0|0.00|0.02|43.4281|41.3334
07|07|0|180|0.0|20.4|270|49.9|60.2|0.00|0.02|43.4311|40.8123
07|08|0|180|0.0|20.4|270|49.5|60.5|0.00|0.02|43.4301|40.8123
07|09|0|180|1.6|20.4|270|48.9|60.7|0.00|0.02|43.4333|40.2817
07|10|0|180|1.6|20.4|270|48.2|60.9|0.00|0.02|43.4324|40.2817
07|12|0|180|0.0|20.4|270|46.4|61.4|0.00|0.02|43.4295|40.1011
07|14|0|135|1.5|20.4|270|46.4|61.6|0.00|0.02|43.4312|40.1011
07|15|0|135|0.0|20.4|270|45.7|61.7|0.00|0.02|43.4272|39.5374
07|16|0|135|0.0|20.4|270|45.1|61.9|0.00|0.02|43.4276|39.5374
07|17|0|135|1.6|20.4|270|44.7|62.0|0.00|0.02|43.4269|39.8682
07|18|0|135|0.0|20.4|270|45.1|62.3|0.00|0.02|43.4279|40.4454
07|19|0|135|0.0|20.4|270|45.6|62.4|0.00|0.02|43.4279|40.4454
07|20|0|180|1.5|20.4|270|45.1|62.6|0.00|0.02|43.4293|40.4454
07|21|0|180|2.9|20.4|270|43.9|62.8|0.00|0.02|43.4298|39.2792
07|22|0|203|3.2|20.4|270|42.3|63.0|0.00|0.02|43.4303|39.5786
07|23|0|135|1.5|20.4|270|42.9|63.2|0.00|0.02|43.4321|39.5786
07|25|0|180|1.6|20.4|270|42.9|63.3|0.00|0.02|43.4304|39.5786
07|27|0|180|1.5|20.4|270|41.6|63.5|0.00|0.02|43.4338|38.9621
07|28|0|135|1.5|20.4|270|41.8|63.7|0.00|0.02|43.4342|38.9621
07|29|0|180|1.6|20.4|270|42.3|63.8|0.00|0.02|43.4355|39.5786
07|30|0|90|0.0|20.4|270|41.6|64.0|0.00|0.02|43.433|39.8598
07|31|0|135|1.6|20.4|270|41.3|64.1|0.00|0.02|43.4327|39.8598
07|32|0|135|1.5|20.4|270|41.0|64.1|0.00|0.02|43.432|39.8598
07|33|0|180|1.5|20.4|270|41.0|64.3|0.00|0.02|43.4338|39.8598
07|34|0|180|0.0|20.4|270|40.7|64.3|0.00|0.02|43.4299|39.2273
07|36|0|135|0.0|20.4|270|40.8|64.5|0.00|0.02|43.4286|39.2273
07|37|0|180|0.0|20.4|270|41.0|64.7|0.00|0.02|43.4295|39.8598
07|38|0|180|1.5|20.4|270|40.1|64.9|0.00|0.02|43.4301|39.2273
07|39|0|135|1.5|20.4|270|40.0|65.0|0.00|0.02|43.4304|40.1222
07|40|0|135|1.5|20.4|270|40.0|65.2|0.00|0.02|43.432|40.1222
07|41|0|0|0.0|20.4|270|39.6|65.3|0.00|0.02|43.4327|39.473
07|42|0|90|1.6|20.4|270|39.9|65.4|0.00|0.02|43.434|39.473
07|43|0|180|1.6|20.4|270|38.8|65.5|0.00|0.02|43.4342|38.8088
07|44|0|45|0.0|20.4|270|39.0|65.6|0.00|0.02|43.4353|39.473
07|46|0|45|1.5|20.4|270|38.5|65.9|0.00|0.02|43.4363|38.8088
07|47|0|90|2.9|20.4|270|39.0|65.9|0.00|0.02|43.4359|39.473
07|48|0|90|1.5|20.4|270|37.9|66.0|0.00|0.02|43.4387|39.0156
07|50|0|45|1.5|20.4|270|38.1|66.0|0.00|0.02|43.4363|39.6981
07|51|0|135|0.0|20.4|270|38.8|66.1|0.00|0.02|43.4386|39.6981
07|52|0|90|1.5|20.4|270|38.9|66.2|0.00|0.02|43.4376|39.6981
07|53|0|90|1.6|20.4|270|37.2|66.2|0.00|0.02|43.4364|39.0156
07|54|0|45|0.0|20.4|270|37.3|66.3|0.00|0.02|43.4362|39.0156
07|55|0|45|1.6|20.4|270|37.6|66.4|0.00|0.02|43.4358|39.0156
07|56|0|90|1.5|20.4|270|38.0|66.5|0.00|0.02|43.436|39.6981
07|58|0|135|1.5|20.4|270|37.6|66.8|0.00|0.02|43.4378|39.0156
07|59|0|180|1.5|20.4|270|37.8|66.9|0.00|0.02|43.4389|39.0156
08|00|0|135|1.6|20.4|270|38.1|67.1|0.00|0.02|43.4385|40.5872
08|01|0|180|1.5|20.4|270|38.4|67.2|0.00|0.02|43.4399|40.5872
08|02|0|0|1.5|20.4|270|37.7|67.3|0.00|0.02|43.4401|39.9019
08|04|0|135|1.5|20.4|270|38.0|67.6|0.00|0.02|43.4425|40.5872
08|05|0|135|0.0|20.4|270|37.0|67.6|0.00|0.02|43.4402|39.9019
08|06|0|135|1.5|20.4|270|37.0|67.8|0.00|0.02|43.4435|39.9019
08|07|0|135|0.0|20.4|270|36.6|67.8|0.00|0.02|43.4426|39.2001
08|08|0|135|2.9|20.4|270|36.5|67.9|0.00|0.02|43.446|39.2001
08|09|0|180|3.2|20.4|270|36.6|67.9|0.00|0.02|43.4462|39.2001
08|11|0|180|1.5|20.4|270|35.9|67.9|0.00|0.02|43.4455|38.4808
08|12|0|225|0.0|20.4|270|35.8|67.9|0.00|0.02|43.4428|38.4808
08|13|0|90|1.6|20.4|270|35.8|68.0|0.00|0.02|43.4468|39.3611
08|14|0|90|1.5|20.4|270|35.5|68.1|0.00|0.02|43.4493|39.3611
08|15|0|0|1.5|20.4|270|36.5|68.1|0.00|0.02|43.4486|40.0833
08|16|0|0|1.5|20.4|270|37.0|68.1|0.00|0.02|43.4462|40.788
08|17|0|0|1.5|20.4|270|37.6|68.2|0.00|0.02|43.4467|40.788
08|18|0|0|1.6|20.4|270|38.6|68.5|0.00|0.02|43.4461|41.4761
08|21|0|0|1.6|20.4|270|36.1|68.7|0.00|0.02|43.4415|40.0833
08|22|0|315|1.5|20.4|270|36.2|68.8|0.00|0.02|43.4421|40.0833
08|24|0|315|1.5|20.4|270|34.2|68.9|0.00|0.02|43.4463|38.6205
08|25|0|315|1.6|20.4|270|33.2|68.9|0.00|0.02|43.4446|37.8604
08|27|0|0|1.6|20.4|270|33.1|68.8|0.00|0.02|43.4426|37.8604
08|28|0|0|1.6|20.4|270|33.4|68.8|0.00|0.02|43.4451|37.8604
08|29|0|0|1.5|20.4|270|33.1|68.9|0.00|0.02|43.4426|37.8604
08|31|0|0|1.6|20.4|270|33.5|68.9|0.00|0.02|43.443|37.8604
08|32|0|315|1.6|20.4|270|33.0|68.9|0.00|0.02|43.443|37.8604
08|33|0|0|0.0|20.4|270|33.3|68.9|0.00|0.02|43.4423|37.8604
08|34|0|135|0.0|20.4|270|33.6|69.0|0.00|0.02|43.4426|38.7344
08|35|0|135|1.5|20.4|270|33.1|69.0|0.00|0.02|43.4405|38.7344
08|36|0|315|0.0|20.4|270|33.1|69.0|0.00|0.02|43.4402|38.7344
08|37|0|45|1.6|20.4|270|34.1|69.1|0.00|0.02|43.4427|39.4975
08|38|0|0|1.5|20.4|270|34.1|69.2|0.00|0.02|43.4395|39.4975
08|39|0|0|2.9|20.4|270|34.4|69.2|0.00|0.02|43.4406|39.4975
08|40|0|0|2.9|20.4|270|34.6|69.2|0.00|0.02|43.4398|39.4975
08|41|0|0|1.6|20.4|270|33.9|69.4|0.00|0.02|43.4412|38.7344
08|44|0|45|1.6|20.4|270|33.4|69.6|0.00|0.02|43.4419|38.7344
08|45|0|45|1.5|20.4|270|33.2|69.6|0.00|0.02|43.4381|38.7344
08|46|0|45|1.5|20.4|270|34.1|69.6|0.00|0.02|43.4386|39.4975
08|47|0|90|1.5|20.4|270|32.7|69.7|0.00|0.02|43.4404|37.9505
08|48|0|0|1.5|20.4|270|32.5|69.7|0.00|0.02|43.4398|37.9505
08|49|0|45|2.9|20.4|270|33.7|69.8|0.00|0.02|43.4401|38.7344
08|50|0|0|4.4|20.4|270|33.1|69.8|0.00|0.02|43.4404|38.7344
08|51|0|0|4.4|20.4|270|33.6|69.8|0.00|0.02|43.4398|38.7344
08|52|0|315|1.5|20.4|270|33.0|69.8|0.00|0.02|43.4402|38.7344
08|53|0|0|4.4|20.4|270|33.4|69.8|0.00|0.02|43.4413|38.7344
08|54|0|45|3.2|20.4|270|33.3|69.8|0.00|0.02|43.4412|38.7344
08|56|0|0|4.8|20.4|270|35.1|69.9|0.00|0.02|43.4437|40.2411
08|57|0|0|7.3|20.4|270|33.9|69.7|0.00|0.02|43.4399|38.7344
08|58|0|0|2.9|20.4|270|33.2|69.7|0.00|0.02|43.4419|38.7344
09|00|0|0|8.1|20.4|270|32.6|69.7|0.00|0.02|43.4396|37.9505
09|01|0|0|4.4|20.4|270|32.6|69.7|0.00|0.02|43.4415|37.9505
09|02|0|315|3.2|20.4|270|32.5|69.6|0.00|0.02|43.4439|37.9505
09|03|0|45|2.9|20.4|270|33.7|69.6|0.00|0.02|43.4452|38.7344
09|04|0|0|1.5|20.4|270|32.9|69.7|0.00|0.02|43.4442|37.9505
09|05|0|0|2.9|20.4|270|34.0|69.7|0.00|0.02|43.4448|39.4975
09|06|0|0|5.8|20.4|270|33.2|69.6|0.00|0.02|43.4427|38.7344
09|07|0|0|2.9|20.4|270|33.2|69.6|0.00|0.02|43.443|38.7344
09|08|0|0|1.5|20.4|270|33.4|69.7|0.00|0.02|43.4408|38.7344
09|10|0|0|1.6|20.4|270|32.3|69.7|0.00|0.02|43.4423|37.9505
09|11|0|0|3.2|20.4|270|33.0|69.7|0.00|0.02|43.4412|38.7344
09|12|0|0|4.8|20.4|270|33.7|69.7|0.00|0.02|43.4399|38.7344
09|13|0|0|5.8|20.4|270|34.4|69.7|0.00|0.02|43.4422|39.4975
09|15|0|0|5.8|20.4|270|32.7|69.5|0.00|0.02|43.4434|37.9505
09|16|0|0|2.9|20.4|270|31.3|69.4|0.00|0.02|43.4442|37.1447
09|17|0|45|4.4|20.4|270|31.8|69.4|0.00|0.02|43.4436|37.1447
09|18|0|315|1.5|20.4|270|33.8|69.6|0.00|0.02|43.4438|38.7344
09|19|0|0|7.3|20.4|270|33.7|69.6|0.00|0.02|43.4403|38.7344
09|20|0|0|4.8|20.4|270|34.1|69.6|0.00|0.02|43.4422|39.4975
09|22|0|0|8.7|20.4|270|32.9|69.6|0.00|0.02|43.4413|37.9505
09|23|0|0|5.8|20.4|270|31.8|69.6|0.00|0.02|43.4427|37.1447
09|24|0|0|5.8|20.4|270|32.8|69.6|0.00|0.02|43.4425|37.9505
09|25|0|338|4.4|20.4|270|32.9|69.6|0.00|0.02|43.4427|37.9505
09|26|0|315|2.9|20.4|270|33.0|69.7|0.00|0.02|43.443|38.7344
09|27|0|315|4.4|20.4|270|32.0|69.7|0.00|0.02|43.4401|37.9505
09|28|0|0|4.8|20.4|270|32.9|69.7|0.00|0.02|43.4398|37.9505
09|29|0|0|8.7|20.4|270|33.5|69.8|0.00|0.02|43.4392|38.7344
09|31|0|0|7.3|20.4|270|33.6|69.8|0.00|0.02|43.4396|38.7344
09|32|0|0|4.4|20.4|270|32.5|69.8|0.00|0.02|43.4396|37.9505
09|33|0|0|1.5|20.4|270|32.1|69.9|0.00|0.02|43.4418|37.9505
09|34|0|45|1.5|20.4|270|31.9|70.1|0.00|0.02|43.441|38.0121
09|36|0|0|4.4|20.4|270|33.2|70.3|0.00|0.02|43.4442|39.6081
09|37|0|0|6.4|20.4|270|33.4|70.3|0.00|0.02|43.4432|39.6081
09|38|0|0|4.4|20.4|270|32.3|70.5|0.00|0.02|43.4454|38.8211
09|39|0|0|5.8|20.4|270|31.1|70.4|0.00|0.02|43.4441|38.0121
09|40|0|23|2.9|20.4|270|31.3|70.5|0.00|0.02|43.4434|38.0121
09|41|0|0|1.5|20.4|270|31.8|70.7|0.00|0.02|43.4429|38.0121
09|42|0|0|2.9|20.4|270|33.1|70.8|0.00|0.02|43.4445|39.6081
09|43|0|315|5.8|20.4|270|33.3|70.8|0.00|0.02|43.4441|39.6081
09|44|0|315|6.4|20.4|270|32.3|70.8|0.00|0.02|43.4419|38.8211
09|46|0|315|4.4|20.4|270|32.4|70.9|0.00|0.02|43.4427|38.8211
09|48|0|45|1.5|20.4|270|32.1|71.2|0.00|0.02|43.4448|39.6914
09|49|0|0|2.9|20.4|270|33.0|71.4|0.00|0.02|43.4474|40.4815
09|50|0|315|3.2|20.4|270|32.4|71.5|0.00|0.02|43.4452|39.6914
09|51|0|0|11.3|20.4|270|33.3|71.5|0.00|0.02|43.443|40.4815
09|52|0|0|7.3|20.4|270|32.8|71.4|0.00|0.02|43.4451|39.6914
09|53|0|0|4.4|20.4|270|31.9|71.4|0.00|0.02|43.4452|38.8791
09|54|0|270|4.4|20.4|270|33.0|71.4|0.00|0.02|43.4444|40.4815
09|55|0|315|2.9|20.4|270|34.1|71.4|0.00|0.02|43.4484|41.2509
09|57|0|0|5.8|20.4|270|33.0|71.5|0.00|0.02|43.4461|40.4815
10|01|0|315|5.8|20.4|270|32.0|71.2|0.00|0.02|43.4418|39.6914
10|02|0|315|3.2|20.4|270|33.5|71.3|0.00|0.02|43.4431|40.4815
10|03|0|315|2.9|20.4|270|33.6|71.3|0.00|0.02|43.4426|40.4815
10|04|0|270|1.5|20.4|270|31.8|71.4|0.00|0.02|43.4411|38.8791
10|05|0|315|1.5|20.4|270|31.9|71.5|0.00|0.02|43.4419|38.8791
10|06|0|315|5.8|20.4|270|33.7|71.7|0.00|0.02|43.4419|40.4815
10|07|0|0|7.3|20.4|270|35.4|71.7|0.00|0.02|43.4411|42.0005
10|09|0|0|6.4|20.4|270|33.4|71.7|0.00|0.02|43.4416|40.4815
10|11|0|0|6.4|20.4|270|33.3|71.8|0.00|0.02|43.4397|40.4815
10|13|0|0|5.8|20.4|270|34.8|71.8|0.00|0.02|43.4391|41.2509
10|14|0|45|1.6|20.4|270|32.1|72.1|0.00|0.02|43.4366|40.5614
10|15|0|0|4.4|20.4|270|31.3|72.2|0.00|0.02|43.4327|39.7459
10|17|0|270|4.4|20.4|270|32.1|72.3|0.00|0.02|43.4294|40.5614
10|19|0|315|1.5|20.4|270|32.1|72.4|0.00|0.02|43.4288|40.5614
10|20|0|315|1.5|20.4|270|31.8|72.5|0.00|0.02|43.4304|39.7459
10|21|0|45|5.8|20.4|270|32.7|72.6|0.00|0.02|43.4281|40.5614
10|22|0|0|6.4|20.4|270|34.7|72.6|0.00|0.02|43.4296|42.1272
10|23|0|0|1.6|20.4|270|31.5|72.7|0.00|0.02|43.4296|39.7459
10|25|0|315|1.5|20.4|270|33.6|73.1|0.00|0.02|43.4324|42.2277
10|26|0|315|4.4|20.4|270|33.9|73.1|0.00|0.02|43.4315|42.2277
10|28|0|315|5.8|20.4|270|31.7|73.2|0.00|0.02|43.4315|40.6125
10|29|0|315|5.8|20.4|270|32.9|73.0|0.00|0.02|43.4319|41.4312
10|31|0|315|2.9|20.4|270|31.5|73.0|0.00|0.02|43.4305|40.6125
10|33|0|315|4.4|20.4|270|32.8|73.0|0.00|0.02|43.4302|41.4312
10|35|0|315|4.4|20.4|270|33.6|72.8|0.00|0.02|43.4307|41.3548
10|36|0|0|5.8|20.4|270|33.7|72.8|0.00|0.02|43.4334|41.3548
10|37|0|0|4.4|20.4|270|32.8|73.0|0.00|0.02|43.433|41.4312
10|38|0|0|4.4|20.4|270|32.3|73.0|0.00|0.02|43.43|41.4312
10|39|0|315|2.9|20.4|270|32.1|73.1|0.00|0.02|43.4316|41.4312
10|40|0|315|4.4|20.4|270|30.4|73.1|0.00|0.02|43.4304|39.7701
10|41|0|315|4.4|20.4|270|31.1|73.1|0.00|0.02|43.4315|40.6125
10|43|0|0|4.4|20.4|270|29.8|73.0|0.00|0.02|43.43|38.9025
10|44|0|315|4.4|20.4|270|32.7|73.0|0.00|0.02|43.43|41.4312
10|46|0|0|5.8|20.4|270|32.6|73.1|0.00|0.02|43.4293|41.4312
10|47|0|315|2.9|20.4|270|29.7|73.2|0.00|0.02|43.431|38.9025
10|48|0|315|4.4|20.4|270|29.3|73.3|0.00|0.02|43.4319|38.9025
10|49|0|270|4.4|20.4|270|30.2|73.4|0.00|0.02|43.4333|39.7701
10|50|0|225|2.9|20.4|270|30.8|73.4|0.00|0.02|43.4317|39.7701
10|51|0|270|2.9|20.4|270|29.7|73.5|0.00|0.02|43.4338|38.9025
10|52|0|270|0.0|20.4|270|28.5|73.6|0.00|0.02|43.4304|38.0082
10|53|0|23|4.8|20.4|270|28.9|73.9|0.00|0.02|43.4316|38.0082
10|54|0|0|3.2|20.4|270|29.4|73.9|0.00|0.02|43.4321|38.9025
10|56|0|0|5.8|20.4|270|31.1|74.0|0.00|0.02|43.4336|41.4788
10|57|0|0|4.4|20.4|270|30.2|74.1|0.00|0.02|43.435|40.633
10|58|0|0|2.9|20.4|270|30.3|74.2|0.00|0.02|43.4366|40.633
10|59|0|45|2.9|20.4|270|29.6|74.3|0.00|0.02|43.4357|39.762
11|00|0|45|1.6|20.4|270|29.6|74.4|0.00|0.02|43.4366|39.762
11|01|0|0|3.2|20.4|270|29.1|74.5|0.00|0.02|43.433|39.762
11|03|0|338|7.3|20.4|270|31.3|74.4|0.00|0.02|43.4342|41.4788
11|04|0|315|2.9|20.4|270|32.6|74.4|0.00|0.02|43.434|42.3008
11|05|0|0|2.9|20.4|270|30.2|74.4|0.00|0.02|43.4367|40.633
11|06|0|0|5.8|20.4|270|33.1|74.4|0.00|0.02|43.4369|43.1005
11|08|0|0|1.5|20.4|270|29.2|74.6|0.00|0.02|43.4339|39.762
11|09|0|0|1.6|20.4|270|28.4|74.8|0.00|0.02|43.4331|38.8642
11|11|0|248|2.9|20.4|270|28.7|74.9|0.00|0.02|43.4327|38.8642
11|12|0|0|6.4|20.4|270|31.5|74.9|0.00|0.02|43.4316|41.4788
11|13|0|315|5.8|20.4|270|32.3|74.8|0.00|0.02|43.4308|42.3008
11|14|0|315|4.4|20.4|270|31.7|74.9|0.00|0.02|43.4332|41.4788
11|16|0|45|1.5|20.4|270|29.6|75.1|0.00|0.02|43.4338|40.6213
11|17|0|0|5.8|20.4|270|30.1|75.2|0.00|0.02|43.433|41.4957
11|18|0|0|4.4|20.4|270|30.6|75.3|0.00|0.02|43.4338|41.4957
11|19|0|0|8.1|20.4|270|29.3|75.3|0.00|0.02|43.4317|40.6213
11|20|0|0|4.8|20.4|270|31.0|75.3|0.00|0.02|43.432|42.3448
11|21|0|0|5.8|20.4|270|31.5|75.3|0.00|0.02|43.4325|42.3448
11|22|0|0|8.7|20.4|270|28.5|75.1|0.00|0.02|43.4307|39.7198
11|24|0|0|5.8|20.4|270|30.0|75.0|0.00|0.02|43.4315|41.4957
11|25|0|315|2.9|20.4|270|28.8|75.0|0.00|0.02|43.433|39.7198
11|26|0|0|3.2|20.4|270|29.9|75.0|0.00|0.02|43.4323|40.6213
11|28|0|0|4.4|20.4|270|31.4|75.0|0.00|0.02|43.4292|42.3448
11|29|0|315|2.9|20.4|270|32.1|75.1|0.00|0.02|43.4289|43.1701
11|30|0|315|1.5|20.4|270|29.0|75.4|0.00|0.02|43.4296|40.6213
11|31|0|315|5.8|20.4|270|28.9|75.5|0.00|0.02|43.4277|39.7198
11|32|0|315|6.4|20.4|270|31.4|75.7|0.00|0.02|43.4266|42.3448
11|33|0|315|2.9|20.4|270|29.3|75.8|0.00|0.02|43.4277|40.6213
11|34|0|0|8.7|20.4|270|30.5|75.8|0.00|0.02|43.4263|41.4957
11|35|0|0|10.2|20.4|270|29.1|75.7|0.00|0.02|43.4232|40.6213
11|36|0|315|5.8|20.4|270|30.6|75.5|0.00|0.02|43.4266|41.4957
11|38|0|0|4.4|20.4|270|30.2|75.5|0.00|0.02|43.4254|41.4957
11|39|0|0|5.8|20.4|270|30.3|75.5|0.00|0.02|43.4269|41.4957
11|40|0|315|6.4|20.4|270|29.5|75.7|0.00|0.02|43.426|40.6213
11|41|0|0|7.3|20.4|270|28.9|75.7|0.00|0.02|43.4242|39.7198
11|42|0|0|4.8|20.4|270|29.4|75.8|0.00|0.02|43.4251|40.6213
11|43|0|315|3.2|20.4|270|30.8|75.9|0.00|0.02|43.4266|41.4957
11|44|0|315|3.2|20.4|270|29.1|75.8|0.00|0.02|43.4248|40.6213
11|46|0|0|2.9|20.4|270|28.6|76.0|0.00|0.02|43.4253|40.5752
11|47|0|0|4.4|20.4|270|27.3|76.1|0.00|0.02|43.4247|39.6413
11|48|0|45|2.9|20.4|270|29.0|76.2|0.00|0.02|43.4223|41.4802
11|49|0|0|4.4|20.4|270|27.8|76.3|0.00|0.02|43.4236|39.6413
11|50|0|0|4.4|20.4|270|27.7|76.3|0.00|0.02|43.4239|39.6413
11|51|0|338|5.8|20.4|270|29.9|76.3|0.00|0.02|43.4254|41.4802
11|52|0|315|7.3|20.4|270|29.8|76.2|0.00|0.02|43.4229|41.4802
11|53|0|315|3.2|20.4|270|30.0|76.3|0.00|0.02|43.4229|42.3581
11|55|0|0|1.5|20.4|270|26.3|76.6|0.00|0.02|43.4226|38.6763
11|56|0|315|4.4|20.4|270|28.4|76.6|0.00|0.02|43.424|40.5752
11|58|0|315|4.8|20.4|270|28.8|76.6|0.00|0.02|43.4226|40.5752
11|59|0|315|5.8|20.4|270|30.6|76.8|0.00|0.02|43.4231|42.3581
12|00|0|0|7.3|20.4|270|28.2|76.7|0.00|0.02|43.4208|40.5752
12|01|0|315|8.7|20.4|270|28.1|76.6|0.00|0.02|43.42|40.5752
12|04|0|0|2.9|20.4|270|26.5|76.6|0.00|0.02|43.4176|38.6763
12|05|0|0|3.2|20.4|270|26.7|76.6|0.00|0.02|43.4168|38.6763
12|06|0|315|5.8|20.4|270|28.4|76.7|0.00|0.02|43.4166|40.5752
12|07|0|0|4.4|20.4|270|28.0|76.7|0.00|0.02|43.416|40.5752
12|08|0|315|2.9|20.4|270|29.3|76.8|0.00|0.02|43.4168|41.4802
12|09|0|338|5.8|20.4|270|30.2|76.8|0.00|0.02|43.4175|42.3581
12|10|0|0|8.0|20.4|270|28.1|76.8|0.00|0.02|43.4152|40.5752
12|11|0|0|4.4|20.4|270|28.0|76.8|0.00|0.02|43.4123|40.5752
12|12|0|0|8.7|20.4|270|26.4|76.8|0.00|0.02|43.4118|38.6763
12|13|0|315|2.9|20.4|270|27.5|76.8|0.00|0.02|43.4129|39.6413
12|14|0|0|5.8|20.4|270|26.7|76.9|0.00|0.02|43.4117|38.6763
12|15|0|315|4.4|20.4|270|25.6|76.9|0.00|0.02|43.4119|37.678
12|17|0|270|1.5|20.4|270|26.1|77.0|0.00|0.02|43.4116|39.524
12|18|0|270|4.4|20.4|270|27.3|77.2|0.00|0.02|43.4139|40.4928
12|19|0|315|3.2|20.4|270|26.1|77.5|0.00|0.02|43.4136|39.524
12|20|0|315|2.9|20.4|270|26.1|77.7|0.00|0.02|43.4148|39.524
12|21|0|315|7.3|20.4|270|27.8|77.7|0.00|0.02|43.4083|40.4928
12|22|0|315|1.5|20.4|270|25.0|77.8|0.00|0.02|43.409|38.5218
12|25|0|270|4.8|20.4|270|25.5|78.1|0.00|0.02|43.4004|39.3653
12|26|0|315|1.5|20.4|270|24.9|78.4|0.00|0.02|43.4001|38.323
12|27|0|0|5.8|20.4|270|25.9|78.6|0.00|0.02|43.3979|39.3653
12|29|0|0|4.4|20.4|270|27.9|78.8|0.00|0.02|43.3992|41.344
12|30|0|0|4.8|20.4|270|28.9|78.9|0.00|0.02|43.4008|42.2852
12|31|0|0|7.3|20.4|270|26.0|79.0|0.00|0.02|43.3983|41.2185
12|32|0|0|8.7|20.4|270|24.7|79.0|0.00|0.02|43.3975|39.1622
12|33|0|0|5.8|20.4|270|27.5|78.9|0.00|0.02|43.4008|41.344
12|34|0|0|4.4|20.4|270|26.1|78.9|0.00|0.02|43.3991|40.3714
12|35|0|315|2.9|20.4|270|27.1|79.0|0.00|0.02|43.4005|42.1949
12|36|0|0|4.4|20.4|270|25.6|79.0|0.00|0.02|43.3984|40.2085
12|37|0|315|1.5|20.4|270|24.7|79.0|0.00|0.02|43.396|39.1622
12|39|0|0|2.9|20.4|270|25.6|79.1|0.00|0.02|43.3975|40.2085
12|40|0|315|4.4|20.4|270|27.6|79.1|0.00|0.02|43.3981|42.1949
12|41|0|0|4.8|20.4|270|28.1|79.1|0.00|0.02|43.3958|43.1398
12|42|0|315|7.3|20.4|270|26.6|79.1|0.00|0.02|43.3961|41.2185
12|43|0|270|5.8|20.4|270|23.4|79.3|0.00|0.02|43.3957|38.0767
12|44|0|315|1.6|20.4|270|22.9|79.5|0.00|0.02|43.3967|36.9487
12|46|0|0|10.2|20.4|270|25.2|79.6|0.00|0.02|43.3942|40.2085
12|47|0|0|10.2|20.4|270|24.7|79.4|0.00|0.02|43.392|39.1622
12|48|0|0|4.4|20.4|270|24.9|79.3|0.00|0.02|43.3928|39.1622
12|49|0|0|5.8|20.4|270|25.4|79.1|0.00|0.02|43.3932|40.2085
12|50|0|90|4.4|20.4|270|24.3|78.9|0.00|0.02|43.3914|38.323
12|51|0|90|1.5|20.4|270|23.6|78.9|0.00|0.02|43.392|37.2417
12|52|0|90|4.4|20.4|270|24.1|78.8|0.00|0.02|43.3901|38.323
12|54|0|180|1.5|20.4|270|24.6|78.8|0.00|0.02|43.3896|38.323
12|55|0|270|11.6|20.4|270|26.4|78.6|0.00|0.02|43.3871|40.3714
12|56|0|315|6.4|20.4|270|25.8|78.4|0.00|0.02|43.3909|39.3653
12|57|0|338|4.4|20.4|270|25.9|78.2|0.00|0.02|43.3873|39.3653
12|58|0|0|5.8|20.4|270|26.2|78.2|0.00|0.02|43.3889|40.3714
12|59|0|0|5.8|20.4|270|24.7|78.2|0.00|0.02|43.3886|38.323
13|00|0|315|2.9|20.4|270|24.8|78.4|0.00|0.02|43.3878|38.323
13|01|0|0|4.4|20.4|270|25.0|78.6|0.00|0.02|43.3872|39.3653
13|02|0|0|5.8|20.4|270|26.2|78.6|0.00|0.02|43.3854|40.3714
13|03|0|270|3.2|20.4|270|24.1|78.7|0.00|0.02|43.3835|38.323
13|04|0|315|4.8|20.4|270|24.0|78.8|0.00|0.02|43.383|38.323
13|05|0|0|8.1|20.4|270|26.4|78.9|0.00|0.02|43.3815|40.3714
13|07|0|0|13.1|20.4|270|26.0|78.9|0.00|0.02|43.3797|40.3714
13|08|0|0|4.4|20.4|270|24.3|78.9|0.00|0.02|43.3855|38.323
13|09|0|315|7.3|20.4|270|26.2|78.9|0.00|0.02|43.3846|40.3714
13|10|0|0|4.8|20.4|270|26.5|79.0|0.00|0.02|43.3853|41.2185
13|11|0|0|9.7|20.4|270|25.3|79.1|0.00|0.02|43.3848|40.2085
13|12|0|315|9.7|20.4|270|25.0|78.9|0.00|0.02|43.3834|39.3653
13|14|0|315|4.4|20.4|270|26.6|79.1|0.00|0.02|43.3846|41.2185
13|15|0|0|4.8|20.4|270|24.4|79.3|0.00|0.02|43.3847|39.1622
13|16|0|0|4.4|20.4|270|24.0|79.4|0.00|0.02|43.3847|39.1622
13|17|0|315|4.4|20.4|270|23.1|79.6|0.00|0.02|43.385|38.0767
13|18|0|270|1.5|20.4|270|24.3|79.8|0.00|0.02|43.3833|39.1622
13|19|0|0|10.2|20.4|270|26.1|79.9|0.00|0.02|43.3849|41.2185
13|21|0|315|5.8|20.4|270|26.8|79.9|0.00|0.02|43.3847|41.2185
13|22|0|0|5.8|20.4|270|25.0|80.0|0.00|0.02|43.3839|41.0514
13|23|0|23|4.4|20.4|270|23.7|80.2|0.00|0.02|43.3846|38.9114
13|24|0|45|4.4|20.4|270|24.0|80.3|0.00|0.02|43.3875|40.0011
13|25|0|315|5.8|20.4|270|22.1|80.2|0.00|0.02|43.3829|37.779
13|26|0|0|4.4|20.4|270|24.2|80.0|0.00|0.02|43.3849|40.0011
13|27|0|315|10.2|20.4|270|24.1|80.2|0.00|0.02|43.3844|40.0011
13|28|0|0|10.2|20.4|270|23.3|80.2|0.00|0.02|43.3853|38.9114
13|29|0|0|7.3|20.4|270|23.7|80.2|0.00|0.02|43.3845|38.9114
13|30|0|315|2.9|20.4|270|22.0|80.4|0.00|0.02|43.3844|37.779
13|31|0|315|2.9|20.4|270|23.4|80.6|0.00|0.02|43.3858|38.9114
13|32|0|315|4.4|20.4|270|23.1|80.7|0.00|0.02|43.3853|38.9114
13|33|0|0|4.8|20.4|270|21.2|80.7|0.00|0.02|43.3846|36.6003
13|34|0|0|2.9|20.4|270|21.8|80.9|0.00|0.02|43.3855|36.6003
13|37|0|0|7.3|20.4|270|22.5|81.2|0.00|0.02|43.3828|38.6091
13|38|0|0|7.3|20.4|270|21.6|81.3|0.00|0.02|43.3812|37.4258
13|39|0|0|20.4|21.8|315|22.8|81.1|0.00|0.02|43.3792|38.6091
13|40|0|0|11.6|24.7|0|23.4|80.8|0.00|0.02|43.3806|38.9114
13|41|0|0|4.8|24.7|0|23.3|80.7|0.00|0.02|43.3815|38.9114
13|42|0|315|3.2|24.7|0|24.0|80.8|0.00|0.02|43.3807|40.0011
13|43|0|0|1.5|24.7|0|24.6|80.8|0.00|0.02|43.3777|40.0011
13|44|0|0|7.3|24.7|0|22.5|80.9|0.00|0.02|43.3777|37.779
13|45|0|315|10.2|24.7|0|23.0|80.9|0.00|0.02|43.3775|38.9114
13|46|0|0|7.3|24.7|0|24.5|80.9|0.00|0.02|43.3769|40.0011
13|47|0|0|4.4|24.7|0|23.4|80.8|0.00|0.02|43.3774|38.9114
13|48|0|0|7.3|24.7|0|24.4|80.9|0.00|0.02|43.3744|40.0011
13|50|0|0|11.3|24.7|0|24.6|80.8|0.00|0.02|43.3759|40.0011
13|51|0|0|6.4|24.7|0|22.2|80.8|0.00|0.02|43.376|37.779
13|52|0|45|4.4|24.7|0|23.6|80.9|0.00|0.02|43.3757|38.9114
13|53|0|45|4.4|24.7|0|23.5|80.9|0.00|0.02|43.3738|38.9114
13|54|0|0|8.7|24.7|0|22.9|80.9|0.00|0.02|43.3754|37.779
13|56|0|0|6.4|24.7|0|22.8|80.8|0.00|0.02|43.3735|37.779
13|58|0|0|11.6|24.7|0|23.7|80.9|0.00|0.02|43.3708|38.9114
13|59|0|0|7.3|24.7|0|23.9|80.8|0.00|0.02|43.3734|38.9114
14|00|0|315|2.9|24.7|0|24.2|80.8|0.00|0.02|43.3714|40.0011
14|03|0|0|4.4|24.7|0|22.3|81.1|0.00|0.02|43.3658|38.6091
14|04|0|0|7.3|24.7|0|21.8|81.2|0.00|0.02|43.3592|37.4258
14|05|0|0|8.7|24.7|0|22.4|80.9|0.00|0.02|43.3606|37.779
14|06|0|0|3.2|24.7|0|21.8|81.1|0.00|0.02|43.3618|37.4258
14|07|0|45|2.9|24.7|0|23.0|81.2|0.00|0.02|43.3597|39.7457
14|08|0|315|4.8|24.7|0|24.4|81.2|0.00|0.02|43.3571|40.8396
14|09|0|315|7.3|24.7|0|24.4|81.3|0.00|0.02|43.3563|40.8396
14|10|0|0|5.8|24.7|0|24.7|81.4|0.00|0.02|43.356|40.8396
14|11|0|315|4.4|24.7|0|21.3|81.5|0.00|0.02|43.3541|37.4258
14|12|0|315|2.9|24.7|0|23.6|81.6|0.00|0.02|43.3521|39.7457
14|13|0|315|3.2|24.7|0|21.5|81.7|0.00|0.02|43.3529|37.4258
14|14|0|315|4.4|24.7|0|22.2|81.7|0.00|0.02|43.3512|38.6091
14|15|0|270|11.3|24.7|0|22.6|81.5|0.00|0.02|43.3486|38.6091
14|16|0|315|8.7|24.7|0|24.9|81.5|0.00|0.02|43.3498|40.8396
14|18|0|315|6.4|24.7|0|23.7|81.5|0.00|0.02|43.3527|39.7457
14|19|0|315|7.3|24.7|0|22.5|81.5|0.00|0.02|43.3516|38.6091
14|20|0|338|8.7|24.7|0|22.0|81.4|0.00|0.02|43.3504|38.6091
14|21|0|0|6.4|24.7|0|21.5|81.4|0.00|0.02|43.3503|37.4258
14|23|0|0|8.7|24.7|0|21.4|81.3|0.00|0.02|43.3483|37.4258
14|24|0|0|6.4|24.7|0|20.8|81.2|0.00|0.02|43.3504|36.1918
14|26|0|0|8.1|24.7|0|21.8|80.9|0.00|0.02|43.3475|36.6003
14|27|0|0|11.3|24.7|0|23.0|80.8|0.00|0.02|43.3506|38.9114
14|28|0|338|7.3|24.7|0|23.4|80.7|0.00|0.02|43.3518|38.9114
14|29|0|0|8.1|24.7|0|22.7|80.7|0.00|0.02|43.3505|37.779
14|30|0|0|8.7|24.7|0|21.4|80.9|0.00|0.02|43.3506|36.6003
14|32|0|0|7.3|24.7|0|20.9|80.9|0.00|0.02|43.3493|35.371
14|33|0|0|8.7|24.7|0|21.2|80.9|0.00|0.02|43.3451|36.6003
14|34|0|0|10.2|24.7|0|21.4|80.8|0.00|0.02|43.3418|36.6003
14|35|0|270|2.9|24.7|0|21.0|80.8|0.00|0.02|43.3499|36.6003
14|36|0|45|5.8|24.7|0|22.3|81.1|0.00|0.02|43.343|38.6091
14|37|0|0|6.5|24.7|0|20.1|81.2|0.00|0.02|43.3419|36.1918
14|38|0|315|4.4|24.7|0|21.6|81.3|0.00|0.02|43.3373|37.4258
14|39|0|0|4.8|24.7|0|24.4|81.5|0.00|0.02|43.3423|40.8396
14|40|0|0|4.4|24.7|0|23.3|81.7|0.00|0.02|43.3428|39.7457
14|41|0|0|2.9|24.7|0|22.8|82.0|0.00|0.02|43.3423|39.4388
14|42|0|45|3.2|24.7|0|23.8|82.3|0.00|0.02|43.3437|40.5798
14|44|0|338|5.8|24.7|0|21.7|82.7|0.00|0.02|43.3432|38.251
14|45|0|315|4.8|24.7|0|20.8|82.7|0.00|0.02|43.3434|37.0123
14|47|0|0|4.8|24.7|0|19.4|82.9|0.00|0.02|43.3425|35.7176
14|48|0|315|4.4|24.7|0|20.2|83.1|0.00|0.02|43.3412|37.8324
14|49|0|315|5.8|24.7|0|21.0|83.0|0.00|0.02|43.3402|39.0759
14|50|0|0|8.7|24.7|0|21.0|82.9|0.00|0.02|43.34|38.251
14|51|0|315|8.0|24.7|0|20.7|82.7|0.00|0.02|43.34|37.0123
14|52|0|315|7.3|24.7|0|20.4|82.6|0.00|0.02|43.3401|37.0123
14|53|0|315|8.7|24.7|0|21.8|82.6|0.00|0.02|43.3402|38.251
14|54|0|0|8.7|24.7|0|20.3|82.6|0.00|0.02|43.3397|37.0123
14|55|0|0|11.6|24.7|0|18.6|82.4|0.00|0.02|43.3371|34.3612
14|57|0|45|4.8|24.7|0|19.2|82.3|0.00|0.02|43.3401|35.7176
14|58|0|0|5.8|24.7|0|19.3|82.3|0.00|0.02|43.3402|35.7176
14|59|0|0|8.7|24.7|0|19.1|82.2|0.00|0.02|43.336|35.7176
15|00|0|0|4.4|24.7|0|20.1|82.1|0.00|0.02|43.3369|37.0123
15|01|0|0|4.4|24.7|0|19.0|82.1|0.00|0.02|43.3372|35.7176
15|02|0|0|5.8|24.7|0|18.8|82.0|0.00|0.02|43.3332|34.3612
15|03|0|315|7.3|24.7|0|21.2|82.1|0.00|0.02|43.336|38.251
15|04|0|315|4.4|24.7|0|19.9|82.2|0.00|0.02|43.3372|35.7176
15|05|0|0|6.4|24.7|0|22.0|82.4|0.00|0.02|43.3371|39.4388
15|06|0|270|5.8|24.7|0|20.7|82.5|0.00|0.02|43.3398|37.0123
15|07|0|315|7.3|24.7|0|21.1|82.5|0.00|0.02|43.3391|38.251
15|08|0|315|5.8|24.7|0|20.0|82.7|0.00|0.02|43.3401|37.0123
15|09|0|315|4.8|24.7|0|20.6|82.9|0.00|0.02|43.3381|37.0123
15|11|0|315|6.4|24.7|0|20.0|82.7|0.00|0.02|43.3365|37.0123
15|12|0|338|8.1|24.7|0|20.4|82.7|0.00|0.02|43.3369|37.0123
15|13|0|0|10.2|24.7|0|17.8|82.6|0.00|0.02|43.336|32.9366
15|14|0|0|5.8|24.7|0|20.0|82.5|0.00|0.02|43.3376|37.0123
15|16|0|0|9.7|24.7|0|17.6|82.4|0.00|0.02|43.3341|32.9366
15|17|0|0|6.5|24.7|0|20.1|82.4|0.00|0.02|43.3356|37.0123
15|18|0|338|4.4|24.7|0|20.2|82.4|0.00|0.02|43.3357|37.0123
15|19|0|0|7.3|24.7|0|20.4|82.5|0.00|0.02|43.334|37.0123
15|20|0|0|7.3|24.7|0|20.1|82.6|0.00|0.02|43.3338|37.0123
15|21|0|0|10.2|24.7|0|20.0|82.7|0.00|0.02|43.3312|37.0123
15|22|0|0|8.7|24.7|0|16.5|82.6|0.00|0.02|43.3316|31.4358
15|23|0|0|1.6|24.7|0|17.0|82.9|0.00|0.02|43.3308|32.9366
15|25|0|45|4.4|24.7|0|18.1|82.9|0.00|0.02|43.3312|34.3612
15|26|0|45|2.9|24.7|0|18.8|83.0|0.00|0.02|43.3316|35.1713
15|27|0|0|7.3|24.7|0|18.8|83.0|0.00|0.02|43.3299|35.1713
15|28|0|315|4.4|24.7|0|19.0|83.0|0.00|0.02|43.3294|36.5328
15|29|0|315|6.4|24.7|0|18.2|83.1|0.00|0.02|43.3269|35.1713
15|30|0|315|4.4|24.7|0|17.1|83.2|0.00|0.02|43.3274|33.7413
15|31|0|0|4.4|24.7|0|17.2|83.3|0.00|0.02|43.3253|33.7413
15|32|0|315|7.3|24.7|0|20.2|83.4|0.00|0.02|43.3258|37.8324
15|33|0|315|2.9|24.7|0|17.5|83.5|0.00|0.02|43.3233|33.7413
15|34|0|0|1.5|24.7|0|18.2|83.8|0.00|0.02|43.3234|35.1713
15|35|0|315|2.9|24.7|0|18.0|83.9|0.00|0.02|43.3226|35.1713
15|36|0|338|4.4|24.7|0|16.2|84.0|0.00|0.02|43.3214|33.0337
15|37|0|0|4.4|24.7|0|15.1|84.1|0.00|0.02|43.3224|31.4357
15|39|0|0|6.4|24.7|0|16.5|84.1|0.00|0.02|43.3234|33.0337
15|40|0|0|5.8|24.7|0|16.6|84.0|0.00|0.02|43.3212|33.0337
15|42|0|0|5.8|24.7|0|16.7|84.0|0.00|0.02|43.321|33.0337
15|43|0|0|6.4|24.7|0|18.2|84.0|0.00|0.02|43.3213|35.9811
15|44|0|0|4.4|24.7|0|19.8|83.9|0.00|0.02|43.3203|36.5328
15|45|0|315|4.8|24.7|0|17.4|83.8|0.00|0.02|43.3227|33.7413
15|46|0|0|7.3|24.7|0|16.0|83.8|0.00|0.02|43.3177|32.2349
15|49|0|45|2.9|24.7|0|16.4|83.5|0.00|0.02|43.3169|32.2349
15|50|0|0|2.9|24.7|0|16.5|83.6|0.00|0.02|43.3181|32.2349
15|51|0|0|10.2|24.7|0|17.8|83.5|0.00|0.02|43.3156|33.7413
15|52|0|0|5.8|24.7|0|16.7|83.3|0.00|0.02|43.3155|32.2349
15|54|0|0|5.8|24.7|0|18.2|83.2|0.00|0.02|43.3163|35.1713
15|55|0|270|3.2|24.7|0|20.9|83.2|0.00|0.02|43.3143|37.8324
15|57|0|0|5.8|24.7|0|18.2|83.3|0.00|0.02|43.3184|35.1713
15|58|0|0|5.8|24.7|0|20.6|83.3|0.00|0.02|43.3162|37.8324
15|59|0|45|3.2|24.7|0|18.6|83.4|0.00|0.02|43.3172|35.1713
16|00|0|0|1.5|24.7|0|16.5|83.6|0.00|0.02|43.3162|32.2349
16|01|0|0|2.9|24.7|0|19.3|83.8|0.00|0.02|43.3146|36.5328
16|02|0|315|4.8|24.7|0|18.6|83.9|0.00|0.02|43.3146|35.1713
16|03|0|0|8.7|24.7|0|17.3|83.8|0.00|0.02|43.3123|33.7413
16|04|0|0|5.8|24.7|0|17.6|83.6|0.00|0.02|43.3132|33.7413
16|06|0|315|1.5|24.7|0|15.9|83.6|0.00|0.02|43.3109|30.6429
16|07|0|315|4.4|24.7|0|17.0|83.6|0.00|0.02|43.3108|33.7413
16|08|0|45|4.4|24.7|0|17.8|83.4|0.00|0.02|43.3112|33.7413
16|09|0|45|4.4|24.7|0|17.8|83.5|0.00|0.02|43.3106|33.7413
16|11|0|0|5.8|24.7|0|16.6|83.5|0.00|0.02|43.3074|32.2349
16|12|0|0|8.0|24.7|0|17.2|83.4|0.00|0.02|43.3082|33.7413
16|13|0|45|4.8|24.7|0|18.3|83.4|0.00|0.02|43.3092|35.1713
16|14|0|0|4.4|24.7|0|17.8|83.5|0.00|0.02|43.3076|33.7413
16|15|0|45|4.4|24.7|0|18.4|83.6|0.00|0.02|43.3084|35.1713
16|16|0|45|7.3|24.7|0|17.6|83.5|0.00|0.02|43.3043|33.7413
16|17|0|315|8.1|24.7|0|18.6|83.4|0.00|0.02|43.3069|35.1713
16|18|0|338|10.2|24.7|0|18.1|83.3|0.00|0.02|43.3052|35.1713
16|19|0|0|6.4|24.7|0|17.5|83.1|0.00|0.02|43.3103|33.7413
16|20|0|0|9.7|24.7|0|17.5|83.0|0.00|0.02|43.307|33.7413
16|21|0|23|4.8|24.7|0|17.9|82.9|0.00|0.02|43.3083|32.9366
16|23|0|23|4.4|24.7|0|17.1|82.7|0.00|0.02|43.3066|32.9366
16|24|0|0|5.8|24.7|0|18.9|82.6|0.00|0.02|43.3079|34.3612
16|26|0|0|7.3|24.7|0|18.1|82.6|0.00|0.02|43.3092|34.3612
16|27|0|0|5.8|24.7|0|16.2|82.6|0.00|0.02|43.3084|31.4358
16|29|0|0|2.9|24.7|0|18.0|82.6|0.00|0.02|43.3037|34.3612
16|30|0|315|8.0|24.7|0|19.8|82.7|0.00|0.02|43.3067|35.7176
16|31|0|315|10.2|24.7|0|20.5|82.7|0.00|0.02|43.3027|37.0123
16|32|0|0|7.3|24.7|0|18.8|82.6|0.00|0.02|43.303|34.3612
16|35|0|315|4.4|24.7|0|18.5|82.7|0.00|0.02|43.304|34.3612
16|36|0|0|1.6|24.7|0|18.0|82.7|0.00|0.02|43.3034|34.3612
16|37|0|0|1.6|24.7|0|17.2|82.7|0.00|0.02|43.2997|32.9366
16|39|0|0|3.2|24.7|0|17.9|83.0|0.00|0.02|43.2991|33.7413
16|40|0|0|5.8|24.7|0|18.1|83.1|0.00|0.02|43.2968|35.1713
16|41|0|0|4.4|24.7|0|17.6|83.1|0.00|0.02|43.2958|33.7413
16|42|0|0|6.4|24.7|0|20.7|83.2|0.00|0.02|43.2932|37.8324
16|43|0|315|10.2|24.7|0|20.5|83.2|0.00|0.02|43.2933|37.8324
16|44|0|338|4.4|24.7|0|18.9|83.1|0.00|0.02|43.2942|35.1713
16|45|0|315|4.4|24.7|0|21.2|83.1|0.00|0.02|43.2939|39.0759
16|46|0|0|11.6|24.7|0|19.4|83.1|0.00|0.02|43.2871|36.5328
16|47|0|0|8.1|24.7|0|18.9|83.0|0.00|0.02|43.2901|35.1713
16|48|0|0|5.8|24.7|0|18.5|82.9|0.00|0.02|43.2899|34.3612
16|50|0|0|8.7|24.7|0|19.5|82.9|0.00|0.02|43.2915|35.7176
16|51|0|315|3.2|24.7|0|20.1|82.9|0.00|0.02|43.2902|37.0123
16|52|0|0|8.1|24.7|0|19.1|83.0|0.00|0.02|43.289|36.5328
16|53|0|315|5.8|24.7|0|19.0|82.9|0.00|0.02|43.2912|35.7176
16|54|0|315|5.8|24.7|0|19.1|82.9|0.00|0.02|43.2896|35.7176
16|55|0|0|7.3|24.7|0|17.8|83.0|0.00|0.02|43.2884|33.7413
16|56|0|338|4.4|24.7|0|18.4|83.0|0.00|0.02|43.2915|35.1713
16|57|0|0|1.6|24.7|0|18.2|83.1|0.00|0.02|43.29|35.1713
16|58|0|0|4.4|24.7|0|19.9|83.1|0.00|0.02|43.2896|36.5328
16|59|0|0|6.4|24.7|0|21.0|83.2|0.00|0.02|43.2902|39.0759
17|00|0|0|4.8|24.7|0|19.3|83.2|0.00|0.02|43.289|36.5328
17|01|0|315|4.8|24.7|0|19.6|83.4|0.00|0.02|43.2901|36.5328
17|02|0|315|6.4|24.7|0|20.2|83.5|0.00|0.02|43.2899|37.8324
17|03|0|315|7.3|24.7|0|19.6|83.8|0.00|0.02|43.2925|36.5328
17|04|0|315|5.8|24.7|0|18.7|83.8|0.00|0.02|43.2923|35.1713
17|06|0|315|5.8|24.7|0|19.9|83.8|0.00|0.02|43.2938|36.5328
17|07|0|315|4.4|24.7|0|18.0|83.9|0.00|0.02|43.2933|35.1713
17|08|0|315|4.4|24.7|0|17.5|84.0|0.00|0.02|43.2927|34.5457
17|09|0|0|7.3|24.7|0|17.7|84.0|0.00|0.02|43.2926|34.5457
17|10|0|0|4.4|24.7|0|16.2|84.0|0.00|0.02|43.2905|33.0337
17|11|0|0|7.3|24.7|0|16.7|84.0|0.00|0.02|43.29|33.0337
17|12|0|338|9.7|24.7|0|17.7|83.8|0.00|0.02|43.2873|33.7413
17|13|0|0|10.2|24.7|0|19.4|83.6|0.00|0.02|43.2896|36.5328
17|14|0|270|2.9|24.7|0|17.0|83.5|0.00|0.02|43.2872|33.7413
17|15|0|0|4.4|24.7|0|17.9|83.5|0.00|0.02|43.2877|33.7413
17|16|0|270|4.4|24.7|0|19.3|83.5|0.00|0.02|43.2877|36.5328
17|17|0|315|5.8|24.7|0|19.4|83.5|0.00|0.02|43.2863|36.5328
17|18|0|0|6.4|24.7|0|19.3|83.4|0.00|0.02|43.2873|36.5328
17|19|0|0|6.4|24.7|0|18.5|83.3|0.00|0.02|43.2868|35.1713
17|21|0|0|2.9|24.7|0|18.3|83.3|0.00|0.02|43.2871|35.1713
17|22|0|315|13.1|24.7|0|19.0|83.2|0.00|0.02|43.282|36.5328
17|23|0|0|8.7|24.7|0|18.2|83.0|0.00|0.02|43.2834|35.1713
17|24|0|0|10.2|24.7|0|19.5|83.0|0.00|0.02|43.2847|36.5328
17|25|0|0|7.3|24.7|0|18.6|82.7|0.00|0.02|43.2854|34.3612
17|26|0|0|2.9|24.7|0|18.8|82.7|0.00|0.02|43.2865|34.3612
17|27|0|0|8.1|24.7|0|18.9|82.6|0.00|0.02|43.2837|34.3612
17|28|0|0|10.2|24.7|0|19.0|82.4|0.00|0.02|43.2827|35.7176
17|29|0|0|7.3|24.7|0|18.6|82.3|0.00|0.02|43.2852|34.3612
17|30|0|0|5.8|24.7|0|19.1|82.1|0.00|0.02|43.2856|35.7176
17|31|0|0|4.4|24.7|0|18.5|82.1|0.00|0.02|43.2859|34.3612
17|32|0|0|12.9|24.7|0|18.9|82.0|0.00|0.02|43.2827|34.3612
17|34|0|315|6.4|24.7|0|18.8|82.0|0.00|0.02|43.289|34.3612
17|35|0|45|10.2|24.7|0|19.2|82.0|0.00|0.02|43.2856|35.7176
17|36|0|0|7.3|24.7|0|18.9|81.8|0.00|0.02|43.2874|33.5508
17|37|0|0|4.8|24.7|0|20.4|82.0|0.00|0.02|43.2888|37.0123
17|39|0|23|4.4|24.7|0|19.8|82.2|0.00|0.02|43.287|35.7176
17|40|0|23|2.9|24.7|0|18.8|82.2|0.00|0.02|43.2849|34.3612
17|42|0|0|4.4|24.7|0|19.4|82.5|0.00|0.02|43.2843|35.7176
17|43|0|338|7.3|24.7|0|20.4|82.5|0.00|0.02|43.2832|37.0123
17|44|0|315|6.4|24.7|0|20.4|82.6|0.00|0.02|43.2853|37.0123
17|45|0|315|7.3|24.7|0|20.9|82.6|0.00|0.02|43.283|37.0123
17|46|0|315|8.7|24.7|0|20.0|82.6|0.00|0.02|43.2817|37.0123
17|47|0|315|7.3|24.7|0|18.5|82.5|0.00|0.02|43.2836|34.3612
17|48|0|0|10.2|24.7|0|18.2|82.4|0.00|0.02|43.2827|34.3612
17|49|0|0|11.6|24.7|0|20.5|82.3|0.00|0.02|43.2806|37.0123
17|51|0|0|8.7|24.7|0|19.1|82.2|0.00|0.02|43.2799|35.7176
17|52|0|0|10.2|24.7|0|19.3|82.1|0.00|0.02|43.2811|35.7176
17|53|0|0|11.6|24.7|0|19.4|82.0|0.00|0.02|43.2822|35.7176
17|54|0|0|7.3|24.7|0|21.0|82.0|0.00|0.02|43.2845|38.251
17|55|0|0|8.1|24.7|0|19.4|81.8|0.00|0.02|43.2861|34.902
17|56|0|315|5.8|24.7|0|21.3|81.8|0.00|0.02|43.2846|37.4258
17|57|0|0|7.3|24.7|0|19.9|81.8|0.00|0.02|43.2849|34.902
17|58|0|0|14.5|24.7|0|20.0|81.8|0.00|0.02|43.2828|36.1918
17|59|0|0|11.6|24.7|0|18.8|81.7|0.00|0.02|43.2857|33.5508
18|01|0|315|7.3|24.7|0|20.7|81.7|0.00|0.02|43.2857|36.1918
18|03|0|0|9.7|24.7|0|20.8|81.7|0.00|0.02|43.2843|36.1918
18|04|0|315|5.8|24.7|0|21.8|81.8|0.00|0.02|43.2839|37.4258
18|05|0|315|8.7|24.7|0|20.2|81.8|0.00|0.02|43.2839|36.1918
18|06|0|0|8.7|24.7|0|20.4|81.8|0.00|0.02|43.2828|36.1918
18|07|0|315|11.6|24.7|0|20.3|81.7|0.00|0.02|43.2776|36.1918
18|08|0|0|8.7|24.7|0|18.9|81.7|0.00|0.02|43.2807|33.5508
18|09|0|0|9.7|24.7|0|18.6|81.6|0.00|0.02|43.2811|33.5508
18|10|0|0|6.4|24.7|0|18.8|81.5|0.00|0.02|43.282|33.5508
18|11|0|0|10.2|24.7|0|19.4|81.4|0.00|0.02|43.2806|34.902
18|12|0|338|5.8|24.7|0|20.2|81.3|0.00|0.02|43.2822|36.1918
18|13|0|0|8.0|24.7|0|19.7|81.2|0.00|0.02|43.2792|34.902
18|15|0|0|11.6|24.7|0|19.4|81.2|0.00|0.02|43.276|34.902
18|16|0|0|6.4|24.7|0|19.3|81.2|0.00|0.02|43.2792|34.902
18|18|0|0|10.2|24.7|0|20.1|81.2|0.00|0.02|43.2783|36.1918
18|19|0|0|5.8|24.7|0|21.2|81.2|0.00|0.02|43.279|37.4258
18|20|0|0|8.0|24.7|0|20.5|81.2|0.00|0.02|43.2809|36.1918
18|21|0|0|7.3|24.7|0|19.7|81.2|0.00|0.02|43.2802|34.902
18|22|0|0|5.8|24.7|0|20.2|81.2|0.00|0.02|43.2811|36.1918
18|24|0|0|10.2|24.7|0|20.1|81.3|0.00|0.02|43.2833|36.1918
18|26|0|0|6.4|24.7|0|20.1|81.4|0.00|0.02|43.2843|36.1918
18|27|0|0|13.1|24.7|0|19.7|81.3|0.00|0.02|43.2812|34.902
18|28|0|0|8.1|24.7|0|19.5|81.2|0.00|0.02|43.2814|34.902
18|29|0|0|10.2|24.7|0|20.0|81.2|0.00|0.02|43.2847|36.1918
18|30|0|0|8.0|24.7|0|20.5|81.1|0.00|0.02|43.2855|36.1918
18|31|0|315|7.3|24.7|0|20.6|81.1|0.00|0.02|43.2846|36.1918
18|32|0|315|5.8|24.7|0|21.3|81.1|0.00|0.02|43.2832|37.4258
18|33|0|315|4.8|24.7|0|21.9|81.2|0.00|0.02|43.2863|37.4258
18|34|0|270|7.3|24.7|0|22.4|81.2|0.00|0.02|43.284|38.6091
18|35|0|315|7.3|24.7|0|21.4|81.2|0.00|0.02|43.2853|37.4258
18|36|0|315|9.7|24.7|0|21.3|81.1|0.00|0.02|43.2788|37.4258
18|37|0|0|5.8|24.7|0|22.1|81.2|0.00|0.02|43.2823|38.6091
18|38|0|315|4.8|24.7|0|21.8|81.1|0.00|0.02|43.2821|37.4258
18|39|0|0|11.6|24.7|0|21.6|81.1|0.00|0.02|43.2812|37.4258
18|41|0|0|4.4|24.7|0|21.2|81.1|0.00|0.02|43.282|37.4258
18|42|0|315|8.1|24.7|0|21.9|81.1|0.00|0.02|43.2809|37.4258
18|43|0|0|5.8|24.7|0|21.4|81.1|0.00|0.02|43.2822|37.4258
18|44|0|0|4.4|24.7|0|21.8|81.2|0.00|0.02|43.2832|37.4258
18|45|0|0|4.8|24.7|0|22.7|81.1|0.00|0.02|43.2808|38.6091
18|46|0|315|4.4|24.7|0|23.3|81.2|0.00|0.02|43.2828|39.7457
18|47|0|315|4.4|24.7|0|21.2|81.2|0.00|0.02|43.2818|37.4258
18|48|0|315|7.3|24.7|0|22.0|81.2|0.00|0.02|43.2807|38.6091
18|50|0|0|7.3|24.7|0|20.8|81.2|0.00|0.02|43.282|36.1918
18|51|0|0|5.8|24.7|0|21.2|81.2|0.00|0.02|43.2809|37.4258
18|52|0|0|8.7|24.7|0|23.2|81.3|0.00|0.02|43.2815|39.7457
18|53|0|0|5.8|24.7|0|21.1|81.2|0.00|0.02|43.282|37.4258
18|55|0|0|8.7|24.7|0|20.8|81.2|0.00|0.02|43.2792|36.1918
18|56|0|0|4.4|24.7|0|20.9|81.1|0.00|0.02|43.2806|36.1918
18|57|0|315|4.4|24.7|0|22.3|81.1|0.00|0.02|43.2794|38.6091
18|58|0|315|7.3|24.7|0|22.6|81.1|0.00|0.02|43.2805|38.6091
18|59|0|0|4.4|24.7|0|20.8|81.1|0.00|0.02|43.2798|36.1918
19|01|0|315|7.3|24.7|0|21.2|80.9|0.00|0.02|43.2778|36.6003
19|02|0|0|4.4|24.7|0|20.9|80.9|0.00|0.02|43.2771|35.371
19|03|0|0|4.4|24.7|0|21.7|80.9|0.00|0.02|43.2788|36.6003
19|05|0|0|4.8|24.7|0|21.3|80.9|0.00|0.02|43.2789|36.6003
19|06|0|0|4.8|24.7|0|21.4|80.8|0.00|0.02|43.2775|36.6003
19|07|0|0|4.8|24.7|0|21.5|80.8|0.00|0.02|43.2771|36.6003
19|08|0|315|4.4|24.7|0|22.3|80.8|0.00|0.02|43.2771|37.779
19|09|0|315|4.4|24.7|0|22.9|80.9|0.00|0.02|43.2789|37.779
19|10|0|0|4.4|24.7|0|22.3|80.8|0.00|0.02|43.2773|37.779
19|11|0|0|5.8|24.7|0|23.0|80.9|0.00|0.02|43.2783|38.9114
19|12|0|315|7.3|24.7|0|21.9|80.8|0.00|0.02|43.2778|36.6003
19|13|0|315|5.8|24.7|0|21.4|80.7|0.00|0.02|43.2762|36.6003
19|14|0|0|4.4|24.7|0|21.4|80.8|0.00|0.02|43.2774|36.6003
19|15|0|0|2.9|24.7|0|22.6|80.7|0.00|0.02|43.276|37.779
19|16|0|315|4.4|24.7|0|22.4|80.7|0.00|0.02|43.2758|37.779
19|19|0|0|4.4|24.7|0|21.4|80.6|0.00|0.02|43.2751|36.6003
19|20|0|0|5.8|24.7|0|21.5|80.5|0.00|0.02|43.2751|36.6003
19|21|0|0|5.8|24.7|0|21.1|80.3|0.00|0.02|43.2732|36.6003
19|22|0|315|7.3|24.7|0|21.8|80.2|0.00|0.02|43.2749|36.6003
19|23|0|0|4.4|24.7|0|21.2|80.2|0.00|0.02|43.2728|36.6003
19|24|0|0|4.4|24.7|0|22.3|80.0|0.00|0.02|43.2726|37.779
19|25|0|315|4.4|24.7|0|21.5|79.9|0.00|0.02|43.2722|35.7745
19|26|0|315|4.8|24.7|0|22.9|79.9|0.00|0.02|43.2729|36.9487
19|27|0|0|7.3|24.7|0|22.5|79.9|0.00|0.02|43.2719|36.9487
19|28|0|338|4.4|24.7|0|23.9|79.8|0.00|0.02|43.2734|38.0767
19|29|0|338|4.4|24.7|0|23.1|79.7|0.00|0.02|43.2721|38.0767
19|30|0|315|5.8|24.7|0|22.7|79.7|0.00|0.02|43.2755|36.9487
19|31|0|0|4.4|24.7|0|22.9|79.6|0.00|0.02|43.2766|36.9487
19|32|0|0|3.2|24.7|0|22.8|79.5|0.00|0.02|43.2751|36.9487
19|34|0|0|4.4|24.7|0|22.4|79.6|0.00|0.02|43.2768|36.9487
19|35|0|0|2.9|24.7|0|22.7|79.5|0.00|0.02|43.2782|36.9487
19|36|0|315|3.2|24.7|0|23.0|79.5|0.00|0.02|43.2766|38.0767
19|37|0|0|8.0|24.7|0|23.0|79.4|0.00|0.02|43.2772|38.0767
19|38|0|338|4.4|24.7|0|23.0|79.4|0.00|0.02|43.2804|38.0767
19|40|0|315|3.2|24.7|0|23.7|79.5|0.00|0.02|43.2785|38.0767
19|41|0|0|4.4|24.7|0|22.6|79.4|0.00|0.02|43.2801|36.9487
19|42|0|0|4.4|24.7|0|22.7|79.4|0.00|0.02|43.2813|36.9487
19|43|0|0|4.8|24.7|0|22.7|79.3|0.00|0.02|43.2824|36.9487
19|44|0|0|7.3|24.7|0|22.6|79.3|0.00|0.02|43.2825|36.9487
19|45|0|0|4.8|24.7|0|22.3|79.0|0.00|0.02|43.2836|36.9487
19|47|0|0|6.4|24.7|0|22.3|79.0|0.00|0.02|43.2828|36.9487
19|49|0|0|5.8|24.7|0|22.2|78.9|0.00|0.02|43.2807|36.1181
19|50|0|0|4.8|24.7|0|23.4|78.9|0.00|0.02|43.2834|37.2417
19|51|0|0|3.2|24.7|0|23.4|78.8|0.00|0.02|43.283|37.2417
19|52|0|338|2.9|24.7|0|23.6|78.8|0.00|0.02|43.2836|37.2417
19|53|0|315|3.2|24.7|0|22.8|78.7|0.00|0.02|43.2818|36.1181
19|54|0|315|3.2|24.7|0|23.1|78.6|0.00|0.02|43.2814|37.2417
19|55|0|0|6.4|24.7|0|23.7|78.5|0.00|0.02|43.2815|37.2417
19|56|0|0|5.8|24.7|0|23.7|78.4|0.00|0.02|43.2805|37.2417
19|57|0|0|4.4|24.7|0|23.5|78.2|0.00|0.02|43.2799|37.2417
19|59|0|315|2.9|24.7|0|23.5|78.1|0.00|0.02|43.2793|37.2417
20|00|0|0|2.9|24.7|0|23.4|78.0|0.00|0.02|43.279|37.2417
20|01|0|338|2.9|24.7|0|23.9|78.0|0.00|0.02|43.2821|37.2417
20|02|0|0|1.6|24.7|0|24.0|77.9|0.00|0.02|43.2792|37.4836
20|03|0|315|1.6|24.7|0|25.3|77.8|0.00|0.02|43.2813|38.5218
20|04|0|0|1.5|24.7|0|25.0|77.8|0.00|0.02|43.2789|38.5218
20|05|0|0|2.9|24.7|0|24.9|77.7|0.00|0.02|43.2804|37.4836
20|06|0|315|1.6|24.7|0|24.8|77.6|0.00|0.02|43.2775|37.4836
20|07|0|315|2.9|24.7|0|24.4|77.5|0.00|0.02|43.2778|37.4836
20|08|0|315|1.5|24.7|0|25.2|77.3|0.00|0.02|43.2766|38.5218
20|09|0|315|1.5|24.7|0|27.8|77.3|0.00|0.02|43.2783|40.4928
20|11|0|0|1.5|24.7|0|27.8|77.1|0.00|0.02|43.2776|40.4928
20|12|0|315|1.5|24.7|0|27.1|77.0|0.00|0.02|43.2775|40.4928
20|13|0|315|1.5|24.7|0|27.1|76.9|0.00|0.02|43.2777|39.6413
20|14|0|315|1.5|24.7|0|27.1|76.7|0.00|0.02|43.2771|39.6413
20|15|0|0|1.5|24.7|0|27.0|76.4|0.00|0.02|43.2777|39.6413
20|17|0|315|1.6|24.7|0|25.9|76.0|0.00|0.02|43.2811|37.678
20|18|0|315|1.5|24.7|0|26.6|75.8|0.00|0.02|43.2855|37.8283
20|19|0|315|1.5|24.7|0|26.9|75.7|0.00|0.02|43.2897|37.8283
20|20|0|315|1.6|24.7|0|27.7|75.5|0.00|0.02|43.2932|38.7895
20|21|0|315|1.5|24.7|0|28.1|75.4|0.00|0.02|43.2962|39.7198
20|23|0|315|1.5|24.7|0|28.2|75.2|0.00|0.02|43.2964|39.7198
20|25|0|0|3.2|24.7|0|27.8|74.8|0.00|0.02|43.2932|37.9375
20|26|0|0|1.5|24.7|0|27.3|74.6|0.00|0.02|43.2933|37.9375
20|27|0|315|2.9|24.7|0|28.4|74.5|0.00|0.02|43.296|38.8642
20|28|0|0|2.9|24.7|0|28.4|74.3|0.00|0.02|43.2968|38.8642
20|29|0|315|1.6|24.7|0|27.7|74.1|0.00|0.02|43.2945|37.9375
20|30|0|0|1.5|24.7|0|28.3|74.0|0.00|0.02|43.2957|38.8642
20|31|0|0|2.9|24.7|0|28.5|73.9|0.00|0.02|43.2956|38.0082
20|32|0|0|1.5|24.7|0|29.2|73.7|0.00|0.02|43.2922|38.9025
20|33|0|338|1.5|24.7|0|28.7|73.5|0.00|0.02|43.2936|38.0082
20|34|0|315|1.5|24.7|0|29.3|73.4|0.00|0.02|43.2924|38.9025
20|36|0|315|2.9|24.7|0|28.8|73.3|0.00|0.02|43.2918|38.0082
20|37|0|0|1.5|24.7|0|28.9|73.2|0.00|0.02|43.2918|38.0082
20|38|0|0|2.9|24.7|0|28.8|73.2|0.00|0.02|43.2925|38.0082
20|39|0|338|3.2|24.7|0|29.4|73.1|0.00|0.02|43.294|38.9025
20|40|0|0|1.5|24.7|0|29.0|73.0|0.00|0.02|43.2938|38.9025
20|41|0|0|1.5|24.7|0|29.3|72.8|0.00|0.02|43.2935|38.0428
20|42|0|0|1.5|24.7|0|29.5|72.7|0.00|0.02|43.2952|38.0428
20|43|0|0|2.9|24.7|0|28.9|72.7|0.00|0.02|43.2971|37.152
20|45|0|0|2.9|24.7|0|28.5|72.6|0.00|0.02|43.2981|37.152
20|46|0|0|1.6|24.7|0|28.5|72.6|0.00|0.02|43.2965|37.152
20|47|0|0|1.5|24.7|0|28.7|72.5|0.00|0.02|43.296|37.152
20|48|0|315|2.9|24.7|0|28.6|72.6|0.00|0.02|43.2983|37.152
20|49|0|0|2.9|24.7|0|28.8|72.5|0.00|0.02|43.2962|37.152
20|50|0|0|1.6|24.7|0|28.6|72.5|0.00|0.02|43.2952|37.152
20|51|0|315|1.5|24.7|0|28.7|72.5|0.00|0.02|43.2967|37.152
20|52|0|0|1.6|24.7|0|28.9|72.4|0.00|0.02|43.2957|37.152
20|53|0|315|1.6|24.7|0|28.7|72.4|0.00|0.02|43.2959|37.152
20|54|0|315|1.6|24.7|0|29.1|72.4|0.00|0.02|43.2958|38.0428
20|55|0|315|1.6|24.7|0|28.9|72.4|0.00|0.02|43.2959|37.152
20|57|0|315|0.0|24.7|0|28.7|72.4|0.00|0.02|43.2957|37.152
20|58|0|315|1.5|24.7|0|28.6|72.4|0.00|0.02|43.2972|37.152
20|59|0|315|1.5|24.7|0|28.3|72.4|0.00|0.02|43.2975|37.152
21|00|0|0|1.5|24.7|0|28.1|72.3|0.00|0.02|43.2974|37.152
21|01|0|315|0.0|24.7|0|28.1|72.2|0.00|0.02|43.2989|37.152
21|02|0|0|1.5|24.7|0|27.8|72.2|0.00|0.02|43.2998|36.2326
21|03|0|0|1.5|24.7|0|27.9|72.2|0.00|0.02|43.3006|36.2326
21|04|0|0|1.5|24.7|0|27.6|72.2|0.00|0.02|43.3007|36.2326
21|05|0|315|1.6|24.7|0|27.6|72.2|0.00|0.02|43.3007|36.2326
21|06|0|315|1.5|24.7|0|27.9|72.2|0.00|0.02|43.3027|36.2326
21|08|0|315|1.5|24.7|0|28.2|72.2|0.00|0.02|43.304|37.152
21|09|0|315|1.5|24.7|0|28.1|72.2|0.00|0.02|43.304|37.152
21|10|0|315|0.0|24.7|0|28.0|72.2|0.00|0.02|43.3061|37.152
21|12|0|315|1.5|24.7|0|28.0|72.2|0.00|0.02|43.3035|37.152
21|13|0|270|0.0|24.7|0|27.9|72.2|0.00|0.02|43.3043|36.2326
21|14|0|270|0.0|24.7|0|28.0|72.2|0.00|0.02|43.3071|37.152
21|15|0|225|0.0|24.7|0|28.6|72.1|0.00|0.02|43.3076|37.152
21|16|0|225|0.0|24.7|0|29.1|72.1|0.00|0.02|43.3084|38.0428
21|17|0|225|0.0|24.7|0|29.6|72.1|0.00|0.02|43.3097|38.0428
21|18|0|225|0.0|24.7|0|29.8|71.9|0.00|0.02|43.3101|37.1827
21|19|0|225|0.0|24.7|0|29.9|71.9|0.00|0.02|43.3103|37.1827
21|20|0|225|0.0|24.7|0|30.1|71.9|0.00|0.02|43.3112|38.0434
21|21|0|225|0.0|24.7|0|30.1|71.9|0.00|0.02|43.3118|38.0434
21|22|0|225|0.0|24.7|0|30.0|71.8|0.00|0.02|43.3118|38.0434
21|23|0|225|0.0|24.7|0|29.9|71.8|0.00|0.02|43.3119|37.1827
21|24|0|225|0.0|24.7|0|29.9|71.7|0.00|0.02|43.3118|37.1827
21|26|0|225|0.0|24.7|0|30.0|71.7|0.00|0.02|43.3127|38.0434
21|27|0|225|0.0|24.7|0|30.1|71.6|0.00|0.02|43.312|38.0434
21|28|0|225|1.5|24.7|0|30.2|71.6|0.00|0.02|43.3107|38.0434
21|29|0|180|1.5|24.7|0|30.3|71.6|0.00|0.02|43.3123|38.0434
21|30|0|225|0.0|2.9|225|30.5|71.5|0.00|0.00|43.3127|38.0434
21|31|0|225|0.0|2.9|225|30.7|71.4|0.00|0.00|43.3132|38.0434
21|32|0|225|1.5|2.9|225|30.7|71.4|0.00|0.00|43.3125|38.0434
21|33|0|225|0.0|2.9|225|30.7|71.3|0.00|0.00|43.3119|38.0434
21|34|0|225|0.0|2.9|225|30.8|71.2|0.00|0.00|43.3138|38.0434
21|35|0|225|0.0|2.9|225|30.7|71.0|0.00|0.00|43.3148|38.0434
21|36|0|225|0.0|2.9|225|30.1|71.0|0.00|0.00|43.3143|38.0434
21|37|0|0|0.0|2.9|225|29.8|70.9|0.00|0.00|43.315|36.3224
21|38|0|0|0.0|2.9|225|30.2|70.9|0.00|0.00|43.3132|37.1797
21|41|0|0|0.0|2.9|225|30.3|70.8|0.00|0.00|43.3155|37.1797
21|42|0|0|0.0|2.9|225|30.4|70.8|0.00|0.00|43.3142|37.1797
21|43|0|0|0.0|2.9|225|30.2|70.7|0.00|0.00|43.3163|37.1797
21|44|0|0|0.0|2.9|225|30.2|70.7|0.00|0.00|43.3167|37.1797
21|45|0|0|0.0|2.9|225|30.0|70.6|0.00|0.00|43.3169|37.1797
21|46|0|0|0.0|2.9|225|29.9|70.6|0.00|0.00|43.3172|36.3224
21|47|0|0|0.0|2.9|225|29.8|70.5|0.00|0.00|43.3164|36.3224
21|48|0|0|0.0|2.9|225|29.8|70.5|0.00|0.00|43.3181|36.3224
21|49|0|0|0.0|2.9|225|30.0|70.4|0.00|0.00|43.3178|37.1797
21|51|0|225|0.0|2.9|225|30.8|70.3|0.00|0.00|43.3205|37.1797
21|52|0|225|0.0|2.9|225|31.1|70.3|0.00|0.00|43.3207|38.0121
21|53|0|225|0.0|2.9|225|30.9|70.3|0.00|0.00|43.3227|37.1797
21|54|0|225|0.0|2.9|225|30.8|70.1|0.00|0.00|43.3242|37.1797
21|55|0|315|0.0|2.9|225|31.1|70.0|0.00|0.00|43.3259|38.0121
21|56|0|315|0.0|2.9|225|32.5|70.0|0.00|0.00|43.3269|38.8211
21|58|0|0|1.5|2.9|225|32.0|69.9|0.00|0.00|43.3287|37.9505
22|00|0|0|0.0|2.9|225|31.6|69.7|0.00|0.00|43.3284|37.1447
22|01|0|0|0.0|2.9|225|31.3|69.6|0.00|0.00|43.3287|37.1447
22|02|0|0|0.0|2.9|225|31.5|69.5|0.00|0.00|43.3272|37.1447
22|03|0|0|0.0|2.9|225|31.4|69.4|0.00|0.00|43.3297|37.1447
22|04|0|0|0.0|2.9|225|31.3|69.2|0.00|0.00|43.3267|37.1447
22|05|0|0|0.0|2.9|225|31.4|69.1|0.00|0.00|43.3283|37.1447
22|06|0|225|0.0|2.9|225|31.6|69.0|0.00|0.00|43.3274|37.1447
22|07|0|225|0.0|2.9|225|31.9|68.9|0.00|0.00|43.3256|36.2772
22|08|0|225|0.0|2.9|225|32.2|68.9|0.00|0.00|43.3263|37.0797
22|11|0|225|0.0|2.9|225|32.4|68.8|0.00|0.00|43.3249|37.0797
22|12|0|225|0.0|2.9|225|32.6|68.8|0.00|0.00|43.3262|37.0797
22|13|0|225|0.0|2.9|225|32.9|68.7|0.00|0.00|43.3242|37.0797
22|14|0|225|0.0|2.9|225|33.0|68.6|0.00|0.00|43.3245|37.8604
22|15|0|225|0.0|2.9|225|33.1|68.6|0.00|0.00|43.3258|37.8604
22|16|0|225|0.0|2.9|225|33.2|68.5|0.00|0.00|43.3272|37.8604
22|17|0|225|0.0|2.9|225|33.6|68.3|0.00|0.00|43.3267|37.8604
22|18|0|225|0.0|2.9|225|34.3|68.3|0.00|0.00|43.3261|38.6205
22|19|0|225|0.0|2.9|225|35.2|68.3|0.00|0.00|43.3273|39.3611
22|20|0|225|0.0|2.9|225|36.0|68.2|0.00|0.00|43.3259|40.0833
22|21|0|225|0.0|2.9|225|36.6|68.1|0.00|0.00|43.3272|40.0833
22|23|0|225|0.0|2.9|225|36.7|68.1|0.00|0.00|43.3274|40.0833
22|24|0|225|0.0|2.9|225|36.3|68.0|0.00|0.00|43.3268|40.0833
22|25|0|225|0.0|2.9|225|36.2|67.9|0.00|0.00|43.3272|39.2001
22|26|0|225|0.0|2.9|225|36.4|67.9|0.00|0.00|43.3259|39.2001
22|27|0|225|1.5|2.9|225|36.7|67.8|0.00|0.00|43.3281|39.2001
22|28|0|225|1.5|2.9|225|37.2|67.8|0.00|0.00|43.3281|39.9019
22|29|0|225|0.0|2.9|225|37.2|67.7|0.00|0.00|43.3263|39.9019
22|30|0|158|0.0|2.9|225|37.3|67.7|0.00|0.00|43.3285|39.9019
22|31|0|225|1.6|2.9|225|37.1|67.6|0.00|0.00|43.3287|39.9019
22|32|0|180|1.5|2.9|225|37.2|67.4|0.00|0.00|43.3269|39.9019
22|33|0|180|1.6|2.9|225|37.2|67.4|0.00|0.00|43.3285|39.9019
22|34|0|225|1.5|2.9|225|37.1|67.3|0.00|0.00|43.3306|39.9019
22|36|0|225|0.0|2.9|225|37.0|67.3|0.00|0.00|43.3306|39.9019
22|37|0|225|0.0|2.9|225|36.8|67.2|0.00|0.00|43.3325|39.2001
22|39|0|225|0.0|2.9|225|36.4|67.1|0.00|0.00|43.3325|39.2001
22|40|0|225|0.0|2.9|225|36.5|67.1|0.00|0.00|43.3345|39.2001
22|41|0|225|0.0|2.9|225|36.8|67.0|0.00|0.00|43.3333|39.2001
22|42|0|225|0.0|2.9|225|36.7|67.0|0.00|0.00|43.3324|39.2001
22|43|0|135|0.0|2.9|225|36.7|67.0|0.00|0.00|43.3345|39.2001
22|45|0|135|0.0|2.9|225|37.1|66.9|0.00|0.00|43.3346|39.0156
22|46|0|135|0.0|2.9|225|37.2|66.8|0.00|0.00|43.3346|39.0156
22|47|0|135|0.0|2.9|225|37.4|66.8|0.00|0.00|43.3346|39.0156
22|50|0|135|0.0|2.9|225|37.3|66.7|0.00|0.00|43.3345|39.0156
22|51|0|135|0.0|2.9|225|37.3|66.7|0.00|0.00|43.3328|39.0156
22|52|0|135|0.0|2.9|225|37.1|66.5|0.00|0.00|43.3332|39.0156
22|53|0|225|0.0|2.9|225|37.0|66.5|0.00|0.00|43.3353|39.0156
22|54|0|225|0.0|2.9|225|36.9|66.5|0.00|0.00|43.3326|38.3167
22|55|0|225|0.0|2.9|225|36.8|66.5|0.00|0.00|43.3349|38.3167
22|56|0|225|0.0|2.9|225|36.9|66.4|0.00|0.00|43.3355|38.3167
22|57|0|225|0.0|2.9|225|37.2|66.4|0.00|0.00|43.3376|39.0156
22|58|0|225|0.0|2.9|225|37.4|66.4|0.00|0.00|43.3388|39.0156
22|59|0|270|1.5|2.9|225|40.1|66.3|0.00|0.00|43.3388|41.0169
23|00|0|315|1.6|2.9|225|42.3|66.2|0.00|0.00|43.3389|42.2788
23|02|0|315|1.6|3.2|315|44.6|66.0|0.00|0.00|43.3387|43.4887
23|03|0|315|1.5|3.2|315|44.2|65.8|0.00|0.00|43.3358|42.5839
23|04|0|315|1.6|3.2|315|44.4|65.3|0.00|0.00|43.3316|42.5839
23|05|0|315|1.5|3.2|315|44.6|65.0|0.00|0.00|43.33|42.5839
23|06|0|315|1.5|3.2|315|43.7|64.7|0.00|0.00|43.3303|41.085
23|07|0|315|1.5|3.2|315|42.9|64.4|0.00|0.00|43.3314|40.4788
23|08|0|315|0.0|3.2|315|42.2|64.2|0.00|0.00|43.3318|40.4788
23|10|0|315|0.0|3.2|315|42.4|63.8|0.00|0.00|43.3278|39.5786
23|11|0|270|0.0|3.2|315|43.0|63.7|0.00|0.00|43.3269|40.1822
23|12|0|270|0.0|3.2|315|42.7|63.6|0.00|0.00|43.3249|39.5786
23|14|0|315|0.0|3.2|315|43.9|63.5|0.00|0.00|43.3256|40.1822
23|15|0|315|0.0|3.2|315|44.6|63.5|0.00|0.00|43.3257|40.7736
23|16|0|315|0.0|3.2|315|45.8|63.4|0.00|0.00|43.3258|41.3533
23|17|0|315|0.0|3.2|315|45.4|63.3|0.00|0.00|43.3254|41.3533
23|18|0|315|0.0|3.2|315|44.7|63.2|0.00|0.00|43.3243|40.7736
23|19|0|135|0.0|3.2|315|44.2|63.0|0.00|0.00|43.3247|40.7736
23|20|0|135|0.0|3.2|315|44.0|63.0|0.00|0.00|43.3252|40.7736
23|21|0|135|0.0|3.2|315|44.4|62.9|0.00|0.00|43.3227|39.8682
23|22|0|135|1.5|3.2|315|44.6|62.8|0.00|0.00|43.3221|39.8682
23|23|0|135|0.0|3.2|315|44.5|62.7|0.00|0.00|43.3204|39.8682
23|24|0|135|1.5|3.2|315|44.5|62.7|0.00|0.00|43.3214|39.8682
23|25|0|135|0.0|3.2|315|44.6|62.7|0.00|0.00|43.3224|39.8682
23|26|0|135|0.0|3.2|315|44.5|62.7|0.00|0.00|43.3219|39.8682
23|27|0|135|0.0|3.2|315|44.7|62.7|0.00|0.00|43.3227|39.8682
23|29|0|135|0.0|3.2|315|44.5|62.7|0.00|0.00|43.3256|39.8682
23|30|0|135|0.0|3.2|315|44.7|62.7|0.00|0.00|43.3241|39.8682
23|31|0|135|0.0|3.2|315|44.2|62.7|0.00|0.00|43.3243|39.8682
23|32|0|135|0.0|3.2|315|44.1|62.7|0.00|0.00|43.325|39.8682
23|33|0|135|0.0|3.2|315|43.9|62.8|0.00|0.00|43.3275|39.2792
23|34|0|135|0.0|3.2|315|44.0|62.8|0.00|0.00|43.329|39.8682
23|35|0|135|0.0|3.2|315|44.3|62.8|0.00|0.00|43.3274|39.8682
23|36|0|135|0.0|3.2|315|44.0|63.0|0.00|0.00|43.3296|40.7736
23|38|0|135|0.0|3.2|315|43.8|63.2|0.00|0.00|43.3315|40.1822
23|39|0|180|1.6|3.2|315|42.7|63.2|0.00|0.00|43.3317|39.5786
23|40|0|180|0.0|3.2|315|42.4|63.2|0.00|0.00|43.3312|39.5786
23|41|0|180|0.0|3.2|315|42.0|63.3|0.00|0.00|43.3312|39.5786
23|42|0|180|0.0|3.2|315|41.8|63.3|0.00|0.00|43.3335|38.9621
23|43|0|180|0.0|3.2|315|41.8|63.3|0.00|0.00|43.3325|38.9621
23|44|0|180|1.5|3.2|315|41.6|63.3|0.00|0.00|43.3332|38.9621
23|45|0|180|0.0|3.2|315|41.4|63.3|0.00|0.00|43.3317|38.9621
23|46|0|180|0.0|3.2|315|41.3|63.3|0.00|0.00|43.3328|38.9621
23|47|0|180|0.0|3.2|315|41.3|63.3|0.00|0.00|43.3315|38.9621
23|49|0|180|0.0|3.2|315|41.1|63.4|0.00|0.00|43.3323|38.9621
23|50|0|180|0.0|3.2|315|41.0|63.4|0.00|0.00|43.3318|38.9621
23|51|0|180|0.0|3.2|315|41.4|63.4|0.00|0.00|43.3322|38.9621
23|53|0|180|0.0|3.2|315|41.4|63.3|0.00|0.00|43.3317|38.9621
23|54|0|0|0.0|3.2|315|41.8|63.3|0.00|0.00|43.3309|38.9621
23|55|0|0|0.0|3.2|315|43.5|63.3|0.00|0.00|43.3315|40.1822
23|56|0|0|0.0|3.2|315|43.7|63.3|0.00|0.00|43.3323|40.1822
23|57|0|0|0.0|3.2|315|42.8|63.3|0.00|0.00|43.3312|39.5786
23|58|0|0|0.0|3.2|315|42.4|63.2|0.00|0.00|43.3318|39.5786
23|59|0|225|0.0|3.2|315|42.6|63.2|0.00|0.00|43.3308|39.5786
