00|00|0|315|4.4|24.2|270|46.3|47.2|0.00|0.02|43.5868|27.3367
00|01|0|315|4.4|24.2|270|46.5|47.1|0.00|0.02|43.5855|27.3367
00|02|0|315|5.8|24.2|270|46.9|47.1|0.00|0.02|43.5856|27.3367
00|04|0|315|2.9|24.2|270|47.4|47.0|0.00|0.02|43.5883|27.8577
00|05|0|315|3.2|24.2|270|47.7|46.8|0.00|0.02|43.5901|26.9423
00|06|0|315|4.4|24.2|270|47.8|46.7|0.00|0.02|43.5915|26.9423
00|07|0|315|3.2|24.2|270|48.1|46.6|0.00|0.02|43.5932|27.4514
00|09|0|315|4.4|24.2|270|48.7|46.3|0.00|0.02|43.5958|27.4514
00|10|0|315|2.9|24.2|270|48.6|46.2|0.00|0.02|43.5964|27.4514
00|11|0|315|4.4|24.2|270|49.0|46.1|0.00|0.02|43.5979|27.9511
00|12|0|315|3.2|24.2|270|48.9|46.0|0.00|0.02|43.5983|27.4514
00|13|0|338|4.4|24.2|270|49.4|45.8|0.00|0.02|43.5988|27.0312
00|14|0|0|3.2|24.2|270|49.3|45.7|0.00|0.02|43.5936|27.0312
00|15|0|0|2.9|24.2|270|49.5|45.6|0.00|0.02|43.5952|27.0312
00|16|0|315|2.9|24.2|270|49.6|45.6|0.01|0.03|43.5957|27.0312
00|18|0|338|4.4|24.2|270|49.4|45.5|0.01|0.03|43.5949|27.0312
00|19|0|0|1.6|24.2|270|49.4|45.5|0.01|0.03|43.5952|27.0312
00|21|0|315|4.4|24.2|270|49.6|45.4|0.01|0.03|43.5952|27.0312
00|22|0|315|4.4|24.2|270|48.7|45.4|0.01|0.03|43.5965|26.5336
00|23|0|315|6.4|24.2|270|49.0|45.4|0.01|0.03|43.5959|27.0312
00|24|0|315|2.9|24.2|270|49.1|45.4|0.01|0.03|43.5986|27.0312
00|25|0|315|4.8|24.2|270|48.7|45.4|0.01|0.03|43.5943|26.5336
00|26|0|315|10.2|24.2|270|48.1|45.4|0.01|0.03|43.5943|26.5336
00|27|0|315|4.4|24.2|270|47.8|45.5|0.01|0.03|43.597|26.0267
00|28|0|315|4.4|24.2|270|47.9|45.5|0.01|0.03|43.5993|26.0267
00|29|0|315|7.3|24.2|270|48.2|45.6|0.01|0.03|43.5991|26.5336
00|30|0|315|7.3|24.2|270|47.8|45.6|0.01|0.03|43.599|26.0267
00|31|0|315|5.8|24.2|270|48.0|45.6|0.01|0.03|43.5982|26.5336
00|32|0|315|4.8|24.2|270|48.6|45.6|0.01|0.03|43.5993|26.5336
00|33|0|315|4.4|24.2|270|48.6|45.6|0.01|0.03|43.5986|26.5336
00|34|0|315|3.2|24.2|270|48.7|45.5|0.01|0.03|43.5983|26.5336
00|35|0|315|4.4|24.2|270|48.9|45.5|0.01|0.03|43.5993|26.5336
00|36|0|315|4.4|24.2|270|49.1|45.4|0.01|0.03|43.5988|27.0312
00|37|0|315|5.8|24.2|270|49.0|45.3|0.01|0.03|43.5988|27.0312
00|38|0|315|4.4|24.2|270|49.2|45.3|0.01|0.03|43.6015|27.0312
00|39|0|315|2.9|24.2|270|49.3|45.2|0.01|0.03|43.5996|27.0312
00|40|0|338|4.4|24.2|270|49.6|45.0|0.01|0.03|43.5988|27.0312
00|41|0|315|3.2|24.2|270|49.7|45.0|0.01|0.03|43.5999|27.0312
00|43|0|315|1.5|24.2|270|50.0|44.9|0.01|0.03|43.5992|26.5976
00|44|0|315|3.2|24.2|270|50.3|44.8|0.01|0.03|43.5966|26.5976
00|45|0|315|4.4|24.2|270|50.2|44.7|0.01|0.03|43.5966|26.5976
00|46|0|315|2.9|24.2|270|50.2|44.7|0.01|0.03|43.6016|26.5976
00|47|0|315|2.9|24.2|270|50.8|44.6|0.01|0.03|43.5998|26.5976
00|48|0|338|2.9|24.2|270|51.0|44.5|0.01|0.03|43.5996|27.0756
00|49|0|0|3.2|24.2|270|50.9|44.5|0.01|0.03|43.5996|26.5976
00|50|0|0|1.5|24.2|270|50.5|44.4|0.01|0.03|43.6011|26.5976
00|51|0|0|3.2|24.2|270|50.8|44.4|0.01|0.03|43.6019|26.5976
00|52|0|0|2.9|24.2|270|50.6|44.4|0.01|0.03|43.6004|26.5976
00|53|0|0|2.9|24.2|270|50.3|44.4|0.01|0.03|43.6038|26.5976
00|54|0|338|2.9|24.2|270|50.2|44.4|0.01|0.03|43.602|26.5976
00|55|0|0|2.9|24.2|270|50.3|44.4|0.01|0.03|43.6024|26.5976
00|56|0|0|3.2|24.2|270|49.9|44.4|0.01|0.03|43.6009|26.1111
00|57|0|0|2.9|24.2|270|49.9|44.5|0.01|0.03|43.6047|26.1111
00|58|0|0|3.2|24.2|270|49.7|44.6|0.01|0.03|43.6062|26.1111
00|59|0|0|2.9|24.2|270|49.9|44.6|0.01|0.03|43.6046|26.1111
01|00|0|0|2.9|24.2|270|50.0|44.6|0.01|0.03|43.6044|26.5976
01|01|0|0|3.2|24.2|270|49.9|44.7|0.01|0.03|43.605|26.1111
01|02|0|0|2.9|24.2|270|49.9|44.7|0.01|0.03|43.6047|26.1111
01|04|0|0|3.2|24.2|270|50.0|44.8|0.01|0.03|43.6056|26.5976
01|05|0|0|2.9|24.2|270|49.9|44.8|0.01|0.03|43.6055|26.1111
01|06|0|0|2.9|24.2|270|49.9|44.7|0.01|0.03|43.6052|26.1111
01|07|0|0|2.9|24.2|270|49.9|44.8|0.01|0.03|43.6076|26.1111
01|09|0|0|2.9|24.2|270|50.0|44.7|0.01|0.03|43.6086|26.5976
01|10|0|0|2.9|24.2|270|50.0|44.7|0.01|0.03|43.6073|26.5976
01|11|0|0|3.2|24.2|270|50.4|44.6|0.01|0.03|43.6087|26.5976
01|12|0|0|1.5|24.2|270|50.3|44.6|0.01|0.03|43.6096|26.5976
01|13|0|0|1.6|24.2|270|50.4|44.6|0.01|0.03|43.6081|26.5976
01|14|0|0|2.9|24.2|270|50.5|44.5|0.01|0.03|43.6079|26.5976
01|15|0|0|2.9|24.2|270|50.5|44.5|0.01|0.03|43.6086|26.5976
01|16|0|0|3.2|24.2|270|50.4|44.4|0.00|0.03|43.607|26.5976
01|17|0|0|2.9|24.2|270|50.5|44.4|0.00|0.03|43.6081|26.5976
01|18|0|0|4.4|24.2|270|50.7|44.3|0.00|0.03|43.6081|26.5976
01|19|0|0|4.4|24.2|270|50.9|44.2|0.00|0.03|43.6068|26.5976
01|20|0|0|5.8|24.2|270|51.0|44.0|0.00|0.03|43.6051|27.0756
01|21|0|0|4.4|24.2|270|51.2|43.9|0.00|0.03|43.6084|26.1512
01|22|0|0|4.4|24.2|270|51.3|43.9|0.00|0.03|43.6071|26.1512
01|24|0|0|4.8|24.2|270|51.4|43.8|0.00|0.03|43.6075|26.1512
01|25|0|0|2.9|24.2|270|51.6|43.8|0.00|0.03|43.6083|26.1512
01|26|0|0|2.9|24.2|270|51.8|43.7|0.00|0.03|43.6054|26.1512
01|27|0|0|2.9|24.2|270|51.7|43.7|0.00|0.03|43.6068|26.1512
01|28|0|0|2.9|24.2|270|51.8|43.7|0.00|0.03|43.6073|26.1512
01|29|0|0|4.4|24.2|270|51.9|43.6|0.00|0.03|43.607|26.1512
01|30|0|0|2.9|24.2|270|51.9|43.6|0.00|0.03|43.6075|26.1512
01|31|0|0|2.9|24.2|270|52.0|43.6|0.00|0.03|43.6085|26.6189
01|33|0|0|1.5|24.2|270|52.0|43.5|0.00|0.03|43.6111|26.6189
01|34|0|0|2.9|24.2|270|52.1|43.5|0.00|0.03|43.6119|26.6189
01|35|0|0|3.2|24.2|270|52.3|43.4|0.00|0.03|43.6127|26.6189
01|36|0|0|2.9|24.2|270|52.2|43.4|0.00|0.03|43.6139|26.6189
01|37|0|0|3.2|24.2|270|52.6|43.2|0.00|0.03|43.6155|26.6189
01|38|0|0|2.9|24.2|270|52.6|43.2|0.00|0.03|43.6142|26.6189
01|39|0|0|4.4|24.2|270|52.8|43.1|0.00|0.03|43.6158|26.6189
01|40|0|0|2.9|24.2|270|52.9|43.1|0.00|0.03|43.614|26.6189
01|41|0|0|1.5|24.2|270|53.1|43.1|0.00|0.03|43.6152|27.0787
01|42|0|0|2.9|24.2|270|53.7|43.0|0.00|0.03|43.6172|27.0787
01|43|0|315|1.5|24.2|270|53.9|43.0|0.00|0.03|43.6196|27.0787
01|45|0|315|1.5|24.2|270|54.2|43.0|0.00|0.03|43.6191|27.5309
01|46|0|315|1.5|24.2|270|54.2|42.9|0.00|0.03|43.6182|26.6002
01|47|0|315|1.5|24.2|270|54.0|42.8|0.00|0.03|43.6204|26.6002
01|48|0|315|0.0|24.2|270|53.8|42.8|0.00|0.03|43.6213|26.15
01|49|0|315|0.0|24.2|270|53.7|42.7|0.00|0.03|43.6236|26.15
01|50|0|315|0.0|24.2|270|53.8|42.6|0.00|0.03|43.6222|26.15
01|51|0|315|0.0|24.2|270|53.8|42.6|0.00|0.03|43.6252|26.15
01|52|0|0|1.5|24.2|270|54.0|42.6|0.00|0.03|43.6244|26.6002
01|53|0|0|0.0|24.2|270|54.2|42.5|0.00|0.03|43.6245|26.6002
01|54|0|0|1.6|24.2|270|54.7|42.3|0.00|0.03|43.6243|26.6002
01|55|0|0|2.9|24.2|270|55.1|42.2|0.00|0.03|43.6263|27.0431
01|56|0|0|3.2|24.2|270|55.3|42.1|0.00|0.03|43.6255|27.0431
01|57|0|0|4.4|24.2|270|55.5|42.0|0.00|0.03|43.6246|27.0431
01|58|0|0|1.5|24.2|270|55.7|42.0|0.00|0.03|43.6248|27.0431
01|59|0|0|4.4|24.2|270|56.1|42.0|0.00|0.03|43.6244|27.4789
02|00|0|0|2.9|24.2|270|56.2|41.9|0.00|0.03|43.6236|26.5442
02|01|0|0|2.9|24.2|270|56.2|42.0|0.00|0.03|43.6252|27.4789
02|02|0|338|1.5|24.2|270|56.3|42.0|0.00|0.03|43.6264|27.4789
02|03|0|0|2.9|24.2|270|56.7|41.9|0.00|0.03|43.6248|26.5442
02|05|0|0|1.6|24.2|270|56.4|42.0|0.00|0.03|43.6266|27.4789
02|06|0|315|1.5|24.2|270|56.6|42.0|0.00|0.03|43.6278|27.4789
02|07|0|315|1.6|24.2|270|57.0|41.9|0.00|0.03|43.6271|26.9713
02|08|0|0|2.9|24.2|270|57.0|41.8|0.00|0.03|43.6278|26.9713
02|09|0|0|1.5|24.2|270|56.9|41.7|0.00|0.03|43.6252|26.5442
02|10|0|0|3.2|24.2|270|56.9|41.6|0.00|0.03|43.6261|26.5442
02|11|0|315|1.5|24.2|270|57.5|41.5|0.00|0.03|43.6274|26.9713
02|13|0|315|2.9|24.2|270|57.7|41.1|0.00|0.03|43.6264|26.9713
02|14|0|315|1.5|24.2|270|57.9|41.1|0.00|0.03|43.6282|26.9713
02|15|0|0|2.9|24.2|270|58.0|40.9|0.00|0.03|43.6237|26.4531
02|16|0|315|1.5|24.2|270|58.1|40.7|0.00|0.03|43.6219|26.4531
02|17|0|315|0.0|24.2|270|58.1|40.7|0.00|0.03|43.6232|26.4531
02|18|0|315|0.0|24.2|270|58.2|40.5|0.00|0.03|43.6245|26.4531
02|19|0|270|1.6|24.2|270|58.4|40.3|0.00|0.03|43.6246|26.4531
02|20|0|270|1.5|24.2|270|58.7|40.3|0.00|0.03|43.626|26.4531
02|21|0|270|1.5|24.2|270|59.1|40.2|0.00|0.03|43.6262|26.8654
02|22|0|270|1.5|24.2|270|59.2|40.1|0.00|0.03|43.626|26.8654
02|23|0|270|1.5|24.2|270|59.4|40.1|0.00|0.03|43.628|26.8654
02|25|0|270|1.6|24.2|270|59.7|40.1|0.00|0.03|43.6296|26.8654
02|27|0|225|1.5|24.2|270|60.0|40.0|0.00|0.03|43.6296|27.2716
02|28|0|225|1.5|24.2|270|60.4|40.1|0.00|0.03|43.6305|27.2716
02|30|0|270|0.0|24.2|270|60.5|40.1|0.00|0.03|43.6302|27.2716
02|32|0|270|1.5|24.2|270|60.3|40.1|0.00|0.03|43.6309|27.2716
02|33|0|270|1.6|24.2|270|60.4|40.1|0.00|0.03|43.6305|27.2716
02|34|0|270|0.0|24.2|270|60.7|40.1|0.00|0.03|43.6339|27.2716
02|35|0|270|0.0|24.2|270|60.6|40.1|0.00|0.03|43.6337|27.2716
02|37|0|270|1.5|24.2|270|60.6|40.1|0.00|0.03|43.6319|27.2716
02|38|0|270|1.6|24.2|270|60.5|40.1|0.00|0.03|43.6335|27.2716
02|39|0|270|1.5|24.2|270|60.5|40.1|0.00|0.03|43.6354|27.2716
02|41|0|293|1.6|24.2|270|60.0|40.0|0.00|0.03|43.6374|27.2716
02|42|0|270|1.5|24.2|270|59.8|40.0|0.00|0.03|43.6402|26.8654
02|43|0|270|1.5|24.2|270|59.9|40.1|0.00|0.03|43.6406|26.8654
02|44|0|270|1.6|24.2|270|60.1|40.1|0.00|0.03|43.6412|27.2716
02|45|0|225|1.5|24.2|270|60.4|40.1|0.00|0.03|43.6419|27.2716
02|46|0|270|1.5|24.2|270|60.3|40.1|0.00|0.03|43.6423|27.2716
02|48|0|270|2.9|24.2|270|60.0|40.1|0.00|0.03|43.6418|27.2716
02|49|0|270|2.9|24.2|270|59.5|40.0|0.00|0.03|43.6413|26.8654
02|50|0|270|3.2|24.2|270|59.0|40.1|0.00|0.03|43.6427|26.8654
02|51|0|270|1.5|24.2|270|59.0|40.1|0.00|0.03|43.6426|26.8654
02|53|0|270|1.6|24.2|270|59.2|40.2|0.00|0.03|43.6415|26.8654
02|54|0|315|1.5|24.2|270|59.1|40.2|0.00|0.03|43.6404|26.8654
02|55|0|270|0.0|24.2|270|59.2|40.2|0.00|0.03|43.6418|26.8654
02|57|0|270|1.5|24.2|270|58.9|40.3|0.00|0.03|43.6426|26.4531
02|58|0|270|1.6|24.2|270|59.1|40.3|0.00|0.03|43.643|26.8654
02|59|0|315|2.9|24.2|270|59.4|40.2|0.00|0.03|43.6424|26.8654
03|00|0|315|3.2|24.2|270|59.6|40.2|0.00|0.03|43.6427|26.8654
03|01|0|315|1.5|24.2|270|59.8|40.1|0.00|0.03|43.6434|26.8654
03|03|0|315|1.6|24.2|270|60.3|40.0|0.00|0.03|43.6457|27.2716
03|04|0|315|1.5|24.2|270|60.3|39.9|0.00|0.03|43.647|26.3292
03|05|0|270|0.0|24.2|270|60.1|39.8|0.00|0.03|43.6444|26.3292
03|06|0|270|2.9|24.2|270|59.9|39.8|0.00|0.03|43.6468|25.9248
03|07|0|270|1.5|24.2|270|60.0|39.7|0.00|0.03|43.6461|26.3292
03|09|0|270|0.0|24.2|270|60.1|39.7|0.00|0.03|43.6467|26.3292
03|10|0|270|1.6|24.2|270|60.2|39.8|0.00|0.03|43.6485|26.3292
03|11|0|270|1.5|24.2|270|60.3|39.8|0.00|0.03|43.6499|26.3292
03|12|0|270|3.2|24.2|270|60.2|39.8|0.00|0.03|43.6496|26.3292
03|13|0|270|1.5|24.2|270|60.0|39.8|0.00|0.03|43.6492|26.3292
03|14|0|270|1.5|24.2|270|59.7|39.8|0.00|0.03|43.6492|25.9248
03|15|0|270|1.5|24.2|270|59.5|39.8|0.00|0.03|43.649|25.9248
03|16|0|315|1.5|24.2|270|59.2|39.8|0.00|0.03|43.649|25.9248
03|17|0|315|3.2|24.2|270|59.2|39.9|0.00|0.03|43.6521|25.9248
03|18|0|315|1.5|24.2|270|59.2|39.9|0.00|0.03|43.6511|25.9248
03|19|0|315|1.5|24.2|270|59.5|40.0|0.00|0.03|43.653|26.8654
03|20|0|315|2.9|24.2|270|59.6|40.0|0.00|0.03|43.654|26.8654
03|21|0|315|2.9|24.2|270|59.7|40.0|0.00|0.03|43.6541|26.8654
03|22|0|315|1.5|24.2|270|59.9|39.9|0.00|0.03|43.6547|25.9248
03|23|0|315|1.6|24.2|270|60.0|39.8|0.00|0.03|43.6546|26.3292
03|24|0|315|2.9|24.2|270|60.3|39.7|0.00|0.03|43.6538|26.3292
03|25|0|315|1.5|24.2|270|60.4|39.5|0.00|0.03|43.6534|26.3292
03|27|0|315|2.9|24.2|270|61.0|39.3|0.00|0.03|43.6556|26.7276
03|28|0|315|1.6|24.2|270|61.4|39.2|0.00|0.03|43.6548|26.7276
03|30|0|315|1.5|24.2|270|61.7|39.1|0.00|0.03|43.6531|26.7276
03|31|0|315|1.5|24.2|270|61.7|38.9|0.00|0.03|43.6517|25.7832
03|33|0|315|1.6|24.2|270|62.0|38.6|0.00|0.03|43.6498|26.1742
03|34|0|315|0.0|24.2|270|61.8|38.6|0.00|0.03|43.6493|25.7832
03|35|0|315|1.6|24.2|270|61.8|38.5|0.01|0.04|43.6478|25.7832
03|36|0|315|0.0|24.2|270|62.3|38.5|0.01|0.04|43.6498|26.1742
03|37|0|315|0.0|24.2|270|62.5|38.4|0.01|0.04|43.6491|26.1742
03|38|0|315|0.0|24.2|270|62.3|38.4|0.01|0.04|43.6487|26.1742
03|39|0|315|0.0|24.2|270|62.2|38.4|0.01|0.04|43.648|26.1742
03|40|0|315|0.0|24.2|270|62.1|38.4|0.01|0.04|43.6499|26.1742
03|41|0|315|1.6|24.2|270|62.5|38.5|0.01|0.04|43.6526|26.1742
03|42|0|315|0.0|24.2|270|62.8|38.5|0.01|0.04|43.6495|26.1742
03|43|0|315|0.0|24.2|270|62.7|38.5|0.01|0.04|43.6515|26.1742
03|44|0|315|0.0|24.2|270|62.5|38.5|0.01|0.04|43.6511|26.1742
03|45|0|315|0.0|24.2|270|62.3|38.5|0.01|0.04|43.654|26.1742
03|46|0|315|0.0|24.2|270|62.2|38.5|0.01|0.04|43.6557|26.1742
03|47|0|315|0.0|24.2|270|62.2|38.5|0.01|0.04|43.658|26.1742
03|48|0|315|0.0|24.2|270|62.6|38.4|0.01|0.04|43.6599|26.1742
03|49|0|315|1.5|24.2|270|63.0|38.4|0.01|0.04|43.6617|26.5595
03|51|0|315|0.0|24.2|270|62.9|38.4|0.01|0.04|43.6621|26.1742
03|52|0|315|0.0|24.2|270|62.7|38.4|0.01|0.04|43.6631|26.1742
03|54|0|315|0.0|24.2|270|62.6|38.4|0.01|0.04|43.6654|26.1742
03|55|0|315|0.0|24.2|270|62.5|38.4|0.01|0.04|43.6658|26.1742
03|56|0|315|1.5|24.2|270|62.7|38.4|0.01|0.04|43.6627|26.1742
03|57|0|315|0.0|24.2|270|63.0|38.4|0.01|0.04|43.6654|26.5595
03|58|0|315|0.0|24.2|270|63.0|38.4|0.01|0.04|43.6667|26.5595
03|59|0|315|1.5|24.2|270|63.1|38.4|0.01|0.04|43.665|26.5595
04|00|0|315|1.5|24.2|270|63.6|38.4|0.01|0.04|43.6652|26.5595
04|01|0|315|0.0|24.2|270|64.1|38.4|0.01|0.04|43.6681|26.9395
04|02|0|315|1.6|24.2|270|64.2|38.4|0.01|0.04|43.6723|26.9395
04|03|0|315|0.0|24.2|270|64.2|38.3|0.01|0.04|43.6707|26.9395
04|04|0|315|0.0|24.2|270|64.2|38.3|0.01|0.04|43.6713|26.9395
04|06|0|225|0.0|24.2|270|63.8|38.2|0.01|0.04|43.6734|26.5595
04|07|0|225|0.0|24.2|270|63.7|38.2|0.01|0.04|43.6741|26.5595
04|08|0|225|0.0|24.2|270|63.8|38.2|0.01|0.04|43.6752|26.5595
04|10|0|225|0.0|24.2|270|64.3|38.2|0.01|0.04|43.6762|26.9395
04|11|0|225|1.5|24.2|270|64.6|38.2|0.01|0.04|43.6756|26.9395
04|12|0|225|0.0|24.2|270|64.6|38.1|0.01|0.04|43.6746|26.9395
04|13|0|225|0.0|24.2|270|64.4|38.1|0.01|0.04|43.6725|26.9395
04|14|0|225|0.0|24.2|270|64.4|38.0|0.01|0.04|43.6733|26.9395
04|15|0|225|1.5|24.2|270|64.4|38.0|0.01|0.04|43.6735|26.9395
04|16|0|225|0.0|24.2|270|64.3|37.8|0.01|0.04|43.672|25.9899
04|17|0|225|1.5|24.2|270|64.3|37.8|0.01|0.04|43.6727|25.9899
04|18|0|225|1.5|24.2|270|64.7|37.8|0.01|0.04|43.6723|25.9899
04|19|0|45|1.5|24.2|270|65.2|37.8|0.01|0.04|43.6747|26.363
04|20|0|45|0.0|24.2|270|65.1|38.0|0.01|0.04|43.6756|27.3143
04|21|0|45|1.6|24.2|270|65.3|38.0|0.01|0.04|43.6731|27.3143
04|22|0|45|0.0|24.2|270|65.4|38.0|0.01|0.04|43.6732|27.3143
04|23|0|45|0.0|24.2|270|65.5|38.1|0.01|0.04|43.6743|27.3143
04|24|0|45|0.0|24.2|270|65.4|38.1|0.01|0.04|43.6738|27.3143
04|25|0|45|0.0|24.2|270|65.1|38.1|0.01|0.04|43.6745|27.3143
04|26|0|180|0.0|24.2|270|65.5|38.1|0.01|0.04|43.6771|27.3143
04|27|0|180|0.0|24.2|270|65.6|38.1|0.01|0.04|43.6781|27.3143
04|28|0|180|1.5|24.2|270|65.6|38.1|0.01|0.04|43.6798|27.3143
04|29|0|180|1.5|24.2|270|65.7|38.1|0.01|0.04|43.6793|27.3143
04|31|0|180|0.0|24.2|270|65.9|38.1|0.01|0.04|43.6801|27.3143
04|32|0|180|1.5|24.2|270|66.0|38.1|0.01|0.04|43.6796|27.684
04|33|0|180|1.5|24.2|270|66.1|38.1|0.01|0.04|43.6795|27.684
04|34|0|180|0.0|24.2|270|66.1|38.1|0.00|0.04|43.6811|27.684
04|35|0|180|1.5|24.2|270|66.2|38.1|0.00|0.04|43.6807|27.684
04|36|0|180|1.6|24.2|270|66.4|38.0|0.00|0.04|43.6836|27.684
04|37|0|180|0.0|24.2|270|66.4|38.0|0.00|0.04|43.6843|27.684
04|38|0|180|0.0|24.2|270|66.3|38.0|0.00|0.04|43.6851|27.684
04|39|0|180|0.0|24.2|270|66.1|38.0|0.00|0.04|43.6838|27.684
04|40|0|180|0.0|24.2|270|65.9|38.0|0.00|0.04|43.6845|27.3143
04|41|0|180|0.0|24.2|270|65.6|38.0|0.00|0.04|43.6835|27.3143
04|42|0|180|1.5|24.2|270|65.7|38.0|0.00|0.04|43.6854|27.3143
04|43|0|180|0.0|24.2|270|65.8|38.0|0.00|0.04|43.6854|27.3143
04|44|0|180|0.0|24.2|270|66.0|38.0|0.00|0.04|43.6875|27.684
04|45|0|180|1.5|24.2|270|66.2|38.0|0.00|0.04|43.6888|27.684
04|47|0|180|1.5|24.2|270|67.0|38.0|0.00|0.04|43.6888|28.0487
04|48|0|180|0.0|24.2|270|66.7|38.1|0.00|0.04|43.691|27.684
04|49|0|180|1.5|24.2|270|67.3|38.0|0.00|0.04|43.6916|28.0487
04|51|0|180|0.0|24.2|270|67.4|38.0|0.00|0.04|43.6924|28.0487
04|52|0|180|0.0|24.2|270|67.0|38.0|0.00|0.04|43.693|28.0487
04|53|0|180|1.5|24.2|270|66.9|37.8|0.00|0.04|43.6907|26.731
04|54|0|180|0.0|24.2|270|67.1|37.8|0.00|0.04|43.6914|27.0941
04|55|0|180|0.0|24.2|270|67.1|37.8|0.00|0.04|43.692|27.0941
04|56|0|180|1.5|24.2|270|67.2|37.7|0.00|0.04|43.6934|27.0941
04|57|0|180|0.0|24.2|270|67.4|37.7|0.00|0.04|43.6926|27.0941
04|58|0|180|1.6|24.2|270|67.6|37.6|0.00|0.04|43.692|27.0941
04|59|0|180|1.5|24.2|270|67.9|37.7|0.00|0.04|43.6953|27.0941
05|01|0|180|1.6|24.2|270|68.4|37.6|0.00|0.04|43.6981|27.4525
05|03|0|180|0.0|24.2|270|68.5|37.6|0.00|0.04|43.6994|27.4525
05|04|0|180|1.5|24.2|270|68.9|37.6|0.00|0.04|43.7006|27.4525
05|05|0|180|1.5|24.2|270|69.1|37.6|0.00|0.04|43.7011|27.8062
05|07|0|180|1.6|24.2|270|69.2|37.6|0.00|0.04|43.7043|27.8062
05|08|0|180|1.5|24.2|270|69.7|37.6|0.00|0.04|43.7052|27.8062
05|09|0|180|0.0|24.2|270|70.2|37.7|0.00|0.04|43.7064|28.1554
05|10|0|180|0.0|24.2|270|70.1|37.7|0.00|0.04|43.7048|28.1554
05|12|0|180|1.5|24.2|270|70.2|37.7|0.00|0.04|43.7058|28.1554
05|14|0|180|0.0|24.2|270|70.5|38.0|0.00|0.04|43.7059|29.1148
05|15|0|180|1.5|24.2|270|70.4|38.0|0.00|0.04|43.7075|29.1148
05|16|0|270|2.9|24.2|270|70.0|38.0|0.00|0.04|43.7073|29.1148
05|17|0|270|1.5|24.2|270|69.7|38.1|0.00|0.04|43.7068|28.764
05|18|0|270|1.6|24.2|270|70.0|38.2|0.00|0.04|43.7083|29.1148
05|19|0|225|1.5|24.2|270|70.1|38.2|0.00|0.04|43.7093|29.1148
05|20|0|225|1.5|24.2|270|69.8|38.3|0.00|0.04|43.7113|28.764
05|22|0|270|2.9|24.2|270|68.2|38.4|0.00|0.04|43.7114|28.4087
05|23|0|270|3.2|24.2|270|67.6|38.5|0.00|0.04|43.7107|28.0487
05|24|0|270|2.9|24.2|270|66.9|38.6|0.00|0.04|43.7123|27.684
05|26|0|270|1.5|24.2|270|66.6|38.7|0.00|0.04|43.7114|27.684
05|28|0|315|1.6|24.2|270|66.6|39.0|0.00|0.04|43.7131|28.6369
05|29|0|270|1.6|24.2|270|66.6|39.1|0.00|0.04|43.7123|28.6369
05|30|0|270|2.9|24.2|270|66.5|39.1|0.00|0.04|43.7136|28.6369
05|31|0|270|1.6|24.2|270|66.1|39.2|0.00|0.04|43.7137|28.6369
05|32|0|270|1.5|24.2|270|65.8|39.2|0.00|0.04|43.7103|28.2655
05|33|0|270|1.5|24.2|270|65.6|39.3|0.00|0.04|43.7131|28.2655
05|34|0|270|2.9|24.2|270|65.5|39.3|0.00|0.04|43.7119|28.2655
05|35|0|270|2.9|24.2|270|65.4|39.3|0.00|0.04|43.713|28.2655
05|36|0|270|4.8|24.2|270|65.3|39.3|0.00|0.04|43.7123|28.2655
05|37|0|270|2.9|24.2|270|65.1|39.3|0.00|0.04|43.7137|28.2655
05|38|0|270|2.9|24.2|270|65.1|39.4|0.00|0.04|43.7131|28.2655
05|39|0|270|4.4|24.2|270|65.0|39.4|0.00|0.04|43.7123|28.2655
05|40|0|315|2.9|24.2|270|65.1|39.4|0.00|0.04|43.7155|28.2655
05|41|0|270|2.9|24.2|270|65.3|39.4|0.00|0.04|43.7162|28.2655
05|42|0|270|4.8|24.2|270|65.1|39.5|0.00|0.04|43.7193|28.2655
05|43|0|270|2.9|24.2|270|65.0|39.5|0.00|0.04|43.7203|28.2655
05|44|0|270|2.9|24.2|270|65.4|39.5|0.00|0.04|43.7222|28.2655
05|46|0|315|2.9|24.2|270|65.5|39.5|0.00|0.04|43.7249|28.2655
05|47|0|315|2.9|24.2|270|66.1|39.5|0.00|0.04|43.724|28.6369
05|48|0|315|1.5|24.2|270|66.7|39.7|0.00|0.04|43.7266|28.6369
05|49|0|315|1.6|24.2|270|66.9|39.5|0.00|0.04|43.7244|28.6369
05|50|0|270|2.9|24.2|270|66.3|39.5|0.00|0.04|43.7238|28.6369
05|51|0|270|3.2|24.2|270|65.9|39.5|0.00|0.04|43.7265|28.2655
05|52|0|315|1.5|24.2|270|66.0|39.5|0.00|0.04|43.7268|28.6369
05|53|0|270|1.5|24.2|270|66.0|39.5|0.00|0.04|43.7284|28.6369
05|54|0|270|1.5|24.2|270|65.8|39.5|0.00|0.04|43.7285|28.2655
05|55|0|270|1.6|24.2|270|65.8|39.7|0.00|0.04|43.7305|28.2655
05|56|0|315|1.5|24.2|270|65.8|39.7|0.00|0.04|43.7298|28.2655
05|57|0|315|1.5|24.2|270|66.0|39.7|0.00|0.04|43.7298|28.6369
05|58|0|315|2.9|24.2|270|66.1|39.7|0.00|0.04|43.7312|28.6369
05|59|0|315|1.5|24.2|270|66.2|39.7|0.00|0.04|43.732|28.6369
06|00|0|315|1.6|24.2|270|66.4|39.7|0.00|0.04|43.7341|28.6369
06|01|0|315|0.0|24.2|270|66.5|39.7|0.00|0.04|43.7382|28.6369
06|03|0|315|0.0|24.2|270|67.2|39.7|0.00|0.04|43.7387|29.0033
06|04|0|315|0.0|24.2|270|67.3|39.7|0.00|0.04|43.7403|29.0033
06|05|0|315|1.5|24.2|270|66.5|39.7|0.00|0.04|43.7402|28.6369
06|06|0|315|1.6|24.2|270|66.1|39.7|0.00|0.04|43.7429|28.6369
06|07|0|45|2.9|24.2|270|65.6|39.5|0.00|0.04|43.742|28.2655
06|08|0|45|3.2|24.2|270|66.1|39.5|0.00|0.04|43.7452|28.6369
06|09|0|45|1.5|24.2|270|65.0|39.5|0.00|0.04|43.7466|28.2655
06|10|0|45|1.5|24.2|270|64.9|39.5|0.01|0.05|43.7485|27.889
06|11|0|45|1.5|24.2|270|65.1|39.5|0.01|0.05|43.7512|28.2655
06|12|0|45|2.9|24.2|270|65.0|39.5|0.01|0.05|43.7497|28.2655
06|13|0|45|1.6|24.2|270|64.9|39.5|0.01|0.05|43.7522|27.889
06|14|0|113|1.5|24.2|270|65.4|39.5|0.01|0.05|43.7522|28.2655
06|16|0|135|0.0|24.2|270|64.3|39.7|0.01|0.05|43.7538|27.889
06|18|0|90|1.6|24.2|270|63.8|39.7|0.01|0.05|43.7529|27.5073
06|20|0|90|1.5|24.2|270|63.5|39.7|0.01|0.05|43.7521|27.5073
06|21|0|90|1.5|24.2|270|63.5|39.7|0.01|0.05|43.7533|27.5073
06|22|0|90|0.0|24.2|270|63.7|39.8|0.01|0.05|43.7551|27.5073
06|24|0|90|0.0|24.2|270|63.6|39.8|0.01|0.05|43.7555|27.5073
06|25|0|90|0.0|24.2|270|63.5|39.8|0.01|0.05|43.7538|27.5073
06|26|0|90|0.0|24.2|270|63.4|39.8|0.01|0.05|43.7569|27.5073
06|27|0|90|1.5|24.2|270|63.3|39.9|0.01|0.05|43.7574|27.5073
06|28|0|90|1.5|24.2|270|63.2|39.9|0.01|0.05|43.7581|27.5073
06|29|0|90|0.0|24.2|270|63.1|39.9|0.01|0.05|43.7606|27.5073
06|30|0|90|0.0|24.2|270|63.3|39.9|0.01|0.05|43.7593|27.5073
06|31|0|90|2.9|24.2|270|63.4|39.9|0.01|0.05|43.7604|27.5073
06|33|0|90|0.0|24.2|270|62.8|39.9|0.01|0.05|43.7644|27.1202
06|34|0|90|0.0|24.2|270|62.8|39.9|0.01|0.05|43.7658|27.1202
06|35|0|90|0.0|24.2|270|62.9|39.9|0.01|0.05|43.7665|27.1202
06|36|0|90|0.0|24.2|270|62.9|39.9|0.01|0.05|43.7659|27.1202
06|37|0|90|0.0|24.2|270|62.9|39.9|0.01|0.05|43.7674|27.1202
06|39|0|0|1.5|24.2|270|62.4|39.9|0.01|0.05|43.7699|27.1202
06|40|0|45|2.9|24.2|270|62.4|39.9|0.01|0.05|43.7716|27.1202
06|41|0|45|1.6|24.2|270|62.2|39.9|0.01|0.05|43.7722|27.1202
06|42|0|45|1.5|24.2|270|61.9|39.9|0.01|0.05|43.7736|26.7276
06|44|0|45|1.6|24.2|270|61.6|39.8|0.01|0.05|43.7731|26.7276
06|45|0|45|1.5|24.2|270|61.3|39.8|0.01|0.05|43.7736|26.7276
06|46|0|45|0.0|24.2|270|61.2|39.9|0.01|0.05|43.7752|26.7276
06|47|0|45|0.0|24.2|270|61.1|39.9|0.01|0.05|43.7743|26.7276
06|48|0|45|1.5|24.2|270|61.1|39.9|0.01|0.05|43.7749|26.7276
06|49|0|45|1.6|24.2|270|61.1|39.9|0.01|0.05|43.7769|26.7276
06|51|0|45|1.5|24.2|270|61.7|40.0|0.01|0.05|43.7748|27.6718
06|52|0|45|0.0|24.2|270|61.6|40.0|0.01|0.05|43.7748|27.6718
06|53|0|45|1.6|24.2|270|61.7|40.0|0.01|0.05|43.7741|27.6718
06|54|0|45|0.0|24.2|270|61.7|40.0|0.01|0.05|43.776|27.6718
06|55|0|45|3.2|24.2|270|61.9|40.0|0.01|0.05|43.7743|27.6718
06|57|0|45|0.0|24.2|270|62.4|40.0|0.01|0.05|43.7744|28.0662
06|58|0|45|1.5|24.2|270|62.4|40.0|0.01|0.05|43.7753|28.0662
06|59|0|45|1.5|24.2|270|62.4|40.0|0.01|0.05|43.7722|28.0662
07|00|0|45|1.5|24.2|270|62.1|40.1|0.01|0.05|43.7771|28.0662
07|02|0|45|0.0|24.2|270|61.9|40.1|0.01|0.05|43.7764|27.6718
07|03|0|45|0.0|24.2|270|61.8|40.1|0.01|0.05|43.7769|27.6718
07|04|0|45|0.0|24.2|270|61.9|40.0|0.02|0.07|43.7763|27.6718
07|05|0|45|1.6|24.2|270|62.0|40.0|0.02|0.07|43.7749|28.0662
07|06|0|45|1.5|24.2|270|62.1|40.0|0.02|0.07|43.7754|28.0662
07|07|0|225|1.5|24.2|270|62.3|40.0|0.02|0.07|43.7755|28.0662
07|08|0|225|1.5|24.2|270|62.5|40.0|0.02|0.07|43.7765|28.0662
07|09|0|225|1.5|24.2|270|62.6|40.0|0.02|0.07|43.7773|28.0662
07|10|0|225|0.0|24.2|270|62.6|39.9|0.01|0.07|43.7773|27.1202
07|11|0|225|0.0|24.2|270|62.6|39.9|0.01|0.07|43.7772|27.1202
07|13|0|225|0.0|24.2|270|62.5|39.8|0.01|0.07|43.781|27.1202
07|14|0|225|0.0|24.2|270|62.3|39.8|0.01|0.07|43.7836|27.1202
07|15|0|225|0.0|24.2|270|62.2|39.8|0.01|0.07|43.7849|27.1202
07|16|0|225|0.0|24.2|270|62.5|39.8|0.01|0.07|43.7845|27.1202
07|17|0|225|0.0|24.2|270|62.9|39.8|0.01|0.07|43.7846|27.1202
07|19|0|225|0.0|24.2|270|62.7|39.8|0.01|0.07|43.7868|27.1202
07|20|0|225|0.0|24.2|270|62.7|39.7|0.01|0.07|43.7853|27.1202
07|21|0|225|1.6|24.2|270|62.7|39.7|0.01|0.07|43.7875|27.1202
07|22|0|225|0.0|24.2|270|62.7|39.7|0.01|0.07|43.7848|27.1202
07|23|0|225|0.0|24.2|270|62.8|39.7|0.01|0.07|43.7868|27.1202
07|24|0|225|0.0|24.2|270|63.1|39.7|0.01|0.07|43.7868|27.5073
07|25|0|225|0.0|24.2|270|63.3|39.7|0.01|0.07|43.7865|27.5073
07|26|0|225|0.0|24.2|270|63.4|39.9|0.01|0.07|43.7869|27.5073
07|27|0|225|0.0|24.2|270|63.2|40.0|0.01|0.07|43.7889|28.455
07|28|0|225|0.0|24.2|270|63.0|40.1|0.01|0.07|43.7877|28.455
07|29|0|225|0.0|24.2|270|62.9|40.3|0.01|0.07|43.7893|28.0662
07|30|0|225|1.6|24.2|270|63.1|40.4|0.01|0.07|43.7867|28.455
07|31|0|225|1.5|24.2|270|63.5|40.5|0.01|0.07|43.7874|28.455
07|33|0|225|1.5|24.2|270|63.2|40.4|0.01|0.07|43.7919|28.455
07|34|0|225|0.0|24.2|270|63.3|40.4|0.01|0.07|43.791|28.455
07|35|0|225|2.9|24.2|270|63.7|40.4|0.01|0.07|43.7883|28.455
07|36|0|225|1.5|24.2|270|63.9|40.4|0.01|0.07|43.7901|28.455
07|37|0|270|2.9|24.2|270|63.0|40.4|0.01|0.07|43.7906|28.455
07|38|0|225|3.2|24.2|270|62.3|40.4|0.01|0.07|43.7907|28.0662
07|40|0|225|1.5|24.2|270|62.0|40.4|0.01|0.07|43.7916|28.0662
07|41|0|225|1.5|24.2|270|62.1|40.4|0.01|0.07|43.7898|28.0662
07|42|0|270|0.0|24.2|270|62.1|40.5|0.01|0.07|43.7914|28.0662
07|44|0|45|1.6|24.2|270|63.1|40.5|0.01|0.07|43.7923|28.455
07|45|0|45|1.5|24.2|270|63.6|40.7|0.01|0.07|43.7906|28.455
07|46|0|45|0.0|24.2|270|63.1|40.8|0.01|0.07|43.7872|28.455
07|47|0|90|1.5|24.2|270|63.3|40.9|0.01|0.07|43.7868|28.455
07|48|0|90|1.6|24.2|270|62.6|41.1|0.01|0.07|43.7865|29.012
07|49|0|90|0.0|24.2|270|61.8|41.3|0.01|0.07|43.7887|28.6158
07|50|0|45|0.0|24.2|270|61.7|41.6|0.01|0.07|43.7917|28.6158
07|51|0|179|1.5|24.2|270|61.5|41.9|0.01|0.07|43.7963|28.6158
07|52|0|45|1.5|24.2|270|60.9|42.1|0.01|0.07|43.7992|29.156
07|53|0|45|1.6|24.2|270|60.2|42.5|0.01|0.07|43.8002|29.156
07|54|0|179|1.5|24.2|270|58.7|42.7|0.01|0.07|43.798|28.3303
07|55|0|90|1.6|24.2|270|57.5|42.9|0.01|0.07|43.7956|27.9079
07|56|0|90|1.5|24.2|270|56.9|43.2|0.01|0.07|43.7965|28.4135
07|59|0|135|1.6|24.2|270|55.9|43.7|0.01|0.07|43.7915|27.9758
08|00|0|135|0.0|24.2|270|56.0|44.0|0.01|0.07|43.7942|29.348
08|01|0|135|0.0|24.2|270|56.1|44.3|0.01|0.07|43.7973|29.348
08|02|0|135|2.9|24.2|270|55.8|44.5|0.01|0.07|43.796|28.9083
08|03|0|135|1.6|24.2|270|54.6|44.7|0.00|0.07|43.797|28.4615
08|05|0|135|1.5|24.2|270|53.0|45.2|0.00|0.07|43.8008|28.9357
08|06|0|135|1.5|24.2|270|52.9|45.3|0.00|0.07|43.8013|28.4718
08|07|0|68|1.5|24.2|270|52.4|45.5|0.00|0.07|43.8053|28.4718
08|08|0|90|0.0|24.2|270|52.3|45.6|0.00|0.07|43.8052|28.4718
08|09|0|45|0.0|24.2|270|51.8|45.8|0.00|0.07|43.8059|28
08|10|0|45|0.0|24.2|270|51.4|46.1|0.00|0.07|43.8028|28.9241
08|11|0|270|0.0|24.2|270|51.4|46.3|0.00|0.07|43.8012|28.9241
08|12|0|225|1.5|24.2|270|51.5|46.5|0.00|0.07|43.8006|28.9241
08|13|0|225|1.6|24.2|270|50.6|46.6|0.00|0.07|43.799|28.4419
08|14|0|225|0.0|24.2|270|50.3|46.8|0.00|0.07|43.7994|28.4419
08|17|0|225|0.0|24.2|270|49.7|47.5|0.01|0.08|43.7992|28.8709
08|18|0|225|0.0|24.2|270|49.4|47.7|0.01|0.08|43.8026|28.8709
08|19|0|45|1.5|24.2|270|49.3|48.0|0.01|0.08|43.8076|29.7905
08|20|0|0|1.5|24.2|270|48.9|48.2|0.01|0.08|43.8076|29.2864
08|21|0|0|2.9|24.2|270|49.1|48.3|0.01|0.08|43.8059|29.7905
08|22|0|315|1.5|24.2|270|48.2|48.5|0.01|0.08|43.8074|29.2864
08|23|0|315|0.0|24.2|270|47.6|48.5|0.01|0.08|43.807|28.7729
08|24|0|315|1.5|24.2|270|47.2|48.7|0.01|0.08|43.8068|28.7729
08|25|0|315|3.2|24.2|270|47.1|48.8|0.01|0.08|43.808|28.7729
08|26|0|315|0.0|24.2|270|46.5|48.8|0.01|0.08|43.8075|28.2496
08|27|0|315|0.0|24.2|270|46.4|48.8|0.01|0.08|43.8081|28.2496
08|28|0|315|1.5|24.2|270|46.4|48.8|0.01|0.08|43.8092|28.2496
08|29|0|315|1.5|24.2|270|46.4|48.8|0.01|0.08|43.8083|28.2496
08|30|0|315|3.2|24.2|270|46.6|48.8|0.01|0.08|43.8109|28.2496
08|32|0|315|1.6|24.2|270|46.2|48.8|0.01|0.08|43.809|28.2496
08|33|0|315|1.5|24.2|270|47.1|48.9|0.01|0.08|43.8105|28.7729
08|34|0|315|1.6|24.2|270|47.7|48.9|0.01|0.08|43.8125|28.7729
08|35|0|0|1.5|24.2|270|47.7|48.9|0.01|0.08|43.8098|28.7729
08|36|0|315|3.2|24.2|270|47.3|49.0|0.01|0.08|43.8118|29.6879
08|37|0|0|1.5|24.2|270|45.9|49.0|0.01|0.08|43.8098|28.6266
08|38|0|315|1.5|24.2|270|44.9|49.1|0.01|0.08|43.8123|28.0802
08|40|0|315|2.9|24.2|270|45.2|49.2|0.01|0.08|43.8124|28.6266
08|41|0|270|1.5|24.2|270|45.0|49.3|0.01|0.08|43.8141|28.6266
08|42|0|270|2.9|24.2|270|44.8|49.4|0.01|0.08|43.8146|28.0802
08|43|0|315|1.5|24.2|270|45.0|49.5|0.01|0.08|43.8153|28.6266
08|44|0|270|1.6|24.2|270|45.1|49.7|0.01|0.08|43.8169|28.6266
08|45|0|248|1.5|24.2|270|44.6|49.8|0.01|0.08|43.8172|28.0802
08|46|0|270|1.6|24.2|270|44.4|49.9|0.01|0.08|43.8184|28.0802
08|47|0|270|1.5|24.2|270|43.7|50.0|0.01|0.08|43.8176|28.4283
08|48|0|225|2.9|24.2|270|43.6|50.1|0.01|0.08|43.8176|28.4283
08|50|0|225|1.5|24.2|270|44.0|50.3|0.01|0.08|43.816|28.9882
08|52|0|315|2.9|24.2|270|42.3|50.7|0.01|0.08|43.8143|27.8568
08|53|0|315|2.9|24.2|270|42.0|50.8|0.01|0.08|43.8114|27.8568
08|54|0|270|0.0|24.2|270|42.3|50.9|0.01|0.08|43.8128|27.8568
08|55|0|315|2.9|24.2|270|42.1|50.9|0.01|0.08|43.8112|27.8568
08|56|0|315|1.5|24.2|270|41.2|50.9|0.01|0.08|43.8133|27.2731
08|57|0|270|1.6|24.2|270|40.9|50.9|0.01|0.08|43.8141|26.6766
08|58|0|270|1.5|24.2|270|40.8|51.0|0.01|0.08|43.8153|27.5745
08|59|0|225|0.0|24.2|270|40.6|51.0|0.01|0.08|43.8153|27.5745
09|00|0|225|1.5|24.2|270|41.5|51.1|0.01|0.08|43.816|28.1735
09|02|0|225|1.5|24.2|270|41.5|51.2|0.01|0.08|43.8162|28.1735
09|03|0|270|1.5|24.2|270|41.3|51.3|0.01|0.08|43.8187|28.1735
09|04|0|270|0.0|24.2|270|40.6|51.6|0.01|0.08|43.82|27.5745
09|06|0|0|1.5|24.2|270|39.4|52.0|0.01|0.08|43.8187|27.8571
09|07|0|315|4.8|24.2|270|38.7|52.1|0.01|0.08|43.817|27.228
09|08|0|0|1.5|24.2|270|39.2|52.1|0.01|0.08|43.8191|27.8571
09|09|0|0|1.5|24.2|270|38.5|52.2|0.01|0.08|43.8197|27.228
09|10|0|0|2.9|24.2|270|38.5|52.2|0.01|0.08|43.815|27.228
09|11|0|0|1.5|24.2|270|39.0|52.4|0.01|0.08|43.8168|27.8571
09|12|0|180|1.5|24.2|270|40.3|52.4|0.01|0.08|43.8162|28.4721
09|13|0|315|2.9|24.2|270|39.5|52.5|0.01|0.08|43.8168|27.8571
09|14|0|270|2.9|24.2|270|39.3|52.5|0.01|0.08|43.818|27.8571
09|16|0|315|1.6|24.2|270|39.3|52.5|0.01|0.08|43.8163|27.8571
09|17|0|315|4.4|24.2|270|38.9|52.5|0.00|0.08|43.8209|27.228
09|18|0|0|1.6|24.2|270|38.3|52.4|0.00|0.08|43.8202|27.228
09|19|0|315|2.9|24.2|270|37.5|52.4|0.00|0.08|43.8213|26.5841
09|20|0|0|2.9|24.2|270|37.4|52.2|0.00|0.08|43.823|26.5841
09|21|0|0|1.5|24.2|270|37.0|52.2|0.00|0.08|43.8221|26.5841
09|22|0|315|2.9|24.2|270|37.3|52.2|0.00|0.08|43.8241|26.5841
09|23|0|315|3.2|24.2|270|37.9|52.1|0.00|0.08|43.8226|26.5841
09|24|0|315|2.9|24.2|270|37.4|52.2|0.00|0.08|43.8258|26.5841
09|26|0|315|1.6|24.2|270|37.4|52.4|0.00|0.08|43.8248|26.5841
09|27|0|315|0.0|24.2|270|37.4|52.4|0.00|0.08|43.828|26.5841
09|28|0|225|0.0|24.2|270|37.4|52.5|0.01|0.09|43.8286|26.5841
09|29|0|0|2.9|24.2|270|37.1|52.6|0.01|0.09|43.829|26.5841
09|30|0|0|1.5|24.2|270|36.8|52.7|0.01|0.09|43.8282|25.9245
09|31|0|45|2.9|24.2|270|36.4|52.9|0.01|0.09|43.8291|25.9245
09|33|0|315|1.6|24.2|270|37.2|53.0|0.01|0.09|43.8289|27.4735
09|34|0|315|1.5|24.2|270|37.4|53.2|0.01|0.09|43.8285|27.4735
09|35|0|270|1.5|24.2|270|37.0|53.3|0.01|0.09|43.8289|27.4735
09|36|0|315|4.8|24.2|270|36.8|53.4|0.01|0.09|43.8298|26.8112
09|38|0|315|4.4|24.2|270|36.1|53.3|0.01|0.09|43.8323|26.8112
09|39|0|315|1.6|24.2|270|35.8|53.3|0.01|0.09|43.8331|26.1323
09|40|0|315|2.9|24.2|270|36.0|53.3|0.01|0.09|43.836|26.8112
09|41|0|0|1.6|24.2|270|36.1|53.3|0.01|0.09|43.836|26.8112
09|42|0|315|4.4|24.2|270|36.2|53.2|0.01|0.09|43.8343|26.8112
09|43|0|315|1.5|24.2|270|36.8|53.2|0.01|0.09|43.8352|26.8112
09|44|0|315|0.0|24.2|270|36.7|53.3|0.01|0.09|43.8377|26.8112
09|45|0|270|2.9|24.2|270|36.5|53.5|0.01|0.09|43.8391|26.8112
09|46|0|270|1.5|24.2|270|35.8|53.5|0.01|0.09|43.8348|26.1323
09|47|0|315|1.5|24.2|270|35.9|53.6|0.01|0.09|43.8332|26.1323
09|48|0|0|1.5|24.2|270|36.3|53.8|0.01|0.09|43.8341|26.8112
09|49|0|0|0.0|24.2|270|35.2|53.8|0.01|0.09|43.8346|26.1323
09|50|0|315|1.6|24.2|270|34.9|54.0|0.01|0.09|43.8345|26.3168
09|51|0|0|1.5|24.2|270|35.0|54.2|0.01|0.09|43.8343|27.0159
09|52|0|45|1.6|24.2|270|34.6|54.3|0.01|0.09|43.8347|26.3168
09|53|0|0|2.9|24.2|270|34.3|54.5|0.01|0.09|43.8339|26.3168
09|54|0|0|1.5|24.2|270|34.6|54.6|0.01|0.09|43.8341|26.3168
09|55|0|315|2.9|24.2|270|34.8|54.8|0.01|0.09|43.832|26.3168
09|57|0|315|4.8|24.2|270|35.2|54.6|0.01|0.09|43.8371|27.0159
09|59|0|45|1.5|24.2|270|34.9|54.6|0.01|0.09|43.8368|26.3168
10|00|0|0|2.9|24.2|270|34.5|54.7|0.01|0.09|43.8357|26.3168
10|01|0|45|1.6|24.2|270|33.7|54.6|0.01|0.09|43.8352|25.5991
10|02|0|45|2.9|24.2|270|33.7|54.6|0.01|0.09|43.8357|25.5991
10|03|0|90|1.5|24.2|270|33.5|54.6|0.01|0.09|43.8373|25.5991
10|04|0|90|1.5|24.2|270|33.4|54.5|0.01|0.09|43.8366|25.5991
10|05|0|90|0.0|24.2|270|33.4|54.6|0.01|0.09|43.8379|25.5991
10|06|0|90|1.5|24.2|270|33.4|54.6|0.01|0.09|43.8368|25.5991
10|08|0|225|3.2|24.2|270|34.0|54.7|0.01|0.09|43.8373|26.3168
10|09|0|225|4.4|24.2|270|33.9|54.7|0.01|0.09|43.8361|25.5991
10|10|0|270|3.2|24.2|270|34.2|55.0|0.01|0.09|43.8384|27.1972
10|11|0|270|3.2|24.2|270|34.1|55.2|0.01|0.09|43.8371|27.1972
10|12|0|180|2.9|24.2|270|34.1|55.4|0.01|0.09|43.8411|27.1972
10|13|0|315|4.4|24.2|270|34.4|55.6|0.01|0.09|43.8423|27.1972
10|14|0|270|2.9|24.2|270|35.6|55.8|0.01|0.09|43.844|27.8992
10|16|0|315|2.9|24.2|270|34.6|56.1|0.01|0.09|43.8453|28.0773
10|18|0|315|4.4|24.2|270|32.7|56.0|0.01|0.09|43.8451|26.6104
10|19|0|270|0.0|24.2|270|33.0|56.0|0.01|0.09|43.8448|27.3537
10|20|0|270|0.0|24.2|270|32.8|56.0|0.01|0.09|43.8471|26.6104
10|21|0|180|4.4|24.2|270|33.8|56.1|0.01|0.09|43.8436|27.3537
10|22|0|225|2.9|24.2|270|34.0|56.2|0.01|0.09|43.845|28.0773
10|24|0|315|1.5|24.2|270|32.8|56.4|0.01|0.09|43.8402|26.6104
10|25|0|270|2.9|24.2|270|32.2|56.5|0.01|0.09|43.8396|26.6104
10|26|0|270|4.4|24.2|270|32.2|56.6|0.01|0.09|43.8411|26.6104
10|27|0|225|1.6|24.2|270|32.0|56.4|0.00|0.09|43.8452|26.6104
10|28|0|45|0.0|24.2|270|32.2|56.6|0.00|0.09|43.8416|26.6104
10|29|0|225|1.5|24.2|270|31.8|56.9|0.00|0.09|43.8413|25.8462
10|30|0|225|1.5|24.2|270|31.8|57.0|0.00|0.09|43.8414|26.7169
10|33|0|270|4.8|24.2|270|30.6|57.1|0.00|0.09|43.8402|25.9273
10|34|0|315|1.5|24.2|270|30.2|57.2|0.00|0.09|43.8428|25.9273
10|37|0|113|0.0|24.2|270|29.9|57.2|0.00|0.09|43.842|25.1141
10|38|0|0|2.9|24.2|270|30.3|57.2|0.00|0.09|43.8426|25.9273
10|39|0|0|1.5|24.2|270|30.7|57.2|0.00|0.09|43.8435|25.9273
10|40|0|315|2.9|24.2|270|30.6|57.1|0.00|0.09|43.8426|25.9273
10|41|0|270|2.9|24.2|270|31.0|56.9|0.00|0.09|43.8402|25.8462
10|44|0|270|2.9|24.2|270|30.2|56.9|0.00|0.09|43.8385|25.0599
10|45|0|270|5.8|24.2|270|30.8|56.9|0.00|0.09|43.8392|25.0599
10|46|0|315|1.5|24.2|270|30.2|56.9|0.00|0.09|43.8392|25.0599
10|47|0|270|1.5|24.2|270|30.6|57.1|0.00|0.09|43.8421|25.9273
10|48|0|315|0.0|24.2|270|30.2|57.3|0.00|0.09|43.8435|25.9273
10|49|0|45|3.2|24.2|270|29.6|57.5|0.00|0.09|43.8429|25.1141
10|51|0|225|2.9|24.2|270|29.8|58.1|0.00|0.09|43.8465|25.9779
10|52|0|180|5.8|24.2|270|29.7|58.2|0.00|0.09|43.8453|25.9779
10|53|0|225|3.2|24.2|270|30.0|58.2|0.00|0.09|43.8443|26.7945
10|54|0|135|2.9|24.2|270|29.4|58.3|0.00|0.09|43.8435|25.9779
10|56|0|203|3.2|24.2|270|29.6|58.4|0.00|0.09|43.8489|25.9779
10|57|0|180|4.4|24.2|270|29.6|58.4|0.00|0.09|43.8444|25.9779
10|58|0|180|1.5|24.2|270|29.4|58.5|0.00|0.09|43.843|25.9779
10|59|0|180|3.2|24.2|270|29.0|58.7|0.00|0.09|43.8424|25.9779
11|00|0|225|5.8|24.2|270|29.7|58.5|0.00|0.09|43.8409|25.9779
11|01|0|270|0.0|24.2|270|30.1|58.8|0.00|0.09|43.8418|26.7945
11|03|0|225|7.3|24.2|270|29.9|59.0|0.00|0.09|43.8436|26.8414
11|04|0|90|1.5|24.2|270|29.2|59.3|0.00|0.09|43.8414|26.8414
11|05|0|23|3.2|24.2|270|28.9|59.5|0.00|0.09|43.8407|25.996
11|06|0|0|1.5|24.2|270|28.4|59.5|0.00|0.09|43.8424|25.996
11|07|0|225|5.8|24.2|270|29.6|59.7|0.00|0.09|43.84|26.8414
11|08|0|225|2.9|24.2|270|29.5|59.8|0.00|0.09|43.8449|26.8414
11|10|0|135|4.8|24.2|270|28.6|60.1|0.00|0.09|43.8381|26.8558
11|12|0|270|2.9|24.2|270|28.6|60.1|0.00|0.09|43.8373|26.8558
11|13|0|315|1.5|24.2|270|27.9|60.3|0.00|0.09|43.8349|25.9797
11|14|0|315|3.2|24.2|270|27.9|60.3|0.00|0.09|43.8345|25.9797
11|15|0|270|2.9|24.2|270|28.4|60.5|0.00|0.09|43.8313|26.8558
11|16|0|225|4.8|24.2|270|28.5|60.5|0.00|0.09|43.8331|26.8558
11|17|0|180|2.9|24.2|270|28.2|60.5|0.00|0.09|43.835|26.8558
11|18|0|225|1.5|24.2|270|28.1|60.6|0.00|0.09|43.8347|26.8558
11|19|0|180|5.8|24.2|270|28.3|60.7|0.00|0.09|43.8347|26.8558
11|21|0|225|2.9|24.2|270|27.7|60.9|0.00|0.09|43.8357|25.9797
11|22|0|180|7.3|24.2|270|27.2|61.0|0.00|0.09|43.8356|26.8356
11|23|0|180|3.2|24.2|270|26.6|61.0|0.00|0.09|43.8349|25.9266
11|26|0|203|5.8|24.2|270|27.8|61.2|0.00|0.09|43.8377|26.8356
11|27|0|135|4.8|24.2|270|27.1|61.0|0.00|0.09|43.8345|26.8356
11|28|0|180|6.4|24.2|270|26.8|60.9|0.00|0.09|43.8362|25.0743
11|29|0|180|4.4|24.2|270|26.2|60.7|0.00|0.09|43.8324|25.0743
11|30|0|180|8.7|24.2|270|26.5|60.7|0.00|0.09|43.8359|25.0743
11|31|0|135|8.7|24.2|270|26.0|60.1|0.00|0.09|43.8378|25.0743
11|32|0|180|5.8|24.2|270|26.4|59.8|0.00|0.09|43.8427|24.2218
11|33|0|180|4.8|24.2|270|27.0|59.7|0.00|0.09|43.8432|25.1235
11|34|0|225|4.4|24.2|270|27.1|59.7|0.00|0.09|43.8432|25.1235
11|35|0|225|4.8|24.2|270|27.3|59.8|0.00|0.09|43.8416|25.1235
11|36|0|225|4.4|24.2|270|26.6|59.9|0.00|0.09|43.8412|24.2218
11|37|0|315|2.9|24.2|270|26.3|60.0|0.00|0.09|43.8394|25.0743
11|38|0|90|2.9|24.2|270|25.7|60.1|0.00|0.09|43.8439|24.1376
11|39|0|135|4.4|24.2|270|25.4|60.0|0.00|0.09|43.8424|24.1376
11|41|0|90|2.9|24.2|270|26.1|59.9|0.00|0.09|43.8434|24.2218
11|42|0|135|4.8|24.2|270|25.9|59.7|0.00|0.09|43.8443|23.2888
11|43|0|90|2.9|24.2|270|24.9|59.6|0.00|0.09|43.8428|22.3222
11|44|0|90|1.5|24.2|270|24.3|59.5|0.00|0.09|43.8425|22.3222
11|45|0|180|2.9|24.2|270|25.1|59.5|0.00|0.09|43.8432|23.2888
11|46|0|180|5.8|24.2|270|26.7|59.5|0.00|0.09|43.8425|24.2218
11|47|0|135|3.2|24.2|270|25.7|59.3|0.00|0.09|43.8429|23.2888
11|48|0|135|4.4|24.2|270|25.7|59.5|0.00|0.09|43.8434|23.2888
11|49|0|90|1.6|24.2|270|26.0|59.6|0.00|0.09|43.8449|24.2218
11|50|0|45|1.5|24.2|270|26.1|59.7|0.00|0.09|43.8432|24.2218
11|51|0|135|2.9|24.2|270|25.5|59.7|0.00|0.09|43.8444|23.2888
11|52|0|113|5.8|24.2|270|25.2|59.7|0.00|0.09|43.8433|23.2888
11|54|0|180|1.5|24.2|270|24.5|59.3|0.00|0.09|43.8464|22.3222
11|56|0|203|1.5|24.2|270|24.3|59.6|0.00|0.09|43.845|22.3222
11|57|0|203|2.9|24.2|270|24.6|59.7|0.00|0.09|43.8459|22.3222
11|58|0|180|7.3|24.2|270|25.1|59.9|0.00|0.09|43.8491|23.2888
11|59|0|225|2.9|24.2|270|24.3|60.0|0.00|0.09|43.845|23.167
12|00|0|315|0.0|24.2|270|23.6|60.3|0.00|0.09|43.8429|22.1599
12|01|0|0|1.5|24.2|270|23.5|60.6|0.00|0.09|43.8421|22.1599
12|03|0|45|2.9|24.2|270|23.3|60.8|0.00|0.09|43.8409|22.1599
12|05|0|135|1.5|24.2|270|23.3|60.8|0.00|0.09|43.8417|22.1599
12|06|0|113|1.6|24.2|270|23.6|60.8|0.00|0.09|43.8435|22.1599
12|07|0|270|1.5|24.2|270|24.0|60.9|0.00|0.09|43.8417|23.167
12|08|0|315|5.8|24.2|270|22.8|60.9|0.00|0.09|43.836|21.1132
12|09|0|135|4.8|24.2|270|23.6|60.9|0.00|0.09|43.8402|22.1599
12|10|0|225|5.8|24.2|270|23.7|60.9|0.00|0.09|43.8389|22.1599
12|12|0|90|1.6|24.2|270|22.4|61.1|0.00|0.09|43.8384|21.9494
12|13|0|45|2.9|24.2|270|22.8|61.2|0.00|0.09|43.8379|21.9494
12|14|0|315|3.2|24.2|270|22.8|61.2|0.00|0.09|43.8403|21.9494
12|15|0|315|4.4|24.2|270|25.3|61.2|0.00|0.09|43.8382|24.9861
12|16|0|315|4.4|24.2|270|24.8|60.8|0.00|0.09|43.8341|23.167
12|18|0|270|11.6|24.2|270|25.3|60.5|0.00|0.09|43.835|24.1376
12|19|0|270|5.8|24.2|270|25.6|60.3|0.00|0.09|43.8391|24.1376
12|21|0|270|1.6|24.2|270|24.4|60.2|0.00|0.09|43.8435|23.167
12|22|0|315|1.5|24.2|270|25.1|60.3|0.00|0.09|43.8419|24.1376
12|23|0|338|5.8|24.2|270|25.4|60.2|0.00|0.09|43.843|24.1376
12|24|0|0|1.5|24.2|270|24.2|60.5|0.00|0.09|43.8391|23.167
12|25|0|315|0.0|24.2|270|23.8|60.6|0.00|0.09|43.8375|22.1599
12|26|0|315|5.8|24.2|270|24.4|60.5|0.00|0.09|43.8373|23.167
12|29|0|0|1.6|24.2|270|24.1|60.6|0.00|0.09|43.8378|23.167
12|30|0|315|1.6|24.2|270|24.1|60.6|0.00|0.09|43.8386|23.167
12|32|0|225|0.0|24.2|270|24.7|60.9|0.00|0.09|43.8366|23.167
12|33|0|90|1.5|24.2|270|25.5|61.2|0.00|0.09|43.8386|24.9861
12|34|0|135|1.5|24.2|270|24.9|61.5|0.00|0.09|43.8407|24.0116
12|35|0|180|5.8|24.2|270|25.1|61.6|0.00|0.09|43.8398|24.9861
12|36|0|135|2.9|24.2|270|24.4|61.8|0.00|0.09|43.8418|24.0116
12|37|0|158|4.8|24.2|270|23.3|61.7|0.00|0.09|43.8387|23.0004
12|39|0|225|2.9|24.2|270|23.9|61.4|0.00|0.09|43.8356|23.0004
12|40|0|315|2.9|24.2|270|23.5|61.5|0.00|0.09|43.8357|23.0004
12|41|0|315|1.5|24.2|270|23.9|61.6|0.00|0.09|43.8384|23.0004
12|43|0|270|3.2|24.2|270|24.0|61.7|0.00|0.09|43.8363|24.0116
12|44|0|315|2.9|24.2|270|24.1|61.8|0.00|0.09|43.8381|24.0116
12|46|0|270|2.9|24.2|270|25.2|61.9|0.00|0.09|43.8386|24.9861
12|47|0|315|4.4|24.2|270|24.9|61.8|0.00|0.09|43.8359|24.0116
12|48|0|315|5.8|24.2|270|24.9|61.6|0.00|0.09|43.8354|24.0116
12|49|0|0|2.9|24.2|270|25.4|61.5|0.00|0.09|43.8368|24.9861
12|51|0|315|6.4|24.2|270|26.3|61.6|0.00|0.09|43.8348|25.9266
12|52|0|45|4.4|24.2|270|26.5|61.5|0.00|0.09|43.8328|25.9266
12|53|0|315|5.8|24.2|270|26.3|61.4|0.00|0.09|43.8315|25.9266
12|54|0|0|4.4|24.2|270|26.5|61.4|0.00|0.09|43.8312|25.9266
12|55|0|0|5.8|24.2|270|26.8|61.2|0.00|0.09|43.8323|25.9266
12|56|0|90|5.8|24.2|270|26.7|61.1|0.00|0.09|43.8298|25.9266
12|57|0|45|2.9|24.2|270|25.8|60.9|0.00|0.09|43.8274|24.1376
12|58|0|90|2.9|6.5|45|25.6|60.9|0.00|0.00|43.8286|24.1376
12|59|0|90|7.3|8.7|90|25.5|60.3|0.00|0.00|43.8253|24.1376
13|00|0|90|7.3|8.7|90|25.4|60.0|0.00|0.00|43.8285|24.1376
13|01|0|90|4.4|9.7|90|25.5|59.6|0.00|0.00|43.8288|23.2888
13|03|0|45|4.4|9.7|90|26.7|59.6|0.00|0.00|43.8272|24.2218
13|04|0|68|4.8|9.7|90|28.2|59.8|0.00|0.00|43.8253|25.996
13|05|0|90|5.8|9.7|90|27.3|59.7|0.00|0.00|43.8236|25.1235
13|06|0|45|4.4|9.7|90|26.5|59.6|0.00|0.00|43.8275|24.2218
13|07|0|0|4.8|9.7|90|26.6|59.7|0.00|0.00|43.8267|24.2218
13|08|0|0|5.8|9.7|90|27.0|59.8|0.00|0.00|43.8242|25.1235
13|09|0|315|6.4|9.7|90|27.6|59.9|0.00|0.00|43.8194|25.1235
13|10|0|315|11.6|14.5|315|28.4|59.7|0.00|0.00|43.8159|25.996
13|11|0|45|3.2|14.5|315|28.0|59.8|0.00|0.00|43.8245|25.996
13|12|0|45|3.2|14.5|315|27.1|60.1|0.00|0.00|43.8203|25.9797
13|13|0|90|2.9|14.5|315|26.6|60.2|0.00|0.00|43.8189|25.0743
13|14|0|90|1.6|14.5|315|26.0|60.5|0.00|0.00|43.8193|25.0743
13|15|0|90|2.9|14.5|315|25.9|60.7|0.00|0.00|43.821|24.1376
13|16|0|45|1.5|14.5|315|26.6|60.9|0.00|0.00|43.8218|25.0743
13|18|0|315|4.8|14.5|315|27.3|61.0|0.00|0.00|43.8218|26.8356
13|19|0|315|2.9|14.5|315|27.1|61.4|0.00|0.00|43.8226|26.8356
13|20|0|270|8.7|14.5|315|27.0|61.6|0.00|0.00|43.8243|26.8356
13|21|0|270|4.8|14.5|315|25.1|61.8|0.00|0.00|43.8237|24.9861
13|22|0|315|4.4|14.5|315|25.2|62.0|0.00|0.00|43.824|25.8342
13|23|0|90|1.6|14.5|315|26.7|62.2|0.00|0.00|43.8262|26.7786
13|25|0|23|4.4|14.5|315|25.5|62.4|0.00|0.00|43.8244|25.8342
13|26|0|0|4.8|14.5|315|24.5|62.4|0.00|0.00|43.8224|24.8558
13|27|0|0|4.4|14.5|315|24.6|62.5|0.00|0.00|43.8241|24.8558
13|28|0|45|1.6|14.5|315|24.5|62.5|0.00|0.00|43.8217|24.8558
13|30|0|45|3.2|14.5|315|24.2|62.4|0.00|0.00|43.8182|24.8558
13|35|0|23|4.8|14.5|315|24.6|61.7|0.00|0.00|43.8198|24.0116
13|36|0|315|5.8|14.5|315|25.3|61.6|0.00|0.00|43.8205|24.9861
13|37|0|315|6.4|14.5|315|24.8|61.4|0.00|0.00|43.818|24.0116
13|38|0|315|5.8|14.5|315|25.2|61.0|0.00|0.00|43.8159|24.9861
13|39|0|270|4.4|14.5|315|24.8|60.7|0.00|0.00|43.813|23.167
13|40|0|315|3.2|14.5|315|24.9|60.5|0.00|0.00|43.8111|23.167
13|41|0|315|5.8|14.5|315|25.8|60.5|0.00|0.00|43.8101|24.1376
13|42|0|315|6.4|14.5|315|24.9|60.1|0.00|0.00|43.8099|23.167
13|45|0|225|2.9|14.5|315|24.2|60.3|0.00|0.00|43.8093|23.167
13|46|0|315|7.3|14.5|315|25.0|60.5|0.00|0.00|43.8095|24.1376
13|47|0|315|8.7|14.5|315|26.1|60.1|0.00|0.00|43.8066|25.0743
13|48|0|248|2.9|14.5|315|24.9|60.1|0.00|0.00|43.8081|23.167
13|49|0|270|4.4|14.5|315|24.7|60.3|0.00|0.00|43.8079|23.167
13|50|0|0|4.4|14.5|315|24.9|60.6|0.00|0.00|43.8084|23.167
13|51|0|315|0.0|14.5|315|24.7|60.7|0.00|0.00|43.8097|23.167
13|52|0|315|2.9|14.5|315|24.3|60.9|0.00|0.00|43.8112|23.167
13|54|0|0|2.9|14.5|315|23.7|61.1|0.00|0.00|43.8113|23.0004
13|54|0|315|2.9|14.5|315|23.6|61.2|0.00|0.00|43.8124|23.0004
13|55|0|315|2.9|14.5|315|24.3|61.5|0.00|0.00|43.8129|24.0116
13|57|0|135|1.6|14.5|315|23.8|61.7|0.00|0.00|43.8117|23.0004
13|58|0|45|1.5|14.5|315|24.0|62.0|0.00|0.00|43.8127|24.8558
13|59|0|270|2.9|14.5|315|23.6|62.4|0.00|0.00|43.8086|23.8406
14|00|0|315|4.8|14.5|315|22.3|62.6|0.00|0.00|43.8072|22.7854
14|01|0|225|1.5|14.5|315|21.4|62.9|0.00|0.00|43.808|21.6868
14|02|0|270|2.9|14.5|315|21.7|63.2|0.00|0.00|43.8102|22.5181
14|03|0|270|2.9|14.5|315|21.7|63.4|0.00|0.00|43.8096|22.5181
14|04|0|315|7.3|14.5|315|22.4|63.4|0.00|0.00|43.8095|23.621
14|05|0|315|4.4|14.5|315|21.6|63.2|0.00|0.00|43.8072|22.5181
14|06|0|315|4.4|14.5|315|20.5|63.3|0.00|0.00|43.8096|21.3675
14|07|0|0|7.3|14.5|315|21.7|63.0|0.00|0.00|43.8053|22.5181
14|10|0|338|5.8|14.5|315|22.9|62.7|0.00|0.00|43.804|22.7854
14|12|0|315|2.9|14.5|315|23.7|62.3|0.00|0.00|43.8032|23.8406
14|15|0|0|4.4|14.5|315|21.2|62.4|0.00|0.00|43.8021|21.6868
14|15|0|315|4.4|14.5|315|21.0|62.4|0.00|0.00|43.7999|21.6868
14|16|0|315|4.8|14.5|315|22.1|61.8|0.00|0.00|43.807|21.9494
14|18|0|0|5.8|14.5|315|20.9|61.9|0.00|0.00|43.8038|19.7138
14|20|0|0|7.3|14.5|315|22.9|61.6|0.00|0.00|43.8022|21.9494
14|22|0|315|10.2|14.5|315|24.0|61.6|0.00|0.00|43.8009|24.0116
14|23|0|0|4.4|14.5|315|22.5|61.4|0.00|0.00|43.8017|21.9494
14|24|0|315|4.4|14.5|315|22.1|61.4|0.00|0.00|43.8003|21.9494
14|25|0|225|1.6|14.5|315|21.8|61.5|0.00|0.00|43.8022|20.8552
14|26|0|135|1.5|14.5|315|21.6|61.6|0.00|0.00|43.801|20.8552
14|27|0|315|8.1|14.5|315|22.5|61.6|0.00|0.00|43.801|21.9494
14|28|0|315|8.7|14.5|315|22.3|61.5|0.00|0.00|43.8002|21.9494
14|29|0|315|4.8|14.5|315|20.7|61.5|0.00|0.00|43.801|19.7138
14|30|0|315|4.4|14.5|315|21.1|61.4|0.00|0.00|43.8012|20.8552
14|31|0|315|2.9|14.5|315|21.9|61.5|0.00|0.00|43.8024|20.8552
14|32|0|270|1.6|14.5|315|20.3|61.5|0.00|0.00|43.8013|19.7138
14|33|0|135|0.0|14.5|315|19.9|61.7|0.00|0.00|43.801|18.5205
14|34|0|90|0.0|14.5|315|19.5|61.9|0.00|0.00|43.8012|18.5205
14|35|0|135|4.8|14.5|315|20.1|62.0|0.00|0.00|43.7972|20.5408
14|37|0|135|1.5|14.5|315|20.6|62.3|0.00|0.00|43.7976|20.5408
14|38|0|135|0.0|14.5|315|20.7|62.5|0.00|0.00|43.7968|20.5408
14|39|0|315|5.8|14.5|315|21.6|62.8|0.00|0.00|43.799|21.6868
14|40|0|315|4.4|14.5|315|22.4|62.9|0.00|0.00|43.7999|22.7854
14|41|0|315|4.8|14.5|315|22.5|63.2|0.00|0.00|43.8006|23.621
14|42|0|45|4.4|14.5|315|21.8|63.4|0.00|0.00|43.7999|22.5181
14|43|0|0|3.2|14.5|315|20.6|63.5|0.00|0.00|43.8038|21.3675
14|44|0|270|4.4|14.5|315|21.0|63.6|0.00|0.00|43.8048|22.5181
14|45|0|270|2.9|14.5|315|20.0|63.4|0.00|0.00|43.8044|21.3675
14|46|0|135|1.6|14.5|315|19.5|63.5|0.00|0.00|43.8027|20.1647
14|47|0|315|3.2|14.5|315|20.7|63.6|0.00|0.00|43.801|21.3675
14|48|0|315|4.4|14.5|315|21.7|63.5|0.00|0.00|43.8024|22.5181
14|49|0|270|3.2|14.5|315|21.5|63.5|0.00|0.00|43.8019|22.5181
14|50|0|203|1.5|14.5|315|21.4|63.7|0.00|0.00|43.8006|22.5181
14|52|0|90|1.6|14.5|315|21.7|63.8|0.00|0.00|43.7964|22.5181
14|53|0|0|5.8|14.5|315|22.4|64.0|0.00|0.00|43.7955|24.4564
14|54|0|225|4.4|14.5|315|22.2|64.0|0.00|0.00|43.7981|24.4564
14|55|0|270|1.5|14.5|315|21.1|64.0|0.00|0.00|43.7974|23.349
14|56|0|315|1.6|14.5|315|20.6|64.0|0.00|0.00|43.798|22.1938
14|57|0|225|2.9|14.5|315|20.8|64.0|0.00|0.00|43.7965|22.1938
14|58|0|315|4.8|14.5|315|20.5|64.0|0.00|0.00|43.7961|22.1938
14|59|0|225|4.4|14.5|315|21.3|63.7|0.00|0.00|43.7981|22.5181
15|00|0|315|2.9|14.5|315|21.8|63.5|0.00|0.00|43.7963|22.5181
15|01|0|0|8.7|14.5|315|22.3|63.5|0.00|0.00|43.7951|23.621
15|02|0|270|8.7|14.5|315|24.6|63.0|0.00|0.00|43.796|25.6997
15|04|0|0|6.4|14.5|315|25.2|63.0|0.00|0.00|43.7949|26.6821
15|05|0|315|4.4|14.5|315|24.1|62.9|0.00|0.00|43.7968|24.8558
15|06|0|270|1.5|14.5|315|23.3|63.0|0.00|0.00|43.7952|24.6804
15|07|0|180|4.8|14.5|315|22.8|63.0|0.00|0.00|43.7929|23.621
15|08|0|315|4.4|14.5|315|23.2|63.2|0.00|0.00|43.7935|24.6804
15|09|0|315|6.4|14.5|315|23.8|62.9|0.00|0.00|43.7901|23.8406
15|10|0|315|5.8|14.5|315|21.8|62.6|0.00|0.00|43.7876|21.6868
15|12|0|225|5.8|14.5|315|21.3|62.5|0.00|0.00|43.7889|21.6868
15|13|0|315|5.8|14.5|315|21.7|62.5|0.00|0.00|43.7866|21.6868
15|14|0|315|11.6|14.5|315|23.8|62.3|0.00|0.00|43.7853|23.8406
15|15|0|315|4.4|14.5|315|22.7|62.2|0.00|0.00|43.7869|22.7854
15|16|0|315|7.3|14.5|315|22.2|62.2|0.00|0.00|43.7837|22.7854
15|17|0|0|5.8|14.5|315|23.8|62.2|0.00|0.00|43.7833|23.8406
15|18|0|45|9.7|14.5|315|22.4|62.2|0.00|0.00|43.7829|22.7854
15|19|0|225|1.5|14.5|315|22.1|62.3|0.00|0.00|43.7836|22.7854
15|21|0|45|2.9|14.5|315|21.9|62.5|0.00|0.00|43.7843|21.6868
15|22|0|0|4.4|14.5|315|23.0|62.5|0.00|0.00|43.7859|23.8406
15|23|0|45|5.8|14.5|315|23.8|62.4|0.00|0.00|43.7855|23.8406
15|24|0|45|2.9|14.5|315|23.0|62.5|0.00|0.00|43.7853|23.8406
15|25|0|315|3.2|14.5|315|22.8|62.6|0.00|0.00|43.7848|22.7854
15|26|0|0|4.4|14.5|315|23.4|62.8|0.00|0.00|43.7867|23.8406
15|27|0|45|4.4|14.5|315|23.1|62.9|0.00|0.00|43.7874|23.8406
15|28|0|315|3.2|14.5|315|22.5|63.0|0.00|0.00|43.7883|23.621
15|29|0|0|7.3|14.5|315|20.8|63.0|0.00|0.00|43.7867|21.3675
15|31|0|0|5.8|14.5|315|20.1|63.2|0.00|0.00|43.7864|21.3675
15|34|0|0|5.8|14.5|315|21.1|63.5|0.00|0.00|43.7803|22.5181
15|36|0|270|5.8|14.5|315|19.1|63.2|0.00|0.00|43.7857|20.1647
15|37|0|315|7.3|14.5|315|17.0|63.2|0.00|0.00|43.7849|17.5803
15|38|0|315|9.7|14.5|315|17.0|62.9|0.00|0.00|43.7832|16.7685
15|39|0|0|1.6|14.5|315|18.5|62.9|0.00|0.00|43.7852|18.0874
15|41|0|0|4.4|14.5|315|18.9|63.0|0.00|0.00|43.7849|18.9044
15|42|0|23|2.9|14.5|315|19.1|63.3|0.00|0.00|43.7852|20.1647
15|43|0|0|4.4|14.5|315|18.4|63.4|0.00|0.00|43.7824|18.9044
15|44|0|0|2.9|14.5|315|17.7|63.5|0.00|0.00|43.7801|17.5803
15|45|0|315|1.6|14.5|315|18.7|63.6|0.00|0.00|43.7796|18.9044
15|46|0|0|4.4|14.5|315|18.2|63.8|0.00|0.00|43.7808|18.9044
15|48|0|0|6.4|14.5|315|19.0|63.8|0.00|0.00|43.7787|20.1647
15|48|0|0|5.8|14.5|315|19.1|63.8|0.00|0.00|43.778|20.1647
15|50|0|45|4.4|14.5|315|18.5|63.6|0.00|0.00|43.7766|18.9044
15|52|0|0|1.6|14.5|315|17.8|63.8|0.00|0.00|43.7775|17.5803
15|55|0|315|7.3|14.5|315|19.0|63.4|0.00|0.00|43.7753|20.1647
15|56|0|315|4.4|14.5|315|19.8|63.3|0.00|0.00|43.7769|20.1647
15|57|0|338|4.4|14.5|315|19.3|63.4|0.00|0.00|43.777|20.1647
15|58|0|0|4.4|14.5|315|19.3|63.4|0.00|0.00|43.7793|20.1647
15|59|0|0|2.9|14.5|315|18.9|63.5|0.00|0.00|43.7763|18.9044
16|00|0|0|3.2|14.5|315|18.9|63.5|0.00|0.00|43.7747|18.9044
16|01|0|0|4.4|14.5|315|18.3|63.6|0.00|0.00|43.7732|18.9044
16|02|0|315|8.1|14.5|315|20.1|63.5|0.00|0.00|43.7711|21.3675
16|03|0|315|8.1|14.5|315|21.0|63.4|0.00|0.00|43.7745|22.5181
16|05|0|0|4.8|14.5|315|19.3|63.4|0.00|0.00|43.7722|20.1647
16|06|0|315|2.9|14.5|315|19.7|63.5|0.00|0.00|43.7704|20.1647
16|07|0|315|11.6|14.5|315|19.4|63.4|0.00|0.00|43.7685|20.1647
16|08|0|315|6.4|14.5|315|18.9|63.3|0.00|0.00|43.7695|18.9044
16|10|0|315|8.7|14.5|315|19.2|63.2|0.00|0.00|43.7684|20.1647
16|11|0|0|4.4|14.5|315|19.0|63.0|0.00|0.00|43.7727|20.1647
16|12|0|315|10.2|14.5|315|19.7|63.0|0.00|0.00|43.7698|20.1647
16|13|0|315|10.2|14.5|315|18.0|62.9|0.00|0.00|43.7674|18.0874
16|14|0|315|7.3|14.5|315|18.5|62.7|0.00|0.00|43.7697|18.0874
16|15|0|0|7.3|14.5|315|18.3|62.8|0.00|0.00|43.7708|18.0874
16|16|0|45|4.8|14.5|315|18.1|62.7|0.00|0.00|43.7713|18.0874
16|17|0|0|3.2|14.5|315|17.1|62.8|0.00|0.00|43.7691|16.7685
16|18|0|45|4.4|14.5|315|18.1|62.9|0.00|0.00|43.7712|18.0874
16|19|0|45|3.2|14.5|315|17.9|62.9|0.00|0.00|43.7683|16.7685
16|20|0|45|2.9|14.5|315|17.7|62.9|0.00|0.00|43.7682|16.7685
16|21|0|0|1.6|14.5|315|17.2|62.9|0.00|0.00|43.7674|16.7685
16|22|0|45|0.0|14.5|315|17.3|63.0|0.00|0.00|43.7695|17.5803
16|24|0|0|3.2|14.5|315|17.5|63.4|0.00|0.00|43.7648|17.5803
16|25|0|0|5.8|14.5|315|17.7|63.3|0.00|0.00|43.7643|17.5803
16|27|0|315|4.4|14.5|315|18.9|63.4|0.00|0.00|43.7648|18.9044
16|28|0|0|1.6|14.5|315|17.8|63.5|0.00|0.00|43.765|17.5803
16|29|0|0|4.4|14.5|315|18.0|63.7|0.00|0.00|43.7677|18.9044
16|30|0|315|4.8|14.5|315|19.1|63.7|0.00|0.00|43.766|20.1647
16|31|0|315|4.4|14.5|315|18.6|63.6|0.00|0.00|43.7656|18.9044
16|32|0|225|4.4|14.5|315|17.8|63.7|0.00|0.00|43.7642|17.5803
16|33|0|270|4.4|14.5|315|17.1|63.8|0.00|0.00|43.765|17.5803
16|34|0|315|2.9|14.5|315|17.7|64.0|0.00|0.00|43.7634|18.3916
16|35|0|315|8.0|14.5|315|19.1|64.0|0.00|0.00|43.7616|20.9863
16|36|0|315|4.4|14.5|315|18.6|64.0|0.00|0.00|43.7618|19.721
16|37|0|315|2.9|14.5|315|19.2|64.1|0.00|0.00|43.7626|20.9863
16|38|0|0|6.4|14.5|315|19.2|64.2|0.00|0.00|43.76|20.9863
16|39|0|338|4.4|14.5|315|17.8|64.3|0.00|0.00|43.7608|18.3916
16|41|0|315|7.3|14.5|315|18.0|64.1|0.00|0.00|43.7603|19.721
16|42|0|315|8.7|14.5|315|18.7|64.0|0.00|0.00|43.764|19.721
16|44|0|315|8.7|14.5|315|18.2|63.5|0.00|0.00|43.7654|18.9044
16|45|0|315|8.7|14.5|315|18.6|63.4|0.00|0.00|43.7648|18.9044
16|46|0|0|6.5|14.5|315|18.3|63.4|0.00|0.00|43.766|18.9044
16|47|0|315|5.8|14.5|315|18.1|63.3|0.00|0.00|43.7675|18.9044
16|49|0|0|5.8|14.5|315|18.5|63.3|0.00|0.00|43.7676|18.9044
16|50|0|315|11.3|14.5|315|18.8|62.9|0.00|0.00|43.7717|18.0874
16|51|0|315|5.8|14.5|315|18.8|62.8|0.00|0.00|43.7713|18.0874
16|53|0|270|1.5|14.5|315|18.3|62.8|0.00|0.00|43.7729|18.0874
16|54|0|0|3.2|14.5|315|17.8|62.8|0.00|0.00|43.77|16.7685
16|55|0|225|4.4|14.5|315|18.8|62.9|0.00|0.00|43.7697|18.0874
16|56|0|0|4.8|14.5|315|18.5|62.9|0.00|0.00|43.7715|18.0874
16|57|0|0|4.4|14.5|315|18.6|62.9|0.00|0.00|43.768|18.0874
16|58|0|0|1.6|14.5|315|18.3|63.0|0.00|0.00|43.7706|18.9044
16|59|0|0|4.4|14.5|315|19.4|63.2|0.00|0.00|43.7681|20.1647
17|00|0|315|5.8|14.5|315|19.2|63.2|0.00|0.00|43.7656|20.1647
17|01|0|315|6.4|14.5|315|18.6|63.2|0.00|0.00|43.7627|18.9044
17|02|0|315|8.7|14.5|315|19.7|63.2|0.00|0.00|43.7625|20.1647
17|03|0|270|1.6|14.5|315|18.8|63.2|0.00|0.00|43.7622|18.9044
17|04|0|270|7.3|14.5|315|18.9|63.2|0.00|0.00|43.762|18.9044
17|05|0|270|5.8|14.5|315|19.0|63.3|0.00|0.00|43.7645|20.1647
17|06|0|315|5.8|14.5|315|18.2|63.2|0.00|0.00|43.7626|18.9044
17|07|0|315|11.6|14.5|315|18.9|62.9|0.00|0.00|43.762|18.0874
17|09|0|315|4.4|14.5|315|20.4|62.7|0.00|0.00|43.7649|20.5408
17|10|0|315|6.4|14.5|315|19.9|62.4|0.00|0.00|43.7621|19.3428
17|11|0|315|8.1|14.5|315|19.5|62.5|0.00|0.00|43.7677|19.3428
17|12|0|315|7.3|14.5|315|19.5|62.3|0.00|0.00|43.7626|19.3428
17|13|0|315|11.3|14.5|315|19.8|62.3|0.00|0.00|43.7637|19.3428
17|14|0|0|5.8|14.5|315|19.9|62.2|0.00|0.00|43.7631|19.3428
17|15|0|315|8.1|14.5|315|20.6|62.2|0.00|0.00|43.7644|20.5408
17|16|0|315|5.8|14.5|315|20.0|62.3|0.00|0.00|43.7672|20.5408
17|17|0|0|5.8|14.5|315|19.7|62.4|0.00|0.00|43.7666|19.3428
17|18|0|315|2.9|14.5|315|19.5|62.6|0.00|0.00|43.7679|19.3428
17|19|0|270|4.4|14.5|315|19.1|62.7|0.00|0.00|43.7685|19.3428
17|20|0|0|4.8|14.5|315|18.1|62.8|0.00|0.00|43.7672|18.0874
17|21|0|0|2.9|14.5|315|18.1|63.0|0.00|0.00|43.7684|18.9044
17|22|0|0|1.5|14.5|315|18.1|63.2|0.00|0.00|43.7666|18.9044
17|25|0|0|2.9|14.5|315|19.3|63.4|0.00|0.00|43.7629|20.1647
17|26|0|0|7.3|14.5|315|20.2|63.4|0.00|0.00|43.7632|21.3675
17|27|0|315|10.2|14.5|315|20.5|63.3|0.00|0.00|43.7626|21.3675
17|28|0|0|7.3|14.5|315|20.7|63.2|0.00|0.00|43.7629|21.3675
17|29|0|315|8.1|14.5|315|20.9|63.0|0.00|0.00|43.7659|21.3675
17|30|0|338|5.8|14.5|315|20.3|62.9|0.00|0.00|43.7661|20.5408
17|31|0|338|6.4|14.5|315|20.3|62.9|0.00|0.00|43.7681|20.5408
17|32|0|270|8.7|14.5|315|19.2|62.7|0.00|0.00|43.7656|19.3428
17|33|0|315|6.5|14.5|315|20.7|62.7|0.00|0.00|43.7659|20.5408
17|35|0|315|4.4|14.5|315|20.2|62.7|0.00|0.00|43.7658|20.5408
17|36|0|315|8.0|14.5|315|21.3|62.6|0.00|0.00|43.7651|21.6868
17|37|0|315|5.8|14.5|315|20.7|62.4|0.00|0.00|43.7641|20.5408
17|38|0|315|9.7|14.5|315|21.3|62.0|0.00|0.00|43.761|21.6868
17|39|0|315|9.7|14.5|315|21.8|62.0|0.00|0.00|43.7597|21.6868
17|41|0|315|3.2|14.5|315|21.1|61.9|0.00|0.00|43.7605|20.8552
17|44|0|315|2.9|14.5|315|20.4|61.9|0.00|0.00|43.7587|19.7138
17|46|0|315|4.4|14.5|315|20.5|62.3|0.00|0.00|43.7597|20.5408
17|47|0|0|4.4|14.5|315|21.5|62.4|0.00|0.00|43.7609|21.6868
17|48|0|0|7.3|14.5|315|20.7|62.5|0.00|0.00|43.7609|20.5408
17|50|0|0|10.2|14.5|315|20.8|62.6|0.00|0.00|43.7604|20.5408
17|51|0|315|7.3|14.5|315|21.0|62.5|0.00|0.00|43.759|21.6868
17|52|0|315|4.4|14.5|315|21.4|62.4|0.00|0.00|43.7594|21.6868
17|53|0|0|5.8|14.5|315|22.1|62.5|0.00|0.00|43.7592|22.7854
17|55|0|0|4.4|14.5|315|21.3|62.5|0.00|0.00|43.7581|21.6868
17|57|0|68|4.4|14.5|315|21.6|62.6|0.00|0.00|43.7596|21.6868
17|58|0|0|4.4|14.5|315|20.6|62.6|0.00|0.00|43.7589|20.5408
17|59|0|315|4.4|14.5|315|20.9|62.6|0.00|0.00|43.7606|20.5408
18|00|0|0|7.3|14.5|315|21.6|62.7|0.00|0.00|43.7617|21.6868
18|01|0|0|4.4|14.5|315|20.4|62.6|0.00|0.00|43.7619|20.5408
18|02|0|0|5.8|14.5|315|20.3|62.6|0.00|0.00|43.7609|20.5408
18|03|0|315|4.8|14.5|315|21.5|62.6|0.00|0.00|43.7611|21.6868
18|04|0|315|5.8|14.5|315|21.8|62.5|0.00|0.00|43.7599|21.6868
18|05|0|0|4.8|14.5|315|22.4|62.4|0.00|0.00|43.7613|22.7854
18|06|0|45|8.7|14.5|315|22.1|62.3|0.00|0.00|43.7594|22.7854
18|07|0|315|5.8|14.5|315|21.8|62.3|0.00|0.00|43.7592|21.6868
18|08|0|338|4.4|14.5|315|22.0|62.3|0.00|0.00|43.7578|22.7854
18|09|0|0|4.4|14.5|315|21.6|62.3|0.00|0.00|43.7594|21.6868
18|10|0|315|4.8|14.5|315|21.8|62.3|0.00|0.00|43.7589|21.6868
18|11|0|315|2.9|14.5|315|21.4|62.3|0.00|0.00|43.7601|21.6868
18|12|0|315|3.2|14.5|315|21.8|62.3|0.00|0.00|43.7594|21.6868
18|13|0|315|4.4|14.5|315|21.8|62.4|0.00|0.00|43.761|21.6868
18|14|0|315|4.8|14.5|315|22.9|62.4|0.00|0.00|43.7611|22.7854
18|16|0|315|5.8|14.5|315|22.8|62.3|0.00|0.00|43.758|22.7854
18|18|0|0|4.8|14.5|315|22.0|62.3|0.00|0.00|43.7597|22.7854
18|19|0|0|4.4|14.5|315|21.5|62.2|0.00|0.00|43.7599|21.6868
18|20|0|0|2.9|14.5|315|21.9|62.2|0.00|0.00|43.7592|21.6868
18|21|0|0|2.9|14.5|315|21.8|62.0|0.00|0.00|43.76|21.6868
18|22|0|45|3.2|14.5|315|22.0|62.0|0.00|0.00|43.7592|22.7854
18|23|0|0|4.4|14.5|315|21.4|62.2|0.00|0.00|43.7609|21.6868
18|24|0|315|2.9|14.5|315|21.8|62.2|0.00|0.00|43.7608|21.6868
18|25|0|0|1.5|14.5|315|22.9|62.0|0.00|0.00|43.7605|22.7854
18|26|0|0|4.4|14.5|315|22.9|62.2|0.00|0.00|43.7615|22.7854
18|27|0|315|2.9|14.5|315|21.9|62.2|0.00|0.00|43.761|21.6868
18|29|0|315|1.6|14.5|315|23.7|62.2|0.00|0.00|43.7631|23.8406
18|30|0|45|2.9|14.5|315|22.9|62.3|0.00|0.00|43.762|22.7854
18|31|0|315|2.9|14.5|315|21.5|62.3|0.00|0.00|43.7613|21.6868
18|32|0|0|3.2|14.5|315|20.9|62.4|0.00|0.00|43.7619|20.5408
18|34|0|315|3.2|14.5|315|21.5|62.5|0.00|0.00|43.7617|21.6868
18|35|0|0|4.4|14.5|315|22.7|62.5|0.00|0.00|43.7628|22.7854
18|36|0|0|7.3|14.5|315|22.1|62.4|0.00|0.00|43.7618|22.7854
18|37|0|0|3.2|14.5|315|22.3|62.4|0.00|0.00|43.7629|22.7854
18|38|0|315|2.9|14.5|315|23.2|62.3|0.00|0.00|43.7634|23.8406
18|39|0|0|3.2|14.5|315|22.3|62.3|0.00|0.00|43.7624|22.7854
18|40|0|0|5.8|14.5|315|21.7|62.2|0.00|0.00|43.7636|21.6868
18|42|0|0|4.4|14.5|315|22.4|62.0|0.00|0.00|43.7617|22.7854
18|43|0|0|4.4|14.5|315|23.1|61.9|0.00|0.00|43.7621|23.0004
18|45|0|0|1.5|14.5|315|22.4|61.8|0.00|0.00|43.7634|21.9494
18|46|0|0|4.8|14.5|315|21.8|61.8|0.00|0.00|43.7628|20.8552
18|48|0|315|2.9|14.5|315|21.2|61.7|0.00|0.00|43.7651|20.8552
18|48|0|0|2.9|14.5|315|22.9|61.5|0.00|0.00|43.7658|21.9494
18|49|0|0|3.2|14.5|315|22.7|61.4|0.00|0.00|43.7677|21.9494
18|51|0|315|2.9|14.5|315|22.7|61.4|0.00|0.00|43.7679|21.9494
18|51|0|315|0.0|14.5|315|22.8|61.4|0.00|0.00|43.7677|21.9494
18|52|0|315|1.5|14.5|315|22.2|61.4|0.00|0.00|43.7681|21.9494
18|54|0|315|1.6|14.5|315|22.1|61.4|0.00|0.00|43.7668|21.9494
18|55|0|0|4.4|14.5|315|22.5|61.4|0.00|0.00|43.7659|21.9494
18|56|0|0|2.9|14.5|315|21.8|61.4|0.00|0.00|43.7651|20.8552
18|57|0|315|4.4|14.5|315|22.0|61.2|0.00|0.00|43.7665|21.9494
18|58|0|0|2.9|14.5|315|22.8|61.1|0.00|0.00|43.7675|21.9494
18|59|0|0|4.4|14.5|315|21.9|61.1|0.00|0.00|43.7683|20.8552
19|00|0|0|2.9|14.5|315|21.5|61.0|0.00|0.00|43.7695|20.8552
19|01|0|0|2.9|14.5|315|21.6|60.9|0.00|0.00|43.7667|20.0234
19|02|0|45|2.9|14.5|315|22.0|60.9|0.00|0.00|43.7654|21.1132
19|03|0|45|4.8|14.5|315|22.2|60.8|0.00|0.00|43.7668|21.1132
19|04|0|0|7.3|14.5|315|22.1|60.7|0.00|0.00|43.768|21.1132
19|05|0|0|4.8|14.5|315|21.9|60.6|0.00|0.00|43.7659|20.0234
19|06|0|0|4.4|14.5|315|22.3|60.5|0.00|0.00|43.7666|21.1132
19|07|0|0|3.2|14.5|315|22.3|60.3|0.00|0.00|43.7656|21.1132
19|09|0|0|2.9|14.5|315|22.2|60.3|0.00|0.00|43.7683|21.1132
19|10|0|315|1.5|14.5|315|22.6|60.3|0.00|0.00|43.7669|21.1132
19|11|0|315|1.5|14.5|315|23.4|60.3|0.00|0.00|43.7683|22.1599
19|12|0|0|4.4|14.5|315|23.1|60.3|0.00|0.00|43.7679|22.1599
19|13|0|0|2.9|14.5|315|22.8|60.2|0.00|0.00|43.7668|21.1132
19|14|0|0|3.2|14.5|315|23.2|60.2|0.00|0.00|43.767|22.1599
19|15|0|0|2.9|14.5|315|23.3|60.1|0.00|0.00|43.7666|22.1599
19|16|0|0|1.6|14.5|315|23.1|60.1|0.00|0.00|43.7659|22.1599
19|17|0|45|2.9|14.5|315|22.8|60.0|0.00|0.00|43.7679|21.1132
19|18|0|0|3.2|14.5|315|22.6|60.0|0.00|0.00|43.7679|21.1132
19|19|0|0|1.6|14.5|315|22.5|59.9|0.00|0.00|43.7658|20.2766
19|20|0|0|4.4|14.5|315|22.7|59.9|0.00|0.00|43.7668|20.2766
19|21|0|45|1.6|14.5|315|22.7|59.8|0.00|0.00|43.766|20.2766
19|22|0|0|2.9|14.5|315|22.7|59.7|0.00|0.00|43.7652|20.2766
19|23|0|0|3.2|14.5|315|22.9|59.7|0.00|0.00|43.7661|20.2766
19|24|0|45|1.5|14.5|315|22.6|59.6|0.00|0.00|43.7677|20.2766
19|26|0|0|2.9|14.5|315|23.1|59.6|0.00|0.00|43.7668|21.3191
19|27|0|0|2.9|14.5|315|23.2|59.6|0.00|0.00|43.7688|21.3191
19|30|0|0|1.6|14.5|315|23.4|59.5|0.00|0.00|43.7681|21.3191
19|32|0|0|1.5|14.5|315|23.8|59.3|0.00|0.00|43.7696|21.3191
19|35|0|0|2.9|14.5|315|23.9|59.0|0.00|0.00|43.7715|21.3191
19|36|0|0|1.6|14.5|315|23.5|58.9|0.00|0.00|43.7761|20.478
19|37|0|0|1.6|14.5|315|23.5|58.7|0.00|0.00|43.7765|20.478
19|39|0|0|1.6|14.5|315|25.1|58.4|0.00|0.00|43.7757|22.4398
19|40|0|0|1.5|14.5|315|25.4|58.2|0.00|0.00|43.7775|22.4398
19|41|0|0|1.5|14.5|315|24.6|58.2|0.00|0.00|43.7787|21.477
19|43|0|0|0.0|14.5|315|25.2|58.0|0.00|0.00|43.7793|22.4398
19|44|0|0|0.0|14.5|315|25.6|58.0|0.00|0.00|43.7782|22.4398
19|45|0|0|1.5|14.5|315|25.9|57.9|0.00|0.00|43.7817|21.5904
19|46|0|0|0.0|14.5|315|25.3|57.8|0.00|0.00|43.781|21.5904
19|47|0|0|1.5|14.5|315|25.9|57.7|0.00|0.00|43.783|21.5904
19|48|0|0|0.0|14.5|315|25.8|57.5|0.00|0.00|43.7828|21.5904
19|49|0|0|0.0|14.5|315|25.8|57.4|0.00|0.00|43.7855|21.5904
19|50|0|0|0.0|14.5|315|26.0|57.3|0.00|0.00|43.7839|22.5158
19|51|0|0|1.5|14.5|315|26.2|57.2|0.00|0.00|43.7836|22.5158
19|52|0|0|0.0|14.5|315|25.9|57.1|0.00|0.00|43.7866|21.5904
19|53|0|0|0.0|14.5|315|25.8|57.0|0.00|0.00|43.784|21.5904
19|54|0|0|0.0|14.5|315|25.9|57.0|0.00|0.00|43.7844|21.5904
19|55|0|0|0.0|14.5|315|26.0|56.9|0.00|0.00|43.7845|21.6624
19|56|0|0|0.0|14.5|315|26.2|56.9|0.00|0.00|43.7832|21.6624
19|58|0|0|0.0|14.5|315|26.2|56.7|0.00|0.00|43.7841|21.6624
19|59|0|0|0.0|14.5|315|26.3|56.7|0.00|0.00|43.7835|21.6624
20|00|0|0|0.0|14.5|315|26.4|56.6|0.00|0.00|43.7841|21.6624
20|01|0|0|1.5|14.5|315|26.4|56.6|0.00|0.00|43.7842|21.6624
20|02|0|0|0.0|14.5|315|26.5|56.6|0.00|0.00|43.7848|21.6624
20|03|0|0|0.0|14.5|315|26.6|56.6|0.00|0.00|43.7864|21.6624
20|04|0|0|0.0|14.5|315|26.5|56.6|0.00|0.00|43.7858|21.6624
20|06|0|0|0.0|14.5|315|26.5|56.5|0.00|0.00|43.7864|21.6624
20|07|0|0|0.0|14.5|315|26.3|56.4|0.00|0.00|43.7836|21.6624
20|08|0|0|0.0|14.5|315|26.4|56.4|0.00|0.00|43.7857|21.6624
20|09|0|0|0.0|14.5|315|26.5|56.4|0.00|0.00|43.7885|21.6624
20|10|0|0|1.5|14.5|315|26.8|56.3|0.00|0.00|43.7877|21.6624
20|11|0|0|1.6|14.5|315|26.7|56.2|0.00|0.00|43.7868|21.6624
20|12|0|0|1.5|14.5|315|26.9|56.1|0.00|0.00|43.7853|21.6624
20|13|0|0|1.6|14.5|315|26.7|56.0|0.00|0.00|43.7865|21.6624
20|14|0|0|1.5|14.5|315|27.0|55.8|0.00|0.00|43.7853|21.6957
20|15|0|0|2.9|14.5|315|27.1|55.8|0.00|0.00|43.7869|21.6957
20|16|0|0|2.9|14.5|315|27.5|55.6|0.00|0.00|43.7867|21.6957
20|18|0|315|1.5|14.5|315|27.9|55.5|0.00|0.00|43.7916|21.6957
20|19|0|315|1.5|14.5|315|28.3|55.4|0.00|0.00|43.7945|22.5541
20|20|0|315|1.5|14.5|315|28.3|55.3|0.00|0.00|43.7958|22.5541
20|21|0|315|1.5|14.5|315|28.7|55.2|0.00|0.00|43.7974|22.5541
20|22|0|315|1.5|14.5|315|28.9|55.1|0.00|0.00|43.7976|22.5541
20|25|0|315|1.5|14.5|315|29.4|54.7|0.00|0.00|43.7964|22.5211
20|26|0|315|2.9|14.5|315|29.5|54.6|0.00|0.00|43.7962|22.5211
20|27|0|315|3.2|14.5|315|29.7|54.5|0.00|0.00|43.7949|22.5211
20|28|0|315|2.9|14.5|315|29.8|54.4|0.00|0.00|43.7964|22.5211
20|29|0|315|2.9|14.5|315|30.1|54.2|0.00|0.00|43.7949|23.3243
20|30|0|315|3.2|14.5|315|30.6|54.0|0.00|0.00|43.7948|23.3243
20|33|0|315|2.9|14.5|315|31.0|53.7|0.00|0.00|43.7973|23.2327
20|34|0|315|1.5|14.5|315|31.3|53.6|0.00|0.00|43.7976|23.2327
20|35|0|315|1.6|14.5|315|32.0|53.5|0.00|0.00|43.7972|23.9874
20|36|0|315|2.9|14.5|315|32.5|53.4|0.00|0.00|43.7971|23.9874
20|37|0|315|2.9|14.5|315|32.3|53.2|0.00|0.00|43.7976|23.9874
20|38|0|315|2.9|14.5|315|32.7|52.9|0.00|0.00|43.8041|23.1126
20|39|0|315|2.9|14.5|315|33.6|52.7|0.00|0.00|43.8043|23.8436
20|41|0|315|2.9|14.5|315|33.8|52.5|0.00|0.00|43.8049|23.8436
20|41|0|315|2.9|14.5|315|34.5|52.4|0.00|0.00|43.8051|24.5552
20|42|0|315|2.9|14.5|315|33.9|52.0|0.00|0.00|43.8032|23.8436
20|43|0|315|3.2|14.5|315|34.0|51.9|0.00|0.00|43.805|23.6741
20|44|0|315|2.9|14.5|315|34.6|51.7|0.00|0.00|43.8086|23.6741
20|46|0|315|3.2|14.5|315|34.5|51.6|0.00|0.00|43.8099|23.6741
20|47|0|315|2.9|14.5|315|34.5|51.5|0.00|0.00|43.812|23.6741
20|48|0|315|2.9|14.5|315|35.0|51.3|0.00|0.00|43.8131|24.3645
20|50|0|315|1.5|14.5|315|36.5|51.0|0.00|0.00|43.812|25.0376
20|51|0|315|1.5|14.5|315|36.3|50.9|0.00|0.00|43.814|24.1505
20|53|0|315|2.9|14.5|315|36.7|50.7|0.00|0.00|43.8175|24.1505
20|54|0|315|2.9|14.5|315|37.4|50.6|0.00|0.00|43.8177|24.8045
20|55|0|315|1.5|14.5|315|38.1|50.5|0.00|0.00|43.8198|25.443
20|56|0|315|2.9|14.5|315|37.6|50.2|0.00|0.00|43.8221|24.8045
20|57|0|315|2.9|14.5|315|37.0|50.1|0.00|0.00|43.8244|24.8045
20|58|0|315|1.5|14.5|315|37.2|50.0|0.00|0.00|43.8232|24.8045
20|59|0|315|1.6|14.5|315|36.5|49.9|0.00|0.00|43.8219|23.2632
21|01|0|315|2.9|14.5|315|36.1|49.9|0.00|0.00|43.8235|23.2632
21|02|0|315|1.6|14.5|315|35.9|49.9|0.00|0.00|43.8224|22.5957
21|03|0|315|1.6|14.5|315|35.7|50.0|0.00|0.00|43.8249|23.4802
21|04|0|315|1.5|14.5|315|35.2|50.1|0.00|0.00|43.8247|23.4802
21|05|0|315|0.0|14.5|315|34.9|50.1|0.00|0.00|43.8253|22.7927
21|06|0|315|0.0|14.5|315|35.3|50.2|0.00|0.00|43.8268|23.4802
21|07|0|315|0.0|14.5|315|36.2|50.5|0.00|0.00|43.8282|24.1505
21|08|0|315|0.0|14.5|315|36.5|50.5|0.00|0.00|43.8281|24.1505
21|09|0|315|1.5|14.5|315|36.4|50.6|0.00|0.00|43.8284|24.1505
21|10|0|315|1.5|14.5|315|36.4|50.7|0.00|0.00|43.8299|24.1505
21|11|0|315|1.5|14.5|315|36.0|50.7|0.00|0.00|43.8298|24.1505
21|13|0|315|1.5|14.5|315|36.1|50.8|0.00|0.00|43.8315|24.1505
21|13|0|180|1.5|14.5|315|36.4|50.8|0.00|0.00|43.8301|24.1505
21|14|0|180|1.6|14.5|315|37.1|50.8|0.00|0.00|43.832|24.8045
21|15|0|180|1.5|14.5|315|37.3|50.9|0.00|0.00|43.8346|24.8045
21|17|0|203|1.6|14.5|315|37.5|50.9|0.00|0.00|43.8352|24.8045
21|18|0|225|1.5|14.5|315|37.5|51.0|0.00|0.00|43.8361|25.6944
21|20|0|180|1.5|14.5|315|37.3|51.0|0.00|0.00|43.8392|25.6944
21|21|0|180|2.9|14.5|315|36.9|51.0|0.00|0.00|43.8393|25.0376
21|22|0|180|1.6|14.5|315|36.9|51.0|0.00|0.00|43.8388|25.0376
21|23|0|180|1.5|14.5|315|37.3|51.0|0.00|0.00|43.8398|25.6944
21|24|0|180|0.0|14.5|315|37.5|51.0|0.00|0.00|43.842|25.6944
21|25|0|270|0.0|14.5|315|36.8|51.1|0.00|0.00|43.8416|25.0376
21|27|0|225|0.0|14.5|315|37.9|51.2|0.00|0.00|43.8429|25.6944
21|28|0|225|1.6|14.5|315|37.8|51.2|0.00|0.00|43.8425|25.6944
21|29|0|225|0.0|14.5|315|37.8|51.2|0.00|0.00|43.8419|25.6944
21|30|0|225|0.0|14.5|315|37.9|51.2|0.00|0.00|43.8424|25.6944
21|31|0|225|0.0|14.5|315|37.9|51.2|0.00|0.00|43.8445|25.6944
21|34|0|225|0.0|14.5|315|37.3|51.2|0.00|0.00|43.8434|25.6944
21|35|0|225|0.0|14.5|315|37.4|51.3|0.00|0.00|43.8455|25.6944
21|36|0|225|0.0|14.5|315|37.5|51.3|0.00|0.00|43.8437|25.6944
21|37|0|225|0.0|14.5|315|37.3|51.3|0.00|0.00|43.8464|25.6944
21|38|0|225|0.0|14.5|315|37.3|51.3|0.00|0.00|43.8459|25.6944
21|39|0|225|0.0|14.5|315|37.2|51.3|0.00|0.00|43.8465|25.6944
21|40|0|225|0.0|14.5|315|37.1|51.3|0.00|0.00|43.8478|25.6944
21|41|0|225|0.0|14.5|315|37.3|51.3|0.00|0.00|43.8497|25.6944
21|42|0|225|0.0|14.5|315|37.3|51.2|0.00|0.00|43.8504|25.6944
21|43|0|225|0.0|14.5|315|37.6|51.2|0.00|0.00|43.8492|25.6944
21|44|0|90|1.5|14.5|315|37.6|51.2|0.00|0.00|43.851|25.6944
21|45|0|90|0.0|14.5|315|37.5|51.1|0.00|0.00|43.8509|25.6944
21|46|0|90|1.5|14.5|315|37.6|51.1|0.00|0.00|43.8517|25.6944
21|48|0|90|1.5|14.5|315|37.5|51.1|0.00|0.00|43.8517|25.6944
21|49|0|90|1.6|14.5|315|37.8|51.0|0.00|0.00|43.8547|25.6944
21|50|0|90|1.5|14.5|315|37.6|51.0|0.00|0.00|43.8546|25.6944
21|52|0|179|0.0|14.5|315|37.6|50.9|0.00|0.00|43.8569|24.8045
21|53|0|90|0.0|14.5|315|37.8|50.9|0.00|0.00|43.8576|24.8045
21|54|0|90|1.5|14.5|315|38.3|50.9|0.00|0.00|43.8577|25.443
21|55|0|90|0.0|14.5|315|38.5|50.8|0.00|0.00|43.857|25.443
21|56|0|135|1.5|14.5|315|38.9|50.8|0.00|0.00|43.8584|25.443
21|57|0|180|0.0|14.5|315|39.0|50.8|0.00|0.00|43.8596|26.0669
21|58|0|180|0.0|14.5|315|38.8|50.7|0.00|0.00|43.8604|25.443
22|00|0|180|0.0|14.5|315|38.9|50.6|0.00|0.00|43.8644|25.443
22|01|0|180|0.0|14.5|315|39.0|50.5|0.00|0.00|43.8633|26.0669
22|02|0|180|1.5|14.5|315|39.2|50.5|0.00|0.00|43.862|26.0669
22|03|0|180|1.5|14.5|315|39.5|50.3|0.00|0.00|43.8636|26.0669
22|05|0|180|1.5|14.5|315|39.6|50.2|0.00|0.00|43.864|26.0669
22|06|0|180|1.6|14.5|315|39.7|50.2|0.00|0.00|43.865|26.0669
22|08|0|180|0.0|14.5|315|40.2|50.1|0.00|0.00|43.8638|26.6766
22|09|0|180|1.5|14.5|315|40.3|50.1|0.00|0.00|43.864|26.6766
22|10|0|180|0.0|14.5|315|40.3|50.1|0.00|0.00|43.864|26.6766
22|11|0|180|0.0|14.5|315|40.3|50.1|0.00|0.00|43.8658|26.6766
22|12|0|180|1.5|14.5|315|40.6|50.1|0.00|0.00|43.8649|26.6766
22|14|0|180|0.0|14.5|315|40.9|50.0|0.00|0.00|43.8653|26.6766
22|15|0|180|0.0|14.5|315|41.0|50.0|0.00|0.00|43.8643|27.2731
22|16|0|180|0.0|14.5|315|41.0|50.0|0.00|0.00|43.8647|27.2731
22|17|0|180|1.5|14.5|315|41.2|50.0|0.00|0.00|43.8653|27.2731
22|19|0|180|0.0|14.5|315|41.6|50.0|0.00|0.00|43.8668|27.2731
22|20|0|180|1.5|14.5|315|41.6|49.9|0.00|0.00|43.8652|26.3725
22|21|0|180|0.0|14.5|315|41.5|49.9|0.00|0.00|43.866|26.3725
22|22|0|180|1.6|14.5|315|41.7|49.9|0.00|0.00|43.8666|26.3725
22|23|0|180|1.5|14.5|315|42.0|49.8|0.00|0.00|43.8675|26.9537
22|25|0|180|0.0|14.5|315|42.1|49.7|0.00|0.00|43.8682|26.9537
22|26|0|180|0.0|14.5|315|42.1|49.7|0.00|0.00|43.8692|26.9537
22|27|0|180|0.0|14.5|315|42.3|49.5|0.00|0.00|43.8687|26.9537
22|28|0|180|0.0|14.5|315|42.5|49.5|0.00|0.00|43.8703|26.9537
22|31|0|180|0.0|14.5|315|42.7|49.3|0.00|0.00|43.8704|26.9537
22|32|0|180|0.0|14.5|315|42.7|49.3|0.00|0.00|43.874|26.9537
22|34|0|180|0.0|14.5|315|42.8|49.2|0.00|0.00|43.8731|26.9537
22|35|0|180|0.0|14.5|315|42.9|49.1|0.00|0.00|43.872|26.9537
22|36|0|180|0.0|14.5|315|42.7|49.0|0.00|0.00|43.8715|26.9537
22|37|0|180|0.0|14.5|315|42.7|49.0|0.00|0.00|43.8719|26.9537
22|38|0|180|0.0|14.5|315|42.8|48.9|0.00|0.00|43.8699|26.0504
22|39|0|180|0.0|14.5|315|42.8|48.8|0.00|0.00|43.8688|26.0504
22|40|0|180|0.0|14.5|315|43.0|48.8|0.00|0.00|43.8683|26.617
22|42|0|180|0.0|14.5|315|42.7|48.7|0.00|0.00|43.8679|26.0504
22|43|0|180|0.0|14.5|315|42.4|48.5|0.00|0.00|43.8683|26.0504
22|45|0|180|0.0|14.5|315|42.5|48.4|0.00|0.00|43.8666|26.0504
22|46|0|180|0.0|14.5|315|42.7|48.3|0.00|0.00|43.8666|26.0504
22|47|0|180|0.0|14.5|315|42.9|48.3|0.00|0.00|43.8679|26.0504
22|48|0|180|0.0|14.5|315|42.9|48.2|0.00|0.00|43.8664|26.0504
22|49|0|180|0.0|14.5|315|43.1|48.2|0.00|0.00|43.8681|26.617
22|51|0|180|0.0|14.5|315|43.2|48.1|0.00|0.00|43.8687|26.617
22|52|0|180|0.0|14.5|315|43.5|48.1|0.00|0.00|43.8694|26.617
22|53|0|180|0.0|14.5|315|43.4|48.1|0.00|0.00|43.8698|26.617
22|54|0|180|0.0|14.5|315|42.9|48.1|0.00|0.00|43.872|26.0504
22|55|0|180|0.0|14.5|315|42.5|48.0|0.00|0.00|43.8713|26.0504
22|56|0|180|0.0|14.5|315|42.5|48.0|0.00|0.00|43.8725|26.0504
22|57|0|180|0.0|14.5|315|42.8|48.0|0.00|0.00|43.8731|26.0504
22|58|0|180|0.0|14.5|315|43.6|48.0|0.00|0.00|43.8749|26.617
22|59|0|135|1.5|14.5|315|44.7|47.9|0.00|0.00|43.8745|26.2638
23|00|0|135|0.0|14.5|315|45.3|47.9|0.00|0.00|43.8737|26.8055
23|01|0|135|1.5|14.5|315|45.8|47.7|0.00|0.00|43.8736|26.8055
23|02|0|135|0.0|14.5|315|46.2|47.6|0.00|0.00|43.874|27.3367
23|03|0|135|1.5|14.5|315|46.7|47.5|0.00|0.00|43.8738|27.3367
23|05|0|135|1.6|14.5|315|47.1|47.5|0.00|0.00|43.876|27.8577
23|05|0|135|0.0|14.5|315|47.4|47.4|0.00|0.00|43.8754|27.8577
23|07|0|135|1.6|14.5|315|47.6|47.4|0.00|0.00|43.8762|27.8577
23|08|0|135|1.5|14.5|315|47.9|47.3|0.00|0.00|43.876|27.8577
23|09|0|135|1.5|14.5|315|48.5|47.2|0.00|0.00|43.8754|28.3689
23|10|0|135|0.0|14.5|315|48.8|47.1|0.01|0.01|43.8756|28.3689
23|11|0|135|0.0|14.5|315|49.0|47.0|0.01|0.01|43.878|28.8709
23|12|0|135|0.0|14.5|315|49.3|46.8|0.01|0.01|43.8777|27.9511
23|13|0|135|1.5|14.5|315|49.9|46.7|0.01|0.01|43.877|27.9511
23|14|0|135|1.5|14.5|315|50.3|46.7|0.01|0.01|43.8751|28.4419
23|15|0|135|1.5|14.5|315|50.8|46.6|0.01|0.01|43.8742|28.4419
23|16|0|135|1.5|14.5|315|51.8|46.5|0.01|0.01|43.8753|28.9241
23|17|0|135|1.6|14.5|315|53.4|46.4|0.01|0.01|43.8722|29.8639
23|18|0|135|0.0|14.5|315|54.4|46.3|0.01|0.01|43.8717|30.3221
23|19|0|135|0.0|14.5|315|55.1|46.2|0.01|0.01|43.8712|30.7729
23|20|0|135|0.0|14.5|315|54.5|46.2|0.01|0.01|43.8715|30.3221
23|21|0|135|0.0|14.5|315|53.8|46.1|0.01|0.01|43.8704|29.8639
23|22|0|135|0.0|14.5|315|53.3|46.1|0.01|0.01|43.8706|29.8639
23|23|0|135|0.0|14.5|315|53.4|46.1|0.01|0.01|43.8705|29.8639
23|24|0|135|0.0|14.5|315|53.2|46.1|0.01|0.01|43.8703|29.8639
23|25|0|135|0.0|14.5|315|52.4|46.0|0.01|0.01|43.8689|29.398
23|26|0|135|1.5|14.5|315|52.3|46.0|0.01|0.01|43.87|29.398
23|28|0|135|1.5|14.5|315|52.9|46.0|0.01|0.01|43.8682|29.398
23|29|0|135|1.5|14.5|315|54.1|46.0|0.01|0.01|43.8693|30.3221
23|30|0|135|1.5|14.5|315|54.7|46.0|0.01|0.01|43.8691|30.3221
23|31|0|135|1.5|14.5|315|54.1|46.0|0.01|0.01|43.8693|30.3221
23|32|0|135|0.0|14.5|315|54.3|46.0|0.01|0.01|43.87|30.3221
23|33|0|135|1.5|14.5|315|54.4|45.8|0.01|0.01|43.8681|29.3919
23|34|0|135|1.5|14.5|315|53.0|45.8|0.01|0.01|43.869|28.9357
23|35|0|135|1.5|14.5|315|52.0|45.8|0.01|0.01|43.87|28.4718
23|37|0|135|0.0|14.5|315|50.9|45.8|0.01|0.01|43.87|27.5199
23|38|0|135|1.5|14.5|315|50.9|45.8|0.01|0.01|43.8706|27.5199
23|39|0|135|0.0|14.5|315|51.1|45.8|0.01|0.01|43.8699|28
23|40|0|45|1.5|14.5|315|50.9|45.8|0.01|0.01|43.8683|27.5199
23|41|0|90|1.6|14.5|315|50.6|45.8|0.01|0.01|43.8693|27.5199
23|42|0|90|1.5|14.5|315|50.4|45.8|0.01|0.01|43.869|27.5199
23|43|0|90|1.5|14.5|315|50.3|45.8|0.01|0.01|43.8685|27.5199
23|46|0|90|2.9|14.5|315|50.3|45.7|0.01|0.01|43.8683|27.5199
23|47|0|90|2.9|14.5|315|50.3|45.7|0.01|0.01|43.8687|27.5199
23|47|0|90|1.5|14.5|315|50.4|45.7|0.01|0.01|43.8704|27.5199
23|49|0|90|1.5|14.5|315|50.6|45.7|0.01|0.01|43.8688|27.5199
23|50|0|45|1.5|14.5|315|50.7|45.6|0.01|0.01|43.8684|27.5199
23|51|0|90|2.9|14.5|315|50.4|45.6|0.01|0.01|43.8689|27.5199
23|52|0|90|3.2|14.5|315|50.1|45.6|0.01|0.01|43.8688|27.5199
23|53|0|90|1.5|14.5|315|50.0|45.6|0.01|0.01|43.8714|27.5199
23|54|0|45|2.9|14.5|315|50.1|45.5|0.01|0.01|43.8698|27.5199
23|55|0|90|3.2|14.5|315|50.0|45.5|0.01|0.01|43.8705|27.5199
23|56|0|90|2.9|14.5|315|49.9|45.5|0.01|0.01|43.872|27.0312
23|57|0|90|1.6|14.5|315|49.9|45.5|0.01|0.01|43.8725|27.0312
23|58|0|90|1.5|14.5|315|49.9|45.5|0.01|0.01|43.8736|27.0312
23|59|0|90|1.6|14.5|315|50.0|45.5|0.01|0.01|43.8733|27.5199
