00|00|0|225|0.0|3.2|315|86.9|25.4|0.02|0.09|43.9075|21.4217
00|04|0|225|1.6|3.2|315|86.9|25.2|0.02|0.09|43.9115|21.4217
00|05|0|225|1.5|3.2|315|86.9|25.2|0.02|0.09|43.9143|21.4217
00|06|0|225|2.9|3.2|315|86.9|25.1|0.02|0.09|43.9142|21.4217
00|07|0|225|0.0|3.2|315|86.9|25.1|0.02|0.09|43.9138|21.4217
00|08|0|225|1.6|3.2|315|87.0|25.1|0.02|0.09|43.9145|21.6938
00|09|0|225|1.5|3.2|315|87.2|25.1|0.02|0.09|43.9164|21.6938
00|10|0|225|2.9|3.2|315|87.4|25.1|0.02|0.09|43.919|21.6938
00|11|0|225|1.6|4.4|225|87.7|25.1|0.02|0.09|43.9192|21.6938
00|12|0|225|1.5|4.4|225|88.1|25.1|0.02|0.09|43.9225|21.9632
00|13|0|225|2.9|4.4|225|88.5|25.1|0.02|0.09|43.9226|21.9632
00|15|0|225|1.5|4.4|225|88.9|25.2|0.02|0.09|43.9233|21.9632
00|16|0|225|1.6|4.4|225|89.1|25.2|0.02|0.09|43.9213|22.2298
00|17|0|225|2.9|4.4|225|89.2|25.4|0.02|0.09|43.9208|22.2298
00|18|0|225|1.5|4.4|225|89.4|25.4|0.02|0.09|43.922|22.2298
00|19|0|180|2.9|4.4|225|89.5|25.5|0.02|0.09|43.9234|22.2298
00|20|0|203|1.6|4.4|225|89.7|25.5|0.02|0.09|43.9251|22.2298
00|23|0|158|2.9|4.4|225|89.9|25.6|0.02|0.09|43.9225|22.2298
00|23|0|203|1.6|4.8|180|90.1|25.6|0.02|0.09|43.9218|22.4939
00|25|0|158|2.9|4.8|180|90.4|25.7|0.02|0.09|43.9199|22.4939
00|25|0|180|1.5|4.8|180|90.5|25.7|0.02|0.09|43.9202|22.4939
00|28|0|180|2.9|5.8|135|90.6|25.9|0.02|0.09|43.9203|22.4939
00|28|0|180|1.5|5.8|135|90.6|26.0|0.02|0.09|43.9252|23.482
00|29|0|180|1.5|5.8|135|90.6|26.1|0.02|0.09|43.9268|23.482
00|30|0|180|1.5|5.8|135|90.5|26.1|0.02|0.09|43.9265|23.482
00|31|0|180|1.5|5.8|135|90.3|26.3|0.02|0.09|43.9288|23.482
00|33|0|180|0.0|5.8|135|90.1|26.4|0.01|0.09|43.9274|23.482
00|34|0|180|0.0|5.8|135|90.0|26.4|0.01|0.09|43.9304|23.482
00|35|0|180|0.0|5.8|135|89.8|26.5|0.01|0.09|43.9317|23.2167
00|36|0|180|1.5|5.8|135|89.7|26.5|0.01|0.09|43.9315|23.2167
00|38|0|180|0.0|5.8|135|89.5|26.5|0.01|0.09|43.9288|23.2167
00|39|0|90|1.5|5.8|135|89.3|26.5|0.01|0.09|43.9266|23.2167
00|40|0|90|1.5|5.8|135|89.0|26.5|0.01|0.09|43.9258|23.2167
00|41|0|90|1.6|5.8|135|88.7|26.5|0.01|0.09|43.9233|22.9488
00|42|0|90|1.5|5.8|135|88.4|26.5|0.01|0.09|43.924|22.9488
00|43|0|90|0.0|5.8|135|88.1|26.5|0.01|0.09|43.9245|22.9488
00|45|0|90|1.6|5.8|135|87.8|26.4|0.01|0.09|43.9211|22.6781
00|45|0|90|1.5|5.8|135|87.4|26.3|0.01|0.09|43.92|22.6781
00|46|0|90|1.6|5.8|135|87.1|26.1|0.01|0.09|43.9181|22.6781
00|47|0|90|1.5|5.8|135|87.0|26.1|0.01|0.09|43.92|22.6781
00|48|0|90|1.5|5.8|135|86.9|26.0|0.01|0.09|43.9177|22.4047
00|49|0|90|1.6|5.8|135|86.8|25.9|0.01|0.09|43.918|21.4217
00|50|0|90|1.5|5.8|135|86.7|25.9|0.02|0.10|43.918|21.4217
00|51|0|90|1.5|5.8|135|86.7|25.8|0.02|0.10|43.9175|21.4217
00|52|0|90|0.0|5.8|135|86.6|25.7|0.02|0.10|43.9162|21.4217
00|53|0|90|1.5|5.8|135|86.5|25.7|0.02|0.10|43.9171|21.4217
00|54|0|90|1.5|5.8|135|86.4|25.6|0.02|0.10|43.9194|21.4217
00|55|0|135|0.0|5.8|135|86.4|25.6|0.01|0.10|43.9201|21.4217
00|56|0|135|1.5|5.8|135|86.3|25.5|0.01|0.10|43.9189|21.4217
00|57|0|135|1.6|5.8|135|86.4|25.5|0.01|0.10|43.9216|21.4217
00|59|0|180|1.5|5.8|135|86.4|25.4|0.01|0.10|43.9183|21.4217
01|00|0|135|1.5|5.8|135|86.5|25.4|0.01|0.10|43.9188|21.4217
01|01|0|135|1.5|5.8|135|86.7|25.2|0.01|0.10|43.9199|21.4217
01|02|0|90|2.9|5.8|135|87.2|25.2|0.01|0.10|43.9197|21.6938
01|04|0|135|2.9|5.8|135|87.6|25.2|0.01|0.10|43.918|21.6938
01|04|0|135|4.8|5.8|135|88.3|25.2|0.01|0.10|43.9172|21.9632
01|05|0|135|2.9|5.8|135|88.9|25.2|0.01|0.10|43.9178|21.9632
01|06|0|135|4.4|5.8|135|89.5|25.4|0.01|0.10|43.9157|22.2298
01|07|0|135|1.6|5.8|135|89.8|25.5|0.01|0.10|43.9169|22.2298
01|08|0|135|4.4|5.8|135|89.9|25.6|0.01|0.10|43.9143|22.2298
01|09|0|135|2.9|5.8|135|90.0|25.6|0.01|0.10|43.914|22.4939
01|10|0|135|2.9|5.8|135|90.0|25.7|0.01|0.10|43.9131|22.4939
01|11|0|135|3.2|5.8|135|89.9|25.7|0.01|0.10|43.9106|22.2298
01|12|0|135|2.9|5.8|135|89.8|25.8|0.01|0.10|43.9111|22.2298
01|13|0|135|4.4|5.8|135|89.7|25.9|0.01|0.10|43.9088|22.2298
01|14|0|135|2.9|7.3|135|89.7|25.9|0.01|0.10|43.9091|22.2298
01|15|0|135|4.4|7.3|135|89.7|26.0|0.01|0.10|43.9074|23.2167
01|16|0|135|3.2|7.3|135|89.7|26.0|0.01|0.10|43.9094|23.2167
01|18|0|135|4.4|7.3|135|89.7|26.1|0.01|0.10|43.9083|23.2167
01|18|0|135|3.2|7.3|135|89.7|26.1|0.01|0.10|43.9073|23.2167
01|20|0|135|3.2|7.3|135|89.7|26.3|0.01|0.10|43.9081|23.2167
01|21|0|90|2.9|7.3|135|89.6|26.3|0.01|0.10|43.9074|23.2167
01|22|0|90|3.2|7.3|135|89.5|26.3|0.01|0.10|43.9075|23.2167
01|23|0|180|2.9|7.3|135|89.3|26.3|0.01|0.10|43.9084|23.2167
01|25|0|135|0.0|7.3|135|89.2|26.4|0.01|0.10|43.9091|23.2167
01|25|0|135|2.9|7.3|135|88.9|26.4|0.01|0.10|43.9111|22.9488
01|26|0|135|2.9|7.3|135|88.6|26.4|0.02|0.11|43.9128|22.9488
01|27|0|180|1.5|7.3|135|88.5|26.3|0.02|0.11|43.9122|22.9488
01|28|0|135|3.2|7.3|135|88.3|26.3|0.02|0.11|43.9126|22.9488
01|30|0|135|2.9|7.3|135|88.2|26.3|0.02|0.11|43.9133|22.9488
01|31|0|135|1.6|7.3|135|88.0|26.3|0.02|0.11|43.9139|22.9488
01|31|0|135|1.5|7.3|135|87.9|26.3|0.02|0.11|43.9141|22.6781
01|32|0|135|2.9|7.3|135|87.8|26.1|0.02|0.11|43.9145|22.6781
01|33|0|135|3.2|7.3|135|87.8|26.0|0.02|0.11|43.9142|22.6781
01|34|0|180|1.5|7.3|135|87.9|26.0|0.02|0.11|43.9158|22.6781
01|35|0|180|1.6|7.3|135|87.8|26.0|0.02|0.11|43.9147|22.6781
01|36|0|180|1.5|7.3|135|87.8|26.0|0.02|0.11|43.9163|22.6781
01|37|0|180|1.5|7.3|135|87.8|25.9|0.02|0.11|43.9133|21.6938
01|40|0|180|1.6|7.3|135|87.7|25.9|0.02|0.11|43.9101|21.6938
01|41|0|180|0.0|7.3|135|87.7|25.9|0.02|0.11|43.9107|21.6938
01|42|0|180|0.0|7.3|135|87.5|25.9|0.02|0.11|43.9109|21.6938
01|43|0|180|1.5|7.3|135|87.4|25.9|0.02|0.11|43.9091|21.6938
01|44|0|180|1.6|7.3|135|87.3|25.9|0.02|0.11|43.91|21.6938
01|45|0|180|0.0|7.3|135|87.1|25.8|0.02|0.11|43.9069|21.6938
01|46|0|180|1.5|7.3|135|87.0|25.8|0.02|0.11|43.9098|21.6938
01|47|0|225|2.9|7.3|135|86.9|25.7|0.02|0.11|43.9078|21.4217
01|48|0|180|1.5|7.3|135|86.8|25.8|0.02|0.11|43.9121|21.4217
01|49|0|180|1.5|7.3|135|86.6|25.7|0.02|0.11|43.912|21.4217
01|50|0|180|1.5|7.3|135|86.5|25.7|0.01|0.11|43.9121|21.4217
01|52|0|180|1.6|7.3|135|86.3|25.6|0.01|0.11|43.9118|21.4217
01|53|0|180|3.2|7.3|135|86.2|25.4|0.01|0.11|43.9151|21.4217
01|54|0|135|1.5|7.3|135|86.3|25.2|0.01|0.11|43.9143|21.4217
01|55|0|180|2.9|7.3|135|86.4|25.2|0.01|0.11|43.914|21.4217
01|56|0|180|1.5|7.3|135|86.7|25.1|0.01|0.11|43.9156|21.4217
01|58|0|180|1.5|7.3|135|87.1|25.0|0.01|0.11|43.9147|21.6938
01|59|0|180|4.4|7.3|135|87.4|24.9|0.01|0.11|43.9134|20.7095
02|00|0|180|3.2|7.3|135|87.7|24.9|0.01|0.11|43.9134|20.7095
02|01|0|158|2.9|7.3|135|87.9|24.9|0.01|0.11|43.912|20.7095
02|02|0|135|1.5|7.3|135|88.1|24.9|0.01|0.11|43.9129|20.9776
02|03|0|180|1.5|7.3|135|88.2|24.9|0.01|0.11|43.9132|20.9776
02|05|0|180|1.5|7.3|135|88.2|24.9|0.01|0.11|43.9107|20.9776
02|05|0|180|0.0|7.3|135|88.2|24.9|0.01|0.11|43.9126|20.9776
02|06|0|180|0.0|7.3|135|88.2|24.9|0.01|0.11|43.9081|20.9776
02|07|0|180|3.2|7.3|135|88.1|24.9|0.01|0.11|43.9086|20.9776
02|09|0|180|0.0|7.3|135|88.3|24.9|0.01|0.11|43.9067|20.9776
02|10|0|180|1.6|7.3|135|88.3|24.9|0.01|0.11|43.9077|20.9776
02|11|0|180|2.9|7.3|135|88.3|24.9|0.01|0.11|43.9074|20.9776
02|12|0|180|1.5|7.3|135|88.4|24.8|0.01|0.11|43.9066|20.9776
02|13|0|180|0.0|7.3|135|88.5|24.8|0.01|0.11|43.9065|20.9776
02|14|0|180|1.6|7.3|135|88.4|24.9|0.01|0.11|43.907|20.9776
02|15|0|180|0.0|7.3|135|88.5|24.8|0.01|0.11|43.9052|20.9776
02|17|0|180|1.5|7.3|135|88.5|24.9|0.01|0.11|43.9077|20.9776
02|18|0|180|3.2|7.3|135|88.5|24.9|0.01|0.11|43.9057|20.9776
02|19|0|135|2.9|7.3|135|88.6|24.9|0.01|0.11|43.905|20.9776
02|20|0|180|1.5|7.3|135|88.7|24.9|0.01|0.11|43.9027|20.9776
02|21|0|180|1.6|7.3|135|88.9|24.9|0.01|0.11|43.9008|20.9776
02|22|0|180|1.5|7.3|135|89.1|24.9|0.01|0.11|43.9018|21.243
02|23|0|180|1.6|7.3|135|89.1|24.9|0.01|0.11|43.9024|21.243
02|24|0|180|0.0|7.3|135|89.1|24.9|0.01|0.11|43.9009|21.243
02|26|0|180|0.0|7.3|135|89.0|25.0|0.00|0.11|43.9043|22.2298
02|28|0|180|0.0|7.3|135|88.8|25.0|0.00|0.11|43.9036|21.9632
02|28|0|180|2.9|7.3|135|88.7|25.1|0.00|0.11|43.9053|21.9632
02|29|0|225|1.6|7.3|135|88.6|25.1|0.00|0.11|43.905|21.9632
02|30|0|180|1.5|7.3|135|88.6|25.1|0.00|0.11|43.9033|21.9632
02|31|0|180|1.5|7.3|135|88.5|25.1|0.00|0.11|43.9033|21.9632
02|32|0|180|1.6|7.3|135|88.4|25.1|0.00|0.11|43.904|21.9632
02|33|0|180|1.5|7.3|135|88.3|25.0|0.01|0.12|43.9021|21.9632
02|34|0|180|1.5|7.3|135|88.1|25.0|0.01|0.12|43.9024|21.9632
02|35|0|180|0.0|7.3|135|88.0|25.0|0.01|0.12|43.9049|21.9632
02|36|0|180|0.0|7.3|135|87.8|24.9|0.01|0.12|43.9062|20.7095
02|37|0|180|0.0|7.3|135|87.8|24.9|0.01|0.12|43.9094|20.7095
02|39|0|180|1.6|7.3|135|87.7|24.9|0.01|0.12|43.9095|20.7095
02|41|0|180|0.0|7.3|135|87.6|24.8|0.01|0.12|43.91|20.7095
02|42|0|180|1.6|7.3|135|87.5|24.8|0.01|0.12|43.9069|20.7095
02|43|0|180|2.9|7.3|135|87.5|24.8|0.01|0.12|43.9073|20.7095
02|44|0|180|0.0|7.3|135|87.4|24.8|0.01|0.12|43.9097|20.7095
02|45|0|180|0.0|7.3|135|87.4|24.7|0.01|0.12|43.9053|20.7095
02|46|0|180|1.5|7.3|135|87.4|24.7|0.01|0.12|43.9068|20.7095
02|47|0|180|2.9|7.3|135|87.3|24.6|0.01|0.12|43.9079|20.7095
02|48|0|135|4.4|7.3|135|87.3|24.5|0.01|0.12|43.9077|20.7095
02|49|0|180|1.6|7.3|135|87.4|24.5|0.01|0.12|43.9106|20.7095
02|50|0|180|2.9|7.3|135|87.4|24.3|0.01|0.12|43.9083|20.7095
02|52|0|180|2.9|7.3|135|87.4|24.2|0.01|0.12|43.9072|20.7095
02|53|0|180|2.9|7.3|135|87.5|24.1|0.01|0.12|43.9049|20.7095
02|54|0|180|1.5|7.3|135|87.5|24.0|0.01|0.12|43.9033|20.7095
02|55|0|180|1.5|7.3|135|87.6|24.0|0.01|0.12|43.9029|20.7095
02|56|0|180|0.0|7.3|135|87.5|24.0|0.01|0.12|43.9042|20.7095
02|57|0|180|0.0|7.3|135|87.5|23.9|0.01|0.12|43.9021|19.7251
02|58|0|180|0.0|7.3|135|87.5|23.9|0.01|0.12|43.9056|19.7251
03|00|0|180|0.0|7.3|135|87.4|23.9|0.01|0.12|43.9072|19.7251
03|01|0|180|1.5|7.3|135|87.3|23.9|0.01|0.12|43.91|19.7251
03|02|0|180|1.5|7.3|135|87.2|23.8|0.01|0.12|43.9124|19.7251
03|03|0|180|0.0|7.3|135|87.1|23.8|0.01|0.12|43.9141|19.7251
03|05|0|180|0.0|7.3|135|87.0|23.7|0.01|0.12|43.913|19.7251
03|07|0|180|0.0|7.3|135|86.8|23.6|0.01|0.12|43.9126|19.4555
03|08|0|180|0.0|7.3|135|86.8|23.6|0.01|0.12|43.9128|19.4555
03|09|0|180|1.5|7.3|135|86.7|23.5|0.01|0.12|43.9111|19.4555
03|10|0|180|0.0|7.3|135|86.7|23.5|0.01|0.12|43.9129|19.4555
03|11|0|180|0.0|7.3|135|86.6|23.5|0.01|0.12|43.9159|19.4555
03|12|0|180|0.0|7.3|135|86.7|23.3|0.01|0.12|43.9152|19.4555
03|13|0|180|1.5|7.3|135|86.7|23.3|0.01|0.12|43.9177|19.4555
03|14|0|180|0.0|7.3|135|86.8|23.2|0.01|0.12|43.9183|19.4555
03|15|0|270|1.5|7.3|135|86.9|23.2|0.01|0.12|43.9197|19.4555
03|16|0|270|0.0|7.3|135|86.9|23.1|0.01|0.12|43.9201|19.4555
03|18|0|270|1.5|7.3|135|86.8|23.1|0.01|0.12|43.919|19.4555
03|18|0|315|1.6|7.3|135|86.8|23.0|0.01|0.12|43.9172|19.4555
03|19|0|315|1.5|7.3|135|86.8|22.9|0.01|0.12|43.9164|18.4724
03|21|0|270|1.5|7.3|135|86.9|22.8|0.01|0.12|43.9163|18.4724
03|22|0|270|1.5|7.3|135|87.0|22.7|0.01|0.12|43.9158|18.7407
03|23|0|270|1.5|7.3|135|87.2|22.7|0.01|0.12|43.919|18.7407
03|24|0|270|0.0|7.3|135|87.3|22.5|0.01|0.12|43.9181|18.7407
03|25|0|225|1.5|7.3|135|87.6|22.5|0.01|0.12|43.9184|18.7407
03|26|0|270|0.0|7.3|135|87.9|22.4|0.01|0.12|43.9175|18.7407
03|27|0|270|0.0|7.3|135|88.0|22.4|0.01|0.12|43.919|19.0062
03|28|0|270|0.0|7.3|135|88.1|22.4|0.01|0.12|43.9196|19.0062
03|29|0|270|0.0|7.3|135|88.1|22.4|0.01|0.12|43.9181|19.0062
03|30|0|270|0.0|7.3|135|88.2|22.4|0.01|0.12|43.9195|19.0062
03|31|0|270|0.0|7.3|135|88.3|22.4|0.01|0.12|43.9172|19.0062
03|32|0|270|0.0|7.3|135|88.4|22.4|0.01|0.12|43.9173|19.0062
03|33|0|270|0.0|7.3|135|88.5|22.3|0.00|0.12|43.9141|19.0062
03|34|0|270|0.0|7.3|135|88.5|22.4|0.00|0.12|43.9146|19.0062
03|35|0|270|1.5|7.3|135|88.5|22.3|0.00|0.12|43.9121|19.0062
03|36|0|270|0.0|7.3|135|88.4|22.4|0.00|0.12|43.9136|19.0062
03|37|0|270|1.5|7.3|135|88.4|22.3|0.00|0.12|43.913|19.0062
03|38|0|270|0.0|7.3|135|88.5|22.3|0.00|0.12|43.9151|19.0062
03|39|0|270|0.0|7.3|135|88.5|22.3|0.00|0.12|43.914|19.0062
03|41|0|270|0.0|7.3|135|88.4|22.3|0.00|0.12|43.9133|19.0062
03|41|0|270|0.0|7.3|135|88.4|22.3|0.00|0.12|43.9125|19.0062
03|42|0|270|1.5|7.3|135|88.2|22.2|0.00|0.12|43.9125|19.0062
03|47|0|180|0.0|7.3|135|88.3|22.1|0.00|0.12|43.9057|19.0062
03|48|0|180|0.0|7.3|135|88.4|22.1|0.00|0.12|43.9053|19.0062
03|49|0|180|0.0|7.3|135|88.4|22.1|0.00|0.12|43.9054|19.0062
03|50|0|180|0.0|7.3|135|88.4|22.1|0.00|0.12|43.9034|19.0062
03|51|0|180|0.0|7.3|135|88.4|22.1|0.00|0.12|43.9036|19.0062
03|52|0|180|1.5|7.3|135|88.5|22.1|0.01|0.13|43.9012|19.0062
03|54|0|180|2.9|7.3|135|88.5|22.1|0.01|0.13|43.8987|19.0062
03|54|0|225|0.0|7.3|135|88.6|22.1|0.01|0.13|43.9003|19.0062
03|55|0|203|1.5|7.3|135|88.7|22.1|0.01|0.13|43.9004|19.0062
03|56|0|225|1.5|7.3|135|88.8|22.1|0.01|0.13|43.8969|19.0062
03|57|0|180|0.0|7.3|135|89.0|22.1|0.01|0.13|43.8999|19.2691
03|58|0|203|3.2|7.3|135|89.0|22.2|0.01|0.13|43.8997|19.2691
03|59|0|225|1.5|7.3|135|89.3|22.1|0.01|0.13|43.8984|19.2691
04|00|0|180|5.8|7.3|135|89.5|22.2|0.01|0.13|43.8987|19.2691
04|02|0|180|4.4|8.1|135|90.2|22.2|0.01|0.13|43.8993|19.5294
04|03|0|180|5.8|8.7|158|90.8|22.2|0.01|0.13|43.8967|19.5294
04|03|0|180|2.9|8.7|158|91.2|22.2|0.01|0.13|43.8976|19.7872
04|05|0|180|5.8|8.7|158|91.5|22.3|0.01|0.13|43.8981|19.7872
04|06|0|180|4.4|8.7|158|91.7|22.4|0.01|0.13|43.9012|19.7872
04|07|0|203|4.8|8.7|158|91.7|22.4|0.01|0.13|43.9002|19.7872
04|08|0|180|4.4|8.7|158|91.7|22.5|0.01|0.13|43.9006|19.7872
04|09|0|225|1.5|8.7|158|91.8|22.5|0.01|0.13|43.9026|19.7872
04|10|0|225|1.6|8.7|158|91.7|22.7|0.01|0.13|43.904|19.7872
04|11|0|225|1.5|8.7|158|91.6|22.8|0.01|0.13|43.9034|19.7872
04|12|0|180|2.9|8.7|158|91.5|22.8|0.01|0.13|43.9044|19.7872
04|13|0|180|1.5|8.7|158|91.4|22.8|0.01|0.13|43.9032|19.7872
04|14|0|180|1.5|8.7|158|91.3|22.8|0.01|0.13|43.9036|19.7872
04|15|0|135|3.2|8.7|158|91.3|22.9|0.01|0.13|43.9035|19.7872
04|17|0|180|2.9|8.7|158|91.2|22.9|0.01|0.13|43.9038|19.7872
04|18|0|180|1.6|8.7|158|91.2|22.9|0.01|0.13|43.9042|19.7872
04|19|0|180|2.9|8.7|158|91.1|22.8|0.01|0.13|43.9016|19.7872
04|20|0|225|2.9|8.7|158|91.1|22.9|0.01|0.13|43.9022|19.7872
04|21|0|180|1.6|8.7|158|91.1|22.9|0.01|0.13|43.9021|19.7872
04|22|0|225|1.5|8.7|158|91.0|23.0|0.01|0.13|43.9026|20.7766
04|24|0|180|4.4|8.7|158|90.9|22.9|0.01|0.13|43.9006|19.5294
04|24|0|135|4.8|8.7|158|90.9|23.0|0.01|0.13|43.9017|20.5176
04|26|0|180|2.9|8.7|158|91.0|23.0|0.01|0.13|43.8993|20.7766
04|28|0|180|2.9|8.7|158|91.1|23.1|0.01|0.13|43.899|20.7766
04|29|0|135|4.8|8.7|158|91.0|23.2|0.01|0.13|43.9008|20.7766
04|30|0|180|4.4|8.7|158|90.8|23.2|0.01|0.13|43.9004|20.5176
04|31|0|180|1.6|8.7|158|90.7|23.2|0.01|0.13|43.8994|20.5176
04|32|0|180|1.5|8.7|158|90.6|23.3|0.01|0.13|43.9002|20.5176
04|35|0|180|1.5|8.7|158|90.4|23.5|0.01|0.13|43.8977|20.5176
04|36|0|158|3.2|8.7|158|90.4|23.5|0.01|0.13|43.897|20.5176
04|37|0|180|1.6|8.7|158|90.3|23.5|0.01|0.13|43.8967|20.5176
04|38|0|180|4.4|10.2|180|90.2|23.6|0.01|0.13|43.8988|20.5176
04|39|0|180|4.4|10.2|180|90.2|23.6|0.01|0.13|43.8993|20.5176
04|40|0|180|1.5|10.2|180|90.2|23.7|0.01|0.13|43.8989|20.5176
04|41|0|180|2.9|10.2|180|90.2|23.7|0.01|0.13|43.8983|20.5176
04|43|0|180|3.2|10.2|180|90.1|23.7|0.01|0.13|43.8955|20.5176
04|43|0|180|4.4|10.2|180|90.0|23.8|0.01|0.13|43.8967|20.5176
04|45|0|180|2.9|10.2|180|89.9|23.8|0.01|0.13|43.8947|20.2561
04|46|0|135|3.2|10.2|180|89.9|23.8|0.01|0.13|43.8931|20.2561
04|47|0|225|4.4|10.2|180|89.8|23.9|0.01|0.13|43.8925|20.2561
04|48|0|180|1.5|10.2|180|89.7|23.9|0.01|0.13|43.8915|20.2561
04|49|0|180|2.9|10.2|180|89.7|23.9|0.01|0.13|43.892|20.2561
04|51|0|180|3.2|10.2|180|89.7|23.9|0.01|0.13|43.8917|20.2561
04|51|0|135|2.9|10.2|180|89.6|23.9|0.02|0.14|43.8895|20.2561
04|52|0|113|2.9|10.2|180|89.5|24.0|0.01|0.14|43.8898|21.243
04|53|0|180|4.8|10.2|180|89.4|24.0|0.01|0.14|43.8869|21.243
04|54|0|203|2.9|10.2|180|89.4|24.0|0.01|0.14|43.8883|21.243
04|55|0|225|3.2|10.2|180|89.3|24.1|0.01|0.14|43.8895|21.243
04|56|0|180|4.4|10.2|180|89.2|24.1|0.01|0.14|43.8875|21.243
04|57|0|180|5.8|10.2|180|89.1|24.1|0.01|0.14|43.8881|21.243
04|58|0|135|2.9|10.2|180|89.0|24.1|0.01|0.14|43.8856|21.243
05|00|0|180|2.9|10.2|180|88.9|24.1|0.02|0.15|43.8837|20.9776
05|00|0|180|2.9|10.2|180|88.9|24.1|0.02|0.15|43.8832|20.9776
05|01|0|180|4.8|10.2|180|88.8|24.1|0.02|0.15|43.8794|20.9776
05|02|0|180|2.9|10.2|180|88.7|24.1|0.02|0.15|43.8773|20.9776
05|04|0|180|3.2|10.2|180|88.5|24.1|0.02|0.15|43.8753|20.9776
05|06|0|180|2.9|10.2|180|88.5|24.1|0.02|0.15|43.8773|20.9776
05|07|0|180|4.4|10.2|180|88.5|24.2|0.02|0.15|43.8768|20.9776
05|08|0|180|3.2|10.2|180|88.4|24.2|0.02|0.15|43.8765|20.9776
05|09|0|180|2.9|10.2|180|88.4|24.2|0.02|0.15|43.8781|20.9776
05|11|0|180|2.9|10.2|180|88.3|24.2|0.02|0.15|43.8774|20.9776
05|12|0|180|4.8|10.2|180|88.2|24.3|0.02|0.15|43.8835|20.9776
05|13|0|180|2.9|10.2|180|88.1|24.2|0.02|0.15|43.8833|20.9776
05|14|0|225|1.5|10.2|180|88.1|24.3|0.02|0.15|43.885|20.9776
05|15|0|180|1.5|10.2|180|88.0|24.3|0.02|0.15|43.8862|20.9776
05|16|0|180|2.9|10.2|180|88.0|24.3|0.02|0.15|43.8849|20.9776
05|17|0|180|2.9|10.2|180|88.0|24.2|0.02|0.15|43.8844|20.9776
05|18|0|180|1.6|10.2|180|88.1|24.3|0.02|0.15|43.8858|20.9776
05|19|0|180|1.5|10.2|180|88.1|24.3|0.02|0.15|43.8859|20.9776
05|21|0|180|0.0|10.2|180|88.0|24.3|0.02|0.15|43.8876|20.9776
05|21|0|180|1.6|10.2|180|88.0|24.5|0.02|0.15|43.8868|20.9776
05|22|0|180|1.5|10.2|180|87.9|24.5|0.02|0.15|43.886|20.7095
05|23|0|180|0.0|10.2|180|87.9|24.5|0.02|0.15|43.8866|20.7095
05|25|0|180|0.0|10.2|180|87.9|24.5|0.02|0.15|43.8861|20.7095
05|27|0|180|0.0|10.2|180|87.8|24.6|0.02|0.15|43.8891|20.7095
05|28|0|180|0.0|10.2|180|87.7|24.6|0.02|0.15|43.8874|20.7095
05|29|0|180|0.0|10.2|180|87.6|24.7|0.02|0.15|43.8909|20.7095
05|30|0|180|1.6|10.2|180|87.6|24.7|0.02|0.15|43.8881|20.7095
05|31|0|135|1.6|10.2|180|87.6|24.7|0.02|0.15|43.8876|20.7095
05|32|0|90|1.5|10.2|180|87.6|24.7|0.02|0.15|43.8889|20.7095
05|33|0|90|1.5|10.2|180|87.7|24.7|0.02|0.15|43.8883|20.7095
05|34|0|90|2.9|10.2|180|87.7|24.7|0.02|0.15|43.889|20.7095
05|35|0|90|1.5|10.2|180|87.7|24.7|0.02|0.15|43.8873|20.7095
05|36|0|90|1.6|10.2|180|87.6|24.6|0.02|0.15|43.8868|20.7095
05|37|0|45|0.0|10.2|180|87.4|24.6|0.02|0.15|43.8878|20.7095
05|38|0|45|0.0|10.2|180|87.1|24.6|0.02|0.15|43.8874|20.7095
05|39|0|45|0.0|10.2|180|86.9|24.6|0.02|0.15|43.8893|20.4386
05|40|0|45|0.0|10.2|180|86.7|24.5|0.02|0.15|43.8859|20.4386
05|41|0|90|1.6|10.2|180|86.7|24.5|0.02|0.15|43.885|20.4386
05|43|0|90|0.0|10.2|180|86.9|24.3|0.02|0.15|43.8827|20.4386
05|46|0|90|0.0|10.2|180|87.0|24.3|0.02|0.15|43.8856|20.7095
05|47|0|90|0.0|10.2|180|87.0|24.3|0.02|0.15|43.8853|20.7095
05|49|0|90|1.5|10.2|180|86.9|24.2|0.02|0.15|43.884|20.4386
05|50|0|90|0.0|10.2|180|86.9|24.2|0.02|0.15|43.883|20.4386
05|51|0|90|0.0|10.2|180|86.9|24.2|0.01|0.15|43.883|20.4386
05|52|0|90|1.5|10.2|180|86.8|24.2|0.01|0.15|43.8837|20.4386
05|53|0|90|1.5|10.2|180|86.7|24.2|0.01|0.15|43.8821|20.4386
05|55|0|90|0.0|10.2|180|86.5|24.1|0.01|0.15|43.8824|20.4386
05|56|0|90|0.0|10.2|180|86.4|24.1|0.01|0.15|43.8808|20.4386
05|57|0|90|0.0|10.2|180|86.2|24.1|0.01|0.15|43.884|20.4386
05|58|0|90|0.0|10.2|180|86.1|24.0|0.01|0.15|43.8827|20.4386
05|59|0|90|0.0|10.2|180|85.9|24.0|0.00|0.15|43.8852|20.165
06|00|0|135|1.5|10.2|180|85.9|24.0|0.00|0.15|43.8849|20.165
06|01|0|135|0.0|10.2|180|85.8|23.9|0.00|0.15|43.8858|19.1832
06|02|0|135|0.0|10.2|180|85.8|23.9|0.00|0.15|43.8849|19.1832
06|03|0|135|0.0|10.2|180|85.8|23.8|0.00|0.15|43.8864|19.1832
06|05|0|90|0.0|10.2|180|85.8|23.7|0.00|0.15|43.8858|19.1832
06|06|0|90|0.0|10.2|180|85.8|23.7|0.00|0.15|43.8877|19.1832
06|07|0|90|0.0|10.2|180|85.8|23.6|0.00|0.15|43.885|19.1832
06|08|0|90|0.0|10.2|180|85.8|23.6|0.00|0.15|43.8846|19.1832
06|11|0|90|0.0|10.2|180|85.8|23.5|0.00|0.15|43.8815|19.1832
06|12|0|135|1.5|10.2|180|85.9|23.3|0.00|0.15|43.8795|19.1832
06|13|0|135|1.5|10.2|180|86.0|23.2|0.00|0.15|43.8762|19.4555
06|14|0|135|1.5|10.2|180|86.1|23.2|0.00|0.15|43.8742|19.4555
06|15|0|135|1.5|10.2|180|86.1|23.2|0.00|0.15|43.8725|19.4555
06|16|0|135|0.0|10.2|180|86.1|23.1|0.00|0.15|43.8731|19.4555
06|17|0|135|1.6|10.2|180|86.1|23.1|0.00|0.15|43.8724|19.4555
06|19|0|135|0.0|10.2|180|86.1|23.0|0.00|0.15|43.8771|19.4555
06|20|0|135|0.0|10.2|180|86.1|23.0|0.00|0.15|43.8781|19.4555
06|21|0|135|0.0|10.2|180|86.2|22.9|0.00|0.15|43.8776|18.4724
06|22|0|135|0.0|10.2|180|86.2|23.0|0.00|0.15|43.8804|19.4555
06|23|0|135|0.0|10.2|180|86.3|22.9|0.00|0.15|43.8784|18.4724
06|24|0|135|0.0|10.2|180|86.4|22.9|0.00|0.15|43.881|18.4724
06|25|0|135|0.0|10.2|180|86.4|22.9|0.00|0.15|43.8797|18.4724
06|26|0|135|0.0|10.2|180|86.4|22.9|0.00|0.15|43.8812|18.4724
06|27|0|135|1.5|10.2|180|86.4|22.9|0.00|0.15|43.8817|18.4724
06|28|0|135|0.0|10.2|180|86.4|22.8|0.00|0.15|43.882|18.4724
06|29|0|135|1.5|10.2|180|86.4|22.9|0.01|0.17|43.8838|18.4724
06|31|0|135|0.0|10.2|180|86.4|22.8|0.01|0.17|43.8809|18.4724
06|33|0|135|1.5|10.2|180|86.4|22.8|0.01|0.17|43.8792|18.4724
06|34|0|45|1.5|10.2|180|86.5|22.8|0.01|0.17|43.8774|18.4724
06|35|0|45|1.6|10.2|180|86.5|22.7|0.01|0.17|43.8768|18.4724
06|36|0|45|1.5|10.2|180|86.5|22.7|0.01|0.17|43.8763|18.4724
06|37|0|45|1.6|10.2|180|86.5|22.5|0.01|0.17|43.8753|18.4724
06|38|0|90|1.5|10.2|180|86.6|22.5|0.01|0.17|43.8744|18.4724
06|39|0|90|1.5|10.2|180|86.7|22.4|0.01|0.17|43.8771|18.4724
06|40|0|90|0.0|10.2|180|86.8|22.4|0.01|0.17|43.8749|18.4724
06|41|0|90|0.0|10.2|180|86.9|22.4|0.01|0.17|43.8752|18.4724
06|43|0|90|0.0|10.2|180|87.0|22.4|0.02|0.18|43.8755|18.7407
06|43|0|90|1.5|10.2|180|87.1|22.3|0.02|0.18|43.8754|18.7407
06|44|0|90|0.0|10.2|180|87.3|22.3|0.02|0.18|43.8754|18.7407
06|45|0|90|0.0|10.2|180|87.3|22.3|0.02|0.18|43.876|18.7407
06|46|0|179|0.0|10.2|180|87.4|22.3|0.02|0.18|43.8767|18.7407
06|48|0|90|0.0|10.2|180|87.3|22.3|0.02|0.18|43.8786|18.7407
06|49|0|90|0.0|10.2|180|87.3|22.3|0.02|0.18|43.879|18.7407
06|49|0|90|0.0|10.2|180|87.3|22.3|0.02|0.18|43.8809|18.7407
06|50|0|90|0.0|10.2|180|87.3|22.3|0.02|0.18|43.8811|18.7407
06|51|0|90|0.0|10.2|180|87.3|22.3|0.02|0.18|43.8821|18.7407
06|52|0|90|0.0|10.2|180|87.3|22.3|0.02|0.18|43.8808|18.7407
06|54|0|90|0.0|10.2|180|87.3|22.3|0.02|0.18|43.8822|18.7407
06|55|0|90|1.5|10.2|180|87.4|22.3|0.02|0.18|43.8806|18.7407
06|56|0|90|1.5|10.2|180|87.7|22.3|0.02|0.18|43.8797|18.7407
06|58|0|90|1.5|10.2|180|87.9|22.4|0.02|0.18|43.8805|18.7407
06|58|0|90|0.0|10.2|180|88.0|22.4|0.02|0.18|43.8795|19.0062
06|59|0|90|0.0|10.2|180|88.2|22.4|0.02|0.18|43.882|19.0062
07|00|0|90|0.0|10.2|180|88.2|22.4|0.02|0.18|43.8809|19.0062
07|01|0|179|0.0|10.2|180|88.1|22.4|0.02|0.18|43.8829|19.0062
07|02|0|90|0.0|10.2|180|88.1|22.4|0.02|0.18|43.8819|19.0062
07|03|0|90|0.0|10.2|180|88.1|22.4|0.02|0.18|43.8821|19.0062
07|04|0|90|0.0|10.2|180|88.0|22.4|0.02|0.18|43.8846|19.0062
07|06|0|90|0.0|10.2|180|87.8|22.4|0.02|0.18|43.8837|18.7407
07|08|0|90|0.0|10.2|180|87.7|22.4|0.02|0.18|43.8846|18.7407
07|09|0|90|1.5|10.2|180|87.7|22.4|0.02|0.18|43.884|18.7407
07|09|0|180|1.5|10.2|180|87.6|22.4|0.02|0.18|43.8835|18.7407
07|11|0|180|2.9|10.2|180|87.6|22.4|0.02|0.18|43.8845|18.7407
07|11|0|180|1.6|10.2|180|87.8|22.4|0.02|0.18|43.8845|18.7407
07|12|0|180|1.5|10.2|180|88.1|22.4|0.02|0.18|43.8876|19.0062
07|14|0|180|2.9|10.2|180|88.5|22.4|0.02|0.18|43.8851|19.0062
07|15|0|180|4.8|10.2|180|88.9|22.4|0.02|0.18|43.8859|19.0062
07|16|0|180|5.8|10.2|180|89.5|22.5|0.02|0.18|43.8859|19.2691
07|17|0|180|4.4|10.2|180|89.7|22.7|0.02|0.18|43.8849|19.2691
07|18|0|135|4.4|10.2|180|89.9|22.8|0.02|0.18|43.8861|19.2691
07|19|0|135|4.4|10.2|180|89.8|22.9|0.02|0.18|43.8872|19.2691
07|20|0|180|4.8|10.2|180|89.6|23.0|0.02|0.18|43.8872|20.2561
07|21|0|135|4.8|10.2|180|89.4|23.1|0.02|0.18|43.887|20.2561
07|22|0|135|2.9|10.2|180|89.1|23.2|0.02|0.18|43.8872|20.2561
07|23|0|135|3.2|10.2|180|88.8|23.2|0.02|0.18|43.886|19.9919
07|24|0|135|4.4|10.2|180|88.4|23.2|0.02|0.18|43.8858|19.9919
07|25|0|180|2.9|10.2|180|88.0|23.3|0.02|0.18|43.8868|19.9919
07|26|0|180|3.2|10.2|180|87.7|23.3|0.02|0.18|43.8877|19.7251
07|27|0|180|4.4|10.2|180|87.4|23.3|0.02|0.18|43.8878|19.7251
07|28|0|180|1.5|10.2|180|87.1|23.3|0.02|0.18|43.89|19.7251
07|29|0|158|6.4|10.2|180|86.8|23.3|0.01|0.18|43.8877|19.4555
07|30|0|135|4.4|10.2|180|86.5|23.2|0.01|0.18|43.8889|19.4555
07|31|0|135|1.6|10.2|180|86.3|23.2|0.01|0.18|43.8905|19.4555
07|32|0|158|4.4|10.2|180|86.2|23.2|0.01|0.18|43.8898|19.4555
07|33|0|135|1.5|10.2|180|86.1|23.2|0.01|0.18|43.888|19.4555
07|35|0|135|4.4|10.2|180|86.1|23.3|0.01|0.18|43.8873|19.4555
07|36|0|135|2.9|10.2|180|86.0|23.3|0.01|0.18|43.8874|19.4555
07|37|0|135|1.5|10.2|180|86.0|23.3|0.01|0.18|43.8882|19.4555
07|38|0|180|3.2|10.2|180|86.0|23.3|0.01|0.18|43.8885|19.4555
07|40|0|180|0.0|10.2|180|86.0|23.3|0.01|0.18|43.8908|19.4555
07|41|0|180|3.2|10.2|180|85.9|23.3|0.01|0.18|43.8914|19.1832
07|42|0|180|1.5|10.2|180|85.8|23.3|0.00|0.18|43.8918|19.1832
07|43|0|180|1.5|10.2|180|85.8|23.3|0.00|0.18|43.8916|19.1832
07|44|0|203|1.5|10.2|180|85.7|23.3|0.00|0.18|43.8891|19.1832
07|46|0|180|0.0|10.2|180|85.6|23.5|0.00|0.18|43.8911|19.1832
07|46|0|180|0.0|10.2|180|85.6|23.5|0.00|0.18|43.8913|19.1832
07|47|0|180|1.6|10.2|180|85.5|23.5|0.00|0.18|43.8895|19.1832
07|48|0|225|1.5|10.2|180|85.5|23.5|0.00|0.18|43.8869|19.1832
07|49|0|225|1.5|10.2|180|85.5|23.5|0.00|0.18|43.8852|19.1832
07|50|0|225|0.0|10.2|180|85.4|23.6|0.00|0.18|43.8864|19.1832
07|51|0|225|0.0|10.2|180|85.3|23.6|0.00|0.18|43.8828|19.1832
07|52|0|225|0.0|10.2|180|85.2|23.6|0.00|0.18|43.8836|19.1832
07|53|0|180|1.6|10.2|180|85.1|23.6|0.00|0.18|43.8812|19.1832
07|54|0|180|2.9|10.2|180|85.0|23.6|0.00|0.18|43.8817|19.1832
07|55|0|180|4.4|10.2|180|84.8|23.5|0.00|0.18|43.8817|18.908
07|57|0|158|4.4|10.2|180|84.6|23.3|0.00|0.18|43.8817|18.908
07|58|0|180|4.4|10.2|180|84.4|23.2|0.00|0.18|43.8803|18.908
07|59|0|180|4.8|10.2|180|84.5|23.1|0.00|0.18|43.8776|18.908
08|00|0|180|4.4|10.2|180|84.6|23.1|0.00|0.18|43.8753|18.908
08|01|0|180|4.4|10.2|180|84.8|23.0|0.00|0.18|43.8735|18.908
08|02|0|135|4.8|10.2|180|85.0|23.0|0.00|0.18|43.8741|19.1832
08|03|0|180|1.5|10.2|180|85.2|23.0|0.00|0.18|43.8756|19.1832
08|04|0|180|1.5|10.2|180|85.3|23.0|0.00|0.18|43.8728|19.1832
08|06|0|180|1.5|10.2|180|85.4|23.1|0.00|0.18|43.8681|19.1832
08|06|0|180|2.9|10.2|180|85.3|23.2|0.01|0.19|43.8645|19.1832
08|07|0|180|4.8|10.2|180|85.3|23.2|0.01|0.19|43.8626|19.1832
08|08|0|180|4.4|10.2|180|85.2|23.2|0.01|0.19|43.8572|19.1832
08|09|0|180|2.9|10.2|180|85.1|23.2|0.01|0.19|43.8545|19.1832
08|11|0|180|1.6|10.2|180|85.0|23.3|0.01|0.19|43.8538|19.1832
08|11|0|180|5.8|10.2|180|84.9|23.3|0.01|0.19|43.8483|18.908
08|13|0|180|2.9|10.2|180|84.9|23.5|0.01|0.19|43.8489|18.908
08|13|0|180|4.8|10.2|180|84.8|23.5|0.01|0.19|43.8482|18.908
08|15|0|180|5.8|10.2|180|84.9|23.3|0.01|0.19|43.8482|18.908
08|15|0|180|2.9|10.2|180|84.9|23.3|0.01|0.19|43.851|18.908
08|17|0|180|4.4|10.2|180|84.9|23.3|0.01|0.19|43.8542|18.908
08|19|0|135|2.9|10.2|180|85.0|23.3|0.01|0.19|43.8569|19.1832
08|21|0|113|2.9|10.2|180|85.2|23.3|0.01|0.19|43.8617|19.1832
08|23|0|180|4.4|10.2|180|85.5|23.3|0.01|0.19|43.8563|19.1832
08|25|0|158|2.9|10.2|180|85.7|23.3|0.01|0.19|43.8494|19.1832
08|25|0|180|4.4|10.2|180|85.8|23.3|0.01|0.19|43.8488|19.1832
08|27|0|180|2.9|10.2|180|85.8|23.5|0.01|0.19|43.8494|19.1832
08|27|0|180|4.4|10.2|180|85.7|23.3|0.01|0.19|43.8466|19.1832
08|28|0|180|4.4|10.2|180|85.6|23.3|0.01|0.19|43.8472|19.1832
08|29|0|180|2.9|10.2|180|85.6|23.3|0.01|0.19|43.8474|19.1832
08|30|0|135|4.8|10.2|180|85.5|23.5|0.01|0.19|43.8458|19.1832
08|31|0|180|4.4|10.2|180|85.5|23.5|0.01|0.19|43.8456|19.1832
08|32|0|225|4.4|10.2|180|85.5|23.5|0.01|0.19|43.8424|19.1832
08|34|0|180|4.4|10.2|180|85.5|23.6|0.02|0.20|43.8385|19.1832
08|35|0|180|2.9|10.2|180|85.4|23.6|0.02|0.20|43.8391|19.1832
08|36|0|180|1.5|10.2|180|85.4|23.6|0.02|0.20|43.8417|19.1832
08|37|0|225|2.9|10.2|180|85.3|23.7|0.02|0.20|43.8442|19.1832
08|38|0|158|2.9|10.2|180|85.3|23.8|0.02|0.20|43.8508|19.1832
08|40|0|225|4.4|10.2|180|85.2|23.8|0.02|0.20|43.8515|19.1832
08|41|0|180|4.8|10.2|180|85.2|23.8|0.02|0.20|43.8554|19.1832
08|42|0|203|2.9|10.2|180|85.2|23.9|0.02|0.20|43.8608|19.1832
08|43|0|225|1.5|10.2|180|85.2|23.9|0.02|0.20|43.8624|19.1832
08|44|0|225|3.2|10.2|180|85.3|24.0|0.02|0.20|43.8632|20.165
08|45|0|225|4.4|10.2|180|85.4|24.1|0.02|0.20|43.8633|20.165
08|46|0|180|2.9|10.2|180|85.5|24.3|0.02|0.20|43.8618|20.165
08|47|0|225|1.6|10.2|180|85.4|24.7|0.02|0.20|43.8562|20.165
08|48|0|225|2.9|10.2|180|85.4|25.0|0.02|0.20|43.8661|21.1467
08|49|0|225|2.9|10.2|180|85.3|25.2|0.02|0.20|43.8651|21.1467
08|50|0|180|4.4|10.2|180|85.1|25.5|0.02|0.20|43.8614|21.1467
08|51|0|180|1.5|10.2|180|84.8|25.9|0.02|0.20|43.8552|20.8689
08|52|0|180|1.5|10.2|180|84.6|26.4|0.02|0.20|43.8489|21.8493
08|53|0|135|1.6|10.2|180|84.3|26.8|0.02|0.20|43.8506|21.8493
08|54|0|180|2.9|10.2|180|83.6|27.2|0.02|0.20|43.8441|22.5462
08|57|0|135|2.9|10.2|180|81.6|27.7|0.02|0.20|43.8355|21.9702
08|58|0|135|4.4|10.2|180|80.7|28.0|0.02|0.20|43.8314|22.6523
08|58|0|180|4.4|10.2|180|79.9|28.2|0.02|0.20|43.8327|22.3549
08|59|0|135|2.9|10.2|180|79.8|28.4|0.02|0.20|43.8353|22.3549
09|00|0|135|2.9|10.2|180|79.6|28.6|0.02|0.20|43.836|22.3549
09|02|0|113|2.9|10.2|180|79.4|28.7|0.02|0.20|43.8361|22.3549
09|03|0|135|1.6|10.2|180|78.7|28.8|0.02|0.20|43.8355|22.0541
09|04|0|135|2.9|10.2|180|78.0|28.8|0.03|0.21|43.8339|22.0541
09|05|0|180|3.2|10.2|180|78.1|29.0|0.03|0.21|43.8334|23.0261
09|06|0|135|3.2|10.2|180|78.1|29.2|0.02|0.21|43.8361|23.0261
09|07|0|158|4.4|10.2|180|78.2|29.3|0.02|0.21|43.838|23.0261
09|08|0|225|3.2|10.2|180|78.4|29.5|0.02|0.21|43.8378|23.0261
09|09|0|158|4.4|10.2|180|78.5|29.6|0.02|0.21|43.8339|23.0261
09|10|0|135|1.5|10.2|180|78.1|29.9|0.02|0.21|43.8318|23.0261
09|11|0|180|4.4|10.2|180|78.1|30.1|0.02|0.21|43.8308|23.9981
09|12|0|180|1.5|10.2|180|77.9|30.3|0.02|0.21|43.8339|23.6911
09|13|0|180|2.9|10.2|180|77.5|30.6|0.02|0.21|43.8363|23.6911
09|14|0|135|1.6|10.2|180|77.5|30.9|0.02|0.21|43.8362|23.6911
09|15|0|135|2.9|10.2|180|77.3|31.1|0.02|0.21|43.8325|24.6616
09|16|0|135|4.4|10.2|180|76.6|31.2|0.02|0.21|43.8334|24.3495
09|17|0|135|3.2|10.2|180|75.8|31.3|0.02|0.21|43.8339|24.0338
09|18|0|135|2.9|10.2|180|75.3|31.4|0.02|0.21|43.8381|24.0338
09|19|0|135|4.4|10.2|180|74.8|31.5|0.02|0.21|43.8403|23.7143
09|20|0|180|4.4|10.2|180|74.7|31.5|0.02|0.21|43.8405|23.7143
09|21|0|135|2.9|10.2|180|74.8|31.9|0.02|0.21|43.8398|23.7143
09|24|0|135|4.8|10.2|180|74.5|31.9|0.02|0.21|43.8346|23.7143
09|24|0|135|4.4|10.2|180|73.9|31.9|0.02|0.21|43.8337|23.391
09|25|0|180|3.2|10.2|180|73.9|32.0|0.02|0.21|43.8336|24.3555
09|26|0|180|3.2|10.2|180|73.8|32.1|0.02|0.21|43.8346|24.3555
09|27|0|135|2.9|10.2|180|74.1|32.3|0.02|0.21|43.8334|24.6804
09|28|0|135|4.8|10.2|180|73.6|32.5|0.02|0.21|43.8321|24.3555
09|29|0|180|2.9|10.2|180|72.6|32.5|0.03|0.22|43.8338|24.0268
09|30|0|135|4.8|10.2|180|72.7|32.7|0.03|0.22|43.8352|24.0268
09|31|0|225|2.9|10.2|180|72.6|32.7|0.03|0.22|43.8337|24.0268
09|32|0|180|1.5|10.2|180|72.4|32.9|0.03|0.22|43.8363|24.0268
09|33|0|158|5.8|10.2|180|72.1|32.8|0.03|0.23|43.8334|24.0268
09|35|0|180|2.9|10.2|180|71.8|32.8|0.03|0.23|43.8324|23.6939
09|35|0|135|8.1|11.6|158|71.4|32.8|0.03|0.23|43.8309|23.6939
09|36|0|135|4.4|11.6|158|71.2|32.7|0.03|0.23|43.8336|23.6939
09|37|0|180|4.8|11.6|158|71.8|32.9|0.03|0.23|43.8368|23.6939
09|38|0|158|4.8|11.6|158|71.9|32.9|0.04|0.24|43.8402|23.6939
09|39|0|135|4.4|11.6|158|71.5|33.0|0.04|0.24|43.8445|24.6553
09|41|0|180|3.2|11.6|158|71.6|32.9|0.04|0.24|43.8499|23.6939
09|42|0|180|4.4|11.6|158|71.7|32.8|0.04|0.24|43.8489|23.6939
09|43|0|180|7.3|11.6|158|71.9|32.6|0.04|0.24|43.849|23.6939
09|44|0|158|4.8|11.6|158|72.2|32.5|0.04|0.24|43.8475|24.0268
09|46|0|180|2.9|11.6|158|72.5|32.5|0.04|0.24|43.8448|24.0268
09|47|0|180|2.9|11.6|158|72.4|32.6|0.04|0.24|43.8411|24.0268
09|48|0|113|1.5|11.6|158|72.0|32.6|0.04|0.24|43.8392|24.0268
09|49|0|135|2.9|11.6|158|72.1|32.8|0.04|0.24|43.8379|24.0268
09|50|0|180|5.8|11.6|158|72.0|32.8|0.04|0.24|43.8356|24.0268
09|51|0|135|4.4|11.6|158|71.7|32.8|0.04|0.24|43.834|23.6939
09|52|0|180|1.6|11.6|158|72.0|32.8|0.04|0.24|43.8339|24.0268
09|54|0|180|4.4|11.6|158|72.0|32.8|0.04|0.24|43.8378|24.0268
09|54|0|180|1.6|11.6|158|72.0|32.8|0.04|0.24|43.835|24.0268
09|55|0|180|4.4|11.6|158|71.7|32.9|0.04|0.24|43.8316|23.6939
09|57|0|135|7.3|11.6|158|71.5|32.9|0.04|0.24|43.8352|23.6939
09|57|0|225|4.4|11.6|158|71.3|33.1|0.04|0.24|43.8377|24.6553
09|58|0|225|1.5|11.6|158|71.8|33.5|0.04|0.24|43.8344|24.6553
09|59|0|180|4.4|11.6|158|71.3|33.7|0.05|0.25|43.8345|24.6553
10|01|0|180|4.4|11.6|158|70.6|33.9|0.05|0.25|43.8352|24.3167
10|02|0|180|4.8|11.6|158|70.6|34.2|0.05|0.25|43.8299|25.2765
10|03|0|180|2.9|11.6|158|70.4|34.5|0.04|0.25|43.8298|25.2765
10|04|0|180|2.9|11.6|158|69.6|34.7|0.04|0.25|43.8302|24.9321
10|05|0|180|4.4|11.6|158|69.6|34.8|0.04|0.25|43.8293|24.9321
10|06|0|180|2.9|11.6|158|69.5|35.2|0.04|0.25|43.8313|25.8902
10|07|0|180|1.5|11.6|158|68.6|35.2|0.04|0.25|43.8297|25.5397
10|09|0|180|4.8|11.6|158|69.7|35.4|0.04|0.25|43.8345|25.8902
10|11|0|180|3.2|11.6|158|68.1|35.4|0.04|0.25|43.8363|25.5397
10|12|0|180|7.3|11.6|158|67.4|35.3|0.04|0.25|43.8345|25.1846
10|13|0|180|4.4|11.6|158|67.1|35.0|0.04|0.25|43.8356|25.1846
10|14|0|135|5.8|11.6|158|67.5|35.0|0.04|0.25|43.8341|25.1846
10|15|0|135|5.8|11.6|158|67.3|34.9|0.04|0.25|43.8394|24.2296
10|16|0|135|2.9|11.6|158|67.6|34.8|0.04|0.25|43.8394|24.2296
10|17|0|135|4.4|11.6|158|67.3|34.7|0.04|0.25|43.8385|24.2296
10|18|0|180|5.8|11.6|158|67.5|34.6|0.04|0.25|43.8377|24.2296
10|20|0|180|4.8|11.6|158|67.7|34.6|0.05|0.26|43.838|24.2296
10|22|0|135|4.4|11.6|158|67.6|34.5|0.05|0.26|43.8294|24.2296
10|23|0|135|4.8|11.6|158|67.6|34.8|0.05|0.26|43.8311|24.2296
10|24|0|135|2.9|11.6|158|67.6|35.2|0.05|0.26|43.8272|25.1846
10|25|0|180|5.8|11.6|158|68.0|35.6|0.05|0.26|43.8327|25.5397
10|26|0|180|2.9|11.6|158|67.5|35.9|0.05|0.26|43.8327|25.1846
10|27|0|180|3.2|11.6|158|67.1|36.3|0.05|0.26|43.833|26.1394
10|28|0|225|6.4|11.6|158|66.7|36.6|0.05|0.26|43.8288|25.7779
10|29|0|225|2.9|11.6|158|66.0|37.0|0.04|0.26|43.8337|26.731
10|30|0|225|4.4|11.6|158|65.5|37.3|0.04|0.26|43.8371|26.363
10|31|0|180|4.4|11.6|158|65.3|37.5|0.04|0.26|43.8394|26.363
10|32|0|180|5.8|11.6|158|64.5|37.6|0.04|0.26|43.8386|25.9899
10|33|0|225|5.8|11.6|158|63.8|37.6|0.03|0.26|43.8376|25.6116
10|34|0|135|7.3|11.6|158|63.1|37.8|0.03|0.26|43.8336|25.6116
10|36|0|180|3.2|11.6|158|62.6|38.0|0.03|0.26|43.8297|26.1742
10|37|0|180|4.4|11.6|158|62.6|38.2|0.03|0.26|43.8343|26.1742
10|38|0|180|6.4|11.6|158|62.4|38.3|0.02|0.26|43.8359|26.1742
10|40|0|180|1.5|11.6|158|62.0|38.5|0.02|0.26|43.8337|26.1742
10|41|0|135|3.2|11.6|158|61.8|38.6|0.02|0.26|43.8343|25.7832
10|43|0|158|4.4|11.6|158|60.7|38.7|0.02|0.26|43.8339|25.3866
10|44|0|135|4.4|11.6|158|60.5|38.6|0.02|0.26|43.8317|25.3866
10|45|0|135|5.8|11.6|158|60.7|38.6|0.02|0.26|43.832|25.3866
10|46|0|225|0.0|11.6|158|61.1|38.7|0.02|0.26|43.8322|25.7832
10|47|0|225|4.4|11.6|158|61.7|39.0|0.02|0.26|43.8269|26.7276
10|48|0|225|1.5|11.6|158|61.4|39.2|0.02|0.26|43.823|26.7276
10|49|0|180|5.8|11.6|158|60.7|39.4|0.02|0.26|43.8187|26.3292
10|50|0|180|4.8|11.6|158|59.2|39.4|0.02|0.26|43.8162|25.9248
10|51|0|225|2.9|11.6|158|59.2|39.8|0.02|0.26|43.8159|25.9248
10|52|0|180|2.9|11.6|158|59.1|39.9|0.02|0.26|43.8132|25.9248
10|53|0|135|4.4|11.6|158|58.5|40.1|0.02|0.26|43.8149|26.4531
10|55|0|180|5.8|11.6|158|58.3|40.2|0.02|0.26|43.815|26.4531
10|55|0|135|5.8|11.6|158|57.7|40.1|0.02|0.26|43.8081|26.0345
10|56|0|180|3.2|11.6|158|58.0|40.1|0.02|0.26|43.8054|26.4531
10|57|0|90|1.5|11.6|158|57.6|40.3|0.02|0.26|43.8043|26.0345
10|58|0|180|4.8|11.6|158|57.8|40.3|0.01|0.26|43.8059|26.0345
11|00|0|180|6.5|11.6|158|58.0|40.3|0.01|0.26|43.8137|26.4531
11|00|0|180|7.3|11.6|158|57.7|40.1|0.01|0.26|43.817|26.0345
11|02|0|180|8.1|11.6|158|57.8|40.1|0.01|0.26|43.8184|26.0345
11|03|0|180|4.4|11.6|158|57.7|40.0|0.01|0.26|43.8177|26.0345
11|04|0|135|5.8|11.6|158|58.2|40.1|0.01|0.26|43.8172|26.4531
11|05|0|158|5.8|11.6|158|58.3|39.9|0.01|0.26|43.8127|25.5144
11|06|0|180|2.9|11.6|158|58.5|39.9|0.01|0.26|43.8033|25.5144
11|09|0|135|2.9|11.6|158|57.7|40.2|0.01|0.26|43.7958|26.0345
11|10|0|225|2.9|11.6|158|57.7|40.3|0.01|0.26|43.799|26.0345
11|11|0|158|2.9|11.6|158|58.5|40.5|0.01|0.26|43.8019|26.4531
11|12|0|90|1.6|11.6|158|58.8|40.8|0.01|0.26|43.7994|26.4531
11|13|0|135|2.9|11.6|158|58.3|41.0|0.01|0.26|43.7931|27.3918
11|14|0|113|1.6|11.6|158|58.0|41.2|0.02|0.28|43.7962|27.3918
11|15|0|135|1.5|11.6|158|57.5|41.3|0.02|0.28|43.8008|26.9713
11|16|0|135|4.4|11.6|158|56.7|41.6|0.02|0.28|43.8036|26.5442
11|17|0|135|4.4|11.6|158|56.3|41.6|0.02|0.28|43.804|26.5442
11|18|0|180|1.5|11.6|158|56.3|41.7|0.01|0.28|43.8043|26.5442
11|19|0|180|2.9|11.6|158|56.6|41.9|0.01|0.28|43.8049|26.5442
11|20|0|180|3.2|11.6|158|56.2|42.1|0.01|0.28|43.8063|27.4789
11|22|0|180|2.9|11.6|158|55.3|42.2|0.02|0.29|43.8069|27.0431
11|23|0|180|0.0|11.6|158|55.4|42.6|0.02|0.29|43.8124|27.0431
11|24|0|180|4.4|11.6|158|55.7|42.7|0.02|0.29|43.815|27.0431
11|25|0|135|2.9|11.6|158|54.4|42.6|0.02|0.29|43.8143|26.6002
11|26|0|135|3.2|11.6|158|53.8|42.5|0.02|0.29|43.8131|26.15
11|27|0|68|0.0|11.6|158|53.9|42.3|0.02|0.29|43.8164|26.15
11|28|0|135|2.9|11.6|158|54.5|42.1|0.02|0.29|43.8147|26.6002
11|29|0|90|2.9|11.6|158|53.9|41.9|0.02|0.29|43.8121|25.2211
11|30|0|135|0.0|11.6|158|53.9|41.7|0.02|0.29|43.8138|25.2211
11|31|0|135|1.5|11.6|158|54.3|41.5|0.02|0.29|43.8139|25.6693
11|32|0|225|1.5|11.6|158|55.0|41.3|0.02|0.29|43.8139|26.1103
11|33|0|225|1.5|11.6|158|55.2|41.3|0.02|0.29|43.8109|26.1103
11|34|0|225|0.0|11.6|158|55.5|41.3|0.02|0.29|43.8118|26.1103
11|35|0|225|0.0|11.6|158|55.6|41.3|0.02|0.29|43.8115|26.1103
11|36|0|315|1.5|11.6|158|55.8|41.3|0.02|0.29|43.8099|26.1103
11|37|0|270|1.5|11.6|158|56.3|41.5|0.02|0.29|43.8104|26.5442
11|38|0|338|1.5|11.6|158|56.0|41.5|0.02|0.29|43.815|26.5442
11|39|0|315|2.9|11.6|158|56.6|41.3|0.02|0.29|43.8149|26.5442
11|40|0|315|1.5|11.6|158|55.6|41.3|0.02|0.29|43.8149|26.1103
11|41|0|315|0.0|11.6|158|55.7|41.2|0.02|0.29|43.8098|26.1103
11|43|0|0|1.5|11.6|158|56.5|41.2|0.02|0.29|43.8102|26.5442
11|44|0|45|1.5|11.6|158|56.6|41.1|0.02|0.29|43.8075|26.5442
11|47|0|45|4.4|11.6|158|57.6|41.1|0.02|0.29|43.8042|26.9713
11|48|0|45|1.5|11.6|158|57.3|41.0|0.02|0.29|43.8009|26.9713
11|49|0|90|1.5|11.6|158|57.3|40.9|0.02|0.29|43.7988|26.0345
11|50|0|45|1.6|11.6|158|56.4|40.7|0.02|0.29|43.7957|25.6093
11|52|0|45|1.5|11.6|158|57.1|40.4|0.02|0.29|43.7926|26.0345
11|53|0|90|2.9|11.6|158|58.2|40.3|0.02|0.29|43.7891|26.4531
11|54|0|90|2.9|11.6|158|57.9|40.1|0.02|0.29|43.7885|26.0345
11|56|0|0|4.8|11.6|158|59.2|39.8|0.03|0.30|43.783|25.9248
11|57|0|0|2.9|11.6|158|60.2|39.5|0.03|0.30|43.7778|26.3292
11|58|0|23|1.6|11.6|158|59.4|39.4|0.03|0.30|43.7796|25.9248
11|59|0|90|2.9|11.6|158|59.7|39.5|0.03|0.30|43.785|25.9248
12|00|0|180|0.0|11.6|158|59.6|39.5|0.03|0.30|43.7876|25.9248
12|01|0|180|1.6|11.6|158|59.4|39.5|0.03|0.30|43.7896|25.9248
12|03|0|90|1.5|11.6|158|59.6|39.7|0.03|0.30|43.7903|25.9248
12|04|0|90|3.2|11.6|158|59.2|39.7|0.03|0.30|43.7891|25.9248
12|05|0|135|2.9|11.6|158|58.6|39.5|0.03|0.30|43.7853|25.5144
12|06|0|179|2.9|11.6|158|58.5|39.5|0.03|0.30|43.7836|25.5144
12|08|0|90|1.5|11.6|158|58.3|39.9|0.03|0.30|43.7816|25.5144
12|09|0|180|0.0|11.6|158|58.3|40.0|0.03|0.30|43.784|26.4531
12|10|0|180|0.0|11.6|158|58.4|40.2|0.03|0.30|43.782|26.4531
12|11|0|180|0.0|11.6|158|58.5|40.8|0.03|0.30|43.7761|26.4531
12|12|0|0|1.6|11.6|158|58.5|41.2|0.03|0.30|43.7745|27.3918
12|13|0|315|2.9|11.6|158|57.4|41.2|0.03|0.30|43.7718|26.9713
12|14|0|315|4.4|11.6|158|57.0|41.2|0.02|0.30|43.7661|26.9713
12|15|0|0|3.2|11.6|158|57.6|41.2|0.02|0.30|43.7604|26.9713
12|16|0|0|4.8|11.6|158|57.6|41.1|0.02|0.30|43.7565|26.9713
12|17|0|0|1.5|11.6|158|57.7|41.0|0.02|0.30|43.7548|26.9713
12|18|0|270|1.5|11.6|158|56.9|40.9|0.02|0.30|43.7548|25.6093
12|19|0|270|1.6|11.6|158|56.8|40.9|0.02|0.30|43.7574|25.6093
12|20|0|270|0.0|11.6|158|57.0|40.8|0.01|0.30|43.7585|26.0345
12|22|0|270|0.0|11.6|158|57.3|40.9|0.01|0.30|43.7626|26.0345
12|23|0|135|0.0|11.6|158|57.4|40.9|0.01|0.30|43.7621|26.0345
12|24|0|45|1.5|11.6|158|58.0|40.9|0.01|0.30|43.7621|26.4531
12|25|0|45|0.0|11.6|158|58.2|40.9|0.01|0.30|43.7611|26.4531
12|26|0|90|1.5|11.6|158|58.0|40.9|0.02|0.31|43.7648|26.4531
12|27|0|90|0.0|11.6|158|57.3|40.9|0.02|0.31|43.7627|26.0345
12|28|0|45|1.5|11.6|158|57.2|40.9|0.02|0.31|43.7599|26.0345
12|29|0|45|1.5|11.6|158|57.1|40.9|0.02|0.31|43.7524|26.0345
12|30|0|45|3.2|11.6|158|58.2|40.7|0.02|0.31|43.7487|26.4531
12|32|0|68|2.9|11.6|158|58.6|40.1|0.02|0.31|43.7413|26.4531
12|33|0|90|2.9|11.6|158|59.1|40.0|0.02|0.31|43.7428|26.8654
12|34|0|135|1.5|11.6|158|59.3|40.0|0.02|0.31|43.738|26.8654
12|36|0|135|1.5|11.6|158|58.7|40.0|0.02|0.31|43.7341|26.4531
12|37|0|45|0.0|11.6|158|59.4|40.1|0.02|0.31|43.7402|26.8654
12|38|0|45|0.0|11.6|158|60.0|40.1|0.02|0.31|43.743|27.2716
12|39|0|45|0.0|11.6|158|60.3|40.2|0.02|0.31|43.7433|27.2716
12|40|0|0|1.6|11.6|158|60.5|40.3|0.02|0.31|43.7403|27.2716
12|41|0|0|1.5|11.6|158|60.2|40.3|0.02|0.31|43.7388|27.2716
12|43|0|45|0.0|11.6|158|59.7|40.4|0.02|0.31|43.736|26.8654
12|44|0|90|2.9|11.6|158|59.7|40.4|0.02|0.31|43.7339|26.8654
12|45|0|180|1.5|11.6|158|59.1|40.4|0.02|0.31|43.7291|26.8654
12|46|0|135|1.6|11.6|158|58.9|40.5|0.02|0.31|43.7296|26.4531
12|47|0|180|1.5|11.6|158|58.7|40.7|0.02|0.31|43.7298|26.4531
12|48|0|90|1.5|11.6|158|58.8|40.8|0.02|0.31|43.7275|26.4531
12|49|0|113|1.5|11.6|158|58.7|41.0|0.02|0.31|43.724|27.3918
12|50|0|90|1.5|11.6|158|58.3|41.1|0.02|0.31|43.7236|27.3918
12|51|0|68|3.2|11.6|158|58.0|41.3|0.02|0.31|43.7212|27.3918
12|52|0|90|1.5|11.6|158|57.4|41.5|0.02|0.31|43.719|26.9713
12|53|0|90|2.9|11.6|158|57.2|41.5|0.02|0.31|43.7172|26.9713
12|54|0|90|1.5|11.6|158|57.0|41.6|0.02|0.31|43.7133|26.9713
12|55|0|90|1.5|11.6|158|57.3|41.8|0.01|0.31|43.7102|26.9713
12|56|0|135|1.6|11.6|158|57.3|41.9|0.01|0.31|43.7048|26.9713
12|57|0|135|4.8|11.6|158|56.1|42.1|0.01|0.31|43.7045|27.4789
12|58|0|135|4.4|11.6|158|55.2|42.1|0.01|0.31|43.7016|27.0431
13|00|0|180|1.5|11.6|158|54.8|42.5|0.01|0.31|43.6995|26.6002
13|01|0|90|2.9|11.6|158|55.1|42.7|0.01|0.31|43.6971|27.0431
13|02|0|45|2.9|11.6|158|55.0|42.8|0.01|0.31|43.6933|27.0431
13|03|0|90|1.6|11.6|158|56.1|43.0|0.02|0.32|43.6917|28.4135
13|04|0|45|1.5|11.6|158|55.4|43.1|0.02|0.32|43.6918|27.9758
13|05|0|45|1.5|11.6|158|55.0|43.4|0.02|0.32|43.6962|27.9758
13|07|0|90|2.9|11.6|158|54.1|43.8|0.02|0.32|43.7|27.5309
13|08|0|158|1.5|11.6|158|53.1|43.9|0.02|0.32|43.7003|27.0787
13|09|0|135|3.2|11.6|158|53.0|43.9|0.02|0.32|43.7022|27.0787
13|10|0|135|0.0|11.6|158|52.8|44.0|0.02|0.32|43.7004|27.5454
13|11|0|23|1.6|11.6|158|52.4|44.2|0.02|0.32|43.6963|27.5454
13|13|0|90|2.9|11.6|158|52.1|44.3|0.02|0.32|43.6955|27.5454
13|13|0|135|1.5|11.6|158|51.9|44.3|0.02|0.32|43.6931|27.0756
13|14|0|180|3.2|11.6|158|52.3|44.3|0.02|0.32|43.6921|27.5454
13|15|0|180|2.9|11.6|158|51.8|44.4|0.02|0.32|43.6941|27.0756
13|16|0|135|1.6|11.6|158|51.4|44.5|0.02|0.32|43.6937|27.0756
13|17|0|180|1.5|11.6|158|51.4|44.5|0.02|0.32|43.692|27.0756
13|18|0|180|2.9|11.6|158|51.2|44.5|0.02|0.32|43.6904|27.0756
13|20|0|135|2.9|11.6|158|51.0|44.7|0.02|0.32|43.6886|27.0756
13|20|0|180|1.5|11.6|158|51.0|44.7|0.02|0.32|43.6866|27.0756
13|22|0|180|4.4|11.6|158|51.0|44.8|0.02|0.32|43.6852|27.0756
13|23|0|180|1.5|11.6|158|50.8|45.0|0.02|0.32|43.6827|27.5199
13|24|0|225|4.4|11.6|158|50.9|45.2|0.02|0.32|43.6822|27.5199
13|25|0|45|0.0|11.6|158|50.9|45.4|0.01|0.32|43.6867|27.5199
13|26|0|270|0.0|11.6|158|50.9|45.5|0.01|0.32|43.6872|27.5199
13|27|0|225|1.5|11.6|158|51.0|45.7|0.01|0.32|43.6869|28
13|28|0|180|2.9|11.6|158|50.5|46.0|0.01|0.32|43.6836|28.4419
13|29|0|135|1.6|11.6|158|49.7|46.2|0.01|0.32|43.6774|27.9511
13|30|0|179|4.4|11.6|158|49.0|46.4|0.01|0.32|43.6714|27.9511
13|31|0|90|0.0|11.6|158|48.3|46.3|0.01|0.32|43.6692|27.4514
13|32|0|135|3.2|11.6|158|48.5|46.2|0.01|0.32|43.6698|27.4514
13|33|0|180|2.9|11.6|158|48.6|46.3|0.01|0.32|43.6706|27.4514
13|34|0|180|2.9|11.6|158|48.3|46.1|0.01|0.32|43.6672|27.4514
13|35|0|225|1.5|11.6|158|48.3|46.1|0.01|0.32|43.6645|27.4514
13|36|0|135|2.9|11.6|158|48.2|46.0|0.01|0.32|43.6597|27.4514
13|37|0|135|2.9|11.6|158|48.3|45.8|0.01|0.32|43.6594|26.5336
13|38|0|135|0.0|11.6|158|48.3|45.8|0.01|0.32|43.6626|26.5336
13|41|0|180|4.4|11.6|158|48.6|45.8|0.01|0.32|43.6605|26.5336
13|42|0|135|1.5|11.6|158|48.7|45.8|0.01|0.32|43.6604|26.5336
13|42|0|45|0.0|11.6|158|48.6|46.0|0.01|0.32|43.6556|27.4514
13|43|0|135|1.5|11.6|158|48.7|46.0|0.01|0.32|43.6553|27.4514
13|44|0|180|1.5|11.6|158|48.6|45.8|0.01|0.32|43.6602|26.5336
13|45|0|180|1.5|11.6|158|48.7|45.7|0.01|0.32|43.6566|26.5336
13|46|0|180|1.5|11.6|158|48.9|45.6|0.01|0.32|43.6613|26.5336
13|48|0|315|1.5|11.6|158|48.6|45.7|0.01|0.32|43.6523|26.5336
13|49|0|315|0.0|11.6|158|48.0|45.8|0.01|0.32|43.6532|26.5336
13|50|0|270|0.0|11.6|158|48.2|46.1|0.01|0.32|43.6494|27.4514
13|52|0|135|1.5|11.6|158|47.9|46.3|0.01|0.32|43.6471|26.9423
13|52|0|135|1.6|11.6|158|47.9|46.4|0.01|0.32|43.649|26.9423
13|53|0|135|1.5|11.6|158|47.9|46.4|0.01|0.32|43.65|26.9423
13|54|0|135|1.5|11.6|158|47.9|46.3|0.01|0.32|43.6565|26.9423
13|55|0|90|1.5|11.6|158|48.1|46.2|0.01|0.32|43.661|27.4514
13|56|0|180|1.5|11.6|158|48.4|46.1|0.01|0.32|43.6601|27.4514
13|57|0|225|3.2|11.6|158|48.7|46.0|0.01|0.32|43.663|27.4514
13|58|0|135|4.4|11.6|158|48.3|45.7|0.01|0.32|43.665|26.5336
13|59|0|225|0.0|11.6|158|48.6|45.6|0.01|0.32|43.6637|26.5336
14|01|0|180|1.5|11.6|158|48.7|45.5|0.01|0.32|43.662|26.5336
14|02|0|180|1.6|11.6|158|48.9|45.3|0.01|0.32|43.6582|26.5336
14|04|0|225|1.5|11.6|158|49.1|45.2|0.00|0.32|43.6608|27.0312
14|04|0|270|2.9|11.6|158|49.1|45.0|0.00|0.32|43.6578|27.0312
14|05|0|315|1.6|11.6|158|48.7|44.9|0.00|0.32|43.6565|25.6157
14|06|0|270|2.9|11.6|158|48.8|44.8|0.00|0.32|43.6572|25.6157
14|08|0|180|2.9|11.6|158|48.6|44.7|0.00|0.32|43.6557|25.6157
14|09|0|225|1.6|11.6|158|48.3|44.6|0.00|0.32|43.6566|25.6157
14|10|0|315|1.6|11.6|158|48.6|44.6|0.00|0.32|43.6538|25.6157
14|11|0|315|2.9|11.6|158|48.9|44.5|0.00|0.32|43.6559|25.6157
14|12|0|315|0.0|11.6|158|49.5|44.4|0.00|0.32|43.6566|26.1111
14|13|0|315|1.5|11.6|158|49.4|44.4|0.00|0.32|43.6558|26.1111
14|14|0|270|2.9|11.6|158|49.0|44.3|0.00|0.32|43.6591|26.1111
14|16|0|270|2.9|11.6|158|49.1|43.8|0.00|0.32|43.6521|25.1908
14|18|0|270|0.0|11.6|158|48.6|43.7|0.00|0.32|43.654|24.6975
14|19|0|270|1.5|11.6|158|48.6|43.6|0.00|0.32|43.6542|24.6975
14|20|0|315|2.9|11.6|158|49.4|43.5|0.00|0.32|43.6571|25.1908
14|21|0|270|1.5|11.6|158|50.0|43.2|0.01|0.33|43.6578|25.6752
14|22|0|315|1.5|11.6|158|49.7|43.1|0.01|0.33|43.6579|25.1908
14|23|0|315|4.4|11.6|158|49.6|43.0|0.01|0.33|43.656|25.1908
14|24|0|315|3.2|11.6|158|49.9|42.8|0.01|0.33|43.6555|24.2704
14|25|0|315|2.9|11.6|158|50.2|42.8|0.01|0.33|43.6581|24.7527
14|26|0|315|3.2|11.6|158|50.3|42.6|0.01|0.33|43.6576|24.7527
14|27|0|315|2.9|11.6|158|50.6|42.6|0.01|0.33|43.6596|24.7527
14|28|0|270|1.5|11.6|158|50.6|42.5|0.01|0.33|43.6587|24.7527
14|30|0|315|1.6|11.6|158|50.4|42.5|0.01|0.33|43.6579|24.7527
14|31|0|270|2.9|11.6|158|50.3|42.3|0.01|0.33|43.6566|24.7527
14|31|0|315|4.8|11.6|158|50.4|42.3|0.01|0.33|43.6565|24.7527
14|32|0|315|2.9|11.6|158|50.5|42.2|0.01|0.33|43.6605|24.7527
14|33|0|315|4.4|11.6|158|51.1|42.2|0.01|0.33|43.6633|25.2265
14|34|0|315|3.2|11.6|158|51.5|42.2|0.01|0.33|43.6673|25.2265
14|35|0|315|2.9|11.6|158|51.6|42.1|0.01|0.33|43.6693|25.2265
14|36|0|315|3.2|11.6|158|51.7|42.1|0.01|0.33|43.6705|25.2265
14|39|0|270|2.9|11.6|158|51.3|42.1|0.01|0.33|43.6697|25.2265
14|40|0|270|3.2|11.6|158|51.5|42.0|0.01|0.33|43.6689|25.2265
14|41|0|315|2.9|11.6|158|51.5|42.0|0.01|0.33|43.6662|25.2265
14|42|0|315|1.6|11.6|158|52.0|42.0|0.01|0.33|43.6672|25.6922
14|43|0|0|2.9|11.6|158|52.9|42.1|0.01|0.33|43.6665|25.6922
14|44|0|315|2.9|11.6|158|52.1|42.0|0.01|0.33|43.6636|25.6922
14|45|0|338|2.9|11.6|158|52.4|42.1|0.01|0.33|43.6628|25.6922
14|47|0|315|4.4|11.6|158|52.1|42.2|0.01|0.33|43.6611|25.6922
14|47|0|315|2.9|11.6|158|52.3|42.3|0.01|0.33|43.6621|25.6922
14|48|0|315|1.6|11.6|158|52.4|42.3|0.01|0.33|43.6636|25.6922
14|50|0|315|4.4|11.6|158|51.7|42.5|0.01|0.33|43.6702|25.2265
14|51|0|315|1.5|11.6|158|51.5|42.5|0.01|0.33|43.6791|25.2265
14|53|0|315|2.9|11.6|158|51.1|42.6|0.01|0.33|43.6872|25.2265
14|54|0|315|2.9|11.6|158|51.6|42.6|0.01|0.33|43.6923|25.2265
14|54|0|315|7.3|11.6|158|51.3|42.5|0.01|0.33|43.6915|25.2265
14|55|0|315|4.4|11.6|158|51.2|42.3|0.01|0.33|43.6894|25.2265
14|57|0|270|5.8|11.6|158|51.8|42.5|0.01|0.33|43.6894|25.2265
14|58|0|315|5.8|11.6|158|51.4|42.3|0.01|0.33|43.6855|25.2265
14|59|0|338|4.4|11.6|158|52.1|42.3|0.01|0.33|43.6839|25.6922
15|00|0|315|4.8|11.6|158|52.3|42.3|0.01|0.33|43.6818|25.6922
15|01|0|315|4.4|11.6|158|52.7|42.3|0.01|0.33|43.6788|25.6922
15|02|0|315|3.2|11.6|158|52.7|42.3|0.01|0.33|43.6761|25.6922
15|03|0|315|3.2|11.6|158|52.4|42.3|0.01|0.33|43.6709|25.6922
15|05|0|0|2.9|11.6|158|52.4|42.3|0.01|0.33|43.6652|25.6922
15|05|0|0|4.8|11.6|158|52.6|42.3|0.01|0.33|43.6653|25.6922
15|06|0|0|5.8|11.6|158|52.3|42.3|0.01|0.33|43.67|25.6922
15|07|0|0|2.9|11.6|158|51.6|42.2|0.01|0.33|43.6764|25.2265
15|09|0|0|1.5|11.6|158|51.5|42.3|0.01|0.33|43.6806|25.2265
15|09|0|0|2.9|11.6|158|52.1|42.3|0.01|0.33|43.6849|25.6922
15|10|0|0|4.4|11.6|158|52.5|42.2|0.01|0.33|43.6833|25.6922
15|11|0|0|4.4|11.6|158|52.6|42.2|0.01|0.33|43.6829|25.6922
15|12|0|315|2.9|11.6|158|52.9|42.2|0.01|0.33|43.6855|25.6922
15|14|0|0|1.5|11.6|158|53.0|42.2|0.01|0.33|43.6875|26.15
15|16|0|0|6.4|11.6|158|52.6|42.2|0.01|0.33|43.6844|25.6922
15|17|0|0|2.9|11.6|158|52.6|42.2|0.01|0.33|43.6844|25.6922
15|18|0|315|1.5|11.6|158|52.6|42.2|0.01|0.33|43.6855|25.6922
15|19|0|315|3.2|11.6|158|53.0|42.1|0.01|0.33|43.685|26.15
15|20|0|0|1.6|11.6|158|52.9|42.1|0.00|0.33|43.6853|25.6922
15|21|0|0|2.9|11.6|158|53.1|42.2|0.00|0.33|43.686|26.15
15|22|0|338|2.9|11.6|158|53.3|42.2|0.00|0.33|43.6852|26.15
15|23|0|0|2.9|11.6|158|53.0|42.2|0.00|0.33|43.6849|26.15
15|24|0|0|2.9|11.6|158|52.5|42.1|0.00|0.33|43.6812|25.6922
15|25|0|0|2.9|11.6|158|52.4|42.0|0.00|0.33|43.6787|25.6922
15|26|0|0|1.5|11.6|158|52.5|42.0|0.00|0.33|43.6795|25.6922
15|27|0|0|2.9|11.6|158|52.7|42.0|0.00|0.33|43.6788|25.6922
15|28|0|45|1.5|11.6|158|53.0|41.9|0.00|0.33|43.6776|25.2211
15|29|0|45|2.9|11.6|158|53.2|41.9|0.00|0.33|43.6745|25.2211
15|30|0|23|4.4|11.6|158|53.2|41.8|0.00|0.33|43.6747|25.2211
15|32|0|45|2.9|11.6|158|53.2|41.7|0.00|0.33|43.6727|25.2211
15|32|0|45|4.4|11.6|158|53.3|41.7|0.00|0.33|43.673|25.2211
15|34|0|45|3.2|11.6|158|53.4|41.6|0.00|0.33|43.6727|25.2211
15|34|0|23|2.9|11.6|158|53.6|41.5|0.00|0.33|43.6753|25.2211
15|35|0|45|1.5|11.6|158|53.6|41.5|0.00|0.33|43.6827|25.2211
15|37|0|45|2.9|11.6|158|53.8|41.3|0.00|0.33|43.6854|25.2211
15|38|0|45|1.5|11.6|158|53.7|41.2|0.00|0.33|43.6862|25.2211
15|39|0|0|3.2|11.6|158|54.0|41.2|0.00|0.33|43.6846|25.6693
15|40|0|0|5.8|11.6|158|54.1|41.1|0.00|0.33|43.6811|25.6693
15|41|0|0|3.2|11.6|158|54.5|41.1|0.00|0.33|43.6787|25.6693
15|42|0|0|4.8|11.6|158|54.8|41.1|0.00|0.33|43.6761|25.6693
15|43|0|0|2.9|11.6|158|55.0|41.0|0.00|0.33|43.6754|26.1103
15|44|0|0|3.2|11.6|158|55.4|41.0|0.00|0.33|43.6754|26.1103
15|45|0|0|4.4|11.6|158|55.6|40.9|0.00|0.33|43.6781|25.1773
15|46|0|0|3.2|11.6|158|55.8|40.8|0.00|0.33|43.6838|25.1773
15|47|0|0|2.9|11.6|158|56.1|40.8|0.00|0.33|43.6861|25.6093
15|48|0|0|4.4|11.6|158|56.1|40.7|0.00|0.33|43.6822|25.6093
15|49|0|0|2.9|11.6|158|56.5|40.7|0.00|0.33|43.682|25.6093
15|50|0|0|2.9|11.6|158|56.5|40.7|0.00|0.33|43.6822|25.6093
15|51|0|0|2.9|11.6|158|56.4|40.7|0.00|0.33|43.6828|25.6093
15|52|0|0|1.5|11.6|158|56.4|40.5|0.00|0.33|43.6851|25.6093
15|53|0|315|3.2|11.6|158|57.0|40.5|0.00|0.33|43.6879|26.0345
15|55|0|315|5.8|11.6|158|57.8|40.4|0.00|0.33|43.6938|26.0345
15|56|0|315|4.4|11.6|158|58.0|40.4|0.00|0.33|43.6974|26.4531
15|58|0|315|4.4|11.6|158|58.3|40.4|0.00|0.33|43.7023|26.4531
15|58|0|315|3.2|11.6|158|58.4|40.4|0.00|0.33|43.7061|26.4531
15|59|0|315|1.5|11.6|158|58.7|40.3|0.00|0.33|43.7071|26.4531
16|00|0|315|1.6|11.6|158|58.7|40.3|0.00|0.33|43.7092|26.4531
16|01|0|315|2.9|11.6|158|59.0|40.3|0.00|0.33|43.7089|26.8654
16|02|0|315|2.9|11.6|158|59.2|40.2|0.00|0.33|43.7065|26.8654
16|03|0|0|1.6|11.6|158|59.8|40.2|0.00|0.33|43.7058|26.8654
16|05|0|315|4.4|11.6|158|59.7|40.1|0.00|0.33|43.7034|26.8654
16|05|0|315|4.8|11.6|158|59.6|40.1|0.00|0.33|43.7006|26.8654
16|08|0|270|2.9|11.6|158|59.0|40.1|0.00|0.33|43.7057|26.8654
16|09|0|270|1.5|11.6|158|59.2|40.0|0.00|0.33|43.7067|26.8654
16|10|0|270|5.8|11.6|158|59.5|40.0|0.00|0.33|43.7096|26.8654
16|11|0|270|3.2|11.6|158|59.4|40.0|0.00|0.33|43.7123|26.8654
16|12|0|315|2.9|11.6|158|59.5|40.0|0.00|0.33|43.7138|26.8654
16|13|0|315|1.5|11.6|158|59.6|39.9|0.00|0.33|43.7151|25.9248
16|14|0|270|4.4|11.6|158|59.9|39.9|0.00|0.33|43.7151|25.9248
16|15|0|225|4.4|11.6|158|59.8|40.0|0.00|0.33|43.7179|26.8654
16|17|0|270|2.9|11.6|158|59.4|39.8|0.00|0.33|43.7232|25.9248
16|18|0|270|1.6|11.6|158|59.5|39.8|0.00|0.33|43.7274|25.9248
16|19|0|270|4.8|11.6|158|59.3|39.8|0.00|0.33|43.7277|25.9248
16|20|0|270|2.9|11.6|158|59.0|39.8|0.00|0.33|43.7258|25.9248
16|21|0|315|3.2|11.6|158|59.2|39.8|0.00|0.33|43.7244|25.9248
16|22|0|315|4.4|11.6|158|59.5|39.7|0.00|0.33|43.722|25.9248
16|24|0|315|2.9|11.6|158|59.5|39.7|0.00|0.33|43.7196|25.9248
16|25|0|315|2.9|11.6|158|60.0|39.5|0.00|0.33|43.7178|26.3292
16|26|0|315|3.2|11.6|158|60.0|39.5|0.00|0.33|43.7176|26.3292
16|27|0|270|2.9|11.6|158|59.9|39.4|0.00|0.33|43.7181|25.9248
16|29|0|315|4.4|11.6|158|60.0|39.3|0.00|0.33|43.7183|26.3292
16|30|0|315|2.9|11.6|158|60.1|39.4|0.00|0.33|43.7225|26.3292
16|31|0|315|1.5|11.6|158|60.4|39.3|0.00|0.33|43.7183|26.3292
16|32|0|315|5.8|11.6|158|60.3|39.2|0.00|0.33|43.716|26.3292
16|33|0|315|3.2|11.6|158|60.2|39.2|0.00|0.33|43.7166|26.3292
16|34|0|315|2.9|11.6|158|60.7|39.2|0.00|0.33|43.716|26.3292
16|35|0|0|3.2|11.6|158|60.9|39.2|0.00|0.33|43.7183|26.3292
16|36|0|315|2.9|11.6|158|60.9|39.2|0.00|0.33|43.7208|26.3292
16|37|0|315|1.5|11.6|158|61.0|39.1|0.00|0.33|43.7208|26.7276
16|38|0|315|3.2|11.6|158|61.1|39.1|0.00|0.33|43.7222|26.7276
16|39|0|315|1.5|11.6|158|61.3|39.1|0.00|0.33|43.722|26.7276
16|40|0|315|3.2|11.6|158|61.5|39.1|0.00|0.33|43.7243|26.7276
16|41|0|315|1.5|11.6|158|61.5|39.1|0.00|0.33|43.7261|26.7276
16|42|0|315|2.9|11.6|158|61.7|39.1|0.00|0.33|43.7286|26.7276
16|43|0|315|2.9|11.6|158|61.8|39.1|0.00|0.33|43.7331|26.7276
16|44|0|315|0.0|11.6|158|61.9|39.0|0.00|0.33|43.7329|26.7276
16|45|0|315|1.5|11.6|158|61.9|39.1|0.00|0.33|43.7348|26.7276
16|47|0|315|1.6|11.6|158|62.1|39.0|0.00|0.33|43.7336|27.1202
16|49|0|315|1.5|11.6|158|62.3|39.0|0.00|0.33|43.731|27.1202
16|51|0|315|1.5|11.6|158|62.4|39.0|0.00|0.33|43.7285|27.1202
16|53|0|0|1.6|11.6|158|62.5|39.0|0.00|0.33|43.728|27.1202
16|54|0|0|1.5|11.6|158|62.5|38.9|0.00|0.33|43.7254|26.1742
16|55|0|0|1.6|11.6|158|62.6|38.9|0.00|0.33|43.7251|26.1742
16|56|0|0|2.9|11.6|158|62.7|38.9|0.00|0.33|43.7254|26.1742
16|57|0|0|1.5|11.6|158|62.8|38.7|0.00|0.33|43.7254|26.1742
16|58|0|0|0.0|11.6|158|63.0|38.7|0.00|0.33|43.7274|26.5595
17|00|0|315|1.6|11.6|158|63.3|38.7|0.00|0.33|43.7313|26.5595
17|01|0|0|1.5|11.6|158|63.4|38.7|0.00|0.33|43.7324|26.5595
17|02|0|315|3.2|11.6|158|63.5|38.6|0.00|0.33|43.7325|26.5595
17|03|0|315|3.2|11.6|158|63.6|38.6|0.00|0.33|43.733|26.5595
17|04|0|0|4.4|11.6|158|64.1|38.5|0.00|0.33|43.7337|26.9395
17|05|0|338|1.6|11.6|158|64.2|38.5|0.00|0.33|43.7342|26.9395
17|06|0|0|2.9|11.6|158|64.3|38.5|0.00|0.33|43.7354|26.9395
17|07|0|315|1.5|11.6|158|64.4|38.5|0.00|0.33|43.7353|26.9395
17|08|0|315|1.5|11.6|158|64.5|38.5|0.00|0.33|43.7377|26.9395
17|10|0|315|1.5|11.6|158|64.6|38.4|0.00|0.33|43.7372|26.9395
17|11|0|315|1.5|11.6|158|64.8|38.4|0.00|0.33|43.7393|26.9395
17|12|0|315|1.5|11.6|158|64.9|38.4|0.00|0.33|43.7397|26.9395
17|13|0|315|2.9|11.6|158|65.0|38.3|0.00|0.33|43.7398|27.3143
17|14|0|315|3.2|11.6|158|65.2|38.2|0.00|0.33|43.7416|27.3143
17|15|0|315|4.4|11.6|158|65.5|38.2|0.00|0.33|43.7453|27.3143
17|16|0|315|4.4|11.6|158|65.4|38.0|0.00|0.33|43.7471|27.3143
17|17|0|315|2.9|11.6|158|65.6|38.0|0.00|0.33|43.7503|27.3143
17|18|0|315|2.9|11.6|158|65.8|37.8|0.00|0.33|43.7488|26.363
17|19|0|315|3.2|11.6|158|66.0|37.7|0.00|0.33|43.7492|26.731
17|20|0|315|2.9|11.6|158|66.2|37.7|0.00|0.33|43.7482|26.731
17|21|0|315|3.2|11.6|158|66.4|37.7|0.00|0.33|43.7496|26.731
17|22|0|315|2.9|11.6|158|66.3|37.7|0.00|0.33|43.7513|26.731
17|23|0|315|2.9|11.6|158|66.3|37.7|0.00|0.33|43.7544|26.731
17|24|0|315|3.2|11.6|158|66.4|37.7|0.00|0.33|43.7504|26.731
17|25|0|315|2.9|11.6|158|66.5|37.7|0.00|0.33|43.7505|26.731
17|27|0|315|1.6|11.6|158|66.4|37.6|0.00|0.33|43.7468|26.731
17|27|0|315|2.9|11.6|158|66.4|37.7|0.00|0.33|43.7462|26.731
17|28|0|315|1.5|11.6|158|66.4|37.7|0.00|0.33|43.7453|26.731
17|29|0|315|0.0|11.6|158|66.3|37.7|0.00|0.33|43.7455|26.731
17|30|0|315|1.5|11.6|158|66.2|37.7|0.00|0.33|43.7429|26.731
17|32|0|315|1.6|11.6|158|66.1|37.8|0.00|0.33|43.7455|26.731
17|33|0|315|1.5|11.6|158|66.1|37.8|0.00|0.33|43.7448|26.731
17|34|0|315|0.0|11.6|158|66.1|37.8|0.00|0.33|43.7464|26.731
17|35|0|315|1.5|11.6|158|66.1|37.8|0.00|0.33|43.7467|26.731
17|36|0|315|1.6|11.6|158|66.0|37.8|0.00|0.33|43.7471|26.731
17|37|0|315|0.0|11.6|158|66.0|37.8|0.00|0.33|43.749|26.731
17|38|0|315|1.5|11.6|158|66.0|37.8|0.00|0.33|43.7473|26.731
17|39|0|315|1.5|11.6|158|66.0|37.8|0.00|0.33|43.7462|26.731
17|40|0|315|1.5|11.6|158|65.9|37.8|0.00|0.33|43.7457|26.363
17|41|0|315|1.5|11.6|158|66.0|38.0|0.00|0.33|43.7462|27.684
17|42|0|315|0.0|11.6|158|65.9|38.0|0.00|0.33|43.7477|27.3143
17|43|0|315|0.0|11.6|158|65.9|38.0|0.00|0.33|43.746|27.3143
17|44|0|315|0.0|11.6|158|65.8|38.0|0.00|0.33|43.7481|27.3143
17|45|0|315|0.0|11.6|158|65.8|38.0|0.00|0.33|43.748|27.3143
17|46|0|315|1.5|11.6|158|65.8|38.1|0.00|0.33|43.7488|27.3143
17|49|0|315|1.5|11.6|158|65.6|38.1|0.00|0.33|43.7509|27.3143
17|50|0|315|1.5|11.6|158|65.6|38.1|0.00|0.33|43.7516|27.3143
17|51|0|315|0.0|11.6|158|65.6|38.1|0.00|0.33|43.752|27.3143
17|52|0|315|1.5|11.6|158|65.7|38.1|0.00|0.33|43.7514|27.3143
17|53|0|315|1.5|11.6|158|65.6|38.1|0.00|0.33|43.753|27.3143
17|54|0|315|1.5|11.6|158|65.9|38.1|0.00|0.33|43.7533|27.3143
17|55|0|315|1.5|11.6|158|65.8|38.1|0.00|0.33|43.7547|27.3143
17|56|0|315|1.5|11.6|158|65.7|38.1|0.00|0.33|43.756|27.3143
17|57|0|315|0.0|11.6|158|65.8|38.0|0.00|0.33|43.7574|27.3143
17|58|0|315|2.9|11.6|158|65.8|38.0|0.00|0.33|43.7561|27.3143
18|01|0|315|2.9|11.6|158|65.9|37.8|0.00|0.33|43.7574|26.363
18|01|0|315|3.2|11.6|158|66.2|37.7|0.00|0.33|43.7571|26.731
18|03|0|315|1.6|11.6|158|66.4|37.6|0.00|0.33|43.7621|26.731
18|04|0|315|1.5|11.6|158|66.5|37.6|0.00|0.33|43.7609|26.731
18|05|0|315|2.9|11.6|158|66.6|37.5|0.00|0.33|43.7602|26.731
18|06|0|315|3.2|11.6|158|66.7|37.4|0.00|0.33|43.7585|26.731
18|07|0|315|2.9|11.6|158|66.9|37.4|0.00|0.33|43.756|26.731
18|09|0|315|3.2|11.6|158|67.0|37.4|0.00|0.33|43.7556|27.0941
18|11|0|315|1.6|11.6|158|67.2|37.4|0.00|0.33|43.757|27.0941
18|12|0|315|1.5|11.6|158|67.3|37.4|0.00|0.33|43.7602|27.0941
18|13|0|315|1.5|11.6|158|67.3|37.4|0.00|0.33|43.7585|27.0941
18|14|0|315|1.5|11.6|158|67.2|37.4|0.00|0.33|43.7576|27.0941
18|15|0|315|1.5|11.6|158|67.2|37.4|0.00|0.33|43.7569|27.0941
18|17|0|315|4.4|11.6|158|67.2|37.4|0.00|0.33|43.7567|27.0941
18|17|0|315|3.2|11.6|158|67.2|37.4|0.00|0.33|43.7558|27.0941
18|18|0|315|1.5|11.6|158|67.4|37.4|0.00|0.33|43.757|27.0941
18|20|0|315|4.4|11.6|158|67.6|37.3|0.00|0.33|43.7554|27.0941
18|21|0|315|2.9|11.6|158|67.6|37.3|0.00|0.33|43.7551|27.0941
18|22|0|315|3.2|11.6|158|68.0|37.3|0.00|0.33|43.7552|27.4525
18|24|0|315|2.9|11.6|158|68.0|37.3|0.00|0.33|43.7557|27.4525
18|24|0|315|3.2|11.6|158|68.1|37.3|0.00|0.33|43.7544|27.4525
18|25|0|315|1.5|11.6|158|68.1|37.3|0.00|0.33|43.7557|27.4525
18|26|0|315|1.5|11.6|158|68.1|37.2|0.00|0.33|43.754|27.4525
18|27|0|315|1.6|11.6|158|68.1|37.2|0.00|0.33|43.7551|27.4525
18|29|0|315|4.8|11.6|158|68.1|37.1|0.00|0.33|43.7536|27.4525
18|30|0|315|1.5|11.6|158|68.1|37.2|0.00|0.33|43.7561|27.4525
18|32|0|315|1.5|11.6|158|68.1|37.2|0.00|0.33|43.7561|27.4525
18|33|0|315|4.8|11.6|158|67.9|37.2|0.00|0.33|43.7558|27.0941
18|35|0|315|4.4|11.6|158|67.9|37.2|0.00|0.33|43.7544|27.0941
18|36|0|270|4.8|11.6|158|68.0|37.2|0.00|0.33|43.7533|27.4525
18|39|0|315|2.9|11.6|158|68.1|37.3|0.00|0.33|43.7555|27.4525
18|40|0|315|4.4|11.6|158|68.0|37.3|0.00|0.33|43.7579|27.4525
18|42|0|315|4.4|11.6|158|67.8|37.3|0.00|0.33|43.7583|27.0941
18|43|0|315|2.9|11.6|158|67.9|37.2|0.00|0.33|43.7573|27.0941
18|44|0|315|2.9|11.6|158|67.9|37.3|0.00|0.33|43.7597|27.0941
18|45|0|270|1.5|11.6|158|67.9|37.3|0.00|0.33|43.7574|27.0941
18|47|0|270|3.2|11.6|158|67.9|37.4|0.00|0.33|43.7586|27.0941
18|48|0|270|1.5|11.6|158|68.0|37.4|0.00|0.33|43.7584|27.4525
18|49|0|270|2.9|11.6|158|67.9|37.3|0.00|0.33|43.7573|27.0941
18|50|0|315|1.5|4.4|315|67.9|37.3|0.00|0.00|43.7577|27.0941
18|55|0|315|3.2|5.8|315|68.1|37.3|0.01|0.01|43.7613|27.4525
18|56|0|315|2.9|5.8|315|68.2|37.3|0.01|0.01|43.7625|27.4525
18|57|0|315|3.2|5.8|315|68.1|37.2|0.01|0.01|43.7608|27.4525
18|58|0|315|2.9|5.8|315|68.2|37.2|0.01|0.01|43.7615|27.4525
18|59|0|315|1.5|5.8|315|68.2|37.2|0.01|0.01|43.7596|27.4525
19|00|0|315|2.9|5.8|315|68.2|37.2|0.02|0.02|43.7589|27.4525
19|02|0|315|4.4|5.8|315|68.2|37.2|0.02|0.02|43.7597|27.4525
19|02|0|315|4.4|5.8|315|68.3|37.1|0.02|0.02|43.7601|27.4525
19|03|0|315|4.4|5.8|315|68.4|37.1|0.02|0.02|43.7596|27.4525
19|04|0|315|4.4|6.4|315|68.4|37.1|0.02|0.02|43.7599|27.4525
19|06|0|315|4.4|6.4|315|68.5|37.1|0.02|0.02|43.7595|27.4525
19|07|0|315|4.8|6.4|315|68.6|37.1|0.02|0.02|43.758|27.4525
19|08|0|315|2.9|6.4|315|68.7|37.1|0.02|0.02|43.7602|27.4525
19|09|0|315|2.9|6.4|315|68.6|37.1|0.02|0.02|43.761|27.4525
19|10|0|315|2.9|6.4|315|68.6|37.1|0.02|0.02|43.7618|27.4525
19|11|0|315|2.9|7.3|315|68.7|37.1|0.02|0.02|43.7609|27.4525
19|12|0|315|2.9|7.3|315|68.6|37.1|0.02|0.02|43.759|27.4525
19|13|0|315|2.9|7.3|315|68.7|37.1|0.02|0.02|43.7594|27.4525
19|14|0|315|1.5|7.3|315|68.7|37.1|0.02|0.02|43.7589|27.4525
19|15|0|315|1.5|7.3|315|68.7|37.1|0.02|0.02|43.7573|27.4525
19|16|0|315|4.4|7.3|315|68.7|37.1|0.02|0.02|43.7562|27.4525
19|19|0|315|1.5|8.7|315|68.6|37.1|0.02|0.02|43.7528|27.4525
19|19|0|270|1.5|8.7|315|68.6|37.2|0.02|0.02|43.7551|27.4525
19|20|0|270|4.4|8.7|315|68.5|37.2|0.02|0.02|43.7546|27.4525
19|21|0|270|1.5|8.7|315|68.4|37.2|0.02|0.02|43.7553|27.4525
19|22|0|270|0.0|8.7|315|68.4|37.2|0.02|0.02|43.7564|27.4525
19|24|0|270|0.0|8.7|315|68.2|37.3|0.02|0.02|43.7571|27.4525
19|25|0|270|0.0|8.7|315|68.2|37.3|0.02|0.02|43.7576|27.4525
19|26|0|270|0.0|8.7|315|68.1|37.4|0.02|0.02|43.7597|27.4525
19|28|0|270|0.0|8.7|315|68.0|37.5|0.02|0.02|43.7588|27.4525
19|29|0|270|0.0|8.7|315|68.0|37.5|0.02|0.02|43.7601|27.4525
19|30|0|270|0.0|8.7|315|67.9|37.6|0.02|0.02|43.7612|27.0941
19|31|0|270|0.0|8.7|315|67.8|37.6|0.02|0.02|43.7622|27.0941
19|32|0|270|0.0|8.7|315|67.7|37.6|0.02|0.02|43.7588|27.0941
19|33|0|270|1.6|8.7|315|67.7|37.6|0.02|0.02|43.7554|27.0941
19|34|0|270|1.5|8.7|315|67.7|37.6|0.03|0.03|43.7544|27.0941
19|35|0|270|0.0|8.7|315|67.8|37.6|0.03|0.03|43.7522|27.0941
19|36|0|270|0.0|8.7|315|67.7|37.7|0.03|0.03|43.7544|27.0941
19|38|0|270|1.5|8.7|315|67.7|37.7|0.03|0.03|43.7558|27.0941
19|39|0|270|0.0|8.7|315|67.7|37.7|0.03|0.03|43.7568|27.0941
19|40|0|270|0.0|8.7|315|67.7|37.7|0.03|0.03|43.7563|27.0941
19|42|0|270|0.0|8.7|315|67.6|37.7|0.03|0.03|43.7531|27.0941
19|43|0|270|0.0|8.7|315|67.7|37.7|0.03|0.03|43.7522|27.0941
19|45|0|270|1.5|8.7|315|67.7|37.7|0.03|0.03|43.7553|27.0941
19|47|0|270|1.5|8.7|315|67.8|37.6|0.03|0.03|43.7569|27.0941
19|48|0|270|1.5|8.7|315|67.9|37.6|0.03|0.03|43.756|27.0941
19|49|0|270|1.6|8.7|315|67.9|37.6|0.03|0.03|43.7567|27.0941
19|50|0|270|1.5|8.7|315|68.0|37.5|0.03|0.03|43.7564|27.4525
19|51|0|270|1.5|8.7|315|68.2|37.5|0.03|0.03|43.758|27.4525
19|52|0|270|1.5|8.7|315|68.4|37.4|0.03|0.03|43.7561|27.4525
19|53|0|315|2.9|8.7|315|68.7|37.3|0.03|0.03|43.7568|27.4525
19|54|0|315|2.9|8.7|315|68.9|37.2|0.02|0.03|43.7546|27.4525
19|55|0|315|1.5|8.7|315|69.2|37.1|0.02|0.03|43.754|27.8062
19|56|0|315|1.5|8.7|315|69.4|37.1|0.02|0.03|43.7536|27.8062
19|57|0|315|1.6|8.7|315|69.6|37.0|0.02|0.03|43.753|27.8062
19|58|0|315|4.4|8.7|315|69.9|36.8|0.02|0.03|43.7522|26.8482
20|00|0|315|4.8|8.7|315|70.4|36.7|0.01|0.03|43.7504|27.1959
20|01|0|315|3.2|8.7|315|70.8|36.6|0.01|0.03|43.7493|27.1959
20|01|0|315|2.9|8.7|315|71.1|36.5|0.01|0.03|43.7492|27.5391
20|02|0|315|4.8|8.7|315|71.4|36.5|0.01|0.03|43.7462|27.5391
20|03|0|315|4.4|8.7|315|71.6|36.4|0.01|0.03|43.7483|27.5391
20|05|0|315|4.4|8.7|315|71.8|36.3|0.01|0.03|43.7472|27.5391
20|06|0|315|4.4|8.7|315|72.1|36.3|0.01|0.03|43.7453|27.8781
20|07|0|315|3.2|8.7|315|72.4|36.2|0.01|0.03|43.7467|27.8781
20|08|0|315|1.5|8.7|315|72.8|36.2|0.01|0.03|43.7461|27.8781
20|09|0|315|2.9|8.7|315|73.0|36.0|0.01|0.03|43.7466|28.213
20|10|0|315|3.2|8.7|315|73.3|35.9|0.01|0.03|43.745|27.2488
20|11|0|315|2.9|8.7|315|73.6|35.9|0.01|0.03|43.7465|27.2488
20|12|0|315|3.2|8.7|315|73.8|35.8|0.01|0.03|43.7458|27.2488
20|13|0|315|2.9|8.7|315|74.1|35.8|0.01|0.03|43.7468|27.5781
20|14|0|315|2.9|8.7|315|74.3|35.7|0.01|0.03|43.7471|27.5781
20|15|0|315|2.9|8.7|315|74.6|35.6|0.01|0.03|43.7458|27.5781
20|16|0|315|4.4|8.7|315|74.8|35.6|0.01|0.03|43.7449|27.5781
20|17|0|315|7.3|8.7|315|74.9|35.5|0.01|0.03|43.7444|27.5781
20|18|0|315|4.8|8.7|315|74.9|35.5|0.01|0.03|43.743|27.5781
20|19|0|315|2.9|8.7|315|75.0|35.4|0.01|0.03|43.7443|27.9035
20|20|0|315|7.3|8.7|315|75.2|35.4|0.01|0.03|43.7427|27.9035
20|21|0|315|4.8|8.7|315|75.3|35.3|0.01|0.03|43.744|27.9035
20|24|0|315|2.9|8.7|315|75.4|35.4|0.01|0.03|43.7462|27.9035
20|25|0|0|1.5|8.7|315|75.4|35.4|0.01|0.03|43.7487|27.9035
20|26|0|0|1.5|8.7|315|75.2|35.4|0.01|0.03|43.7501|27.9035
20|27|0|0|2.9|8.7|315|75.2|35.5|0.01|0.03|43.7524|27.9035
20|28|0|0|0.0|8.7|315|75.1|35.5|0.01|0.03|43.7542|27.9035
20|29|0|0|0.0|8.7|315|74.9|35.6|0.01|0.03|43.7571|27.5781
20|30|0|0|0.0|8.7|315|74.7|35.6|0.01|0.03|43.7583|27.5781
20|32|0|0|0.0|8.7|315|74.7|35.6|0.01|0.03|43.7592|27.5781
20|32|0|0|1.6|8.7|315|74.6|35.7|0.01|0.03|43.7602|27.5781
20|33|0|0|1.5|8.7|315|74.5|35.7|0.00|0.03|43.7608|27.5781
20|34|0|0|1.6|8.7|315|74.3|35.7|0.00|0.03|43.762|27.5781
20|35|0|90|1.5|8.7|315|74.1|35.7|0.00|0.03|43.7629|27.5781
20|36|0|90|1.5|8.7|315|74.0|35.7|0.00|0.03|43.7632|27.5781
20|37|0|90|1.5|8.7|315|73.9|35.7|0.00|0.03|43.7631|27.2488
20|38|0|90|0.0|8.7|315|73.9|35.7|0.01|0.04|43.7624|27.2488
20|39|0|90|0.0|8.7|315|73.8|35.7|0.01|0.04|43.7613|27.2488
20|40|0|90|0.0|8.7|315|73.8|35.8|0.01|0.04|43.7637|27.2488
20|41|0|90|0.0|8.7|315|73.7|35.8|0.01|0.04|43.7621|27.2488
20|43|0|90|0.0|8.7|315|73.7|35.8|0.01|0.04|43.764|27.2488
20|44|0|90|0.0|8.7|315|73.6|35.8|0.01|0.04|43.7628|27.2488
20|45|0|90|0.0|8.7|315|73.6|35.8|0.01|0.04|43.7636|27.2488
20|46|0|90|0.0|8.7|315|73.5|35.9|0.01|0.04|43.7621|27.2488
20|47|0|90|0.0|8.7|315|73.5|35.9|0.01|0.04|43.7609|27.2488
20|48|0|90|1.5|8.7|315|73.6|35.9|0.01|0.04|43.7597|27.2488
20|49|0|90|1.5|8.7|315|73.7|35.9|0.01|0.04|43.7608|27.2488
20|50|0|90|0.0|8.7|315|73.8|35.9|0.01|0.04|43.7629|27.2488
20|51|0|90|1.5|8.7|315|73.9|35.9|0.01|0.04|43.7619|27.2488
20|52|0|90|0.0|8.7|315|73.9|35.8|0.01|0.04|43.7606|27.2488
20|54|0|90|1.5|8.7|315|74.1|35.8|0.01|0.04|43.7604|27.5781
20|55|0|315|1.5|8.7|315|74.3|35.8|0.01|0.04|43.7609|27.5781
20|56|0|315|1.5|8.7|315|74.5|35.7|0.01|0.04|43.7613|27.5781
20|57|0|270|1.6|8.7|315|74.6|35.7|0.01|0.04|43.7613|27.5781
20|58|0|315|2.9|8.7|315|74.9|35.6|0.01|0.04|43.7613|27.5781
20|59|0|315|2.9|8.7|315|75.2|35.6|0.01|0.04|43.7602|27.9035
21|00|0|315|1.6|8.7|315|75.5|35.5|0.01|0.04|43.7624|27.9035
21|01|0|315|1.5|8.7|315|75.8|35.4|0.01|0.04|43.76|27.9035
21|03|0|315|1.5|8.7|315|76.0|35.4|0.01|0.04|43.7626|28.2251
21|04|0|315|0.0|8.7|315|76.3|35.4|0.01|0.04|43.7615|28.2251
21|05|0|315|1.6|8.7|315|76.6|35.4|0.01|0.04|43.762|28.2251
21|06|0|315|0.0|8.7|315|76.7|35.4|0.01|0.04|43.7626|28.2251
21|07|0|315|1.5|8.7|315|76.7|35.4|0.01|0.04|43.7641|28.2251
21|08|0|315|0.0|8.7|315|77.0|35.3|0.01|0.04|43.7605|28.5429
21|09|0|315|1.5|8.7|315|77.2|35.3|0.01|0.04|43.7604|28.5429
21|10|0|315|0.0|8.7|315|77.4|35.3|0.01|0.04|43.7602|28.5429
21|11|0|315|1.5|8.7|315|77.5|35.3|0.01|0.04|43.7599|28.5429
21|12|0|315|1.5|8.7|315|77.5|35.3|0.01|0.04|43.7583|28.5429
21|13|0|315|0.0|8.7|315|77.6|35.3|0.01|0.04|43.7579|28.5429
21|14|0|315|1.5|8.7|315|77.9|35.3|0.01|0.04|43.7574|28.5429
21|15|0|315|1.5|8.7|315|78.2|35.3|0.01|0.04|43.7593|28.8572
21|16|0|315|3.2|8.7|315|78.4|35.2|0.01|0.04|43.7596|28.8572
21|17|0|315|2.9|8.7|315|78.7|35.2|0.01|0.04|43.7611|28.8572
21|18|0|315|4.8|8.7|315|78.8|34.9|0.01|0.04|43.758|27.8855
21|20|0|315|3.2|8.7|315|79.0|34.9|0.01|0.04|43.759|28.1947
21|21|0|315|1.5|8.7|315|79.3|34.8|0.01|0.04|43.7585|28.1947
21|22|0|315|3.2|8.7|315|79.5|34.6|0.01|0.04|43.7564|28.1947
21|22|0|315|4.4|8.7|315|79.6|34.6|0.01|0.04|43.7576|28.1947
21|23|0|315|3.2|8.7|315|80.0|34.5|0.01|0.04|43.7557|28.5006
21|25|0|315|2.9|8.7|315|80.4|34.4|0.01|0.04|43.7548|28.5006
21|26|0|315|2.9|8.7|315|80.8|34.2|0.01|0.04|43.7533|28.5006
21|27|0|315|2.9|8.7|315|81.2|34.1|0.01|0.04|43.7507|28.803
21|28|0|0|1.5|8.7|315|81.6|34.1|0.01|0.04|43.7531|28.803
21|29|0|315|1.6|8.7|315|81.9|34.0|0.02|0.05|43.7545|28.803
21|30|0|315|0.0|8.7|315|82.0|34.0|0.02|0.05|43.7554|29.1022
21|31|0|315|0.0|8.7|315|81.9|34.0|0.02|0.05|43.7549|28.803
21|32|0|0|1.6|8.7|315|82.3|34.0|0.02|0.05|43.7545|29.1022
21|33|0|0|4.4|8.7|315|82.6|33.9|0.02|0.05|43.752|28.1248
21|34|0|0|3.2|8.7|315|82.6|33.9|0.02|0.05|43.7554|28.1248
21|35|0|0|2.9|8.7|315|82.9|33.8|0.02|0.05|43.7556|28.1248
21|37|0|338|2.9|8.7|315|83.1|33.8|0.02|0.05|43.7576|28.4194
21|37|0|0|1.6|8.7|315|83.2|33.8|0.01|0.05|43.7569|28.4194
21|38|0|315|1.5|8.7|315|83.4|33.7|0.01|0.05|43.7565|28.4194
21|40|0|315|1.6|8.7|315|83.7|33.7|0.01|0.05|43.7583|28.4194
21|40|0|315|1.5|8.7|315|83.7|33.8|0.01|0.05|43.7609|28.4194
21|41|0|315|0.0|8.7|315|83.6|33.8|0.01|0.05|43.7629|28.4194
21|42|0|315|0.0|8.7|315|83.4|33.8|0.01|0.05|43.7627|28.4194
21|44|0|315|0.0|8.7|315|83.3|33.8|0.01|0.05|43.7635|28.4194
21|44|0|315|0.0|8.7|315|83.2|33.8|0.01|0.05|43.7627|28.4194
21|45|0|315|0.0|8.7|315|83.2|33.8|0.01|0.05|43.7625|28.4194
21|47|0|315|0.0|8.7|315|83.1|33.8|0.01|0.05|43.7627|28.4194
21|48|0|315|0.0|8.7|315|83.0|33.8|0.01|0.05|43.7631|28.4194
21|49|0|315|0.0|8.7|315|83.0|33.8|0.01|0.05|43.7628|28.4194
21|50|0|315|1.5|8.7|315|83.2|33.8|0.01|0.05|43.7628|28.4194
21|51|0|315|1.5|8.7|315|83.4|33.8|0.01|0.05|43.7645|28.4194
21|52|0|315|1.5|8.7|315|83.6|33.7|0.01|0.05|43.7644|28.4194
21|53|0|315|0.0|8.7|315|83.7|33.7|0.01|0.05|43.7626|28.4194
21|54|0|315|1.5|8.7|315|83.7|33.7|0.01|0.05|43.7638|28.4194
21|55|0|315|1.5|8.7|315|83.6|33.7|0.01|0.05|43.7624|28.4194
21|56|0|315|0.0|8.7|315|83.7|33.7|0.01|0.05|43.765|28.4194
21|57|0|315|0.0|8.7|315|83.8|33.7|0.01|0.05|43.7651|28.4194
21|58|0|315|1.6|8.7|315|83.9|33.7|0.01|0.05|43.7648|28.4194
21|59|0|315|0.0|8.7|315|84.1|33.7|0.01|0.05|43.7648|28.7109
22|00|0|315|0.0|8.7|315|84.1|33.7|0.01|0.05|43.7677|28.7109
22|01|0|315|0.0|8.7|315|84.1|33.6|0.01|0.05|43.7653|28.7109
22|02|0|315|0.0|8.7|315|84.1|33.7|0.01|0.05|43.7673|28.7109
22|03|0|315|0.0|8.7|315|84.1|33.7|0.01|0.05|43.7674|28.7109
22|04|0|315|0.0|8.7|315|84.1|33.6|0.01|0.05|43.7665|28.7109
22|05|0|315|0.0|8.7|315|84.1|33.6|0.01|0.05|43.7664|28.7109
22|07|0|315|1.5|8.7|315|84.2|33.6|0.01|0.05|43.7651|28.7109
22|09|0|315|0.0|8.7|315|84.5|33.6|0.01|0.05|43.7669|28.7109
22|10|0|315|0.0|8.7|315|84.6|33.6|0.01|0.05|43.7665|28.7109
22|11|0|315|0.0|8.7|315|84.7|33.6|0.01|0.05|43.7672|28.7109
22|12|0|315|0.0|8.7|315|84.7|33.7|0.01|0.05|43.7677|28.7109
22|13|0|315|0.0|8.7|315|84.7|33.7|0.01|0.05|43.7652|28.7109
22|14|0|315|0.0|8.7|315|84.7|33.7|0.01|0.05|43.7638|28.7109
22|15|0|315|0.0|8.7|315|84.7|33.7|0.01|0.05|43.762|28.7109
22|16|0|315|0.0|8.7|315|84.7|33.7|0.01|0.05|43.7617|28.7109
22|17|0|315|0.0|8.7|315|84.7|33.7|0.01|0.05|43.7599|28.7109
22|18|0|315|0.0|8.7|315|84.7|33.7|0.01|0.05|43.7579|28.7109
22|19|0|315|0.0|8.7|315|84.6|33.7|0.01|0.05|43.7611|28.7109
22|20|0|315|0.0|8.7|315|84.6|33.7|0.01|0.05|43.76|28.7109
22|22|0|315|1.5|8.7|315|84.6|33.7|0.01|0.05|43.7594|28.7109
22|23|0|315|0.0|8.7|315|84.7|33.7|0.01|0.05|43.76|28.7109
22|24|0|315|0.0|8.7|315|84.9|33.7|0.01|0.05|43.7592|28.7109
22|25|0|315|1.5|8.7|315|85.0|33.7|0.01|0.05|43.7584|28.9993
22|26|0|315|1.5|8.7|315|85.1|33.8|0.03|0.08|43.76|28.9993
22|28|0|315|1.5|8.7|315|85.4|33.8|0.02|0.08|43.7605|28.9993
22|29|0|315|1.5|8.7|315|85.5|33.8|0.02|0.08|43.7603|28.9993
22|30|0|315|1.5|8.7|315|85.7|33.8|0.02|0.08|43.7631|28.9993
22|31|0|315|1.5|8.7|315|85.7|33.8|0.02|0.08|43.7619|28.9993
22|33|0|315|1.6|8.7|315|85.9|33.8|0.02|0.08|43.7608|28.9993
22|34|0|315|1.6|8.7|315|85.9|33.8|0.02|0.08|43.7619|28.9993
22|36|0|315|1.6|8.7|315|85.9|33.8|0.02|0.08|43.7592|28.9993
22|36|0|315|0.0|8.7|315|85.9|33.9|0.02|0.08|43.7613|28.9993
22|38|0|315|0.0|8.7|315|85.8|33.8|0.02|0.08|43.7557|28.9993
22|40|0|315|0.0|8.7|315|85.7|33.8|0.02|0.08|43.7561|28.9993
22|40|0|315|0.0|8.7|315|85.7|33.8|0.02|0.08|43.7539|28.9993
22|43|0|315|0.0|8.7|315|85.7|33.7|0.02|0.08|43.7544|28.9993
22|45|0|315|0.0|8.7|315|85.8|33.7|0.02|0.08|43.753|28.9993
22|46|0|315|0.0|8.7|315|85.7|33.7|0.02|0.08|43.7523|28.9993
22|47|0|315|0.0|8.7|315|85.7|33.7|0.03|0.09|43.7528|28.9993
22|48|0|315|1.5|8.7|315|85.8|33.7|0.03|0.09|43.753|28.9993
22|49|0|315|1.5|8.7|315|85.8|33.7|0.03|0.09|43.7501|28.9993
22|50|0|315|0.0|8.7|315|85.8|33.6|0.03|0.09|43.7476|28.9993
22|51|0|315|0.0|8.7|315|85.8|33.6|0.03|0.09|43.7459|28.9993
22|52|0|315|0.0|8.7|315|85.8|33.6|0.03|0.09|43.7442|28.9993
22|53|0|315|0.0|8.7|315|85.7|33.6|0.03|0.09|43.7444|28.9993
22|54|0|315|0.0|8.7|315|85.8|33.6|0.03|0.09|43.7434|28.9993
22|55|0|315|0.0|8.7|315|85.8|33.6|0.03|0.09|43.7469|28.9993
22|56|0|315|0.0|8.7|315|85.8|33.5|0.03|0.09|43.7457|28.9993
22|58|0|315|0.0|8.7|315|85.8|33.6|0.03|0.09|43.7477|28.9993
22|58|0|315|0.0|8.7|315|85.8|33.5|0.03|0.09|43.7451|28.9993
23|00|0|315|0.0|8.7|315|86.0|33.3|0.03|0.09|43.7412|29.2847
23|01|0|315|1.5|8.7|315|86.1|33.3|0.03|0.09|43.7395|29.2847
23|03|0|315|0.0|8.7|315|86.2|33.2|0.03|0.09|43.7409|29.2847
23|03|0|315|0.0|8.7|315|86.2|33.2|0.03|0.09|43.7398|29.2847
23|05|0|315|0.0|8.7|315|86.3|33.2|0.03|0.09|43.7412|29.2847
23|05|0|315|0.0|8.7|315|86.3|33.1|0.03|0.09|43.737|29.2847
23|07|0|315|0.0|8.7|315|86.3|33.1|0.03|0.09|43.7357|29.2847
23|08|0|315|1.6|8.7|315|86.4|33.1|0.03|0.09|43.7354|29.2847
23|09|0|315|1.5|8.7|315|86.5|33.1|0.03|0.09|43.7355|29.2847
23|10|0|315|0.0|8.7|315|86.7|33.1|0.03|0.09|43.735|29.2847
23|11|0|315|0.0|8.7|315|86.8|33.1|0.03|0.09|43.7375|29.2847
23|12|0|315|0.0|8.7|315|86.9|33.1|0.03|0.09|43.7365|29.2847
23|13|0|315|1.5|8.7|315|87.1|33.1|0.03|0.09|43.7372|29.5672
23|14|0|270|0.0|8.7|315|87.1|33.1|0.03|0.09|43.7364|29.5672
23|15|0|270|1.6|8.7|315|87.2|33.1|0.03|0.09|43.7345|29.5672
23|16|0|270|0.0|8.7|315|87.2|33.1|0.03|0.09|43.7348|29.5672
23|18|0|270|0.0|8.7|315|87.3|33.1|0.03|0.09|43.7307|29.5672
23|18|0|270|0.0|8.7|315|87.3|33.1|0.03|0.09|43.7313|29.5672
23|19|0|270|1.5|8.7|315|87.3|33.1|0.03|0.09|43.7309|29.5672
23|20|0|270|0.0|8.7|315|87.4|33.1|0.03|0.09|43.7313|29.5672
23|21|0|270|0.0|8.7|315|87.4|33.1|0.03|0.09|43.7334|29.5672
23|23|0|270|1.5|8.7|315|87.5|33.1|0.03|0.09|43.7316|29.5672
23|24|0|315|1.5|8.7|315|87.6|33.0|0.03|0.09|43.7295|29.5672
23|25|0|315|1.5|8.7|315|87.7|33.0|0.01|0.09|43.7301|29.5672
23|27|0|270|1.5|8.7|315|87.7|32.9|0.01|0.09|43.7291|28.5832
23|28|0|270|1.5|8.7|315|87.7|32.9|0.01|0.09|43.728|28.5832
23|29|0|270|1.5|8.7|315|87.7|32.9|0.01|0.09|43.7283|28.5832
23|30|0|270|1.6|8.7|315|87.8|32.8|0.01|0.09|43.7241|28.5832
23|31|0|315|1.5|8.7|315|87.9|32.8|0.01|0.09|43.7265|28.5832
23|32|0|315|1.5|8.7|315|88.1|32.7|0.01|0.09|43.724|28.8615
23|33|0|270|1.5|8.7|315|88.1|32.7|0.01|0.09|43.7246|28.8615
23|34|0|270|1.5|8.7|315|88.2|32.7|0.01|0.09|43.7222|28.8615
23|35|0|270|1.5|8.7|315|88.3|32.6|0.01|0.09|43.7206|28.8615
23|36|0|270|1.5|8.7|315|88.4|32.6|0.01|0.09|43.7215|28.8615
23|37|0|270|0.0|8.7|315|88.5|32.6|0.01|0.09|43.7233|28.8615
23|38|0|270|3.2|8.7|315|88.6|32.5|0.01|0.09|43.7233|28.8615
23|39|0|270|1.6|8.7|315|88.7|32.5|0.01|0.09|43.724|28.8615
23|40|0|270|1.5|8.7|315|88.9|32.5|0.01|0.09|43.724|28.8615
23|41|0|270|1.6|8.7|315|89.0|32.5|0.01|0.09|43.7219|29.1371
23|42|0|270|0.0|8.7|315|89.0|32.5|0.01|0.09|43.7229|29.1371
23|44|0|270|0.0|8.7|315|89.0|32.5|0.01|0.09|43.7215|29.1371
23|45|0|270|0.0|8.7|315|89.0|32.5|0.01|0.09|43.7189|29.1371
23|46|0|270|1.5|8.7|315|89.1|32.5|0.01|0.09|43.718|29.1371
23|48|0|270|1.5|8.7|315|89.1|32.5|0.00|0.09|43.7176|29.1371
23|49|0|270|1.5|8.7|315|89.1|32.5|0.00|0.09|43.7172|29.1371
23|50|0|270|1.6|8.7|315|89.2|32.5|0.00|0.09|43.7177|29.1371
23|51|0|270|1.5|8.7|315|89.2|32.5|0.00|0.09|43.7171|29.1371
23|52|0|270|1.5|8.7|315|89.3|32.5|0.00|0.09|43.7168|29.1371
23|53|0|270|0.0|8.7|315|89.3|32.5|0.00|0.09|43.7147|29.1371
23|54|0|270|0.0|8.7|315|89.3|32.5|0.00|0.09|43.7146|29.1371
23|55|0|270|0.0|8.7|315|89.3|32.6|0.00|0.09|43.7138|29.1371
23|56|0|270|1.5|8.7|315|89.3|32.5|0.00|0.09|43.7117|29.1371
23|57|0|270|0.0|8.7|315|89.3|32.6|0.00|0.09|43.7157|29.1371
23|58|0|270|0.0|8.7|315|89.3|32.6|0.00|0.09|43.7128|29.1371
23|59|0|270|1.6|8.7|315|89.4|32.6|0.00|0.09|43.709|29.1371
