00|00|0|135|0.0|6.4|135|28.5|60.2|0.00|0.00|43.2998|26.8558
00|01|0|135|0.0|6.4|135|28.6|60.1|0.00|0.00|43.2995|26.8558
00|02|0|135|0.0|6.4|135|28.7|60.1|0.00|0.00|43.2996|26.8558
00|03|0|135|0.0|6.4|135|28.6|60.1|0.00|0.00|43.2998|26.8558
00|04|0|45|0.0|6.4|135|28.7|60.1|0.00|0.00|43.3008|26.8558
00|05|0|90|0.0|6.4|135|29.1|60.0|0.00|0.00|43.3023|27.7047
00|06|0|45|1.5|6.4|135|28.8|59.9|0.00|0.00|43.3023|25.996
00|07|0|45|1.5|6.4|135|29.1|59.9|0.00|0.00|43.3028|26.8414
00|08|0|45|1.5|6.4|135|30.2|59.8|0.00|0.00|43.304|27.6614
00|09|0|90|1.5|6.4|135|30.8|59.7|0.00|0.00|43.304|27.6614
00|10|0|45|1.5|6.4|135|31.1|59.7|0.00|0.00|43.3069|28.4575
00|12|0|0|1.6|6.4|135|35.2|59.6|0.00|0.00|43.3062|31.4302
00|14|0|0|1.5|6.4|135|36.0|59.5|0.00|0.00|43.3069|32.1262
00|15|0|45|1.5|6.4|135|33.0|59.2|0.00|0.00|43.3062|29.9837
00|16|0|45|0.0|6.4|135|31.5|59.2|0.00|0.00|43.3089|28.4575
00|17|0|0|1.5|6.4|135|30.4|59.0|0.00|0.00|43.3099|27.6614
00|18|0|0|0.0|6.4|135|29.8|59.0|0.00|0.00|43.3095|26.8414
00|19|0|0|0.0|6.4|135|30.5|58.9|0.00|0.00|43.3093|26.7945
00|20|0|90|1.6|6.4|135|29.6|58.9|0.00|0.00|43.3135|25.9779
00|21|0|45|1.5|6.4|135|29.2|58.8|0.00|0.00|43.3145|25.9779
00|22|0|45|0.0|6.4|135|29.6|58.7|0.00|0.00|43.3129|25.9779
00|24|0|45|1.6|6.4|135|29.7|58.5|0.00|0.00|43.3127|25.9779
00|25|0|90|1.6|6.4|135|28.6|58.5|0.00|0.00|43.3135|25.136
00|26|0|90|1.6|6.4|135|27.3|58.4|0.00|0.00|43.3147|24.2669
00|27|0|90|2.9|6.4|135|25.6|58.4|0.00|0.00|43.3147|22.4398
00|28|0|90|2.9|6.4|135|24.8|58.4|0.00|0.00|43.3165|21.477
00|29|0|68|2.9|6.4|135|24.0|58.4|0.00|0.00|43.3169|21.477
00|30|0|90|1.5|6.4|135|23.8|58.4|0.00|0.00|43.3172|20.478
00|31|0|90|2.9|6.4|135|23.5|58.4|0.00|0.00|43.3166|20.478
00|32|0|90|1.6|6.4|135|23.1|58.5|0.00|0.00|43.3184|20.478
00|33|0|90|1.6|6.4|135|23.1|58.5|0.00|0.00|43.3141|20.478
00|34|0|90|3.2|6.4|135|23.5|58.7|0.00|0.00|43.3177|20.478
00|35|0|45|1.5|6.4|135|24.1|58.8|0.00|0.00|43.3172|21.477
00|36|0|90|1.5|6.4|135|24.0|58.8|0.00|0.00|43.3175|21.477
00|37|0|90|1.6|6.4|135|24.0|58.8|0.00|0.00|43.3181|21.477
00|39|0|90|1.6|6.4|135|23.2|58.8|0.00|0.00|43.3177|20.478
00|40|0|90|2.9|6.4|135|22.7|58.9|0.00|0.00|43.3172|19.4397
00|41|0|90|4.4|6.4|135|22.3|59.0|0.00|0.00|43.3169|20.2766
00|42|0|135|1.5|6.4|135|22.1|59.0|0.00|0.00|43.3146|20.2766
00|43|0|90|2.9|6.4|135|21.6|59.1|0.00|0.00|43.3134|19.1912
00|44|0|135|2.9|6.4|135|21.7|59.2|0.00|0.00|43.3138|19.1912
00|45|0|135|1.5|6.4|135|21.4|59.3|0.00|0.00|43.3136|19.1912
00|46|0|113|2.9|6.4|135|21.5|59.3|0.00|0.00|43.3138|19.1912
00|47|0|90|3.2|6.4|135|21.5|59.5|0.00|0.00|43.3134|19.1912
00|48|0|90|4.4|6.4|135|21.4|59.5|0.00|0.00|43.3109|19.1912
00|49|0|90|1.5|6.5|90|21.2|59.6|0.00|0.00|43.3132|19.1912
00|50|0|45|2.9|6.5|90|20.8|59.7|0.00|0.00|43.3133|18.0588
00|52|0|45|1.5|6.5|90|21.0|59.7|0.00|0.00|43.3118|19.1912
00|53|0|90|3.2|6.5|90|20.7|59.8|0.00|0.00|43.3118|18.0588
00|54|0|90|2.9|6.5|90|20.6|59.8|0.00|0.00|43.3097|18.0588
00|55|0|90|1.6|6.5|90|20.5|59.8|0.00|0.00|43.3079|18.0588
00|56|0|90|1.5|6.5|90|20.1|59.9|0.00|0.00|43.3101|18.0588
00|57|0|90|0.0|6.5|90|19.7|59.9|0.00|0.00|43.3067|16.875
00|58|0|90|1.5|6.5|90|19.6|60.0|0.00|0.00|43.3082|17.698
00|59|0|90|2.9|6.5|90|19.3|60.1|0.00|0.00|43.3077|17.698
01|00|0|90|2.9|6.5|90|19.0|60.2|0.00|0.00|43.3066|17.698
01|01|0|45|1.5|6.5|90|19.4|60.2|0.00|0.00|43.3066|17.698
01|02|0|45|1.6|6.5|90|21.2|60.3|0.00|0.00|43.3054|20.0234
01|03|0|45|0.0|6.5|90|23.7|60.3|0.00|0.00|43.3047|22.1599
01|04|0|45|1.5|6.5|90|24.1|60.3|0.00|0.00|43.3034|23.167
01|05|0|45|0.0|6.5|90|24.7|60.3|0.00|0.00|43.3055|23.167
01|06|0|45|0.0|6.5|90|25.5|60.3|0.00|0.00|43.3034|24.1376
01|07|0|45|0.0|6.5|90|26.6|60.2|0.00|0.00|43.3023|25.0743
01|08|0|45|0.0|6.5|90|27.8|60.2|0.00|0.00|43.303|25.9797
01|09|0|45|0.0|6.5|90|27.8|60.1|0.00|0.00|43.3032|25.9797
01|11|0|45|1.5|6.5|90|25.1|60.0|0.00|0.00|43.3046|24.1376
01|12|0|90|1.5|6.5|90|23.9|60.0|0.00|0.00|43.3057|22.1599
01|13|0|90|1.5|6.5|90|24.8|59.9|0.00|0.00|43.3056|22.3222
01|14|0|90|1.5|6.5|90|24.1|59.8|0.00|0.00|43.3072|22.3222
01|15|0|90|1.6|6.5|90|23.2|59.7|0.00|0.00|43.307|21.3191
01|16|0|90|0.0|6.5|90|22.4|59.7|0.00|0.00|43.3093|20.2766
01|17|0|135|1.6|6.5|90|22.5|59.6|0.00|0.00|43.3112|20.2766
01|18|0|90|1.6|6.5|90|22.6|59.6|0.00|0.00|43.3102|20.2766
01|19|0|90|1.5|6.5|90|22.1|59.5|0.00|0.00|43.3092|20.2766
01|20|0|90|2.9|6.5|90|21.7|59.5|0.00|0.00|43.3078|19.1912
01|21|0|90|1.5|6.5|90|21.5|59.3|0.00|0.00|43.3062|19.1912
01|23|0|90|0.0|6.5|90|21.4|59.3|0.00|0.00|43.3062|19.1912
01|24|0|45|0.0|6.5|90|21.4|59.3|0.00|0.00|43.3057|19.1912
01|25|0|90|1.5|6.5|90|21.2|59.3|0.00|0.00|43.307|19.1912
01|26|0|90|1.5|6.5|90|21.3|59.2|0.00|0.00|43.3057|19.1912
01|27|0|135|0.0|6.5|90|21.2|59.2|0.00|0.00|43.3069|19.1912
01|28|0|135|0.0|6.5|90|21.8|59.2|0.00|0.00|43.3062|19.1912
01|29|0|135|1.6|6.5|90|22.0|59.2|0.00|0.00|43.306|20.2766
01|30|0|90|1.5|6.5|90|21.8|59.1|0.00|0.00|43.3043|19.1912
01|31|0|90|0.0|6.5|90|21.6|59.1|0.00|0.00|43.3061|19.1912
01|32|0|135|0.0|6.5|90|21.6|59.0|0.00|0.00|43.3056|19.1912
01|33|0|180|1.5|6.5|90|22.3|58.9|0.00|0.00|43.3048|19.4397
01|34|0|180|1.5|6.5|90|22.4|58.9|0.00|0.00|43.3062|19.4397
01|35|0|180|0.0|6.5|90|22.6|58.8|0.00|0.00|43.3056|19.4397
01|36|0|180|3.2|6.5|90|22.6|58.8|0.00|0.00|43.3057|19.4397
01|37|0|180|1.6|6.5|90|22.6|58.7|0.00|0.00|43.3057|19.4397
01|38|0|180|0.0|6.5|90|22.5|58.5|0.00|0.00|43.3063|19.4397
01|40|0|180|1.5|6.5|90|22.6|58.4|0.00|0.00|43.3053|19.4397
01|41|0|180|1.6|6.5|90|22.8|58.3|0.00|0.00|43.3055|19.4397
01|42|0|180|0.0|6.5|90|23.0|58.2|0.00|0.00|43.3032|20.478
01|43|0|90|0.0|6.5|90|23.0|58.1|0.00|0.00|43.3017|20.478
01|44|0|90|0.0|6.5|90|22.9|58.1|0.00|0.00|43.2985|19.4397
01|45|0|135|0.0|6.5|90|22.8|58.1|0.00|0.00|43.2996|19.4397
01|46|0|135|1.5|6.5|90|22.8|58.0|0.00|0.00|43.2962|19.4397
01|48|0|180|0.0|6.5|90|23.5|57.8|0.00|0.00|43.2956|19.6366
01|49|0|135|0.0|6.5|90|23.8|57.8|0.00|0.00|43.2958|19.6366
01|50|0|180|1.6|6.5|90|24.0|57.7|0.00|0.00|43.294|20.6316
01|51|0|135|0.0|6.5|90|24.1|57.5|0.00|0.00|43.2951|20.6316
01|52|0|180|0.0|6.5|90|24.4|57.4|0.00|0.00|43.2933|20.6316
01|53|0|180|0.0|6.5|90|24.5|57.3|0.00|0.00|43.2956|20.6316
01|54|0|180|0.0|6.5|90|24.5|57.2|0.00|0.00|43.2905|20.6316
01|56|0|180|0.0|6.5|90|24.5|57.1|0.00|0.00|43.291|20.6316
01|57|0|180|0.0|6.5|90|24.5|57.1|0.00|0.00|43.2933|20.6316
01|58|0|180|0.0|6.5|90|24.7|57.0|0.00|0.00|43.2903|20.6316
01|59|0|180|0.0|6.5|90|24.9|57.0|0.00|0.00|43.292|20.6316
02|00|0|180|0.0|6.5|90|25.1|56.9|0.00|0.00|43.2915|20.7408
02|01|0|180|0.0|6.5|90|25.3|56.7|0.00|0.00|43.2903|20.7408
02|02|0|180|0.0|6.5|90|25.3|56.6|0.00|0.00|43.2917|20.7408
02|03|0|180|1.5|6.5|90|25.5|56.6|0.00|0.00|43.2907|20.7408
02|04|0|225|1.6|6.5|90|25.7|56.5|0.00|0.00|43.2907|20.7408
02|06|0|225|1.5|6.5|90|26.2|56.3|0.00|0.00|43.2883|21.6624
02|07|0|180|1.6|6.5|90|26.3|56.3|0.00|0.00|43.2896|21.6624
02|08|0|135|1.5|6.5|90|26.4|56.2|0.00|0.00|43.2874|21.6624
02|09|0|180|1.5|6.5|90|26.2|56.2|0.00|0.00|43.2847|21.6624
02|10|0|90|1.5|6.5|90|26.3|56.1|0.00|0.00|43.2839|21.6624
02|12|0|90|1.5|6.5|90|26.3|56.1|0.00|0.00|43.2825|21.6624
02|13|0|90|1.5|6.5|90|26.6|56.1|0.00|0.00|43.2809|21.6624
02|14|0|45|1.5|6.5|90|27.1|56.1|0.00|0.00|43.2805|22.5531
02|15|0|45|1.6|6.5|90|29.7|56.0|0.00|0.00|43.279|24.25
02|16|0|90|1.5|6.5|90|29.8|55.8|0.00|0.00|43.2795|23.3857
02|17|0|90|1.5|6.5|90|29.5|55.7|0.00|0.00|43.2772|23.3857
02|18|0|90|0.0|6.5|90|29.7|55.5|0.00|0.00|43.2791|23.3857
02|19|0|225|0.0|6.5|90|30.2|55.4|0.00|0.00|43.2788|24.1923
02|20|0|225|1.6|6.5|90|30.5|55.3|0.00|0.00|43.2804|24.1923
02|21|0|225|1.5|6.5|90|31.3|55.2|0.00|0.00|43.2804|24.9753
02|22|0|225|1.5|6.5|90|31.4|55.1|0.00|0.00|43.2809|24.9753
02|24|0|180|1.5|6.5|90|31.5|54.8|0.00|0.00|43.2808|24.1041
02|26|0|135|1.5|6.5|90|30.6|54.7|0.00|0.00|43.2802|23.3243
02|27|0|135|1.5|6.5|90|29.6|54.6|0.00|0.00|43.2773|22.5211
02|28|0|90|1.5|6.5|90|29.3|54.6|0.00|0.00|43.2772|22.5211
02|29|0|90|1.5|6.5|90|29.1|54.5|0.00|0.00|43.2778|22.5211
02|30|0|113|1.5|6.5|90|28.7|54.4|0.00|0.00|43.2761|21.6929
02|31|0|135|0.0|6.5|90|28.3|54.4|0.00|0.00|43.2759|21.6929
02|32|0|90|0.0|6.5|90|28.3|54.4|0.00|0.00|43.2758|21.6929
02|33|0|135|1.5|6.5|90|28.1|54.3|0.00|0.00|43.2745|21.6929
02|34|0|135|0.0|6.5|90|28.0|54.4|0.00|0.00|43.2744|21.6929
02|35|0|180|0.0|6.5|90|28.1|54.4|0.00|0.00|43.2743|21.6929
02|36|0|180|1.5|6.5|90|27.9|54.4|0.00|0.00|43.2739|20.8381
02|37|0|158|1.5|6.5|90|27.6|54.4|0.00|0.00|43.2765|20.8381
02|38|0|180|1.6|6.5|90|27.4|54.4|0.00|0.00|43.2735|20.8381
02|39|0|180|1.5|6.5|90|27.5|54.5|0.00|0.00|43.2736|20.8381
02|44|0|135|2.9|6.5|90|28.1|54.8|0.00|0.00|43.2744|21.6929
02|45|0|135|3.2|6.5|90|27.8|54.8|0.00|0.00|43.271|20.8381
02|46|0|113|1.5|6.5|90|27.5|54.8|0.00|0.00|43.2723|20.8381
02|47|0|135|1.5|6.5|90|27.3|54.8|0.00|0.00|43.2722|20.8381
02|48|0|180|1.6|6.5|90|26.5|55.0|0.00|0.00|43.2732|20.8087
02|49|0|135|0.0|6.5|90|26.2|55.0|0.00|0.00|43.2726|20.8087
02|50|0|90|1.6|6.5|90|25.1|55.0|0.00|0.00|43.2699|19.8908
02|51|0|90|1.5|6.5|90|24.1|55.1|0.00|0.00|43.2703|18.9398
02|52|0|135|0.0|6.5|90|23.5|55.2|0.00|0.00|43.2696|17.9529
02|53|0|135|1.5|6.5|90|23.7|55.2|0.00|0.00|43.2678|17.9529
02|55|0|180|0.0|6.5|90|22.9|55.3|0.00|0.00|43.2651|16.9271
02|57|0|135|1.5|6.5|90|22.9|55.5|0.00|0.00|43.267|16.9271
02|59|0|135|1.5|6.5|90|23.0|55.6|0.00|0.00|43.2672|17.9529
03|00|0|135|1.5|6.5|90|22.4|55.7|0.00|0.00|43.2681|16.9271
03|01|0|135|1.5|6.5|90|22.3|55.7|0.00|0.00|43.2649|16.9271
03|02|0|135|1.5|6.5|90|22.3|55.8|0.00|0.00|43.2689|16.9271
03|03|0|135|1.5|6.5|90|22.5|56.0|0.00|0.00|43.2678|17.765
03|04|0|135|0.0|6.5|90|22.8|56.0|0.00|0.00|43.2674|17.765
03|05|0|135|1.5|6.5|90|22.7|56.0|0.00|0.00|43.2682|17.765
03|06|0|135|1.5|6.5|90|22.6|56.1|0.00|0.00|43.2682|17.765
03|08|0|180|1.5|6.5|90|22.3|56.2|0.00|0.00|43.2692|17.765
03|09|0|135|1.5|6.5|90|22.0|56.3|0.00|0.00|43.2709|17.765
03|10|0|135|1.6|6.5|90|21.9|56.3|0.00|0.00|43.271|16.6926
03|11|0|45|1.5|6.5|90|21.9|56.4|0.00|0.00|43.2733|16.6926
03|12|0|270|0.0|6.5|90|21.2|56.4|0.00|0.00|43.273|16.6926
03|13|0|203|2.9|6.5|90|21.0|56.5|0.00|0.00|43.2784|16.6926
03|15|0|180|0.0|6.5|90|20.9|56.6|0.00|0.00|43.2805|15.5739
03|16|0|225|1.6|6.5|90|20.7|56.9|0.00|0.00|43.2828|15.5739
03|17|0|45|1.5|6.5|90|20.7|57.0|0.00|0.00|43.2846|16.4025
03|18|0|180|2.9|6.5|90|20.5|57.1|0.00|0.00|43.2864|16.4025
03|19|0|180|1.6|6.5|90|20.5|57.2|0.00|0.00|43.2863|16.4025
03|20|0|135|1.5|6.5|90|20.5|57.3|0.00|0.00|43.2864|16.4025
03|21|0|90|2.9|6.5|90|20.5|57.4|0.00|0.00|43.2828|16.4025
03|23|0|45|0.0|6.5|90|20.8|57.7|0.00|0.00|43.2856|16.4025
03|24|0|180|1.5|6.5|90|20.9|57.7|0.00|0.00|43.2865|16.4025
03|25|0|113|1.5|6.5|90|21.4|57.8|0.00|0.00|43.2884|17.5258
03|27|0|135|1.5|6.5|90|21.5|57.8|0.00|0.00|43.2886|17.5258
03|28|0|135|1.6|6.5|90|21.3|57.8|0.00|0.00|43.2885|17.5258
03|29|0|90|1.6|6.5|90|21.6|57.8|0.00|0.00|43.29|17.5258
03|30|0|90|1.6|6.5|90|21.9|57.8|0.00|0.00|43.2868|17.5258
03|31|0|180|2.9|6.5|90|21.6|57.8|0.00|0.00|43.2852|17.5258
03|32|0|113|1.6|6.5|90|21.4|57.7|0.00|0.00|43.2839|17.5258
03|33|0|90|2.9|6.5|90|21.4|57.7|0.00|0.00|43.2837|17.5258
03|34|0|135|2.9|6.5|90|21.5|57.7|0.00|0.00|43.2845|17.5258
03|35|0|135|3.2|6.5|90|21.8|57.7|0.00|0.00|43.287|17.5258
03|36|0|135|4.8|6.5|90|22.0|57.5|0.00|0.00|43.2863|18.6025
03|38|0|180|1.5|6.5|90|22.1|57.7|0.00|0.00|43.2887|18.6025
03|39|0|0|2.9|6.5|90|22.2|57.8|0.00|0.00|43.2886|18.6025
03|40|0|180|4.8|10.2|135|21.5|57.8|0.00|0.00|43.2861|17.5258
03|41|0|225|1.5|10.2|135|21.4|57.9|0.00|0.00|43.2887|17.5258
03|43|0|135|2.9|10.2|135|21.4|57.9|0.00|0.00|43.2874|17.5258
03|44|0|135|2.9|10.2|135|21.4|58.0|0.00|0.00|43.2874|18.3586
03|45|0|135|1.6|10.2|135|21.8|58.1|0.00|0.00|43.2871|18.3586
03|46|0|180|1.5|10.2|135|21.4|58.3|0.00|0.00|43.287|18.3586
03|47|0|135|2.9|10.2|135|21.5|58.3|0.00|0.00|43.2863|18.3586
03|48|0|158|4.4|10.2|135|21.1|58.4|0.00|0.00|43.2883|18.3586
03|49|0|248|2.9|10.2|135|20.9|58.3|0.00|0.00|43.2863|17.2308
03|50|0|90|3.2|10.2|135|21.0|58.3|0.00|0.00|43.2867|18.3586
03|53|0|158|1.5|10.2|135|20.8|58.5|0.00|0.00|43.2852|17.2308
03|54|0|158|8.1|11.6|135|20.5|58.5|0.00|0.00|43.2798|17.2308
03|55|0|180|4.4|11.6|135|20.1|58.8|0.00|0.00|43.2825|17.2308
03|56|0|135|2.9|11.6|135|20.1|58.9|0.00|0.00|43.279|17.2308
03|59|0|135|1.6|11.6|135|20.3|59.2|0.00|0.00|43.2777|18.0588
04|00|0|135|1.6|11.6|135|20.3|59.3|0.00|0.00|43.2782|18.0588
04|01|0|0|1.5|11.6|135|20.1|59.3|0.00|0.00|43.2788|18.0588
04|02|0|180|1.6|11.6|135|20.1|59.5|0.00|0.00|43.2816|18.0588
04|03|0|135|1.5|11.6|135|20.3|59.3|0.00|0.00|43.2837|18.0588
04|05|0|225|1.5|11.6|135|20.1|59.3|0.00|0.00|43.2838|18.0588
04|06|0|225|0.0|11.6|135|20.1|59.3|0.00|0.00|43.2883|18.0588
04|07|0|180|1.5|11.6|135|20.1|59.3|0.00|0.00|43.2903|18.0588
04|09|0|180|1.5|11.6|135|20.4|59.3|0.00|0.00|43.29|18.0588
04|10|0|158|4.4|11.6|135|20.5|59.3|0.00|0.00|43.294|18.0588
04|11|0|180|2.9|11.6|135|20.4|59.3|0.00|0.00|43.2955|18.0588
04|12|0|180|2.9|11.6|135|20.6|59.3|0.00|0.00|43.2947|18.0588
04|13|0|180|4.4|11.6|135|20.5|59.2|0.00|0.00|43.2959|18.0588
04|14|0|135|2.9|11.6|135|20.6|59.2|0.00|0.00|43.2973|18.0588
04|15|0|135|2.9|11.6|135|20.7|59.2|0.00|0.00|43.2978|18.0588
04|16|0|90|3.2|11.6|135|20.6|59.1|0.00|0.00|43.298|18.0588
04|17|0|158|1.5|11.6|135|20.0|59.1|0.00|0.00|43.299|18.0588
04|19|0|180|1.5|11.6|135|19.8|59.1|0.00|0.00|43.2979|16.875
04|20|0|135|4.8|11.6|135|19.7|59.2|0.00|0.00|43.2971|16.875
04|21|0|180|2.9|11.6|135|19.4|59.2|0.00|0.00|43.2949|16.875
04|22|0|180|2.9|11.6|135|19.1|59.2|0.00|0.00|43.296|16.875
04|23|0|180|2.9|11.6|135|19.0|59.2|0.00|0.00|43.2948|16.875
04|24|0|158|2.9|11.6|135|19.1|59.3|0.00|0.00|43.2936|16.875
04|25|0|135|4.4|11.6|135|19.0|59.3|0.00|0.00|43.2935|16.875
04|26|0|135|7.3|11.6|135|18.7|59.3|0.00|0.00|43.2929|15.6346
04|27|0|203|5.8|11.6|135|18.6|59.5|0.00|0.00|43.2928|15.6346
04|28|0|180|3.2|11.6|135|18.7|59.6|0.00|0.00|43.2938|15.6346
04|29|0|135|4.4|11.6|135|18.9|59.6|0.00|0.00|43.295|15.6346
04|30|0|135|2.9|11.6|135|18.9|59.6|0.00|0.00|43.2958|15.6346
04|31|0|135|1.5|11.6|135|19.0|59.6|0.00|0.00|43.2955|16.875
04|32|0|135|3.2|11.6|135|19.2|59.7|0.00|0.00|43.2998|16.875
04|34|0|180|4.4|11.6|135|19.0|59.6|0.00|0.00|43.2983|16.875
04|35|0|158|4.4|11.6|135|18.8|59.6|0.00|0.00|43.3|15.6346
04|36|0|135|4.8|11.6|135|18.9|59.6|0.00|0.00|43.3002|15.6346
04|37|0|135|2.9|11.6|135|18.6|59.5|0.00|0.00|43.3035|15.6346
04|38|0|225|2.9|11.6|135|18.5|59.5|0.00|0.00|43.3034|15.6346
04|39|0|225|1.5|11.6|135|18.4|59.5|0.00|0.00|43.306|15.6346
04|40|0|203|4.4|11.6|135|18.1|59.5|0.00|0.00|43.3093|15.6346
04|41|0|180|1.6|11.6|135|18.1|59.5|0.00|0.00|43.3093|15.6346
04|42|0|135|1.5|11.6|135|18.2|59.6|0.00|0.00|43.3091|15.6346
04|43|0|180|0.0|11.6|135|18.2|59.6|0.00|0.00|43.3097|15.6346
04|44|0|135|2.9|11.6|135|18.2|59.6|0.00|0.00|43.3084|15.6346
04|45|0|90|1.5|11.6|135|18.2|59.6|0.00|0.00|43.3116|15.6346
04|46|0|90|0.0|11.6|135|18.4|59.7|0.00|0.00|43.3118|15.6346
04|48|0|45|1.6|11.6|135|18.6|59.7|0.00|0.00|43.3107|15.6346
04|49|0|0|1.5|11.6|135|22.5|59.6|0.00|0.00|43.3132|20.2766
04|50|0|315|1.6|11.6|135|23.6|59.6|0.00|0.00|43.313|21.3191
04|51|0|270|1.5|11.6|135|24.0|59.5|0.00|0.00|43.3192|22.3222
04|52|0|315|1.5|11.6|135|23.4|59.1|0.00|0.00|43.3203|21.3191
04|53|0|315|1.5|11.6|135|24.0|58.8|0.00|0.00|43.3237|21.477
04|54|0|315|1.5|11.6|135|26.2|58.5|0.00|0.00|43.3215|23.3689
04|55|0|315|2.9|11.6|135|29.7|58.2|0.00|0.00|43.3198|25.9779
04|56|0|315|0.0|11.6|135|30.5|57.9|0.00|0.00|43.3235|25.9273
04|57|0|0|1.5|11.6|135|29.8|57.4|0.00|0.00|43.3207|25.1141
04|58|0|0|4.4|11.6|135|26.1|57.0|0.00|0.00|43.3163|22.5158
04|59|0|0|4.8|11.6|135|23.9|56.6|0.00|0.00|43.3159|18.7949
05|02|0|315|1.5|11.6|135|24.9|56.2|0.00|0.00|43.3123|19.7858
05|03|0|315|1.5|11.6|135|24.9|56.2|0.00|0.00|43.3133|19.7858
05|04|0|315|1.5|11.6|135|25.4|56.1|0.00|0.00|43.3119|20.7408
05|05|0|315|0.0|11.6|135|25.4|56.1|0.00|0.00|43.313|20.7408
05|06|0|90|2.9|11.6|135|25.3|56.0|0.00|0.00|43.3119|20.7408
05|07|0|90|1.6|11.6|135|25.4|55.8|0.00|0.00|43.312|19.8908
05|08|0|135|1.6|11.6|135|25.8|55.7|0.00|0.00|43.311|19.8908
05|09|0|90|4.4|11.6|135|25.0|55.6|0.00|0.00|43.3105|19.8908
05|11|0|90|2.9|11.6|135|23.1|55.7|0.00|0.00|43.3095|17.9529
05|13|0|135|2.9|11.6|135|23.2|56.0|0.00|0.00|43.3077|18.7949
05|15|0|90|4.4|11.6|135|23.1|56.1|0.00|0.00|43.3105|18.7949
05|16|0|113|5.8|11.6|135|22.7|56.1|0.00|0.00|43.3099|17.765
05|17|0|90|1.5|11.6|135|22.8|56.2|0.00|0.00|43.3094|17.765
05|18|0|225|1.6|11.6|135|22.9|56.3|0.00|0.00|43.3102|17.765
05|20|0|180|5.8|11.6|135|22.6|56.4|0.00|0.00|43.3134|17.765
05|21|0|135|3.2|11.6|135|22.5|56.4|0.00|0.00|43.3135|17.765
05|22|0|135|5.8|11.6|135|22.3|56.5|0.00|0.00|43.3151|17.765
05|23|0|90|1.5|11.6|135|22.3|56.5|0.00|0.00|43.3138|17.765
05|24|0|90|1.5|11.6|135|21.7|56.5|0.00|0.00|43.3116|16.6926
05|25|0|179|3.2|11.6|135|21.4|56.6|0.00|0.00|43.3126|16.6926
05|26|0|135|3.2|11.6|135|21.5|56.6|0.00|0.00|43.3118|16.6926
05|27|0|135|4.4|11.6|135|20.9|56.7|0.00|0.00|43.3135|15.5739
05|28|0|135|2.9|11.6|135|20.9|56.9|0.00|0.00|43.317|15.5739
05|29|0|158|4.8|11.6|135|21.4|57.0|0.00|0.00|43.3162|17.5258
05|30|0|135|3.2|11.6|135|21.3|57.1|0.00|0.00|43.3146|17.5258
05|32|0|158|6.4|11.6|135|21.2|57.2|0.00|0.00|43.3152|17.5258
05|33|0|135|5.8|11.6|135|21.5|57.2|0.00|0.00|43.3147|17.5258
05|34|0|158|7.3|11.6|135|21.0|57.3|0.00|0.00|43.3157|17.5258
05|35|0|135|7.3|11.6|135|20.9|57.3|0.00|0.00|43.3189|16.4025
05|36|0|180|5.8|11.6|135|20.9|57.4|0.00|0.00|43.3198|16.4025
05|37|0|180|7.3|11.6|135|20.6|57.4|0.00|0.00|43.3207|16.4025
05|38|0|135|1.6|11.6|135|20.4|57.5|0.00|0.00|43.323|16.4025
05|40|0|90|2.9|11.6|135|20.1|57.7|0.00|0.00|43.3235|16.4025
05|41|0|90|3.2|11.6|135|20.0|57.7|0.00|0.00|43.3241|16.4025
05|42|0|45|1.6|11.6|135|20.2|57.8|0.00|0.00|43.3237|16.4025
05|43|0|180|2.9|11.6|135|20.5|57.8|0.00|0.00|43.324|16.4025
05|44|0|180|1.6|11.6|135|20.9|57.8|0.00|0.00|43.3218|16.4025
05|45|0|180|1.6|11.6|135|23.5|57.7|0.00|0.00|43.322|19.6366
05|46|0|225|2.9|11.6|135|24.8|57.7|0.00|0.00|43.3243|20.6316
05|47|0|180|2.9|11.6|135|22.8|57.5|0.00|0.00|43.3226|18.6025
05|49|0|180|3.2|11.6|135|21.2|57.4|0.00|0.00|43.3234|17.5258
05|51|0|135|5.8|11.6|135|20.6|57.4|0.00|0.00|43.3212|16.4025
05|52|0|180|4.4|11.6|135|20.7|57.4|0.00|0.00|43.3204|16.4025
05|53|0|180|5.8|11.6|135|21.1|57.5|0.00|0.00|43.3217|17.5258
05|54|0|225|4.8|11.6|135|20.5|57.5|0.00|0.00|43.3213|16.4025
05|56|0|135|4.4|11.6|135|19.8|57.8|0.00|0.00|43.3242|15.2282
05|57|0|135|5.8|11.6|135|19.9|58.0|0.00|0.00|43.3269|16.0518
05|58|0|135|4.4|11.6|135|19.7|58.0|0.00|0.00|43.3252|16.0518
05|59|0|135|1.6|11.6|135|19.9|58.2|0.00|0.00|43.3263|16.0518
06|00|0|113|3.2|11.6|135|19.8|58.3|0.00|0.00|43.3262|16.0518
06|01|0|90|2.9|11.6|135|19.6|58.3|0.00|0.00|43.3241|16.0518
06|02|0|135|1.5|11.6|135|19.9|58.3|0.00|0.00|43.3267|16.0518
06|03|0|135|4.4|11.6|135|20.8|58.3|0.00|0.00|43.3287|17.2308
06|04|0|180|1.5|11.6|135|21.3|58.2|0.00|0.00|43.3293|18.3586
06|06|0|135|3.2|11.6|135|21.2|58.1|0.00|0.00|43.3312|18.3586
06|08|0|90|1.5|11.6|135|21.4|58.0|0.00|0.00|43.3303|18.3586
06|09|0|135|1.5|11.6|135|20.9|57.9|0.00|0.00|43.3318|16.4025
06|10|0|90|1.6|11.6|135|20.8|57.9|0.00|0.00|43.3339|16.4025
06|11|0|90|0.0|11.6|135|20.9|57.9|0.00|0.00|43.3338|16.4025
06|12|0|135|0.0|11.6|135|20.9|57.9|0.00|0.00|43.3329|16.4025
06|13|0|45|1.6|11.6|135|21.0|57.8|0.00|0.00|43.3291|17.5258
06|14|0|90|2.9|11.6|135|21.2|57.8|0.00|0.00|43.3292|17.5258
06|16|0|135|1.5|11.6|135|21.2|57.8|0.00|0.00|43.3319|17.5258
06|17|0|90|0.0|11.6|135|21.6|57.7|0.00|0.00|43.3296|17.5258
06|18|0|225|1.5|11.6|135|21.8|57.5|0.00|0.00|43.3291|17.5258
06|20|0|135|1.5|11.6|135|22.5|57.3|0.00|0.00|43.3273|18.6025
06|21|0|180|2.9|11.6|135|22.4|57.2|0.00|0.00|43.3267|18.6025
06|22|0|135|2.9|11.6|135|22.0|57.1|0.00|0.00|43.3268|18.6025
06|23|0|135|2.9|11.6|135|22.7|57.1|0.00|0.00|43.3282|18.6025
06|24|0|135|1.6|11.6|135|22.4|57.0|0.00|0.00|43.3293|18.6025
06|25|0|180|0.0|11.6|135|22.4|57.0|0.00|0.00|43.3276|18.6025
06|26|0|270|0.0|11.6|135|22.2|57.0|0.00|0.00|43.3281|18.6025
06|28|0|45|1.5|11.6|135|22.0|57.0|0.00|0.00|43.3303|18.6025
06|29|0|90|1.6|11.6|135|21.5|57.0|0.00|0.00|43.3284|17.5258
06|31|0|0|1.6|11.6|135|21.7|57.0|0.00|0.00|43.3314|17.5258
06|32|0|90|1.6|11.6|135|22.0|57.0|0.00|0.00|43.3314|18.6025
06|33|0|90|1.5|11.6|135|22.3|57.1|0.00|0.00|43.3338|18.6025
06|34|0|135|0.0|11.6|135|22.5|57.1|0.00|0.00|43.333|18.6025
06|35|0|180|1.6|11.6|135|22.9|57.2|0.00|0.00|43.3338|18.6025
06|36|0|135|1.6|11.6|135|22.0|57.2|0.00|0.00|43.3332|18.6025
06|37|0|135|2.9|11.6|135|22.1|57.2|0.00|0.00|43.3338|18.6025
06|38|0|180|0.0|11.6|135|22.2|57.3|0.00|0.00|43.3362|18.6025
06|39|0|135|2.9|11.6|135|22.4|57.4|0.00|0.00|43.3348|18.6025
06|42|0|135|0.0|11.6|135|22.0|57.8|0.00|0.00|43.3396|18.6025
06|43|0|135|1.6|11.6|135|22.4|57.9|0.00|0.00|43.3402|18.6025
06|44|0|135|1.5|11.6|135|22.2|58.0|0.00|0.00|43.3437|19.4397
06|46|0|135|0.0|11.6|135|22.1|58.1|0.00|0.00|43.3466|19.4397
06|47|0|135|1.6|11.6|135|21.9|58.2|0.00|0.00|43.3458|18.3586
06|48|0|45|1.6|11.6|135|21.7|58.3|0.00|0.00|43.3469|18.3586
06|49|0|135|2.9|11.6|135|21.7|58.5|0.00|0.00|43.3488|18.3586
06|50|0|180|1.5|11.6|135|21.3|58.7|0.00|0.00|43.3488|18.3586
06|51|0|225|1.5|11.6|135|21.0|58.9|0.00|0.00|43.3482|18.3586
06|52|0|225|2.9|11.6|135|21.0|59.0|0.00|0.00|43.348|19.1912
06|53|0|0|1.6|11.6|135|21.9|59.1|0.00|0.00|43.352|19.1912
06|54|0|0|1.6|11.6|135|27.0|59.2|0.00|0.00|43.3522|25.1235
06|55|0|135|0.0|11.6|135|25.1|59.3|0.00|0.00|43.3531|23.2888
06|56|0|135|0.0|11.6|135|25.0|59.3|0.00|0.00|43.3523|23.2888
06|57|0|180|1.5|11.6|135|25.1|59.5|0.00|0.00|43.3523|23.2888
06|59|0|180|2.9|11.6|135|23.8|59.5|0.00|0.00|43.3527|21.3191
07|00|0|135|2.9|11.6|135|23.2|59.5|0.00|0.00|43.3557|21.3191
07|01|0|135|1.5|11.6|135|23.1|59.5|0.00|0.00|43.3527|21.3191
07|02|0|90|2.9|11.6|135|22.7|59.6|0.00|0.00|43.3498|20.2766
07|03|0|135|0.0|11.6|135|22.6|59.6|0.00|0.00|43.3496|20.2766
07|04|0|90|0.0|11.6|135|22.9|59.6|0.00|0.00|43.3485|20.2766
07|05|0|135|0.0|11.6|135|22.9|59.7|0.00|0.00|43.3458|20.2766
07|06|0|135|4.4|11.6|135|23.1|59.8|0.00|0.00|43.3461|21.3191
07|07|0|180|1.6|11.6|135|22.5|59.9|0.00|0.00|43.3457|20.2766
07|09|0|135|1.5|11.6|135|22.7|60.1|0.00|0.00|43.3479|21.1132
07|10|0|135|0.0|11.6|135|22.6|60.2|0.00|0.00|43.3467|21.1132
07|11|0|90|1.5|11.6|135|22.3|60.3|0.00|0.00|43.3466|21.1132
07|12|0|158|1.5|11.6|135|21.6|60.5|0.00|0.00|43.3446|20.0234
07|14|0|180|1.5|11.6|135|21.8|60.7|0.00|0.00|43.3444|20.0234
07|15|0|135|2.9|11.6|135|21.6|60.8|0.00|0.00|43.3474|20.0234
07|16|0|135|2.9|11.6|135|21.3|61.0|0.00|0.00|43.3469|20.8552
07|18|0|90|3.2|11.6|135|20.8|61.2|0.00|0.00|43.3439|19.7138
07|19|0|90|0.0|11.6|135|20.6|61.4|0.00|0.00|43.3461|19.7138
07|20|0|90|2.9|11.6|135|21.1|61.6|0.00|0.00|43.3457|20.8552
07|21|0|135|2.9|11.6|135|20.5|61.7|0.00|0.00|43.3468|19.7138
07|22|0|135|1.5|11.6|135|20.4|61.8|0.00|0.00|43.3496|19.7138
07|23|0|135|1.5|11.6|135|20.5|61.9|0.00|0.00|43.3492|19.7138
07|24|0|180|1.5|11.6|135|21.1|62.2|0.00|0.00|43.35|21.6868
07|25|0|135|1.5|11.6|135|20.7|62.3|0.00|0.00|43.3498|20.5408
07|26|0|135|1.5|11.6|135|20.4|62.4|0.00|0.00|43.3497|20.5408
07|27|0|180|0.0|11.6|135|20.9|62.5|0.00|0.00|43.3506|20.5408
07|28|0|135|1.6|11.6|135|21.0|62.6|0.00|0.00|43.3505|21.6868
07|29|0|135|1.5|11.6|135|20.8|62.7|0.00|0.00|43.3527|20.5408
07|30|0|113|1.5|11.6|135|21.1|62.8|0.00|0.00|43.3509|21.6868
07|32|0|180|0.0|11.6|135|20.7|62.9|0.00|0.00|43.3482|20.5408
07|33|0|90|1.5|11.6|135|20.7|63.0|0.00|0.00|43.348|21.3675
07|34|0|135|0.0|11.6|135|20.4|63.2|0.00|0.00|43.3472|21.3675
07|35|0|180|1.5|11.6|135|20.8|63.4|0.00|0.00|43.3503|21.3675
07|36|0|45|1.5|11.6|135|20.6|63.5|0.00|0.00|43.3514|21.3675
07|37|0|90|1.5|11.6|135|20.7|63.5|0.00|0.00|43.3497|21.3675
07|38|0|90|4.4|11.6|135|20.3|63.5|0.00|0.00|43.3495|21.3675
07|39|0|180|4.4|11.6|135|20.6|63.5|0.00|0.00|43.3489|21.3675
07|40|0|180|1.5|11.6|135|20.5|63.6|0.00|0.00|43.3496|21.3675
07|41|0|135|2.9|11.6|135|20.3|63.6|0.00|0.00|43.3493|21.3675
07|42|0|180|1.5|11.6|135|20.3|63.7|0.00|0.00|43.3513|21.3675
07|45|0|135|4.8|11.6|135|20.4|63.7|0.00|0.00|43.352|21.3675
07|46|0|180|4.8|11.6|135|19.9|63.6|0.00|0.00|43.3518|20.1647
07|47|0|203|6.4|11.6|135|19.6|63.6|0.00|0.00|43.3508|20.1647
07|49|0|180|5.8|11.6|135|19.4|63.5|0.00|0.00|43.3512|20.1647
07|50|0|180|2.9|11.6|135|19.8|63.5|0.00|0.00|43.3524|20.1647
07|51|0|135|5.8|11.6|135|20.1|63.6|0.00|0.00|43.3512|21.3675
07|52|0|135|4.4|11.6|135|19.9|63.5|0.00|0.00|43.3507|20.1647
07|53|0|135|4.4|11.6|135|19.9|63.6|0.00|0.00|43.3534|20.1647
07|54|0|180|4.4|11.6|135|20.0|63.6|0.00|0.00|43.352|21.3675
07|56|0|225|4.4|11.6|135|20.0|63.8|0.00|0.00|43.3524|21.3675
07|57|0|180|1.5|11.6|135|19.7|64.0|0.00|0.00|43.3545|20.9863
07|58|0|135|1.6|11.6|135|19.9|64.1|0.00|0.00|43.3553|20.9863
08|00|0|180|2.9|11.6|135|19.9|64.1|0.00|0.00|43.3535|20.9863
08|01|0|225|2.9|11.6|135|19.6|64.2|0.00|0.00|43.3514|20.9863
08|02|0|158|4.4|11.6|135|19.6|64.2|0.00|0.00|43.3543|20.9863
08|04|0|135|1.5|11.6|135|20.0|64.3|0.00|0.00|43.3539|22.1938
08|05|0|225|3.2|11.6|135|20.2|64.4|0.00|0.00|43.3539|22.1938
08|06|0|135|1.5|11.6|135|20.4|64.5|0.00|0.00|43.3527|22.1938
08|07|0|135|2.9|11.6|135|20.4|64.6|0.00|0.00|43.3534|22.1938
08|08|0|180|2.9|11.6|135|20.5|64.6|0.00|0.00|43.3553|22.1938
08|09|0|135|2.9|11.6|135|20.3|64.7|0.00|0.00|43.3544|22.1938
08|10|0|180|2.9|11.6|135|20.2|64.7|0.00|0.00|43.354|22.1938
08|11|0|135|1.5|11.6|135|20.2|64.9|0.00|0.00|43.3523|22.1938
08|12|0|180|2.9|11.6|135|20.9|65.0|0.00|0.00|43.3527|23.0199
08|13|0|203|1.5|11.6|135|21.3|65.2|0.00|0.00|43.3513|24.1796
08|15|0|135|2.9|11.6|135|21.4|65.4|0.00|0.00|43.3522|24.1796
08|16|0|135|2.9|11.6|135|21.4|65.6|0.00|0.00|43.3523|24.1796
08|17|0|135|3.2|11.6|135|20.4|65.8|0.00|0.00|43.3529|23.0199
08|18|0|180|2.9|11.6|135|20.5|65.9|0.00|0.00|43.3531|23.0199
08|19|0|90|1.6|11.6|135|20.6|66.1|0.00|0.00|43.355|23.8455
08|20|0|90|2.9|11.6|135|19.8|66.2|0.00|0.00|43.3569|22.6284
08|21|0|158|2.9|11.6|135|19.4|66.3|0.00|0.00|43.3568|22.6284
08|22|0|90|2.9|11.6|135|19.8|66.4|0.00|0.00|43.3567|22.6284
08|23|0|68|1.5|11.6|135|20.0|66.7|0.00|0.00|43.3556|23.8455
08|24|0|90|0.0|11.6|135|19.3|66.9|0.00|0.00|43.3541|22.6284
08|25|0|135|1.6|11.6|135|19.6|67.0|0.00|0.00|43.3512|23.449
08|26|0|45|1.5|11.6|135|19.6|67.2|0.00|0.00|43.3482|23.449
08|27|0|135|2.9|11.6|135|19.9|67.3|0.00|0.00|43.3495|23.449
08|28|0|225|1.5|11.6|135|20.7|67.4|0.00|0.00|43.3485|24.6709
08|30|0|135|2.9|11.6|135|19.7|67.6|0.00|0.00|43.3489|23.449
08|31|0|90|0.0|11.6|135|18.9|67.7|0.00|0.00|43.348|22.1687
08|32|0|45|2.9|11.6|135|20.6|67.7|0.00|0.00|43.3485|24.6709
08|33|0|45|1.5|11.6|135|21.5|67.8|0.00|0.00|43.3458|25.8398
08|34|0|45|3.2|11.6|135|21.2|67.9|0.00|0.00|43.3463|25.8398
08|35|0|45|1.5|11.6|135|20.8|68.0|0.00|0.00|43.3446|25.496
08|36|0|45|0.0|11.6|135|20.4|68.1|0.00|0.00|43.3405|25.496
08|37|0|0|1.5|11.6|135|21.6|68.1|0.00|0.00|43.3427|26.6695
08|39|0|45|1.5|11.6|135|20.9|68.2|0.00|0.00|43.3426|25.496
08|42|0|45|2.9|11.6|135|19.7|68.2|0.00|0.00|43.3418|24.2692
08|43|0|90|2.9|11.6|135|19.5|68.2|0.00|0.00|43.3417|24.2692
08|44|0|90|0.0|11.6|135|21.0|68.1|0.00|0.00|43.3414|26.6695
08|45|0|90|4.8|11.6|135|20.1|68.0|0.00|0.00|43.3418|25.496
08|46|0|113|4.4|11.6|135|19.3|67.9|0.00|0.00|43.3408|23.449
08|47|0|270|0.0|11.6|135|19.7|67.8|0.00|0.00|43.3408|23.449
08|48|0|90|3.2|11.6|135|20.2|67.8|0.00|0.00|43.3397|24.6709
08|49|0|90|2.9|11.6|135|20.6|67.9|0.00|0.00|43.3413|24.6709
08|50|0|315|1.5|11.6|135|19.6|68.0|0.00|0.00|43.3401|24.2692
08|51|0|0|1.5|11.6|135|19.8|68.1|0.00|0.00|43.3409|24.2692
08|52|0|45|1.5|11.6|135|20.7|68.2|0.00|0.00|43.3392|25.496
08|53|0|90|2.9|11.6|135|20.6|68.3|0.00|0.00|43.3404|25.496
08|54|0|315|0.0|11.6|135|19.0|68.5|0.00|0.00|43.3401|24.2692
08|55|0|315|1.5|11.6|135|19.0|68.6|0.00|0.00|43.3417|24.2692
08|56|0|0|2.9|11.6|135|20.5|68.8|0.00|0.00|43.3436|25.496
08|58|0|45|2.9|11.6|135|22.3|68.9|0.00|0.00|43.342|27.7945
08|59|0|0|1.6|11.6|135|21.7|69.1|0.00|0.00|43.3446|27.4988
09|00|0|23|1.5|11.6|135|21.0|69.2|0.00|0.00|43.3455|27.4988
09|02|0|315|1.5|11.6|135|22.3|69.5|0.00|0.00|43.3485|28.6283
09|03|0|0|0.0|11.6|135|21.4|69.6|0.00|0.00|43.348|27.4988
09|04|0|45|1.5|11.6|135|20.6|69.7|0.00|0.00|43.3499|26.3207
09|05|0|0|2.9|11.6|135|21.7|69.8|0.00|0.00|43.3523|27.4988
09|06|0|90|1.5|11.6|135|19.7|70.0|0.00|0.00|43.3538|25.9087
09|07|0|90|1.6|11.6|135|19.0|70.1|0.00|0.00|43.3519|25.9087
09|08|0|90|0.0|11.6|135|18.7|70.3|0.00|0.00|43.3525|24.6133
09|10|0|0|1.5|11.6|135|19.1|70.4|0.00|0.00|43.3515|25.9087
09|11|0|0|1.5|11.6|135|19.7|70.6|0.00|0.00|43.3514|25.9087
09|12|0|315|0.0|11.6|135|18.7|70.7|0.00|0.00|43.3515|24.6133
09|13|0|0|1.5|11.6|135|18.7|70.9|0.00|0.00|43.3459|24.6133
09|14|0|0|0.0|11.6|135|18.3|71.0|0.00|0.00|43.3466|25.4275
09|15|0|90|1.5|11.6|135|17.9|71.4|0.00|0.00|43.3505|24.0614
09|16|0|135|0.0|11.6|135|17.8|71.6|0.00|0.00|43.3486|24.0614
09|17|0|315|1.6|11.6|135|17.8|71.7|0.00|0.00|43.348|24.0614
09|18|0|315|4.4|11.6|135|20.1|71.8|0.00|0.00|43.3498|27.9691
09|19|0|270|1.5|11.6|135|19.9|71.9|0.00|0.00|43.3489|26.7279
09|21|0|315|4.8|11.6|135|21.2|71.9|0.00|0.00|43.3467|29.1565
09|22|0|270|1.5|11.6|135|20.2|71.9|0.00|0.00|43.3484|27.9691
09|23|0|315|2.9|11.6|135|20.3|71.9|0.00|0.00|43.3493|27.9691
09|24|0|315|4.8|11.6|135|20.1|71.8|0.00|0.00|43.3489|27.9691
09|25|0|315|3.2|11.6|135|19.6|71.7|0.00|0.00|43.348|26.7279
09|26|0|0|4.4|11.6|135|20.2|71.6|0.00|0.00|43.3488|27.9691
09|27|0|315|3.2|11.6|135|21.6|71.6|0.00|0.00|43.3501|29.1565
09|28|0|315|3.2|11.6|135|22.2|71.5|0.00|0.00|43.3488|30.2948
09|29|0|315|2.9|11.6|135|21.5|71.5|0.00|0.00|43.348|29.1565
09|31|0|315|5.8|11.6|135|22.3|71.4|0.00|0.00|43.3493|30.2948
09|32|0|315|4.8|11.6|135|23.1|71.3|0.00|0.00|43.3465|31.3883
09|33|0|315|4.4|11.6|135|25.3|71.3|0.00|0.00|43.3458|33.4547
09|34|0|315|2.9|11.6|135|23.6|71.3|0.00|0.00|43.3469|31.3883
09|35|0|270|2.9|11.6|135|23.8|71.2|0.00|0.00|43.3464|31.3883
09|36|0|315|4.4|11.6|135|23.4|71.0|0.00|0.00|43.3426|31.3883
09|37|0|315|5.8|11.6|135|24.0|70.8|0.00|0.00|43.3441|31.599
09|39|0|0|2.9|11.6|135|22.2|70.8|0.00|0.00|43.3436|29.4617
09|40|0|270|2.9|11.6|135|23.7|70.8|0.00|0.00|43.3418|30.5509
09|41|0|315|3.2|11.6|135|23.3|70.8|0.00|0.00|43.3412|30.5509
09|42|0|270|4.4|11.6|135|22.5|70.7|0.00|0.00|43.3396|29.4617
09|43|0|315|2.9|11.6|135|22.9|70.7|0.00|0.00|43.341|29.4617
09|44|0|270|4.4|11.6|135|22.5|70.7|0.00|0.00|43.3411|29.4617
09|45|0|315|4.4|11.6|135|23.7|70.7|0.00|0.00|43.3417|30.5509
09|46|0|225|2.9|11.6|135|21.8|70.8|0.00|0.00|43.3413|28.3278
09|47|0|315|6.4|11.6|135|22.4|70.9|0.00|0.00|43.3421|29.4617
09|48|0|315|7.3|11.6|135|22.2|70.9|0.00|0.00|43.3404|29.4617
09|50|0|270|4.8|11.6|135|21.8|70.8|0.00|0.00|43.3424|28.3278
09|51|0|315|2.9|11.6|135|23.5|70.9|0.00|0.00|43.3417|30.5509
09|52|0|315|2.9|11.6|135|26.6|71.0|0.00|0.00|43.3421|34.4336
09|53|0|315|3.2|11.6|135|25.5|71.0|0.00|0.00|43.3417|33.4547
09|54|0|315|2.9|11.6|135|23.6|71.3|0.00|0.00|43.3407|31.3883
09|55|0|315|5.8|11.6|135|24.0|71.4|0.00|0.00|43.341|32.4405
09|56|0|315|4.8|11.6|135|20.4|71.4|0.00|0.00|43.3418|27.9691
09|57|0|0|4.4|11.6|135|21.6|71.4|0.00|0.00|43.3403|29.1565
09|58|0|315|7.3|11.6|135|22.1|71.4|0.00|0.00|43.3409|30.2948
10|00|0|315|7.3|11.6|135|21.1|71.4|0.00|0.00|43.3401|29.1565
10|01|0|315|4.4|11.6|135|22.8|71.4|0.00|0.00|43.341|30.2948
10|02|0|315|3.2|11.6|135|23.1|71.5|0.00|0.00|43.3392|31.3883
10|03|0|315|4.4|11.6|135|23.4|71.5|0.00|0.00|43.3412|31.3883
10|04|0|315|4.4|11.6|135|24.0|71.6|0.00|0.00|43.342|32.4405
10|05|0|315|6.4|11.6|135|21.6|71.6|0.00|0.00|43.3397|29.1565
10|06|0|315|6.4|11.6|135|22.7|71.7|0.00|0.00|43.3387|30.2948
10|07|0|270|3.2|11.6|135|23.4|71.8|0.00|0.00|43.3396|31.3883
10|08|0|315|2.9|11.6|135|23.2|71.9|0.00|0.00|43.3404|31.3883
10|09|0|315|4.4|11.6|135|24.6|72.2|0.00|0.00|43.3416|33.2818
10|10|0|0|4.4|11.6|135|23.7|72.3|0.00|0.00|43.3442|32.2254
10|11|0|315|4.8|11.6|135|22.4|72.5|0.00|0.00|43.3439|31.1277
10|13|0|270|4.8|11.6|135|20.7|72.5|0.00|0.00|43.3421|28.7928
10|14|0|315|4.8|11.6|135|22.7|72.7|0.00|0.00|43.3414|31.1277
10|15|0|315|4.8|11.6|135|23.1|72.8|0.00|0.00|43.3417|32.2254
10|16|0|315|4.4|11.6|135|20.7|73.0|0.00|0.00|43.3376|29.6162
10|17|0|0|4.4|11.6|135|20.8|73.1|0.00|0.00|43.3357|29.6162
10|18|0|315|5.8|11.6|135|21.5|73.2|0.00|0.00|43.3363|30.8129
10|19|0|315|4.4|11.6|135|20.9|73.4|0.00|0.00|43.3388|29.6162
10|21|0|315|5.8|11.6|135|20.8|73.6|0.00|0.00|43.3361|29.6162
10|22|0|315|5.8|11.6|135|21.4|73.7|0.00|0.00|43.3362|30.8129
10|23|0|315|7.3|11.6|135|22.2|73.9|0.00|0.00|43.3354|31.9602
10|24|0|315|4.4|11.6|135|22.3|74.0|0.00|0.00|43.3355|32.7924
10|25|0|270|4.4|11.6|135|22.1|74.2|0.00|0.00|43.3373|32.7924
10|26|0|315|4.4|11.6|135|22.0|74.3|0.00|0.00|43.3362|32.7924
10|27|0|315|3.2|11.6|135|20.5|74.4|0.00|0.00|43.3389|30.4393
10|29|0|315|4.4|11.6|135|19.0|74.6|0.00|0.00|43.3387|29.1837
10|30|0|315|4.4|11.6|135|20.9|74.6|0.00|0.00|43.3355|30.4393
10|31|0|0|2.9|11.6|135|23.4|74.9|0.00|0.00|43.3396|33.8987
10|32|0|315|3.2|11.6|135|22.9|75.0|0.00|0.00|43.3385|33.6243
10|33|0|0|5.8|11.6|135|21.4|75.2|0.00|0.00|43.3371|32.468
10|35|0|315|4.4|11.6|135|22.9|75.4|0.00|0.00|43.3353|33.6243
10|36|0|315|7.3|11.6|135|21.2|75.5|0.00|0.00|43.3347|32.468
10|37|0|0|5.8|11.6|135|21.5|75.7|0.00|0.00|43.3342|32.468
10|40|0|338|5.8|11.6|135|21.0|76.0|0.00|0.00|43.3345|33.2951
10|41|0|315|5.8|11.6|135|20.6|76.1|0.00|0.00|43.3347|32.0845
10|42|0|0|4.4|11.6|135|19.9|76.1|0.00|0.00|43.3353|30.8191
10|43|0|315|4.4|11.6|135|21.0|76.2|0.00|0.00|43.3353|33.2951
10|45|0|0|1.6|11.6|135|20.1|76.3|0.00|0.00|43.3324|32.0845
10|46|0|0|5.8|11.6|135|20.0|76.4|0.00|0.00|43.3298|32.0845
10|47|0|315|3.2|11.6|135|21.0|76.6|0.00|0.00|43.3275|33.2951
10|48|0|270|5.8|11.6|135|20.5|76.7|0.00|0.00|43.327|32.0845
10|49|0|315|4.4|11.6|135|18.0|76.7|0.00|0.00|43.3229|29.4934
10|51|0|315|2.9|11.6|135|21.5|77.0|0.00|0.00|43.3217|34.1219
10|53|0|315|4.4|11.6|135|20.4|77.2|0.00|0.00|43.3203|32.9066
10|54|0|0|4.4|11.6|135|19.7|77.5|0.00|0.00|43.322|31.6364
10|55|0|315|3.2|11.6|135|19.4|77.6|0.00|0.00|43.3204|31.6364
10|56|0|45|5.8|11.6|135|18.6|77.8|0.00|0.00|43.3207|30.3056
10|57|0|315|8.7|11.6|135|19.2|77.8|0.00|0.00|43.3191|31.6364
10|59|0|0|1.6|11.6|135|16.6|77.9|0.00|0.00|43.3187|27.435
11|00|0|315|2.9|11.6|135|18.4|78.1|0.00|0.00|43.3186|31.1174
11|02|0|0|4.8|11.6|135|17.7|78.4|0.00|0.00|43.3199|29.7141
11|03|0|0|4.4|11.6|135|18.0|78.5|0.00|0.00|43.3194|31.1174
11|04|0|0|7.3|11.6|135|15.8|78.5|0.00|0.00|43.3191|26.6734
11|06|0|45|2.9|11.6|135|16.0|78.4|0.00|0.00|43.3194|28.2359
11|07|0|0|1.5|11.6|135|15.1|78.5|0.00|0.00|43.3198|26.6734
11|08|0|315|5.8|11.6|135|16.5|78.6|0.00|0.00|43.3198|28.2359
11|09|0|0|6.4|11.6|135|14.7|78.5|0.00|0.00|43.318|25.0159
11|10|0|0|5.8|11.6|135|13.1|78.4|0.00|0.00|43.3177|23.2498
11|11|0|45|2.9|11.6|135|14.8|78.4|0.00|0.00|43.317|25.0159
11|12|0|0|5.8|11.6|135|14.6|78.2|0.00|0.00|43.3156|25.0159
11|13|0|45|4.8|11.6|135|14.0|78.1|0.00|0.00|43.3138|25.0159
11|14|0|0|13.1|13.1|0|13.5|78.0|0.00|0.00|43.3097|23.2498
11|15|0|0|2.9|13.1|0|14.2|77.9|0.00|0.00|43.3103|24.2271
11|16|0|315|4.8|13.1|0|15.3|78.0|0.00|0.00|43.3149|26.6734
11|17|0|0|5.8|13.1|0|15.4|78.0|0.00|0.00|43.3117|26.6734
11|19|0|315|5.8|13.1|0|16.2|78.0|0.00|0.00|43.3125|28.2359
11|20|0|270|6.5|13.1|0|16.9|78.1|0.00|0.00|43.3103|28.2359
11|21|0|0|7.3|13.1|0|16.7|78.4|0.00|0.00|43.3125|28.2359
11|22|0|0|12.9|13.1|0|14.5|78.4|0.00|0.00|43.3092|25.0159
11|23|0|315|7.3|14.5|0|16.0|78.2|0.00|0.00|43.3132|28.2359
11|24|0|0|8.7|14.5|0|16.4|78.2|0.00|0.00|43.3123|28.2359
11|25|0|315|9.7|14.5|0|16.2|78.1|0.00|0.00|43.3105|28.2359
11|26|0|315|7.3|14.5|0|17.0|78.2|0.00|0.00|43.3112|29.7141
11|28|0|315|10.2|14.5|0|15.5|78.2|0.00|0.00|43.3067|26.6734
11|29|0|315|4.4|14.5|0|16.7|78.4|0.00|0.00|43.3087|28.2359
11|30|0|315|7.3|14.5|0|14.7|78.5|0.00|0.00|43.3095|25.0159
11|32|0|0|5.8|14.5|0|17.2|78.5|0.00|0.00|43.3106|29.7141
11|33|0|0|4.4|14.5|0|19.2|78.7|0.00|0.00|43.3111|32.4533
11|34|0|315|5.8|14.5|0|16.2|78.8|0.00|0.00|43.3136|28.2359
11|35|0|315|7.3|14.5|0|18.9|78.9|0.00|0.00|43.3145|31.1174
11|36|0|0|7.3|14.5|0|16.5|78.9|0.00|0.00|43.3141|28.2359
11|37|0|0|5.8|14.5|0|16.9|79.0|0.00|0.00|43.3156|29.0364
11|38|0|0|2.9|14.5|0|15.6|79.3|0.00|0.00|43.3178|27.4681
11|40|0|315|6.4|14.5|0|16.9|79.3|0.00|0.00|43.3181|29.0364
11|41|0|338|3.2|14.5|0|18.4|79.5|0.00|0.00|43.3209|31.9288
11|42|0|315|5.8|14.5|0|16.7|79.5|0.00|0.00|43.3212|29.0364
11|43|0|0|9.7|14.5|0|14.6|79.5|0.00|0.00|43.3162|25.8042
11|44|0|0|6.4|14.5|0|14.6|79.4|0.00|0.00|43.3179|25.8042
11|46|0|0|5.8|14.5|0|16.9|79.4|0.00|0.00|43.3163|29.0364
11|47|0|0|7.3|14.5|0|16.5|79.4|0.00|0.00|43.3151|29.0364
11|48|0|315|4.4|14.5|0|18.3|79.5|0.00|0.00|43.3163|31.9288
11|51|0|338|4.4|14.5|0|16.4|79.6|0.00|0.00|43.3165|29.0364
11|52|0|315|8.7|14.5|0|17.0|79.7|0.00|0.00|43.3175|30.5203
11|53|0|315|2.9|14.5|0|16.2|79.8|0.00|0.00|43.3169|29.0364
11|54|0|315|4.8|14.5|0|15.6|80.0|0.00|0.00|43.3146|28.2623
11|55|0|0|4.8|14.5|0|14.6|80.0|0.00|0.00|43.3087|26.5923
11|57|0|315|6.4|14.5|0|17.7|80.2|0.00|0.00|43.3117|31.326
11|58|0|315|5.8|14.5|0|15.5|80.2|0.00|0.00|43.3079|28.2623
11|59|0|270|5.8|14.5|0|15.0|80.2|0.00|0.00|43.304|28.2623
12|00|0|315|5.8|14.5|0|15.5|80.2|0.00|0.00|43.3055|28.2623
12|01|0|0|8.7|14.5|0|15.9|80.3|0.00|0.00|43.3025|28.2623
12|02|0|0|5.8|14.5|0|14.9|80.3|0.00|0.00|43.3037|26.5923
12|03|0|315|4.4|14.5|0|16.5|80.3|0.00|0.00|43.3046|29.8366
12|04|0|338|8.7|14.5|0|17.0|80.4|0.00|0.00|43.3051|31.326
12|05|0|315|4.8|14.5|0|16.0|80.4|0.00|0.00|43.3015|29.8366
12|06|0|315|8.7|14.5|0|15.6|80.4|0.00|0.00|43.302|28.2623
12|08|0|315|4.4|14.5|0|12.9|80.3|0.00|0.00|43.3015|22.908
12|09|0|0|5.8|14.5|0|16.1|80.3|0.00|0.00|43.3053|29.8366
12|10|0|0|11.6|14.5|0|16.9|80.3|0.00|0.00|43.3014|29.8366
12|11|0|0|5.8|14.5|0|13.8|80.2|0.00|0.00|43.3028|24.813
12|12|0|0|12.9|16.1|0|13.6|79.9|0.00|0.00|43.2981|24.0316
12|13|0|0|7.3|16.1|0|14.9|79.8|0.00|0.00|43.3071|25.8042
12|14|0|0|10.2|16.1|0|15.5|79.8|0.00|0.00|43.3038|27.4681
12|15|0|338|6.4|16.1|0|17.0|79.7|0.00|0.00|43.3078|30.5203
12|16|0|0|7.3|16.1|0|17.3|79.8|0.00|0.00|43.3072|30.5203
12|17|0|0|5.8|16.1|0|17.0|80.0|0.00|0.00|43.305|31.326
12|19|0|270|5.8|16.1|0|15.5|80.2|0.00|0.00|43.3017|28.2623
12|20|0|0|2.9|16.1|0|15.1|80.4|0.00|0.00|43.299|28.2623
12|21|0|315|5.8|16.1|0|15.0|80.4|0.00|0.00|43.2967|28.2623
12|22|0|315|7.3|16.1|0|15.1|80.5|0.00|0.00|43.2975|28.2623
12|23|0|0|5.8|16.1|0|16.2|80.6|0.00|0.00|43.2962|29.8366
12|24|0|0|4.4|16.1|0|13.3|80.6|0.00|0.00|43.2959|24.813
12|25|0|315|4.4|16.1|0|14.4|80.7|0.00|0.00|43.2942|26.5923
12|26|0|0|7.3|16.1|0|14.7|80.7|0.00|0.00|43.2938|26.5923
12|28|0|315|7.3|16.1|0|16.2|80.7|0.00|0.00|43.2909|29.8366
12|29|0|0|12.9|16.1|0|15.6|80.6|0.00|0.00|43.2909|28.2623
12|30|0|0|4.4|16.1|0|15.2|80.6|0.00|0.00|43.2927|28.2623
12|32|0|0|4.4|16.1|0|17.1|80.6|0.00|0.00|43.2904|31.326
12|33|0|338|7.3|16.1|0|16.5|80.7|0.00|0.00|43.2895|29.8366
12|34|0|315|2.9|16.1|0|16.4|80.8|0.00|0.00|43.2897|29.8366
12|35|0|315|5.8|16.1|0|16.3|81.1|0.00|0.00|43.2901|30.6364
12|36|0|338|5.8|16.1|0|15.3|81.2|0.00|0.00|43.2886|29.0562
12|37|0|315|1.5|16.1|0|14.6|81.4|0.00|0.00|43.2924|27.3799
12|38|0|0|3.2|16.1|0|15.5|81.6|0.00|0.00|43.2962|29.0562
12|39|0|315|7.3|16.1|0|16.4|81.8|0.00|0.00|43.2964|30.6364
12|40|0|315|5.8|16.1|0|16.5|81.8|0.00|0.00|43.2955|30.6364
12|42|0|315|2.9|16.1|0|16.4|82.1|0.00|0.00|43.2955|31.4358
12|44|0|315|3.2|16.1|0|13.5|82.3|0.00|0.00|43.2908|26.3746
12|45|0|315|4.4|16.1|0|14.1|82.3|0.00|0.00|43.2917|28.1672
12|46|0|315|8.7|16.1|0|14.0|82.3|0.00|0.00|43.2881|28.1672
12|47|0|0|8.1|16.1|0|15.2|82.1|0.00|0.00|43.2892|29.8497
12|48|0|315|8.7|16.1|0|14.7|82.1|0.00|0.00|43.2886|28.1672
12|49|0|315|5.8|16.1|0|15.0|82.0|0.00|0.00|43.287|29.8497
12|50|0|0|8.1|16.1|0|13.7|82.0|0.00|0.00|43.2889|26.3746
12|51|0|0|5.8|20.4|0|14.0|81.7|0.00|0.00|43.2903|27.3799
12|52|0|315|4.4|20.4|0|13.0|81.6|0.00|0.00|43.2874|25.594
12|53|0|315|5.8|20.4|0|14.6|81.5|0.00|0.00|43.2869|27.3799
12|57|0|0|11.6|23.3|315|13.5|81.3|0.00|0.00|43.2808|25.594
13|00|0|315|8.1|23.3|315|15.9|81.1|0.00|0.00|43.2813|29.0562
13|01|0|0|5.8|23.3|315|15.4|81.1|0.00|0.00|43.2802|29.0562
13|02|0|0|4.8|23.3|315|14.1|81.1|0.00|0.00|43.2799|27.3799
13|03|0|45|3.2|23.3|315|14.0|81.3|0.00|0.00|43.2816|27.3799
13|04|0|45|4.4|23.3|315|15.4|81.4|0.00|0.00|43.2798|29.0562
13|05|0|0|4.4|23.3|315|13.0|81.5|0.00|0.00|43.2779|25.594
13|06|0|0|8.1|23.3|315|14.7|81.6|0.00|0.00|43.2788|27.3799
13|07|0|0|6.4|23.3|315|14.1|81.6|0.00|0.00|43.2782|27.3799
13|09|0|315|4.8|23.3|315|14.8|81.6|0.00|0.00|43.2766|27.3799
13|10|0|270|3.2|23.3|315|19.4|81.8|0.00|0.00|43.2751|34.902
13|11|0|0|5.8|23.3|315|16.8|82.0|0.00|0.00|43.2749|31.4358
13|12|0|315|7.3|23.3|315|15.6|82.1|0.00|0.00|43.2732|29.8497
13|13|0|315|8.0|23.3|315|15.4|82.2|0.00|0.00|43.2736|29.8497
13|14|0|315|5.8|23.3|315|13.8|82.2|0.00|0.00|43.2722|26.3746
13|15|0|338|4.4|23.3|315|13.8|82.5|0.00|0.00|43.2737|26.3746
13|16|0|315|10.2|23.3|315|13.0|82.3|0.00|0.00|43.269|26.3746
13|17|0|315|4.4|23.3|315|16.1|82.5|0.00|0.00|43.2721|31.4358
13|18|0|23|7.3|23.3|315|13.5|82.5|0.00|0.00|43.2722|26.3746
13|20|0|0|7.3|23.3|315|13.4|82.6|0.00|0.00|43.271|26.3746
13|21|0|0|2.9|23.3|315|14.9|82.7|0.00|0.00|43.2718|28.1672
13|22|0|315|2.9|23.3|315|11.6|83.0|0.00|0.00|43.2695|23.1546
13|23|0|315|2.9|23.3|315|11.3|83.1|0.00|0.00|43.2678|23.1546
13|24|0|315|2.9|23.3|315|13.2|83.2|0.00|0.00|43.2686|27.1548
13|25|0|315|4.4|23.3|315|14.0|83.3|0.00|0.00|43.269|28.9541
13|26|0|338|5.8|23.3|315|13.4|83.4|0.00|0.00|43.265|27.1548
13|27|0|0|5.8|23.3|315|14.5|83.4|0.00|0.00|43.2679|28.9541
13|28|0|338|7.3|23.3|315|14.6|83.4|0.00|0.00|43.2678|28.9541
13|29|0|45|3.2|23.3|315|12.1|83.5|0.00|0.00|43.2658|25.2286
13|30|0|0|2.9|23.3|315|11.9|83.6|0.00|0.00|43.2656|23.1546
13|31|0|90|0.0|23.3|315|10.9|83.8|0.00|0.00|43.2622|20.906
13|32|0|135|2.9|23.3|315|11.6|83.9|0.00|0.00|43.2607|23.1546
13|33|0|90|1.5|23.3|315|12.4|84.1|0.00|0.00|43.2616|26.0014
13|35|0|315|2.9|23.3|315|12.6|84.3|0.00|0.00|43.2603|26.0014
13|36|0|0|1.6|23.3|315|10.4|84.4|0.00|0.00|43.2585|21.6629
13|38|0|0|5.8|23.3|315|13.1|84.8|0.00|0.00|43.2583|27.9347
13|39|0|0|8.1|23.3|315|13.1|84.5|0.00|0.00|43.2565|27.9347
13|40|0|0|4.4|23.3|315|12.8|84.4|0.00|0.00|43.2576|26.0014
13|42|0|0|4.4|23.3|315|12.0|84.4|0.00|0.00|43.2567|26.0014
13|43|0|0|5.8|23.3|315|13.6|84.3|0.00|0.00|43.2527|27.9347
13|44|0|0|7.3|23.3|315|13.3|84.1|0.00|0.00|43.2513|27.9347
13|45|0|0|4.4|23.3|315|12.5|83.9|0.00|0.00|43.2508|25.2286
13|47|0|315|6.5|23.3|315|14.3|83.9|0.00|0.00|43.2526|28.9541
13|48|0|315|5.8|23.3|315|13.6|83.9|0.00|0.00|43.2512|27.1548
13|49|0|315|4.4|23.3|315|11.1|83.9|0.00|0.00|43.2512|23.1546
13|50|0|0|2.9|23.3|315|10.8|83.9|0.00|0.00|43.2471|20.906
13|51|0|248|3.2|23.3|315|10.3|84.0|0.00|0.00|43.2428|21.6629
13|52|0|270|5.8|23.3|315|14.6|84.0|0.00|0.00|43.2441|29.7406
13|53|0|315|4.4|23.3|315|14.1|84.1|0.00|0.00|43.2426|29.7406
13|54|0|315|7.3|23.3|315|15.4|84.1|0.00|0.00|43.2388|31.4357
13|55|0|315|5.8|23.3|315|14.8|84.2|0.00|0.00|43.2404|29.7406
13|56|0|0|4.4|23.3|315|13.6|84.4|0.00|0.00|43.2402|27.9347
13|57|0|0|5.8|23.3|315|16.5|84.5|0.00|0.00|43.2457|33.0337
13|58|0|315|4.8|23.3|315|14.9|84.3|0.00|0.00|43.2398|29.7406
14|00|0|315|1.6|23.3|315|10.8|84.2|0.00|0.00|43.2404|21.6629
14|01|0|315|5.8|23.3|315|11.6|84.2|0.00|0.00|43.2384|23.9197
14|02|0|270|7.3|23.3|315|11.7|84.0|0.00|0.00|43.2491|23.9197
14|03|0|315|2.9|23.3|315|10.8|83.9|0.00|0.00|43.24|20.906
14|06|0|315|4.8|23.3|315|13.9|83.5|0.00|0.00|43.2347|27.1548
14|07|0|315|2.9|23.3|315|13.1|83.6|0.00|0.00|43.2347|27.1548
14|08|0|338|7.3|23.3|315|14.8|83.6|0.00|0.00|43.2335|28.9541
14|10|0|0|5.8|23.3|315|14.3|83.3|0.00|0.00|43.2435|28.9541
14|11|0|0|4.4|23.3|315|13.8|83.0|0.00|0.00|43.2443|27.1548
14|12|0|0|7.3|23.3|315|13.9|82.7|0.00|0.00|43.2397|26.3746
14|13|0|0|3.2|23.3|315|13.1|82.6|0.00|0.00|43.2398|26.3746
14|14|0|0|8.1|23.3|315|12.7|82.3|0.00|0.00|43.2241|24.4555
14|15|0|0|7.3|23.3|315|14.0|82.2|0.00|0.00|43.2244|28.1672
14|16|0|0|4.8|23.3|315|13.6|82.2|0.00|0.00|43.2221|26.3746
14|17|0|0|8.7|23.3|315|13.2|82.4|0.00|0.00|43.2223|26.3746
14|18|0|0|4.4|23.3|315|13.0|82.5|0.00|0.00|43.2253|26.3746
14|20|0|0|4.4|23.3|315|16.9|82.6|0.00|0.00|43.2258|31.4358
14|21|0|315|7.3|23.3|315|14.7|82.7|0.00|0.00|43.2244|28.1672
14|22|0|270|7.3|23.3|315|14.6|83.0|0.00|0.00|43.2228|28.9541
14|23|0|338|4.4|23.3|315|12.7|83.3|0.00|0.00|43.2249|25.2286
14|24|0|315|8.1|23.3|315|13.5|83.5|0.00|0.00|43.2285|27.1548
14|25|0|270|10.2|23.3|315|12.7|83.3|0.00|0.00|43.2245|25.2286
14|27|0|270|7.3|23.3|315|13.7|83.4|0.00|0.00|43.2293|27.1548
14|28|0|248|10.2|23.3|315|12.2|83.3|0.00|0.00|43.2285|25.2286
14|29|0|315|3.2|23.3|315|10.3|83.2|0.00|0.00|43.2251|20.906
14|30|0|270|4.4|23.3|315|10.6|83.2|0.00|0.00|43.2338|20.906
14|31|0|23|4.4|23.3|315|15.8|83.0|0.00|0.00|43.2353|30.6429
14|32|0|0|3.2|23.3|315|15.9|82.7|0.00|0.00|43.2358|29.8497
14|34|0|0|4.8|23.3|315|13.8|82.6|0.00|0.00|43.2282|26.3746
14|57|0|315|1.6|23.3|315|13.1|82.6|0.00|0.00|43.2094|26.3746
14|58|0|225|1.6|23.3|315|11.7|82.6|0.00|0.00|43.2193|22.389
14|59|0|0|4.4|23.3|315|11.8|82.6|0.00|0.00|43.2087|22.389
15|00|0|0|3.2|23.3|315|11.2|82.7|0.00|0.00|43.2077|22.389
15|01|0|315|7.3|23.3|315|14.7|82.9|0.00|0.00|43.2097|28.1672
15|03|0|0|5.8|23.3|315|14.0|83.0|0.00|0.00|43.2069|28.9541
15|04|0|315|2.9|23.3|315|13.0|83.2|0.00|0.00|43.2068|27.1548
15|05|0|0|5.8|23.3|315|12.9|83.4|0.00|0.00|43.2051|25.2286
15|06|0|315|2.9|23.3|315|14.8|83.6|0.00|0.00|43.2154|28.9541
15|07|0|0|1.6|23.3|315|14.0|83.5|0.00|0.00|43.2121|28.9541
15|08|0|315|4.4|23.3|315|13.7|83.5|0.00|0.00|43.2066|27.1548
15|09|0|0|3.2|23.3|315|14.1|83.5|0.00|0.00|43.2062|28.9541
15|10|0|0|4.4|23.3|315|12.8|83.5|0.00|0.00|43.2064|25.2286
15|11|0|0|4.4|23.3|315|13.1|83.5|0.00|0.00|43.2045|27.1548
15|12|0|0|2.9|23.3|315|12.7|83.8|0.00|0.00|43.2044|25.2286
15|13|0|315|2.9|23.3|315|11.2|83.8|0.00|0.00|43.2093|23.1546
15|14|0|270|4.4|23.3|315|10.6|83.8|0.00|0.00|43.2081|20.906
15|15|0|315|7.3|23.3|315|13.9|83.8|0.00|0.00|43.2063|27.1548
15|17|0|315|5.8|23.3|315|11.9|83.5|0.00|0.00|43.2036|23.1546
15|19|0|315|8.7|23.3|315|11.4|83.5|0.00|0.00|43.2095|23.1546
15|20|0|225|3.2|23.3|315|11.9|83.6|0.00|0.00|43.2046|23.1546
15|21|0|270|4.4|23.3|315|10.5|83.9|0.00|0.00|43.2052|20.906
15|22|0|270|3.2|23.3|315|11.0|83.9|0.00|0.00|43.2104|23.1546
15|23|0|180|0.0|23.3|315|9.8|84.0|0.00|0.00|43.2099|19.1963
15|24|0|180|4.8|23.3|315|11.0|84.0|0.00|0.00|43.2093|23.9197
15|25|0|180|1.5|23.3|315|10.0|84.0|0.00|0.00|43.2133|21.6629
15|27|0|135|0.0|23.3|315|10.0|83.8|0.00|0.00|43.2094|20.906
15|29|0|45|1.5|23.3|315|11.1|83.8|0.00|0.00|43.2115|23.1546
15|30|0|315|3.2|23.3|315|12.4|83.5|0.00|0.00|43.2093|25.2286
15|32|0|0|7.3|23.3|315|13.0|83.0|0.00|0.00|43.2098|27.1548
15|33|0|315|5.8|23.3|315|12.3|82.4|0.00|0.00|43.2085|24.4555
15|34|0|0|4.4|23.3|315|10.8|82.0|0.00|0.00|43.2082|20.1487
15|35|0|0|4.8|23.3|315|11.4|81.6|0.00|0.00|43.2053|21.6231
15|36|0|0|4.4|23.3|315|14.3|81.3|0.00|0.00|43.2069|27.3799
15|37|0|0|4.4|23.3|315|12.3|80.9|0.00|0.00|43.2062|22.908
15|39|0|315|4.4|23.3|315|15.2|80.5|0.00|0.00|43.2011|28.2623
15|40|0|0|4.4|23.3|315|13.9|80.4|0.00|0.00|43.2044|24.813
15|42|0|0|2.9|23.3|315|15.5|80.3|0.00|0.00|43.2039|28.2623
15|43|0|315|2.9|23.3|315|15.3|80.3|0.00|0.00|43.2043|28.2623
15|44|0|315|6.4|23.3|315|14.2|80.3|0.00|0.00|43.192|26.5923
15|45|0|0|5.8|23.3|315|15.2|80.4|0.00|0.00|43.1892|28.2623
15|46|0|0|5.8|23.3|315|15.9|80.5|0.00|0.00|43.1916|28.2623
15|47|0|315|4.8|23.3|315|15.6|80.6|0.00|0.00|43.1842|28.2623
15|48|0|315|5.8|23.3|315|15.5|80.9|0.00|0.00|43.1834|28.2623
15|49|0|315|13.1|23.3|315|14.6|81.3|0.00|0.00|43.1827|27.3799
15|50|0|315|11.6|23.3|315|13.2|81.5|0.00|0.00|43.1836|25.594
15|51|0|315|8.7|23.3|315|13.9|81.7|0.00|0.00|43.1852|25.594
15|52|0|315|10.2|23.3|315|12.7|82.0|0.00|0.00|43.1812|24.4555
15|53|0|0|8.1|23.3|315|14.5|82.4|0.00|0.00|43.1853|28.1672
15|54|0|0|7.3|23.3|315|14.5|82.6|0.00|0.00|43.1833|28.1672
15|55|0|0|4.4|23.3|315|14.8|83.0|0.00|0.00|43.1853|28.9541
15|58|0|315|6.4|23.3|315|13.6|83.3|0.00|0.00|43.1818|27.1548
15|59|0|315|11.6|23.3|315|15.0|83.5|0.00|0.00|43.1823|30.6429
16|00|0|315|5.8|23.3|315|12.1|83.8|0.00|0.00|43.1815|25.2286
16|01|0|315|9.7|23.3|315|14.0|84.0|0.00|0.00|43.1822|29.7406
16|02|0|315|12.9|23.3|315|13.4|84.1|0.00|0.00|43.1804|27.9347
16|03|0|315|7.3|23.3|315|14.4|84.3|0.00|0.00|43.1806|29.7406
16|04|0|270|7.3|23.3|315|14.7|84.7|0.00|0.00|43.1782|29.7406
16|05|0|23|5.8|23.3|315|13.4|84.9|0.00|0.00|43.1779|27.9347
16|06|0|315|5.8|23.3|315|13.4|85.1|0.00|0.00|43.1775|28.7142
16|07|0|0|8.7|23.3|315|12.4|85.2|0.00|0.00|43.1739|26.7738
16|08|0|0|5.8|23.3|315|11.1|85.1|0.00|0.00|43.1751|24.6844
16|09|0|0|7.3|23.3|315|11.8|84.8|0.00|0.00|43.1853|23.9197
16|11|0|0|8.7|23.3|315|13.0|84.4|0.00|0.00|43.1878|27.9347
16|13|0|315|4.8|23.3|315|12.7|83.5|0.00|0.00|43.1842|25.2286
16|14|0|315|5.8|23.3|315|13.7|83.2|0.00|0.00|43.1795|27.1548
16|15|0|315|7.3|23.3|315|12.2|82.9|0.00|0.00|43.1857|24.4555
16|17|0|315|4.8|23.3|315|15.9|82.3|0.00|0.00|43.1867|29.8497
16|18|0|0|4.8|23.3|315|13.7|81.8|0.00|0.00|43.1878|25.594
16|19|0|315|5.8|23.3|315|14.7|81.6|0.00|0.00|43.1857|27.3799
16|20|0|0|4.8|23.3|315|14.9|81.3|0.00|0.00|43.1842|27.3799
16|21|0|315|5.8|23.3|315|14.2|80.9|0.00|0.00|43.1821|26.5923
16|22|0|315|8.1|23.3|315|13.7|80.6|0.00|0.00|43.1863|24.813
16|23|0|315|3.2|23.3|315|12.8|80.3|0.00|0.00|43.1837|22.908
16|24|0|0|4.8|23.3|315|13.4|79.9|0.00|0.00|43.1872|24.0316
16|25|0|315|4.8|23.3|315|13.9|79.8|0.00|0.00|43.1871|24.0316
16|27|0|0|4.4|23.3|315|12.7|79.5|0.00|0.00|43.1869|22.1337
16|28|0|0|4.4|23.3|315|13.4|79.3|0.00|0.00|43.1865|24.0316
16|29|0|0|5.8|23.3|315|13.0|79.1|0.00|0.00|43.1861|24.0316
16|30|0|0|4.4|23.3|315|13.3|79.0|0.00|0.00|43.1846|24.0316
16|31|0|315|2.9|23.3|315|14.5|78.8|0.00|0.00|43.184|25.0159
16|32|0|0|4.4|23.3|315|15.2|78.8|0.00|0.00|43.1838|26.6734
16|33|0|315|4.4|23.3|315|14.1|78.6|0.00|0.00|43.1829|25.0159
16|34|0|0|4.8|23.3|315|13.6|78.6|0.00|0.00|43.1822|23.2498
16|36|0|0|3.2|23.3|315|15.0|78.5|0.00|0.00|43.1808|26.6734
16|37|0|0|3.2|23.3|315|16.8|78.5|0.00|0.00|43.1794|28.2359
16|40|0|315|4.8|23.3|315|13.9|78.4|0.00|0.00|43.1768|23.2498
16|41|0|315|2.9|23.3|315|15.0|78.4|0.00|0.00|43.1785|26.6734
16|42|0|338|4.8|23.3|315|15.0|78.4|0.00|0.00|43.1793|26.6734
16|43|0|315|4.4|23.3|315|14.5|78.4|0.00|0.00|43.1775|25.0159
16|44|0|315|4.4|23.3|315|14.4|78.2|0.00|0.00|43.1764|25.0159
16|45|0|0|3.2|23.3|315|15.5|78.4|0.00|0.00|43.1777|26.6734
16|46|0|0|4.4|23.3|315|15.8|78.4|0.00|0.00|43.1752|26.6734
16|47|0|0|2.9|23.3|315|15.1|78.4|0.00|0.00|43.1751|26.6734
16|48|0|315|5.8|23.3|315|16.3|78.4|0.00|0.00|43.1762|28.2359
16|49|0|0|4.4|23.3|315|14.5|78.4|0.00|0.00|43.1769|25.0159
16|50|0|0|3.2|23.3|315|15.1|78.5|0.00|0.00|43.1764|26.6734
16|51|0|0|4.4|23.3|315|14.2|78.5|0.00|0.00|43.1759|25.0159
16|53|0|0|3.2|23.3|315|14.4|78.5|0.00|0.00|43.1789|25.0159
16|54|0|0|3.2|23.3|315|16.5|78.6|0.00|0.00|43.1766|28.2359
16|55|0|0|2.9|23.3|315|16.0|78.6|0.00|0.00|43.1759|28.2359
16|56|0|0|2.9|23.3|315|15.8|78.7|0.00|0.00|43.1783|26.6734
16|57|0|0|4.4|23.3|315|15.7|78.7|0.00|0.00|43.1779|26.6734
16|58|0|315|2.9|23.3|315|15.8|78.8|0.00|0.00|43.1748|26.6734
16|59|0|0|4.8|23.3|315|15.9|78.9|0.00|0.00|43.1712|26.6734
17|01|0|0|2.9|23.3|315|15.2|79.1|0.00|0.00|43.1776|27.4681
17|02|0|0|3.2|23.3|315|17.8|79.3|0.00|0.00|43.1802|30.5203
17|03|0|315|3.2|23.3|315|13.2|79.3|0.00|0.00|43.1794|24.0316
17|05|0|0|2.9|23.3|315|14.0|79.5|0.00|0.00|43.1785|25.8042
17|06|0|315|2.9|23.3|315|15.6|79.7|0.00|0.00|43.1809|27.4681
17|07|0|315|1.6|23.3|315|14.8|79.8|0.00|0.00|43.1784|25.8042
17|08|0|0|1.5|23.3|315|13.2|80.0|0.00|0.00|43.1691|24.813
17|09|0|45|1.6|23.3|315|12.6|80.3|0.00|0.00|43.1688|22.908
17|10|0|45|0.0|23.3|315|13.1|80.5|0.00|0.00|43.1711|24.813
17|11|0|225|1.6|23.3|315|13.4|80.6|0.00|0.00|43.1715|24.813
17|12|0|225|1.5|23.3|315|13.7|80.8|0.00|0.00|43.1696|24.813
17|13|0|225|1.5|23.3|315|13.7|81.2|0.00|0.00|43.1715|25.594
17|14|0|135|1.6|23.3|315|14.6|81.3|0.00|0.00|43.1752|27.3799
17|15|0|225|1.5|23.3|315|13.6|81.5|0.00|0.00|43.1769|25.594
17|16|0|180|1.6|23.3|315|13.2|81.6|0.00|0.00|43.1772|25.594
17|17|0|225|2.9|23.3|315|12.5|81.7|0.00|0.00|43.1783|23.682
17|18|0|225|1.5|23.3|315|12.8|81.8|0.00|0.00|43.1767|23.682
17|19|0|0|2.9|23.3|315|12.4|82.1|0.00|0.00|43.175|24.4555
17|20|0|315|4.4|23.3|315|15.6|82.2|0.00|0.00|43.1767|29.8497
17|21|0|315|2.9|23.3|315|15.4|82.3|0.00|0.00|43.1777|29.8497
17|23|0|248|1.6|23.3|315|13.3|82.3|0.00|0.00|43.1773|26.3746
17|24|0|0|1.5|23.3|315|13.0|82.3|0.00|0.00|43.1745|26.3746
17|25|0|315|2.9|23.3|315|13.0|82.2|0.00|0.00|43.1714|26.3746
17|26|0|0|5.8|23.3|315|15.6|82.3|0.00|0.00|43.1662|29.8497
17|27|0|0|2.9|23.3|315|10.5|82.3|0.00|0.00|43.1635|20.1487
17|28|0|0|1.5|23.3|315|11.2|82.5|0.00|0.00|43.1644|22.389
17|29|0|0|4.4|23.3|315|12.6|82.5|0.00|0.00|43.1727|24.4555
17|30|0|0|1.5|23.3|315|12.5|82.5|0.00|0.00|43.1738|24.4555
17|31|0|315|2.9|23.3|315|13.4|82.4|0.00|0.00|43.1731|26.3746
17|32|0|315|2.9|23.3|315|12.8|82.4|0.00|0.00|43.1731|24.4555
17|33|0|0|2.9|23.3|315|12.1|82.5|0.00|0.00|43.1617|24.4555
17|34|0|0|5.8|23.3|315|11.1|82.6|0.00|0.00|43.1626|22.389
17|35|0|45|2.9|23.3|315|12.0|82.6|0.00|0.00|43.1655|24.4555
17|36|0|0|4.8|23.3|315|11.0|82.7|0.00|0.00|43.1566|22.389
17|38|0|315|2.9|23.3|315|12.6|82.7|0.00|0.00|43.1648|24.4555
17|39|0|315|2.9|23.3|315|13.4|82.7|0.00|0.00|43.1611|26.3746
17|40|0|0|4.4|23.3|315|14.8|82.7|0.00|0.00|43.1606|28.1672
17|41|0|315|4.4|23.3|315|14.5|82.9|0.00|0.00|43.1592|28.1672
17|42|0|0|1.5|23.3|315|11.3|83.0|0.00|0.00|43.1559|23.1546
17|43|0|45|0.0|23.3|315|11.4|83.2|0.00|0.00|43.1577|23.1546
17|44|0|90|2.9|23.3|315|10.7|83.4|0.00|0.00|43.1555|20.906
17|45|0|90|1.6|23.3|315|10.6|83.6|0.00|0.00|43.155|20.906
17|46|0|90|2.9|23.3|315|10.7|83.9|0.00|0.00|43.1532|20.906
17|47|0|180|1.5|23.3|315|11.5|84.1|0.00|0.00|43.1529|23.9197
17|48|0|180|1.6|23.3|315|10.7|84.4|0.00|0.00|43.1524|21.6629
17|49|0|180|1.5|23.3|315|10.0|84.5|0.00|0.00|43.15|21.6629
17|50|0|45|1.5|23.3|315|9.3|84.9|0.00|0.00|43.1507|19.1963
17|51|0|135|1.5|23.3|315|9.3|85.2|0.00|0.00|43.153|19.9439
17|53|0|270|0.0|23.3|315|9.0|85.7|0.00|0.00|43.155|19.9439
17|55|0|180|1.5|23.3|315|10.1|86.0|0.00|0.00|43.159|23.1756
17|56|0|135|2.9|23.3|315|9.0|86.3|0.00|0.00|43.1604|20.6911
17|57|0|90|0.0|23.3|315|8.4|86.3|0.00|0.00|43.1723|17.9484
17|58|0|180|0.0|23.3|315|8.7|86.3|0.00|0.00|43.1741|17.9484
17|59|0|135|1.6|23.3|315|9.4|86.2|0.00|0.00|43.1737|20.6911
18|00|0|315|1.6|23.3|315|9.9|86.2|0.00|0.00|43.1739|20.6911
18|01|0|270|1.5|23.3|315|11.6|86.1|0.00|0.00|43.1727|25.4488
18|02|0|315|1.5|23.3|315|11.6|86.0|0.00|0.00|43.1707|25.4488
18|03|0|270|5.8|23.3|315|11.5|86.0|0.00|0.00|43.1656|25.4488
18|04|0|270|2.9|23.3|315|9.5|85.8|0.00|0.00|43.1635|19.9439
18|05|0|315|2.9|23.3|315|9.4|85.9|0.00|0.00|43.1622|19.9439
18|06|0|315|4.4|23.3|315|9.8|85.8|0.00|0.00|43.1603|19.9439
18|07|0|0|2.9|23.3|315|9.8|85.7|0.00|0.00|43.1581|19.9439
18|08|0|0|3.2|23.3|315|9.6|85.7|0.00|0.00|43.1568|19.9439
18|10|0|0|1.5|23.3|315|10.1|85.7|0.00|0.00|43.1576|22.4195
18|11|0|315|0.0|23.3|315|10.8|85.7|0.00|0.00|43.1591|22.4195
18|12|0|180|0.0|23.3|315|11.1|85.7|0.00|0.00|43.1624|24.6844
18|13|0|180|1.5|23.3|315|10.2|85.7|0.00|0.00|43.1608|22.4195
18|14|0|270|2.9|23.3|315|9.4|85.7|0.00|0.00|43.1636|19.9439
18|15|0|0|2.9|23.3|315|10.3|85.4|0.00|0.00|43.1632|22.4195
18|16|0|270|5.8|23.3|315|9.5|85.1|0.00|0.00|43.1627|19.9439
18|17|0|0|2.9|23.3|315|9.6|84.9|0.00|0.00|43.1622|19.1963
18|18|0|270|6.4|23.3|315|10.1|84.5|0.00|0.00|43.159|21.6629
18|19|0|315|2.9|23.3|315|8.8|84.2|0.00|0.00|43.1597|16.4732
18|20|0|270|7.3|23.3|315|9.1|84.0|0.00|0.00|43.158|19.1963
18|21|0|315|5.8|23.3|315|9.4|83.8|0.00|0.00|43.1593|18.4483
18|22|0|225|4.4|23.3|315|10.2|83.6|0.00|0.00|43.1624|20.906
18|23|0|270|4.4|23.3|315|10.6|83.3|0.00|0.00|43.1609|20.906
18|25|0|270|8.7|23.3|315|10.1|83.0|0.00|0.00|43.1588|20.906
18|26|0|315|2.9|23.3|315|11.3|82.7|0.00|0.00|43.1556|22.389
18|27|0|270|2.9|23.3|315|10.9|82.5|0.00|0.00|43.153|20.1487
18|29|0|270|3.2|23.3|315|10.6|82.3|0.00|0.00|43.1563|20.1487
18|30|0|270|4.4|23.3|315|11.0|82.1|0.00|0.00|43.1553|22.389
18|31|0|225|2.9|23.3|315|10.7|82.1|0.00|0.00|43.1535|20.1487
18|32|0|270|4.4|23.3|315|10.2|82.0|0.00|0.00|43.1514|20.1487
18|33|0|270|4.4|23.3|315|9.5|82.1|0.00|0.00|43.1505|17.6999
18|34|0|315|2.9|23.3|315|9.9|82.1|0.00|0.00|43.1489|17.6999
18|35|0|248|2.9|23.3|315|10.7|82.3|0.00|0.00|43.149|20.1487
18|38|0|315|4.4|23.3|315|9.6|82.5|0.00|0.00|43.1485|17.6999
18|39|0|225|1.5|23.3|315|10.1|82.6|0.00|0.00|43.1505|20.1487
18|41|0|270|2.9|23.3|315|10.4|82.6|0.00|0.00|43.1535|20.1487
18|42|0|315|7.3|23.3|315|10.8|82.6|0.00|0.00|43.149|20.1487
18|43|0|270|2.9|23.3|315|9.8|82.4|0.00|0.00|43.1522|17.6999
18|44|0|45|3.2|23.3|315|9.8|82.3|0.00|0.00|43.154|17.6999
18|45|0|315|1.5|23.3|315|9.9|82.2|0.00|0.00|43.1543|17.6999
18|47|0|270|5.8|23.3|315|9.9|81.7|0.00|0.00|43.1514|16.9511
18|48|0|270|2.9|23.3|315|10.0|81.5|0.00|0.00|43.1541|19.3909
18|49|0|315|5.8|23.3|315|10.0|81.2|0.00|0.00|43.1515|19.3909
18|50|0|270|1.5|23.3|315|9.9|80.9|0.00|0.00|43.1497|16.2018
18|51|0|270|5.8|23.3|315|9.5|80.6|0.00|0.00|43.1462|16.2018
18|52|0|270|3.2|23.3|315|9.5|80.4|0.00|0.00|43.1499|16.2018
18|53|0|270|2.9|23.3|315|9.8|80.2|0.00|0.00|43.1498|16.2018
18|54|0|270|4.8|23.3|315|10.1|79.9|0.00|0.00|43.1488|17.8742
18|55|0|315|1.6|23.3|315|10.1|79.7|0.00|0.00|43.1511|17.8742
18|57|0|315|3.2|23.3|315|9.8|79.6|0.00|0.00|43.1507|15.4521
18|58|0|113|1.5|23.3|315|10.6|79.5|0.00|0.00|43.1518|17.8742
18|59|0|315|2.9|23.3|315|10.2|79.4|0.00|0.00|43.1508|17.8742
19|00|0|315|1.6|23.3|315|10.4|79.3|0.00|0.00|43.1496|17.8742
19|02|0|225|0.0|23.3|315|10.0|79.1|0.00|0.00|43.1533|17.8742
19|04|0|225|1.5|23.3|315|10.8|79.0|0.00|0.00|43.1516|17.8742
19|05|0|225|0.0|23.3|315|10.6|79.0|0.00|0.00|43.1507|17.8742
19|06|0|270|1.6|23.3|315|10.4|79.0|0.00|0.00|43.1522|17.8742
19|07|0|225|0.0|23.3|315|10.6|78.9|0.00|0.00|43.1499|17.1152
19|08|0|180|1.5|23.3|315|11.0|78.9|0.00|0.00|43.1523|19.3228
19|10|0|225|0.0|23.3|315|10.6|78.8|0.00|0.00|43.1514|17.1152
19|11|0|135|1.5|23.3|315|10.7|78.8|0.00|0.00|43.1484|17.1152
19|12|0|225|1.5|23.3|315|10.4|78.8|0.00|0.00|43.1501|17.1152
19|13|0|270|0.0|23.3|315|10.3|78.8|0.00|0.00|43.1503|17.1152
19|14|0|135|0.0|23.3|315|10.6|78.8|0.00|0.00|43.1506|17.1152
19|15|0|180|1.5|23.3|315|10.5|78.8|0.00|0.00|43.1522|17.1152
19|16|0|180|1.5|23.3|315|10.7|78.8|0.00|0.00|43.1508|17.1152
19|19|0|225|0.0|3.2|225|10.2|79.0|0.00|0.00|43.15|17.8742
19|20|0|225|1.6|3.2|225|10.4|79.3|0.01|0.01|43.1515|17.8742
19|21|0|225|0.0|4.4|180|10.3|79.3|0.01|0.01|43.1531|17.8742
19|22|0|225|0.0|4.4|180|10.2|79.3|0.01|0.01|43.1513|17.8742
19|23|0|135|0.0|4.4|180|10.4|79.3|0.01|0.01|43.1514|17.8742
19|24|0|225|0.0|4.4|180|10.6|79.3|0.01|0.01|43.1529|17.8742
19|25|0|180|3.2|4.4|180|10.7|79.3|0.01|0.01|43.1531|17.8742
19|27|0|315|0.0|4.4|180|10.4|79.0|0.01|0.01|43.1543|17.8742
19|29|0|135|0.0|4.4|180|10.6|79.0|0.01|0.01|43.1525|17.8742
19|30|0|135|0.0|4.4|180|10.2|79.0|0.01|0.01|43.1544|17.8742
19|31|0|180|1.5|4.4|180|10.1|78.9|0.01|0.01|43.1522|17.1152
19|32|0|180|1.5|4.4|180|10.4|78.8|0.01|0.01|43.1527|17.1152
19|33|0|180|0.0|4.4|180|10.6|78.8|0.01|0.01|43.1523|17.1152
19|34|0|225|1.6|4.4|180|10.6|78.7|0.01|0.01|43.1516|17.1152
19|35|0|225|0.0|4.4|180|10.7|78.6|0.01|0.01|43.153|17.1152
19|36|0|225|0.0|4.4|180|10.8|78.6|0.01|0.01|43.1515|17.1152
19|37|0|180|1.5|4.4|180|10.8|78.5|0.01|0.01|43.1512|17.1152
19|39|0|225|1.5|4.4|180|10.7|78.4|0.01|0.01|43.1532|17.1152
19|40|0|225|0.0|4.4|180|10.7|78.2|0.01|0.01|43.1512|17.1152
19|43|0|225|0.0|4.4|180|10.6|78.0|0.01|0.01|43.1499|17.1152
19|44|0|180|0.0|4.4|180|10.8|78.0|0.01|0.01|43.1513|17.1152
19|45|0|180|1.5|4.4|180|11.2|78.0|0.01|0.01|43.1511|19.3228
19|46|0|180|1.5|4.4|180|11.5|77.9|0.01|0.01|43.1531|18.5553
19|47|0|180|0.0|4.4|180|11.5|77.8|0.01|0.01|43.1521|18.5553
19|48|0|203|0.0|4.4|180|11.2|77.7|0.01|0.01|43.1516|18.5553
19|49|0|180|1.5|4.4|180|11.0|77.6|0.01|0.01|43.1524|18.5553
19|50|0|180|1.5|4.4|180|10.9|77.5|0.01|0.01|43.1511|16.3558
19|51|0|180|0.0|4.4|180|10.9|77.3|0.01|0.01|43.1544|16.3558
19|52|0|180|1.6|4.4|180|11.1|77.3|0.01|0.01|43.1571|18.5553
19|53|0|135|0.0|4.4|180|11.2|77.3|0.01|0.01|43.1579|18.5553
19|55|0|180|1.5|4.4|180|11.1|77.2|0.01|0.01|43.1587|18.5553
19|56|0|180|1.6|4.4|180|10.9|77.1|0.01|0.01|43.1611|16.3558
19|57|0|180|1.6|4.4|180|11.1|77.0|0.01|0.01|43.1606|18.5553
19|58|0|180|1.5|4.4|180|11.0|76.9|0.01|0.01|43.1617|17.7873
19|59|0|180|0.0|4.4|180|11.1|76.9|0.01|0.01|43.162|17.7873
20|00|0|180|1.5|4.4|180|11.2|76.8|0.01|0.01|43.1626|17.7873
20|01|0|180|1.5|4.4|180|11.3|76.7|0.01|0.01|43.1622|17.7873
20|02|0|180|1.5|4.4|180|11.2|76.7|0.01|0.01|43.1625|17.7873
20|03|0|180|2.9|4.4|180|11.1|76.6|0.01|0.01|43.1631|17.7873
20|05|0|180|1.5|4.4|180|10.8|76.4|0.01|0.01|43.1626|15.596
20|06|0|180|1.5|4.4|180|11.2|76.4|0.01|0.01|43.1635|17.7873
20|08|0|135|1.5|4.4|180|11.4|76.3|0.01|0.01|43.1622|17.7873
20|09|0|180|1.5|4.4|180|11.6|76.3|0.01|0.01|43.1634|17.7873
20|10|0|180|1.5|4.4|180|11.6|76.3|0.01|0.01|43.1634|17.7873
20|11|0|180|0.0|4.4|180|11.2|76.2|0.01|0.01|43.1638|17.7873
20|12|0|180|1.6|4.4|180|11.2|76.2|0.01|0.01|43.163|17.7873
20|13|0|180|0.0|4.4|180|11.3|76.1|0.01|0.01|43.1623|17.7873
20|14|0|180|0.0|4.4|180|11.5|76.0|0.01|0.01|43.1611|17.7873
20|15|0|135|1.5|4.4|180|11.6|76.0|0.01|0.01|43.1612|17.7873
20|16|0|225|1.5|4.4|180|11.0|75.9|0.01|0.01|43.1617|17.019
20|18|0|225|0.0|4.4|180|11.5|75.9|0.01|0.01|43.1607|17.019
20|19|0|225|0.0|4.4|180|11.9|75.9|0.01|0.01|43.1638|17.019
20|20|0|225|0.0|4.4|180|12.3|75.8|0.00|0.01|43.1623|19.0325
20|21|0|225|0.0|4.4|180|12.4|75.7|0.00|0.01|43.1602|19.0325
20|22|0|225|0.0|4.4|180|12.4|75.5|0.00|0.01|43.1602|19.0325
20|23|0|270|0.0|4.4|180|12.5|75.4|0.00|0.01|43.1618|19.0325
20|24|0|315|0.0|4.4|180|12.6|75.3|0.00|0.01|43.1595|19.0325
20|25|0|315|0.0|4.4|180|12.3|75.1|0.00|0.01|43.1581|19.0325
20|28|0|315|0.0|4.4|180|12.0|74.8|0.00|0.01|43.1595|18.2562
20|29|0|315|0.0|4.4|180|12.1|74.6|0.00|0.01|43.1597|18.2562
20|30|0|315|0.0|4.4|180|12.2|74.5|0.00|0.01|43.1596|18.2562
20|31|0|315|0.0|4.4|180|12.3|74.3|0.00|0.01|43.1599|18.2562
20|33|0|315|0.0|4.4|180|13.1|74.0|0.00|0.01|43.16|20.1189
20|34|0|315|1.5|4.4|180|13.7|73.7|0.00|0.01|43.1638|19.3353
20|35|0|315|1.5|4.4|180|14.2|73.5|0.00|0.01|43.1691|21.0683
20|36|0|315|1.6|4.4|180|14.1|73.3|0.00|0.01|43.1743|21.0683
20|38|0|270|0.0|4.4|180|13.5|72.7|0.00|0.01|43.1719|18.5512
20|39|0|270|0.0|4.4|180|13.4|72.5|0.00|0.01|43.1711|18.5512
20|40|0|270|0.0|4.4|180|13.7|72.4|0.00|0.01|43.173|18.5512
20|42|0|225|0.0|4.4|180|13.2|72.2|0.00|0.01|43.1751|18.5512
20|43|0|270|1.6|4.4|180|13.2|72.1|0.00|0.01|43.1753|18.5512
20|44|0|270|0.0|4.4|180|13.4|71.9|0.00|0.01|43.177|17.7667
20|45|0|135|1.5|4.4|180|13.9|71.8|0.00|0.01|43.1753|17.7667
20|46|0|180|1.5|4.4|180|14.4|71.7|0.00|0.01|43.1786|19.4867
20|47|0|180|0.0|4.4|180|14.3|71.6|0.00|0.01|43.1779|19.4867
20|48|0|270|1.5|4.4|180|13.9|71.5|0.00|0.01|43.1786|17.7667
20|49|0|270|0.0|4.4|180|13.7|71.4|0.00|0.01|43.1778|17.7667
20|50|0|315|1.6|4.4|180|13.7|71.4|0.00|0.01|43.1784|17.7667
20|52|0|225|1.5|4.4|180|13.8|71.3|0.00|0.01|43.177|17.7667
20|54|0|225|0.0|4.4|180|13.6|71.3|0.00|0.01|43.1767|17.7667
20|55|0|270|2.9|4.4|180|13.1|71.2|0.00|0.01|43.1782|17.7667
20|56|0|225|0.0|4.4|180|13.0|71.2|0.00|0.01|43.1768|17.7667
20|57|0|180|1.5|4.4|180|13.5|71.0|0.00|0.01|43.175|17.7667
20|58|0|180|0.0|4.4|180|13.5|71.0|0.00|0.01|43.175|17.7667
20|59|0|135|1.5|4.4|180|13.4|71.0|0.00|0.01|43.1767|17.7667
21|00|0|180|1.6|4.4|180|13.5|70.9|0.00|0.01|43.1759|16.9819
21|01|0|158|2.9|4.4|180|13.9|70.9|0.00|0.01|43.1776|16.9819
21|02|0|180|1.5|4.8|180|13.8|70.8|0.00|0.01|43.1777|16.9819
21|03|0|180|1.5|4.8|180|13.6|70.8|0.00|0.01|43.1766|16.9819
21|04|0|180|0.0|4.8|180|13.7|70.8|0.00|0.01|43.1802|16.9819
21|05|0|180|0.0|4.8|180|14.0|70.8|0.00|0.01|43.1815|18.6953
21|07|0|225|0.0|4.8|180|14.2|70.7|0.00|0.01|43.1816|18.6953
21|08|0|225|1.5|4.8|180|14.1|70.7|0.00|0.01|43.1852|18.6953
21|09|0|225|1.5|4.8|180|14.2|70.6|0.00|0.01|43.186|18.6953
21|10|0|225|0.0|4.8|180|14.1|70.6|0.00|0.01|43.184|18.6953
21|11|0|45|0.0|4.8|180|14.1|70.5|0.00|0.01|43.1827|18.6953
21|12|0|315|1.5|4.8|180|13.9|70.5|0.00|0.01|43.1833|16.9819
21|14|0|0|0.0|4.8|180|13.7|70.4|0.00|0.01|43.1813|16.9819
21|15|0|0|1.5|4.8|180|13.9|70.3|0.00|0.01|43.1776|16.9819
21|17|0|0|1.6|4.8|180|14.4|70.3|0.00|0.01|43.1794|18.6953
21|19|0|315|1.5|4.8|180|14.1|70.1|0.00|0.01|43.1805|18.6953
21|20|0|315|0.0|4.8|180|14.2|70.1|0.00|0.01|43.1794|18.6953
21|21|0|180|1.5|4.8|180|14.0|70.1|0.00|0.01|43.1802|18.6953
21|22|0|158|1.5|4.8|180|15.1|70.0|0.00|0.01|43.1836|20.3033
21|23|0|180|2.9|4.8|180|15.7|69.8|0.00|0.01|43.1849|19.5054
21|24|0|135|1.5|4.8|180|15.6|69.7|0.00|0.01|43.1868|19.5054
21|25|0|180|1.5|4.8|180|15.6|69.5|0.00|0.01|43.1863|19.5054
21|26|0|180|0.0|4.8|180|15.5|69.4|0.00|0.01|43.1857|19.5054
21|27|0|180|0.0|4.8|180|15.6|69.2|0.00|0.01|43.1844|19.5054
21|28|0|180|0.0|4.8|180|15.5|69.1|0.00|0.01|43.1831|19.5054
21|29|0|180|1.6|4.8|180|15.2|69.1|0.00|0.01|43.1825|19.5054
21|30|0|180|1.5|4.8|180|15.2|69.0|0.00|0.01|43.1834|19.5054
21|31|0|180|1.5|4.8|180|15.0|69.0|0.00|0.01|43.1861|19.5054
21|34|0|180|0.0|4.8|180|14.5|69.0|0.00|0.01|43.1846|17.9036
21|35|0|180|1.5|4.8|180|14.3|69.0|0.00|0.01|43.1853|17.9036
21|36|0|180|0.0|4.8|180|14.7|69.0|0.00|0.01|43.1871|17.9036
21|37|0|315|0.0|4.8|180|14.8|68.9|0.00|0.01|43.188|17.1114
21|38|0|0|1.6|4.8|180|15.7|68.9|0.00|0.01|43.1907|18.7071
21|39|0|270|0.0|4.8|180|14.9|68.9|0.00|0.01|43.1909|17.1114
21|41|0|270|1.5|4.8|180|14.5|68.9|0.00|0.01|43.1904|17.1114
21|42|0|270|0.0|4.8|180|14.9|69.0|0.00|0.01|43.1944|17.9036
21|44|0|315|0.0|4.8|180|14.3|68.9|0.00|0.01|43.1955|17.1114
21|46|0|0|1.6|4.8|180|18.4|68.7|0.00|0.01|43.1966|22.9839
21|47|0|0|1.5|4.8|180|17.0|68.5|0.00|0.01|43.1952|21.6336
21|48|0|315|1.5|4.8|180|17.5|68.2|0.00|0.01|43.1959|21.6336
21|49|0|0|1.5|4.8|180|16.8|68.1|0.00|0.01|43.1982|20.211
21|50|0|0|1.6|4.8|180|17.2|67.9|0.00|0.01|43.1992|20.8237
21|51|0|0|1.5|4.8|180|16.5|67.8|0.00|0.01|43.2032|19.4065
21|53|0|0|1.5|4.8|180|16.4|67.6|0.00|0.01|43.204|19.4065
21|54|0|0|0.0|4.8|180|16.1|67.6|0.00|0.01|43.2059|19.4065
21|55|0|0|1.5|4.8|180|17.1|67.4|0.00|0.01|43.2035|20.8237
21|57|0|0|0.0|4.8|180|18.1|67.4|0.00|0.01|43.2058|22.1687
21|58|0|0|0.0|4.8|180|19.4|67.3|0.00|0.01|43.2056|23.449
21|59|0|0|1.5|4.8|180|19.2|67.2|0.00|0.01|43.2048|23.449
22|00|0|0|0.0|4.8|180|18.9|67.1|0.00|0.01|43.2051|22.1687
22|01|0|0|0.0|4.8|180|19.3|67.0|0.00|0.01|43.2028|23.449
22|02|0|0|0.0|4.8|180|18.9|66.9|0.00|0.01|43.2037|21.3531
22|03|0|0|0.0|4.8|180|18.8|66.9|0.00|0.01|43.2025|21.3531
22|04|0|0|1.5|4.8|180|18.6|66.8|0.00|0.01|43.2019|21.3531
22|06|0|135|0.0|4.8|180|18.4|66.7|0.00|0.01|43.2039|21.3531
22|08|0|225|0.0|4.8|180|18.8|66.5|0.00|0.01|43.2029|21.3531
22|09|0|225|0.0|4.8|180|19.9|66.4|0.00|0.01|43.2018|22.6284
22|10|0|180|1.5|4.8|180|20.2|66.4|0.00|0.01|43.2027|23.8455
22|11|0|135|1.5|4.8|180|21.2|66.2|0.00|0.01|43.2023|25.0099
22|12|0|135|0.0|4.8|180|21.5|66.2|0.00|0.01|43.2042|25.0099
22|13|0|135|1.5|4.8|180|21.5|66.1|0.00|0.01|43.2043|25.0099
22|14|0|180|1.5|4.8|180|22.5|66.0|0.00|0.01|43.2038|26.1261
22|16|0|135|2.9|4.8|180|21.5|65.6|0.00|0.01|43.2025|24.1796
22|17|0|45|1.6|4.8|180|20.4|65.5|0.00|0.01|43.2018|23.0199
22|19|0|90|0.0|4.8|180|19.5|65.4|0.00|0.01|43.2019|21.8075
22|20|0|90|0.0|4.8|180|19.2|65.4|0.00|0.01|43.2018|21.8075
22|21|0|45|0.0|4.8|180|20.0|65.3|0.00|0.01|43.2014|23.0199
22|23|0|315|0.0|4.8|180|21.4|65.1|0.00|0.01|43.2028|24.1796
22|24|0|90|1.5|4.8|180|20.3|65.1|0.00|0.01|43.2032|23.0199
22|25|0|90|2.9|4.8|180|19.6|65.0|0.00|0.01|43.2047|21.8075
22|26|0|135|0.0|4.8|180|19.7|65.0|0.00|0.01|43.2062|21.8075
22|27|0|180|1.5|4.8|180|20.8|64.9|0.00|0.01|43.2082|22.1938
22|28|0|180|3.2|4.8|180|21.3|64.7|0.00|0.01|43.2064|23.349
22|30|0|135|1.5|4.8|180|20.3|64.5|0.00|0.01|43.2053|22.1938
22|32|0|90|1.5|4.8|180|20.0|64.4|0.00|0.01|43.2074|22.1938
22|34|0|90|1.5|4.8|180|19.6|64.3|0.00|0.01|43.2082|20.9863
22|35|0|90|2.9|4.8|180|19.5|64.2|0.00|0.01|43.2115|20.9863
22|36|0|90|1.6|4.8|180|19.6|64.2|0.00|0.01|43.2099|20.9863
22|37|0|90|2.9|4.8|180|19.5|64.2|0.00|0.01|43.2101|20.9863
22|39|0|90|2.9|4.8|180|19.4|64.1|0.00|0.01|43.2098|20.9863
22|40|0|113|1.5|4.8|180|19.7|64.1|0.00|0.01|43.2115|20.9863
22|41|0|68|1.5|4.8|180|19.8|64.1|0.00|0.01|43.211|20.9863
22|43|0|45|0.0|4.8|180|20.3|64.0|0.00|0.01|43.2128|22.1938
22|44|0|45|0.0|4.8|180|20.6|64.0|0.00|0.01|43.2134|22.1938
22|45|0|90|1.5|4.8|180|20.6|64.0|0.00|0.01|43.213|22.1938
22|46|0|90|0.0|4.8|180|20.1|64.0|0.00|0.01|43.2112|22.1938
22|47|0|90|0.0|4.8|180|20.0|64.0|0.00|0.01|43.2131|22.1938
22|48|0|270|0.0|4.8|180|20.2|63.8|0.00|0.01|43.2116|21.3675
22|49|0|270|0.0|4.8|180|20.4|63.8|0.00|0.01|43.2126|21.3675
22|50|0|270|0.0|4.8|180|20.2|63.7|0.00|0.01|43.2133|21.3675
22|51|0|270|0.0|4.8|180|20.2|63.7|0.00|0.01|43.2119|21.3675
22|52|0|270|0.0|4.8|180|20.5|63.6|0.00|0.01|43.2134|21.3675
22|53|0|225|0.0|4.8|180|20.5|63.6|0.00|0.01|43.211|21.3675
22|55|0|45|0.0|4.8|180|20.4|63.4|0.00|0.01|43.2112|21.3675
22|56|0|90|1.5|4.8|180|20.6|63.3|0.00|0.01|43.2088|21.3675
22|58|0|90|0.0|4.8|180|20.0|63.3|0.00|0.01|43.2088|21.3675
22|59|0|135|0.0|4.8|180|19.9|63.2|0.00|0.01|43.209|20.1647
23|00|0|135|1.5|4.8|180|20.0|63.2|0.00|0.01|43.2075|21.3675
23|01|0|135|1.5|4.8|180|20.6|63.2|0.00|0.01|43.209|21.3675
23|02|0|135|0.0|4.8|180|20.4|63.0|0.00|0.01|43.2055|21.3675
23|03|0|135|0.0|4.8|180|20.6|63.0|0.00|0.01|43.2059|21.3675
23|04|0|135|0.0|4.8|180|21.0|62.9|0.00|0.01|43.2056|21.6868
23|05|0|135|0.0|4.8|180|20.9|62.8|0.00|0.01|43.2051|20.5408
23|07|0|135|0.0|4.8|180|21.1|62.7|0.00|0.01|43.2054|21.6868
23|09|0|45|0.0|4.8|180|21.9|62.7|0.00|0.01|43.2082|21.6868
23|11|0|135|0.0|4.8|180|22.2|62.6|0.00|0.01|43.2076|22.7854
23|12|0|135|1.5|4.8|180|22.5|62.5|0.00|0.01|43.2108|22.7854
23|13|0|180|1.5|4.8|180|23.1|62.4|0.00|0.01|43.2095|23.8406
23|14|0|180|1.5|4.8|180|23.4|62.3|0.00|0.01|43.2111|23.8406
23|15|0|180|1.5|4.8|180|23.2|62.0|0.00|0.01|43.2112|23.8406
23|16|0|180|0.0|4.8|180|23.2|61.9|0.00|0.01|43.2114|23.0004
23|17|0|45|0.0|4.8|180|23.2|61.8|0.00|0.01|43.2111|23.0004
23|18|0|45|0.0|4.8|180|23.5|61.7|0.00|0.01|43.2072|23.0004
23|19|0|45|1.5|4.8|180|24.1|61.6|0.00|0.01|43.2069|24.0116
23|20|0|0|0.0|4.8|180|24.7|61.5|0.00|0.01|43.2058|24.0116
23|21|0|0|1.5|4.8|180|28.0|61.4|0.00|0.01|43.2049|27.7153
23|22|0|0|0.0|4.8|180|29.5|61.4|0.00|0.01|43.2058|28.5676
23|23|0|0|0.0|4.8|180|29.1|61.1|0.00|0.01|43.2036|28.5676
23|24|0|0|0.0|4.8|180|28.5|61.0|0.00|0.01|43.203|27.7153
23|25|0|0|0.0|4.8|180|28.1|60.9|0.00|0.01|43.2018|26.8558
23|26|0|180|1.5|4.8|180|28.9|60.8|0.00|0.01|43.2008|26.8558
23|28|0|180|1.5|4.8|180|29.4|60.7|0.00|0.01|43.1987|27.7047
23|29|0|180|1.5|4.8|180|28.8|60.6|0.00|0.01|43.1971|26.8558
23|30|0|180|1.5|4.8|180|28.2|60.3|0.00|0.01|43.1962|26.8558
23|31|0|180|2.9|4.8|180|27.8|60.1|0.00|0.01|43.1964|25.9797
23|32|0|180|0.0|4.8|180|27.6|60.0|0.00|0.01|43.1959|25.9797
23|33|0|180|0.0|4.8|180|27.7|59.9|0.00|0.01|43.1959|25.1235
23|34|0|180|1.6|4.8|180|27.4|59.8|0.00|0.01|43.1943|25.1235
23|35|0|180|1.5|4.8|180|27.7|59.8|0.00|0.01|43.1956|25.1235
23|37|0|180|1.5|4.8|180|28.0|59.7|0.00|0.01|43.1931|25.996
23|39|0|90|0.0|4.8|180|28.0|59.7|0.00|0.01|43.1929|25.996
23|40|0|90|0.0|4.8|180|27.9|59.7|0.00|0.01|43.1924|25.1235
23|41|0|135|0.0|4.8|180|28.1|59.6|0.00|0.01|43.1933|25.996
23|42|0|135|0.0|4.8|180|28.4|59.7|0.00|0.01|43.1907|25.996
23|43|0|135|0.0|4.8|180|28.4|59.7|0.00|0.01|43.1903|25.996
23|44|0|135|0.0|4.8|180|28.4|59.6|0.00|0.01|43.1893|25.996
23|46|0|135|0.0|4.8|180|28.4|59.5|0.00|0.01|43.1905|25.996
23|47|0|180|0.0|4.8|180|29.2|59.5|0.00|0.01|43.1916|26.8414
23|48|0|180|0.0|4.8|180|29.7|59.5|0.00|0.01|43.1904|26.8414
23|49|0|180|0.0|4.8|180|29.8|59.3|0.00|0.01|43.1905|26.8414
23|51|0|180|0.0|4.8|180|29.6|59.2|0.00|0.01|43.1905|26.8414
23|52|0|180|0.0|4.8|180|29.2|59.2|0.00|0.01|43.1903|26.8414
23|53|0|180|0.0|4.8|180|29.1|59.2|0.00|0.01|43.1895|26.8414
23|54|0|180|0.0|4.8|180|29.1|59.2|0.00|0.01|43.1913|26.8414
23|55|0|180|0.0|4.8|180|29.1|59.2|0.00|0.01|43.1894|26.8414
23|56|0|180|0.0|4.8|180|30.6|59.2|0.00|0.01|43.1919|27.6614
23|57|0|180|0.0|4.8|180|31.7|59.2|0.00|0.01|43.1905|28.4575
23|59|0|45|0.0|4.8|180|31.8|59.1|0.00|0.01|43.1897|28.4575
