00|00|0|90|0.0|3.2|90|75.2|29.5|0.01|0.01|44.0412|22.0985
00|01|0|90|0.0|3.2|90|75.2|29.5|0.01|0.01|44.0409|22.0985
00|02|0|90|0.0|3.2|90|75.1|29.5|0.01|0.01|44.0402|22.0985
00|03|0|90|0.0|3.2|90|75.2|29.5|0.01|0.01|44.039|22.0985
00|04|0|90|1.5|3.2|90|75.7|29.5|0.01|0.01|44.0372|22.0985
00|05|0|90|1.5|3.2|90|76.1|29.5|0.00|0.01|44.0355|22.4113
00|07|0|90|1.5|3.2|90|76.3|29.4|0.00|0.01|44.0347|22.4113
00|08|0|90|1.5|3.2|90|76.4|29.5|0.00|0.01|44.038|22.4113
00|09|0|90|1.5|3.2|90|76.4|29.4|0.00|0.01|44.0351|22.4113
00|10|0|90|0.0|3.2|90|76.4|29.4|0.00|0.01|44.0326|22.4113
00|11|0|90|1.5|3.2|90|76.4|29.4|0.00|0.01|44.0312|22.4113
00|12|0|45|0.0|3.2|90|76.4|29.4|0.00|0.01|44.0332|22.4113
00|13|0|45|1.5|3.2|90|76.3|29.4|0.00|0.01|44.0352|22.4113
00|14|0|45|0.0|3.2|90|76.3|29.4|0.00|0.01|44.0364|22.4113
00|15|0|45|1.5|3.2|90|76.4|29.4|0.00|0.01|44.0344|22.4113
00|16|0|45|1.5|3.2|90|76.5|29.4|0.00|0.01|44.0344|22.4113
00|17|0|45|1.5|3.2|90|76.7|29.4|0.00|0.01|44.0318|22.4113
00|18|0|45|1.5|3.2|90|77.0|29.4|0.00|0.01|44.0294|22.7205
00|19|0|45|1.5|3.2|90|77.2|29.4|0.00|0.01|44.0295|22.7205
00|20|0|45|1.6|3.2|90|77.2|29.4|0.00|0.01|44.0283|22.7205
00|21|0|45|1.5|3.2|90|77.1|29.4|0.00|0.01|44.0304|22.7205
00|22|0|45|0.0|3.2|90|76.9|29.5|0.00|0.01|44.0305|22.4113
00|23|0|45|0.0|3.2|90|76.6|29.5|0.00|0.01|44.0289|22.4113
00|24|0|45|0.0|3.2|90|76.4|29.5|0.00|0.01|44.0288|22.4113
00|25|0|45|1.6|3.2|90|76.3|29.6|0.00|0.01|44.0291|22.4113
00|27|0|90|1.5|3.2|90|76.0|29.6|0.01|0.02|44.028|22.4113
00|28|0|90|1.5|3.2|90|75.7|29.6|0.01|0.02|44.0254|22.0985
00|29|0|90|1.6|3.2|90|75.4|29.7|0.01|0.02|44.0246|22.0985
00|30|0|90|1.5|3.2|90|75.1|29.7|0.01|0.02|44.0263|22.0985
00|31|0|90|1.6|3.2|90|75.0|29.7|0.01|0.02|44.0228|22.0985
00|32|0|90|0.0|3.2|90|74.7|29.7|0.01|0.02|44.022|21.782
00|33|0|90|1.5|3.2|90|74.6|29.9|0.01|0.02|44.021|21.782
00|34|0|90|1.5|3.2|90|74.3|29.9|0.01|0.02|44.0195|21.782
00|35|0|90|1.5|3.2|90|74.0|29.9|0.01|0.02|44.0171|21.782
00|36|0|90|1.5|3.2|90|74.0|30.0|0.01|0.02|44.0155|22.7482
00|37|0|90|1.5|3.2|90|74.0|30.0|0.01|0.02|44.0128|22.7482
00|38|0|90|1.5|3.2|90|73.8|30.0|0.01|0.02|44.0091|22.4263
00|39|0|90|1.6|3.2|90|73.6|30.1|0.01|0.02|44.0099|22.4263
00|40|0|90|1.5|3.2|90|73.4|30.1|0.01|0.02|44.011|22.4263
00|41|0|90|0.0|3.2|90|73.2|30.1|0.01|0.02|44.0102|22.4263
00|42|0|90|0.0|3.2|90|73.1|30.1|0.02|0.03|44.0118|22.4263
00|43|0|90|0.0|3.2|90|73.0|30.1|0.02|0.03|44.0107|22.4263
00|44|0|90|1.6|3.2|90|72.9|30.1|0.02|0.03|44.0083|22.1006
00|45|0|90|2.9|3.2|90|72.8|30.1|0.02|0.03|44.0076|22.1006
00|46|0|90|1.5|3.2|90|72.8|30.1|0.02|0.03|44.009|22.1006
00|47|0|90|1.5|3.2|90|72.8|30.0|0.02|0.03|44.0076|22.1006
00|49|0|90|1.5|3.2|90|72.8|30.0|0.02|0.03|44.0064|22.1006
00|50|0|90|1.5|3.2|90|72.7|30.0|0.02|0.03|44.0044|22.1006
00|51|0|90|1.5|3.2|90|72.7|30.0|0.02|0.03|44.0044|22.1006
00|52|0|90|0.0|3.2|90|72.7|30.0|0.02|0.03|44.0049|22.1006
00|53|0|90|0.0|3.2|90|72.7|30.0|0.02|0.03|44.0071|22.1006
00|54|0|90|0.0|3.2|90|72.7|30.0|0.02|0.03|44.0054|22.1006
00|55|0|90|0.0|3.2|90|72.7|30.0|0.02|0.03|44.0055|22.1006
00|56|0|90|1.5|3.2|90|72.6|30.0|0.02|0.03|44.0027|22.1006
00|57|0|90|1.6|3.2|90|72.6|30.1|0.02|0.03|44.0029|22.1006
00|59|0|90|1.5|3.2|90|72.4|30.1|0.02|0.03|44.0001|22.1006
01|00|0|90|0.0|3.2|90|72.4|30.0|0.02|0.03|43.9988|22.1006
01|01|0|90|1.5|3.2|90|72.4|30.0|0.02|0.03|43.9998|22.1006
01|02|0|90|1.5|3.2|90|72.5|30.0|0.02|0.03|44.0003|22.1006
01|04|0|90|0.0|3.2|90|72.4|30.0|0.02|0.03|44.0034|22.1006
01|05|0|90|0.0|3.2|90|72.3|30.0|0.02|0.03|44.0052|22.1006
01|06|0|90|0.0|3.2|90|72.2|30.0|0.02|0.03|44.0038|22.1006
01|07|0|90|0.0|3.2|90|72.1|30.0|0.02|0.03|44.0023|22.1006
01|08|0|90|0.0|3.2|90|72.0|29.9|0.02|0.03|44.0019|21.1373
01|10|0|90|1.5|3.2|90|72.1|29.9|0.02|0.03|44.0011|21.1373
01|11|0|90|1.5|3.2|90|72.1|29.9|0.02|0.03|43.9997|21.1373
01|12|0|90|0.0|3.2|90|72.0|29.9|0.02|0.03|43.9959|21.1373
01|14|0|90|1.5|3.2|90|72.1|29.7|0.02|0.03|43.9959|21.1373
01|15|0|90|1.5|3.2|90|72.2|29.7|0.02|0.03|43.9958|21.1373
01|16|0|90|0.0|3.2|90|72.4|29.6|0.02|0.03|43.9971|21.1373
01|17|0|90|0.0|3.2|90|72.4|29.6|0.02|0.03|44.0031|21.1373
01|18|0|90|0.0|3.2|90|72.4|29.6|0.02|0.03|44.0052|21.1373
01|19|0|90|0.0|3.2|90|72.4|29.6|0.02|0.03|44.0079|21.1373
01|20|0|90|0.0|3.2|90|72.5|29.5|0.02|0.03|44.0064|21.1373
01|21|0|90|0.0|3.2|90|72.5|29.5|0.02|0.03|44.0067|21.1373
01|22|0|90|0.0|3.2|90|72.5|29.5|0.02|0.03|44.0056|21.1373
01|23|0|90|0.0|3.2|90|72.4|29.4|0.02|0.03|44.0043|21.1373
01|24|0|90|0.0|3.2|90|72.3|29.4|0.02|0.03|44.0035|21.1373
01|25|0|90|0.0|3.2|90|72.3|29.4|0.02|0.03|44.0042|21.1373
01|26|0|90|0.0|3.2|90|72.3|29.3|0.01|0.03|44.0026|21.1373
01|27|0|90|0.0|3.2|90|72.4|29.2|0.01|0.03|44.0005|21.1373
01|28|0|90|1.6|3.2|90|72.5|29.2|0.01|0.03|44.0015|21.1373
01|29|0|90|1.5|3.2|90|72.7|29.2|0.01|0.03|44.0011|21.1373
01|30|0|90|1.5|3.2|90|72.9|29.1|0.01|0.03|43.9982|21.1373
01|32|0|90|0.0|3.2|90|73.2|29.0|0.01|0.03|43.9979|21.4616
01|33|0|90|1.5|3.2|90|73.4|29.0|0.01|0.03|43.9971|21.4616
01|34|0|180|0.0|3.2|90|73.7|28.8|0.01|0.03|43.995|20.4968
01|35|0|158|0.0|3.2|90|73.8|28.8|0.01|0.03|43.9948|20.4968
01|36|0|158|0.0|3.2|90|74.0|28.8|0.01|0.03|43.9925|20.8157
01|37|0|158|0.0|3.2|90|74.0|28.8|0.01|0.03|43.9938|20.8157
01|38|0|158|0.0|3.2|90|74.0|28.8|0.01|0.03|43.9927|20.8157
01|39|0|158|1.6|3.2|90|74.0|28.8|0.01|0.03|43.9925|20.8157
01|40|0|158|0.0|3.2|90|74.0|28.8|0.01|0.03|43.9943|20.8157
01|41|0|158|0.0|3.2|90|74.0|28.8|0.01|0.03|43.9943|20.8157
01|42|0|158|0.0|3.2|90|74.1|28.8|0.00|0.03|43.9929|20.8157
01|43|0|158|0.0|3.2|90|74.2|28.8|0.00|0.03|43.9926|20.8157
01|44|0|158|0.0|3.2|90|74.3|28.8|0.00|0.03|43.9907|20.8157
01|46|0|158|1.5|3.2|90|74.1|28.8|0.00|0.03|43.9901|20.8157
01|47|0|135|1.6|3.2|90|74.3|28.8|0.00|0.03|43.991|20.8157
01|48|0|135|1.5|3.2|90|74.4|28.8|0.00|0.03|43.9925|20.8157
01|49|0|135|1.6|3.2|90|74.4|28.7|0.00|0.03|43.991|20.8157
01|50|0|135|0.0|3.2|90|74.4|28.7|0.00|0.03|43.9883|20.8157
01|53|0|135|1.6|3.2|90|74.7|28.7|0.01|0.04|43.9899|20.8157
01|54|0|135|0.0|3.2|90|74.8|28.7|0.01|0.04|43.9887|20.8157
01|55|0|135|0.0|3.2|90|75.0|28.7|0.01|0.04|43.9884|21.1307
01|56|0|135|0.0|3.2|90|75.1|28.7|0.01|0.04|43.9903|21.1307
01|57|0|135|0.0|3.2|90|75.1|28.7|0.01|0.04|43.9881|21.1307
01|58|0|135|0.0|3.2|90|75.3|28.7|0.01|0.04|43.9872|21.1307
01|59|0|135|0.0|3.2|90|75.2|28.7|0.01|0.04|43.9884|21.1307
02|00|0|135|0.0|3.2|90|75.1|28.7|0.01|0.04|43.987|21.1307
02|01|0|135|0.0|3.2|90|75.0|28.7|0.01|0.04|43.9854|21.1307
02|02|0|135|1.5|3.2|90|75.1|28.7|0.01|0.04|43.9851|21.1307
02|03|0|135|0.0|3.2|90|75.4|28.7|0.01|0.04|43.9842|21.1307
02|04|0|45|1.5|3.2|90|75.6|28.7|0.01|0.04|43.9843|21.1307
02|05|0|45|0.0|3.2|90|75.7|28.6|0.01|0.04|43.9863|21.1307
02|06|0|45|0.0|3.2|90|75.6|28.6|0.01|0.04|43.9887|21.1307
02|07|0|45|0.0|3.2|90|75.5|28.6|0.01|0.04|43.9881|21.1307
02|08|0|45|0.0|3.2|90|75.4|28.6|0.01|0.04|43.9887|21.1307
02|10|0|45|0.0|3.2|90|75.4|28.6|0.01|0.04|43.9886|21.1307
02|11|0|45|0.0|3.2|90|75.4|28.6|0.01|0.04|43.9865|21.1307
02|13|0|180|0.0|3.2|90|75.4|28.5|0.01|0.04|43.9842|21.1307
02|14|0|180|0.0|3.2|90|75.2|28.5|0.01|0.04|43.9829|21.1307
02|15|0|180|0.0|3.2|90|75.1|28.5|0.01|0.04|43.9851|21.1307
02|16|0|180|0.0|3.2|90|74.9|28.5|0.01|0.04|43.9861|20.8157
02|17|0|180|0.0|3.2|90|75.0|28.4|0.01|0.04|43.9842|21.1307
02|18|0|180|0.0|3.2|90|75.1|28.4|0.01|0.04|43.9863|21.1307
02|19|0|180|0.0|3.2|90|75.1|28.4|0.01|0.04|43.9855|21.1307
02|20|0|180|0.0|3.2|90|75.0|28.3|0.01|0.04|43.9855|21.1307
02|21|0|180|1.5|3.2|90|75.1|28.3|0.01|0.04|43.9847|21.1307
02|22|0|180|0.0|3.2|90|75.1|28.2|0.01|0.04|43.9835|21.1307
02|23|0|180|0.0|3.2|90|75.1|28.1|0.01|0.04|43.982|21.1307
02|24|0|180|0.0|3.2|90|75.2|28.1|0.01|0.04|43.981|21.1307
02|25|0|180|0.0|3.2|90|75.3|28.1|0.01|0.04|43.9793|21.1307
02|26|0|180|0.0|3.2|90|75.3|28.0|0.01|0.04|43.9783|21.1307
02|27|0|180|0.0|3.2|90|75.4|28.0|0.01|0.04|43.9781|21.1307
02|28|0|180|0.0|3.2|90|75.7|27.8|0.01|0.04|43.9786|20.1629
02|29|0|180|0.0|3.2|90|75.9|27.8|0.01|0.04|43.9779|20.1629
02|30|0|180|0.0|3.2|90|76.3|27.8|0.02|0.05|43.9804|20.4728
02|31|0|180|0.0|3.2|90|76.6|27.8|0.02|0.05|43.9822|20.4728
02|32|0|180|0.0|3.2|90|76.8|27.8|0.02|0.05|43.9803|20.4728
02|34|0|180|0.0|3.2|90|76.8|27.8|0.02|0.05|43.9794|20.4728
02|36|0|180|0.0|3.2|90|76.5|27.8|0.02|0.05|43.9774|20.4728
02|37|0|180|0.0|3.2|90|76.4|27.8|0.02|0.05|43.9754|20.4728
02|38|0|180|0.0|3.2|90|76.3|28.0|0.02|0.05|43.9747|21.4421
02|39|0|180|0.0|3.2|90|76.3|28.0|0.02|0.05|43.9745|21.4421
02|40|0|180|0.0|3.2|90|76.3|27.8|0.02|0.05|43.9739|20.4728
02|41|0|180|0.0|3.2|90|76.3|27.8|0.02|0.05|43.9724|20.4728
02|42|0|180|0.0|3.2|90|76.2|27.8|0.03|0.07|43.9718|20.4728
02|43|0|180|0.0|3.2|90|76.2|27.8|0.03|0.07|43.9699|20.4728
02|44|0|180|0.0|3.2|90|76.3|27.8|0.03|0.07|43.9701|20.4728
02|45|0|180|0.0|3.2|90|76.2|27.8|0.03|0.07|43.9683|20.4728
02|46|0|180|1.5|3.2|90|76.1|27.8|0.03|0.07|43.9694|20.4728
02|47|0|180|2.9|3.2|90|76.0|27.7|0.04|0.08|43.9692|20.4728
02|48|0|180|1.5|3.2|90|75.8|27.7|0.04|0.08|43.969|20.1629
02|49|0|180|0.0|3.2|90|75.7|27.7|0.04|0.08|43.9687|20.1629
02|51|0|180|0.0|3.2|90|75.7|27.7|0.03|0.08|43.9707|20.1629
02|52|0|180|0.0|3.2|90|76.0|27.6|0.03|0.08|43.9677|20.4728
02|53|0|180|0.0|3.2|90|76.2|27.6|0.03|0.08|43.9694|20.4728
02|54|0|180|0.0|3.2|90|76.3|27.6|0.03|0.08|43.9693|20.4728
02|56|0|180|0.0|3.2|90|76.2|27.6|0.03|0.08|43.9682|20.4728
02|57|0|180|1.5|3.2|90|76.2|27.6|0.03|0.08|43.9685|20.4728
02|58|0|180|1.6|3.2|90|76.3|27.6|0.03|0.08|43.9662|20.4728
02|59|0|180|0.0|3.2|90|76.3|27.6|0.03|0.08|43.9667|20.4728
03|00|0|180|1.5|3.2|90|76.2|27.6|0.03|0.08|43.9675|20.4728
03|01|0|180|0.0|3.2|90|76.2|27.5|0.03|0.08|43.9647|20.4728
03|02|0|180|1.5|3.2|90|76.1|27.5|0.03|0.08|43.9649|20.4728
03|03|0|180|0.0|3.2|90|76.0|27.5|0.03|0.08|43.9636|20.4728
03|04|0|180|1.5|3.2|90|76.3|27.5|0.03|0.08|43.9611|20.4728
03|05|0|180|0.0|3.2|90|76.6|27.5|0.03|0.08|43.9617|20.4728
03|06|0|180|0.0|3.2|90|76.6|27.4|0.03|0.08|43.961|20.4728
03|07|0|180|0.0|3.2|90|76.4|27.4|0.03|0.08|43.9597|20.4728
03|08|0|180|1.5|3.2|90|76.5|27.4|0.03|0.08|43.9613|20.4728
03|09|0|180|1.5|3.2|90|76.6|27.4|0.03|0.08|43.9634|20.4728
03|11|0|180|1.5|3.2|90|76.5|27.3|0.03|0.08|43.9617|20.4728
03|12|0|180|0.0|3.2|90|76.6|27.3|0.03|0.08|43.9622|20.4728
03|13|0|180|1.5|3.2|90|76.5|27.3|0.03|0.08|43.961|20.4728
03|14|0|180|0.0|3.2|90|76.3|27.2|0.03|0.08|43.963|20.4728
03|16|0|180|1.6|3.2|90|75.6|26.9|0.03|0.08|43.9658|19.195
03|17|0|180|2.9|3.2|90|76.0|26.7|0.03|0.08|43.9629|19.5035
03|18|0|180|1.5|3.2|90|76.9|26.6|0.03|0.08|43.9637|19.5035
03|19|0|180|1.5|3.2|90|77.6|26.6|0.03|0.08|43.962|19.8084
03|20|0|180|1.6|3.2|90|78.4|26.5|0.03|0.08|43.961|20.1098
03|22|0|180|1.5|3.2|90|79.1|26.3|0.03|0.08|43.9597|20.4078
03|23|0|180|1.6|3.2|90|79.2|26.3|0.03|0.08|43.9621|20.4078
03|24|0|180|1.5|3.2|90|79.2|26.3|0.03|0.08|43.9641|20.4078
03|25|0|180|0.0|3.2|90|79.2|26.3|0.03|0.08|43.9663|20.4078
03|26|0|180|0.0|3.2|90|78.9|26.1|0.03|0.08|43.9654|20.1098
03|27|0|180|0.0|3.2|90|78.7|26.1|0.03|0.08|43.9679|20.1098
03|28|0|180|0.0|3.2|90|78.8|26.1|0.03|0.08|43.9667|20.1098
03|29|0|180|1.5|3.2|90|79.2|26.1|0.02|0.08|43.9668|20.4078
03|31|0|180|0.0|3.2|90|79.5|26.1|0.03|0.09|43.9652|20.4078
03|32|0|180|1.5|3.2|90|79.7|26.1|0.03|0.09|43.9649|20.4078
03|33|0|180|0.0|3.2|90|79.7|26.1|0.03|0.09|43.9667|20.4078
03|35|0|180|0.0|3.2|90|79.8|26.1|0.03|0.09|43.9637|20.4078
03|36|0|180|1.5|3.2|90|79.8|26.3|0.03|0.09|43.9631|20.4078
03|38|0|180|0.0|3.2|90|79.7|26.3|0.03|0.09|43.9617|20.4078
03|39|0|180|0.0|3.2|90|79.6|26.4|0.03|0.09|43.9584|20.4078
03|41|0|180|0.0|3.2|90|79.4|26.4|0.03|0.09|43.9565|20.4078
03|42|0|180|0.0|3.2|90|79.3|26.5|0.02|0.09|43.9567|20.4078
03|43|0|180|0.0|3.2|90|79.2|26.5|0.02|0.09|43.9575|20.4078
03|44|0|180|0.0|3.2|90|78.9|26.5|0.02|0.09|43.9574|20.1098
03|45|0|180|1.5|3.2|90|78.8|26.6|0.02|0.09|43.9609|20.1098
03|46|0|180|0.0|3.2|90|78.9|26.6|0.02|0.09|43.9579|20.1098
03|47|0|180|0.0|3.2|90|78.7|26.6|0.01|0.09|43.9578|20.1098
03|48|0|180|1.5|3.2|90|78.6|26.5|0.01|0.09|43.9584|20.1098
03|49|0|180|2.9|3.2|90|78.5|26.5|0.01|0.09|43.9603|20.1098
03|51|0|180|1.5|3.2|90|78.2|26.4|0.01|0.09|43.9564|20.1098
03|53|0|180|0.0|3.2|90|78.3|26.4|0.01|0.09|43.9572|20.1098
03|54|0|180|1.6|3.2|90|78.6|26.3|0.01|0.09|43.9562|20.1098
03|55|0|180|1.5|3.2|90|78.8|26.3|0.01|0.09|43.9531|20.1098
03|56|0|180|1.5|3.2|90|78.9|26.1|0.01|0.09|43.9525|20.1098
03|57|0|180|1.5|3.2|90|79.2|26.1|0.01|0.09|43.9526|20.4078
03|58|0|180|1.6|3.2|90|79.3|26.1|0.01|0.09|43.9516|20.4078
03|59|0|180|0.0|3.2|90|79.3|26.1|0.01|0.09|43.9499|20.4078
04|01|0|180|0.0|3.2|90|78.9|26.1|0.02|0.10|43.9495|20.1098
04|02|0|180|0.0|3.2|90|78.8|26.1|0.02|0.10|43.9488|20.1098
04|03|0|180|1.5|3.2|90|78.9|26.1|0.02|0.10|43.9477|20.1098
04|04|0|180|0.0|3.2|90|79.3|26.1|0.02|0.10|43.9458|20.4078
04|06|0|180|1.5|3.2|90|79.0|26.1|0.02|0.10|43.9453|20.4078
04|07|0|180|1.5|3.2|90|78.5|26.0|0.02|0.10|43.9427|20.1098
04|08|0|180|0.0|3.2|90|78.2|26.1|0.02|0.10|43.9429|20.1098
04|09|0|180|0.0|3.2|90|78.1|26.1|0.02|0.10|43.9468|20.1098
04|10|0|180|0.0|3.2|90|78.1|26.0|0.02|0.10|43.9469|20.1098
04|12|0|180|0.0|3.2|90|78.1|26.0|0.02|0.10|43.9491|20.1098
04|14|0|180|0.0|3.2|90|77.9|25.9|0.02|0.10|43.9475|18.8375
04|15|0|180|0.0|3.2|90|77.8|25.9|0.02|0.10|43.9517|18.8375
04|16|0|180|0.0|3.2|90|78.0|25.8|0.02|0.10|43.9488|19.1375
04|17|0|180|0.0|3.2|90|78.2|25.8|0.02|0.10|43.9476|19.1375
04|18|0|180|0.0|3.2|90|78.3|25.7|0.02|0.10|43.9443|19.1375
04|19|0|180|0.0|3.2|90|78.6|25.7|0.02|0.10|43.9445|19.1375
04|20|0|180|0.0|3.2|90|78.9|25.6|0.02|0.10|43.9435|19.1375
04|21|0|180|0.0|3.2|90|79.3|25.6|0.02|0.10|43.9429|19.4341
04|22|0|180|0.0|3.2|90|79.4|25.6|0.02|0.10|43.9406|19.4341
04|23|0|180|0.0|3.2|90|79.5|25.6|0.02|0.10|43.9443|19.4341
04|24|0|180|0.0|3.2|90|79.6|25.5|0.02|0.10|43.9402|19.4341
04|25|0|180|0.0|3.2|90|79.5|25.5|0.02|0.10|43.942|19.4341
04|26|0|180|1.5|3.2|90|79.2|25.4|0.02|0.10|43.9416|19.4341
04|28|0|180|0.0|3.2|90|78.8|25.4|0.02|0.10|43.9421|19.1375
04|29|0|180|0.0|3.2|90|78.7|25.2|0.01|0.10|43.9414|19.1375
04|30|0|180|0.0|3.2|90|78.6|25.2|0.01|0.10|43.9404|19.1375
04|32|0|180|1.5|3.2|90|78.4|25.1|0.01|0.10|43.9379|19.1375
04|33|0|180|0.0|3.2|90|78.3|25.1|0.01|0.10|43.939|19.1375
04|34|0|180|0.0|3.2|90|78.3|25.0|0.01|0.10|43.9354|19.1375
04|36|0|180|0.0|3.2|90|78.4|25.0|0.02|0.11|43.9346|19.1375
04|37|0|180|0.0|3.2|90|78.8|25.0|0.02|0.11|43.9359|19.1375
04|38|0|180|0.0|3.2|90|78.9|24.9|0.02|0.11|43.9361|18.1652
04|40|0|180|0.0|3.2|90|78.8|24.9|0.02|0.11|43.9387|18.1652
04|41|0|180|0.0|3.2|90|78.8|24.9|0.02|0.11|43.9406|18.1652
04|42|0|180|0.0|3.2|90|78.8|24.8|0.02|0.11|43.939|18.1652
04|43|0|180|0.0|3.2|90|78.8|24.8|0.02|0.11|43.9394|18.1652
04|44|0|180|1.5|3.2|90|78.7|24.7|0.02|0.11|43.9368|18.1652
04|45|0|180|2.9|3.2|90|78.8|24.7|0.02|0.11|43.9379|18.1652
04|46|0|180|0.0|3.2|90|79.0|24.7|0.02|0.11|43.9405|18.4604
04|47|0|180|0.0|3.2|90|79.1|24.7|0.02|0.11|43.9412|18.4604
04|48|0|180|1.5|3.2|90|79.4|24.7|0.02|0.11|43.9467|18.4604
04|49|0|180|0.0|3.2|90|79.7|24.6|0.02|0.11|43.9491|18.4604
04|51|0|180|1.5|3.2|90|79.7|24.6|0.02|0.11|43.9534|18.4604
04|52|0|180|1.5|3.2|90|79.3|24.5|0.02|0.11|43.9514|18.4604
04|53|0|180|0.0|3.2|90|78.8|24.3|0.02|0.11|43.9529|18.1652
04|54|0|180|1.5|3.2|90|79.0|24.3|0.02|0.11|43.9529|18.4604
04|56|0|180|1.5|3.2|90|80.2|24.1|0.02|0.11|43.9466|18.7523
04|57|0|180|0.0|3.2|90|80.6|24.1|0.02|0.11|43.9442|18.7523
04|58|0|180|0.0|3.2|90|80.7|24.1|0.02|0.11|43.9411|18.7523
04|59|0|180|0.0|3.2|90|80.5|24.1|0.02|0.11|43.9431|18.7523
05|00|0|180|0.0|3.2|90|80.3|24.0|0.02|0.11|43.9405|18.7523
05|01|0|180|0.0|3.2|90|80.1|24.0|0.01|0.11|43.941|18.7523
05|02|0|180|0.0|3.2|90|79.9|24.0|0.01|0.11|43.9451|18.4604
05|03|0|180|0.0|3.2|90|79.8|24.0|0.01|0.11|43.9481|18.4604
05|04|0|180|1.6|3.2|90|79.3|23.9|0.01|0.11|43.9483|17.4866
05|06|0|180|0.0|3.2|90|79.2|23.7|0.01|0.11|43.9454|17.4866
05|07|0|180|0.0|3.2|90|79.6|23.6|0.01|0.11|43.9444|17.4866
05|08|0|180|1.6|3.2|90|80.0|23.6|0.01|0.11|43.9424|17.7772
05|10|0|180|1.5|3.2|90|80.4|23.5|0.01|0.11|43.9419|17.7772
05|11|0|180|1.5|3.2|90|80.6|23.5|0.01|0.11|43.9427|17.7772
05|12|0|180|0.0|3.2|90|80.9|23.5|0.01|0.11|43.9428|17.7772
05|13|0|180|0.0|3.2|90|81.4|23.3|0.01|0.11|43.942|18.0645
05|14|0|180|0.0|3.2|90|81.6|23.3|0.01|0.11|43.94|18.0645
05|15|0|180|0.0|3.2|90|81.6|23.3|0.01|0.11|43.9394|18.0645
05|17|0|180|0.0|3.2|90|81.2|23.3|0.01|0.11|43.9371|18.0645
05|18|0|180|0.0|3.2|90|80.8|23.3|0.01|0.11|43.9381|17.7772
05|19|0|180|0.0|3.2|90|80.6|23.3|0.01|0.11|43.9381|17.7772
05|21|0|180|0.0|3.2|90|80.8|23.3|0.01|0.11|43.9379|17.7772
05|22|0|180|0.0|3.2|90|80.8|23.3|0.01|0.11|43.9379|17.7772
05|23|0|180|0.0|3.2|90|80.9|23.3|0.01|0.11|43.9378|17.7772
05|24|0|180|0.0|3.2|90|81.4|23.3|0.01|0.11|43.9371|18.0645
05|25|0|45|1.6|3.2|90|81.7|23.3|0.01|0.11|43.9366|18.0645
05|26|0|68|1.6|4.4|45|81.9|23.3|0.02|0.12|43.9353|18.0645
05|27|0|90|1.5|4.4|45|82.3|23.3|0.02|0.12|43.9345|18.3487
05|28|0|90|0.0|4.4|45|82.7|23.5|0.02|0.12|43.9364|18.3487
05|30|0|90|1.5|4.4|45|83.0|23.3|0.02|0.12|43.9339|18.6298
05|31|0|90|1.5|4.4|45|83.1|23.5|0.02|0.12|43.9347|18.6298
05|32|0|90|0.0|4.4|45|83.2|23.5|0.02|0.12|43.9349|18.6298
05|33|0|90|0.0|4.4|45|83.4|23.6|0.02|0.12|43.9338|18.6298
05|34|0|179|0.0|4.4|45|83.4|23.6|0.03|0.13|43.9327|18.6298
05|35|0|90|1.6|4.4|45|83.4|23.6|0.03|0.13|43.9321|18.6298
05|36|0|90|0.0|4.4|45|83.3|23.7|0.02|0.13|43.9336|18.6298
05|37|0|90|0.0|4.4|45|83.0|23.7|0.02|0.13|43.9329|18.6298
05|38|0|90|0.0|4.4|45|82.7|23.8|0.02|0.13|43.9322|18.3487
05|39|0|90|0.0|4.4|45|82.3|23.8|0.02|0.13|43.935|18.3487
05|40|0|90|0.0|4.4|45|82.1|23.8|0.02|0.13|43.9347|18.3487
05|41|0|90|0.0|4.4|45|81.9|23.8|0.02|0.13|43.9366|18.0645
05|42|0|90|0.0|4.4|45|81.8|23.8|0.02|0.13|43.9394|18.0645
05|43|0|90|0.0|4.4|45|81.7|23.8|0.02|0.13|43.9398|18.0645
05|44|0|90|0.0|4.4|45|81.5|23.8|0.02|0.13|43.9409|18.0645
05|45|0|90|0.0|4.4|45|81.1|23.8|0.02|0.13|43.9427|18.0645
05|46|0|90|0.0|4.4|45|80.9|23.8|0.02|0.13|43.9416|17.7772
05|47|0|90|0.0|4.4|45|80.9|23.8|0.02|0.13|43.9396|17.7772
05|48|0|90|0.0|4.4|45|80.9|23.7|0.02|0.13|43.9379|17.7772
05|49|0|90|0.0|4.4|45|80.8|23.7|0.02|0.13|43.9391|17.7772
05|51|0|90|0.0|4.4|45|80.8|23.7|0.02|0.13|43.9391|17.7772
05|52|0|90|0.0|4.4|45|80.9|23.7|0.02|0.13|43.9389|17.7772
05|53|0|90|0.0|4.4|45|81.2|23.7|0.02|0.13|43.9414|18.0645
05|54|0|90|1.5|4.4|45|81.3|23.6|0.02|0.13|43.9437|18.0645
05|55|0|90|1.6|4.4|45|81.5|23.6|0.02|0.13|43.9449|18.0645
05|56|0|90|0.0|4.4|45|81.7|23.6|0.02|0.13|43.9459|18.0645
05|57|0|90|0.0|4.4|45|81.7|23.6|0.02|0.13|43.9444|18.0645
05|58|0|90|0.0|4.4|45|81.6|23.6|0.02|0.13|43.9473|18.0645
05|59|0|90|0.0|4.4|45|81.5|23.6|0.02|0.13|43.9445|18.0645
06|00|0|90|0.0|4.4|45|81.4|23.6|0.02|0.13|43.9465|18.0645
06|01|0|90|0.0|4.4|45|81.2|23.6|0.02|0.13|43.9457|18.0645
06|02|0|90|0.0|4.4|45|81.2|23.6|0.02|0.13|43.9459|18.0645
06|03|0|90|0.0|4.4|45|81.2|23.6|0.02|0.13|43.9458|18.0645
06|04|0|90|0.0|4.4|45|81.2|23.6|0.02|0.13|43.947|18.0645
06|05|0|90|0.0|4.4|45|81.2|23.6|0.02|0.13|43.9458|18.0645
06|06|0|90|0.0|4.4|45|81.3|23.5|0.03|0.14|43.9421|18.0645
06|07|0|90|0.0|4.4|45|81.3|23.6|0.03|0.14|43.944|18.0645
06|08|0|90|0.0|4.4|45|81.3|23.6|0.03|0.14|43.9441|18.0645
06|09|0|90|2.9|4.4|45|81.5|23.6|0.03|0.14|43.9442|18.0645
06|10|0|90|1.5|4.4|45|81.8|23.6|0.03|0.14|43.9417|18.0645
06|11|0|90|2.9|4.4|45|82.1|23.6|0.03|0.14|43.9409|18.3487
06|12|0|90|1.5|4.4|45|82.5|23.6|0.03|0.14|43.9402|18.3487
06|14|0|90|1.6|4.4|45|82.8|23.6|0.03|0.14|43.9414|18.3487
06|15|0|90|0.0|4.4|45|82.8|23.6|0.04|0.15|43.9406|18.3487
06|16|0|90|0.0|4.4|45|82.7|23.7|0.04|0.15|43.9428|18.3487
06|17|0|90|0.0|4.4|45|82.6|23.6|0.04|0.15|43.9408|18.3487
06|18|0|225|1.5|4.4|45|82.5|23.7|0.04|0.15|43.9418|18.3487
06|19|0|225|1.6|4.4|45|82.5|23.7|0.04|0.15|43.9431|18.3487
06|20|0|225|0.0|4.4|45|82.4|23.7|0.04|0.15|43.9417|18.3487
06|21|0|225|1.5|4.4|45|82.3|23.7|0.04|0.15|43.9427|18.3487
06|22|0|225|0.0|4.4|45|82.3|23.8|0.04|0.15|43.9425|18.3487
06|24|0|225|0.0|4.4|45|82.4|23.8|0.04|0.15|43.943|18.3487
06|25|0|225|0.0|4.4|45|82.6|23.8|0.04|0.15|43.9427|18.3487
06|26|0|225|0.0|4.4|45|82.8|23.9|0.03|0.15|43.9453|18.3487
06|27|0|225|0.0|4.4|45|82.9|23.9|0.03|0.15|43.9441|18.3487
06|29|0|225|0.0|4.4|45|83.0|23.9|0.03|0.15|43.9418|18.6298
06|30|0|225|0.0|4.4|45|83.0|24.0|0.03|0.15|43.9437|19.609
06|31|0|225|0.0|4.4|45|83.0|24.0|0.03|0.15|43.9456|19.609
06|32|0|225|0.0|4.4|45|82.9|24.0|0.03|0.15|43.9454|19.3265
06|34|0|180|0.0|4.4|45|82.8|24.1|0.02|0.15|43.9467|19.3265
06|35|0|90|1.5|4.4|45|82.6|24.1|0.02|0.15|43.9492|19.3265
06|36|0|90|1.5|4.4|45|82.3|24.0|0.02|0.15|43.9495|19.3265
06|37|0|90|0.0|4.4|45|82.1|24.0|0.02|0.15|43.9513|19.3265
06|39|0|90|1.5|4.4|45|81.9|24.0|0.02|0.15|43.9545|19.041
06|40|0|90|1.5|4.4|45|82.1|24.0|0.02|0.15|43.9542|19.3265
06|41|0|90|1.6|4.4|45|82.3|24.0|0.02|0.15|43.9547|19.3265
06|42|0|90|0.0|4.4|45|82.4|24.0|0.02|0.15|43.9525|19.3265
06|43|0|90|1.5|4.4|45|82.6|24.0|0.02|0.15|43.9508|19.3265
06|44|0|90|1.5|4.4|45|82.8|24.0|0.02|0.15|43.9502|19.3265
06|45|0|90|1.5|4.4|45|82.9|24.0|0.02|0.15|43.9477|19.3265
06|46|0|90|0.0|4.4|45|82.9|24.0|0.02|0.15|43.9454|19.3265
06|47|0|90|1.5|4.4|45|82.8|24.1|0.02|0.15|43.9462|19.3265
06|48|0|90|1.5|4.4|45|82.8|24.1|0.02|0.15|43.9467|19.3265
06|49|0|45|1.6|4.4|45|82.7|24.1|0.02|0.15|43.9463|19.3265
06|50|0|45|0.0|4.4|45|82.7|24.2|0.02|0.15|43.9476|19.3265
06|51|0|45|0.0|4.4|45|82.7|24.2|0.02|0.15|43.9498|19.3265
06|52|0|45|0.0|4.4|45|82.6|24.3|0.02|0.15|43.95|19.3265
06|53|0|45|0.0|4.4|45|82.6|24.3|0.02|0.15|43.9477|19.3265
06|54|0|45|1.6|4.4|45|82.5|24.5|0.02|0.15|43.9465|19.3265
06|56|0|45|0.0|4.4|45|82.4|24.5|0.02|0.15|43.9436|19.3265
06|57|0|90|1.5|4.4|45|82.2|24.6|0.02|0.15|43.9418|19.3265
06|58|0|90|1.5|4.4|45|82.1|24.6|0.02|0.15|43.9388|19.3265
06|59|0|90|0.0|4.4|45|82.1|24.6|0.02|0.15|43.9401|19.3265
07|00|0|90|1.6|4.4|45|82.0|24.6|0.02|0.15|43.9413|19.3265
07|01|0|90|0.0|4.4|45|81.9|24.7|0.03|0.17|43.9416|19.041
07|02|0|90|0.0|4.4|45|81.8|24.7|0.03|0.17|43.9417|19.041
07|03|0|90|0.0|4.4|45|81.7|24.8|0.03|0.17|43.9446|19.041
07|04|0|90|0.0|4.4|45|81.6|24.8|0.03|0.17|43.9436|19.041
07|05|0|90|0.0|4.4|45|81.6|24.8|0.03|0.17|43.943|19.041
07|06|0|90|1.5|4.4|45|81.6|24.8|0.02|0.17|43.9433|19.041
07|07|0|90|1.5|4.4|45|81.5|24.9|0.02|0.17|43.9453|19.041
07|08|0|90|0.0|4.4|45|81.3|24.9|0.02|0.17|43.9472|19.041
07|09|0|90|0.0|4.4|45|81.2|24.9|0.03|0.18|43.9465|19.041
07|10|0|90|0.0|4.4|45|81.1|25.0|0.03|0.18|43.9461|20.0174
07|11|0|90|1.6|4.4|45|81.0|25.0|0.03|0.18|43.9424|20.0174
07|12|0|90|0.0|4.4|45|80.9|25.0|0.03|0.18|43.9382|19.7274
07|13|0|90|0.0|4.4|45|80.7|25.0|0.03|0.18|43.9386|19.7274
07|14|0|90|0.0|4.4|45|80.5|25.1|0.02|0.18|43.9405|19.7274
07|15|0|90|1.5|4.4|45|80.4|25.1|0.02|0.18|43.9403|19.7274
07|16|0|90|0.0|4.4|45|80.3|25.1|0.02|0.18|43.9397|19.7274
07|18|0|90|1.5|4.4|45|80.2|25.1|0.02|0.18|43.9397|19.7274
07|20|0|45|1.5|4.4|45|79.9|25.4|0.02|0.18|43.9385|19.4341
07|21|0|45|1.6|4.4|45|79.9|25.2|0.02|0.18|43.9355|19.4341
07|22|0|90|1.5|4.4|45|80.0|25.4|0.02|0.18|43.9352|19.7274
07|26|0|90|1.5|4.4|45|80.1|25.4|0.02|0.18|43.9348|19.7274
07|27|0|90|0.0|4.4|45|80.0|25.4|0.02|0.18|43.9372|19.7274
07|28|0|90|1.5|4.4|45|79.8|25.4|0.02|0.18|43.9349|19.4341
07|29|0|90|1.5|4.4|45|79.6|25.4|0.02|0.18|43.9338|19.4341
07|30|0|90|1.6|4.4|45|79.3|25.4|0.02|0.18|43.9324|19.4341
07|31|0|90|1.5|4.4|45|79.1|25.4|0.02|0.18|43.9302|19.4341
07|32|0|90|0.0|4.4|45|79.1|25.4|0.02|0.18|43.9298|19.4341
07|33|0|90|1.5|4.4|45|79.2|25.4|0.02|0.18|43.9294|19.4341
07|34|0|90|1.5|4.4|45|79.4|25.4|0.03|0.19|43.9292|19.4341
07|35|0|90|0.0|4.4|45|79.6|25.5|0.03|0.19|43.9294|19.4341
07|37|0|90|1.5|4.4|45|79.5|25.5|0.03|0.19|43.9273|19.4341
07|38|0|90|1.5|4.4|45|79.2|25.5|0.03|0.19|43.9228|19.4341
07|39|0|90|1.6|4.4|45|78.9|25.6|0.03|0.19|43.9241|19.1375
07|40|0|90|1.5|4.4|45|78.6|25.6|0.03|0.19|43.922|19.1375
07|42|0|90|0.0|4.4|45|78.4|25.8|0.03|0.19|43.9253|19.1375
07|43|0|90|0.0|4.4|45|78.3|25.8|0.03|0.19|43.924|19.1375
07|44|0|90|0.0|4.4|45|78.1|25.8|0.03|0.19|43.922|19.1375
07|45|0|90|1.5|4.4|45|77.9|25.9|0.03|0.19|43.9248|18.8375
07|47|0|90|1.5|4.4|45|77.6|25.9|0.04|0.20|43.9238|18.8375
07|48|0|90|1.5|4.4|45|77.3|25.9|0.04|0.20|43.9238|18.8375
07|49|0|90|1.5|4.4|45|77.3|26.0|0.04|0.20|43.927|19.8084
07|50|0|90|1.5|4.4|45|77.3|26.0|0.04|0.20|43.9272|19.8084
07|51|0|90|1.5|4.4|45|77.2|26.0|0.05|0.21|43.9249|19.8084
07|52|0|90|1.5|4.4|45|77.2|26.0|0.05|0.21|43.9249|19.8084
07|53|0|90|1.6|4.4|45|77.1|26.0|0.05|0.21|43.9253|19.8084
07|54|0|225|1.5|4.4|45|76.8|26.0|0.05|0.21|43.9225|19.5035
07|55|0|225|1.6|4.4|45|76.3|26.0|0.05|0.21|43.9229|19.5035
07|57|0|270|0.0|4.4|45|76.1|26.0|0.05|0.21|43.9212|19.5035
07|58|0|270|0.0|4.4|45|76.2|26.1|0.05|0.21|43.9219|19.5035
07|59|0|270|1.6|4.4|45|76.2|26.1|0.05|0.21|43.922|19.5035
08|00|0|270|0.0|4.4|45|76.2|26.1|0.04|0.21|43.92|19.5035
08|01|0|270|0.0|4.4|45|76.2|26.1|0.04|0.21|43.9211|19.5035
08|02|0|270|0.0|4.4|45|76.2|26.1|0.04|0.21|43.9217|19.5035
08|03|0|270|0.0|4.4|45|76.1|26.1|0.04|0.21|43.9196|19.5035
08|04|0|270|0.0|4.4|45|76.0|26.3|0.04|0.21|43.9189|19.5035
08|05|0|270|0.0|4.4|45|75.8|26.3|0.05|0.22|43.9159|19.195
08|06|0|270|0.0|4.4|45|75.7|26.4|0.05|0.22|43.9189|19.195
08|07|0|270|0.0|4.4|45|75.7|26.5|0.05|0.22|43.9211|19.195
08|08|0|270|0.0|4.4|45|75.6|26.6|0.05|0.22|43.9221|19.195
08|09|0|270|0.0|4.4|45|75.6|26.7|0.04|0.22|43.9208|19.195
08|10|0|270|0.0|4.4|45|75.5|26.8|0.04|0.22|43.9186|19.195
08|11|0|270|1.5|4.4|45|75.2|26.9|0.04|0.22|43.9206|19.195
08|12|0|270|0.0|4.4|45|75.1|27.0|0.04|0.22|43.921|20.1629
08|14|0|270|0.0|4.4|45|75.0|27.0|0.04|0.22|43.922|20.1629
08|15|0|270|1.5|4.4|45|75.0|27.2|0.04|0.22|43.9187|20.1629
08|16|0|270|1.5|4.4|45|74.9|27.2|0.04|0.22|43.9197|19.8493
08|17|0|270|1.6|4.4|45|74.6|27.3|0.04|0.22|43.9186|19.8493
08|19|0|270|0.0|4.4|45|74.4|27.5|0.04|0.22|43.9126|19.8493
08|21|0|270|1.5|4.4|45|74.0|27.8|0.04|0.22|43.9126|19.8493
08|22|0|270|1.6|4.4|45|73.9|28.1|0.04|0.22|43.9082|20.4968
08|23|0|225|3.2|4.4|45|73.8|28.4|0.04|0.22|43.907|20.4968
08|24|0|225|1.5|4.4|45|73.7|28.7|0.04|0.22|43.9061|20.4968
08|25|0|225|1.5|4.4|45|73.6|29.0|0.04|0.22|43.9059|21.4616
08|27|0|225|0.0|4.4|45|73.0|29.5|0.04|0.22|43.9092|21.4616
08|28|0|225|1.6|4.4|45|72.3|29.7|0.04|0.22|43.9093|21.1373
08|29|0|270|1.5|4.4|45|71.4|30.0|0.04|0.22|43.9098|21.7707
08|30|0|270|1.5|4.4|45|70.6|30.2|0.04|0.22|43.9101|21.4368
08|31|0|270|1.6|4.4|45|70.0|30.4|0.04|0.22|43.9052|21.4368
08|32|0|270|1.5|4.4|45|69.7|30.6|0.04|0.22|43.9062|21.0986
08|33|0|270|0.0|4.4|45|69.4|30.9|0.04|0.23|43.9038|21.0986
08|34|0|270|1.5|4.4|45|69.0|31.0|0.04|0.23|43.8995|22.0571
08|36|0|270|1.6|4.4|45|68.6|31.2|0.04|0.23|43.8989|21.7129
08|37|0|270|0.0|4.4|45|68.2|31.3|0.04|0.23|43.9001|21.7129
08|38|0|270|1.6|4.4|45|67.8|31.5|0.04|0.23|43.9029|21.3642
08|39|0|270|1.5|4.4|45|67.4|31.7|0.05|0.24|43.9038|21.3642
08|40|0|270|1.5|4.4|45|67.1|31.9|0.05|0.24|43.9048|21.3642
08|41|0|270|0.0|4.4|45|67.0|32.0|0.05|0.24|43.9018|22.3194
08|43|0|315|2.9|4.4|45|66.4|32.1|0.05|0.24|43.8992|21.9645
08|44|0|315|1.6|4.4|45|66.3|32.2|0.05|0.24|43.8979|21.9645
08|45|0|315|2.9|4.4|45|66.0|32.2|0.05|0.24|43.8974|21.9645
08|46|0|315|3.2|4.4|45|65.7|32.3|0.04|0.24|43.9003|21.6047
08|47|0|315|2.9|4.4|45|65.7|32.2|0.04|0.24|43.9002|21.6047
08|48|0|315|1.5|4.4|45|65.6|32.3|0.04|0.24|43.8995|21.6047
08|49|0|315|1.5|4.4|45|65.1|32.3|0.04|0.24|43.8969|21.6047
08|50|0|315|1.5|4.4|45|64.8|32.5|0.04|0.24|43.8972|21.24
08|51|0|270|1.6|4.4|45|65.3|32.6|0.03|0.24|43.8954|21.6047
08|52|0|270|1.5|4.4|45|64.9|32.7|0.03|0.24|43.8932|21.24
08|53|0|315|1.5|4.4|45|64.1|32.8|0.03|0.24|43.8955|21.24
08|54|0|315|1.5|4.4|45|63.7|32.9|0.03|0.24|43.8962|20.8702
08|55|0|315|1.5|4.4|45|63.5|33.0|0.03|0.24|43.8953|21.8187
08|57|0|270|1.6|4.4|45|63.3|33.2|0.03|0.24|43.8981|21.8187
08|58|0|270|1.5|4.4|45|63.2|33.3|0.03|0.24|43.9002|21.8187
08|59|0|270|1.5|4.4|45|62.8|33.6|0.03|0.24|43.8986|21.442
09|00|0|270|1.6|4.4|45|62.2|33.8|0.03|0.24|43.9015|21.442
09|01|0|270|0.0|4.4|45|62.0|33.9|0.03|0.24|43.9012|21.442
09|02|0|270|0.0|4.4|45|62.3|34.2|0.03|0.24|43.906|22.3886
09|03|0|270|0.0|4.4|45|62.3|34.4|0.03|0.24|43.901|22.3886
09|04|0|315|1.6|4.4|45|61.9|34.7|0.03|0.24|43.9019|22.0047
09|05|0|315|2.9|4.4|45|61.3|34.8|0.02|0.24|43.8988|22.0047
09|06|0|315|1.5|4.4|45|60.5|35.0|0.02|0.24|43.8996|22.5582
09|07|0|315|1.5|4.4|45|59.8|35.0|0.02|0.24|43.8969|22.1611
09|08|0|315|1.5|4.4|45|59.6|35.2|0.02|0.24|43.8968|22.1611
09|09|0|315|1.6|4.4|45|59.1|35.2|0.02|0.24|43.8937|22.1611
09|10|0|315|1.5|4.4|45|59.1|35.2|0.02|0.24|43.8961|22.1611
09|11|0|315|1.6|4.4|45|58.8|35.3|0.02|0.24|43.895|21.7579
09|12|0|315|1.5|4.4|45|59.2|35.3|0.02|0.24|43.8952|22.1611
09|13|0|315|2.9|4.4|45|59.0|35.3|0.02|0.24|43.8954|22.1611
09|14|0|315|1.6|4.4|45|58.5|35.3|0.02|0.24|43.895|21.7579
09|15|0|315|2.9|4.4|45|58.9|35.3|0.02|0.24|43.8944|21.7579
09|16|0|270|2.9|4.4|45|59.2|35.4|0.02|0.24|43.8941|22.1611
09|18|0|315|1.5|4.4|45|59.4|35.4|0.02|0.24|43.8891|22.1611
09|19|0|315|1.5|4.4|45|59.1|35.5|0.03|0.25|43.888|22.1611
09|21|0|315|0.0|4.4|45|58.5|35.7|0.03|0.25|43.8897|21.7579
09|22|0|315|0.0|4.4|45|58.3|35.9|0.04|0.26|43.8906|21.7579
09|23|0|315|1.5|4.4|45|58.1|36.0|0.04|0.26|43.8925|22.6972
09|24|0|0|1.5|4.4|45|57.6|36.2|0.04|0.26|43.8886|22.286
09|25|0|0|1.5|4.4|45|57.1|36.3|0.04|0.26|43.8905|22.286
09|26|0|315|1.5|4.4|45|57.0|36.4|0.04|0.26|43.8907|22.286
09|27|0|0|1.5|4.4|45|57.7|36.5|0.04|0.26|43.8911|22.286
09|29|0|315|2.9|4.8|315|58.7|36.5|0.04|0.26|43.8939|22.6972
09|30|0|315|1.5|4.8|315|57.9|36.5|0.04|0.26|43.8947|22.286
09|31|0|315|2.9|4.8|315|58.0|36.5|0.04|0.26|43.8953|22.6972
09|32|0|315|2.9|4.8|315|58.4|36.6|0.03|0.26|43.8939|22.6972
09|33|0|270|1.5|4.8|315|58.5|36.6|0.03|0.26|43.8955|22.6972
09|34|0|315|1.5|4.8|315|58.3|36.7|0.03|0.26|43.8969|22.6972
09|35|0|315|2.9|4.8|270|57.7|36.8|0.03|0.26|43.9011|22.286
09|36|0|270|4.4|8.7|270|57.2|36.7|0.03|0.26|43.9003|22.286
09|38|0|225|4.4|9.7|270|56.8|36.6|0.03|0.26|43.8989|21.8684
09|39|0|270|3.2|9.7|270|57.2|36.6|0.02|0.26|43.8958|22.286
09|40|0|270|3.2|9.7|270|57.3|36.6|0.02|0.26|43.898|22.286
09|41|0|315|4.4|9.7|270|57.5|36.6|0.02|0.26|43.8956|22.286
09|42|0|315|3.2|9.7|270|57.8|36.6|0.02|0.26|43.8961|22.286
09|43|0|270|4.4|9.7|270|57.8|36.7|0.02|0.26|43.8983|22.286
09|44|0|270|2.9|9.7|270|56.8|36.7|0.02|0.26|43.8984|21.8684
09|45|0|270|3.2|9.7|270|56.1|36.8|0.02|0.26|43.8984|21.8684
09|46|0|270|2.9|9.7|270|55.2|36.8|0.02|0.26|43.8996|21.444
09|47|0|270|1.5|9.7|270|54.8|37.1|0.02|0.26|43.9001|21.9444
09|48|0|270|1.6|9.7|270|54.6|37.2|0.02|0.26|43.8995|21.9444
09|49|0|270|1.6|9.7|270|53.9|37.3|0.02|0.26|43.9008|21.5041
09|50|0|225|2.9|9.7|270|53.7|37.4|0.02|0.26|43.8997|21.5041
09|51|0|270|1.6|9.7|270|53.7|37.6|0.02|0.26|43.8977|21.5041
09|52|0|315|3.2|9.7|270|53.7|37.8|0.02|0.26|43.8977|21.5041
09|53|0|315|0.0|9.7|270|53.3|38.2|0.03|0.28|43.8974|22.4336
09|55|0|315|1.5|9.7|270|53.2|38.4|0.03|0.28|43.8958|22.4336
09|56|0|315|2.9|9.7|270|53.5|38.5|0.03|0.28|43.8958|22.4336
09|57|0|315|2.9|9.7|270|53.4|38.5|0.03|0.28|43.8937|22.4336
09|58|0|270|0.0|9.7|270|52.8|38.7|0.03|0.28|43.8963|21.9838
09|59|0|270|1.5|9.7|270|52.6|38.9|0.03|0.28|43.8936|21.9838
10|00|0|270|1.5|9.7|270|52.5|39.1|0.03|0.28|43.8961|22.9111
10|03|0|270|1.6|9.7|270|51.5|39.4|0.03|0.28|43.893|22.4516
10|04|0|315|0.0|9.7|270|50.7|39.5|0.03|0.28|43.895|21.984
10|05|0|225|1.5|9.7|270|50.6|39.8|0.03|0.28|43.893|21.984
10|06|0|248|1.5|9.7|270|50.5|40.0|0.03|0.28|43.8944|22.907
10|07|0|270|1.5|9.7|270|50.3|40.2|0.03|0.28|43.8921|22.907
10|08|0|270|0.0|9.7|270|49.8|40.3|0.03|0.28|43.8913|22.429
10|09|0|270|1.6|9.7|270|49.5|40.5|0.03|0.28|43.8898|22.429
10|10|0|270|1.6|9.7|270|48.9|40.7|0.03|0.28|43.8893|21.9422
10|11|0|315|1.5|9.7|270|48.8|40.9|0.03|0.28|43.8882|21.9422
10|12|0|315|4.4|9.7|270|48.7|40.9|0.03|0.28|43.8875|21.9422
10|13|0|315|1.5|9.7|270|48.4|41.0|0.03|0.28|43.8864|22.8608
10|14|0|315|1.5|9.7|270|48.0|41.0|0.03|0.28|43.888|22.8608
10|15|0|315|0.0|9.7|270|48.0|41.1|0.03|0.28|43.8895|22.8608
10|17|0|315|1.5|9.7|270|48.5|41.2|0.03|0.28|43.8881|22.8608
10|18|0|0|1.6|9.7|270|49.1|41.3|0.03|0.28|43.8885|23.3498
10|19|0|0|2.9|9.7|270|48.6|41.3|0.02|0.28|43.8892|22.8608
10|20|0|315|1.5|9.7|270|48.6|41.5|0.02|0.28|43.8884|22.8608
10|21|0|315|2.9|9.7|270|48.0|41.5|0.01|0.28|43.8872|22.8608
10|22|0|0|2.9|9.7|270|47.7|41.5|0.01|0.28|43.8852|22.3627
10|23|0|0|1.6|9.7|270|47.6|41.5|0.01|0.28|43.885|22.3627
10|24|0|315|1.5|9.7|270|47.7|41.6|0.01|0.28|43.885|22.3627
10|25|0|0|0.0|9.7|270|47.6|41.7|0.01|0.28|43.8857|22.3627
10|26|0|315|1.6|9.7|270|48.0|41.8|0.01|0.28|43.8829|22.8608
10|27|0|315|1.5|9.7|270|47.9|41.8|0.01|0.28|43.8808|22.3627
10|28|0|315|1.6|9.7|270|47.5|41.9|0.01|0.28|43.8789|22.3627
10|30|0|315|1.5|9.7|270|47.7|42.2|0.01|0.28|43.8747|23.279
10|31|0|0|1.6|9.7|270|47.1|42.5|0.01|0.28|43.8754|23.279
10|32|0|0|0.0|9.7|270|46.2|42.6|0.01|0.28|43.8744|22.7692
10|33|0|0|1.5|9.7|270|46.1|42.8|0.01|0.28|43.8745|22.7692
10|34|0|113|0.0|9.7|270|45.9|42.9|0.01|0.28|43.8735|22.2495
10|35|0|135|1.5|9.7|270|45.9|43.0|0.02|0.29|43.8751|23.1611
10|36|0|90|0.0|9.7|270|45.3|43.2|0.02|0.29|43.8761|23.1611
10|38|0|135|1.5|9.7|270|45.1|43.4|0.02|0.29|43.8794|23.1611
10|39|0|180|2.9|9.7|270|45.0|43.5|0.02|0.29|43.8815|23.1611
10|40|0|180|1.6|9.7|270|45.0|43.7|0.02|0.29|43.8836|23.1611
10|41|0|180|1.5|9.7|270|44.9|44.0|0.02|0.29|43.8842|23.5378
10|42|0|90|2.9|9.7|270|43.9|44.3|0.02|0.29|43.8834|22.9922
10|43|0|45|1.5|9.7|270|43.4|44.4|0.02|0.29|43.8795|22.9922
10|44|0|0|1.5|9.7|270|43.2|44.5|0.02|0.29|43.8789|22.9922
10|45|0|0|1.5|9.7|270|43.2|44.6|0.02|0.29|43.8781|22.9922
10|46|0|0|1.6|9.7|270|43.0|44.7|0.02|0.29|43.8779|22.9922
10|47|0|0|1.5|9.7|270|43.1|44.7|0.02|0.29|43.8771|22.9922
10|48|0|0|1.5|9.7|270|43.5|44.8|0.02|0.29|43.8764|22.9922
10|49|0|23|1.6|9.7|270|43.2|44.8|0.02|0.29|43.8755|22.9922
10|50|0|45|0.0|9.7|270|42.9|44.8|0.02|0.29|43.876|22.4352
10|51|0|135|1.5|9.7|270|42.4|44.8|0.02|0.29|43.876|22.4352
10|52|0|90|1.6|9.7|270|42.4|44.9|0.02|0.29|43.8722|22.4352
10|53|0|135|4.4|9.7|270|42.3|44.8|0.01|0.29|43.8709|22.4352
10|54|0|135|3.2|9.7|270|42.2|44.6|0.01|0.29|43.8716|22.4352
10|55|0|158|4.4|9.7|270|42.1|44.6|0.01|0.29|43.8704|22.4352
10|56|0|225|1.5|9.7|270|42.7|44.6|0.01|0.29|43.8703|22.4352
10|58|0|180|1.5|9.7|270|43.0|44.7|0.01|0.29|43.8634|22.9922
10|59|0|180|3.2|9.7|270|42.8|44.8|0.01|0.29|43.86|22.4352
11|00|0|135|5.8|9.7|270|42.9|44.9|0.01|0.29|43.8592|22.4352
11|01|0|135|4.8|9.7|270|42.8|44.8|0.01|0.29|43.8585|22.4352
11|02|0|135|3.2|9.7|270|42.6|44.7|0.01|0.29|43.8569|22.4352
11|03|0|90|1.5|9.7|270|42.7|44.8|0.01|0.29|43.8574|22.4352
11|04|0|135|3.2|9.7|270|42.5|44.8|0.01|0.29|43.8563|22.4352
11|05|0|135|4.4|9.7|270|42.8|45.0|0.01|0.29|43.8571|23.3393
11|06|0|135|2.9|9.7|270|42.5|45.2|0.01|0.29|43.8564|23.3393
11|07|0|135|2.9|9.7|270|42.5|45.4|0.01|0.29|43.8588|23.3393
11|08|0|158|2.9|9.7|270|42.0|45.4|0.01|0.29|43.8572|23.3393
11|09|0|135|2.9|9.7|270|41.8|45.4|0.01|0.29|43.8572|22.768
11|10|0|135|2.9|9.7|270|41.7|45.5|0.01|0.29|43.8577|22.768
11|12|0|90|2.9|9.7|270|41.6|45.5|0.01|0.29|43.8545|22.768
11|13|0|180|1.6|9.7|270|41.6|45.4|0.01|0.29|43.8529|22.768
11|14|0|203|4.4|9.7|270|41.7|45.6|0.01|0.29|43.8508|22.768
11|15|0|180|4.4|9.7|270|42.0|45.6|0.01|0.29|43.8501|23.3393
11|16|0|225|1.6|9.7|270|42.1|45.8|0.01|0.29|43.85|23.3393
11|18|0|135|4.4|9.7|270|41.7|46.4|0.01|0.29|43.8475|23.6694
11|20|0|135|1.5|9.7|270|40.9|46.6|0.01|0.29|43.8488|23.0831
11|21|0|158|2.9|9.7|270|40.4|47.0|0.01|0.29|43.8468|23.9818
11|23|0|90|1.5|9.7|270|40.1|47.3|0.01|0.29|43.8445|23.9818
11|24|0|135|1.5|9.7|270|39.7|47.4|0.01|0.29|43.8429|23.3798
11|25|0|225|0.0|9.7|270|39.8|47.6|0.01|0.29|43.8402|23.3798
11|26|0|135|1.5|9.7|270|39.9|47.9|0.01|0.29|43.8356|23.3798
11|27|0|203|1.5|9.7|270|39.0|47.9|0.01|0.29|43.8337|23.3798
11|28|0|68|1.6|9.7|270|39.0|48.1|0.01|0.29|43.8352|24.2757
11|29|0|45|2.9|9.7|270|38.5|48.0|0.01|0.29|43.832|23.6572
11|31|0|90|1.5|9.7|270|38.5|47.6|0.01|0.29|43.8337|22.7639
11|32|0|180|4.4|9.7|270|38.9|47.7|0.01|0.29|43.8337|22.7639
11|33|0|90|4.4|9.7|270|39.1|47.7|0.01|0.29|43.8312|23.3798
11|34|0|180|3.2|9.7|270|38.8|47.6|0.00|0.29|43.8291|22.7639
11|36|0|180|7.3|9.7|270|38.5|47.7|0.00|0.29|43.8279|22.7639
11|37|0|180|2.9|9.7|270|38.4|47.7|0.00|0.29|43.8308|22.7639
11|38|0|225|2.9|9.7|270|38.5|47.9|0.00|0.29|43.8308|22.7639
11|39|0|135|4.4|9.7|270|38.5|48.0|0.00|0.29|43.8293|23.6572
11|40|0|270|1.6|9.7|270|38.1|48.1|0.00|0.29|43.8293|23.6572
11|41|0|225|1.6|9.7|270|38.5|48.3|0.00|0.29|43.8314|23.6572
11|42|0|180|2.9|9.7|270|38.7|48.5|0.00|0.29|43.8344|23.6572
11|43|0|315|1.5|9.7|270|38.7|48.8|0.00|0.29|43.832|23.6572
11|44|0|180|2.9|9.7|270|38.4|49.1|0.00|0.29|43.8289|24.5502
11|45|0|180|1.5|9.7|270|37.7|49.4|0.00|0.29|43.8283|23.9144
11|46|0|270|1.5|9.7|270|37.4|49.7|0.00|0.29|43.8307|23.9144
11|47|0|315|1.6|9.7|270|36.7|50.0|0.00|0.29|43.8323|24.1505
11|49|0|135|2.9|9.7|270|36.6|50.5|0.02|0.31|43.8292|24.1505
11|50|0|135|1.5|9.7|270|36.1|50.7|0.02|0.31|43.8307|24.1505
11|51|0|158|1.5|9.7|270|35.6|50.9|0.02|0.31|43.8292|23.4802
11|52|0|135|1.5|9.7|270|35.3|51.1|0.02|0.31|43.8238|24.3645
11|53|0|225|0.0|9.7|270|35.2|51.3|0.02|0.31|43.8225|24.3645
11|54|0|225|0.0|9.7|270|35.2|51.6|0.02|0.31|43.8224|24.3645
11|56|0|45|1.5|9.7|270|34.7|51.8|0.02|0.31|43.8216|23.6741
11|57|0|0|0.0|9.7|270|33.9|52.0|0.02|0.31|43.8177|23.8436
11|58|0|90|1.5|9.7|270|33.7|52.2|0.02|0.31|43.8152|23.8436
12|00|0|90|3.2|9.7|270|32.6|52.1|0.02|0.31|43.8105|23.1126
12|03|0|0|0.0|9.7|270|33.7|51.8|0.02|0.31|43.8046|22.9654
12|04|0|45|0.0|9.7|270|34.0|51.8|0.02|0.31|43.8061|23.6741
12|08|0|225|1.5|9.7|270|33.5|51.9|0.02|0.31|43.7995|22.9654
12|09|0|135|3.2|9.7|270|33.3|51.9|0.02|0.31|43.7958|22.9654
12|10|0|45|1.5|9.7|270|32.6|52.0|0.02|0.31|43.7933|23.1126
12|11|0|90|1.6|9.7|270|32.2|52.0|0.02|0.31|43.7985|23.1126
12|13|0|45|1.5|9.7|270|33.0|51.7|0.02|0.31|43.7925|22.9654
12|14|0|90|1.6|9.7|270|33.0|51.8|0.02|0.31|43.7962|22.9654
12|15|0|0|2.9|9.7|270|32.7|51.7|0.02|0.31|43.7983|22.2375
12|17|0|0|1.5|9.7|270|32.8|51.6|0.02|0.31|43.8016|22.2375
12|18|0|45|1.5|9.7|270|32.8|51.3|0.02|0.31|43.7976|22.2375
12|19|0|0|0.0|9.7|270|32.4|51.1|0.02|0.31|43.7952|22.2375
12|20|0|45|1.5|9.7|270|32.4|51.0|0.02|0.31|43.7958|22.2375
12|21|0|315|0.0|9.7|270|32.2|50.9|0.02|0.31|43.7929|21.3621
12|22|0|45|1.5|9.7|270|32.9|50.8|0.02|0.31|43.7925|21.3621
12|23|0|45|1.5|9.7|270|32.7|50.8|0.02|0.31|43.7897|21.3621
12|24|0|0|1.5|9.7|270|32.8|50.8|0.02|0.31|43.7878|21.3621
12|25|0|0|1.6|9.7|270|33.0|50.8|0.02|0.31|43.7851|22.087
12|26|0|315|1.5|9.7|270|33.0|50.9|0.02|0.31|43.7843|22.087
12|27|0|0|2.9|9.7|270|33.0|50.9|0.02|0.31|43.7842|22.087
12|28|0|315|2.9|9.7|270|33.2|51.0|0.02|0.31|43.7856|22.9654
12|29|0|0|1.5|9.7|270|33.0|51.0|0.02|0.31|43.7841|22.9654
12|30|0|0|3.2|9.7|270|33.1|51.2|0.02|0.31|43.7849|22.9654
12|31|0|0|1.5|9.7|270|33.2|51.2|0.02|0.31|43.7832|22.9654
12|32|0|315|0.0|9.7|270|32.7|51.2|0.02|0.31|43.7809|22.2375
12|34|0|45|0.0|9.7|270|32.6|51.3|0.02|0.31|43.7802|22.2375
12|35|0|45|1.6|9.7|270|32.7|51.5|0.02|0.31|43.7789|22.2375
12|36|0|90|0.0|9.7|270|32.3|51.5|0.02|0.31|43.7797|22.2375
12|37|0|225|0.0|9.7|270|32.6|51.7|0.02|0.31|43.7776|22.2375
12|38|0|270|1.6|9.7|270|32.6|51.8|0.02|0.31|43.7755|22.2375
12|39|0|315|2.9|9.7|270|31.9|51.7|0.02|0.31|43.7728|21.4891
12|40|0|270|2.9|9.7|270|31.6|51.8|0.02|0.31|43.7723|21.4891
12|41|0|270|1.5|9.7|270|31.6|51.8|0.02|0.31|43.7715|21.4891
12|42|0|225|1.5|9.7|270|32.0|51.9|0.02|0.31|43.7707|22.2375
12|43|0|315|0.0|9.7|270|31.9|52.0|0.02|0.31|43.7709|22.361
12|44|0|315|0.0|9.7|270|31.6|52.2|0.02|0.31|43.7691|22.361
12|45|0|0|3.2|9.7|270|31.5|52.4|0.02|0.31|43.7643|22.361
12|47|0|0|2.9|9.7|270|31.2|52.4|0.02|0.31|43.7609|22.361
12|48|0|45|1.5|9.7|270|31.2|52.4|0.02|0.31|43.758|22.361
12|49|0|0|0.0|9.7|270|31.1|52.5|0.00|0.31|43.7574|22.361
12|50|0|180|1.5|9.7|270|31.4|52.5|0.00|0.31|43.7533|22.361
12|51|0|180|1.5|9.7|270|31.7|52.6|0.00|0.31|43.7538|22.361
12|52|0|135|0.0|9.7|270|32.0|52.7|0.00|0.31|43.7519|23.1126
12|53|0|315|4.4|9.7|270|32.0|52.9|0.00|0.31|43.7541|23.1126
12|54|0|315|4.4|9.7|270|32.1|52.9|0.00|0.31|43.7542|23.1126
12|55|0|315|3.2|9.7|270|32.4|52.8|0.00|0.31|43.7517|23.1126
12|57|0|45|3.2|9.7|270|33.0|52.7|0.00|0.31|43.7504|23.8436
12|58|0|90|2.9|9.7|270|33.0|52.7|0.00|0.31|43.7492|23.8436
12|59|0|45|3.2|9.7|270|32.5|52.7|0.00|0.31|43.7497|23.1126
13|00|0|45|2.9|9.7|270|32.8|52.7|0.00|0.31|43.7488|23.1126
13|02|0|338|2.9|9.7|270|32.6|52.6|0.00|0.31|43.7451|23.1126
13|03|0|315|3.2|9.7|270|31.9|52.6|0.00|0.31|43.7448|22.361
13|04|0|0|2.9|9.7|270|32.1|52.7|0.00|0.31|43.7427|23.1126
13|05|0|0|4.4|9.7|270|31.9|52.6|0.00|0.31|43.7439|22.361
13|06|0|0|1.5|9.7|270|31.7|52.6|0.00|0.31|43.7408|22.361
13|07|0|0|1.5|9.7|270|31.8|52.7|0.00|0.31|43.7425|22.361
13|08|0|0|1.5|9.7|270|32.1|52.7|0.00|0.31|43.7421|23.1126
13|09|0|0|1.5|9.7|270|32.1|52.8|0.00|0.31|43.739|23.1126
13|10|0|315|1.5|9.7|270|31.9|52.9|0.00|0.31|43.7396|22.361
13|11|0|225|1.6|9.7|270|32.1|53.0|0.00|0.31|43.735|23.9874
13|12|0|0|1.5|9.7|270|32.4|53.2|0.00|0.31|43.7323|23.9874
13|14|0|315|3.2|9.7|270|32.9|53.5|0.01|0.32|43.7286|23.9874
13|17|0|0|4.4|9.7|270|32.1|53.7|0.01|0.32|43.7316|23.9874
13|18|0|45|2.9|9.7|270|31.6|53.7|0.01|0.32|43.7324|23.2327
13|19|0|0|4.4|9.7|270|31.4|53.7|0.01|0.32|43.7293|23.2327
13|20|0|45|2.9|9.7|270|31.9|53.6|0.01|0.32|43.7268|23.2327
13|21|0|45|2.9|9.7|270|31.6|53.6|0.01|0.32|43.7274|23.2327
13|22|0|0|2.9|9.7|270|31.2|53.7|0.01|0.32|43.7266|23.2327
13|23|0|0|4.8|9.7|270|31.5|53.6|0.01|0.32|43.7234|23.2327
13|24|0|45|2.9|9.7|270|31.8|53.6|0.01|0.32|43.7229|23.2327
13|25|0|45|1.5|9.7|270|31.5|53.5|0.01|0.32|43.7206|23.2327
13|26|0|45|3.2|9.7|270|31.8|53.5|0.01|0.32|43.7193|23.2327
13|27|0|0|4.8|9.7|270|31.6|53.4|0.01|0.32|43.7187|23.2327
13|28|0|0|2.9|9.7|270|31.3|53.4|0.01|0.32|43.7169|23.2327
13|30|0|0|2.9|9.7|270|31.4|53.4|0.01|0.32|43.7165|23.2327
13|31|0|0|1.5|9.7|270|31.2|53.4|0.01|0.32|43.7183|23.2327
13|32|0|315|1.5|9.7|270|31.2|53.4|0.01|0.32|43.7156|23.2327
13|33|0|0|2.9|9.7|270|31.3|53.5|0.01|0.32|43.7151|23.2327
13|34|0|0|4.4|9.7|270|31.7|53.4|0.01|0.32|43.7141|23.2327
13|35|0|338|2.9|9.7|270|31.1|53.4|0.01|0.32|43.7132|23.2327
13|36|0|315|1.5|9.7|270|30.9|53.5|0.01|0.32|43.7123|22.4561
13|37|0|0|2.9|9.7|270|30.9|53.6|0.01|0.32|43.711|22.4561
13|39|0|315|4.4|9.7|270|31.0|53.5|0.01|0.32|43.7103|23.2327
13|40|0|315|4.8|9.7|270|31.0|53.4|0.01|0.32|43.7078|23.2327
13|43|0|0|3.2|9.7|270|32.0|53.0|0.01|0.32|43.7064|23.9874
13|44|0|315|1.5|9.7|270|31.6|53.0|0.01|0.32|43.708|23.2327
13|45|0|0|2.9|9.7|270|31.6|53.0|0.01|0.32|43.7096|23.2327
13|47|0|315|5.8|9.7|270|31.5|52.9|0.01|0.32|43.7068|22.361
13|48|0|0|2.9|9.7|270|31.9|52.8|0.01|0.32|43.7043|22.361
13|49|0|0|7.3|9.7|270|31.9|52.8|0.01|0.32|43.7043|22.361
13|50|0|315|2.9|9.7|270|32.4|52.7|0.01|0.32|43.7025|23.1126
13|51|0|0|5.8|9.7|270|32.9|52.6|0.01|0.32|43.699|23.1126
13|52|0|0|4.4|9.7|270|32.4|52.5|0.01|0.32|43.6977|23.1126
13|53|0|0|4.4|9.7|270|32.7|52.5|0.01|0.32|43.6974|23.1126
13|54|0|315|6.5|9.7|270|32.9|52.5|0.01|0.32|43.6945|23.1126
13|55|0|0|2.9|9.7|270|33.3|52.6|0.01|0.32|43.6955|23.8436
13|56|0|338|4.8|9.7|270|32.6|52.5|0.01|0.32|43.6934|23.1126
13|57|0|0|3.2|9.7|270|32.6|52.5|0.01|0.32|43.6987|23.1126
13|58|0|338|4.4|9.7|270|32.1|52.6|0.01|0.32|43.6995|23.1126
13|59|0|0|2.9|9.7|270|31.9|52.6|0.01|0.32|43.6993|22.361
14|00|0|315|3.2|9.7|270|32.5|52.7|0.01|0.32|43.6982|23.1126
14|01|0|315|4.4|9.7|270|32.3|52.8|0.01|0.32|43.6994|23.1126
14|02|0|315|5.8|9.7|270|31.9|52.7|0.01|0.32|43.6981|22.361
14|03|0|270|4.8|9.7|270|32.0|52.8|0.01|0.32|43.6986|23.1126
14|04|0|315|2.9|9.7|270|31.8|52.7|0.01|0.32|43.6958|22.361
14|06|0|270|4.8|9.7|270|31.9|52.8|0.01|0.32|43.6965|22.361
14|07|0|248|2.9|9.7|270|31.6|53.0|0.01|0.32|43.6957|23.2327
14|08|0|270|4.4|9.7|270|31.4|53.0|0.01|0.32|43.6956|23.2327
14|09|0|315|2.9|9.7|270|32.4|53.0|0.01|0.32|43.6954|23.9874
14|10|0|0|4.4|9.7|270|32.6|53.0|0.01|0.32|43.6953|23.9874
14|11|0|0|4.4|9.7|270|32.4|53.0|0.01|0.32|43.697|23.9874
14|12|0|0|4.4|9.7|270|32.4|53.0|0.01|0.32|43.6948|23.9874
14|13|0|315|4.4|9.7|270|32.2|52.9|0.00|0.32|43.6964|23.1126
14|14|0|0|4.8|9.7|270|32.4|52.9|0.00|0.32|43.6956|23.1126
14|15|0|45|4.4|9.7|270|32.2|52.9|0.00|0.32|43.6923|23.1126
14|16|0|0|2.9|9.7|270|32.2|52.8|0.00|0.32|43.6923|23.1126
14|17|0|0|6.4|9.7|270|32.7|52.6|0.00|0.32|43.6956|23.1126
14|18|0|0|4.4|9.7|270|32.6|52.5|0.00|0.32|43.6964|23.1126
14|19|0|0|3.2|9.7|270|32.5|52.2|0.00|0.32|43.6918|23.1126
14|20|0|0|5.8|9.7|270|32.8|52.2|0.00|0.32|43.6901|23.1126
14|21|0|0|4.4|9.7|270|33.3|52.1|0.00|0.32|43.6879|23.8436
14|23|0|315|7.3|9.7|270|33.2|52.0|0.00|0.32|43.6854|23.8436
14|24|0|315|2.9|9.7|315|32.9|52.0|0.00|0.32|43.6897|23.1126
14|25|0|315|2.9|9.7|315|32.7|52.1|0.00|0.32|43.6862|23.1126
14|26|0|270|3.2|9.7|315|32.8|52.1|0.00|0.32|43.682|23.1126
14|27|0|315|5.8|9.7|315|32.8|52.1|0.00|0.32|43.6821|23.1126
14|28|0|315|2.9|9.7|315|32.7|52.2|0.00|0.32|43.6854|23.1126
14|29|0|225|3.2|9.7|315|32.5|52.4|0.00|0.32|43.6827|23.1126
14|30|0|315|4.4|9.7|315|32.2|52.5|0.00|0.32|43.6847|23.1126
14|31|0|315|2.9|9.7|315|32.3|52.5|0.00|0.32|43.6862|23.1126
14|32|0|315|2.9|9.7|315|32.4|52.6|0.00|0.32|43.6886|23.1126
14|33|0|270|2.9|9.7|315|32.5|52.6|0.00|0.32|43.691|23.1126
14|35|0|315|4.4|9.7|315|32.4|52.5|0.00|0.32|43.6923|23.1126
14|36|0|315|1.5|9.7|315|32.5|52.5|0.00|0.32|43.6884|23.1126
14|37|0|315|3.2|9.7|315|32.0|52.6|0.00|0.32|43.6879|23.1126
14|38|0|225|0.0|9.7|315|31.8|52.7|0.00|0.32|43.6855|22.361
14|39|0|270|1.5|9.7|315|31.5|52.9|0.00|0.32|43.6839|22.361
14|40|0|248|2.9|9.7|315|31.4|53.0|0.00|0.32|43.6838|23.2327
14|41|0|0|4.8|9.7|315|31.5|53.3|0.00|0.32|43.681|23.2327
14|42|0|270|1.5|9.7|315|31.6|53.4|0.00|0.32|43.6783|23.2327
14|43|0|270|0.0|9.7|315|31.4|53.7|0.00|0.32|43.6763|23.2327
14|44|0|315|3.2|9.7|315|30.9|53.8|0.00|0.32|43.6743|22.4561
14|45|0|315|5.8|9.7|315|31.2|53.8|0.00|0.32|43.6717|23.2327
14|46|0|315|5.8|9.7|315|31.2|53.8|0.00|0.32|43.672|23.2327
14|47|0|0|2.9|9.7|315|31.0|53.8|0.00|0.32|43.6706|23.2327
14|48|0|315|3.2|9.7|315|31.1|54.0|0.00|0.32|43.6742|24.1041
14|49|0|315|4.4|9.7|315|30.9|53.8|0.00|0.32|43.6782|22.4561
14|50|0|315|4.4|9.7|315|30.6|53.6|0.00|0.32|43.6798|22.4561
14|51|0|315|6.4|9.7|315|30.6|53.4|0.00|0.32|43.6779|22.4561
14|53|0|315|4.4|9.7|315|30.6|53.2|0.00|0.32|43.6862|22.4561
14|54|0|270|1.5|9.7|315|30.9|53.3|0.00|0.32|43.6865|22.4561
14|55|0|315|2.9|9.7|315|30.9|53.2|0.00|0.32|43.6876|22.4561
14|56|0|315|5.8|9.7|315|31.0|52.9|0.00|0.32|43.6855|22.361
14|57|0|315|5.8|10.2|315|31.9|52.6|0.00|0.32|43.6836|22.361
14|58|0|315|5.8|10.2|315|32.3|52.5|0.00|0.32|43.6818|23.1126
14|59|0|270|4.4|10.2|315|31.8|52.5|0.00|0.32|43.6793|22.361
15|00|0|315|8.7|10.2|315|32.2|52.4|0.00|0.32|43.6762|23.1126
15|02|0|315|4.8|10.2|315|32.1|52.2|0.00|0.32|43.6746|23.1126
15|03|0|315|2.9|10.2|315|32.1|52.5|0.00|0.32|43.675|23.1126
15|04|0|0|6.4|10.2|315|32.6|52.6|0.00|0.32|43.6729|23.1126
15|05|0|315|2.9|10.2|315|31.8|52.7|0.00|0.32|43.6748|22.361
15|07|0|0|5.8|10.2|315|32.0|52.8|0.00|0.32|43.6734|23.1126
15|08|0|0|8.7|10.2|315|31.7|52.8|0.00|0.32|43.67|22.361
15|09|0|315|7.3|10.2|315|31.8|52.7|0.00|0.32|43.6747|22.361
15|11|0|0|4.4|10.2|315|32.7|52.6|0.00|0.32|43.6788|23.1126
15|12|0|315|4.4|10.2|315|32.3|52.6|0.00|0.32|43.6824|23.1126
15|13|0|315|4.4|10.2|315|32.1|52.5|0.00|0.32|43.6778|23.1126
15|14|0|315|7.3|10.2|315|32.2|52.4|0.00|0.32|43.6779|23.1126
15|15|0|0|4.4|10.2|315|32.5|52.4|0.00|0.32|43.6827|23.1126
15|16|0|315|2.9|10.2|315|32.3|52.2|0.00|0.32|43.6821|23.1126
15|17|0|0|3.2|10.2|315|32.6|52.2|0.00|0.32|43.6824|23.1126
15|18|0|0|2.9|10.2|315|32.1|52.2|0.00|0.32|43.6817|23.1126
15|19|0|0|2.9|10.2|315|32.0|52.1|0.00|0.32|43.6804|23.1126
15|21|0|0|4.4|10.2|315|32.2|52.1|0.00|0.32|43.6721|23.1126
15|24|0|0|2.9|10.2|315|32.1|52.1|0.00|0.32|43.6749|23.1126
15|26|0|315|4.4|10.2|315|33.0|51.9|0.00|0.32|43.6773|22.9654
15|27|0|315|4.4|10.2|315|33.3|51.9|0.00|0.32|43.6756|22.9654
15|28|0|270|4.8|10.2|315|33.0|51.9|0.00|0.32|43.6763|22.9654
15|29|0|315|1.5|10.2|315|32.4|51.9|0.00|0.32|43.6766|22.2375
15|30|0|315|0.0|10.2|315|32.0|51.9|0.00|0.32|43.6754|22.2375
15|31|0|315|2.9|10.2|315|32.4|51.9|0.00|0.32|43.6755|22.2375
15|32|0|0|2.9|10.2|315|33.1|51.8|0.00|0.32|43.6718|22.9654
15|33|0|0|4.4|10.2|315|32.6|51.8|0.00|0.32|43.6739|22.2375
15|34|0|315|1.5|10.2|315|32.5|51.8|0.00|0.32|43.6725|22.2375
15|36|0|315|4.8|10.2|315|33.1|51.8|0.00|0.32|43.6701|22.9654
15|37|0|338|4.4|10.2|315|33.0|51.8|0.00|0.32|43.6704|22.9654
15|38|0|315|4.4|10.2|315|32.9|51.7|0.00|0.32|43.6698|22.2375
15|39|0|315|7.3|10.2|315|32.8|51.7|0.00|0.32|43.6653|22.2375
15|40|0|315|4.4|10.2|315|33.4|51.7|0.00|0.32|43.6678|22.9654
15|41|0|315|5.8|10.2|315|33.5|51.7|0.00|0.32|43.6659|22.9654
15|43|0|315|2.9|10.2|315|33.6|51.7|0.00|0.32|43.6695|22.9654
15|44|0|315|3.2|10.2|315|33.1|51.7|0.00|0.32|43.6692|22.9654
15|45|0|315|4.4|10.2|315|33.6|51.6|0.00|0.32|43.6677|22.9654
15|46|0|315|3.2|10.2|315|33.2|51.6|0.00|0.32|43.6694|22.9654
15|47|0|270|2.9|10.2|315|33.0|51.6|0.00|0.32|43.6692|22.9654
15|48|0|315|2.9|10.2|315|33.5|51.6|0.00|0.32|43.6698|22.9654
15|49|0|315|2.9|10.2|315|33.3|51.6|0.00|0.32|43.6686|22.9654
15|50|0|315|3.2|10.2|315|32.8|51.6|0.00|0.32|43.6667|22.2375
15|51|0|0|2.9|10.2|315|32.9|51.6|0.00|0.32|43.6698|22.2375
15|52|0|315|2.9|10.2|315|33.6|51.5|0.00|0.32|43.6676|22.9654
15|53|0|0|4.4|10.2|315|34.5|51.5|0.00|0.32|43.6643|23.6741
15|54|0|0|4.4|10.2|315|33.9|51.5|0.00|0.32|43.664|22.9654
15|55|0|0|2.9|10.2|315|33.6|51.5|0.00|0.32|43.6627|22.9654
15|56|0|0|3.2|10.2|315|33.0|51.5|0.00|0.32|43.6613|22.9654
15|57|0|315|2.9|10.2|315|33.2|51.6|0.00|0.32|43.6588|22.9654
15|58|0|315|4.8|10.2|315|32.8|51.6|0.00|0.32|43.6569|22.2375
15|59|0|0|2.9|10.2|315|32.6|51.6|0.00|0.32|43.6535|22.2375
16|00|0|315|2.9|10.2|315|32.5|51.7|0.00|0.32|43.6531|22.2375
16|01|0|315|1.6|10.2|315|32.5|51.7|0.00|0.32|43.6511|22.2375
16|04|0|315|1.6|10.2|315|33.2|51.8|0.00|0.32|43.6532|22.9654
16|05|0|270|2.9|10.2|315|33.8|51.8|0.00|0.32|43.6523|22.9654
16|06|0|315|4.4|10.2|315|33.9|51.7|0.00|0.32|43.6518|22.9654
16|07|0|315|4.4|10.2|315|33.7|51.6|0.00|0.32|43.6519|22.9654
16|09|0|338|4.8|10.2|315|33.8|51.5|0.00|0.32|43.6532|22.9654
16|10|0|315|2.9|10.2|315|33.5|51.3|0.00|0.32|43.6558|22.9654
16|11|0|315|4.4|10.2|315|33.7|51.2|0.00|0.32|43.6538|22.9654
16|12|0|315|1.5|10.2|315|33.7|51.2|0.00|0.32|43.6551|22.9654
16|13|0|0|2.9|10.2|315|33.5|51.2|0.00|0.32|43.6554|22.9654
16|15|0|315|1.5|10.2|315|33.5|51.2|0.00|0.32|43.6533|22.9654
16|16|0|0|2.9|10.2|315|33.3|51.2|0.00|0.32|43.6514|22.9654
16|17|0|315|1.5|10.2|315|33.2|51.2|0.00|0.32|43.6516|22.9654
16|18|0|0|1.5|10.2|315|32.9|51.2|0.00|0.32|43.6528|22.2375
16|19|0|315|1.5|10.2|315|33.3|51.2|0.00|0.32|43.6524|22.9654
16|20|0|315|4.4|10.2|315|33.7|51.2|0.00|0.32|43.6523|22.9654
16|21|0|315|4.8|10.2|315|34.0|51.1|0.00|0.32|43.65|23.6741
16|22|0|315|2.9|10.2|315|33.8|50.9|0.00|0.32|43.6487|22.087
16|23|0|315|4.4|10.2|315|34.0|50.9|0.00|0.32|43.6492|22.7927
16|25|0|315|4.4|10.2|315|34.1|50.7|0.00|0.32|43.6462|22.7927
16|26|0|315|2.9|10.2|315|33.5|50.7|0.00|0.32|43.647|22.087
16|27|0|315|0.0|10.2|315|33.4|50.7|0.00|0.32|43.646|22.087
16|28|0|315|2.9|10.2|315|33.3|50.7|0.00|0.32|43.6466|22.087
16|29|0|315|1.5|10.2|315|33.7|50.7|0.00|0.32|43.6474|22.087
16|30|0|0|1.5|10.2|315|34.3|50.7|0.00|0.32|43.6457|22.7927
16|32|0|315|2.9|10.2|315|35.2|50.6|0.00|0.32|43.6458|23.4802
16|33|0|315|1.6|10.2|315|34.6|50.5|0.00|0.32|43.6451|22.7927
16|34|0|225|2.9|10.2|315|34.6|50.3|0.00|0.32|43.6467|22.7927
16|36|0|315|2.9|10.2|315|34.5|50.1|0.00|0.32|43.6469|22.7927
16|38|0|315|2.9|10.2|315|34.9|50.0|0.00|0.32|43.6455|22.7927
16|39|0|315|2.9|10.2|315|34.9|49.8|0.00|0.32|43.6448|21.9111
16|40|0|315|4.4|10.2|315|35.7|49.7|0.00|0.32|43.6443|22.5957
16|42|0|315|2.9|10.2|315|36.2|49.7|0.00|0.32|43.6471|23.2632
16|43|0|315|1.5|10.2|315|36.6|49.4|0.00|0.32|43.6468|23.2632
16|44|0|315|1.5|10.2|315|36.2|49.3|0.00|0.32|43.6459|23.2632
16|45|0|315|4.4|10.2|315|35.9|49.2|0.00|0.32|43.6461|22.5957
16|46|0|315|4.4|10.2|315|36.0|48.9|0.00|0.32|43.6459|22.3756
16|47|0|315|1.5|10.2|315|36.4|48.8|0.00|0.32|43.6474|22.3756
16|48|0|315|1.6|10.2|315|36.9|48.7|0.00|0.32|43.6447|22.3756
16|49|0|315|1.5|10.2|315|37.1|48.5|0.00|0.32|43.6446|23.0241
16|50|0|315|1.5|10.2|315|36.9|48.5|0.00|0.32|43.6427|22.3756
16|51|0|315|1.5|10.2|315|36.7|48.4|0.00|0.32|43.642|22.3756
16|52|0|315|1.5|10.2|315|36.4|48.4|0.00|0.32|43.6406|22.3756
16|53|0|270|1.6|10.2|315|36.2|48.3|0.00|0.32|43.6397|22.3756
16|54|0|315|1.5|10.2|315|36.1|48.3|0.00|0.32|43.6383|22.3756
16|55|0|315|1.6|10.2|315|36.3|48.3|0.00|0.32|43.6405|22.3756
16|57|0|315|2.9|10.2|315|36.5|48.3|0.00|0.32|43.6413|22.3756
16|58|0|315|1.5|10.2|315|36.5|48.3|0.00|0.32|43.6403|22.3756
16|59|0|315|1.6|10.2|315|37.0|48.3|0.00|0.32|43.6414|23.0241
17|00|0|315|1.5|10.2|315|37.5|48.3|0.00|0.32|43.6414|23.0241
17|01|0|315|1.6|10.2|315|36.8|48.2|0.00|0.32|43.6388|22.3756
17|03|0|315|1.5|10.2|315|36.5|48.2|0.00|0.32|43.6381|22.3756
17|04|0|315|1.5|10.2|315|36.4|48.1|0.00|0.32|43.6379|22.3756
17|05|0|315|1.5|10.2|315|36.4|48.0|0.00|0.32|43.6372|22.3756
17|06|0|315|1.5|10.2|315|36.6|48.0|0.00|0.32|43.6372|22.3756
17|07|0|315|2.9|10.2|315|36.7|48.0|0.00|0.32|43.6356|22.3756
17|08|0|315|1.5|10.2|315|36.8|47.9|0.00|0.32|43.6349|21.4878
17|09|0|315|1.5|10.2|315|37.0|47.9|0.00|0.32|43.6359|22.1335
17|10|0|315|0.0|10.2|315|36.9|47.7|0.00|0.32|43.6325|21.4878
17|11|0|315|0.0|10.2|315|36.9|47.7|0.00|0.32|43.6319|21.4878
17|12|0|315|1.6|10.2|315|37.0|47.7|0.00|0.32|43.6318|22.1335
17|13|0|315|1.5|10.2|315|37.0|47.7|0.00|0.32|43.6316|22.1335
17|14|0|315|1.5|10.2|315|37.1|47.6|0.00|0.32|43.6317|22.1335
17|16|0|315|1.5|10.2|315|37.1|47.6|0.00|0.32|43.633|22.1335
17|17|0|315|1.5|10.2|315|37.1|47.5|0.00|0.32|43.6325|22.1335
17|18|0|315|0.0|10.2|315|37.1|47.6|0.00|0.32|43.6343|22.1335
17|20|0|315|0.0|10.2|315|37.0|47.5|0.00|0.32|43.6339|22.1335
17|22|0|315|0.0|10.2|315|37.0|47.5|0.00|0.32|43.6337|22.1335
17|23|0|315|0.0|10.2|315|37.0|47.5|0.00|0.32|43.635|22.1335
17|24|0|315|0.0|10.2|315|37.0|47.5|0.00|0.32|43.6331|22.1335
17|25|0|315|1.5|10.2|315|37.1|47.4|0.00|0.32|43.6333|22.1335
17|27|0|315|1.5|10.2|315|37.3|47.4|0.00|0.32|43.6315|22.1335
17|28|0|315|0.0|10.2|315|37.5|47.4|0.00|0.32|43.6302|22.1335
17|29|0|315|0.0|10.2|315|37.6|47.4|0.00|0.32|43.6295|22.1335
17|30|0|315|0.0|10.2|315|37.7|47.3|0.01|0.33|43.6273|22.1335
17|31|0|315|0.0|10.2|315|37.8|47.3|0.01|0.33|43.6261|22.1335
17|32|0|315|0.0|10.2|315|37.9|47.3|0.01|0.33|43.6274|22.1335
17|34|0|315|0.0|10.2|315|38.0|47.2|0.01|0.33|43.6274|22.7639
17|35|0|315|0.0|10.2|315|38.0|47.2|0.01|0.33|43.6257|22.7639
17|36|0|315|0.0|10.2|315|38.1|47.2|0.01|0.33|43.6266|22.7639
17|37|0|315|0.0|10.2|315|38.1|47.1|0.01|0.33|43.625|22.7639
17|38|0|315|0.0|10.2|315|38.1|47.1|0.01|0.33|43.6259|22.7639
17|39|0|315|0.0|10.2|315|38.1|47.0|0.01|0.33|43.6275|22.7639
17|40|0|315|0.0|10.2|315|38.1|47.0|0.01|0.33|43.6293|22.7639
17|41|0|315|0.0|10.2|315|38.1|46.8|0.01|0.33|43.6275|21.8704
17|42|0|315|0.0|10.2|315|38.3|46.8|0.01|0.33|43.6296|21.8704
17|44|0|315|1.5|10.2|315|38.5|46.7|0.01|0.33|43.6293|21.8704
17|45|0|315|1.6|10.2|315|38.5|46.6|0.01|0.33|43.6299|21.8704
17|46|0|315|1.5|10.2|315|38.6|46.5|0.01|0.33|43.6322|21.8704
17|47|0|315|1.5|10.2|315|38.7|46.4|0.01|0.33|43.6319|21.8704
17|48|0|315|1.5|10.2|315|38.8|46.2|0.01|0.33|43.63|21.8704
17|49|0|315|1.5|10.2|315|39.0|46.1|0.01|0.33|43.6298|22.4837
17|50|0|315|0.0|10.2|315|39.0|46.0|0.01|0.33|43.6296|22.4837
17|51|0|315|1.6|10.2|315|39.1|45.8|0.01|0.33|43.6277|21.5873
17|52|0|315|0.0|10.2|315|39.2|45.6|0.01|0.33|43.6261|21.5873
17|53|0|315|0.0|10.2|315|39.4|45.5|0.01|0.33|43.6262|21.5873
17|54|0|315|0.0|10.2|315|39.6|45.4|0.01|0.33|43.6239|21.5873
17|55|0|315|0.0|10.2|315|39.7|45.3|0.01|0.33|43.6223|21.5873
17|56|0|315|0.0|10.2|315|39.9|45.3|0.01|0.33|43.6214|21.5873
17|57|0|315|0.0|10.2|315|40.0|45.3|0.01|0.33|43.6213|22.1842
17|58|0|315|0.0|10.2|315|40.0|45.2|0.01|0.33|43.6173|22.1842
17|59|0|315|0.0|10.2|315|40.2|45.2|0.01|0.33|43.6215|22.1842
18|00|0|315|0.0|10.2|315|40.3|45.0|0.01|0.33|43.6209|22.1842
18|01|0|315|0.0|10.2|315|40.4|45.0|0.01|0.33|43.6214|22.1842
18|02|0|315|0.0|10.2|315|40.4|45.0|0.01|0.33|43.6243|22.1842
18|04|0|315|0.0|10.2|315|40.5|44.9|0.01|0.33|43.6255|21.2851
18|05|0|315|0.0|10.2|315|40.6|44.9|0.01|0.33|43.6262|21.2851
18|06|0|315|0.0|10.2|315|40.9|44.8|0.01|0.33|43.6237|21.2851
18|07|0|315|1.5|10.2|315|41.0|44.8|0.01|0.33|43.6266|21.8664
18|08|0|315|0.0|10.2|315|41.1|44.7|0.01|0.33|43.6271|21.8664
18|09|0|315|0.0|10.2|315|41.2|44.6|0.01|0.33|43.6253|21.8664
18|11|0|315|0.0|10.2|315|41.4|44.4|0.01|0.33|43.6241|21.8664
18|12|0|315|0.0|10.2|315|41.4|44.3|0.01|0.33|43.6266|21.8664
18|13|0|315|0.0|10.2|315|41.5|44.2|0.01|0.33|43.6259|21.8664
18|14|0|315|0.0|10.2|315|41.6|44.2|0.01|0.33|43.6266|21.8664
18|15|0|315|1.6|10.2|315|41.9|44.0|0.01|0.33|43.6274|21.8664
18|16|0|315|0.0|10.2|315|42.0|43.9|0.01|0.33|43.6294|21.5309
18|17|0|315|0.0|10.2|315|42.1|43.8|0.01|0.33|43.6273|21.5309
18|18|0|315|1.5|10.2|315|42.2|43.7|0.01|0.33|43.63|21.5309
18|19|0|315|0.0|10.2|315|42.2|43.6|0.01|0.33|43.6277|21.5309
18|20|0|315|1.5|10.2|315|42.4|43.5|0.01|0.33|43.6275|21.5309
18|21|0|315|1.5|10.2|315|42.5|43.4|0.01|0.33|43.6286|21.5309
18|22|0|315|1.5|10.2|315|42.7|43.2|0.01|0.33|43.6302|21.5309
18|24|0|315|0.0|10.2|315|42.8|43.2|0.01|0.33|43.6314|21.5309
18|25|0|315|1.6|10.2|315|42.9|43.1|0.01|0.33|43.6314|21.5309
18|26|0|315|0.0|10.2|315|43.0|43.1|0.01|0.33|43.6314|22.0855
18|28|0|315|0.0|10.2|315|43.0|43.1|0.01|0.33|43.6322|22.0855
18|29|0|315|0.0|10.2|315|43.0|43.1|0.01|0.33|43.6317|22.0855
18|30|0|315|0.0|10.2|315|43.1|43.1|0.00|0.33|43.6334|22.0855
18|31|0|315|1.5|10.2|315|43.1|43.0|0.00|0.33|43.633|22.0855
18|32|0|315|1.5|10.2|315|43.1|43.0|0.00|0.33|43.6339|22.0855
18|33|0|315|0.0|10.2|315|43.4|43.0|0.00|0.33|43.6342|22.0855
18|34|0|315|1.5|10.2|315|43.6|43.0|0.00|0.33|43.6338|22.0855
18|35|0|315|1.5|10.2|315|44.1|42.9|0.00|0.33|43.6343|21.7194
18|36|0|315|0.0|10.2|315|44.2|42.8|0.00|0.33|43.6338|21.7194
18|37|0|315|1.5|10.2|315|44.3|42.7|0.00|0.33|43.6323|21.7194
18|38|0|315|1.6|10.2|315|44.5|42.7|0.00|0.33|43.6327|21.7194
18|39|0|315|0.0|10.2|315|44.6|42.6|0.00|0.33|43.6331|21.7194
18|40|0|315|0.0|10.2|315|44.7|42.5|0.00|0.33|43.6334|21.7194
18|41|0|315|0.0|10.2|315|44.8|42.3|0.00|0.33|43.635|21.7194
18|43|0|315|0.0|10.2|315|44.9|42.3|0.00|0.33|43.6354|21.7194
18|44|0|315|0.0|10.2|315|45.0|42.2|0.00|0.33|43.6341|22.2495
18|46|0|315|1.6|10.2|315|45.1|42.2|0.00|0.33|43.6295|22.2495
18|47|0|180|1.5|10.2|315|45.5|42.1|0.00|0.33|43.6268|22.2495
18|48|0|180|1.5|10.2|315|45.6|41.9|0.00|0.33|43.6234|21.3377
18|49|0|180|1.5|10.2|315|45.9|41.8|0.00|0.33|43.6218|21.3377
18|50|0|180|1.5|10.2|315|46.0|41.7|0.00|0.33|43.6231|21.8552
18|51|0|180|1.6|10.2|315|46.1|41.6|0.00|0.33|43.6274|21.8552
18|52|0|180|0.0|10.2|315|46.2|41.5|0.00|0.33|43.6292|21.8552
18|53|0|180|0.0|10.2|315|46.2|41.3|0.00|0.33|43.6298|21.8552
18|54|0|180|0.0|10.2|315|46.2|41.2|0.00|0.33|43.6299|21.8552
18|55|0|180|0.0|10.2|315|46.5|41.2|0.00|0.33|43.6283|21.8552
18|56|0|180|1.5|10.2|315|46.8|41.1|0.00|0.33|43.6283|21.8552
18|57|0|180|1.6|10.2|315|47.0|41.1|0.00|0.33|43.6239|22.3627
18|58|0|180|1.5|10.2|315|47.4|41.0|0.00|0.33|43.6238|22.3627
18|59|0|180|0.0|10.2|315|48.1|40.9|0.00|0.33|43.6239|21.9422
19|00|0|180|1.5|10.2|315|48.5|40.8|0.00|0.33|43.6224|21.9422
19|02|0|180|1.5|10.2|315|48.7|40.7|0.00|0.33|43.6223|21.9422
19|03|0|45|1.5|10.2|315|49.1|40.5|0.00|0.33|43.626|22.429
19|04|0|45|1.5|10.2|315|49.4|40.4|0.00|0.33|43.6275|22.429
19|05|0|45|1.5|10.2|315|49.9|40.3|0.00|0.33|43.6273|22.429
19|06|0|45|1.5|10.2|315|50.9|40.2|0.00|0.33|43.629|22.907
19|09|0|90|0.0|10.2|315|51.6|39.8|0.00|0.33|43.6228|22.4516
19|10|0|90|0.0|10.2|315|51.5|39.7|0.00|0.33|43.6235|22.4516
19|11|0|90|0.0|10.2|315|51.5|39.5|0.00|0.33|43.6199|22.4516
19|12|0|90|1.5|10.2|315|51.6|39.5|0.00|0.33|43.6214|22.4516
19|13|0|90|0.0|10.2|315|52.1|39.3|0.00|0.33|43.6187|22.9111
19|14|0|90|1.5|10.2|315|52.4|39.3|0.00|0.33|43.6197|22.9111
19|15|0|90|1.5|10.2|315|52.5|39.2|0.00|0.33|43.6184|22.9111
19|16|0|90|1.5|10.2|315|52.8|39.2|0.00|0.33|43.6173|22.9111
19|18|0|90|0.0|10.2|315|53.4|39.1|0.00|0.33|43.6156|23.3629
19|19|0|90|1.6|10.2|315|53.5|39.1|0.00|0.33|43.6155|23.3629
19|20|0|90|1.5|10.2|315|54.0|39.0|0.00|0.33|43.6149|23.8072
19|21|0|90|1.5|10.2|315|54.5|39.0|0.00|0.33|43.615|23.8072
19|22|0|90|1.5|10.2|315|54.9|38.9|0.00|0.33|43.6143|22.8759
19|23|0|90|1.5|10.2|315|55.0|38.9|0.01|0.34|43.6142|23.311
19|24|0|90|3.2|10.2|315|55.1|38.7|0.01|0.34|43.6115|23.311
19|25|0|90|1.5|10.2|315|55.3|38.7|0.01|0.34|43.6126|23.311
19|26|0|90|1.5|10.2|315|55.3|38.7|0.01|0.34|43.6103|23.311
19|27|0|90|0.0|10.2|315|55.2|38.7|0.01|0.34|43.6092|23.311
19|29|0|90|0.0|10.2|315|55.3|38.7|0.01|0.34|43.6099|23.311
19|31|0|45|1.5|10.2|315|55.3|38.6|0.01|0.34|43.6095|23.311
19|33|0|90|1.5|10.2|315|55.3|38.6|0.01|0.34|43.6064|23.311
19|34|0|90|0.0|10.2|315|55.3|38.6|0.01|0.34|43.6077|23.311
19|35|0|90|0.0|10.2|315|55.1|38.5|0.01|0.34|43.6066|23.311
19|36|0|90|0.0|10.2|315|55.1|38.5|0.01|0.34|43.604|23.311
19|39|0|90|1.5|10.2|315|55.4|38.5|0.01|0.34|43.6014|23.311
19|40|0|135|1.5|10.2|315|55.7|38.5|0.01|0.34|43.5993|23.311
19|41|0|135|1.6|10.2|315|55.7|38.4|0.01|0.34|43.5987|23.311
19|42|0|135|0.0|10.2|315|55.8|38.4|0.01|0.34|43.5972|23.311
19|43|0|135|0.0|10.2|315|56.0|38.4|0.01|0.34|43.596|23.7391
19|44|0|135|0.0|10.2|315|56.2|38.4|0.01|0.34|43.596|23.7391
19|45|0|135|1.5|10.2|315|56.4|38.4|0.01|0.34|43.5959|23.7391
19|46|0|90|1.6|10.2|315|56.6|38.3|0.01|0.34|43.5964|23.7391
19|48|0|90|1.5|10.2|315|57.2|38.2|0.01|0.34|43.5976|24.1605
19|50|0|45|1.5|10.2|315|57.5|38.2|0.01|0.34|43.6007|24.1605
19|51|0|45|1.6|10.2|315|58.0|38.1|0.01|0.34|43.6006|24.5755
19|52|0|45|1.6|10.2|315|58.4|38.1|0.01|0.34|43.6|24.5755
19|53|0|45|1.5|10.2|315|58.6|38.0|0.01|0.34|43.6003|24.5755
19|54|0|45|1.6|10.2|315|58.8|38.0|0.01|0.34|43.6014|24.5755
19|56|0|45|1.5|10.2|315|59.0|37.8|0.01|0.34|43.5984|24.0432
19|57|0|23|1.5|10.2|315|59.4|37.8|0.01|0.34|43.6|24.0432
19|58|0|23|0.0|10.2|315|59.4|37.8|0.01|0.34|43.5992|24.0432
19|59|0|23|0.0|10.2|315|59.0|37.7|0.01|0.34|43.5996|24.0432
20|00|0|90|0.0|10.2|315|59.2|37.8|0.01|0.34|43.5995|24.0432
20|01|0|90|1.5|10.2|315|59.9|37.8|0.01|0.34|43.5993|24.0432
20|02|0|45|2.9|10.2|315|60.7|37.7|0.01|0.34|43.5989|24.4439
20|03|0|45|1.6|10.2|315|61.2|37.7|0.01|0.34|43.5993|24.8388
20|04|0|45|2.9|10.2|315|61.8|37.6|0.01|0.34|43.6027|24.8388
20|06|0|45|4.4|10.2|315|61.6|37.3|0.01|0.34|43.6073|24.8388
20|07|0|45|2.9|10.2|315|61.9|37.2|0.01|0.34|43.61|24.8388
20|08|0|45|3.2|10.2|315|62.1|37.2|0.01|0.34|43.61|25.228
20|10|0|45|2.9|10.2|315|62.0|37.1|0.02|0.35|43.609|25.228
20|11|0|45|1.5|10.2|315|62.0|37.1|0.02|0.35|43.6061|25.228
20|12|0|45|0.0|10.2|315|62.1|37.1|0.02|0.35|43.6035|25.228
20|15|0|45|1.6|10.2|315|62.2|37.1|0.02|0.35|43.6056|25.228
20|16|0|45|1.5|10.2|315|62.2|37.2|0.02|0.35|43.6066|25.228
20|17|0|45|0.0|10.2|315|61.9|37.1|0.02|0.35|43.6031|24.8388
20|18|0|45|1.5|10.2|315|61.7|37.1|0.02|0.35|43.6024|24.8388
20|19|0|45|1.5|10.2|315|61.6|37.2|0.02|0.35|43.6037|24.8388
20|20|0|90|2.9|10.2|315|61.5|37.1|0.02|0.35|43.6037|24.8388
20|21|0|90|1.5|10.2|315|61.4|37.1|0.02|0.35|43.6045|24.8388
20|22|0|45|1.6|10.2|315|61.3|37.2|0.02|0.35|43.6081|24.8388
20|23|0|45|1.5|10.2|315|61.3|37.2|0.01|0.35|43.61|24.8388
20|24|0|45|1.5|10.2|315|61.8|37.2|0.01|0.35|43.611|24.8388
20|25|0|45|1.5|10.2|315|61.7|37.1|0.01|0.35|43.6086|24.8388
20|26|0|45|1.5|10.2|315|61.7|37.2|0.01|0.35|43.6101|24.8388
20|27|0|45|1.6|10.2|315|62.0|37.1|0.01|0.35|43.6079|25.228
20|28|0|90|1.5|10.2|315|62.2|37.1|0.01|0.35|43.6047|25.228
20|30|0|90|1.5|10.2|315|61.5|37.1|0.01|0.35|43.6022|24.8388
20|31|0|90|0.0|10.2|315|61.3|37.1|0.01|0.35|43.6008|24.8388
20|32|0|90|1.5|10.2|315|61.2|37.1|0.01|0.35|43.6008|24.8388
20|33|0|90|1.5|10.2|315|61.1|37.1|0.01|0.35|43.6028|24.8388
20|34|0|90|0.0|10.2|315|60.9|37.1|0.01|0.35|43.6039|24.4439
20|36|0|90|1.5|10.2|315|60.7|37.2|0.01|0.35|43.6037|24.4439
20|37|0|90|0.0|10.2|315|60.7|37.2|0.01|0.35|43.602|24.4439
20|38|0|90|0.0|10.2|315|60.6|37.2|0.01|0.35|43.6002|24.4439
20|39|0|90|1.5|10.2|315|60.5|37.2|0.01|0.35|43.5976|24.4439
20|41|0|90|0.0|10.2|315|60.5|37.2|0.01|0.35|43.6015|24.4439
20|42|0|90|0.0|10.2|315|60.7|37.2|0.01|0.35|43.6039|24.4439
20|43|0|90|0.0|10.2|315|60.9|37.2|0.01|0.35|43.6044|24.4439
20|44|0|90|1.5|10.2|315|60.8|37.2|0.01|0.35|43.605|24.4439
20|45|0|90|1.6|10.2|315|60.8|37.2|0.01|0.35|43.6073|24.4439
20|46|0|90|1.6|10.2|315|60.9|37.1|0.01|0.35|43.6104|24.4439
20|47|0|90|1.5|10.2|315|61.2|37.1|0.01|0.35|43.6096|24.8388
20|48|0|90|1.5|10.2|315|61.4|37.0|0.01|0.35|43.6101|24.8388
20|49|0|180|3.2|10.2|315|61.4|36.8|0.01|0.35|43.6111|23.8942
20|52|0|180|1.5|10.2|315|61.5|36.6|0.01|0.35|43.6105|23.8942
20|53|0|180|0.0|10.2|315|61.4|36.6|0.01|0.35|43.612|23.8942
20|54|0|180|1.5|10.2|315|61.5|36.5|0.01|0.35|43.6115|23.8942
20|55|0|180|1.5|10.2|315|61.6|36.5|0.01|0.35|43.6126|23.8942
20|56|0|180|1.5|10.2|315|61.8|36.4|0.01|0.35|43.6115|23.8942
20|57|0|180|0.0|10.2|315|61.9|36.4|0.01|0.35|43.6109|23.8942
20|59|0|135|1.5|10.2|315|62.1|36.3|0.01|0.35|43.6063|24.2816
21|00|0|180|3.2|10.2|315|62.1|36.2|0.02|0.36|43.6056|24.2816
21|01|0|180|1.5|10.2|315|62.2|36.0|0.02|0.36|43.6068|24.2816
21|02|0|180|1.5|10.2|315|62.4|35.9|0.02|0.36|43.6075|23.3352
21|03|0|180|1.6|10.2|315|62.7|35.8|0.02|0.36|43.6078|23.3352
21|04|0|180|1.5|10.2|315|62.9|35.7|0.02|0.36|43.6095|23.3352
21|05|0|180|0.0|10.2|315|63.2|35.6|0.02|0.36|43.6087|23.7154
21|06|0|180|1.6|10.2|315|63.4|35.6|0.02|0.36|43.6117|23.7154
21|07|0|180|0.0|10.2|315|63.4|35.5|0.02|0.36|43.6136|23.7154
21|08|0|180|0.0|10.2|315|63.6|35.5|0.02|0.36|43.6134|23.7154
21|10|0|180|0.0|10.2|315|64.0|35.5|0.01|0.36|43.62|24.0903
21|11|0|180|0.0|10.2|315|64.1|35.4|0.01|0.36|43.6223|24.0903
21|12|0|180|1.5|10.2|315|64.2|35.5|0.01|0.36|43.6247|24.0903
21|13|0|180|1.6|10.2|315|64.4|35.4|0.01|0.36|43.6247|24.0903
21|14|0|180|0.0|10.2|315|64.5|35.4|0.01|0.36|43.6212|24.0903
21|15|0|180|0.0|10.2|315|64.4|35.3|0.01|0.36|43.622|24.0903
21|16|0|180|0.0|10.2|315|64.5|35.3|0.01|0.36|43.6237|24.0903
21|17|0|180|0.0|10.2|315|64.6|35.2|0.01|0.36|43.6242|24.0903
21|18|0|180|0.0|10.2|315|64.5|35.2|0.01|0.36|43.6231|24.0903
21|19|0|180|0.0|10.2|315|64.4|35.0|0.01|0.36|43.6242|24.0903
21|20|0|180|1.5|10.2|315|64.8|35.0|0.01|0.36|43.6215|24.0903
21|21|0|180|1.5|10.2|315|65.2|34.9|0.01|0.36|43.6199|23.5083
21|22|0|180|1.6|10.2|315|65.5|34.9|0.01|0.36|43.6219|23.5083
21|23|0|180|0.0|10.2|315|65.6|34.8|0.01|0.36|43.6213|23.5083
21|24|0|180|0.0|10.2|315|65.5|34.8|0.01|0.36|43.6237|23.5083
21|25|0|180|0.0|10.2|315|65.4|34.8|0.01|0.36|43.6243|23.5083
21|26|0|180|1.5|10.2|315|65.5|34.7|0.01|0.36|43.6257|23.5083
21|27|0|179|1.6|10.2|315|65.8|34.7|0.01|0.36|43.6252|23.5083
21|29|0|90|0.0|10.2|315|66.0|34.6|0.01|0.36|43.6234|23.8714
21|30|0|90|0.0|10.2|315|66.1|34.6|0.01|0.36|43.6231|23.8714
21|32|0|90|0.0|10.2|315|65.9|34.5|0.01|0.36|43.6227|23.5083
21|33|0|90|0.0|10.2|315|65.8|34.5|0.01|0.36|43.6207|23.5083
21|34|0|90|1.6|10.2|315|65.6|34.4|0.01|0.36|43.6207|23.5083
21|35|0|180|1.5|10.2|315|65.8|34.2|0.02|0.37|43.6215|23.5083
21|36|0|180|1.6|10.2|315|66.0|34.2|0.02|0.37|43.6214|23.8714
21|37|0|180|1.5|10.2|315|66.1|34.1|0.02|0.37|43.6203|23.8714
21|38|0|180|0.0|10.2|315|66.2|34.1|0.02|0.37|43.6189|23.8714
21|39|0|180|1.5|10.2|315|66.3|34.0|0.02|0.37|43.6181|23.8714
21|40|0|180|0.0|10.2|315|66.5|34.0|0.02|0.37|43.6211|23.8714
21|41|0|180|0.0|10.2|315|66.6|34.0|0.02|0.37|43.6206|23.8714
21|44|0|180|0.0|10.2|315|66.5|33.9|0.02|0.37|43.6273|22.918
21|45|0|180|0.0|10.2|315|66.5|33.9|0.02|0.37|43.6308|22.918
21|46|0|180|0.0|10.2|315|66.6|33.9|0.02|0.37|43.6296|22.918
21|47|0|180|0.0|10.2|315|66.8|33.8|0.02|0.37|43.628|22.918
21|48|0|180|0.0|10.2|315|67.0|33.8|0.02|0.37|43.6282|23.2746
21|51|0|180|0.0|10.2|315|67.2|33.8|0.02|0.37|43.6303|23.2746
21|52|0|180|0.0|10.2|315|67.2|33.8|0.02|0.37|43.6312|23.2746
21|53|0|180|0.0|10.2|315|67.1|33.8|0.02|0.37|43.6318|23.2746
21|54|0|180|0.0|10.2|315|67.1|33.8|0.02|0.37|43.6303|23.2746
21|55|0|180|0.0|10.2|315|67.0|33.7|0.02|0.37|43.628|23.2746
21|56|0|180|0.0|10.2|315|66.8|33.7|0.02|0.37|43.6271|22.918
21|57|0|180|0.0|10.2|315|66.7|33.7|0.02|0.37|43.6247|22.918
21|58|0|180|0.0|10.2|315|66.7|33.7|0.02|0.37|43.6244|22.918
21|59|0|180|0.0|10.2|315|66.8|33.6|0.02|0.37|43.6213|22.918
22|00|0|180|0.0|10.2|315|66.9|33.6|0.01|0.37|43.6211|22.918
22|01|0|180|1.5|10.2|315|66.9|33.6|0.01|0.37|43.6244|22.918
22|02|0|180|0.0|10.2|315|67.1|33.6|0.01|0.37|43.6248|23.2746
22|03|0|180|1.5|10.2|315|67.1|33.5|0.01|0.37|43.6247|23.2746
22|04|0|180|0.0|10.2|315|67.0|33.5|0.01|0.37|43.6261|23.2746
22|05|0|180|0.0|10.2|315|67.1|33.5|0.01|0.37|43.6243|23.2746
22|07|0|45|1.6|10.2|315|67.2|33.3|0.01|0.37|43.6252|23.2746
22|08|0|45|1.5|10.2|315|67.5|33.2|0.01|0.37|43.6264|23.2746
22|09|0|45|1.5|10.2|315|68.3|33.1|0.01|0.37|43.6269|23.6265
22|11|0|45|1.5|10.2|315|68.8|33.0|0.01|0.37|43.6277|23.6265
22|12|0|45|1.5|10.2|315|69.3|32.9|0.01|0.37|43.6275|23.0155
22|13|0|45|2.9|10.2|315|69.8|32.9|0.01|0.37|43.627|23.0155
22|14|0|45|1.5|10.2|315|70.2|32.9|0.01|0.37|43.6261|23.3568
22|16|0|90|1.5|10.2|315|70.1|32.9|0.01|0.37|43.6248|23.3568
22|17|0|90|2.9|10.2|315|69.9|32.9|0.01|0.37|43.6237|23.0155
22|18|0|90|1.5|10.2|315|69.7|32.9|0.01|0.37|43.6243|23.0155
22|19|0|90|0.0|10.2|315|69.4|32.9|0.01|0.37|43.6206|23.0155
22|20|0|90|0.0|10.2|315|69.2|33.0|0.01|0.37|43.6179|23.9738
22|21|0|90|0.0|10.2|315|69.0|33.0|0.01|0.37|43.6166|23.9738
22|22|0|90|0.0|10.2|315|68.8|33.1|0.01|0.37|43.6151|23.6265
22|23|0|90|1.5|10.2|315|68.6|33.1|0.01|0.37|43.6136|23.6265
22|24|0|180|1.6|10.2|315|68.4|33.0|0.01|0.37|43.6116|23.6265
22|26|0|180|1.6|10.2|315|68.3|33.0|0.01|0.37|43.6084|23.6265
22|27|0|180|1.5|10.2|315|68.3|33.0|0.01|0.37|43.6078|23.6265
22|28|0|180|1.5|10.2|315|68.2|33.0|0.01|0.37|43.6046|23.6265
22|30|0|135|1.5|10.2|315|68.2|33.0|0.01|0.37|43.6051|23.6265
22|31|0|90|1.5|10.2|315|68.4|32.9|0.01|0.37|43.6048|22.6697
22|32|0|90|1.5|10.2|315|68.5|32.9|0.01|0.37|43.6044|22.6697
22|33|0|90|1.5|10.2|315|68.6|32.8|0.01|0.37|43.6068|22.6697
22|34|0|23|1.5|10.2|315|68.5|32.8|0.01|0.37|43.6083|22.6697
22|36|0|45|2.9|10.2|315|69.1|32.7|0.00|0.37|43.6142|23.0155
22|37|0|45|1.6|10.2|315|69.1|32.6|0.00|0.37|43.6138|23.0155
22|38|0|45|1.5|10.2|315|69.1|32.5|0.00|0.37|43.6116|23.0155
22|39|0|45|1.5|10.2|315|69.1|32.5|0.00|0.37|43.6119|23.0155
22|40|0|45|3.2|10.2|315|69.2|32.5|0.00|0.37|43.6134|23.0155
22|41|0|45|1.5|10.2|315|69.6|32.3|0.00|0.37|43.6097|23.0155
22|42|0|45|1.6|10.2|315|70.5|32.3|0.00|0.37|43.6083|23.3568
22|43|0|45|1.5|0.0|180|71.2|32.3|0.00|0.00|43.6073|23.6939
22|44|0|45|0.0|2.9|45|71.3|32.3|0.01|0.01|43.606|23.6939
22|45|0|45|0.0|2.9|45|71.3|32.5|0.01|0.01|43.6069|23.6939
22|46|0|45|1.6|2.9|45|71.1|32.5|0.01|0.01|43.6053|23.6939
22|47|0|45|1.5|2.9|45|71.1|32.5|0.01|0.01|43.6044|23.6939
22|48|0|45|1.5|2.9|45|70.8|32.6|0.01|0.01|43.607|23.3568
22|49|0|45|1.6|2.9|45|70.7|32.6|0.01|0.01|43.6076|23.3568
22|51|0|45|2.9|3.2|45|70.9|32.6|0.01|0.01|43.6091|23.3568
22|54|0|45|0.0|3.2|45|70.2|32.6|0.01|0.01|43.6117|23.3568
22|55|0|45|1.5|3.2|45|70.0|32.5|0.01|0.01|43.6087|23.3568
22|56|0|45|0.0|3.2|45|70.1|32.5|0.01|0.01|43.6077|23.3568
22|57|0|45|1.5|3.2|45|69.7|32.6|0.01|0.01|43.6108|23.0155
22|58|0|45|1.5|3.2|45|69.4|32.6|0.01|0.01|43.6118|23.0155
22|59|0|45|1.5|3.2|45|69.4|32.6|0.01|0.01|43.6107|23.0155
23|00|0|45|1.5|3.2|45|69.2|32.6|0.01|0.01|43.6095|23.0155
23|01|0|45|1.5|3.2|45|69.1|32.5|0.01|0.01|43.6069|23.0155
23|02|0|45|0.0|3.2|45|69.2|32.5|0.01|0.01|43.6083|23.0155
23|03|0|45|0.0|3.2|45|69.9|32.5|0.01|0.01|43.6073|23.0155
23|04|0|45|1.5|3.2|45|70.3|32.5|0.01|0.01|43.6105|23.3568
23|05|0|45|0.0|3.2|45|70.4|32.5|0.01|0.01|43.6094|23.3568
23|07|0|90|1.5|3.2|45|69.5|32.5|0.01|0.01|43.6056|23.0155
23|08|0|90|2.9|3.2|45|69.1|32.5|0.01|0.01|43.6048|23.0155
23|09|0|90|1.5|3.2|90|68.9|32.6|0.01|0.01|43.6056|22.6697
23|11|0|90|0.0|3.2|90|68.7|32.6|0.01|0.01|43.6047|22.6697
23|12|0|90|0.0|3.2|90|68.6|32.7|0.01|0.01|43.6046|22.6697
23|13|0|90|0.0|3.2|90|68.4|32.7|0.01|0.01|43.6059|22.6697
23|14|0|90|0.0|3.2|90|68.2|32.8|0.01|0.01|43.6059|22.6697
23|15|0|90|0.0|3.2|90|67.9|32.8|0.01|0.01|43.604|22.3194
23|16|0|90|0.0|3.2|90|67.7|32.8|0.01|0.01|43.6051|22.3194
23|17|0|90|0.0|3.2|90|67.6|32.7|0.01|0.01|43.6038|22.3194
23|18|0|90|1.5|3.2|90|67.6|32.7|0.01|0.01|43.6052|22.3194
23|19|0|90|1.5|3.2|90|67.6|32.7|0.01|0.01|43.6053|22.3194
23|20|0|90|1.5|3.2|90|67.7|32.7|0.01|0.01|43.6076|22.3194
23|22|0|90|0.0|3.2|90|67.9|32.6|0.01|0.01|43.6118|22.3194
23|23|0|90|0.0|3.2|90|67.9|32.6|0.01|0.01|43.6105|22.3194
23|24|0|90|0.0|3.2|90|67.8|32.6|0.01|0.01|43.6122|22.3194
23|26|0|90|0.0|3.2|90|67.5|32.6|0.01|0.01|43.6124|22.3194
23|27|0|90|0.0|3.2|90|67.4|32.6|0.01|0.01|43.6108|22.3194
23|28|0|90|0.0|3.2|90|67.3|32.5|0.01|0.01|43.6095|22.3194
23|29|0|90|0.0|3.2|90|67.2|32.5|0.01|0.01|43.6088|22.3194
23|30|0|90|0.0|3.2|90|67.2|32.3|0.01|0.01|43.6086|22.3194
23|32|0|90|0.0|3.2|90|67.4|32.3|0.01|0.01|43.6068|22.3194
23|33|0|90|1.5|3.2|90|67.5|32.2|0.01|0.01|43.6066|22.3194
23|34|0|90|1.6|3.2|90|67.6|32.1|0.01|0.01|43.6044|22.3194
23|35|0|90|0.0|3.2|90|67.5|32.1|0.01|0.01|43.604|22.3194
23|36|0|90|1.6|3.2|90|67.5|32.0|0.01|0.01|43.6013|22.3194
23|37|0|90|0.0|3.2|90|67.5|31.9|0.01|0.01|43.6022|21.3642
23|38|0|90|0.0|3.2|90|67.5|31.8|0.01|0.01|43.6028|21.3642
23|39|0|90|1.5|3.2|90|67.5|31.7|0.01|0.01|43.6015|21.3642
23|40|0|90|0.0|3.2|90|67.7|31.7|0.01|0.01|43.6009|21.3642
23|41|0|90|0.0|3.2|90|68.1|31.5|0.01|0.01|43.5999|21.7129
23|42|0|90|1.6|3.2|90|68.3|31.5|0.01|0.01|43.6005|21.7129
23|43|0|90|0.0|3.2|90|68.4|31.4|0.00|0.01|43.6002|21.7129
23|44|0|90|0.0|3.2|90|68.6|31.3|0.00|0.01|43.5993|21.7129
23|45|0|90|0.0|3.2|90|68.9|31.3|0.00|0.01|43.6002|21.7129
23|46|0|90|0.0|3.2|90|69.2|31.3|0.00|0.01|43.6005|22.0571
23|47|0|90|0.0|3.2|90|69.0|31.2|0.00|0.01|43.5995|22.0571
23|48|0|90|0.0|3.2|90|68.9|31.1|0.00|0.01|43.5988|21.7129
23|49|0|90|0.0|3.2|90|69.5|31.1|0.00|0.01|43.6002|22.0571
23|51|0|90|0.0|3.2|90|69.7|31.0|0.00|0.01|43.5998|22.0571
23|52|0|90|0.0|3.2|90|69.6|30.9|0.00|0.01|43.5975|21.0986
23|55|0|90|1.5|3.2|90|69.6|30.5|0.00|0.01|43.594|21.0986
23|56|0|90|1.5|3.2|90|69.7|30.4|0.00|0.01|43.5915|21.0986
23|57|0|90|1.6|3.2|90|70.1|30.3|0.00|0.01|43.5921|21.4368
23|58|0|90|0.0|3.2|90|70.6|30.2|0.00|0.01|43.5935|21.4368
23|59|0|90|0.0|3.2|90|70.9|30.2|0.00|0.01|43.5952|21.4368
