00|00|0|135|1.5|27.6|0|40.1|35.4|0.00|0.01|43.797|13.1835
00|01|0|135|0.0|27.6|0|40.5|35.3|0.00|0.01|43.7969|13.1835
00|02|0|135|0.0|27.6|0|40.7|35.3|0.00|0.01|43.7973|13.1835
00|03|0|135|0.0|27.6|0|40.5|35.3|0.00|0.01|43.7976|13.1835
00|04|0|135|0.0|27.6|0|40.6|35.3|0.01|0.02|43.7983|13.1835
00|06|0|135|0.0|27.6|0|40.5|35.3|0.01|0.02|43.7986|13.1835
00|07|0|135|0.0|27.6|0|40.3|35.2|0.01|0.02|43.7989|13.1835
00|08|0|135|1.6|27.6|0|40.4|35.2|0.01|0.02|43.7984|13.1835
00|09|0|135|0.0|27.6|0|40.8|35.2|0.01|0.02|43.7981|13.1835
00|10|0|0|0.0|27.6|0|41.3|35.0|0.01|0.02|43.797|13.7424
00|11|0|0|2.9|27.6|0|41.7|35.0|0.01|0.02|43.7978|13.7424
00|12|0|0|1.5|27.6|0|42.4|34.9|0.01|0.02|43.7969|13.3831
00|13|0|0|1.5|27.6|0|42.3|34.8|0.01|0.02|43.7963|13.3831
00|14|0|0|0.0|27.6|0|42.1|34.7|0.01|0.02|43.7956|13.3831
00|15|0|0|0.0|27.6|0|42.0|34.7|0.01|0.02|43.7957|13.3831
00|16|0|0|0.0|27.6|0|41.9|34.6|0.01|0.02|43.7945|12.8387
00|17|0|0|0.0|27.6|0|41.8|34.6|0.01|0.02|43.7932|12.8387
00|18|0|0|0.0|27.6|0|41.8|34.5|0.01|0.02|43.7944|12.8387
00|19|0|0|0.0|27.6|0|41.8|34.5|0.01|0.02|43.7949|12.8387
00|20|0|0|0.0|27.6|0|41.9|34.5|0.01|0.02|43.7945|12.8387
00|21|0|0|0.0|27.6|0|42.0|34.4|0.01|0.02|43.7944|13.3831
00|22|0|0|0.0|27.6|0|41.9|34.4|0.01|0.02|43.7922|12.8387
00|23|0|0|0.0|27.6|0|41.9|34.4|0.01|0.02|43.7944|12.8387
00|24|0|0|0.0|27.6|0|41.8|34.4|0.01|0.02|43.7919|12.8387
00|26|0|0|0.0|27.6|0|41.9|34.4|0.01|0.02|43.7936|12.8387
00|27|0|0|1.6|27.6|0|42.1|34.4|0.01|0.02|43.7926|13.3831
00|28|0|0|1.5|27.6|0|42.3|34.4|0.01|0.02|43.7921|13.3831
00|29|0|0|0.0|27.6|0|42.6|34.4|0.01|0.02|43.7944|13.3831
00|30|0|0|0.0|27.6|0|42.8|34.2|0.01|0.02|43.7936|13.3831
00|31|0|0|1.5|27.6|0|43.0|34.1|0.01|0.02|43.7915|13.9162
00|32|0|0|1.6|27.6|0|43.0|34.0|0.01|0.02|43.7926|13.9162
00|33|0|0|1.5|27.6|0|43.0|34.0|0.01|0.02|43.7924|13.9162
00|34|0|0|1.6|27.6|0|43.1|34.0|0.01|0.02|43.7926|13.9162
00|35|0|0|1.5|27.6|0|43.1|33.9|0.01|0.02|43.7933|13.0075
00|36|0|0|0.0|27.6|0|43.1|33.9|0.02|0.03|43.7908|13.0075
00|37|0|0|0.0|27.6|0|43.1|33.9|0.02|0.03|43.79|13.0075
00|39|0|0|0.0|27.6|0|42.8|33.9|0.02|0.03|43.7921|12.4768
00|40|0|0|0.0|27.6|0|42.9|33.8|0.02|0.03|43.7926|12.4768
00|42|0|0|1.6|27.6|0|43.6|33.8|0.02|0.03|43.7936|13.0075
00|43|0|180|1.5|27.6|0|45.2|33.7|0.02|0.03|43.7957|14.0367
00|45|0|180|0.0|27.6|0|46.4|33.6|0.02|0.03|43.7952|14.5362
00|46|0|180|0.0|27.6|0|46.0|33.6|0.02|0.03|43.7995|14.5362
00|47|0|180|0.0|27.6|0|45.4|33.5|0.02|0.03|43.8012|14.0367
00|48|0|180|0.0|27.6|0|44.8|33.5|0.02|0.03|43.8035|13.5273
00|49|0|180|1.5|27.6|0|44.6|33.3|0.02|0.03|43.8038|13.5273
00|50|0|180|0.0|27.6|0|44.6|33.3|0.02|0.03|43.8069|13.5273
00|51|0|180|0.0|27.6|0|44.4|33.3|0.02|0.03|43.806|13.5273
00|52|0|180|0.0|27.6|0|44.3|33.2|0.02|0.03|43.8053|13.5273
00|54|0|180|0.0|27.6|0|44.5|33.2|0.02|0.03|43.8079|13.5273
00|55|0|180|0.0|27.6|0|44.5|33.2|0.02|0.03|43.8092|13.5273
00|56|0|180|0.0|27.6|0|44.5|33.1|0.02|0.03|43.8086|13.5273
00|57|0|0|1.5|27.6|0|45.1|33.1|0.02|0.03|43.8075|14.0367
00|58|0|0|1.5|27.6|0|45.5|33.0|0.02|0.03|43.8058|14.0367
01|00|0|315|1.5|27.6|0|46.0|32.8|0.02|0.03|43.8088|13.6205
01|01|0|315|0.0|27.6|0|46.0|32.8|0.02|0.03|43.8111|13.6205
01|02|0|315|2.9|27.6|0|46.2|32.7|0.02|0.03|43.8111|13.6205
01|04|0|270|1.5|27.6|0|46.7|32.6|0.01|0.03|43.8109|13.6205
01|05|0|315|1.6|27.6|0|47.1|32.5|0.01|0.03|43.8099|14.1082
01|07|0|315|0.0|27.6|0|47.5|32.3|0.01|0.03|43.81|14.1082
01|08|0|315|1.5|27.6|0|47.6|32.3|0.01|0.03|43.8102|14.1082
01|09|0|315|1.6|27.6|0|47.8|32.2|0.01|0.03|43.8093|14.1082
01|10|0|315|1.5|27.6|0|47.9|32.2|0.01|0.03|43.809|14.1082
01|12|0|315|1.5|27.6|0|48.4|32.1|0.01|0.03|43.8086|14.5868
01|13|0|315|1.5|27.6|0|48.6|32.1|0.01|0.03|43.8083|14.5868
01|14|0|315|1.5|27.6|0|48.7|32.1|0.01|0.03|43.8086|14.5868
01|17|0|315|1.6|27.6|0|49.0|32.0|0.01|0.03|43.8101|15.0565
01|18|0|315|1.5|27.6|0|49.0|31.9|0.01|0.03|43.8059|14.1342
01|19|0|315|1.6|27.6|0|49.1|31.9|0.01|0.03|43.8083|14.1342
01|20|0|315|1.5|27.6|0|49.3|31.9|0.01|0.03|43.8112|14.1342
01|21|0|0|1.6|27.6|0|49.4|32.0|0.01|0.03|43.8118|15.0565
01|22|0|0|1.5|27.6|0|49.5|31.9|0.01|0.03|43.8113|14.1342
01|23|0|0|0.0|27.6|0|49.6|31.9|0.01|0.03|43.8085|14.1342
01|25|0|45|2.9|27.6|0|51.3|31.9|0.01|0.03|43.8107|15.0446
01|27|0|45|1.5|27.6|0|51.9|31.8|0.01|0.03|43.8104|15.0446
01|28|0|45|1.6|27.6|0|52.6|31.8|0.01|0.03|43.81|15.488
01|29|0|68|1.5|27.6|0|53.0|31.8|0.01|0.03|43.8105|15.9239
01|30|0|90|2.9|27.6|0|52.8|31.8|0.01|0.03|43.8125|15.488
01|31|0|90|1.5|27.6|0|52.2|31.7|0.01|0.03|43.8117|15.488
01|32|0|90|1.5|27.6|0|51.4|31.7|0.01|0.03|43.8127|15.0446
01|33|0|90|1.5|27.6|0|50.9|31.7|0.01|0.03|43.8132|14.5935
01|34|0|90|1.6|27.6|0|50.9|31.7|0.01|0.03|43.816|14.5935
01|35|0|135|2.9|27.6|0|51.1|31.7|0.00|0.03|43.8143|15.0446
01|36|0|135|1.6|27.6|0|51.1|31.7|0.00|0.03|43.8147|15.0446
01|37|0|135|1.5|27.6|0|51.1|31.7|0.00|0.03|43.8164|15.0446
01|38|0|135|1.5|27.6|0|51.1|31.7|0.00|0.03|43.818|15.0446
01|39|0|90|0.0|27.6|0|50.9|31.7|0.00|0.03|43.8165|14.5935
01|40|0|90|1.5|27.6|0|50.8|31.7|0.00|0.03|43.8168|14.5935
01|41|0|90|0.0|27.6|0|50.8|31.5|0.00|0.03|43.814|14.5935
01|42|0|90|1.5|27.6|0|50.7|31.5|0.00|0.03|43.815|14.5935
01|43|0|90|1.6|27.6|0|50.6|31.5|0.00|0.03|43.8136|14.5935
01|44|0|90|0.0|27.6|0|50.4|31.5|0.01|0.04|43.8145|14.5935
01|45|0|90|0.0|27.6|0|50.3|31.5|0.01|0.04|43.8145|14.5935
01|46|0|90|0.0|27.6|0|50.3|31.5|0.01|0.04|43.8122|14.5935
01|48|0|90|0.0|27.6|0|50.2|31.5|0.01|0.04|43.8118|14.5935
01|49|0|90|0.0|27.6|0|50.1|31.5|0.01|0.04|43.8125|14.5935
01|50|0|90|0.0|27.6|0|50.0|31.5|0.02|0.05|43.8127|14.5935
01|51|0|90|0.0|27.6|0|49.9|31.7|0.02|0.05|43.8148|14.1342
01|52|0|90|1.5|27.6|0|50.0|31.7|0.02|0.05|43.8163|14.5935
01|53|0|90|0.0|27.6|0|50.0|31.7|0.02|0.05|43.816|14.5935
01|54|0|90|0.0|27.6|0|50.0|31.7|0.02|0.05|43.816|14.5935
01|56|0|90|1.5|27.6|0|50.6|31.7|0.02|0.05|43.817|14.5935
01|57|0|90|0.0|27.6|0|50.9|31.7|0.02|0.05|43.8162|14.5935
01|58|0|90|0.0|27.6|0|51.0|31.7|0.02|0.05|43.8179|15.0446
01|59|0|90|0.0|27.6|0|50.7|31.7|0.02|0.05|43.8182|14.5935
02|00|0|90|0.0|27.6|0|50.5|31.7|0.02|0.05|43.8164|14.5935
02|01|0|90|0.0|27.6|0|50.4|31.7|0.02|0.05|43.8172|14.5935
02|02|0|90|0.0|27.6|0|50.3|31.7|0.02|0.05|43.8164|14.5935
02|03|0|90|0.0|27.6|0|50.2|31.7|0.02|0.05|43.8179|14.5935
02|05|0|90|1.5|27.6|0|50.4|31.5|0.02|0.05|43.8176|14.5935
02|06|0|90|0.0|27.6|0|50.7|31.5|0.02|0.05|43.8147|14.5935
02|08|0|90|1.5|27.6|0|50.7|31.4|0.02|0.05|43.8149|14.5935
02|09|0|90|0.0|27.6|0|51.1|31.4|0.02|0.05|43.814|15.0446
02|10|0|90|0.0|27.6|0|51.1|31.4|0.02|0.05|43.8145|15.0446
02|11|0|90|1.5|27.6|0|51.1|31.3|0.02|0.05|43.8125|15.0446
02|12|0|90|1.6|27.6|0|51.3|31.3|0.02|0.05|43.8144|15.0446
02|13|0|90|1.5|27.6|0|51.6|31.2|0.02|0.05|43.8111|15.0446
02|14|0|90|0.0|27.6|0|51.6|31.2|0.02|0.05|43.8133|15.0446
02|15|0|90|0.0|27.6|0|51.8|31.1|0.02|0.05|43.8121|15.0446
02|16|0|90|0.0|27.6|0|52.1|31.1|0.02|0.05|43.8131|15.488
02|17|0|90|0.0|27.6|0|52.3|31.1|0.02|0.05|43.8115|15.488
02|18|0|90|0.0|27.6|0|52.2|31.0|0.02|0.05|43.8113|15.488
02|19|0|90|0.0|27.6|0|52.2|31.0|0.03|0.07|43.8099|15.488
02|20|0|90|0.0|27.6|0|52.1|31.0|0.03|0.07|43.8123|15.488
02|21|0|90|0.0|27.6|0|52.0|31.0|0.03|0.07|43.8125|15.488
02|22|0|90|0.0|27.6|0|52.0|31.0|0.03|0.07|43.81|15.488
02|23|0|90|0.0|27.6|0|52.1|31.0|0.03|0.07|43.8106|15.488
02|24|0|90|0.0|27.6|0|52.1|30.9|0.03|0.07|43.8097|14.5594
02|25|0|90|0.0|27.6|0|52.1|30.9|0.03|0.07|43.8113|14.5594
02|26|0|90|0.0|27.6|0|52.0|30.9|0.03|0.07|43.8109|14.5594
02|27|0|90|0.0|27.6|0|51.9|30.8|0.03|0.07|43.8093|14.118
02|28|0|90|0.0|27.6|0|51.7|30.8|0.03|0.07|43.8095|14.118
02|30|0|90|0.0|27.6|0|51.6|30.6|0.03|0.07|43.8092|14.118
02|31|0|90|0.0|27.6|0|51.7|30.6|0.03|0.07|43.8096|14.118
02|32|0|90|0.0|27.6|0|51.8|30.5|0.03|0.07|43.809|14.118
02|33|0|90|0.0|27.6|0|52.3|30.5|0.03|0.07|43.8081|14.5594
02|34|0|90|0.0|27.6|0|52.7|30.4|0.03|0.07|43.8086|14.5594
02|35|0|90|0.0|27.6|0|53.0|30.4|0.03|0.07|43.8076|14.9933
02|36|0|90|0.0|27.6|0|53.2|30.4|0.03|0.07|43.8092|14.9933
02|37|0|90|1.5|27.6|0|53.3|30.3|0.03|0.07|43.8116|14.9933
02|38|0|90|1.5|27.6|0|53.2|30.3|0.03|0.07|43.8133|14.9933
02|39|0|90|0.0|27.6|0|52.9|30.3|0.03|0.07|43.813|14.5594
02|40|0|90|0.0|27.6|0|52.9|30.2|0.03|0.07|43.8134|14.5594
02|41|0|90|0.0|27.6|0|52.9|30.2|0.03|0.07|43.8139|14.5594
02|42|0|90|0.0|27.6|0|53.0|30.1|0.03|0.07|43.812|14.9933
02|43|0|90|0.0|27.6|0|53.1|30.1|0.03|0.07|43.8131|14.9933
02|44|0|90|1.5|27.6|0|53.3|30.0|0.02|0.07|43.812|14.9933
02|45|0|90|1.6|27.6|0|53.8|30.0|0.02|0.07|43.8104|14.9933
02|49|0|90|0.0|27.6|0|54.9|29.7|0.02|0.07|43.8109|14.4873
02|50|0|90|1.5|27.6|0|54.9|29.7|0.01|0.07|43.8098|14.4873
02|51|0|90|1.5|27.6|0|55.0|29.7|0.01|0.07|43.8097|14.9051
02|52|0|90|0.0|27.6|0|55.1|29.6|0.01|0.07|43.8112|14.9051
02|53|0|90|1.6|27.6|0|55.2|29.6|0.02|0.08|43.8104|14.9051
02|54|0|90|0.0|27.6|0|55.1|29.5|0.02|0.08|43.8121|14.9051
02|55|0|90|1.5|27.6|0|55.1|29.4|0.02|0.08|43.813|14.9051
02|56|0|90|1.5|27.6|0|55.1|29.3|0.02|0.08|43.8145|14.9051
02|57|0|90|0.0|27.6|0|55.4|29.2|0.02|0.08|43.8134|14.9051
02|58|0|90|0.0|27.6|0|55.6|29.2|0.02|0.08|43.8161|14.9051
02|59|0|90|0.0|27.6|0|55.3|29.1|0.02|0.08|43.8155|14.9051
03|00|0|90|0.0|27.6|0|55.2|29.1|0.02|0.08|43.8168|14.9051
03|01|0|90|0.0|27.6|0|55.6|29.0|0.02|0.08|43.8156|14.9051
03|02|0|90|1.5|27.6|0|56.1|29.0|0.02|0.08|43.8153|15.3162
03|04|0|90|0.0|27.6|0|56.2|29.0|0.02|0.08|43.8161|15.3162
03|05|0|90|0.0|27.6|0|56.1|29.0|0.02|0.08|43.8182|15.3162
03|06|0|90|0.0|27.6|0|56.3|29.0|0.02|0.08|43.8178|15.3162
03|08|0|90|0.0|27.6|0|56.3|29.0|0.02|0.08|43.8198|15.3162
03|09|0|90|1.5|27.6|0|56.4|29.0|0.02|0.08|43.8207|15.3162
03|10|0|90|1.6|27.6|0|56.6|29.0|0.02|0.08|43.8189|15.3162
03|11|0|90|0.0|27.6|0|56.7|29.0|0.02|0.08|43.8207|15.3162
03|17|0|90|0.0|27.6|0|61.3|29.2|0.02|0.08|43.8201|17.2788
03|19|0|90|0.0|27.6|0|59.5|29.3|0.01|0.08|43.8189|16.5116
03|20|0|90|0.0|27.6|0|59.3|29.4|0.01|0.08|43.8188|16.5116
03|21|0|90|0.0|27.6|0|59.1|29.5|0.01|0.08|43.818|16.5116
03|22|0|90|0.0|27.6|0|58.7|29.5|0.01|0.08|43.8166|16.1192
03|23|0|90|0.0|27.6|0|58.3|29.5|0.01|0.08|43.8176|16.1192
03|24|0|90|0.0|27.6|0|58.0|29.6|0.01|0.08|43.8175|16.1192
03|25|0|90|1.5|27.6|0|57.9|29.6|0.01|0.08|43.8163|15.7209
03|26|0|90|1.5|27.6|0|57.9|29.6|0.01|0.08|43.8178|15.7209
03|27|0|90|0.0|27.6|0|58.2|29.5|0.02|0.09|43.818|16.1192
03|28|0|90|0.0|27.6|0|58.3|29.5|0.02|0.09|43.8182|16.1192
03|30|0|90|1.5|27.6|0|58.4|29.5|0.02|0.09|43.8187|16.1192
03|32|0|90|1.5|27.6|0|57.3|29.4|0.02|0.09|43.8191|15.7209
03|33|0|90|1.6|27.6|0|57.0|29.3|0.02|0.09|43.8184|15.7209
03|34|0|90|1.5|27.6|0|57.2|29.2|0.02|0.09|43.8195|15.7209
03|36|0|90|0.0|27.6|0|57.7|29.0|0.02|0.09|43.8209|15.7209
03|37|0|90|0.0|27.6|0|57.7|29.0|0.02|0.09|43.8218|15.7209
03|38|0|90|0.0|27.6|0|57.8|28.8|0.02|0.09|43.8236|14.7824
03|39|0|90|0.0|27.6|0|57.9|28.8|0.02|0.09|43.8236|14.7824
03|40|0|90|0.0|27.6|0|57.7|28.8|0.02|0.09|43.8257|14.7824
03|41|0|90|1.5|27.6|0|57.7|28.8|0.02|0.09|43.8261|14.7824
03|42|0|90|1.5|27.6|0|58.4|28.8|0.02|0.09|43.8306|15.179
03|43|0|90|1.5|27.6|0|58.7|28.8|0.02|0.09|43.8333|15.179
03|44|0|90|0.0|27.6|0|58.7|28.7|0.02|0.09|43.8332|15.179
03|45|0|90|0.0|27.6|0|58.5|28.7|0.02|0.09|43.8332|15.179
03|46|0|90|0.0|27.6|0|58.5|28.7|0.02|0.09|43.8364|15.179
03|47|0|90|0.0|27.6|0|58.4|28.7|0.02|0.09|43.8366|15.179
03|50|0|90|0.0|27.6|0|58.4|28.7|0.02|0.09|43.8369|15.179
03|52|0|90|0.0|27.6|0|58.3|28.7|0.02|0.09|43.8388|15.179
03|53|0|90|0.0|27.6|0|58.3|28.7|0.01|0.09|43.8376|15.179
03|54|0|90|0.0|27.6|0|58.1|28.7|0.01|0.09|43.8379|15.179
03|55|0|90|0.0|27.6|0|58.1|28.8|0.01|0.09|43.8391|15.179
03|56|0|90|0.0|27.6|0|58.2|28.7|0.01|0.09|43.8365|15.179
03|57|0|90|0.0|27.6|0|58.1|28.8|0.01|0.09|43.8397|15.179
03|58|0|90|0.0|27.6|0|58.0|28.8|0.01|0.09|43.8407|15.179
03|59|0|90|1.5|27.6|0|57.9|28.8|0.01|0.09|43.8412|14.7824
04|00|0|90|0.0|27.6|0|58.1|28.8|0.01|0.09|43.8434|15.179
04|03|0|90|0.0|27.6|0|58.0|28.7|0.02|0.10|43.8418|15.179
04|04|0|90|1.5|27.6|0|57.9|28.7|0.02|0.10|43.8421|14.7824
04|06|0|90|0.0|27.6|0|57.7|28.7|0.02|0.10|43.8392|14.7824
04|07|0|90|0.0|27.6|0|57.9|28.7|0.02|0.10|43.8395|14.7824
04|08|0|90|0.0|27.6|0|58.1|28.6|0.02|0.10|43.8389|15.179
04|09|0|90|0.0|27.6|0|58.4|28.6|0.02|0.10|43.8401|15.179
04|10|0|90|0.0|27.6|0|58.4|28.6|0.02|0.10|43.8418|15.179
04|12|0|90|1.5|27.6|0|58.5|28.6|0.02|0.10|43.8421|15.179
04|13|0|90|0.0|27.6|0|58.4|28.6|0.02|0.10|43.842|15.179
04|14|0|90|0.0|27.6|0|58.3|28.6|0.02|0.10|43.8445|15.179
04|15|0|90|1.5|27.6|0|58.4|28.5|0.02|0.10|43.8465|15.179
04|16|0|90|1.6|27.6|0|58.8|28.5|0.02|0.10|43.8451|15.179
04|17|0|90|0.0|27.6|0|59.0|28.5|0.02|0.10|43.8472|15.5695
04|18|0|90|0.0|27.6|0|59.0|28.4|0.02|0.10|43.8451|15.5695
04|19|0|90|0.0|27.6|0|58.9|28.3|0.02|0.10|43.8464|15.179
04|20|0|90|0.0|27.6|0|59.0|28.3|0.02|0.10|43.846|15.5695
04|21|0|90|0.0|27.6|0|59.4|28.3|0.02|0.10|43.8467|15.5695
04|22|0|90|0.0|27.6|0|59.3|28.2|0.02|0.10|43.8453|15.5695
04|23|0|90|0.0|27.6|0|59.4|28.2|0.02|0.10|43.8457|15.5695
04|24|0|90|0.0|27.6|0|59.4|28.2|0.02|0.10|43.8473|15.5695
04|25|0|90|0.0|27.6|0|59.6|28.1|0.02|0.10|43.8461|15.5695
04|26|0|90|0.0|27.6|0|60.0|28.1|0.02|0.10|43.8456|15.9542
04|27|0|90|0.0|27.6|0|60.1|28.1|0.01|0.10|43.8467|15.9542
04|28|0|90|1.5|27.6|0|60.0|28.1|0.01|0.10|43.8458|15.9542
04|29|0|90|0.0|27.6|0|60.0|28.1|0.01|0.10|43.8462|15.9542
04|31|0|90|0.0|27.6|0|59.8|28.0|0.01|0.10|43.8446|15.5695
04|33|0|90|1.5|27.6|0|59.8|28.0|0.01|0.10|43.8468|15.5695
04|34|0|90|0.0|27.6|0|59.7|28.0|0.01|0.10|43.8464|15.5695
04|35|0|90|0.0|27.6|0|59.6|28.0|0.01|0.10|43.846|15.5695
04|36|0|90|1.5|27.6|0|59.7|28.0|0.01|0.10|43.8478|15.5695
04|37|0|90|0.0|27.6|0|59.7|28.0|0.01|0.10|43.8483|15.5695
04|39|0|90|1.5|27.6|0|59.9|28.0|0.01|0.10|43.8475|15.5695
04|40|0|270|1.5|27.6|0|60.3|27.8|0.01|0.10|43.8446|15.0103
04|41|0|315|1.5|27.6|0|60.5|27.8|0.01|0.10|43.8481|15.0103
04|42|0|315|1.5|27.6|0|60.6|27.7|0.01|0.10|43.8478|15.0103
04|43|0|270|1.5|27.6|0|60.9|27.6|0.01|0.10|43.85|15.0103
04|44|0|270|0.0|27.6|0|61.2|27.6|0.01|0.10|43.8522|15.3876
04|45|0|270|0.0|27.6|0|60.9|27.6|0.01|0.10|43.8538|15.0103
04|46|0|270|0.0|27.6|0|60.7|27.5|0.01|0.10|43.8545|15.0103
04|47|0|270|0.0|27.6|0|60.7|27.5|0.01|0.10|43.8544|15.0103
04|48|0|270|0.0|27.6|0|60.8|27.5|0.01|0.10|43.8553|15.0103
04|49|0|270|0.0|27.6|0|61.0|27.5|0.01|0.10|43.8573|15.3876
04|50|0|270|0.0|27.6|0|61.0|27.5|0.01|0.10|43.8581|15.3876
04|51|0|270|0.0|27.6|0|61.3|27.5|0.01|0.10|43.858|15.3876
04|52|0|270|0.0|27.6|0|61.3|27.5|0.01|0.10|43.8577|15.3876
04|54|0|270|0.0|27.6|0|61.3|27.4|0.01|0.10|43.8563|15.3876
04|55|0|270|0.0|27.6|0|61.3|27.4|0.01|0.10|43.856|15.3876
04|56|0|270|1.5|27.6|0|61.3|27.4|0.01|0.10|43.8581|15.3876
04|57|0|0|1.5|27.6|0|61.6|27.4|0.01|0.10|43.856|15.3876
04|58|0|0|1.6|27.6|0|61.9|27.4|0.01|0.10|43.8579|15.3876
04|59|0|0|1.5|27.6|0|62.1|27.3|0.01|0.10|43.8578|15.7594
05|00|0|0|1.6|27.6|0|62.2|27.3|0.01|0.10|43.8587|15.7594
05|01|0|0|0.0|27.6|0|62.2|27.2|0.00|0.10|43.8592|15.7594
05|02|0|0|0.0|27.6|0|62.3|27.2|0.00|0.10|43.8601|15.7594
05|03|0|0|0.0|27.6|0|62.2|27.2|0.00|0.10|43.8617|15.7594
05|04|0|0|0.0|27.6|0|62.2|27.2|0.01|0.11|43.8632|15.7594
05|05|0|0|0.0|27.6|0|62.2|27.3|0.01|0.11|43.8632|15.7594
05|06|0|0|0.0|27.6|0|62.5|27.3|0.01|0.11|43.8629|15.7594
05|07|0|0|1.5|27.6|0|62.7|27.3|0.01|0.11|43.8627|15.7594
05|08|0|0|0.0|27.6|0|62.7|27.3|0.01|0.11|43.8641|15.7594
05|09|0|0|0.0|27.6|0|62.8|27.4|0.01|0.11|43.8624|15.7594
05|10|0|0|0.0|27.6|0|63.3|27.4|0.01|0.11|43.8615|16.1259
05|11|0|0|0.0|27.6|0|63.5|27.4|0.01|0.11|43.8605|16.1259
05|12|0|0|0.0|27.6|0|63.5|27.5|0.01|0.11|43.8605|16.1259
05|14|0|0|4.4|27.6|0|63.9|27.5|0.01|0.11|43.8605|16.1259
05|15|0|0|0.0|27.6|0|63.9|27.6|0.01|0.11|43.8588|16.1259
05|16|0|0|0.0|27.6|0|63.7|27.6|0.01|0.11|43.8615|16.1259
05|17|0|0|0.0|27.6|0|63.4|27.7|0.01|0.11|43.8604|16.1259
05|18|0|0|1.5|27.6|0|63.3|27.7|0.01|0.11|43.8621|16.1259
05|19|0|0|0.0|27.6|0|63.3|27.8|0.01|0.11|43.8632|16.1259
05|20|0|90|0.0|27.6|0|63.5|27.8|0.01|0.11|43.8625|16.1259
05|21|0|180|1.5|27.6|0|63.4|28.0|0.01|0.11|43.8632|17.075
05|22|0|158|1.6|27.6|0|63.0|28.0|0.01|0.11|43.865|17.075
05|23|0|90|0.0|27.6|0|62.7|28.0|0.01|0.11|43.8643|16.7068
05|24|0|90|1.5|27.6|0|62.5|28.1|0.01|0.11|43.864|16.7068
05|26|0|90|0.0|27.6|0|62.1|28.1|0.01|0.11|43.8632|16.7068
05|27|0|90|1.5|27.6|0|62.0|28.1|0.01|0.11|43.8626|16.7068
05|28|0|0|0.0|27.6|0|61.8|28.1|0.01|0.11|43.8621|16.3332
05|29|0|135|0.0|27.6|0|61.2|28.1|0.01|0.11|43.8627|16.3332
05|30|0|135|0.0|27.6|0|61.0|28.2|0.01|0.11|43.863|16.3332
05|31|0|135|0.0|27.6|0|61.5|28.2|0.01|0.11|43.8637|16.3332
05|32|0|135|0.0|27.6|0|61.8|28.2|0.01|0.11|43.8626|16.3332
05|33|0|135|0.0|27.6|0|61.8|28.2|0.01|0.11|43.8638|16.3332
05|35|0|135|1.6|27.6|0|61.8|28.3|0.02|0.12|43.8644|16.3332
05|36|0|135|1.5|27.6|0|61.7|28.3|0.02|0.12|43.8658|16.3332
05|37|0|135|0.0|27.6|0|61.4|28.3|0.02|0.12|43.865|16.3332
05|38|0|135|1.5|27.6|0|61.3|28.3|0.02|0.12|43.8655|16.3332
05|39|0|135|2.9|27.6|0|61.1|28.4|0.02|0.12|43.8671|16.3332
05|40|0|180|2.9|27.6|0|60.9|28.3|0.02|0.12|43.8647|15.9542
05|41|0|180|1.5|27.6|0|60.7|28.3|0.02|0.12|43.8662|15.9542
05|42|0|135|0.0|27.6|0|60.5|28.4|0.02|0.12|43.8672|15.9542
05|43|0|68|3.2|27.6|0|61.0|28.5|0.02|0.12|43.8674|16.3332
05|44|0|90|1.5|27.6|0|61.3|28.6|0.02|0.12|43.8701|16.3332
05|45|0|90|1.6|27.6|0|61.2|28.8|0.02|0.12|43.8707|16.3332
05|46|0|135|1.6|27.6|0|60.8|29.1|0.02|0.12|43.8713|16.898
05|47|0|135|0.0|27.6|0|60.3|29.2|0.02|0.12|43.8703|16.898
05|48|0|45|1.6|27.6|0|59.8|29.4|0.02|0.12|43.8704|16.5116
05|49|0|0|1.6|27.6|0|59.4|29.4|0.02|0.12|43.8699|16.5116
05|50|0|45|0.0|27.6|0|59.1|29.6|0.02|0.12|43.8713|16.5116
05|51|0|90|1.6|27.6|0|58.9|29.6|0.02|0.12|43.8705|16.1192
05|52|0|90|1.5|27.6|0|58.7|29.7|0.02|0.12|43.8677|16.1192
05|53|0|90|1.5|27.6|0|58.5|29.9|0.02|0.12|43.8678|16.1192
05|55|0|90|1.6|27.6|0|58.4|29.9|0.02|0.12|43.8662|16.1192
05|56|0|90|0.0|27.6|0|58.6|30.0|0.02|0.12|43.8665|17.0594
05|57|0|90|0.0|27.6|0|58.4|30.0|0.02|0.12|43.8664|17.0594
05|58|0|90|0.0|27.6|0|58.1|30.0|0.02|0.12|43.8653|17.0594
05|59|0|90|0.0|27.6|0|57.9|30.1|0.02|0.12|43.8669|16.6592
06|00|0|90|0.0|27.6|0|57.8|30.1|0.02|0.12|43.8678|16.6592
06|01|0|90|0.0|27.6|0|57.7|30.1|0.02|0.12|43.8662|16.6592
06|02|0|90|1.5|27.6|0|57.6|30.1|0.02|0.12|43.8661|16.6592
06|03|0|90|1.6|27.6|0|57.6|30.1|0.01|0.12|43.8671|16.6592
06|04|0|90|2.9|27.6|0|57.5|30.1|0.01|0.12|43.8658|16.6592
06|05|0|90|1.6|27.6|0|57.8|30.0|0.01|0.12|43.8682|16.6592
06|06|0|90|0.0|27.6|0|58.1|30.0|0.01|0.12|43.8668|17.0594
06|07|0|90|0.0|27.6|0|58.1|30.0|0.01|0.12|43.8656|17.0594
06|08|0|90|0.0|27.6|0|58.0|29.9|0.01|0.12|43.866|16.1192
06|09|0|90|0.0|27.6|0|57.9|29.9|0.01|0.12|43.8667|15.7209
06|10|0|90|0.0|27.6|0|57.9|29.9|0.01|0.12|43.869|15.7209
06|11|0|90|0.0|27.6|0|58.4|29.7|0.01|0.12|43.8688|16.1192
06|12|0|90|0.0|27.6|0|58.5|29.7|0.01|0.12|43.8714|16.1192
06|15|0|180|5.8|27.6|0|59.9|29.5|0.01|0.12|43.8724|16.5116
06|16|0|180|3.2|27.6|0|59.3|29.5|0.01|0.12|43.8753|16.5116
06|18|0|180|1.5|27.6|0|58.9|29.4|0.01|0.12|43.8746|16.1192
06|19|0|225|2.9|27.6|0|58.9|29.4|0.01|0.12|43.8745|16.1192
06|20|0|225|0.0|27.6|0|58.8|29.5|0.01|0.12|43.8732|16.1192
06|21|0|225|1.5|27.6|0|58.6|29.5|0.01|0.12|43.8736|16.1192
06|23|0|180|0.0|27.6|0|58.3|29.5|0.01|0.12|43.8747|16.1192
06|24|0|180|2.9|27.6|0|58.3|29.6|0.01|0.12|43.8741|16.1192
06|25|0|180|1.5|27.6|0|58.4|29.5|0.01|0.12|43.8722|16.1192
06|26|0|180|1.5|27.6|0|58.1|29.6|0.01|0.12|43.8726|16.1192
06|29|0|180|0.0|27.6|0|57.6|29.6|0.01|0.12|43.8737|15.7209
06|30|0|225|1.5|27.6|0|57.5|29.6|0.01|0.12|43.8757|15.7209
06|31|0|225|1.5|27.6|0|57.6|29.6|0.01|0.12|43.8738|15.7209
06|32|0|225|1.5|27.6|0|57.7|29.5|0.01|0.12|43.8737|15.7209
06|33|0|180|1.6|27.6|0|57.9|29.6|0.00|0.12|43.8756|15.7209
06|34|0|180|1.6|27.6|0|58.1|29.5|0.00|0.12|43.8723|16.1192
06|36|0|180|0.0|27.6|0|58.6|29.5|0.00|0.12|43.8748|16.1192
06|37|0|180|0.0|27.6|0|58.9|29.5|0.00|0.12|43.8748|16.1192
06|39|0|180|1.5|27.6|0|58.7|29.5|0.00|0.12|43.8751|16.1192
06|40|0|180|1.5|27.6|0|58.5|29.5|0.00|0.12|43.8752|16.1192
06|41|0|180|1.5|27.6|0|58.3|29.5|0.00|0.12|43.8769|16.1192
06|43|0|180|1.5|27.6|0|58.5|29.5|0.00|0.12|43.8768|16.1192
06|44|0|180|1.5|27.6|0|58.7|29.5|0.00|0.12|43.8778|16.1192
06|45|0|180|0.0|27.6|0|58.7|29.5|0.00|0.12|43.8753|16.1192
06|47|0|180|2.9|27.6|0|58.4|29.7|0.00|0.12|43.8733|16.1192
06|48|0|180|2.9|27.6|0|58.4|29.9|0.00|0.12|43.8763|16.1192
06|49|0|180|1.6|27.6|0|58.3|30.0|0.00|0.12|43.8747|17.0594
06|50|0|180|1.5|27.6|0|58.3|30.1|0.00|0.12|43.8757|17.0594
06|51|0|180|2.9|27.6|0|58.2|30.2|0.00|0.12|43.8778|17.0594
06|52|0|180|2.9|27.6|0|58.6|30.3|0.00|0.12|43.8778|17.0594
06|53|0|180|2.9|27.6|0|58.4|30.4|0.00|0.12|43.8773|17.0594
06|56|0|135|1.5|27.6|0|58.0|30.6|0.00|0.12|43.8805|17.0594
06|57|0|135|1.6|27.6|0|57.6|30.8|0.00|0.12|43.8787|16.6592
06|58|0|135|0.0|27.6|0|57.3|30.9|0.00|0.12|43.8816|16.6592
06|59|0|135|1.6|27.6|0|57.0|31.1|0.00|0.12|43.8845|17.5973
07|00|0|135|1.5|27.6|0|56.7|31.1|0.00|0.12|43.8827|17.189
07|01|0|135|0.0|27.6|0|56.6|31.2|0.00|0.12|43.8844|17.189
07|02|0|135|0.0|27.6|0|56.9|31.2|0.00|0.12|43.8844|17.189
07|04|0|180|1.6|27.6|0|56.8|31.4|0.00|0.12|43.8843|17.189
07|05|0|180|1.5|27.6|0|56.9|31.5|0.00|0.12|43.8841|17.189
07|06|0|180|1.5|27.6|0|57.1|31.5|0.00|0.12|43.8829|17.5973
07|07|0|180|0.0|27.6|0|57.1|31.8|0.00|0.12|43.8852|17.5973
07|08|0|180|0.0|27.6|0|57.2|31.8|0.00|0.12|43.8824|17.5973
07|09|0|180|0.0|27.6|0|57.0|31.9|0.01|0.13|43.8809|17.5973
07|10|0|180|0.0|27.6|0|56.8|32.0|0.01|0.13|43.879|18.1251
07|11|0|180|0.0|27.6|0|56.6|32.2|0.01|0.13|43.8801|18.1251
07|12|0|180|1.5|27.6|0|56.3|32.3|0.01|0.13|43.8801|18.1251
07|13|0|180|2.9|27.6|0|56.0|32.5|0.01|0.13|43.8808|18.1251
07|14|0|180|0.0|27.6|0|55.7|32.6|0.02|0.14|43.8795|17.7084
07|16|0|180|1.6|27.6|0|55.4|32.8|0.02|0.14|43.882|17.7084
07|18|0|135|2.9|27.6|0|55.3|32.9|0.02|0.14|43.8826|17.7084
07|19|0|180|1.5|27.6|0|54.9|33.0|0.02|0.14|43.8875|18.2171
07|21|0|180|2.9|27.6|0|54.5|33.1|0.02|0.14|43.8877|18.2171
07|22|0|180|3.2|27.6|0|54.3|33.2|0.02|0.14|43.8885|18.2171
07|23|0|135|0.0|27.6|0|54.4|33.3|0.02|0.14|43.8907|18.2171
07|24|0|158|1.6|27.6|0|54.3|33.5|0.02|0.14|43.8884|18.2171
07|25|0|180|2.9|27.6|0|54.1|33.5|0.02|0.14|43.8877|18.2171
07|26|0|180|4.8|27.6|0|53.5|33.6|0.02|0.14|43.8882|17.7846
07|27|0|180|4.4|27.6|0|53.2|33.6|0.02|0.14|43.889|17.7846
07|28|0|135|4.4|27.6|0|53.2|33.5|0.02|0.14|43.8904|17.7846
07|29|0|135|2.9|27.6|0|53.2|33.5|0.02|0.14|43.8899|17.7846
07|31|0|135|5.8|27.6|0|53.1|33.6|0.02|0.14|43.8908|17.7846
07|32|0|180|1.6|27.6|0|53.1|33.7|0.02|0.14|43.8927|17.7846
07|33|0|180|4.4|27.6|0|53.2|33.7|0.02|0.14|43.8901|17.7846
07|34|0|180|4.8|27.6|0|53.0|33.7|0.02|0.14|43.8901|17.7846
07|35|0|180|1.5|27.6|0|52.9|33.7|0.02|0.14|43.8908|17.3447
07|36|0|180|3.2|27.6|0|52.9|33.8|0.02|0.14|43.8899|17.3447
07|38|0|180|4.8|27.6|0|52.8|34.0|0.02|0.14|43.8914|18.2729
07|39|0|135|1.5|27.6|0|52.6|34.1|0.02|0.14|43.8917|18.2729
07|40|0|180|4.8|27.6|0|52.8|34.2|0.02|0.14|43.8905|18.2729
07|41|0|158|2.9|27.6|0|52.6|34.2|0.02|0.14|43.8913|18.2729
07|42|0|135|0.0|27.6|0|52.4|34.5|0.02|0.14|43.8892|18.2729
07|43|0|135|1.5|27.6|0|52.5|34.6|0.02|0.14|43.8906|18.2729
07|44|0|135|1.5|27.6|0|52.3|34.7|0.02|0.14|43.8917|18.2729
07|45|0|135|7.3|27.6|0|52.3|34.8|0.02|0.14|43.8905|18.2729
07|46|0|113|4.4|27.6|0|52.1|34.9|0.02|0.14|43.8922|18.2729
07|47|0|135|3.2|27.6|0|52.1|34.9|0.02|0.14|43.8905|18.2729
07|48|0|113|1.5|27.6|0|51.7|35.2|0.02|0.14|43.8917|18.7494
07|49|0|90|2.9|27.6|0|51.4|35.2|0.02|0.14|43.8872|18.7494
07|50|0|135|3.2|27.6|0|51.7|35.3|0.02|0.14|43.8862|18.7494
07|51|0|135|1.5|27.6|0|51.1|35.4|0.02|0.14|43.8849|18.7494
07|52|0|135|3.2|27.6|0|51.0|35.5|0.02|0.14|43.8859|18.7494
07|53|0|135|1.5|27.6|0|50.7|35.7|0.02|0.14|43.8893|18.2901
07|54|0|135|1.6|27.6|0|50.5|35.8|0.02|0.14|43.8901|18.2901
07|55|0|135|5.8|27.6|0|50.3|36.0|0.02|0.14|43.8909|19.2138
07|57|0|90|2.9|27.6|0|49.4|36.3|0.02|0.14|43.8906|18.7441
07|58|0|90|2.9|27.6|0|49.0|36.4|0.02|0.14|43.8922|18.7441
08|00|0|90|3.2|27.6|0|48.7|36.5|0.02|0.14|43.8923|18.2659
08|01|0|90|2.9|27.6|0|47.8|36.6|0.02|0.14|43.8931|17.7787
08|02|0|135|4.4|27.6|0|47.4|36.7|0.02|0.14|43.8942|17.7787
08|03|0|180|3.2|27.6|0|46.6|36.8|0.02|0.14|43.8969|17.2822
08|04|0|135|2.9|27.6|0|46.1|36.8|0.02|0.14|43.8967|17.2822
08|05|0|135|1.6|27.6|0|45.9|37.1|0.02|0.14|43.8964|17.6887
08|06|0|135|9.7|27.6|0|45.2|37.1|0.02|0.14|43.8958|17.6887
08|07|0|135|4.4|27.6|0|44.2|37.0|0.02|0.14|43.8964|17.1702
08|08|0|135|2.9|27.6|0|44.5|37.1|0.01|0.14|43.8964|17.1702
08|09|0|135|4.4|27.6|0|44.7|37.2|0.01|0.14|43.8985|17.1702
08|10|0|180|2.9|27.6|0|45.0|37.3|0.01|0.14|43.8987|17.6887
08|11|0|180|3.2|27.6|0|45.0|37.4|0.01|0.14|43.8973|17.6887
08|12|0|135|1.5|27.6|0|45.5|37.6|0.01|0.14|43.8999|17.6887
08|13|0|113|4.4|27.6|0|44.8|37.5|0.01|0.14|43.9004|17.1702
08|14|0|180|4.4|27.6|0|44.2|37.6|0.00|0.14|43.897|17.1702
08|15|0|158|4.4|27.6|0|44.1|37.7|0.00|0.14|43.8956|17.1702
08|16|0|135|4.4|27.6|0|44.0|37.7|0.00|0.14|43.8958|17.1702
08|17|0|180|4.4|27.6|0|43.5|37.6|0.00|0.14|43.8977|16.6411
08|18|0|225|1.6|27.6|0|43.8|37.8|0.00|0.14|43.8965|16.6411
08|20|0|90|2.9|27.6|0|43.4|37.8|0.00|0.14|43.9002|16.6411
08|22|0|90|4.4|27.6|0|42.6|38.2|0.01|0.15|43.9028|17.0064
08|23|0|135|4.4|27.6|0|43.1|38.3|0.01|0.15|43.9048|17.549
08|24|0|180|4.8|27.6|0|42.6|38.4|0.01|0.15|43.9029|17.0064
08|25|0|135|5.8|27.6|0|42.8|38.5|0.01|0.15|43.9027|17.0064
08|28|0|90|5.8|27.6|0|42.4|38.6|0.01|0.15|43.9022|17.0064
08|29|0|135|2.9|27.6|0|41.8|38.9|0.01|0.15|43.9028|16.4522
08|30|0|135|7.3|27.6|0|41.4|38.9|0.01|0.15|43.9016|16.4522
08|32|0|45|4.4|27.6|0|40.6|39.1|0.01|0.15|43.9029|16.7863
08|33|0|90|2.9|27.6|0|40.3|39.2|0.01|0.15|43.9026|16.7863
08|34|0|90|4.8|27.6|0|39.9|39.3|0.01|0.15|43.9021|16.2048
08|35|0|90|5.8|27.6|0|39.2|39.3|0.01|0.15|43.9011|16.2048
08|36|0|90|5.8|27.6|0|39.0|39.3|0.01|0.15|43.9019|16.2048
08|37|0|90|6.4|27.6|0|39.0|39.3|0.01|0.15|43.8997|16.2048
08|40|0|90|4.4|27.6|0|39.1|39.4|0.01|0.15|43.8999|16.2048
08|42|0|135|1.5|27.6|0|39.3|39.7|0.01|0.15|43.9015|16.2048
08|43|0|90|1.6|27.6|0|39.9|39.9|0.01|0.15|43.9051|16.2048
08|44|0|135|7.3|27.6|0|39.5|40.1|0.01|0.15|43.9048|17.1024
08|45|0|135|8.7|27.6|0|38.7|40.0|0.01|0.15|43.901|16.5049
08|46|0|158|1.5|27.6|0|38.3|40.0|0.01|0.15|43.9022|16.5049
08|47|0|113|5.8|27.6|0|38.1|39.9|0.01|0.15|43.9029|15.6098
08|48|0|135|4.8|27.6|0|38.2|40.0|0.01|0.15|43.8999|16.5049
08|49|0|90|7.3|27.6|0|38.2|40.1|0.01|0.15|43.9005|16.5049
08|50|0|135|5.8|27.6|0|38.2|40.1|0.01|0.15|43.902|16.5049
08|51|0|135|4.4|27.6|0|38.7|40.2|0.01|0.15|43.899|16.5049
08|52|0|113|5.8|27.6|0|38.8|40.1|0.01|0.15|43.9019|16.5049
08|54|0|90|2.9|27.6|0|39.1|40.4|0.01|0.15|43.8973|17.1024
08|56|0|90|4.4|27.6|0|38.5|40.5|0.01|0.15|43.894|16.5049
08|57|0|90|3.2|27.6|0|38.4|40.5|0.01|0.15|43.892|16.5049
08|59|0|90|2.9|27.6|0|38.5|40.5|0.01|0.15|43.8901|16.5049
09|01|0|180|3.2|27.6|0|38.0|40.4|0.01|0.15|43.8915|16.5049
09|02|0|135|4.4|27.6|0|38.1|40.3|0.02|0.17|43.8918|16.5049
09|03|0|135|4.8|27.6|0|38.3|40.4|0.02|0.17|43.8918|16.5049
09|04|0|113|2.9|27.6|0|38.3|40.7|0.02|0.17|43.8923|16.5049
09|05|0|90|3.2|27.6|0|38.4|40.8|0.02|0.17|43.892|16.5049
09|06|0|135|2.9|27.6|0|38.3|41.0|0.02|0.17|43.8915|17.3997
09|07|0|113|5.8|27.6|0|38.5|41.2|0.02|0.17|43.8897|17.3997
09|08|0|90|5.8|27.6|0|38.2|41.3|0.02|0.17|43.8902|17.3997
09|09|0|135|4.4|27.6|0|38.1|41.3|0.02|0.17|43.8895|17.3997
09|10|0|90|2.9|27.6|0|38.4|41.6|0.02|0.17|43.8908|17.3997
09|11|0|113|4.4|27.6|0|38.1|41.7|0.02|0.17|43.8913|17.3997
09|12|0|135|2.9|27.6|0|37.6|41.9|0.02|0.17|43.8935|16.7853
09|14|0|135|4.4|27.6|0|36.6|41.7|0.02|0.17|43.8931|16.1561
09|16|0|90|7.3|27.6|0|36.8|41.8|0.02|0.17|43.8908|16.1561
09|17|0|90|8.7|27.6|0|36.9|41.3|0.02|0.17|43.8907|16.1561
09|18|0|135|5.8|27.6|0|37.3|41.3|0.02|0.17|43.8881|16.7853
09|20|0|113|6.4|27.6|0|37.7|41.5|0.02|0.17|43.8913|16.7853
09|21|0|90|2.9|27.6|0|37.7|41.6|0.02|0.17|43.8917|16.7853
09|22|0|135|4.8|27.6|0|37.6|41.8|0.01|0.17|43.8932|16.7853
09|23|0|135|4.4|27.6|0|37.6|42.1|0.01|0.17|43.892|17.6773
09|24|0|135|3.2|27.6|0|37.1|42.2|0.01|0.17|43.8886|17.6773
09|25|0|180|3.2|27.6|0|37.1|42.3|0.01|0.17|43.8837|17.6773
09|26|0|135|4.4|27.6|0|36.9|42.6|0.01|0.17|43.8828|17.0453
09|27|0|135|2.9|27.6|0|36.6|42.8|0.01|0.17|43.8848|17.0453
09|28|0|135|10.2|27.6|0|36.0|42.7|0.01|0.17|43.883|17.0453
09|29|0|135|7.3|27.6|0|35.4|42.5|0.01|0.17|43.8825|16.3975
09|30|0|113|2.9|27.6|0|35.5|42.7|0.01|0.17|43.8834|16.3975
09|31|0|135|5.8|27.6|0|35.5|42.8|0.01|0.17|43.8845|16.3975
09|32|0|135|5.8|27.6|0|35.2|42.7|0.01|0.17|43.8853|16.3975
09|33|0|180|7.3|27.6|0|35.5|42.8|0.01|0.17|43.8843|16.3975
09|34|0|135|4.4|27.6|0|35.2|42.8|0.01|0.17|43.8885|16.3975
09|36|0|135|5.8|27.6|0|35.4|42.9|0.01|0.17|43.8872|16.3975
09|37|0|135|4.8|27.6|0|35.3|43.1|0.01|0.17|43.8914|17.2836
09|38|0|90|1.5|27.6|0|34.9|43.1|0.01|0.17|43.8906|16.6163
09|39|0|135|4.8|27.6|0|34.5|43.4|0.01|0.17|43.8927|16.6163
09|40|0|90|4.4|27.6|0|34.3|43.5|0.01|0.17|43.8939|16.6163
09|41|0|90|3.2|27.6|0|34.4|43.6|0.01|0.17|43.8969|16.6163
09|42|0|135|1.5|27.6|0|34.1|43.8|0.01|0.17|43.8968|16.6163
09|43|0|135|5.8|27.6|0|34.3|43.9|0.01|0.17|43.8962|16.6163
09|44|0|135|7.3|27.6|0|34.1|43.9|0.01|0.17|43.8965|16.6163
09|45|0|90|2.9|27.6|0|33.6|43.8|0.01|0.17|43.8957|15.9313
09|47|0|45|4.8|27.6|0|34.0|43.9|0.01|0.17|43.8945|16.6163
09|48|0|135|2.9|27.6|0|34.4|44.0|0.01|0.17|43.895|17.4994
09|49|0|68|4.8|27.6|0|34.9|44.0|0.01|0.17|43.8941|17.4994
09|50|0|135|2.9|27.6|0|34.9|44.2|0.01|0.17|43.8952|17.4994
09|51|0|135|3.2|27.6|0|35.1|44.5|0.01|0.17|43.8917|18.1696
09|52|0|135|2.9|27.6|0|34.6|44.6|0.01|0.17|43.89|17.4994
09|53|0|90|2.9|27.6|0|34.3|44.8|0.01|0.17|43.8916|17.4994
09|54|0|203|0.0|27.6|0|33.9|45.0|0.01|0.17|43.886|17.6913
09|55|0|135|4.4|27.6|0|33.6|45.3|0.01|0.17|43.8844|17.6913
09|57|0|90|6.4|27.6|0|33.2|45.2|0.01|0.17|43.8849|17.6913
09|58|0|135|4.4|27.6|0|32.7|45.2|0.02|0.18|43.882|16.9816
10|00|0|68|4.8|27.6|0|32.3|45.3|0.02|0.18|43.8817|16.9816
10|01|0|135|4.4|27.6|0|32.4|45.4|0.01|0.18|43.8835|16.9816
10|02|0|90|1.6|27.6|0|32.2|45.5|0.01|0.18|43.8836|16.9816
10|03|0|45|2.9|27.6|0|31.9|45.6|0.01|0.18|43.8833|16.2519
10|04|0|45|4.4|27.6|0|31.8|45.7|0.01|0.18|43.883|16.2519
10|05|0|90|8.7|27.6|0|31.7|45.5|0.01|0.18|43.878|16.2519
10|06|0|135|1.5|27.6|0|31.6|45.4|0.01|0.18|43.8765|16.2519
10|09|0|90|4.4|27.6|0|32.9|45.7|0.01|0.18|43.8812|16.9816
10|11|0|135|4.4|27.6|0|31.6|46.1|0.01|0.18|43.8821|17.1254
10|12|0|135|4.4|27.6|0|31.1|46.0|0.01|0.18|43.8821|17.1254
10|13|0|90|4.4|27.6|0|31.2|46.1|0.01|0.18|43.8827|17.1254
10|14|0|90|4.8|27.6|0|30.8|46.2|0.01|0.18|43.8789|16.3713
10|15|0|90|2.9|27.6|0|31.1|46.4|0.01|0.18|43.8805|17.1254
10|16|0|135|2.9|27.6|0|31.1|46.6|0.01|0.18|43.8845|17.1254
10|18|0|90|5.8|27.6|0|31.5|47.0|0.01|0.18|43.8845|17.9987
10|19|0|135|3.2|27.6|0|30.4|47.1|0.01|0.18|43.8845|17.2414
10|21|0|90|2.9|27.6|0|30.4|47.4|0.01|0.18|43.8832|17.2414
10|22|0|45|1.5|27.6|0|30.4|47.6|0.01|0.18|43.8812|17.2414
10|23|0|180|6.4|27.6|0|29.9|47.9|0.01|0.18|43.8812|16.4613
10|24|0|135|8.7|27.6|0|29.5|48.0|0.01|0.18|43.8789|17.3278
10|25|0|180|3.2|27.6|0|28.6|48.0|0.01|0.18|43.8796|16.5201
10|26|0|135|2.9|27.6|0|28.4|48.0|0.01|0.18|43.8797|16.5201
10|27|0|90|4.4|27.6|0|28.5|47.9|0.01|0.18|43.8785|15.657
10|28|0|135|4.4|27.6|0|28.8|47.7|0.01|0.18|43.8787|15.657
10|29|0|90|5.8|27.6|0|28.9|47.7|0.01|0.18|43.8792|15.657
10|30|0|90|4.8|27.6|0|28.9|47.7|0.01|0.18|43.8767|15.657
10|31|0|135|4.4|27.6|0|28.7|47.6|0.01|0.18|43.8722|15.657
10|32|0|135|4.4|27.6|0|29.1|47.7|0.01|0.18|43.8715|16.4613
10|34|0|90|6.5|27.6|0|29.4|47.7|0.01|0.18|43.8703|16.4613
10|35|0|90|5.8|27.6|0|29.3|47.7|0.01|0.18|43.8703|16.4613
10|36|0|90|4.8|27.6|0|28.6|47.7|0.01|0.18|43.8689|15.657
10|37|0|45|2.9|27.6|0|28.5|48.0|0.01|0.18|43.8699|16.5201
10|38|0|90|7.3|27.6|0|29.0|48.1|0.01|0.18|43.8678|17.3278
10|39|0|90|7.3|27.6|0|28.5|48.0|0.01|0.18|43.8653|16.5201
10|40|0|45|5.8|27.6|0|28.4|48.0|0.01|0.18|43.8693|16.5201
10|41|0|179|5.8|27.6|0|27.2|47.7|0.01|0.18|43.8689|14.8267
10|42|0|90|5.8|27.6|0|27.3|47.6|0.01|0.18|43.8706|14.8267
10|43|0|90|3.2|27.6|0|27.4|47.9|0.01|0.18|43.8698|14.8267
10|44|0|90|8.7|27.6|0|27.1|47.6|0.01|0.18|43.8701|14.8267
10|45|0|90|7.3|27.6|0|27.0|47.2|0.01|0.18|43.8656|14.8267
10|47|0|90|3.2|27.6|0|28.3|47.7|0.01|0.18|43.8672|15.657
10|48|0|68|6.4|27.6|0|27.6|47.7|0.01|0.18|43.8658|14.8267
10|49|0|90|4.4|27.6|0|27.4|47.9|0.01|0.18|43.8603|14.8267
10|50|0|90|4.8|27.6|0|27.9|48.0|0.01|0.18|43.8635|15.6863
10|52|0|135|2.9|27.6|0|27.6|48.2|0.01|0.18|43.8609|15.6863
10|53|0|90|3.2|27.6|0|27.1|48.4|0.01|0.18|43.8588|15.6863
10|55|0|90|5.8|27.6|0|27.5|48.8|0.01|0.18|43.8592|15.6863
10|56|0|90|4.4|27.6|0|27.2|48.9|0.01|0.18|43.8588|15.6863
10|57|0|90|3.2|27.6|0|26.9|49.0|0.01|0.18|43.8604|15.6803
10|58|0|135|10.2|27.6|0|26.9|49.0|0.00|0.18|43.856|15.6803
10|59|0|180|2.9|27.6|0|26.1|48.8|0.00|0.18|43.8558|14.8246
11|00|0|90|5.8|27.6|0|26.1|48.7|0.00|0.18|43.8554|14.8246
11|01|0|90|2.9|27.6|0|25.2|48.7|0.00|0.18|43.8577|13.9329
11|02|0|135|7.3|27.6|0|25.1|48.8|0.00|0.18|43.8573|13.9329
11|03|0|135|2.9|27.6|0|24.4|48.9|0.00|0.18|43.856|13.009
11|04|0|135|3.2|27.6|0|24.1|49.1|0.00|0.18|43.8554|13.8572
11|05|0|90|4.4|27.6|0|24.9|49.2|0.00|0.18|43.8535|13.8572
11|06|0|135|3.2|27.6|0|24.6|49.4|0.00|0.18|43.8525|13.8572
11|07|0|90|4.4|27.6|0|24.2|49.4|0.00|0.18|43.8522|13.8572
11|08|0|90|8.1|27.6|0|24.8|49.7|0.00|0.18|43.8522|13.8572
11|09|0|90|8.7|27.6|0|24.6|49.8|0.00|0.18|43.8512|13.8572
11|10|0|135|3.2|27.6|0|23.8|50.0|0.00|0.18|43.8531|13.7382
11|12|0|135|3.2|27.6|0|23.3|50.1|0.00|0.18|43.8523|13.7382
11|13|0|90|2.9|27.6|0|23.5|50.2|0.00|0.18|43.8533|13.7382
11|15|0|90|4.8|27.6|0|24.3|50.5|0.00|0.18|43.8532|14.705
11|16|0|45|5.8|27.6|0|24.4|50.6|0.00|0.18|43.8514|14.705
11|17|0|45|2.9|27.6|0|24.3|50.7|0.00|0.18|43.8506|14.705
11|18|0|90|2.9|27.6|0|23.6|50.8|0.00|0.18|43.8458|13.7382
11|19|0|90|5.8|27.6|0|23.9|50.9|0.00|0.18|43.845|13.7382
11|20|0|113|1.5|27.6|0|24.3|50.9|0.00|0.18|43.8425|14.705
11|21|0|113|5.8|27.6|0|23.5|51.0|0.00|0.18|43.8411|14.5817
11|23|0|45|4.4|27.6|0|22.6|50.8|0.00|0.18|43.8435|12.7332
11|24|0|45|6.4|27.6|0|22.7|50.6|0.00|0.18|43.8458|12.7332
11|25|0|23|4.4|27.6|0|22.9|50.5|0.00|0.18|43.8417|12.7332
11|26|0|90|7.3|27.6|0|22.6|50.5|0.00|0.18|43.8433|12.7332
11|27|0|90|8.7|27.6|0|22.0|50.0|0.00|0.18|43.8394|12.7332
11|28|0|90|5.8|27.6|0|21.9|49.5|0.00|0.18|43.8361|10.8514
11|29|0|90|3.2|27.6|0|22.8|49.7|0.00|0.18|43.8372|11.8935
11|30|0|90|2.9|27.6|0|23.1|49.9|0.00|0.18|43.8376|12.8943
11|31|0|45|2.9|27.6|0|23.8|50.1|0.00|0.18|43.8412|13.7382
11|34|0|135|2.9|27.6|0|23.1|50.3|0.00|0.18|43.8429|13.7382
11|35|0|90|2.9|27.6|0|22.4|50.5|0.00|0.18|43.8414|12.7332
11|36|0|23|2.9|27.6|0|21.4|50.7|0.00|0.18|43.8386|11.6868
11|37|0|45|2.9|27.6|0|22.4|50.9|0.00|0.18|43.834|12.7332
11|38|0|68|1.5|27.6|0|23.5|51.2|0.00|0.18|43.8321|14.5817
11|39|0|135|6.4|27.6|0|24.0|51.5|0.00|0.18|43.8327|15.5526
11|40|0|135|4.4|27.6|0|22.6|51.6|0.00|0.18|43.832|13.5726
11|41|0|135|3.2|27.6|0|21.7|51.6|0.00|0.18|43.8328|12.5219
11|42|0|90|4.4|27.6|0|21.4|51.7|0.00|0.18|43.8312|12.5219
11|43|0|90|1.6|27.6|0|21.1|51.9|0.00|0.18|43.8322|12.5219
11|44|0|90|4.8|27.6|0|21.4|52.0|0.00|0.18|43.8317|13.3567
11|45|0|135|4.4|27.6|0|20.8|52.1|0.00|0.18|43.8308|12.256
11|46|0|90|3.2|27.6|0|20.2|52.4|0.00|0.18|43.8272|12.256
11|47|0|45|7.3|27.6|0|19.5|52.4|0.00|0.18|43.8267|11.1052
11|48|0|135|8.1|27.6|0|19.2|52.5|0.00|0.18|43.8281|11.1052
11|49|0|90|4.4|27.6|0|19.3|52.2|0.00|0.18|43.8265|11.1052
11|50|0|45|1.5|27.6|0|19.2|52.6|0.01|0.19|43.8228|11.1052
11|51|0|0|2.9|27.6|0|18.3|52.7|0.01|0.19|43.8207|9.89914
11|52|0|0|4.4|27.6|0|18.9|52.8|0.01|0.19|43.8194|9.89914
11|53|0|45|2.9|27.6|0|19.0|52.8|0.01|0.19|43.8201|11.1052
11|55|0|23|2.9|27.6|0|19.5|52.9|0.01|0.19|43.8187|11.1052
11|56|0|90|4.8|27.6|0|19.9|52.4|0.01|0.19|43.822|11.1052
11|57|0|68|1.5|27.6|0|20.6|52.2|0.01|0.19|43.8224|12.256
11|58|0|135|4.4|27.6|0|21.2|52.4|0.01|0.19|43.8191|13.3567
11|59|0|45|8.7|27.6|0|21.1|52.4|0.01|0.19|43.8169|13.3567
12|00|0|45|4.4|27.6|0|20.8|52.4|0.01|0.19|43.8172|12.256
12|01|0|45|6.4|27.6|0|20.2|52.5|0.01|0.19|43.8164|12.256
12|02|0|135|5.8|27.6|0|19.2|52.4|0.01|0.19|43.8165|11.1052
12|03|0|135|3.2|27.6|0|19.2|52.2|0.01|0.19|43.8155|11.1052
12|04|0|45|1.5|27.6|0|19.8|52.5|0.01|0.19|43.8134|11.1052
12|05|0|45|1.6|27.6|0|20.4|52.7|0.01|0.19|43.8122|12.256
12|06|0|90|4.4|27.6|0|20.5|52.8|0.01|0.19|43.813|12.256
12|07|0|135|4.4|27.6|0|19.9|52.8|0.01|0.19|43.8095|11.1052
12|09|0|135|2.9|27.6|0|19.4|53.3|0.01|0.19|43.8104|11.9304
12|10|0|135|4.4|27.6|0|19.9|53.3|0.01|0.19|43.8085|11.9304
12|11|0|45|5.8|27.6|0|21.1|53.5|0.01|0.19|43.8045|14.1911
12|12|0|135|5.8|27.6|0|21.4|53.6|0.01|0.19|43.8044|14.1911
12|13|0|135|2.9|27.6|0|19.9|53.7|0.01|0.19|43.8049|11.9304
12|14|0|158|5.8|27.6|0|19.6|53.7|0.01|0.19|43.8012|11.9304
12|16|0|203|4.4|27.6|0|19.4|53.7|0.01|0.19|43.802|11.9304
12|17|0|225|5.8|27.6|0|19.6|53.9|0.01|0.19|43.7999|11.9304
12|18|0|180|0.0|27.6|0|19.4|54.0|0.01|0.19|43.7979|12.7554
12|19|0|45|0.0|27.6|0|19.0|54.3|0.01|0.19|43.7961|12.7554
12|20|0|135|6.4|27.6|0|19.9|54.5|0.01|0.19|43.7967|12.7554
12|22|0|90|4.4|27.6|0|19.0|54.3|0.01|0.19|43.7944|12.7554
12|23|0|113|2.9|27.6|0|18.9|54.2|0.01|0.19|43.7954|11.5396
12|24|0|180|1.5|27.6|0|19.4|54.3|0.01|0.19|43.7924|12.7554
12|25|0|90|2.9|27.6|0|19.7|54.4|0.01|0.19|43.7924|12.7554
12|26|0|45|2.9|27.6|0|19.7|54.4|0.01|0.19|43.7917|12.7554
12|27|0|45|2.9|27.6|0|19.1|54.5|0.01|0.19|43.7907|12.7554
12|28|0|0|4.8|27.6|0|18.9|54.6|0.01|0.19|43.7912|11.5396
12|29|0|0|4.4|27.6|0|19.0|54.5|0.01|0.19|43.7909|12.7554
12|30|0|315|0.0|27.6|0|18.4|54.5|0.01|0.19|43.7872|11.5396
12|31|0|0|3.2|27.6|0|18.7|54.5|0.01|0.19|43.788|11.5396
12|32|0|270|2.9|27.6|0|18.9|54.5|0.01|0.19|43.7876|11.5396
12|33|0|0|1.6|27.6|0|19.5|54.6|0.01|0.19|43.7881|12.7554
12|34|0|45|2.9|27.6|0|20.1|54.6|0.01|0.19|43.7885|13.9156
12|36|0|135|7.3|27.6|0|20.2|54.7|0.01|0.19|43.7865|13.9156
12|37|0|135|2.9|27.6|0|19.3|55.0|0.01|0.19|43.7839|13.58
12|38|0|45|2.9|27.6|0|18.9|55.2|0.01|0.19|43.7818|12.3592
12|39|0|90|2.9|27.6|0|18.2|55.2|0.01|0.19|43.7813|12.3592
12|40|0|135|3.2|27.6|0|17.9|55.4|0.01|0.19|43.7784|11.0766
12|43|0|45|3.2|27.6|0|18.4|55.7|0.01|0.19|43.7736|12.3592
12|44|0|0|1.5|27.6|0|18.2|55.8|0.01|0.19|43.7722|12.3592
12|45|0|0|3.2|27.6|0|18.1|56.0|0.01|0.19|43.7738|13.1786
12|49|0|90|5.8|27.6|0|17.6|55.8|0.01|0.19|43.7716|11.0766
12|50|0|135|4.4|27.6|0|17.6|55.7|0.00|0.19|43.7661|11.0766
12|51|0|90|2.9|27.6|0|17.3|55.6|0.00|0.19|43.7679|11.0766
12|52|0|180|1.5|27.6|0|17.7|55.6|0.00|0.19|43.7685|11.0766
12|53|0|135|1.5|27.6|0|17.3|55.7|0.00|0.19|43.768|11.0766
12|54|0|0|1.6|27.6|0|18.0|56.0|0.00|0.19|43.7685|13.1786
12|55|0|180|1.5|27.6|0|18.6|56.1|0.00|0.19|43.7691|13.1786
12|56|0|180|3.2|27.6|0|18.0|56.4|0.00|0.19|43.7675|13.1786
12|57|0|90|2.9|27.6|0|18.1|56.6|0.00|0.19|43.7707|13.1786
12|58|0|180|2.9|27.6|0|17.5|56.7|0.00|0.19|43.7697|11.8908
12|59|0|180|2.9|27.6|0|17.6|57.0|0.00|0.19|43.7666|12.7046
13|00|0|90|2.9|27.6|0|17.9|57.2|0.00|0.19|43.7641|12.7046
13|01|0|315|0.0|27.6|0|17.7|57.4|0.00|0.19|43.7628|12.7046
13|02|0|0|0.0|27.6|0|17.5|57.7|0.00|0.19|43.7606|12.7046
13|04|0|135|2.9|27.6|0|18.3|58.0|0.00|0.19|43.7601|14.8162
13|06|0|180|7.3|27.6|0|17.2|58.4|0.00|0.19|43.7577|13.5181
13|08|0|180|2.9|27.6|0|17.3|57.9|0.00|0.19|43.7568|12.7046
13|09|0|180|1.5|27.6|0|17.2|58.1|0.00|0.19|43.7561|13.5181
13|11|0|180|4.4|27.6|0|17.1|57.7|0.00|0.19|43.757|12.7046
13|12|0|180|2.9|27.6|0|17.2|57.7|0.00|0.19|43.7547|12.7046
13|14|0|225|4.4|27.6|0|16.9|57.8|0.00|0.19|43.757|11.3422
13|15|0|315|1.5|27.6|0|16.6|57.8|0.00|0.19|43.7538|11.3422
13|16|0|90|5.8|27.6|0|16.7|57.8|0.00|0.19|43.7538|11.3422
13|18|0|45|3.2|27.6|0|16.5|57.2|0.00|0.19|43.7547|11.3422
13|19|0|90|7.3|27.6|0|17.0|57.0|0.00|0.19|43.7555|12.7046
13|20|0|90|3.2|27.6|0|16.7|56.7|0.00|0.19|43.7562|10.5338
13|21|0|0|2.9|27.6|0|17.2|56.6|0.00|0.19|43.7529|11.8908
13|22|0|0|3.2|27.6|0|17.3|56.7|0.00|0.19|43.7561|11.8908
13|23|0|90|2.9|27.6|0|17.1|56.6|0.00|0.19|43.7532|11.8908
13|24|0|45|1.5|27.6|0|16.8|56.7|0.00|0.19|43.7523|10.5338
13|25|0|0|3.2|27.6|0|16.7|56.9|0.00|0.19|43.7506|10.5338
13|26|0|135|1.5|27.6|0|16.7|57.0|0.00|0.19|43.7451|11.3422
13|27|0|45|1.5|27.6|0|16.7|57.0|0.00|0.19|43.7464|11.3422
13|28|0|45|0.0|27.6|0|17.1|57.1|0.00|0.19|43.7452|12.7046
13|29|0|315|2.9|27.6|0|17.3|57.2|0.00|0.19|43.742|12.7046
13|30|0|315|5.8|27.6|0|16.7|57.2|0.00|0.19|43.7408|11.3422
13|31|0|225|2.9|27.6|0|17.2|57.2|0.00|0.19|43.7388|12.7046
13|32|0|270|0.0|27.6|0|17.0|57.4|0.00|0.19|43.7385|12.7046
13|34|0|315|4.8|27.6|0|17.6|57.5|0.00|0.19|43.7354|12.7046
13|35|0|0|7.3|27.6|0|18.6|57.7|0.00|0.19|43.7355|13.9976
13|36|0|0|5.8|27.6|0|18.0|57.8|0.00|0.19|43.7337|13.9976
13|38|0|315|1.5|27.6|0|17.3|58.0|0.00|0.19|43.7293|13.5181
13|39|0|0|2.9|27.6|0|17.1|58.1|0.00|0.19|43.7278|13.5181
13|40|0|135|1.5|27.6|0|16.5|58.1|0.00|0.19|43.7244|12.1502
13|41|0|0|4.4|27.6|0|17.4|58.2|0.00|0.19|43.7228|13.5181
13|42|0|315|1.5|27.6|0|16.5|58.3|0.00|0.19|43.7222|12.1502
13|43|0|113|2.9|27.6|0|16.3|58.4|0.00|0.19|43.7196|12.1502
13|44|0|45|0.0|27.6|0|16.6|58.7|0.00|0.19|43.7185|12.1502
13|45|0|225|1.5|27.6|0|16.9|58.9|0.00|0.19|43.72|12.1502
13|48|0|90|3.2|27.6|0|16.8|59.0|0.00|0.19|43.719|12.9579
13|49|0|135|1.5|27.6|0|15.9|59.2|0.00|0.19|43.72|11.506
13|50|0|135|3.2|27.6|0|15.8|59.3|0.00|0.19|43.7217|11.506
13|51|0|90|4.4|27.6|0|15.6|59.3|0.00|0.19|43.719|11.506
13|52|0|90|4.4|27.6|0|15.7|59.3|0.00|0.19|43.7188|11.506
13|53|0|68|5.8|27.6|0|15.7|59.3|0.00|0.19|43.7194|11.506
13|54|0|90|4.4|27.6|0|14.8|59.1|0.00|0.19|43.713|9.9653
13|55|0|135|1.5|27.6|0|15.3|59.1|0.00|0.19|43.7154|11.506
13|56|0|135|2.9|27.6|0|15.6|59.3|0.00|0.19|43.7141|11.506
13|57|0|90|0.0|27.6|0|14.4|59.5|0.00|0.19|43.711|9.9653
13|59|0|180|4.4|27.6|0|15.0|59.6|0.00|0.19|43.7126|11.506
14|00|0|180|2.9|27.6|0|14.6|59.7|0.00|0.19|43.7124|9.9653
14|01|0|113|4.4|27.6|0|14.7|59.5|0.00|0.19|43.7099|9.9653
14|02|0|90|4.8|27.6|0|14.6|59.6|0.00|0.19|43.71|9.9653
14|03|0|0|1.5|27.6|0|14.9|59.7|0.00|0.19|43.711|9.9653
14|04|0|90|2.9|27.6|0|15.2|59.8|0.00|0.19|43.7093|11.506
14|05|0|90|4.8|27.6|0|15.4|60.0|0.00|0.19|43.7099|12.3076
14|06|0|45|5.8|27.6|0|15.4|59.9|0.00|0.19|43.7093|11.506
14|07|0|45|4.4|27.6|0|15.1|59.9|0.00|0.19|43.707|11.506
14|08|0|45|3.2|27.6|0|15.1|59.8|0.00|0.19|43.7058|11.506
14|09|0|45|2.9|27.6|0|15.3|59.7|0.00|0.19|43.7051|11.506
14|10|0|0|1.5|27.6|0|14.7|59.8|0.00|0.19|43.7026|9.9653
14|11|0|45|2.9|27.6|0|14.5|59.7|0.00|0.19|43.7027|9.9653
14|13|0|45|8.1|27.6|0|16.4|59.5|0.00|0.19|43.7017|12.9579
14|14|0|45|2.9|27.6|0|16.3|59.5|0.00|0.19|43.6987|12.9579
14|15|0|45|6.4|27.6|0|16.3|59.3|0.00|0.19|43.699|12.9579
14|16|0|0|4.4|27.6|0|16.9|59.3|0.00|0.19|43.6979|12.9579
14|17|0|45|6.4|27.6|0|16.6|59.2|0.00|0.19|43.6964|12.9579
14|19|0|90|8.7|27.6|0|16.5|58.7|0.00|0.19|43.692|12.1502
14|20|0|90|2.9|27.6|0|16.1|58.7|0.00|0.19|43.6911|12.1502
14|21|0|90|1.6|27.6|0|17.0|58.7|0.00|0.19|43.6907|13.5181
14|22|0|135|2.9|27.6|0|16.8|58.9|0.00|0.19|43.6901|12.1502
14|23|0|135|6.4|27.6|0|17.0|58.9|0.00|0.19|43.6904|13.5181
14|24|0|90|4.4|27.6|0|16.3|58.9|0.00|0.19|43.6904|12.1502
14|26|0|45|2.9|27.6|0|16.4|59.1|0.00|0.19|43.6917|12.9579
14|27|0|113|7.3|27.6|0|16.5|59.1|0.00|0.19|43.691|12.9579
14|28|0|90|5.8|27.6|0|15.9|59.2|0.00|0.19|43.6925|11.506
14|29|0|135|4.4|27.6|0|15.9|59.3|0.00|0.19|43.6898|11.506
14|30|0|180|2.9|27.6|0|15.8|59.6|0.00|0.19|43.6877|11.506
14|31|0|90|6.4|27.6|0|16.3|59.6|0.00|0.19|43.6886|12.9579
14|33|0|90|1.5|27.6|0|16.7|59.8|0.00|0.19|43.6877|12.9579
14|34|0|90|7.3|27.6|0|16.2|59.7|0.00|0.19|43.6888|12.9579
14|35|0|90|7.3|27.6|0|15.9|59.8|0.00|0.19|43.6863|11.506
14|36|0|45|13.1|16.1|135|15.7|59.6|0.00|0.00|43.6862|11.506
14|37|0|113|3.2|16.1|135|16.0|59.6|0.00|0.00|43.6877|12.9579
14|39|0|45|4.4|16.1|135|15.9|59.9|0.00|0.00|43.6829|11.506
14|40|0|45|3.2|16.1|135|16.1|60.1|0.00|0.00|43.6831|13.7653
14|41|0|135|4.8|16.1|135|16.3|60.2|0.00|0.00|43.6799|13.7653
14|43|0|90|4.4|16.1|135|16.2|60.5|0.00|0.00|43.6819|13.7653
14|44|0|45|2.9|16.1|135|15.7|60.3|0.00|0.00|43.6799|12.3076
14|45|0|0|2.9|16.1|135|15.7|60.6|0.00|0.00|43.681|12.3076
14|46|0|135|2.9|16.1|135|16.2|60.8|0.00|0.00|43.6824|13.7653
14|47|0|90|5.8|16.1|135|16.8|61.0|0.00|0.00|43.6824|14.5722
14|48|0|180|1.5|16.1|135|16.8|61.1|0.00|0.00|43.6821|14.5722
14|49|0|135|1.5|16.1|135|16.6|61.4|0.00|0.00|43.6801|14.5722
14|50|0|180|0.0|16.1|135|15.8|61.6|0.00|0.00|43.6772|13.1088
14|51|0|45|1.5|16.1|135|16.4|61.7|0.00|0.00|43.6737|14.5722
14|52|0|45|2.9|16.1|135|16.3|62.0|0.00|0.00|43.6757|15.3788
14|53|0|0|2.9|16.1|135|15.9|62.2|0.00|0.00|43.6755|13.9097
14|54|0|45|3.2|16.1|135|16.5|62.3|0.00|0.00|43.6742|15.3788
14|56|0|113|4.4|16.1|135|16.1|62.2|0.00|0.00|43.6745|15.3788
14|57|0|0|2.9|16.1|135|15.9|62.3|0.00|0.00|43.6754|13.9097
14|58|0|0|2.9|16.1|135|16.3|62.3|0.00|0.00|43.6729|15.3788
14|59|0|0|4.4|16.1|135|15.8|62.2|0.00|0.00|43.6735|13.9097
15|00|0|315|4.4|16.1|135|15.9|61.9|0.00|0.00|43.6737|13.1088
15|01|0|0|2.9|16.1|135|15.8|61.9|0.00|0.00|43.6725|13.1088
15|02|0|0|1.5|16.1|135|15.9|61.9|0.00|0.00|43.6714|13.1088
15|03|0|270|0.0|16.1|135|15.3|61.9|0.00|0.00|43.6695|13.1088
15|04|0|90|0.0|16.1|135|15.1|62.0|0.00|0.00|43.6676|13.9097
15|06|0|135|3.2|16.1|135|15.3|62.0|0.00|0.00|43.6656|13.9097
15|07|0|135|4.4|16.1|135|15.3|62.0|0.00|0.00|43.662|13.9097
15|08|0|180|3.2|16.1|135|15.4|62.0|0.00|0.00|43.6619|13.9097
15|09|0|90|4.4|16.1|135|15.2|62.0|0.00|0.00|43.6601|13.9097
15|10|0|180|4.4|16.1|135|15.0|61.8|0.00|0.00|43.661|13.1088
15|11|0|135|4.8|16.1|135|14.7|61.7|0.00|0.00|43.6606|11.556
15|13|0|135|6.4|16.1|135|15.2|61.5|0.00|0.00|43.6582|13.1088
15|16|0|45|1.5|16.1|135|14.5|61.1|0.00|0.00|43.6615|11.556
15|17|0|90|1.5|16.1|135|14.5|61.1|0.00|0.00|43.6614|11.556
15|18|0|180|1.5|16.1|135|15.7|61.1|0.00|0.00|43.6571|13.1088
15|19|0|225|1.5|16.1|135|15.2|61.4|0.00|0.00|43.6558|13.1088
15|20|0|180|2.9|16.1|135|14.7|61.6|0.00|0.00|43.6551|11.556
15|21|0|248|1.6|16.1|135|15.2|61.9|0.00|0.00|43.6538|13.1088
15|22|0|135|5.8|16.1|135|14.7|61.9|0.00|0.00|43.6485|11.556
15|24|0|180|1.5|16.1|135|15.0|62.2|0.00|0.00|43.6451|13.9097
15|25|0|90|3.2|16.1|135|14.3|62.4|0.00|0.00|43.6452|12.3507
15|26|0|180|5.8|16.1|135|14.0|62.0|0.00|0.00|43.6423|12.3507
15|27|0|225|4.4|16.1|135|14.4|62.3|0.00|0.00|43.6424|12.3507
15|28|0|248|2.9|16.1|135|14.4|62.5|0.00|0.00|43.6427|12.3507
15|29|0|225|2.9|16.1|135|13.7|62.6|0.00|0.00|43.6434|10.6894
15|30|0|180|1.6|16.1|135|13.7|62.7|0.00|0.00|43.6468|10.6894
15|32|0|0|3.2|16.1|135|13.3|62.8|0.00|0.00|43.6432|10.6894
15|33|0|0|2.9|16.1|135|13.5|62.8|0.00|0.00|43.6419|10.6894
15|35|0|315|2.9|16.1|135|13.8|62.9|0.00|0.00|43.6435|10.6894
15|36|0|248|1.6|16.1|135|14.4|62.9|0.00|0.00|43.6428|12.3507
15|37|0|315|2.9|16.1|135|14.4|62.9|0.00|0.00|43.6399|12.3507
15|38|0|248|2.9|16.1|135|14.6|63.0|0.00|0.00|43.6397|13.1451
15|39|0|315|2.9|16.1|135|14.4|63.2|0.00|0.00|43.6383|13.1451
15|40|0|315|4.4|16.1|135|14.0|63.2|0.00|0.00|43.6376|13.1451
15|43|0|270|7.3|16.1|135|13.9|63.3|0.00|0.00|43.6355|11.4773
15|44|0|315|2.9|16.1|135|14.0|63.2|0.00|0.00|43.6339|13.1451
15|45|0|225|6.4|16.1|135|13.9|63.0|0.00|0.00|43.6327|11.4773
15|46|0|315|5.8|16.1|135|13.6|62.8|0.00|0.00|43.6282|10.6894
15|47|0|180|1.5|16.1|135|13.8|62.8|0.00|0.00|43.6294|10.6894
15|48|0|180|2.9|16.1|135|14.1|62.8|0.00|0.00|43.6282|12.3507
15|49|0|225|5.8|16.1|135|14.8|62.9|0.00|0.00|43.6276|12.3507
15|50|0|180|2.9|16.1|135|14.1|63.0|0.00|0.00|43.6287|13.1451
15|51|0|315|6.5|16.1|135|14.5|63.2|0.00|0.00|43.6282|13.1451
15|52|0|315|4.4|16.1|135|13.2|63.2|0.00|0.00|43.6277|11.4773
15|53|0|270|0.0|16.1|135|12.1|63.3|0.00|0.00|43.6279|9.69114
15|54|0|0|1.6|16.1|135|11.7|63.4|0.00|0.00|43.6282|7.7672
15|55|0|315|5.8|16.1|135|11.5|63.3|0.00|0.00|43.6255|7.7672
15|56|0|315|4.8|16.1|135|11.6|63.3|0.00|0.00|43.6237|7.7672
15|57|0|315|8.7|16.1|135|11.7|63.0|0.00|0.00|43.6224|7.7672
15|58|0|0|4.4|16.1|135|12.6|62.8|0.00|0.00|43.6226|8.91012
16|00|0|315|4.8|16.1|135|12.3|62.8|0.00|0.00|43.619|8.91012
16|01|0|225|4.4|16.1|135|11.9|62.8|0.00|0.00|43.6208|6.99358
16|02|0|225|1.5|16.1|135|11.6|62.9|0.00|0.00|43.6207|6.99358
16|03|0|315|2.9|16.1|135|11.7|63.0|0.00|0.00|43.6212|7.7672
16|04|0|225|2.9|16.1|135|12.4|63.2|0.00|0.00|43.6208|9.69114
16|05|0|225|0.0|16.1|135|12.3|63.4|0.00|0.00|43.6209|9.69114
16|06|0|315|3.2|16.1|135|12.4|63.5|0.00|0.00|43.6209|9.69114
16|07|0|315|4.4|16.1|135|11.8|63.3|0.00|0.00|43.6186|7.7672
16|08|0|270|3.2|16.1|135|11.1|63.3|0.00|0.00|43.6182|7.7672
16|09|0|270|3.2|16.1|135|10.8|63.3|0.00|0.00|43.6204|5.68063
16|12|0|270|1.5|16.1|135|10.8|63.2|0.00|0.00|43.6167|5.68063
16|13|0|315|5.8|16.1|135|10.9|63.3|0.00|0.00|43.6161|5.68063
16|14|0|315|1.5|16.1|135|11.3|63.2|0.00|0.00|43.612|7.7672
16|15|0|0|2.9|16.1|135|11.9|63.3|0.00|0.00|43.6103|7.7672
16|17|0|270|2.9|16.1|135|12.8|63.4|0.00|0.00|43.608|9.69114
16|18|0|315|4.4|16.1|135|13.0|63.5|0.00|0.00|43.6075|11.4773
16|19|0|315|4.4|16.1|135|12.0|63.3|0.00|0.00|43.608|9.69114
16|20|0|0|2.9|16.1|135|11.9|63.0|0.00|0.00|43.6075|7.7672
16|21|0|315|1.5|16.1|135|11.8|63.2|0.00|0.00|43.6046|7.7672
16|22|0|315|6.4|16.1|135|11.7|63.2|0.00|0.00|43.6041|7.7672
16|23|0|315|5.8|16.1|135|12.6|63.0|0.00|0.00|43.606|9.69114
16|25|0|315|7.3|16.1|135|11.8|62.8|0.00|0.00|43.6036|6.99358
16|27|0|315|4.4|16.1|135|11.1|62.6|0.00|0.00|43.6041|6.99358
16|28|0|315|0.0|16.1|135|10.7|62.6|0.00|0.00|43.6056|4.915
16|29|0|270|1.6|16.1|135|10.7|62.6|0.00|0.00|43.6047|4.915
16|30|0|113|1.5|16.1|135|10.8|62.6|0.00|0.00|43.6011|4.915
16|31|0|180|0.0|16.1|135|11.1|62.6|0.00|0.00|43.6005|6.99358
16|32|0|270|1.6|16.1|135|11.4|62.7|0.00|0.00|43.6027|6.99358
16|33|0|315|5.8|16.1|135|11.5|62.5|0.00|0.00|43.6012|6.99358
16|34|0|315|8.0|16.1|135|11.8|62.3|0.00|0.00|43.5953|6.99358
16|35|0|315|4.4|16.1|135|12.0|61.9|0.00|0.00|43.5951|8.12871
16|36|0|315|5.8|16.1|135|11.8|61.9|0.00|0.00|43.5936|6.21955
16|37|0|270|4.4|16.1|135|11.4|61.9|0.00|0.00|43.5932|6.21955
16|38|0|315|4.4|16.1|135|11.1|61.8|0.00|0.00|43.5935|6.21955
16|39|0|0|2.9|16.1|135|10.7|61.8|0.00|0.00|43.591|4.14894
16|40|0|270|2.9|16.1|135|10.8|61.9|0.00|0.00|43.5934|4.14894
16|41|0|225|1.5|16.1|135|10.6|62.0|0.00|0.00|43.5943|4.915
16|43|0|315|2.9|16.1|135|10.6|62.0|0.00|0.00|43.5937|4.915
16|44|0|225|4.4|16.1|135|10.6|62.2|0.00|0.00|43.5925|4.915
16|45|0|0|4.4|16.1|135|11.2|62.2|0.00|0.00|43.5936|6.99358
16|46|0|270|3.2|16.1|135|11.8|62.0|0.00|0.00|43.597|6.99358
16|47|0|315|7.3|16.1|135|11.3|62.2|0.00|0.00|43.5967|6.99358
16|48|0|315|4.8|16.1|135|11.0|61.8|0.00|0.00|43.5942|6.21955
16|49|0|315|8.7|16.1|135|11.1|61.7|0.00|0.00|43.5931|6.21955
16|51|0|315|1.5|16.1|135|10.8|61.5|0.00|0.00|43.5919|4.14894
16|52|0|315|5.8|16.1|135|10.5|61.4|0.00|0.00|43.5906|4.14894
16|53|0|315|3.2|16.1|135|10.4|61.1|0.00|0.00|43.5917|4.14894
16|54|0|315|4.4|16.1|135|10.7|61.1|0.00|0.00|43.5904|4.14894
16|55|0|315|2.9|16.1|135|11.0|61.0|0.00|0.00|43.5893|6.21955
16|56|0|0|2.9|16.1|135|10.1|61.1|0.00|0.00|43.5858|4.14894
16|57|0|315|5.8|16.1|135|10.1|61.2|0.00|0.00|43.5857|4.14894
16|58|0|315|2.9|16.1|135|10.5|61.2|0.00|0.00|43.5877|4.14894
17|00|0|315|2.9|16.1|135|10.4|61.4|0.00|0.00|43.586|4.14894
17|01|0|315|4.4|16.1|135|9.8|61.5|0.00|0.00|43.5876|1.88471
17|02|0|225|4.4|16.1|135|9.5|61.6|0.00|0.00|43.5871|1.88471
17|03|0|270|1.5|16.1|135|9.5|61.8|0.00|0.00|43.5873|1.88471
17|04|0|225|4.8|16.1|135|9.5|61.9|0.00|0.00|43.587|1.88471
17|05|0|270|4.4|16.1|135|10.0|61.8|0.00|0.00|43.5894|4.14894
17|06|0|270|5.8|16.1|135|10.1|61.9|0.00|0.00|43.5879|4.14894
17|07|0|315|6.5|16.1|135|10.2|61.8|0.00|0.00|43.5915|4.14894
17|08|0|225|5.8|16.1|135|10.1|61.8|0.00|0.00|43.5896|4.14894
17|09|0|315|2.9|16.1|135|10.0|61.8|0.00|0.00|43.5874|4.14894
17|10|0|225|2.9|16.1|135|10.0|61.9|0.00|0.00|43.5879|4.14894
17|11|0|225|1.5|16.1|135|9.8|62.2|0.00|0.00|43.5887|2.6421
17|12|0|225|4.8|16.1|135|9.9|62.4|0.00|0.00|43.5909|2.6421
17|13|0|315|4.4|16.1|135|9.9|62.5|0.00|0.00|43.5919|2.6421
17|15|0|270|5.8|16.1|135|10.0|62.5|0.00|0.00|43.5904|4.915
17|16|0|315|2.9|16.1|135|9.7|62.7|0.00|0.00|43.592|2.6421
17|17|0|315|4.4|16.1|135|11.1|62.8|0.00|0.00|43.591|6.99358
17|18|0|315|4.4|16.1|135|11.7|62.9|0.00|0.00|43.5901|6.99358
17|19|0|315|4.8|16.1|135|11.4|62.9|0.00|0.00|43.5863|6.99358
17|20|0|315|5.8|16.1|135|10.5|62.8|0.00|0.00|43.5902|4.915
17|21|0|315|2.9|16.1|135|10.2|62.7|0.00|0.00|43.5904|4.915
17|22|0|315|7.3|16.1|135|9.8|62.5|0.00|0.00|43.5918|2.6421
17|23|0|315|5.8|16.1|135|10.5|62.2|0.00|0.00|43.5879|4.915
17|24|0|0|5.8|16.1|135|11.1|61.9|0.00|0.00|43.5868|6.21955
17|26|0|315|4.8|16.1|135|10.7|61.8|0.00|0.00|43.5831|4.14894
17|27|0|315|7.3|16.1|135|11.3|61.6|0.00|0.00|43.582|6.21955
17|28|0|315|8.0|16.1|135|11.8|61.5|0.00|0.00|43.5817|6.21955
17|29|0|315|7.3|16.1|135|11.5|61.1|0.00|0.00|43.5812|6.21955
17|30|0|315|8.0|16.1|135|11.9|61.1|0.00|0.00|43.5835|6.21955
17|31|0|315|8.7|16.1|135|12.0|61.0|0.00|0.00|43.5831|8.12871
17|32|0|338|2.9|16.1|135|11.9|60.9|0.00|0.00|43.5818|5.44512
17|33|0|0|3.2|16.1|135|12.3|60.9|0.00|0.00|43.5832|7.34689
17|34|0|315|7.3|16.1|135|12.3|60.9|0.00|0.00|43.5798|7.34689
17|35|0|338|4.4|16.1|135|12.2|61.0|0.00|0.00|43.5779|8.12871
17|36|0|315|10.2|16.1|135|12.5|60.8|0.00|0.00|43.5818|7.34689
17|38|0|315|5.8|16.1|135|11.7|60.6|0.00|0.00|43.5844|5.44512
17|39|0|0|4.4|16.1|135|11.4|60.6|0.00|0.00|43.5814|5.44512
17|41|0|315|5.8|16.1|135|12.6|60.1|0.00|0.00|43.5807|7.34689
17|43|0|338|4.4|16.1|135|12.1|59.9|0.00|0.00|43.5788|6.56468
17|44|0|270|8.0|16.1|135|12.2|59.9|0.00|0.00|43.5763|6.56468
17|48|0|315|4.4|16.1|135|12.8|60.3|0.00|0.00|43.5748|7.34689
17|49|0|315|3.2|16.1|135|12.7|60.5|0.00|0.00|43.5742|7.34689
17|50|0|315|4.4|16.1|135|11.8|60.7|0.00|0.00|43.5714|5.44512
17|51|0|270|1.5|16.1|135|11.2|60.8|0.00|0.00|43.5689|5.44512
17|52|0|315|5.8|16.1|135|11.0|60.8|0.00|0.00|43.5674|5.44512
17|53|0|315|7.3|16.1|135|10.7|60.8|0.00|0.00|43.5669|3.38247
17|54|0|315|11.6|16.1|135|11.2|60.7|0.00|0.00|43.5662|5.44512
17|55|0|315|7.3|16.1|135|10.9|60.5|0.00|0.00|43.5716|3.38247
17|56|0|315|1.6|16.1|135|10.9|60.6|0.00|0.00|43.5722|3.38247
17|57|0|270|1.5|16.1|135|11.0|60.6|0.00|0.00|43.5709|5.44512
17|58|0|248|7.3|16.1|135|10.9|60.6|0.00|0.00|43.5688|3.38247
18|00|0|315|4.4|16.1|135|11.5|60.7|0.00|0.00|43.5686|5.44512
18|01|0|315|7.3|16.1|135|12.1|60.6|0.00|0.00|43.5667|7.34689
18|02|0|315|3.2|16.1|135|11.7|60.5|0.00|0.00|43.5679|5.44512
18|04|0|315|3.2|16.1|135|12.3|60.6|0.00|0.00|43.5664|7.34689
18|05|0|270|8.1|16.1|135|12.6|60.7|0.00|0.00|43.5656|7.34689
18|06|0|315|4.4|16.1|135|11.6|60.8|0.00|0.00|43.5653|5.44512
18|07|0|270|3.2|16.1|135|11.1|60.9|0.00|0.00|43.5631|5.44512
18|08|0|315|2.9|16.1|135|10.9|61.1|0.00|0.00|43.5657|4.14894
18|09|0|315|7.3|16.1|135|11.4|61.1|0.00|0.00|43.5693|6.21955
18|10|0|270|7.3|16.1|135|12.5|61.0|0.00|0.00|43.5664|8.12871
18|11|0|315|2.9|16.1|135|11.6|61.1|0.00|0.00|43.5646|6.21955
18|13|0|0|2.9|16.1|135|11.6|61.2|0.00|0.00|43.5648|6.21955
18|15|0|0|4.8|16.1|135|12.2|61.4|0.00|0.00|43.5672|8.12871
18|17|0|0|4.8|16.1|135|11.8|61.4|0.00|0.00|43.5676|6.21955
18|18|0|270|2.9|16.1|135|11.9|61.2|0.00|0.00|43.5662|6.21955
18|19|0|0|6.4|16.1|135|11.8|61.2|0.00|0.00|43.5703|6.21955
18|20|0|0|5.8|16.1|135|11.9|61.0|0.00|0.00|43.5703|6.21955
18|21|0|315|5.8|16.1|135|12.2|60.9|0.00|0.00|43.571|7.34689
18|22|0|0|4.8|16.1|135|11.8|60.9|0.00|0.00|43.5716|5.44512
18|26|0|315|4.4|16.1|135|11.7|60.6|0.00|0.00|43.5704|5.44512
18|27|0|0|3.2|16.1|135|12.0|60.5|0.00|0.00|43.5664|7.34689
18|28|0|315|8.7|16.1|135|12.0|60.6|0.00|0.00|43.5644|7.34689
18|29|0|315|5.8|16.1|135|11.1|60.3|0.00|0.00|43.568|5.44512
18|30|0|315|5.8|16.1|135|11.0|60.2|0.00|0.00|43.5664|5.44512
18|31|0|0|5.8|16.1|135|12.0|60.2|0.00|0.00|43.5662|7.34689
18|33|0|0|5.8|16.1|135|11.2|60.1|0.00|0.00|43.5662|5.44512
18|35|0|0|4.8|16.1|135|11.8|60.1|0.00|0.00|43.5693|5.44512
18|36|0|315|8.7|16.1|135|12.3|59.9|0.00|0.00|43.5682|6.56468
18|37|0|315|6.4|16.1|135|12.1|59.8|0.00|0.00|43.5699|6.56468
18|38|0|315|8.7|16.1|135|12.2|59.7|0.00|0.00|43.5688|6.56468
18|39|0|315|8.0|16.1|135|11.7|59.5|0.00|0.00|43.5685|4.67027
18|41|0|315|5.8|16.1|135|11.4|59.3|0.00|0.00|43.5699|4.67027
18|43|0|315|3.2|16.1|135|11.3|59.5|0.00|0.00|43.5687|4.67027
18|44|0|270|4.4|16.1|135|11.5|59.5|0.00|0.00|43.5696|4.67027
18|45|0|315|1.5|16.1|135|11.7|59.5|0.00|0.00|43.5667|4.67027
18|46|0|315|2.9|16.1|135|11.5|59.6|0.00|0.00|43.5673|4.67027
18|47|0|315|4.4|16.1|135|11.4|59.6|0.00|0.00|43.5662|4.67027
18|48|0|270|2.9|16.1|135|12.0|59.6|0.00|0.00|43.5664|6.56468
18|49|0|315|3.2|16.1|135|12.1|59.7|0.00|0.00|43.5657|6.56468
18|50|0|0|4.4|16.1|135|11.8|59.8|0.00|0.00|43.5649|4.67027
18|51|0|315|4.8|16.1|135|11.9|59.8|0.00|0.00|43.5625|4.67027
18|52|0|0|8.7|16.1|135|12.2|59.8|0.00|0.00|43.5613|6.56468
18|53|0|315|4.8|16.1|135|11.8|59.7|0.00|0.00|43.5618|4.67027
18|54|0|0|4.4|16.1|135|12.0|59.6|0.00|0.00|43.5611|6.56468
18|55|0|0|3.2|16.1|135|11.9|59.6|0.00|0.00|43.5628|4.67027
18|56|0|0|7.3|16.1|135|12.1|59.5|0.00|0.00|43.5625|6.56468
18|58|0|315|6.4|16.1|135|11.9|59.3|0.00|0.00|43.5634|4.67027
18|59|0|0|5.8|16.1|135|12.2|59.1|0.00|0.00|43.5658|6.56468
19|01|0|315|5.8|16.1|135|12.4|58.9|0.00|0.00|43.5657|5.78207
19|02|0|315|5.8|16.1|135|12.6|58.8|0.00|0.00|43.564|5.78207
19|03|0|315|2.9|16.1|135|12.5|58.7|0.00|0.00|43.5648|5.78207
19|04|0|315|4.4|16.1|135|12.9|58.7|0.00|0.00|43.5629|5.78207
19|05|0|315|7.3|16.1|135|12.4|58.4|0.00|0.00|43.5607|5.78207
19|06|0|270|4.4|16.1|135|11.8|58.2|0.00|0.00|43.5581|3.89502
19|07|0|315|2.9|16.1|135|11.8|58.2|0.00|0.00|43.5589|3.89502
19|08|0|315|4.4|16.1|135|11.9|58.2|0.00|0.00|43.5586|3.89502
19|11|0|315|7.3|16.1|135|11.9|57.8|0.00|0.00|43.5578|3.11936
19|12|0|315|6.5|16.1|135|11.8|57.7|0.00|0.00|43.5612|3.11936
19|13|0|315|4.4|16.1|135|12.4|57.5|0.00|0.00|43.5613|4.99907
19|14|0|315|2.9|16.1|135|13.0|57.5|0.00|0.00|43.5619|6.74396
19|15|0|315|4.4|16.1|135|13.2|57.4|0.00|0.00|43.5638|6.74396
19|17|0|315|4.8|16.1|135|12.7|57.3|0.00|0.00|43.5616|4.99907
19|18|0|315|5.8|16.1|135|12.5|57.1|0.00|0.00|43.5597|4.99907
19|19|0|315|4.4|16.1|135|12.9|57.0|0.00|0.00|43.5601|4.99907
19|20|0|315|4.8|16.1|135|12.7|56.7|0.00|0.00|43.5591|4.21566
19|21|0|315|2.9|16.1|135|12.9|56.7|0.00|0.00|43.5607|4.21566
19|22|0|315|4.4|16.1|135|12.6|56.5|0.00|0.00|43.5606|4.21566
19|23|0|315|5.8|16.1|135|13.4|56.3|0.00|0.00|43.5572|5.95372
19|24|0|315|4.4|16.1|135|13.7|56.2|0.00|0.00|43.5562|5.95372
19|25|0|0|3.2|16.1|135|13.9|56.0|0.00|0.00|43.557|5.95372
19|26|0|315|2.9|16.1|135|14.1|55.7|0.00|0.00|43.5584|6.77942
19|27|0|0|3.2|16.1|135|14.6|55.5|0.00|0.00|43.5575|6.77942
19|28|0|315|4.4|16.1|135|14.3|55.3|0.00|0.00|43.5622|6.77942
19|31|0|315|4.4|16.1|135|14.9|54.6|0.00|0.00|43.5649|5.982
19|32|0|315|6.4|16.1|135|14.7|54.5|0.00|0.00|43.5642|5.982
19|33|0|315|4.4|16.1|135|14.5|54.3|0.00|0.00|43.5648|5.982
19|35|0|315|3.2|16.1|135|14.6|54.0|0.00|0.00|43.5656|5.982
19|36|0|315|2.9|16.1|135|14.7|53.9|0.00|0.00|43.566|5.1842
19|37|0|315|4.4|16.1|135|15.1|53.8|0.00|0.00|43.568|6.68871
19|38|0|270|4.4|16.1|135|15.3|53.6|0.00|0.00|43.566|6.68871
19|39|0|315|2.9|16.1|135|15.6|53.5|0.00|0.00|43.566|6.68871
19|40|0|315|2.9|16.1|135|15.5|53.4|0.00|0.00|43.5699|6.68871
19|41|0|315|2.9|16.1|135|15.7|53.3|0.00|0.00|43.5687|6.68871
19|42|0|315|2.9|16.1|135|15.8|52.9|0.00|0.00|43.5647|5.88453
19|43|0|0|1.5|16.1|135|15.6|52.8|0.00|0.00|43.5637|5.88453
19|44|0|315|2.9|16.1|135|15.4|52.7|0.00|0.00|43.5638|5.88453
19|45|0|315|2.9|16.1|135|15.8|52.6|0.00|0.00|43.5646|5.88453
19|46|0|315|2.9|16.1|135|15.6|52.4|0.00|0.00|43.5657|5.88453
19|47|0|315|2.9|16.1|135|15.7|52.2|0.00|0.00|43.5647|5.88453
19|48|0|315|3.2|16.1|135|15.9|52.1|0.00|0.00|43.5642|5.88453
19|49|0|315|1.5|16.1|135|15.9|52.0|0.00|0.00|43.5613|5.88453
19|50|0|315|1.6|16.1|135|16.4|52.0|0.00|0.00|43.5639|7.2965
19|51|0|315|2.9|16.1|135|16.6|51.9|0.00|0.00|43.564|6.48627
19|52|0|315|1.5|16.1|135|16.6|51.8|0.00|0.00|43.5651|6.48627
19|54|0|315|2.9|16.1|135|16.2|51.7|0.00|0.00|43.5647|6.48627
19|55|0|315|2.9|16.1|135|16.4|51.6|0.00|0.00|43.5674|6.48627
19|57|0|315|2.9|16.1|135|16.1|51.3|0.00|0.00|43.5702|6.48627
19|58|0|315|2.9|16.1|135|16.4|51.2|0.00|0.00|43.5721|6.48627
19|59|0|315|1.6|16.1|135|16.7|51.2|0.00|0.00|43.5721|6.48627
20|00|0|315|2.9|16.1|135|17.0|51.0|0.00|0.00|43.571|7.81632
20|01|0|315|2.9|16.1|135|16.7|51.0|0.00|0.00|43.5709|6.48627
20|02|0|315|2.9|16.1|135|16.5|50.9|0.00|0.00|43.5708|5.67568
20|03|0|315|1.6|16.1|135|16.8|50.9|0.00|0.00|43.5725|5.67568
20|04|0|315|2.9|16.1|135|17.0|50.7|0.00|0.00|43.5679|7.00036
20|05|0|315|1.5|16.1|135|17.1|50.7|0.00|0.00|43.5689|7.00036
20|07|0|315|1.5|16.1|135|16.6|50.6|0.00|0.00|43.5676|5.67568
20|08|0|315|1.6|16.1|135|16.4|50.5|0.00|0.00|43.5677|5.67568
20|10|0|315|1.6|16.1|135|16.5|50.5|0.00|0.00|43.5674|5.67568
20|13|0|315|1.5|16.1|135|16.6|50.6|0.00|0.00|43.5682|5.67568
20|14|0|315|0.0|16.1|135|16.8|50.6|0.00|0.00|43.5672|5.67568
20|15|0|270|1.5|16.1|135|16.5|50.6|0.00|0.00|43.5667|5.67568
20|16|0|270|1.5|16.1|135|16.4|50.6|0.00|0.00|43.568|5.67568
20|17|0|270|0.0|16.1|135|16.2|50.6|0.00|0.00|43.5681|5.67568
20|18|0|270|0.0|16.1|135|16.2|50.7|0.00|0.00|43.5667|5.67568
20|19|0|270|0.0|16.1|135|16.3|50.7|0.00|0.00|43.5672|5.67568
20|20|0|270|0.0|16.1|135|16.2|50.7|0.00|0.00|43.5663|5.67568
20|21|0|270|1.5|16.1|135|16.2|50.7|0.00|0.00|43.564|5.67568
20|22|0|270|1.5|16.1|135|16.2|50.8|0.00|0.00|43.5648|5.67568
20|23|0|270|1.5|16.1|135|16.1|50.8|0.00|0.00|43.5649|5.67568
20|25|0|270|0.0|16.1|135|16.4|50.9|0.00|0.00|43.5647|5.67568
20|26|0|270|0.0|16.1|135|16.6|50.9|0.00|0.00|43.5661|5.67568
20|28|0|270|0.0|16.1|135|16.9|50.9|0.00|0.00|43.5638|5.67568
20|29|0|270|0.0|16.1|135|17.0|51.0|0.00|0.00|43.5664|7.81632
20|30|0|270|0.0|16.1|135|17.1|51.0|0.00|0.00|43.5649|7.81632
20|32|0|270|0.0|16.1|135|17.2|51.0|0.00|0.00|43.5663|7.81632
20|34|0|270|0.0|16.1|135|17.4|51.0|0.00|0.00|43.5677|7.81632
20|35|0|270|0.0|16.1|135|17.6|51.0|0.00|0.00|43.5661|7.81632
20|36|0|270|0.0|16.1|135|17.6|51.0|0.00|0.00|43.5684|7.81632
20|37|0|270|0.0|16.1|135|17.6|50.9|0.00|0.00|43.5684|7.00036
20|38|0|270|0.0|16.1|135|17.7|50.9|0.00|0.00|43.5682|7.00036
20|39|0|270|0.0|16.1|135|17.7|50.9|0.00|0.00|43.5692|7.00036
20|40|0|270|1.5|16.1|135|17.8|50.9|0.00|0.00|43.5689|7.00036
20|42|0|270|1.5|16.1|135|17.9|50.9|0.00|0.00|43.5712|7.00036
20|44|0|270|0.0|16.1|135|18.0|50.8|0.00|0.00|43.5692|8.25734
20|45|0|270|0.0|16.1|135|18.1|50.8|0.00|0.00|43.5714|8.25734
20|46|0|270|0.0|16.1|135|18.1|50.8|0.00|0.00|43.5694|8.25734
20|47|0|270|0.0|16.1|135|18.4|50.8|0.00|0.00|43.5702|8.25734
20|48|0|270|0.0|16.1|135|18.5|50.7|0.00|0.00|43.5687|8.25734
20|49|0|270|0.0|16.1|135|18.4|50.7|0.00|0.00|43.5682|8.25734
20|50|0|270|0.0|16.1|135|18.5|50.7|0.00|0.00|43.5686|8.25734
20|52|0|270|0.0|16.1|135|18.6|50.7|0.00|0.00|43.5686|8.25734
20|53|0|270|0.0|16.1|135|18.7|50.6|0.00|0.00|43.5664|8.25734
20|54|0|270|0.0|16.1|135|18.7|50.6|0.00|0.00|43.5686|8.25734
20|55|0|270|0.0|16.1|135|18.7|50.6|0.00|0.00|43.5686|8.25734
20|56|0|270|0.0|16.1|135|18.7|50.6|0.00|0.00|43.5682|8.25734
20|57|0|270|0.0|16.1|135|18.9|50.5|0.00|0.00|43.5682|8.25734
20|58|0|270|0.0|16.1|135|18.8|50.5|0.00|0.00|43.568|8.25734
21|01|0|270|0.0|16.1|135|18.6|50.3|0.00|0.00|43.5695|8.25734
21|02|0|270|0.0|16.1|135|18.8|50.3|0.00|0.00|43.5685|8.25734
21|03|0|270|0.0|16.1|135|19.0|50.2|0.00|0.00|43.5702|9.45359
21|05|0|270|0.0|16.1|135|19.6|50.2|0.00|0.00|43.5711|9.45359
21|06|0|270|0.0|16.1|135|19.9|50.2|0.00|0.00|43.5709|9.45359
21|07|0|270|0.0|16.1|135|19.9|50.1|0.00|0.00|43.5736|9.45359
21|09|0|270|0.0|16.1|135|19.7|49.9|0.00|0.00|43.5749|8.6273
21|11|0|270|0.0|16.1|135|19.5|49.8|0.00|0.00|43.5763|8.6273
21|12|0|270|0.0|16.1|135|19.5|49.7|0.00|0.00|43.5767|8.6273
21|13|0|270|0.0|16.1|135|19.6|49.5|0.00|0.00|43.5758|8.6273
21|14|0|270|0.0|16.1|135|19.6|49.4|0.00|0.00|43.5766|8.6273
21|15|0|270|0.0|16.1|135|19.7|49.2|0.00|0.00|43.5773|8.6273
21|16|0|270|0.0|16.1|135|19.8|49.2|0.00|0.00|43.577|8.6273
21|17|0|270|0.0|16.1|135|19.8|49.1|0.00|0.00|43.5788|8.6273
21|18|0|270|0.0|16.1|135|19.8|49.0|0.00|0.00|43.5813|8.6273
21|19|0|270|1.5|16.1|135|19.7|48.9|0.00|0.00|43.5805|7.80067
21|20|0|45|1.5|16.1|135|19.7|48.7|0.00|0.00|43.5783|7.80067
21|22|0|45|1.5|16.1|135|20.7|48.4|0.00|0.00|43.5822|8.93281
21|23|0|45|1.5|16.1|135|23.0|48.3|0.00|0.00|43.5818|12.0501
21|25|0|45|1.5|16.1|135|23.9|48.2|0.00|0.00|43.5821|12.0501
21|26|0|45|0.0|16.1|135|23.0|48.1|0.00|0.00|43.5838|12.0501
21|27|0|45|0.0|16.1|135|21.9|48.1|0.00|0.00|43.5836|10.0156
21|28|0|45|0.0|16.1|135|21.9|48.0|0.00|0.00|43.5836|10.0156
21|29|0|45|0.0|16.1|135|22.3|48.0|0.00|0.00|43.5842|11.0535
21|30|0|45|0.0|16.1|135|21.7|48.0|0.00|0.00|43.5846|10.0156
21|31|0|45|0.0|16.1|135|21.2|48.0|0.00|0.00|43.5853|10.0156
21|32|0|45|0.0|16.1|135|21.6|48.0|0.00|0.00|43.5864|10.0156
21|33|0|45|0.0|16.1|135|21.6|48.0|0.00|0.00|43.5881|10.0156
21|34|0|45|0.0|16.1|135|21.3|48.0|0.00|0.00|43.5878|10.0156
21|35|0|45|0.0|16.1|135|21.2|48.0|0.00|0.00|43.5871|10.0156
21|36|0|45|0.0|16.1|135|21.3|48.0|0.00|0.00|43.5881|10.0156
21|37|0|45|0.0|16.1|135|21.6|48.0|0.00|0.00|43.5885|10.0156
21|38|0|45|0.0|16.1|135|21.4|48.0|0.00|0.00|43.5905|10.0156
21|39|0|45|0.0|16.1|135|21.4|47.9|0.00|0.00|43.5905|9.17954
21|40|0|45|0.0|16.1|135|21.5|47.9|0.00|0.00|43.5893|9.17954
21|41|0|45|0.0|16.1|135|21.7|47.9|0.00|0.00|43.5912|9.17954
21|42|0|45|0.0|16.1|135|21.8|47.9|0.00|0.00|43.5923|9.17954
21|44|0|45|0.0|16.1|135|21.7|47.9|0.00|0.00|43.5938|9.17954
21|45|0|45|0.0|16.1|135|21.7|47.7|0.00|0.00|43.5932|9.17954
21|46|0|45|0.0|16.1|135|21.6|47.7|0.00|0.00|43.5903|9.17954
21|47|0|45|0.0|16.1|135|20.7|47.6|0.00|0.00|43.5899|8.10119
21|48|0|45|1.5|16.1|135|19.9|47.6|0.00|0.00|43.5883|6.9737
21|49|0|45|3.2|16.1|135|19.6|47.5|0.00|0.00|43.5879|6.9737
21|51|0|45|1.5|16.1|135|20.5|47.5|0.00|0.00|43.5869|8.10119
21|52|0|45|1.5|16.1|135|21.2|47.4|0.01|0.01|43.5846|9.17954
21|53|0|45|0.0|16.1|135|22.5|47.3|0.01|0.01|43.5849|10.2131
21|54|0|45|1.6|16.1|135|24.9|47.3|0.01|0.01|43.5856|12.1605
21|55|0|45|1.5|16.1|135|27.3|47.3|0.01|0.01|43.5853|14.8267
21|57|0|45|1.5|16.1|135|27.3|47.1|0.01|0.01|43.5809|14.8267
21|58|0|45|0.0|16.1|135|27.2|47.1|0.01|0.01|43.5827|14.8267
21|59|0|45|0.0|16.1|135|26.9|47.0|0.01|0.01|43.581|13.9686
22|00|0|45|1.5|16.1|135|26.7|46.8|0.01|0.01|43.58|13.1123
22|02|0|45|1.5|16.1|135|25.7|46.7|0.01|0.01|43.5816|12.228
22|04|0|45|1.5|16.1|135|24.9|46.6|0.01|0.01|43.5812|11.3118
22|06|0|45|1.5|16.1|135|25.0|46.6|0.01|0.01|43.5841|12.228
22|08|0|45|1.6|16.1|135|27.5|46.5|0.01|0.01|43.5856|13.9668
22|09|0|45|1.5|16.1|135|28.5|46.5|0.01|0.01|43.5841|14.7936
22|10|0|90|0.0|16.1|135|27.4|46.5|0.01|0.01|43.5847|13.9668
22|11|0|90|0.0|16.1|135|25.8|46.4|0.01|0.01|43.5842|12.228
22|12|0|90|0.0|16.1|135|24.8|46.4|0.01|0.01|43.5837|11.3118
22|13|0|90|0.0|16.1|135|24.3|46.4|0.01|0.01|43.5837|11.3118
22|16|0|90|1.5|16.1|135|24.1|46.3|0.01|0.01|43.5837|11.3118
22|17|0|90|1.6|16.1|135|24.3|46.3|0.01|0.01|43.5838|11.3118
22|18|0|90|1.5|16.1|135|24.3|46.3|0.01|0.01|43.5835|11.3118
22|19|0|90|1.5|16.1|135|24.1|46.3|0.01|0.01|43.5876|11.3118
22|20|0|135|1.6|16.1|135|24.0|46.2|0.01|0.01|43.5864|11.3118
22|21|0|135|1.5|16.1|135|24.7|46.2|0.01|0.01|43.5874|11.3118
22|22|0|135|1.5|16.1|135|25.7|46.1|0.01|0.01|43.5889|12.228
22|24|0|135|0.0|16.1|135|26.0|46.1|0.01|0.01|43.5903|13.1123
22|25|0|135|0.0|16.1|135|27.0|46.0|0.01|0.01|43.5887|13.9668
22|26|0|90|1.5|16.1|135|25.9|46.0|0.01|0.01|43.5894|12.228
22|27|0|90|0.0|16.1|135|25.0|45.8|0.01|0.01|43.5887|11.3751
22|28|0|90|1.5|16.1|135|24.5|45.7|0.01|0.01|43.5881|10.4627
22|29|0|90|1.5|16.1|135|24.2|45.6|0.01|0.01|43.5869|10.4627
22|30|0|90|1.5|16.1|135|23.9|45.5|0.01|0.01|43.5849|9.51576
22|31|0|90|1.5|16.1|135|23.7|45.5|0.01|0.01|43.5847|9.51576
22|32|0|90|0.0|16.1|135|23.8|45.4|0.01|0.01|43.5847|9.51576
22|33|0|90|1.5|16.1|135|24.1|45.4|0.01|0.01|43.5844|10.4627
22|35|0|90|0.0|16.1|135|24.1|45.3|0.01|0.01|43.5824|10.4627
22|36|0|90|0.0|16.1|135|24.1|45.3|0.01|0.01|43.584|10.4627
22|37|0|90|1.6|16.1|135|24.2|45.2|0.01|0.01|43.5816|10.4627
22|38|0|90|1.5|16.1|135|24.3|45.2|0.01|0.01|43.5798|10.4627
22|39|0|90|1.6|16.1|135|24.5|45.0|0.01|0.01|43.5814|10.4627
22|40|0|90|1.5|16.1|135|24.6|45.0|0.01|0.01|43.5798|10.4627
22|42|0|90|1.5|16.1|135|24.8|45.0|0.01|0.01|43.582|10.4627
22|43|0|90|0.0|16.1|135|25.0|44.9|0.01|0.01|43.5821|10.5219
22|44|0|90|1.6|16.1|135|25.0|44.9|0.01|0.01|43.5838|10.5219
22|45|0|90|2.9|16.1|135|25.1|44.9|0.01|0.01|43.5832|10.5219
22|46|0|90|2.9|16.1|135|25.1|44.9|0.01|0.01|43.5841|10.5219
22|47|0|90|2.9|16.1|135|25.3|44.9|0.01|0.01|43.5817|10.5219
22|48|0|90|1.5|16.1|135|25.4|44.9|0.01|0.01|43.5808|10.5219
22|49|0|90|2.9|16.1|135|25.3|44.9|0.01|0.01|43.583|10.5219
22|50|0|90|1.6|16.1|135|25.3|44.9|0.01|0.01|43.5823|10.5219
22|51|0|90|1.5|16.1|135|25.2|44.8|0.01|0.01|43.5804|10.5219
22|54|0|90|0.0|16.1|135|25.2|44.9|0.00|0.01|43.5824|10.5219
22|55|0|90|0.0|16.1|135|25.3|44.9|0.00|0.01|43.5822|10.5219
22|56|0|90|1.5|16.1|135|25.4|44.9|0.00|0.01|43.582|10.5219
22|57|0|90|0.0|16.1|135|25.2|44.9|0.00|0.01|43.5817|10.5219
22|58|0|90|1.5|16.1|135|25.2|44.9|0.00|0.01|43.5807|10.5219
22|59|0|90|0.0|16.1|135|25.3|44.9|0.00|0.01|43.5823|10.5219
23|00|0|90|1.5|16.1|135|25.3|44.9|0.00|0.01|43.5806|10.5219
23|02|0|90|0.0|16.1|135|25.3|44.9|0.00|0.01|43.5805|10.5219
23|03|0|90|0.0|16.1|135|25.4|44.9|0.00|0.01|43.5806|10.5219
23|04|0|90|0.0|16.1|135|25.4|44.8|0.00|0.01|43.5796|10.5219
23|05|0|90|0.0|16.1|135|25.4|44.8|0.00|0.01|43.5782|10.5219
23|06|0|135|1.5|16.1|135|25.4|44.8|0.00|0.01|43.5776|10.5219
23|07|0|135|0.0|16.1|135|25.4|44.8|0.00|0.01|43.578|10.5219
23|08|0|135|0.0|16.1|135|25.4|44.8|0.00|0.01|43.578|10.5219
23|09|0|135|0.0|16.1|135|25.3|44.7|0.00|0.01|43.5753|10.5219
23|10|0|90|0.0|16.1|135|25.2|44.7|0.00|0.01|43.5768|10.5219
23|11|0|90|0.0|16.1|135|24.8|44.7|0.00|0.01|43.577|9.61332
23|12|0|90|0.0|16.1|135|24.7|44.6|0.00|0.01|43.5727|9.61332
23|13|0|90|0.0|16.1|135|24.7|44.7|0.00|0.01|43.5751|9.61332
23|14|0|90|0.0|16.1|135|24.6|44.6|0.00|0.01|43.5743|9.61332
23|15|0|90|0.0|16.1|135|24.7|44.6|0.00|0.01|43.5741|9.61332
23|16|0|90|0.0|16.1|135|24.7|44.6|0.00|0.01|43.5743|9.61332
23|17|0|90|0.0|16.1|135|24.8|44.6|0.00|0.01|43.5758|9.61332
23|18|0|90|0.0|16.1|135|24.7|44.6|0.00|0.01|43.5744|9.61332
23|19|0|90|1.5|16.1|135|24.5|44.6|0.00|0.01|43.574|9.61332
23|21|0|90|2.9|16.1|135|24.3|44.6|0.00|0.01|43.5741|9.61332
23|22|0|90|1.5|16.1|135|24.2|44.5|0.00|0.01|43.5736|9.61332
23|23|0|90|0.0|16.1|135|24.2|44.5|0.00|0.01|43.5737|9.61332
23|24|0|90|1.5|16.1|135|24.2|44.5|0.00|0.01|43.5725|9.61332
23|25|0|90|0.0|16.1|135|24.2|44.5|0.00|0.01|43.5747|9.61332
23|26|0|90|1.5|16.1|135|24.2|44.6|0.00|0.01|43.5756|9.61332
23|27|0|90|0.0|16.1|135|24.4|44.6|0.00|0.01|43.5745|9.61332
23|28|0|90|1.5|16.1|135|24.4|44.6|0.00|0.01|43.5738|9.61332
23|31|0|90|0.0|16.1|135|24.7|44.7|0.00|0.01|43.5734|9.61332
23|32|0|90|0.0|16.1|135|24.8|44.7|0.00|0.01|43.5743|9.61332
23|33|0|90|0.0|16.1|135|25.0|44.7|0.00|0.01|43.5759|10.5219
23|34|0|90|0.0|16.1|135|25.0|44.7|0.00|0.01|43.5757|10.5219
23|35|0|90|0.0|16.1|135|25.0|44.6|0.00|0.01|43.5731|10.5219
23|36|0|90|0.0|16.1|135|25.0|44.6|0.00|0.01|43.5743|10.5219
23|37|0|90|1.5|16.1|135|25.2|44.6|0.00|0.01|43.5722|10.5219
23|38|0|90|1.5|16.1|135|25.2|44.5|0.00|0.01|43.5719|10.5219
23|39|0|90|0.0|16.1|135|25.1|44.5|0.00|0.01|43.5711|10.5219
23|40|0|90|1.5|16.1|135|25.2|44.5|0.00|0.01|43.5727|10.5219
23|41|0|90|1.5|16.1|135|25.2|44.4|0.00|0.01|43.5722|10.5219
23|42|0|90|1.5|16.1|135|25.3|44.3|0.01|0.02|43.57|10.5219
23|43|0|90|1.5|16.1|135|25.4|44.3|0.01|0.02|43.5694|10.5219
23|44|0|90|1.6|16.1|135|25.6|44.2|0.01|0.02|43.5719|10.5219
23|45|0|90|2.9|16.1|135|26.1|44.2|0.01|0.02|43.572|11.3988
23|46|0|90|3.2|16.1|135|26.5|44.0|0.01|0.02|43.5713|11.3988
23|47|0|90|1.5|16.1|135|26.8|43.9|0.01|0.02|43.5711|10.5416
23|48|0|90|1.6|16.1|135|26.9|43.9|0.01|0.02|43.572|10.5416
23|49|0|90|1.5|16.1|135|27.0|43.8|0.01|0.02|43.5725|11.3854
23|50|0|90|1.6|16.1|135|27.0|43.8|0.01|0.02|43.5718|11.3854
23|52|0|90|1.5|16.1|135|27.1|43.7|0.01|0.02|43.5718|11.3854
23|53|0|90|0.0|16.1|135|27.1|43.7|0.01|0.02|43.5719|11.3854
23|54|0|90|0.0|16.1|135|27.1|43.8|0.01|0.02|43.5765|11.3854
23|55|0|90|0.0|16.1|135|27.1|43.7|0.01|0.02|43.5748|11.3854
23|56|0|90|0.0|16.1|135|27.1|43.7|0.01|0.02|43.575|11.3854
23|57|0|90|1.5|16.1|135|27.1|43.7|0.01|0.02|43.5749|11.3854
23|58|0|90|0.0|16.1|135|27.3|43.7|0.01|0.02|43.5738|11.3854
23|59|0|90|0.0|16.1|135|27.4|43.6|0.01|0.02|43.5725|11.3854
