00|00|0|315|1.6|16.1|90|90.4|26.8|0.04|0.47|43.5517|23.482
00|01|0|315|1.5|16.1|90|90.5|26.8|0.03|0.47|43.5526|23.482
00|02|0|315|1.5|16.1|90|90.6|26.8|0.03|0.47|43.5529|23.482
00|03|0|315|1.6|16.1|90|90.7|26.8|0.03|0.47|43.5522|23.482
00|04|0|315|1.5|16.1|90|90.8|26.8|0.03|0.47|43.5517|23.482
00|05|0|0|1.6|16.1|90|90.8|26.8|0.03|0.47|43.5512|23.482
00|06|0|0|0.0|16.1|90|90.9|26.8|0.02|0.47|43.5512|23.482
00|07|0|0|1.6|16.1|90|91.0|26.8|0.03|0.48|43.5509|23.7446
00|08|0|0|1.5|16.1|90|91.0|26.8|0.03|0.48|43.5497|23.7446
00|09|0|0|0.0|16.1|90|91.0|26.9|0.03|0.48|43.553|23.7446
00|10|0|315|1.5|16.1|90|91.0|26.9|0.03|0.48|43.5536|23.7446
00|11|0|315|4.4|16.1|90|91.0|26.8|0.03|0.48|43.5515|23.7446
00|12|0|315|2.9|16.1|90|91.0|26.8|0.03|0.48|43.5524|23.7446
00|13|0|315|1.5|16.1|90|90.9|26.8|0.03|0.48|43.551|23.482
00|14|0|315|2.9|16.1|90|90.8|26.8|0.03|0.48|43.5518|23.482
00|15|0|315|1.5|16.1|90|90.7|26.8|0.03|0.48|43.5541|23.482
00|16|0|315|1.5|16.1|90|90.6|26.8|0.03|0.48|43.5547|23.482
00|17|0|315|1.5|16.1|90|90.5|26.8|0.03|0.48|43.5515|23.482
00|19|0|315|1.6|16.1|90|90.5|26.8|0.03|0.48|43.5534|23.482
00|20|0|315|2.9|16.1|90|90.4|26.7|0.03|0.48|43.5505|23.482
00|21|0|315|2.9|16.1|90|90.4|26.7|0.03|0.48|43.5505|23.482
00|22|0|315|1.6|16.1|90|90.4|26.7|0.03|0.48|43.5486|23.482
00|23|0|315|1.5|16.1|90|90.3|26.7|0.03|0.48|43.551|23.482
00|24|0|315|2.9|16.1|90|90.3|26.7|0.03|0.48|43.5497|23.482
00|25|0|315|1.5|16.1|90|90.3|26.7|0.03|0.48|43.551|23.482
00|26|0|315|1.5|16.1|90|90.2|26.7|0.03|0.48|43.5499|23.482
00|29|0|315|0.0|16.1|90|90.2|26.9|0.03|0.48|43.5492|23.482
00|30|0|315|1.5|16.1|90|90.0|27.0|0.03|0.48|43.5504|24.47
00|31|0|315|1.5|16.1|90|89.8|27.2|0.03|0.48|43.549|24.2035
00|32|0|315|1.5|16.1|90|89.7|27.2|0.03|0.48|43.5503|24.2035
00|33|0|315|0.0|16.1|90|89.7|27.2|0.03|0.48|43.5511|24.2035
00|36|0|315|1.5|16.1|90|89.8|27.2|0.03|0.48|43.5521|24.2035
00|37|0|315|1.5|16.1|90|89.9|27.0|0.03|0.48|43.5497|24.2035
00|38|0|315|1.6|16.1|90|90.0|27.0|0.03|0.48|43.5485|24.47
00|39|0|315|1.5|16.1|90|90.1|27.0|0.02|0.48|43.5492|24.47
00|40|0|315|0.0|16.1|90|90.1|27.0|0.02|0.48|43.5488|24.47
00|41|0|315|1.6|16.1|90|90.2|27.0|0.02|0.48|43.549|24.47
00|42|0|315|1.5|16.1|90|90.2|27.0|0.02|0.48|43.5493|24.47
00|43|0|315|0.0|16.1|90|90.2|27.0|0.02|0.48|43.5497|24.47
00|44|0|315|1.6|16.1|90|90.3|27.0|0.02|0.48|43.5485|24.47
00|45|0|315|1.5|16.1|90|90.3|27.0|0.02|0.48|43.5486|24.47
00|46|0|315|0.0|16.1|90|90.4|27.0|0.02|0.48|43.5474|24.47
00|47|0|315|1.5|16.1|90|90.3|27.0|0.02|0.48|43.5488|24.47
00|48|0|315|1.6|16.1|90|90.3|26.9|0.01|0.48|43.5463|23.482
00|49|0|315|1.5|16.1|90|90.3|26.9|0.01|0.48|43.5449|23.482
00|50|0|315|1.5|16.1|90|90.3|26.9|0.01|0.48|43.5467|23.482
00|51|0|315|1.6|16.1|90|90.2|26.9|0.01|0.48|43.5455|23.482
00|52|0|315|0.0|16.1|90|90.2|26.9|0.01|0.48|43.5448|23.482
00|54|0|315|1.6|16.1|90|90.2|26.9|0.01|0.48|43.5455|23.482
00|55|0|315|0.0|16.1|90|90.1|26.9|0.01|0.48|43.5448|23.482
00|56|0|315|0.0|16.1|90|90.1|26.9|0.01|0.48|43.544|23.482
00|57|0|315|1.5|16.1|90|90.1|26.9|0.01|0.48|43.5436|23.482
00|58|0|315|0.0|16.1|90|90.1|26.9|0.01|0.48|43.5455|23.482
00|59|0|315|1.5|16.1|90|90.1|26.9|0.01|0.48|43.5448|23.482
01|00|0|315|1.5|16.1|90|90.1|26.9|0.01|0.48|43.5448|23.482
01|01|0|315|1.6|16.1|90|90.1|26.9|0.01|0.48|43.544|23.482
01|02|0|315|0.0|16.1|90|90.1|27.0|0.02|0.50|43.5455|24.47
01|03|0|315|1.5|16.1|90|90.1|27.0|0.02|0.50|43.5438|24.47
01|04|0|315|0.0|16.1|90|90.0|26.9|0.02|0.50|43.5401|23.482
01|05|0|315|0.0|16.1|90|90.0|27.0|0.02|0.50|43.5418|24.47
01|06|0|315|1.5|16.1|90|90.0|27.0|0.01|0.50|43.5411|24.47
01|07|0|315|0.0|16.1|90|90.1|27.0|0.01|0.50|43.5408|24.47
01|08|0|315|0.0|16.1|90|90.3|27.0|0.01|0.50|43.54|24.47
01|09|0|315|0.0|16.1|90|90.4|27.0|0.01|0.50|43.5415|24.47
01|11|0|315|0.0|16.1|90|90.4|27.0|0.01|0.50|43.5422|24.47
01|11|0|315|0.0|16.1|90|90.5|27.0|0.01|0.50|43.5401|24.47
01|13|0|315|1.6|16.1|90|90.6|27.2|0.01|0.50|43.5399|24.47
01|14|0|315|1.5|16.1|90|90.7|27.2|0.01|0.50|43.5389|24.47
01|15|0|315|1.6|16.1|90|90.8|27.2|0.01|0.50|43.5398|24.47
01|16|0|315|1.5|16.1|90|91.0|27.2|0.01|0.50|43.5393|24.7339
01|17|0|315|1.5|16.1|90|91.0|27.2|0.02|0.51|43.5383|24.7339
01|19|0|315|0.0|16.1|90|91.2|27.3|0.02|0.51|43.5384|24.7339
01|21|0|315|0.0|16.1|90|91.4|27.4|0.02|0.51|43.5389|24.7339
01|23|0|315|0.0|16.1|90|91.4|27.4|0.02|0.51|43.5407|24.7339
01|24|0|315|1.6|16.1|90|91.4|27.4|0.02|0.51|43.5384|24.7339
01|26|0|315|1.5|16.1|90|91.4|27.5|0.02|0.51|43.5384|24.7339
01|27|0|315|0.0|16.1|90|91.4|27.5|0.02|0.51|43.5383|24.7339
01|28|0|315|0.0|16.1|90|91.3|27.5|0.02|0.51|43.537|24.7339
01|29|0|315|0.0|16.1|90|91.2|27.5|0.02|0.51|43.5383|24.7339
01|30|0|315|0.0|16.1|90|91.2|27.6|0.02|0.51|43.5408|24.7339
01|31|0|315|0.0|16.1|90|91.1|27.6|0.02|0.51|43.5415|24.7339
01|32|0|315|0.0|16.1|90|91.0|27.5|0.02|0.51|43.5385|24.7339
01|34|0|315|0.0|16.1|90|91.0|27.6|0.02|0.51|43.5391|24.7339
01|35|0|315|1.5|16.1|90|91.0|27.6|0.02|0.51|43.5404|24.7339
01|36|0|315|1.5|16.1|90|91.0|27.6|0.02|0.51|43.5398|24.7339
01|37|0|315|1.5|16.1|90|91.0|27.6|0.02|0.51|43.5416|24.7339
01|38|0|315|0.0|16.1|90|91.0|27.6|0.02|0.51|43.5413|24.7339
01|39|0|315|0.0|16.1|90|91.0|27.6|0.02|0.51|43.5395|24.7339
01|40|0|315|0.0|16.1|90|90.9|27.6|0.02|0.51|43.5381|24.47
01|41|0|315|0.0|16.1|90|90.7|27.6|0.02|0.51|43.5378|24.47
01|42|0|315|0.0|16.1|90|90.5|27.6|0.02|0.51|43.5375|24.47
01|43|0|315|0.0|16.1|90|90.3|27.6|0.02|0.51|43.5373|24.47
01|44|0|315|0.0|16.1|90|90.0|27.6|0.02|0.51|43.5372|24.47
01|45|0|315|0.0|16.1|90|89.9|27.6|0.02|0.51|43.5344|24.2035
01|47|0|315|0.0|16.1|90|89.6|27.6|0.02|0.51|43.5374|24.2035
01|48|0|315|0.0|16.1|90|89.5|27.5|0.02|0.51|43.5359|24.2035
01|49|0|315|0.0|16.1|90|89.4|27.5|0.02|0.51|43.5367|24.2035
01|50|0|315|0.0|16.1|90|89.3|27.5|0.02|0.51|43.5352|24.2035
01|51|0|315|0.0|16.1|90|89.3|27.5|0.02|0.51|43.5355|24.2035
01|52|0|315|0.0|16.1|90|89.2|27.4|0.02|0.51|43.5336|24.2035
01|55|0|315|0.0|16.1|90|89.1|27.4|0.02|0.51|43.5342|24.2035
01|56|0|315|0.0|16.1|90|89.0|27.4|0.02|0.51|43.5338|24.2035
01|57|0|315|0.0|16.1|90|89.0|27.4|0.02|0.51|43.534|24.2035
01|58|0|315|0.0|16.1|90|89.0|27.4|0.02|0.51|43.5321|24.2035
01|59|0|315|0.0|16.1|90|88.9|27.4|0.02|0.51|43.5306|23.9343
02|00|0|315|0.0|16.1|90|88.9|27.4|0.02|0.51|43.5321|23.9343
02|01|0|315|0.0|16.1|90|88.8|27.4|0.01|0.51|43.5323|23.9343
02|02|0|315|0.0|16.1|90|88.7|27.4|0.01|0.51|43.5315|23.9343
02|03|0|315|0.0|16.1|90|88.7|27.3|0.01|0.51|43.5308|23.9343
02|04|0|315|0.0|16.1|90|88.6|27.3|0.01|0.51|43.5314|23.9343
02|05|0|315|0.0|16.1|90|88.6|27.3|0.01|0.51|43.5306|23.9343
02|06|0|315|0.0|16.1|90|88.6|27.3|0.01|0.51|43.531|23.9343
02|07|0|315|0.0|16.1|90|88.6|27.3|0.01|0.51|43.5306|23.9343
02|08|0|315|0.0|16.1|90|88.6|27.3|0.01|0.51|43.5327|23.9343
02|09|0|315|0.0|16.1|90|88.6|27.3|0.01|0.51|43.5318|23.9343
02|10|0|315|0.0|16.1|90|88.6|27.3|0.01|0.51|43.5307|23.9343
02|11|0|315|0.0|16.1|90|88.6|27.2|0.01|0.51|43.5294|23.9343
02|12|0|315|0.0|16.1|90|88.6|27.3|0.01|0.51|43.5317|23.9343
02|13|0|315|0.0|16.1|90|88.6|27.3|0.01|0.51|43.5298|23.9343
02|14|0|315|0.0|16.1|90|88.6|27.3|0.02|0.52|43.529|23.9343
02|16|0|315|0.0|16.1|90|88.6|27.3|0.03|0.53|43.5298|23.9343
02|17|0|315|0.0|16.1|90|88.5|27.3|0.02|0.53|43.5304|23.9343
02|18|0|315|0.0|16.1|90|88.5|27.2|0.02|0.53|43.5269|23.9343
02|20|0|315|0.0|16.1|90|88.5|27.2|0.02|0.53|43.5287|23.9343
02|21|0|315|0.0|16.1|90|88.6|27.2|0.02|0.53|43.529|23.9343
02|22|0|315|1.5|16.1|90|88.7|27.2|0.03|0.54|43.5278|23.9343
02|23|0|135|1.5|16.1|90|88.8|27.2|0.03|0.54|43.5291|23.9343
02|25|0|135|1.5|16.1|90|89.0|27.2|0.03|0.54|43.5262|24.2035
02|26|0|135|1.5|16.1|90|89.0|27.2|0.03|0.54|43.5251|24.2035
02|27|0|135|0.0|16.1|90|89.0|27.2|0.03|0.54|43.5273|24.2035
02|28|0|135|0.0|16.1|90|89.0|27.2|0.03|0.54|43.5254|24.2035
02|29|0|135|0.0|16.1|90|89.0|27.2|0.03|0.54|43.5259|24.2035
02|30|0|135|1.5|16.1|90|89.1|27.2|0.03|0.54|43.5257|24.2035
02|31|0|135|0.0|16.1|90|89.2|27.2|0.03|0.54|43.5259|24.2035
02|32|0|135|0.0|16.1|90|89.3|27.0|0.03|0.54|43.5229|24.2035
02|34|0|135|0.0|16.1|90|89.3|27.0|0.03|0.54|43.5226|24.2035
02|35|0|135|0.0|16.1|90|89.4|27.0|0.03|0.54|43.5234|24.2035
02|37|0|135|0.0|16.1|90|89.5|27.0|0.03|0.54|43.5213|24.2035
02|38|0|135|1.5|16.1|90|89.5|27.2|0.03|0.54|43.5216|24.2035
02|39|0|135|0.0|1.5|135|89.6|27.0|0.03|0.00|43.5192|24.2035
02|40|0|135|0.0|1.6|135|89.6|27.2|0.03|0.00|43.5202|24.2035
02|41|0|135|0.0|1.6|135|89.5|27.2|0.03|0.00|43.5188|24.2035
02|43|0|135|1.5|1.6|135|89.6|27.2|0.03|0.00|43.5191|24.2035
02|44|0|135|1.5|1.6|135|89.6|27.2|0.03|0.00|43.5169|24.2035
02|45|0|135|0.0|1.6|135|89.6|27.2|0.03|0.00|43.5182|24.2035
02|46|0|135|1.5|1.6|135|89.7|27.2|0.03|0.00|43.5168|24.2035
02|47|0|135|0.0|1.6|135|89.7|27.0|0.03|0.00|43.5131|24.2035
02|48|0|135|0.0|1.6|135|89.8|27.2|0.03|0.00|43.516|24.2035
02|49|0|135|1.5|1.6|135|89.8|27.2|0.03|0.00|43.5162|24.2035
02|50|0|135|1.5|1.6|135|89.8|27.2|0.03|0.00|43.512|24.2035
02|51|0|135|1.6|1.6|135|89.8|27.2|0.03|0.00|43.512|24.2035
02|52|0|135|1.5|1.6|135|89.9|27.2|0.03|0.00|43.5116|24.2035
02|54|0|135|1.5|1.6|135|89.9|27.2|0.03|0.00|43.5106|24.2035
02|55|0|135|0.0|1.8|135|89.9|27.2|0.03|0.00|43.5121|24.2035
02|56|0|135|0.0|1.8|135|90.0|27.2|0.03|0.00|43.513|24.47
02|57|0|135|1.5|1.8|135|90.0|27.2|0.03|0.00|43.5127|24.47
02|58|0|135|0.0|1.8|135|90.0|27.2|0.03|0.00|43.5111|24.47
02|59|0|135|0.0|1.8|135|90.0|27.2|0.03|0.00|43.5117|24.47
03|00|0|135|0.0|1.8|135|90.0|27.2|0.03|0.00|43.5116|24.47
03|01|0|135|0.0|1.8|135|89.9|27.2|0.03|0.00|43.5105|24.2035
03|02|0|135|0.0|1.8|135|89.9|27.2|0.03|0.00|43.5106|24.2035
03|03|0|135|0.0|1.8|135|89.8|27.2|0.03|0.00|43.509|24.2035
03|04|0|135|0.0|1.8|135|89.8|27.2|0.03|0.00|43.5084|24.2035
03|05|0|135|0.0|1.8|135|89.8|27.2|0.03|0.00|43.5075|24.2035
03|06|0|135|1.6|2.9|135|89.8|27.2|0.03|0.00|43.5091|24.2035
03|08|0|135|0.0|2.9|135|89.8|27.2|0.03|0.00|43.5094|24.2035
03|09|0|135|0.0|2.9|135|89.8|27.0|0.03|0.00|43.5066|24.2035
03|10|0|135|0.0|2.9|135|89.8|27.2|0.03|0.00|43.5076|24.2035
03|11|0|135|0.0|2.9|135|89.9|27.2|0.03|0.00|43.506|24.2035
03|12|0|135|0.0|2.9|135|89.9|27.0|0.03|0.00|43.5049|24.2035
03|13|0|135|0.0|2.9|135|89.9|27.2|0.03|0.00|43.5059|24.2035
03|16|0|135|0.0|2.9|135|89.8|27.2|0.03|0.00|43.504|24.2035
03|18|0|135|0.0|2.9|135|89.7|27.0|0.03|0.00|43.5018|24.2035
03|19|0|135|0.0|2.9|135|89.7|27.0|0.03|0.00|43.5024|24.2035
03|20|0|135|0.0|2.9|135|89.7|27.0|0.03|0.00|43.5007|24.2035
03|21|0|135|0.0|2.9|135|89.7|27.0|0.03|0.00|43.5002|24.2035
03|22|0|135|1.5|2.9|135|89.8|27.0|0.03|0.00|43.5006|24.2035
03|23|0|135|0.0|2.9|135|89.8|27.0|0.03|0.00|43.5003|24.2035
03|24|0|135|0.0|2.9|135|89.8|27.0|0.02|0.00|43.5008|24.2035
03|25|0|135|0.0|2.9|135|89.8|27.0|0.02|0.00|43.4988|24.2035
03|26|0|135|0.0|2.9|135|89.8|27.0|0.01|0.00|43.4972|24.2035
03|27|0|135|0.0|2.9|135|89.9|27.0|0.01|0.00|43.4965|24.2035
03|28|0|135|0.0|2.9|135|89.9|27.2|0.02|0.01|43.4961|24.2035
03|29|0|135|0.0|2.9|135|89.9|27.0|0.02|0.01|43.495|24.2035
03|30|0|135|0.0|2.9|135|89.9|27.2|0.02|0.01|43.4947|24.2035
03|31|0|135|0.0|2.9|135|89.9|27.0|0.02|0.01|43.4923|24.2035
03|32|0|135|1.6|2.9|135|89.9|27.2|0.01|0.01|43.4931|24.2035
03|33|0|135|0.0|3.2|135|89.8|27.0|0.01|0.01|43.4916|24.2035
03|34|0|135|0.0|3.2|135|89.8|27.0|0.01|0.01|43.4916|24.2035
03|36|0|135|0.0|3.2|135|89.8|27.0|0.01|0.01|43.4902|24.2035
03|37|0|135|0.0|3.2|135|89.7|27.0|0.01|0.01|43.4907|24.2035
03|38|0|135|1.6|3.2|135|89.8|27.0|0.01|0.01|43.4891|24.2035
03|39|0|135|0.0|3.2|135|89.8|27.0|0.01|0.01|43.4888|24.2035
03|40|0|135|0.0|3.2|135|89.8|27.0|0.01|0.01|43.4888|24.2035
03|41|0|135|0.0|3.2|135|89.7|27.0|0.01|0.01|43.4883|24.2035
03|42|0|135|0.0|3.2|135|89.8|27.0|0.01|0.01|43.4868|24.2035
03|43|0|90|0.0|4.4|90|89.8|27.0|0.01|0.01|43.4865|24.2035
03|44|0|90|0.0|4.4|90|89.9|27.0|0.01|0.01|43.4848|24.2035
03|45|0|90|1.5|4.4|90|89.9|27.0|0.01|0.01|43.4838|24.2035
03|46|0|90|0.0|4.4|90|90.0|27.0|0.01|0.01|43.4829|24.47
03|48|0|90|1.5|4.4|90|90.1|26.9|0.01|0.01|43.4782|23.482
03|49|0|45|2.9|4.4|90|90.2|26.9|0.01|0.01|43.4793|23.482
03|50|0|90|1.6|4.4|90|90.3|26.9|0.01|0.01|43.4795|23.482
03|51|0|90|1.5|4.4|90|90.4|26.9|0.01|0.01|43.4812|23.482
03|52|0|90|0.0|4.4|90|90.4|26.9|0.01|0.01|43.4821|23.482
03|53|0|90|0.0|4.4|90|90.5|26.8|0.01|0.01|43.4829|23.482
03|54|0|90|1.6|4.4|90|90.6|26.9|0.01|0.01|43.4875|23.482
03|56|0|158|1.5|4.4|90|90.6|26.9|0.01|0.01|43.4896|23.482
03|57|0|180|1.5|4.4|90|90.7|26.9|0.01|0.01|43.4906|23.482
03|59|0|180|0.0|4.4|90|90.8|26.9|0.01|0.01|43.4891|23.482
04|00|0|180|1.5|4.4|90|90.8|26.9|0.01|0.01|43.4895|23.482
04|01|0|135|1.6|4.4|90|90.9|26.9|0.01|0.01|43.4857|23.482
04|02|0|135|1.5|4.4|90|90.9|26.9|0.01|0.01|43.4858|23.482
04|03|0|135|1.5|4.4|90|90.9|26.9|0.01|0.01|43.4873|23.482
04|04|0|135|0.0|4.4|90|90.9|26.9|0.01|0.01|43.4885|23.482
04|05|0|135|1.5|4.4|90|91.0|26.9|0.01|0.01|43.4889|23.7446
04|06|0|135|0.0|4.4|90|90.9|26.9|0.01|0.01|43.4888|23.482
04|07|0|135|3.2|4.4|90|90.9|26.9|0.01|0.01|43.4896|23.482
04|08|0|135|0.0|4.4|90|90.9|26.9|0.01|0.01|43.4895|23.482
04|09|0|135|1.6|4.4|90|90.9|26.9|0.01|0.01|43.4899|23.482
04|10|0|135|1.5|4.4|90|90.8|26.9|0.01|0.01|43.4879|23.482
04|11|0|135|0.0|4.4|90|90.7|26.9|0.01|0.01|43.4891|23.482
04|12|0|135|0.0|4.4|90|90.7|26.9|0.01|0.01|43.4884|23.482
04|13|0|135|1.5|4.4|90|90.6|26.9|0.01|0.01|43.4869|23.482
04|14|0|135|0.0|4.4|90|90.6|26.8|0.01|0.01|43.4854|23.482
04|16|0|135|0.0|4.4|90|90.6|26.8|0.01|0.01|43.4858|23.482
04|17|0|135|1.5|4.4|90|90.5|26.9|0.01|0.01|43.4863|23.482
04|18|0|135|1.6|4.4|90|90.5|26.8|0.01|0.01|43.4848|23.482
04|19|0|135|1.5|4.4|90|90.5|26.8|0.02|0.02|43.4828|23.482
04|20|0|90|1.5|4.4|90|90.5|26.8|0.02|0.02|43.4837|23.482
04|21|0|135|1.6|4.4|90|90.4|26.8|0.02|0.02|43.4831|23.482
04|22|0|135|0.0|4.4|90|90.4|26.9|0.02|0.02|43.4838|23.482
04|23|0|135|1.5|4.4|90|90.3|26.8|0.02|0.02|43.4828|23.482
04|24|0|135|0.0|4.4|90|90.3|26.9|0.02|0.02|43.4843|23.482
04|26|0|135|0.0|4.4|90|90.2|26.8|0.03|0.03|43.4825|23.482
04|27|0|135|0.0|4.4|90|90.2|26.9|0.03|0.03|43.4836|23.482
04|28|0|135|0.0|4.4|90|90.2|26.8|0.02|0.03|43.4822|23.482
04|29|0|135|0.0|4.4|90|90.2|26.8|0.02|0.03|43.4816|23.482
04|30|0|135|0.0|4.4|90|90.2|26.9|0.02|0.03|43.4834|23.482
04|31|0|135|0.0|4.4|90|90.2|26.9|0.02|0.03|43.4848|23.482
04|32|0|135|1.6|4.4|90|90.3|26.9|0.02|0.03|43.482|23.482
04|33|0|135|0.0|4.4|90|90.3|26.9|0.02|0.03|43.4828|23.482
04|34|0|135|0.0|4.4|90|90.3|26.9|0.02|0.03|43.4824|23.482
04|35|0|135|0.0|4.4|90|90.3|26.9|0.02|0.03|43.4825|23.482
04|37|0|135|0.0|4.4|90|90.3|26.9|0.02|0.03|43.4824|23.482
04|38|0|135|0.0|4.4|90|90.3|26.9|0.02|0.03|43.4819|23.482
04|39|0|135|0.0|4.4|90|90.2|26.9|0.02|0.03|43.4821|23.482
04|40|0|135|0.0|4.4|90|90.2|26.9|0.02|0.03|43.4828|23.482
04|41|0|135|1.5|4.4|90|90.2|26.9|0.02|0.03|43.4829|23.482
04|42|0|135|0.0|4.4|90|90.1|26.9|0.02|0.03|43.4831|23.482
04|43|0|135|1.5|4.4|90|90.2|26.9|0.03|0.04|43.4825|23.482
04|44|0|135|0.0|4.4|90|90.1|26.8|0.03|0.04|43.4817|23.482
04|45|0|135|0.0|4.4|90|90.1|26.9|0.03|0.04|43.4827|23.482
04|46|0|135|0.0|4.4|90|90.1|26.8|0.03|0.04|43.4813|23.482
04|47|0|135|0.0|4.4|90|90.1|26.8|0.03|0.04|43.4829|23.482
04|49|0|135|0.0|4.4|90|90.1|26.8|0.04|0.05|43.4835|23.482
04|50|0|135|0.0|4.4|90|90.1|26.8|0.04|0.05|43.4851|23.482
04|51|0|135|0.0|4.4|90|90.1|26.8|0.04|0.05|43.4824|23.482
04|52|0|135|0.0|4.4|90|90.1|26.9|0.04|0.05|43.4835|23.482
04|53|0|135|0.0|4.4|90|90.1|26.8|0.04|0.05|43.4836|23.482
04|54|0|135|0.0|4.4|90|90.1|26.8|0.04|0.05|43.484|23.482
04|55|0|135|0.0|4.4|90|90.1|26.9|0.04|0.05|43.4857|23.482
04|57|0|135|1.5|4.4|90|90.1|26.8|0.04|0.05|43.4838|23.482
04|58|0|135|1.6|4.4|90|90.1|26.8|0.04|0.05|43.4854|23.482
04|59|0|135|0.0|4.4|90|90.1|26.8|0.04|0.05|43.4835|23.482
05|00|0|135|1.5|4.4|90|90.1|26.8|0.04|0.05|43.4851|23.482
05|01|0|135|0.0|4.4|90|90.1|26.8|0.04|0.05|43.4856|23.482
05|02|0|135|0.0|4.4|90|90.1|26.8|0.04|0.05|43.4838|23.482
05|03|0|135|1.5|4.4|90|90.1|26.8|0.04|0.05|43.4829|23.482
05|05|0|135|1.6|4.4|90|90.2|26.8|0.04|0.05|43.4842|23.482
05|06|0|135|1.5|4.4|90|90.2|26.8|0.04|0.05|43.4827|23.482
05|07|0|135|0.0|4.4|90|90.2|26.8|0.04|0.05|43.4832|23.482
05|08|0|135|0.0|4.4|90|90.3|26.8|0.04|0.05|43.4819|23.482
05|09|0|135|0.0|4.4|90|90.3|26.8|0.04|0.05|43.4826|23.482
05|10|0|135|0.0|4.4|90|90.3|26.7|0.04|0.05|43.4799|23.482
05|11|0|135|0.0|4.4|90|90.4|26.8|0.04|0.05|43.4809|23.482
05|12|0|135|1.5|4.4|90|90.4|26.8|0.04|0.05|43.4796|23.482
05|13|0|90|1.5|4.4|90|90.4|26.8|0.04|0.05|43.4801|23.482
05|14|0|90|1.5|4.4|90|90.4|26.8|0.04|0.05|43.4805|23.482
05|15|0|90|0.0|4.4|90|90.4|26.8|0.04|0.05|43.4776|23.482
05|17|0|90|0.0|4.4|90|90.4|26.8|0.04|0.05|43.4799|23.482
05|18|0|90|0.0|4.4|90|90.4|26.8|0.04|0.05|43.4799|23.482
05|19|0|90|0.0|4.4|90|90.4|26.8|0.03|0.05|43.4799|23.482
05|20|0|90|0.0|4.4|90|90.4|26.8|0.03|0.05|43.4806|23.482
05|21|0|90|0.0|4.4|90|90.4|26.8|0.03|0.05|43.4826|23.482
05|23|0|158|1.5|4.4|90|90.4|26.8|0.04|0.07|43.4826|23.482
05|24|0|180|1.5|4.4|90|90.4|26.8|0.03|0.07|43.4831|23.482
05|25|0|180|0.0|4.4|90|90.5|26.8|0.03|0.07|43.4832|23.482
05|26|0|180|1.5|4.4|90|90.5|26.8|0.03|0.07|43.485|23.482
05|27|0|180|1.6|4.4|90|90.5|26.8|0.03|0.07|43.4861|23.482
05|28|0|180|1.5|4.4|90|90.5|26.8|0.03|0.07|43.4867|23.482
05|29|0|135|0.0|4.4|90|90.5|26.8|0.03|0.07|43.4837|23.482
05|30|0|135|1.6|4.4|90|90.5|26.8|0.03|0.07|43.4876|23.482
05|31|0|135|1.5|4.4|90|90.6|26.7|0.03|0.07|43.4838|23.482
05|32|0|135|1.5|4.4|90|90.6|26.7|0.03|0.07|43.4825|23.482
05|33|0|135|1.5|4.4|90|90.7|26.7|0.03|0.07|43.4854|23.482
05|34|0|135|1.5|4.4|90|90.8|26.7|0.03|0.07|43.4848|23.482
05|36|0|135|0.0|4.4|90|90.8|26.7|0.03|0.07|43.4848|23.482
05|38|0|135|0.0|4.4|90|90.8|26.7|0.03|0.07|43.4843|23.482
05|39|0|135|0.0|4.4|90|90.9|26.7|0.03|0.07|43.4845|23.482
05|40|0|135|1.5|4.4|90|90.9|26.7|0.03|0.07|43.4828|23.482
05|41|0|135|0.0|4.4|90|90.9|26.7|0.03|0.07|43.487|23.482
05|42|0|135|0.0|4.4|90|90.9|26.7|0.02|0.07|43.4853|23.482
05|44|0|135|2.9|4.4|90|91.1|26.7|0.02|0.07|43.484|23.7446
05|45|0|135|1.5|4.4|90|91.2|26.7|0.02|0.07|43.485|23.7446
05|46|0|135|1.6|4.4|90|91.2|26.7|0.02|0.07|43.4869|23.7446
05|47|0|135|0.0|4.4|90|91.2|26.7|0.02|0.07|43.486|23.7446
05|48|0|135|2.9|4.4|90|91.2|26.7|0.02|0.07|43.4845|23.7446
05|49|0|135|1.5|4.4|90|91.3|26.6|0.01|0.07|43.4845|23.7446
05|50|0|135|0.0|4.4|90|91.2|26.6|0.01|0.07|43.484|23.7446
05|51|0|135|1.6|4.4|90|91.3|26.6|0.01|0.07|43.4838|23.7446
05|52|0|135|1.5|4.4|90|91.3|26.6|0.01|0.07|43.4835|23.7446
05|53|0|135|1.5|4.4|90|91.2|26.6|0.01|0.07|43.4831|23.7446
05|54|0|113|0.0|4.4|90|91.3|26.7|0.01|0.07|43.4822|23.7446
05|56|0|135|1.6|4.4|90|91.3|26.7|0.01|0.07|43.4831|23.7446
05|57|0|135|2.9|4.4|90|91.3|26.7|0.01|0.07|43.4838|23.7446
05|59|0|135|0.0|4.4|90|91.2|26.7|0.01|0.07|43.4853|23.7446
06|00|0|135|0.0|4.4|90|91.2|26.7|0.01|0.07|43.4837|23.7446
06|01|0|135|0.0|4.4|90|91.2|26.7|0.01|0.07|43.4827|23.7446
06|02|0|135|0.0|4.4|90|91.2|26.7|0.01|0.07|43.4828|23.7446
06|03|0|135|0.0|4.4|90|91.2|26.7|0.01|0.07|43.4817|23.7446
06|04|0|135|1.5|4.4|90|91.2|26.7|0.01|0.07|43.4815|23.7446
06|05|0|135|0.0|4.4|90|91.2|26.7|0.01|0.07|43.4799|23.7446
06|06|0|135|1.5|4.4|90|91.2|26.7|0.01|0.07|43.4795|23.7446
06|07|0|135|1.5|4.4|90|91.2|26.7|0.01|0.07|43.4824|23.7446
06|08|0|135|1.5|4.4|90|91.1|26.7|0.01|0.07|43.4822|23.7446
06|09|0|135|0.0|4.4|90|91.1|26.7|0.01|0.07|43.4831|23.7446
06|10|0|135|0.0|4.4|90|91.1|26.7|0.01|0.07|43.4827|23.7446
06|11|0|135|1.5|4.4|90|91.1|26.7|0.01|0.07|43.4834|23.7446
06|12|0|135|1.6|4.4|90|91.1|26.7|0.01|0.07|43.4832|23.7446
06|13|0|135|1.5|4.4|90|91.1|26.7|0.01|0.07|43.4817|23.7446
06|14|0|135|1.5|4.4|90|91.1|26.7|0.01|0.07|43.4833|23.7446
06|15|0|135|0.0|4.4|90|91.1|26.7|0.01|0.07|43.4831|23.7446
06|17|0|135|0.0|4.4|90|91.1|26.7|0.01|0.07|43.4842|23.7446
06|18|0|135|0.0|4.4|90|91.1|26.7|0.01|0.07|43.4833|23.7446
06|19|0|135|0.0|4.4|90|91.1|26.7|0.01|0.07|43.4845|23.7446
06|20|0|135|1.5|4.4|90|91.1|26.7|0.01|0.07|43.4827|23.7446
06|21|0|135|1.5|4.4|90|91.1|26.7|0.00|0.07|43.4842|23.7446
06|22|0|135|1.6|4.4|90|91.1|26.6|0.00|0.07|43.4831|23.7446
06|23|0|135|1.5|4.4|90|91.1|26.6|0.00|0.07|43.4838|23.7446
06|24|0|135|1.6|4.4|90|91.1|26.6|0.01|0.08|43.4869|23.7446
06|25|0|135|1.5|4.4|90|91.1|26.6|0.01|0.08|43.4858|23.7446
06|26|0|135|1.5|4.4|90|91.1|26.6|0.01|0.08|43.4852|23.7446
06|27|0|135|1.5|4.4|90|91.1|26.6|0.01|0.08|43.486|23.7446
06|28|0|135|1.5|4.4|90|91.1|26.6|0.01|0.08|43.4849|23.7446
06|29|0|135|1.5|4.4|90|91.1|26.5|0.01|0.08|43.4857|23.7446
06|30|0|135|0.0|4.4|90|91.1|26.5|0.01|0.08|43.4854|23.7446
06|31|0|135|1.5|4.4|90|91.1|26.5|0.01|0.08|43.4845|23.7446
06|32|0|135|0.0|4.4|90|91.1|26.6|0.01|0.08|43.4863|23.7446
06|33|0|135|1.6|4.4|90|91.1|26.5|0.01|0.08|43.4845|23.7446
06|34|0|135|0.0|4.4|90|91.1|26.6|0.01|0.08|43.485|23.7446
06|35|0|135|0.0|4.4|90|91.1|26.6|0.01|0.08|43.4827|23.7446
06|38|0|135|0.0|4.4|90|91.1|26.6|0.01|0.08|43.484|23.7446
06|39|0|135|0.0|4.4|90|91.0|26.6|0.01|0.08|43.4835|23.7446
06|40|0|135|1.5|4.4|90|91.0|26.6|0.01|0.08|43.4831|23.7446
06|42|0|135|0.0|4.4|90|91.0|26.6|0.01|0.08|43.4828|23.7446
06|43|0|135|0.0|4.4|90|90.9|26.6|0.01|0.08|43.4826|23.482
06|44|0|90|0.0|4.4|90|90.9|26.6|0.01|0.08|43.4815|23.482
06|45|0|90|0.0|4.4|90|90.9|26.6|0.01|0.08|43.4819|23.482
06|46|0|90|0.0|4.4|90|90.9|26.6|0.01|0.08|43.4825|23.482
06|47|0|90|0.0|4.4|90|90.8|26.6|0.01|0.08|43.4829|23.482
06|48|0|90|0.0|4.4|90|90.8|26.6|0.01|0.08|43.4817|23.482
06|49|0|90|0.0|4.4|90|90.8|26.6|0.01|0.08|43.4824|23.482
06|50|0|90|0.0|4.4|90|90.7|26.6|0.01|0.08|43.4812|23.482
06|51|0|90|0.0|4.4|90|90.7|26.6|0.01|0.08|43.4825|23.482
06|52|0|90|0.0|4.4|90|90.6|26.6|0.01|0.08|43.482|23.482
06|53|0|90|0.0|4.4|90|90.6|26.6|0.01|0.08|43.4829|23.482
06|54|0|90|0.0|4.4|90|90.5|26.6|0.02|0.09|43.4835|23.482
06|55|0|90|1.6|4.4|90|90.4|26.6|0.03|0.10|43.4844|23.482
06|56|0|68|0.0|4.4|90|90.4|26.6|0.03|0.10|43.4851|23.482
06|57|0|90|0.0|4.4|90|90.3|26.6|0.03|0.10|43.4864|23.482
06|58|0|90|0.0|4.4|90|90.3|26.6|0.04|0.11|43.487|23.482
07|00|0|90|0.0|4.4|90|90.2|26.5|0.04|0.11|43.4868|23.482
07|02|0|90|0.0|4.4|90|90.2|26.5|0.05|0.12|43.4881|23.482
07|03|0|90|1.6|4.4|90|90.2|26.5|0.05|0.12|43.4867|23.482
07|04|0|90|0.0|4.4|90|90.1|26.5|0.05|0.12|43.4861|23.482
07|05|0|90|0.0|4.4|90|90.1|26.5|0.05|0.12|43.487|23.482
07|06|0|90|0.0|4.4|90|90.1|26.5|0.05|0.12|43.4856|23.482
07|07|0|90|1.5|4.4|90|90.1|26.5|0.05|0.12|43.4872|23.482
07|08|0|90|0.0|4.4|90|90.0|26.5|0.05|0.12|43.4872|23.482
07|09|0|90|1.5|4.4|90|90.0|26.5|0.05|0.12|43.4849|23.482
07|10|0|90|1.5|4.4|90|90.0|26.5|0.05|0.12|43.4877|23.482
07|11|0|90|1.5|4.4|90|89.9|26.5|0.05|0.12|43.4864|23.2167
07|12|0|90|0.0|4.4|90|89.9|26.5|0.05|0.12|43.486|23.2167
07|13|0|90|0.0|4.4|90|89.8|26.5|0.05|0.12|43.4879|23.2167
07|14|0|90|0.0|4.4|90|89.8|26.5|0.05|0.12|43.4881|23.2167
07|15|0|90|1.5|4.4|90|89.8|26.5|0.05|0.12|43.4881|23.2167
07|16|0|90|0.0|4.4|90|89.8|26.5|0.05|0.12|43.4886|23.2167
07|17|0|90|0.0|4.4|90|89.8|26.5|0.05|0.12|43.4868|23.2167
07|19|0|90|0.0|4.4|90|89.8|26.5|0.05|0.12|43.4881|23.2167
07|20|0|90|0.0|4.4|90|89.9|26.5|0.05|0.12|43.4881|23.2167
07|21|0|90|0.0|4.4|90|89.9|26.5|0.05|0.12|43.4872|23.2167
07|22|0|90|0.0|4.4|90|90.0|26.5|0.05|0.12|43.4873|23.482
07|23|0|90|0.0|4.4|90|90.0|26.6|0.05|0.13|43.4884|23.482
07|24|0|90|0.0|4.4|90|90.0|26.6|0.05|0.13|43.4876|23.482
07|25|0|90|0.0|4.4|90|90.0|26.6|0.05|0.13|43.4854|23.482
07|26|0|90|0.0|4.4|90|89.9|26.6|0.05|0.13|43.4881|23.2167
07|27|0|90|0.0|4.4|90|89.9|26.6|0.05|0.13|43.4876|23.2167
07|28|0|90|0.0|4.4|90|89.8|26.7|0.05|0.13|43.4905|23.2167
07|29|0|90|0.0|4.4|90|89.8|26.7|0.05|0.13|43.4891|23.2167
07|30|0|90|0.0|4.4|90|89.8|26.7|0.05|0.13|43.4896|23.2167
07|31|0|90|0.0|4.4|90|89.7|26.7|0.05|0.13|43.4888|23.2167
07|32|0|90|0.0|4.4|90|89.7|26.8|0.05|0.13|43.4921|23.2167
07|33|0|90|0.0|4.4|90|89.7|26.8|0.05|0.13|43.4922|23.2167
07|34|0|90|0.0|4.4|90|89.6|26.8|0.05|0.13|43.4912|23.2167
07|35|0|90|1.5|4.4|90|89.6|26.8|0.05|0.13|43.4924|23.2167
07|36|0|90|0.0|4.4|90|89.6|26.8|0.05|0.13|43.4928|23.2167
07|37|0|90|1.6|4.4|90|89.6|26.8|0.05|0.13|43.4934|23.2167
07|38|0|90|1.5|4.4|90|89.6|26.8|0.05|0.13|43.4939|23.2167
07|41|0|90|0.0|4.4|90|89.6|26.9|0.05|0.13|43.4952|23.2167
07|42|0|90|0.0|4.4|90|89.7|26.9|0.05|0.13|43.496|23.2167
07|43|0|90|0.0|4.4|90|89.7|27.0|0.05|0.13|43.4971|24.2035
07|44|0|90|0.0|4.4|90|89.7|27.0|0.05|0.13|43.4986|24.2035
07|45|0|90|0.0|4.4|90|89.6|27.2|0.05|0.13|43.4988|24.2035
07|46|0|90|0.0|4.4|90|89.6|27.2|0.05|0.13|43.4987|24.2035
07|47|0|90|0.0|4.4|90|89.6|27.2|0.05|0.13|43.4984|24.2035
07|48|0|90|0.0|4.4|90|89.6|27.3|0.05|0.13|43.4993|24.2035
07|49|0|90|0.0|4.4|90|89.6|27.3|0.05|0.13|43.4981|24.2035
07|50|0|90|0.0|4.4|90|89.6|27.4|0.05|0.13|43.4984|24.2035
07|51|0|90|0.0|4.4|90|89.5|27.4|0.05|0.13|43.498|24.2035
07|52|0|90|1.5|4.4|90|89.5|27.5|0.05|0.13|43.4992|24.2035
07|53|0|90|0.0|4.4|90|89.5|27.5|0.05|0.13|43.497|24.2035
07|54|0|135|0.0|4.4|90|89.4|27.6|0.03|0.13|43.4986|24.2035
07|55|0|135|1.5|4.4|90|89.3|27.6|0.03|0.13|43.4976|24.2035
07|56|0|135|0.0|4.4|90|89.2|27.7|0.03|0.13|43.4986|24.2035
07|57|0|135|0.0|4.4|90|89.1|27.7|0.03|0.13|43.4979|24.2035
07|58|0|90|1.5|4.4|90|89.0|27.7|0.02|0.13|43.497|24.2035
07|59|0|90|1.5|4.4|90|88.8|27.8|0.03|0.14|43.496|23.9343
08|01|0|90|1.5|4.4|90|88.7|27.8|0.03|0.14|43.4965|23.9343
08|02|0|90|1.5|4.4|90|88.4|27.8|0.02|0.14|43.4965|23.9343
08|03|0|90|1.6|4.4|90|88.2|28.0|0.02|0.14|43.4969|24.9198
08|04|0|90|1.5|4.4|90|88.2|28.0|0.02|0.14|43.4983|24.9198
08|05|0|90|0.0|4.4|90|88.1|28.0|0.02|0.14|43.4978|24.9198
08|06|0|90|0.0|4.4|90|88.2|28.1|0.02|0.14|43.4969|24.9198
08|08|0|90|1.6|4.4|90|88.2|28.2|0.02|0.14|43.4971|24.9198
08|09|0|135|0.0|4.4|90|88.2|28.3|0.02|0.14|43.4951|24.9198
08|10|0|90|1.5|4.4|90|88.1|28.3|0.02|0.14|43.4916|24.9198
08|11|0|90|1.5|4.4|90|87.9|28.4|0.02|0.14|43.4897|24.6466
08|12|0|135|0.0|4.4|90|87.6|28.4|0.02|0.14|43.4891|24.6466
08|13|0|90|1.5|4.4|90|87.4|28.5|0.02|0.14|43.489|24.6466
08|14|0|90|0.0|4.4|90|87.3|28.5|0.02|0.14|43.4879|24.6466
08|15|0|90|0.0|4.4|90|87.1|28.5|0.02|0.14|43.4889|24.6466
08|16|0|90|0.0|4.4|90|87.1|28.6|0.02|0.14|43.4897|24.6466
08|17|0|90|1.5|4.4|90|87.1|28.7|0.02|0.14|43.4902|24.6466
08|18|0|90|0.0|4.4|90|87.1|28.7|0.02|0.14|43.4911|24.6466
08|19|0|90|0.0|4.4|90|87.1|28.8|0.02|0.14|43.4927|24.6466
08|20|0|90|0.0|4.4|90|87.0|29.0|0.02|0.14|43.494|25.6308
08|21|0|90|0.0|4.4|90|86.9|29.1|0.02|0.14|43.4921|25.3535
08|23|0|90|1.5|4.4|90|86.6|29.2|0.02|0.15|43.493|25.3535
08|24|0|90|1.5|4.4|90|86.3|29.3|0.02|0.15|43.4935|25.3535
08|25|0|90|1.5|4.4|90|86.0|29.4|0.02|0.15|43.4945|25.3535
08|26|0|90|0.0|4.4|90|85.9|29.4|0.02|0.15|43.4947|25.0734
08|27|0|90|0.0|4.4|90|85.8|29.5|0.02|0.15|43.496|25.0734
08|28|0|90|0.0|4.4|90|85.8|29.6|0.02|0.15|43.4971|25.0734
08|29|0|90|0.0|4.4|90|85.8|29.6|0.02|0.15|43.497|25.0734
08|30|0|90|1.6|4.4|90|85.6|29.7|0.02|0.15|43.4969|25.0734
08|31|0|90|1.5|4.4|90|85.5|29.9|0.02|0.15|43.4978|25.0734
08|32|0|90|1.5|4.4|90|85.4|29.9|0.02|0.15|43.4971|25.0734
08|33|0|90|0.0|4.4|90|85.2|30.0|0.02|0.15|43.4962|26.0549
08|34|0|135|1.5|4.4|90|85.0|30.0|0.02|0.15|43.495|26.0549
08|35|0|90|1.5|4.4|90|84.5|30.1|0.02|0.15|43.4951|25.7705
08|36|0|135|0.0|4.4|90|84.0|30.1|0.02|0.15|43.4955|25.7705
08|38|0|113|0.0|4.4|90|83.8|30.2|0.02|0.15|43.4972|25.4831
08|40|0|113|0.0|4.4|90|83.4|30.3|0.02|0.15|43.4981|25.4831
08|41|0|90|1.5|4.4|90|83.3|30.3|0.02|0.15|43.4975|25.4831
08|42|0|90|0.0|4.4|90|83.2|30.3|0.02|0.15|43.4954|25.4831
08|44|0|90|0.0|4.4|90|83.1|30.3|0.02|0.15|43.4958|25.4831
08|45|0|90|1.5|4.4|90|82.9|30.4|0.02|0.15|43.4929|25.1925
08|46|0|90|0.0|4.4|90|82.4|30.4|0.02|0.15|43.4914|25.1925
08|47|0|90|0.0|4.4|90|82.1|30.5|0.02|0.15|43.49|25.1925
08|48|0|90|0.0|4.4|90|82.0|30.6|0.02|0.15|43.4899|25.1925
08|49|0|90|1.6|4.4|90|82.0|30.8|0.02|0.15|43.4913|25.1925
08|50|0|90|1.5|4.4|90|82.0|30.9|0.02|0.15|43.4854|25.1925
08|51|0|90|0.0|4.4|90|81.8|31.1|0.02|0.15|43.4843|25.875
08|52|0|90|0.0|4.4|90|81.6|31.5|0.02|0.15|43.4832|25.875
08|53|0|90|0.0|4.4|90|81.1|32.0|0.02|0.15|43.4831|26.851
08|54|0|90|0.0|4.4|90|80.6|32.3|0.02|0.15|43.4848|26.5514
08|55|0|90|0.0|4.4|90|80.0|32.8|0.02|0.15|43.4852|26.5514
08|56|0|90|0.0|4.4|90|79.4|33.2|0.02|0.15|43.4831|27.2216
08|58|0|135|0.0|4.4|90|78.2|33.8|0.02|0.15|43.4777|26.9137
08|59|0|135|2.9|4.4|90|76.9|33.9|0.01|0.15|43.4772|26.2874
09|00|0|90|0.0|4.4|90|75.5|34.0|0.01|0.15|43.4782|26.9362
09|01|0|90|1.5|4.4|90|75.0|34.2|0.01|0.15|43.4777|26.9362
09|02|0|90|1.6|4.4|90|74.1|34.5|0.01|0.15|43.4795|26.6123
09|03|0|180|0.0|4.4|90|73.9|34.6|0.01|0.15|43.4808|26.2844
09|05|0|180|1.5|4.4|90|74.1|34.9|0.01|0.15|43.4786|26.6123
09|06|0|180|0.0|4.4|90|74.1|35.3|0.01|0.15|43.4778|27.5781
09|07|0|135|2.9|4.4|90|73.6|35.5|0.01|0.15|43.4761|27.2488
09|08|0|135|1.6|4.4|90|72.2|35.6|0.01|0.15|43.4769|26.9154
09|11|0|180|1.5|4.4|90|72.0|36.2|0.02|0.17|43.4792|27.8781
09|12|0|135|1.6|4.4|90|71.3|36.6|0.02|0.17|43.4812|27.5391
09|13|0|113|2.9|4.4|90|69.4|37.0|0.02|0.17|43.4844|27.8062
09|16|0|135|1.5|4.4|90|66.9|37.7|0.02|0.17|43.4785|26.731
09|17|0|135|1.5|4.4|90|66.6|38.0|0.02|0.17|43.476|27.684
09|18|0|180|2.9|4.8|180|66.9|37.8|0.02|0.17|43.4773|26.731
09|19|0|135|1.6|4.8|180|67.1|37.8|0.02|0.17|43.4786|27.0941
09|20|0|135|1.5|4.8|180|66.8|38.0|0.02|0.17|43.4749|27.684
09|21|0|135|1.5|4.8|180|66.4|38.1|0.01|0.17|43.4739|27.684
09|22|0|135|1.6|4.8|180|65.6|38.2|0.01|0.17|43.4741|27.3143
09|23|0|90|2.9|4.8|180|65.0|38.2|0.01|0.17|43.4772|27.3143
09|24|0|90|1.5|4.8|180|64.5|37.7|0.01|0.17|43.4859|25.9899
09|26|0|90|1.6|4.8|180|65.1|37.4|0.01|0.17|43.4863|26.363
09|27|0|135|1.5|4.8|180|65.8|37.0|0.01|0.17|43.4892|26.363
09|28|0|135|1.6|4.8|180|66.2|36.6|0.01|0.17|43.482|25.7779
09|29|0|135|1.5|4.8|180|66.6|36.5|0.01|0.17|43.4791|25.7779
09|30|0|90|2.9|4.8|180|66.6|36.4|0.01|0.17|43.4775|25.7779
09|31|0|135|3.2|4.8|135|66.6|36.4|0.01|0.17|43.4796|25.7779
09|32|0|180|2.9|4.8|135|67.1|36.3|0.01|0.17|43.4775|26.1394
09|33|0|135|1.5|5.8|135|67.4|36.3|0.01|0.17|43.4755|26.1394
09|34|0|135|1.5|5.8|135|67.6|36.5|0.01|0.17|43.4777|26.1394
09|35|0|135|0.0|5.8|135|67.5|36.8|0.01|0.17|43.4813|26.1394
09|36|0|90|3.2|5.8|135|66.9|37.2|0.01|0.17|43.4778|26.731
09|37|0|135|2.9|5.8|135|65.7|37.4|0.02|0.18|43.4788|26.363
09|38|0|90|2.9|5.8|135|65.0|37.4|0.02|0.18|43.4786|26.363
09|39|0|90|1.6|5.8|135|64.7|37.6|0.03|0.19|43.481|25.9899
09|40|0|90|2.9|5.8|135|64.6|37.7|0.03|0.19|43.4793|25.9899
09|41|0|90|1.5|5.8|135|63.8|37.5|0.03|0.19|43.4811|25.6116
09|42|0|135|1.6|5.8|135|63.9|37.5|0.04|0.20|43.4847|25.6116
09|43|0|135|4.4|5.8|135|65.3|37.2|0.04|0.20|43.4921|26.363
09|44|0|180|2.9|5.8|135|66.3|36.7|0.04|0.20|43.49|25.7779
09|47|0|180|1.5|5.8|135|67.0|36.3|0.05|0.21|43.4851|26.1394
09|48|0|225|0.0|5.8|135|67.7|36.2|0.05|0.21|43.4875|26.1394
09|49|0|135|1.5|5.8|135|67.7|36.0|0.05|0.21|43.4854|26.1394
09|50|0|135|1.6|5.8|135|67.4|35.9|0.05|0.21|43.486|25.1846
09|51|0|135|1.5|5.8|135|67.2|35.8|0.05|0.21|43.4806|25.1846
09|53|0|45|1.6|5.8|135|67.6|35.6|0.05|0.21|43.4826|25.1846
09|54|0|45|1.5|5.8|135|67.3|35.5|0.05|0.21|43.4796|25.1846
09|55|0|45|1.5|5.8|135|67.2|35.5|0.07|0.22|43.4795|25.1846
09|56|0|45|1.5|5.8|135|67.4|35.4|0.07|0.22|43.4806|25.1846
09|57|0|90|0.0|5.8|135|67.8|35.3|0.07|0.22|43.4797|25.1846
09|58|0|45|1.6|5.8|135|67.9|35.3|0.07|0.22|43.4728|25.1846
09|59|0|45|1.5|5.8|135|67.7|35.5|0.07|0.22|43.4717|25.1846
10|00|0|90|2.9|5.8|135|67.9|35.5|0.07|0.22|43.4755|25.1846
10|01|0|90|2.9|5.8|135|68.1|35.4|0.07|0.22|43.4734|25.5397
10|02|0|90|1.5|5.8|135|68.3|35.4|0.07|0.22|43.4713|25.5397
10|03|0|45|1.6|5.8|135|68.7|35.5|0.07|0.22|43.472|25.5397
10|04|0|135|1.5|5.8|135|68.9|35.5|0.08|0.23|43.4731|25.5397
10|05|0|90|2.9|5.8|135|69.1|35.6|0.08|0.23|43.4727|25.8902
10|06|0|45|3.2|5.8|135|68.7|35.7|0.09|0.24|43.4728|25.5397
10|08|0|158|2.9|5.8|135|67.7|35.7|0.09|0.24|43.4724|25.1846
10|09|0|135|4.4|6.4|135|68.6|35.7|0.09|0.24|43.4721|25.5397
10|10|0|135|2.9|6.4|135|67.8|35.6|0.09|0.25|43.4722|25.1846
10|11|0|45|2.9|6.4|135|67.9|35.5|0.09|0.25|43.4728|25.1846
10|12|0|135|5.8|6.4|135|68.3|35.6|0.09|0.25|43.4714|25.5397
10|13|0|90|1.5|6.4|135|69.4|35.6|0.09|0.25|43.4737|25.8902
10|14|0|135|1.5|6.4|135|69.7|35.6|0.09|0.25|43.4755|25.8902
10|15|0|135|1.6|6.4|135|69.5|35.7|0.09|0.25|43.4794|25.8902
10|16|0|135|4.4|6.4|135|68.8|35.4|0.09|0.25|43.482|25.5397
10|17|0|135|1.6|6.4|135|69.0|35.2|0.09|0.25|43.4822|25.8902
10|18|0|180|2.9|6.4|135|69.9|35.0|0.09|0.25|43.4881|25.8902
10|19|0|135|2.9|6.4|135|70.7|34.9|0.09|0.25|43.488|25.2765
10|20|0|180|2.9|6.4|135|71.2|34.7|0.09|0.25|43.4874|25.6167
10|21|0|135|2.9|6.4|135|71.5|34.7|0.09|0.25|43.4884|25.6167
10|22|0|135|3.2|6.4|135|71.8|34.7|0.09|0.25|43.4885|25.6167
10|24|0|135|2.9|6.4|135|72.0|34.6|0.09|0.25|43.4874|25.9526
10|25|0|180|4.4|6.4|135|71.7|34.5|0.09|0.25|43.4864|25.6167
10|26|0|225|4.4|6.4|135|71.8|34.4|0.09|0.25|43.4869|25.6167
10|27|0|180|2.9|6.4|135|71.6|34.2|0.10|0.26|43.4889|25.6167
10|29|0|180|2.9|6.4|135|72.1|34.0|0.10|0.26|43.4951|25.9526
10|30|0|180|0.0|6.4|135|71.9|33.9|0.10|0.26|43.4965|24.6553
10|31|0|225|0.0|6.4|135|72.1|33.9|0.10|0.26|43.5002|24.9897
10|32|0|180|1.6|6.4|135|72.8|33.8|0.10|0.26|43.5009|24.9897
10|34|0|225|2.9|6.4|135|73.7|33.8|0.10|0.26|43.502|25.32
10|35|0|270|0.0|6.4|135|73.3|33.8|0.10|0.26|43.5033|25.32
10|36|0|225|2.9|6.4|135|72.9|33.8|0.09|0.26|43.5029|24.9897
10|37|0|135|1.5|6.4|135|73.2|33.7|0.09|0.26|43.504|25.32
10|38|0|135|0.0|6.4|135|72.5|33.7|0.09|0.26|43.5038|24.9897
10|39|0|135|1.5|6.4|135|72.0|33.6|0.08|0.26|43.5039|24.9897
10|40|0|135|1.5|6.4|135|72.2|33.6|0.08|0.26|43.5055|24.9897
10|41|0|135|0.0|6.4|135|72.1|33.5|0.08|0.26|43.5032|24.9897
10|42|0|180|1.6|6.4|135|72.3|33.3|0.07|0.26|43.5028|24.9897
10|44|0|135|5.8|6.4|135|72.9|33.2|0.07|0.26|43.5041|24.9897
10|45|0|135|4.4|6.4|135|72.7|33.0|0.07|0.26|43.505|24.9897
10|46|0|45|2.9|6.4|135|73.3|32.8|0.05|0.26|43.502|24.3555
10|47|0|135|2.9|6.4|135|73.9|32.7|0.05|0.26|43.5034|24.3555
10|48|0|135|4.4|6.4|135|74.8|32.5|0.05|0.26|43.5028|24.6804
10|49|0|135|3.2|6.4|135|75.7|32.2|0.05|0.26|43.5015|25.0013
10|50|0|180|2.9|6.4|135|76.5|32.1|0.05|0.26|43.5002|25.3185
10|51|0|135|3.2|6.4|135|76.4|31.9|0.05|0.26|43.4996|24.3495
10|52|0|135|5.8|6.4|135|76.7|31.8|0.05|0.26|43.498|24.3495
10|53|0|135|5.8|6.4|135|77.3|31.5|0.05|0.26|43.4983|24.6616
10|54|0|135|5.8|6.4|135|77.9|31.4|0.05|0.26|43.4987|24.6616
10|55|0|158|2.9|6.4|135|78.3|31.2|0.04|0.26|43.4991|24.9701
10|56|0|135|4.4|6.5|135|78.4|31.1|0.04|0.26|43.4963|24.9701
10|57|0|180|2.9|6.5|135|78.6|31.0|0.04|0.26|43.4938|24.9701
10|58|0|135|5.8|7.3|135|79.4|31.0|0.04|0.26|43.4951|25.2751
10|59|0|135|3.2|7.3|135|79.9|30.9|0.04|0.26|43.4939|24.3017
11|00|0|135|2.9|7.3|135|80.3|31.0|0.04|0.26|43.4931|25.5767
11|01|0|90|1.6|7.3|135|80.5|30.9|0.04|0.26|43.4924|24.602
11|02|0|135|1.5|7.3|135|80.5|30.9|0.04|0.26|43.4922|24.602
11|04|0|135|2.9|7.3|135|80.9|30.9|0.04|0.26|43.4929|24.602
11|05|0|135|2.9|7.3|135|81.2|30.9|0.03|0.26|43.4912|24.8989
11|06|0|180|2.9|7.3|135|80.9|30.9|0.02|0.26|43.4944|24.602
11|07|0|135|5.8|7.3|135|81.1|30.8|0.02|0.26|43.4946|24.8989
11|08|0|135|1.6|7.3|135|80.7|30.6|0.02|0.26|43.4954|24.602
11|09|0|135|1.5|7.3|135|81.2|30.6|0.01|0.26|43.4964|24.8989
11|10|0|135|4.8|7.3|135|81.2|30.6|0.01|0.26|43.4961|24.8989
11|11|0|135|4.4|7.3|135|81.1|30.4|0.01|0.26|43.4958|24.8989
11|12|0|135|2.9|7.3|135|81.2|30.4|0.01|0.26|43.4975|24.8989
11|13|0|135|1.6|7.3|135|81.2|30.4|0.01|0.26|43.4978|24.8989
11|14|0|135|2.9|7.3|135|81.6|30.3|0.01|0.26|43.4977|24.8989
11|15|0|180|4.8|7.3|135|82.0|30.3|0.01|0.26|43.4968|25.1925
11|16|0|135|2.9|7.3|135|82.3|30.3|0.02|0.28|43.4954|25.1925
11|17|0|158|2.9|7.3|135|82.3|30.4|0.02|0.28|43.496|25.1925
11|18|0|135|2.9|7.3|135|82.7|30.4|0.02|0.28|43.4951|25.1925
11|19|0|180|2.9|7.3|135|82.9|30.4|0.02|0.28|43.4952|25.1925
11|20|0|135|2.9|7.3|135|82.3|30.3|0.02|0.28|43.4947|25.1925
11|21|0|135|4.4|7.3|135|82.1|30.3|0.02|0.28|43.4942|25.1925
11|22|0|135|2.9|7.3|135|82.0|30.3|0.03|0.29|43.4928|25.1925
11|23|0|135|1.5|7.3|135|82.2|30.4|0.03|0.29|43.495|25.1925
11|25|0|135|2.9|7.3|135|81.9|30.5|0.03|0.29|43.4944|24.8989
11|26|0|135|1.6|7.3|135|82.2|30.6|0.03|0.29|43.495|25.1925
11|27|0|90|2.9|7.3|135|82.8|30.6|0.02|0.29|43.4902|25.1925
11|28|0|90|1.6|7.3|135|82.4|30.8|0.02|0.29|43.4913|25.1925
11|29|0|68|3.2|7.3|135|82.3|30.9|0.02|0.29|43.4907|25.1925
11|30|0|90|2.9|7.3|135|81.5|30.9|0.02|0.29|43.4914|24.8989
11|31|0|180|3.2|7.3|135|81.6|31.0|0.02|0.29|43.4922|25.875
11|32|0|113|1.5|7.3|135|82.2|31.1|0.02|0.29|43.4937|26.17
11|33|0|180|4.4|7.3|135|82.7|31.1|0.02|0.29|43.4928|26.17
11|34|0|90|1.5|7.3|135|82.6|31.2|0.02|0.29|43.4911|26.17
11|35|0|135|2.9|7.3|135|82.2|31.2|0.02|0.29|43.4902|26.17
11|36|0|135|1.6|7.3|135|82.4|31.3|0.02|0.29|43.4912|26.17
11|38|0|135|3.2|8.7|135|81.8|31.2|0.02|0.29|43.4888|25.875
11|39|0|90|2.9|8.7|135|81.7|31.2|0.02|0.29|43.4892|25.875
11|40|0|135|4.4|8.7|135|81.6|31.1|0.02|0.29|43.4892|25.875
11|41|0|135|4.8|8.7|135|81.9|31.1|0.02|0.29|43.4881|25.875
11|42|0|135|2.9|8.7|135|81.2|31.0|0.02|0.29|43.4875|25.875
11|43|0|135|1.6|8.7|135|81.5|31.1|0.02|0.29|43.4899|25.875
11|44|0|135|4.4|8.7|135|82.1|31.1|0.02|0.29|43.4876|26.17
11|45|0|135|2.9|8.7|135|81.7|31.1|0.02|0.29|43.488|25.875
11|47|0|90|1.5|8.7|135|81.0|31.0|0.02|0.29|43.486|25.875
11|48|0|90|2.9|8.7|135|80.3|30.9|0.02|0.29|43.4843|24.602
11|49|0|135|4.8|8.7|135|80.1|30.9|0.03|0.30|43.4837|24.602
11|50|0|135|4.4|8.7|135|80.3|30.8|0.03|0.30|43.4819|24.602
11|51|0|135|7.3|8.7|135|79.3|30.6|0.04|0.31|43.4812|24.3017
11|52|0|135|2.9|8.7|135|79.1|30.5|0.04|0.31|43.4817|24.3017
11|53|0|135|4.4|8.7|135|79.8|30.5|0.04|0.31|43.4786|24.3017
11|54|0|113|1.5|8.7|135|80.0|30.5|0.04|0.31|43.4822|24.602
11|55|0|45|1.6|8.7|135|80.7|30.5|0.04|0.31|43.4795|24.602
11|56|0|135|1.5|8.7|135|80.0|30.5|0.04|0.31|43.4801|24.602
11|57|0|90|1.6|8.7|135|80.4|30.6|0.04|0.31|43.4788|24.602
11|59|0|135|4.4|8.7|135|80.6|30.8|0.04|0.31|43.4781|24.602
12|00|0|90|1.5|8.7|135|79.6|30.9|0.04|0.31|43.4734|24.3017
12|01|0|135|4.8|8.7|135|78.0|31.0|0.04|0.31|43.4723|24.9701
12|02|0|180|1.5|8.7|135|77.5|31.3|0.04|0.31|43.4706|24.6616
12|05|0|135|2.9|8.7|135|77.1|32.3|0.04|0.31|43.4676|25.632
12|08|0|135|1.5|8.7|135|74.1|32.8|0.04|0.31|43.4574|24.6804
12|09|0|135|1.5|8.7|135|73.0|33.0|0.04|0.31|43.4564|25.32
12|10|0|90|1.5|8.7|135|72.9|33.1|0.04|0.31|43.4539|24.9897
12|11|0|135|5.8|8.7|135|72.4|33.3|0.04|0.31|43.4489|24.9897
12|12|0|135|4.4|8.7|135|71.2|33.6|0.04|0.31|43.4502|24.6553
12|13|0|135|2.9|8.7|135|71.2|33.7|0.04|0.31|43.4482|24.6553
12|14|0|158|4.4|8.7|135|71.2|34.0|0.04|0.31|43.445|25.6167
12|15|0|135|2.9|8.7|135|70.7|34.4|0.04|0.31|43.4407|25.2765
12|17|0|135|2.9|8.7|135|71.0|34.9|0.03|0.31|43.4395|25.6167
12|18|0|180|4.8|8.7|135|72.4|35.2|0.03|0.31|43.4385|26.9154
12|20|0|135|2.9|8.7|135|72.5|35.9|0.03|0.31|43.4463|26.9154
12|22|0|90|2.9|8.7|135|72.8|36.5|0.02|0.31|43.4497|27.8781
12|23|0|90|2.9|8.7|135|71.2|36.5|0.02|0.31|43.4558|27.5391
12|24|0|113|2.9|8.7|135|68.2|36.3|0.02|0.31|43.4526|26.4961
12|25|0|135|4.4|8.7|135|68.5|36.0|0.02|0.31|43.4479|26.4961
12|26|0|135|3.2|8.7|135|69.5|36.0|0.02|0.31|43.4484|26.8482
12|28|0|135|4.4|8.7|135|70.6|36.0|0.02|0.31|43.4506|27.1959
12|29|0|135|5.8|8.7|135|69.7|35.9|0.02|0.31|43.4468|25.8902
12|30|0|180|5.8|8.7|135|67.9|35.7|0.02|0.31|43.4452|25.1846
12|31|0|90|1.5|8.7|135|67.5|35.7|0.02|0.31|43.446|25.1846
12|32|0|135|2.9|8.7|135|66.4|35.7|0.02|0.31|43.4473|24.8247
12|33|0|203|2.9|8.7|135|67.4|35.7|0.02|0.31|43.4467|25.1846
12|34|0|135|1.5|8.7|135|69.1|35.7|0.02|0.31|43.4518|25.8902
12|35|0|135|1.5|8.7|135|68.4|35.7|0.02|0.31|43.4525|25.5397
12|37|0|225|1.5|8.7|135|67.2|35.8|0.02|0.31|43.4534|25.1846
12|38|0|225|0.0|8.7|135|67.9|35.8|0.02|0.31|43.4523|25.1846
12|39|0|135|2.9|8.7|135|68.5|35.9|0.02|0.31|43.4545|25.5397
12|40|0|180|0.0|8.7|135|67.4|35.9|0.02|0.31|43.4519|25.1846
12|41|0|135|2.9|8.7|135|67.5|36.0|0.02|0.31|43.4539|26.1394
12|43|0|90|2.9|8.7|135|68.3|36.0|0.02|0.31|43.4515|26.4961
12|44|0|90|1.5|8.7|135|64.7|35.9|0.02|0.31|43.4486|24.0903
12|47|0|135|2.9|8.7|135|66.7|35.8|0.02|0.31|43.4495|24.8247
12|48|0|135|1.5|8.7|135|68.4|35.7|0.01|0.31|43.4462|25.5397
12|49|0|135|1.5|8.7|135|69.1|35.6|0.01|0.31|43.4451|25.8902
12|50|0|90|2.9|8.7|135|69.5|35.7|0.00|0.31|43.4432|25.8902
12|51|0|68|5.8|8.7|135|67.9|35.6|0.00|0.31|43.4431|25.1846
12|52|0|90|2.9|8.7|135|66.4|35.5|0.00|0.31|43.4412|24.8247
12|53|0|135|3.2|8.7|135|68.1|35.5|0.00|0.31|43.4383|25.5397
12|54|0|135|2.9|8.7|135|68.0|35.6|0.00|0.31|43.4398|25.5397
12|55|0|135|3.2|8.7|135|67.0|35.6|0.00|0.31|43.4395|25.1846
12|56|0|135|1.5|8.7|135|68.3|35.8|0.00|0.31|43.4437|25.5397
12|57|0|90|3.2|8.7|135|68.9|35.9|0.00|0.31|43.4444|25.5397
12|58|0|135|3.2|8.7|135|68.5|36.0|0.00|0.31|43.4455|26.4961
12|59|0|135|4.4|8.7|135|69.5|36.2|0.00|0.31|43.4438|26.8482
13|00|0|90|3.2|8.7|135|69.5|36.4|0.00|0.31|43.4419|26.8482
13|01|0|180|2.9|8.7|135|70.1|36.5|0.00|0.31|43.4379|27.1959
13|02|0|113|2.9|8.7|135|68.0|36.6|0.00|0.31|43.4386|26.4961
13|03|0|135|3.2|8.7|135|67.4|36.7|0.00|0.31|43.4362|26.1394
13|05|0|90|1.5|8.7|135|68.4|37.0|0.00|0.31|43.4374|27.4525
13|06|0|135|2.9|8.7|135|68.8|37.0|0.00|0.31|43.4365|27.4525
13|07|0|180|3.2|8.7|135|69.2|36.8|0.00|0.31|43.4373|26.8482
13|08|0|90|2.9|8.7|135|67.9|36.8|0.00|0.31|43.4362|26.1394
13|09|0|45|3.2|8.7|135|67.3|36.7|0.00|0.31|43.4401|26.1394
13|10|0|45|4.4|8.7|135|66.4|36.3|0.00|0.31|43.4438|25.7779
13|11|0|90|8.7|8.7|135|66.8|35.9|0.00|0.31|43.4411|24.8247
13|12|0|90|4.4|8.7|135|67.6|35.6|0.00|0.31|43.4376|25.1846
13|14|0|68|5.8|8.7|135|71.5|35.2|0.00|0.31|43.4321|26.578
13|15|0|45|7.3|8.7|135|71.1|34.8|0.00|0.31|43.4302|25.6167
13|16|0|113|5.8|8.7|135|71.5|34.7|0.00|0.31|43.4326|25.6167
13|17|0|135|2.9|8.7|135|72.8|34.6|0.00|0.31|43.4339|25.9526
13|18|0|135|5.8|8.7|135|72.6|34.2|0.00|0.31|43.4335|25.9526
13|19|0|90|4.8|8.7|135|74.4|34.2|0.00|0.31|43.4359|26.6123
13|20|0|90|5.8|8.7|135|72.8|34.0|0.00|0.31|43.4362|25.9526
13|21|0|113|1.6|8.7|135|72.5|34.0|0.00|0.31|43.4359|25.9526
13|22|0|135|11.6|11.6|135|73.9|33.9|0.00|0.31|43.4353|25.32
13|23|0|90|3.2|13.1|135|73.8|33.8|0.00|0.31|43.4382|25.32
13|24|0|135|4.4|13.1|135|74.5|33.8|0.00|0.31|43.4372|25.6464
13|25|0|180|4.4|13.1|135|74.9|33.7|0.00|0.31|43.4375|25.6464
13|27|0|90|10.2|14.5|135|74.1|33.6|0.00|0.31|43.4366|25.6464
13|28|0|158|4.4|14.5|135|74.8|33.5|0.00|0.31|43.4365|25.6464
13|29|0|135|4.4|14.5|135|75.3|33.5|0.00|0.31|43.4381|25.9688
13|30|0|90|5.8|14.5|135|75.6|33.3|0.00|0.31|43.4404|25.9688
13|31|0|90|3.2|14.5|135|75.8|33.3|0.00|0.31|43.4404|25.9688
13|32|0|90|2.9|14.5|135|76.8|33.5|0.00|0.31|43.4413|26.2874
13|33|0|180|1.6|14.5|135|76.9|33.5|0.00|0.31|43.4402|26.2874
13|34|0|135|4.4|14.5|135|77.8|33.6|0.00|0.31|43.4412|26.6024
13|35|0|135|6.4|14.5|135|77.8|33.6|0.00|0.31|43.4406|26.6024
13|36|0|135|6.4|14.5|135|77.6|33.5|0.00|0.31|43.4387|26.6024
13|38|0|90|3.2|14.5|135|77.9|33.6|0.00|0.31|43.4383|26.6024
13|39|0|135|4.4|14.5|135|77.6|33.6|0.00|0.31|43.4371|26.6024
13|40|0|135|4.8|14.5|135|77.4|33.6|0.00|0.31|43.4364|26.6024
13|41|0|90|2.9|14.5|135|76.3|33.5|0.00|0.31|43.4353|26.2874
13|42|0|180|1.6|14.5|135|76.1|33.3|0.00|0.31|43.4315|26.2874
13|43|0|90|4.4|14.5|135|76.2|33.3|0.00|0.31|43.4336|26.2874
13|44|0|135|7.3|14.5|135|75.2|33.2|0.00|0.31|43.4315|25.9688
13|45|0|135|2.9|14.5|135|74.1|33.1|0.00|0.31|43.432|25.6464
13|46|0|135|5.8|14.5|135|74.6|33.2|0.00|0.31|43.4317|25.6464
13|48|0|135|4.4|14.5|135|75.8|33.5|0.00|0.31|43.4327|25.9688
13|49|0|135|4.4|14.5|135|76.5|33.6|0.01|0.32|43.4305|26.2874
13|50|0|135|2.9|14.5|135|76.2|33.7|0.01|0.32|43.4281|26.2874
13|51|0|90|2.9|14.5|135|76.5|33.8|0.01|0.32|43.4274|26.2874
13|52|0|90|5.8|14.5|135|75.6|33.9|0.01|0.32|43.4256|25.9688
13|53|0|135|4.4|14.5|135|75.1|34.0|0.01|0.32|43.4238|26.9362
13|54|0|135|2.9|14.5|135|76.2|34.1|0.01|0.32|43.4227|27.2563
13|55|0|90|4.4|14.5|135|76.6|34.2|0.01|0.32|43.4194|27.2563
13|56|0|135|4.4|14.5|135|76.5|34.5|0.01|0.32|43.4176|27.2563
13|57|0|158|2.9|14.5|135|76.8|34.7|0.01|0.32|43.4176|27.2563
13|58|0|90|7.3|14.5|135|76.1|34.7|0.01|0.32|43.4147|27.2563
13|59|0|135|7.3|14.5|135|75.8|34.8|0.01|0.32|43.4161|26.9362
14|00|0|90|4.4|14.5|135|75.8|35.0|0.01|0.32|43.4188|27.9035
14|03|0|90|4.4|14.5|135|75.9|35.6|0.01|0.32|43.4216|27.9035
14|04|0|135|4.4|14.5|135|76.0|35.9|0.01|0.32|43.4242|28.2251
14|06|0|45|2.9|14.5|135|72.5|35.9|0.01|0.32|43.4282|26.9154
14|08|0|45|7.3|14.5|135|70.8|35.8|0.01|0.32|43.4259|26.2363
14|09|0|180|1.5|14.5|135|71.2|35.8|0.01|0.32|43.424|26.578
14|10|0|90|3.2|14.5|135|72.2|35.8|0.01|0.32|43.4231|26.9154
14|11|0|68|4.4|14.5|135|70.8|35.6|0.01|0.32|43.4223|26.2363
14|12|0|68|3.2|14.5|135|71.0|35.7|0.01|0.32|43.4243|26.578
14|13|0|90|5.8|14.5|135|70.9|35.5|0.01|0.32|43.4212|26.2363
14|14|0|135|2.9|14.5|135|71.6|35.6|0.01|0.32|43.4237|26.578
14|15|0|90|2.9|14.5|135|72.3|35.7|0.01|0.32|43.4227|26.9154
14|16|0|113|4.4|14.5|135|71.9|36.0|0.01|0.32|43.424|27.5391
14|17|0|45|3.2|14.5|135|70.4|36.0|0.01|0.32|43.4245|27.1959
14|18|0|135|2.9|14.5|135|70.4|36.3|0.01|0.32|43.4237|27.1959
14|19|0|90|4.4|14.5|135|69.2|36.2|0.01|0.32|43.4276|26.8482
14|21|0|180|2.9|14.5|135|68.7|36.4|0.01|0.32|43.426|26.4961
14|23|0|135|1.5|14.5|135|68.8|36.3|0.01|0.32|43.4323|26.4961
14|24|0|90|1.5|14.5|135|69.6|36.3|0.01|0.32|43.4327|26.8482
14|25|0|180|4.4|14.5|135|68.2|35.9|0.01|0.32|43.4334|25.5397
14|26|0|90|2.9|14.5|135|69.0|35.7|0.01|0.32|43.4328|25.8902
14|27|0|90|3.2|14.5|135|68.2|35.6|0.01|0.32|43.4312|25.5397
14|28|0|135|2.9|14.5|135|68.0|35.4|0.01|0.32|43.4293|25.5397
14|29|0|135|3.2|14.5|135|68.5|35.3|0.01|0.32|43.4292|25.5397
14|30|0|135|4.4|14.5|135|69.4|35.0|0.01|0.32|43.4264|25.8902
14|31|0|135|2.9|14.5|135|69.0|34.9|0.01|0.32|43.4254|24.9321
14|32|0|90|2.9|14.5|135|69.5|34.8|0.01|0.32|43.4248|24.9321
14|33|0|135|2.9|14.5|135|69.9|34.6|0.01|0.32|43.4243|24.9321
14|34|0|68|0.0|14.5|135|70.3|34.6|0.01|0.32|43.424|25.2765
14|35|0|135|4.4|14.5|135|70.7|34.5|0.01|0.32|43.4212|25.2765
14|36|0|135|7.3|14.5|135|70.7|34.2|0.01|0.32|43.4232|25.2765
14|38|0|90|2.9|14.5|135|68.3|34.0|0.01|0.32|43.4263|24.5831
14|39|0|135|2.9|14.5|135|68.7|34.0|0.01|0.32|43.4283|24.5831
14|40|0|135|1.5|14.5|135|69.0|33.9|0.01|0.32|43.4263|23.9738
14|42|0|180|4.4|14.5|135|68.1|33.9|0.01|0.32|43.4292|23.6265
14|43|0|135|5.8|14.5|135|68.6|33.8|0.01|0.32|43.4287|23.6265
14|45|0|135|1.5|14.5|135|68.2|33.6|0.01|0.32|43.4301|23.6265
14|46|0|135|1.6|14.5|135|68.1|33.6|0.01|0.32|43.4309|23.6265
14|47|0|180|2.9|14.5|135|68.7|33.5|0.01|0.32|43.4314|23.6265
14|48|0|180|2.9|14.5|135|68.7|33.3|0.00|0.32|43.4331|23.6265
14|49|0|135|1.5|14.5|135|69.0|33.3|0.00|0.32|43.4332|23.9738
14|50|0|135|0.0|14.5|135|69.1|33.3|0.00|0.32|43.4325|23.9738
14|51|0|135|0.0|14.5|135|69.4|33.3|0.00|0.32|43.4343|23.9738
14|52|0|90|0.0|14.5|135|69.6|33.3|0.00|0.32|43.4371|23.9738
14|53|0|180|1.5|14.5|135|69.7|33.5|0.00|0.32|43.4375|23.9738
14|54|0|180|0.0|14.5|135|70.0|33.3|0.00|0.32|43.4364|24.3167
14|55|0|180|2.9|14.5|135|70.0|33.5|0.00|0.32|43.4376|24.3167
14|56|0|180|4.4|14.5|135|70.3|33.3|0.00|0.32|43.4365|24.3167
14|57|0|225|1.5|14.5|135|70.0|33.3|0.00|0.32|43.4379|24.3167
14|58|0|225|4.4|14.5|135|70.4|33.3|0.00|0.32|43.438|24.3167
14|59|0|225|3.2|14.5|135|71.0|33.3|0.00|0.32|43.4381|24.6553
15|00|0|203|7.3|14.5|135|72.2|33.2|0.00|0.32|43.4383|24.9897
15|03|0|180|5.8|14.5|135|74.4|33.0|0.00|0.32|43.443|25.6464
15|04|0|135|4.4|14.5|135|74.7|32.9|0.00|0.32|43.4448|24.6804
15|05|0|135|4.8|14.5|135|75.1|32.6|0.00|0.32|43.4476|25.0013
15|06|0|135|5.8|14.5|135|76.6|32.3|0.00|0.32|43.4534|25.3185
15|07|0|135|2.9|14.5|135|78.0|32.1|0.00|0.32|43.455|25.9419
15|08|0|180|3.2|14.5|135|79.3|32.0|0.00|0.32|43.4557|26.2484
15|09|0|135|4.4|14.5|135|80.3|31.8|0.00|0.32|43.454|25.5767
15|11|0|225|1.5|14.5|135|80.4|31.5|0.00|0.32|43.4547|25.5767
15|12|0|180|1.6|14.5|135|80.9|31.4|0.00|0.32|43.4522|25.5767
15|13|0|225|2.9|14.5|135|81.9|31.3|0.00|0.32|43.4509|25.875
15|14|0|225|1.6|14.5|135|82.2|31.3|0.00|0.32|43.4519|26.17
15|15|0|180|1.5|14.5|135|82.6|31.3|0.00|0.32|43.453|26.17
15|16|0|180|0.0|14.5|135|82.8|31.3|0.01|0.33|43.4523|26.17
15|17|0|180|0.0|14.5|135|82.9|31.3|0.01|0.33|43.4513|26.17
15|19|0|270|1.6|14.5|135|82.8|31.3|0.01|0.33|43.4519|26.17
15|20|0|315|1.5|14.5|135|82.8|31.3|0.01|0.33|43.453|26.17
15|21|0|315|2.9|14.5|135|82.5|31.3|0.01|0.33|43.4517|26.17
15|23|0|315|2.9|14.5|135|82.3|31.2|0.01|0.33|43.4491|26.17
15|24|0|315|1.6|14.5|135|82.4|31.1|0.01|0.33|43.4501|26.17
15|25|0|315|2.9|14.5|135|83.1|31.0|0.01|0.33|43.4483|26.4619
15|26|0|315|2.9|14.5|135|83.5|30.9|0.01|0.33|43.4466|25.4831
15|27|0|0|2.9|14.5|135|83.9|30.9|0.01|0.33|43.4486|25.4831
15|28|0|0|1.5|14.5|135|84.3|30.9|0.01|0.33|43.4476|25.7705
15|29|0|0|3.2|14.5|135|84.4|30.8|0.01|0.33|43.4477|25.7705
15|30|0|315|2.9|14.5|135|84.9|30.8|0.01|0.33|43.4484|25.7705
15|31|0|315|3.2|14.5|135|85.1|30.8|0.01|0.33|43.4468|26.0549
15|32|0|0|2.9|14.5|135|85.1|30.8|0.01|0.33|43.448|26.0549
15|33|0|315|3.2|14.5|135|85.4|30.8|0.01|0.33|43.4487|26.0549
15|34|0|0|1.6|14.5|135|85.7|30.9|0.01|0.33|43.4484|26.0549
15|35|0|0|2.9|14.5|135|85.9|30.9|0.01|0.33|43.4479|26.0549
15|36|0|0|1.6|14.5|135|85.6|30.9|0.01|0.33|43.4499|26.0549
15|37|0|0|4.4|14.5|135|85.4|30.9|0.01|0.33|43.4493|26.0549
15|38|0|0|4.8|14.5|135|85.3|30.9|0.01|0.33|43.4487|26.0549
15|39|0|0|2.9|14.5|135|85.4|30.9|0.01|0.33|43.4501|26.0549
15|40|0|315|2.9|14.5|135|85.4|30.9|0.01|0.33|43.4474|26.0549
15|41|0|0|2.9|14.5|135|85.6|30.9|0.01|0.33|43.449|26.0549
15|42|0|315|2.9|14.5|135|85.7|30.9|0.01|0.33|43.449|26.0549
15|44|0|0|1.5|14.5|135|85.8|30.9|0.02|0.34|43.4501|26.0549
15|45|0|0|2.9|14.5|135|85.8|31.0|0.02|0.34|43.4512|27.0364
15|46|0|315|2.9|14.5|135|85.8|31.0|0.02|0.34|43.4518|27.0364
15|47|0|0|3.2|14.5|135|86.1|31.0|0.02|0.34|43.4534|27.3192
15|48|0|0|4.4|14.5|135|86.4|31.0|0.02|0.34|43.452|27.3192
15|49|0|0|1.6|14.5|135|86.7|30.9|0.02|0.34|43.4533|26.3364
15|50|0|315|1.5|14.5|135|86.8|30.9|0.02|0.34|43.4548|26.3364
15|51|0|0|1.6|14.5|135|86.5|30.9|0.02|0.34|43.4542|26.3364
15|52|0|0|2.9|14.5|135|86.2|30.9|0.02|0.34|43.454|26.3364
15|53|0|0|2.9|14.5|135|86.0|30.8|0.02|0.34|43.4538|26.3364
15|54|0|0|1.6|14.5|135|85.7|30.8|0.02|0.34|43.4556|26.0549
15|55|0|45|1.5|14.5|135|85.4|30.6|0.02|0.34|43.4541|26.0549
15|56|0|23|1.5|14.5|135|85.3|30.6|0.02|0.34|43.4563|26.0549
15|57|0|0|1.6|14.5|135|85.2|30.6|0.02|0.34|43.4557|26.0549
15|58|0|0|2.9|14.5|135|85.2|30.6|0.02|0.34|43.4543|26.0549
16|02|0|0|2.9|14.5|135|85.3|30.5|0.02|0.34|43.4559|26.0549
16|03|0|0|1.6|14.5|135|85.3|30.5|0.02|0.34|43.4559|26.0549
16|04|0|45|1.5|14.5|135|84.9|30.5|0.02|0.34|43.4564|25.7705
16|05|0|45|1.5|14.5|135|84.2|30.5|0.02|0.34|43.4562|25.7705
16|06|0|45|1.5|14.5|135|84.3|30.5|0.02|0.34|43.4555|25.7705
16|07|0|45|2.9|14.5|135|84.6|30.5|0.02|0.34|43.4554|25.7705
16|08|0|45|1.5|14.5|135|84.7|30.4|0.02|0.34|43.4557|25.7705
16|09|0|45|1.5|14.5|135|84.4|30.4|0.02|0.34|43.4558|25.7705
16|10|0|45|1.5|14.5|135|84.3|30.4|0.02|0.34|43.4574|25.7705
16|11|0|45|1.5|14.5|135|84.4|30.4|0.02|0.34|43.4582|25.7705
16|12|0|45|1.5|14.5|135|84.3|30.3|0.02|0.34|43.4574|25.7705
16|13|0|45|1.5|14.5|135|83.7|30.3|0.02|0.34|43.4575|25.4831
16|14|0|45|1.6|14.5|135|83.1|30.2|0.02|0.34|43.4559|25.4831
16|15|0|45|0.0|14.5|135|82.9|30.2|0.01|0.34|43.458|25.1925
16|17|0|45|1.5|14.5|135|83.0|30.0|0.01|0.34|43.4586|25.4831
16|18|0|45|1.6|14.5|135|83.2|30.0|0.01|0.34|43.4604|25.4831
16|19|0|45|1.5|14.5|135|83.3|30.0|0.01|0.34|43.4601|25.4831
16|21|0|45|1.5|14.5|135|83.5|29.9|0.01|0.34|43.458|24.5042
16|22|0|45|1.5|14.5|135|84.1|29.7|0.01|0.34|43.4589|24.7903
16|23|0|45|1.5|14.5|135|84.4|29.7|0.01|0.34|43.4579|24.7903
16|24|0|45|3.2|14.5|135|84.7|29.6|0.01|0.34|43.4561|24.7903
16|25|0|45|4.4|14.5|135|85.3|29.5|0.01|0.34|43.4556|25.0734
16|26|0|45|3.2|14.5|135|85.8|29.4|0.01|0.34|43.4552|25.0734
16|27|0|45|2.9|14.5|135|86.1|29.3|0.01|0.34|43.4569|25.3535
16|28|0|45|1.6|14.5|135|86.4|29.2|0.01|0.34|43.4555|25.3535
16|29|0|45|4.4|14.5|135|86.8|29.2|0.01|0.34|43.4549|25.3535
16|30|0|45|2.9|14.5|135|87.2|29.1|0.01|0.34|43.4552|25.6308
16|31|0|45|4.4|14.5|135|87.5|29.1|0.01|0.34|43.4556|25.6308
16|32|0|0|4.4|14.5|135|87.8|29.1|0.01|0.34|43.4541|25.6308
16|33|0|45|2.9|14.5|135|88.0|29.0|0.01|0.34|43.4539|25.9053
16|34|0|0|4.8|14.5|135|88.0|29.0|0.01|0.34|43.4545|25.9053
16|35|0|0|1.5|14.5|135|88.1|29.0|0.02|0.35|43.4546|25.9053
16|36|0|45|3.2|14.5|135|88.1|29.0|0.02|0.35|43.4547|25.9053
16|37|0|23|1.5|14.5|135|88.2|29.0|0.02|0.35|43.4559|25.9053
16|38|0|0|1.5|14.5|135|88.3|29.0|0.02|0.35|43.4562|25.9053
16|41|0|45|1.5|14.5|135|88.2|29.0|0.02|0.35|43.4571|25.9053
16|42|0|0|1.6|14.5|135|88.1|29.0|0.02|0.35|43.4586|25.9053
16|43|0|0|2.9|14.5|135|88.1|29.0|0.01|0.35|43.4557|25.9053
16|44|0|0|3.2|14.5|135|88.2|29.0|0.01|0.35|43.4584|25.9053
16|45|0|315|2.9|14.5|135|88.3|29.0|0.01|0.35|43.4594|25.9053
16|46|0|0|4.4|14.5|135|88.5|29.0|0.01|0.35|43.4577|25.9053
16|47|0|0|2.9|14.5|135|88.6|29.0|0.01|0.35|43.4571|25.9053
16|48|0|0|2.9|14.5|135|88.6|28.8|0.01|0.35|43.4569|24.9198
16|49|0|0|3.2|14.5|135|88.5|28.8|0.01|0.35|43.4572|24.9198
16|50|0|0|1.5|14.5|135|88.5|29.0|0.01|0.35|43.4617|25.9053
16|51|0|0|1.5|14.5|135|88.4|29.0|0.01|0.35|43.4626|25.9053
16|52|0|0|1.6|14.5|135|88.4|29.0|0.01|0.35|43.4629|25.9053
16|53|0|315|2.9|14.5|135|88.3|29.0|0.01|0.35|43.4664|25.9053
16|54|0|315|1.5|14.5|135|88.2|29.0|0.01|0.35|43.4655|25.9053
16|55|0|315|1.6|14.5|135|88.3|29.0|0.01|0.35|43.4637|25.9053
16|56|0|0|1.5|14.5|135|88.4|29.0|0.01|0.35|43.4653|25.9053
16|57|0|0|1.6|14.5|135|88.5|29.0|0.01|0.35|43.4643|25.9053
16|58|0|0|0.0|14.5|135|88.6|29.0|0.01|0.35|43.4645|25.9053
16|59|0|0|1.6|14.5|135|88.7|29.0|0.01|0.35|43.4651|25.9053
17|00|0|0|1.6|14.5|135|88.8|29.0|0.01|0.35|43.4643|25.9053
17|02|0|0|1.5|14.5|135|88.9|29.1|0.01|0.35|43.4662|25.9053
17|03|0|0|1.6|14.5|135|89.0|29.1|0.01|0.35|43.4662|26.177
17|04|0|0|0.0|14.5|135|89.0|29.1|0.01|0.35|43.4659|26.177
17|06|0|0|0.0|14.5|135|88.9|29.1|0.01|0.35|43.4636|25.9053
17|07|0|0|0.0|14.5|135|88.8|29.2|0.02|0.36|43.4659|25.9053
17|08|0|0|0.0|14.5|135|88.8|29.2|0.02|0.36|43.4661|25.9053
17|09|0|0|0.0|14.5|135|88.7|29.3|0.02|0.36|43.4641|25.9053
17|10|0|0|0.0|14.5|135|88.7|29.2|0.02|0.36|43.46|25.9053
17|11|0|0|0.0|14.5|135|88.7|29.3|0.02|0.36|43.4598|25.9053
17|12|0|45|2.9|14.5|135|88.9|29.3|0.02|0.36|43.4539|25.9053
17|13|0|45|1.6|14.5|135|89.0|29.2|0.02|0.36|43.4525|26.177
17|14|0|45|2.9|14.5|135|89.2|29.2|0.02|0.36|43.451|26.177
17|15|0|45|2.9|14.5|135|89.3|29.2|0.02|0.36|43.4495|26.177
17|16|0|45|1.6|14.5|135|89.5|29.2|0.02|0.36|43.4494|26.177
17|17|0|90|2.9|14.5|135|89.4|29.1|0.02|0.36|43.4497|26.177
17|18|0|90|1.5|14.5|135|89.3|29.1|0.02|0.36|43.4505|26.177
17|19|0|90|1.5|14.5|135|89.1|29.1|0.02|0.36|43.4492|26.177
17|20|0|90|0.0|14.5|135|88.9|29.1|0.02|0.36|43.4486|25.9053
17|22|0|90|1.5|14.5|135|88.8|29.1|0.02|0.36|43.4486|25.9053
17|24|0|45|0.0|14.5|135|88.5|29.1|0.02|0.36|43.4469|25.9053
17|25|0|45|0.0|14.5|135|88.5|29.1|0.02|0.36|43.4451|25.9053
17|26|0|45|1.6|14.5|135|88.5|29.1|0.02|0.36|43.446|25.9053
17|27|0|45|1.5|14.5|135|88.5|29.1|0.02|0.36|43.4471|25.9053
17|28|0|68|1.5|14.5|135|88.5|29.1|0.02|0.36|43.4461|25.9053
17|29|0|68|1.5|14.5|135|88.5|29.1|0.02|0.36|43.4494|25.9053
17|30|0|68|0.0|14.5|135|88.4|29.1|0.02|0.36|43.4533|25.9053
17|31|0|68|0.0|14.5|135|88.4|29.0|0.02|0.36|43.4499|25.9053
17|32|0|45|1.5|14.5|135|88.4|29.1|0.02|0.36|43.4538|25.9053
17|33|0|45|0.0|14.5|135|88.4|29.1|0.02|0.36|43.4563|25.9053
17|34|0|45|0.0|14.5|135|88.4|29.1|0.02|0.36|43.4558|25.9053
17|35|0|45|0.0|14.5|135|88.4|29.1|0.01|0.36|43.4574|25.9053
17|36|0|45|0.0|14.5|135|88.4|29.1|0.01|0.36|43.4578|25.9053
17|38|0|45|0.0|14.5|135|88.3|29.1|0.01|0.36|43.458|25.9053
17|39|0|45|0.0|14.5|135|88.3|29.2|0.01|0.36|43.4582|25.9053
17|41|0|0|1.6|14.5|135|88.0|29.1|0.01|0.36|43.4552|25.9053
17|42|0|0|1.5|14.5|135|88.0|29.1|0.01|0.36|43.4557|25.9053
17|45|0|0|1.5|14.5|135|87.9|29.1|0.01|0.36|43.4547|25.6308
17|46|0|0|1.5|14.5|135|87.9|29.1|0.01|0.36|43.4552|25.6308
17|47|0|0|1.6|14.5|135|87.8|29.1|0.01|0.36|43.4536|25.6308
17|48|0|0|1.5|14.5|135|87.8|29.0|0.01|0.36|43.4526|25.6308
17|49|0|0|1.6|14.5|135|87.8|29.0|0.01|0.36|43.4523|25.6308
17|50|0|0|1.5|14.5|135|87.9|29.0|0.01|0.36|43.453|25.6308
17|52|0|45|1.5|14.5|135|87.9|29.0|0.01|0.36|43.4514|25.6308
17|53|0|45|2.9|14.5|135|87.9|29.0|0.01|0.36|43.4493|25.6308
17|54|0|45|1.5|14.5|135|88.0|29.0|0.01|0.36|43.4485|25.9053
17|55|0|45|1.6|14.5|135|88.1|28.8|0.01|0.36|43.4487|24.9198
17|56|0|45|1.5|14.5|135|88.1|28.8|0.01|0.36|43.4501|24.9198
17|57|0|45|2.9|14.5|135|88.1|28.8|0.01|0.36|43.4463|24.9198
17|58|0|45|1.5|14.5|135|88.2|28.7|0.01|0.36|43.4468|24.9198
17|59|0|68|1.5|14.5|135|88.3|28.8|0.01|0.36|43.45|24.9198
18|01|0|45|1.5|14.5|135|88.3|28.7|0.01|0.36|43.4487|24.9198
18|03|0|90|1.5|14.5|135|88.2|28.7|0.01|0.36|43.447|24.9198
18|04|0|45|1.5|14.5|135|88.1|28.6|0.01|0.36|43.4455|24.9198
18|05|0|45|0.0|14.5|135|88.1|28.6|0.01|0.36|43.4457|24.9198
18|06|0|179|2.9|14.5|135|88.2|28.6|0.00|0.36|43.4485|24.9198
18|08|0|45|1.6|14.5|135|88.3|28.6|0.00|0.36|43.4505|24.9198
18|09|0|45|2.9|14.5|135|88.3|28.6|0.00|0.36|43.4495|24.9198
18|10|0|45|1.5|14.5|135|88.4|28.6|0.00|0.36|43.4495|24.9198
18|11|0|45|0.0|14.5|135|88.4|28.6|0.00|0.36|43.4513|24.9198
18|12|0|45|1.5|14.5|135|88.5|28.6|0.00|0.36|43.4507|24.9198
18|13|0|45|2.9|14.5|135|88.5|28.6|0.00|0.36|43.4535|24.9198
18|14|0|45|0.0|14.5|135|88.4|28.6|0.00|0.36|43.4515|24.9198
18|15|0|45|0.0|14.5|135|88.1|28.6|0.00|0.36|43.4538|24.9198
18|16|0|45|1.5|14.5|135|87.9|28.6|0.00|0.36|43.4535|24.6466
18|17|0|45|1.5|14.5|135|87.8|28.6|0.00|0.36|43.4532|24.6466
18|18|0|90|1.6|14.5|135|87.8|28.6|0.00|0.36|43.454|24.6466
18|19|0|135|0.0|14.5|135|87.8|28.6|0.00|0.36|43.4534|24.6466
18|20|0|180|1.5|14.5|135|87.8|28.6|0.00|0.36|43.4536|24.6466
18|21|0|180|1.6|14.5|135|87.9|28.6|0.00|0.36|43.4571|24.6466
18|23|0|180|1.5|14.5|135|88.0|28.6|0.00|0.36|43.4568|24.9198
18|24|0|135|1.6|14.5|135|88.2|28.6|0.00|0.36|43.4591|24.9198
18|25|0|180|1.5|14.5|135|88.3|28.6|0.00|0.36|43.4577|24.9198
18|26|0|135|1.5|14.5|135|88.3|28.7|0.00|0.36|43.4604|24.9198
18|27|0|135|1.5|14.5|135|88.2|28.6|0.00|0.36|43.46|24.9198
18|28|0|180|1.5|14.5|135|88.2|28.7|0.00|0.36|43.4612|24.9198
18|29|0|180|1.5|14.5|135|88.1|28.7|0.00|0.36|43.4613|24.9198
18|30|0|180|1.5|14.5|135|88.1|28.7|0.00|0.36|43.4633|24.9198
18|31|0|180|1.5|14.5|135|88.1|28.7|0.00|0.36|43.4623|24.9198
18|32|0|180|0.0|14.5|135|88.0|28.7|0.00|0.36|43.4621|24.9198
18|33|0|180|1.5|14.5|135|87.9|28.7|0.00|0.36|43.4618|24.6466
18|34|0|180|1.6|14.5|135|87.7|28.8|0.00|0.36|43.4621|24.6466
18|35|0|180|1.5|14.5|135|87.6|28.8|0.00|0.36|43.4632|24.6466
18|36|0|180|1.5|14.5|135|87.5|28.8|0.00|0.36|43.4643|24.6466
18|37|0|180|1.5|14.5|135|87.5|28.8|0.00|0.36|43.4661|24.6466
18|38|0|180|2.9|14.5|135|87.5|28.8|0.00|0.36|43.4662|24.6466
18|39|0|180|1.6|14.5|135|87.6|28.8|0.00|0.36|43.4653|24.6466
18|40|0|180|1.6|14.5|135|87.6|28.8|0.01|0.37|43.467|24.6466
18|41|0|180|1.5|14.5|135|87.6|28.8|0.01|0.37|43.4667|24.6466
18|42|0|180|1.5|14.5|135|87.7|28.8|0.01|0.37|43.4673|24.6466
18|43|0|180|0.0|14.5|135|87.8|28.8|0.01|0.37|43.4662|24.6466
18|45|0|180|0.0|14.5|135|87.8|28.8|0.01|0.37|43.4684|24.6466
18|46|0|180|0.0|14.5|135|87.8|28.8|0.01|0.37|43.4688|24.6466
18|47|0|180|0.0|14.5|135|87.8|28.8|0.01|0.37|43.4702|24.6466
18|48|0|180|0.0|14.5|135|87.8|28.8|0.01|0.37|43.4682|24.6466
18|49|0|180|0.0|14.5|135|87.8|28.8|0.01|0.37|43.4688|24.6466
18|50|0|180|1.5|14.5|135|87.8|28.8|0.01|0.37|43.4686|24.6466
18|51|0|180|0.0|14.5|135|87.8|28.8|0.01|0.37|43.4685|24.6466
18|52|0|180|1.6|14.5|135|87.7|28.8|0.01|0.37|43.4655|24.6466
18|53|0|180|1.5|14.5|135|87.8|28.8|0.01|0.37|43.4668|24.6466
18|54|0|180|1.5|14.5|135|87.8|28.7|0.01|0.37|43.4677|24.6466
18|55|0|180|0.0|14.5|135|87.8|28.7|0.01|0.37|43.4684|24.6466
18|56|0|180|0.0|14.5|135|87.8|28.7|0.01|0.37|43.4658|24.6466
18|58|0|180|0.0|14.5|135|87.9|28.7|0.01|0.37|43.4675|24.6466
18|59|0|180|0.0|14.5|135|87.9|28.7|0.01|0.37|43.4667|24.6466
19|00|0|180|0.0|14.5|135|87.9|28.7|0.01|0.37|43.4676|24.6466
19|01|0|180|0.0|14.5|135|87.9|28.7|0.01|0.37|43.4672|24.6466
19|03|0|180|0.0|14.5|135|87.9|28.7|0.01|0.37|43.4684|24.6466
19|05|0|180|1.5|14.5|135|88.0|28.7|0.01|0.37|43.4698|24.9198
19|06|0|180|1.5|14.5|135|88.1|28.7|0.01|0.37|43.472|24.9198
19|07|0|180|1.5|14.5|135|88.3|28.7|0.01|0.37|43.4714|24.9198
19|08|0|180|1.6|14.5|135|88.4|28.7|0.01|0.37|43.4727|24.9198
19|09|0|135|1.5|14.5|135|88.5|28.6|0.01|0.37|43.4721|24.9198
19|10|0|180|1.5|14.5|135|88.6|28.6|0.01|0.37|43.4709|24.9198
19|11|0|180|1.6|14.5|135|88.6|28.6|0.01|0.37|43.4698|24.9198
19|12|0|180|2.9|14.5|135|88.7|28.6|0.01|0.37|43.4701|24.9198
19|13|0|225|2.9|14.5|135|88.8|28.6|0.01|0.37|43.4707|24.9198
19|14|0|225|1.5|14.5|135|88.8|28.6|0.01|0.37|43.4717|24.9198
19|15|0|225|1.5|14.5|135|88.9|28.6|0.01|0.37|43.4702|24.9198
19|16|0|180|1.5|14.5|135|88.9|28.6|0.01|0.37|43.4702|24.9198
19|18|0|225|1.5|14.5|135|89.0|28.6|0.01|0.37|43.4714|25.1903
19|19|0|225|1.6|14.5|135|89.0|28.6|0.01|0.37|43.4714|25.1903
19|20|0|180|1.5|14.5|135|89.1|28.6|0.01|0.37|43.4734|25.1903
19|21|0|180|1.6|14.5|135|89.1|28.6|0.01|0.37|43.471|25.1903
19|22|0|180|2.9|14.5|135|89.2|28.6|0.01|0.37|43.473|25.1903
19|23|0|180|1.5|14.5|135|89.2|28.5|0.01|0.37|43.474|25.1903
19|24|0|180|1.5|14.5|135|89.3|28.5|0.01|0.37|43.4736|25.1903
19|25|0|180|2.9|14.5|135|89.5|28.4|0.01|0.37|43.4732|25.1903
19|27|0|158|1.6|14.5|135|89.6|28.4|0.01|0.37|43.4743|25.1903
19|28|0|180|2.9|14.5|135|89.8|28.3|0.01|0.37|43.4723|25.1903
19|29|0|180|3.2|14.5|135|89.9|28.3|0.01|0.37|43.4753|25.1903
19|30|0|180|2.9|14.5|135|90.0|28.3|0.01|0.37|43.4732|25.4581
19|31|0|135|1.5|14.5|135|90.1|28.3|0.01|0.37|43.4743|25.4581
19|32|0|135|2.9|14.5|135|90.1|28.3|0.01|0.37|43.4716|25.4581
19|33|0|180|1.6|14.5|135|90.1|28.3|0.01|0.37|43.4715|25.4581
19|34|0|158|1.5|14.5|135|90.1|28.3|0.01|0.37|43.472|25.4581
19|35|0|180|1.6|14.5|135|90.1|28.3|0.01|0.37|43.4747|25.4581
19|36|0|180|1.5|14.5|135|90.1|28.2|0.02|0.39|43.4747|25.4581
19|37|0|180|1.6|14.5|135|90.2|28.2|0.02|0.39|43.4769|25.4581
19|38|0|180|1.5|14.5|135|90.3|28.3|0.02|0.39|43.4808|25.4581
19|39|0|180|1.5|14.5|135|90.3|28.2|0.02|0.39|43.4784|25.4581
19|40|0|180|1.5|14.5|135|90.4|28.2|0.01|0.39|43.4766|25.4581
19|41|0|180|1.5|14.5|135|90.3|28.3|0.01|0.39|43.4756|25.4581
19|42|0|180|1.6|14.5|135|90.2|28.2|0.01|0.39|43.4723|25.4581
19|43|0|180|0.0|14.5|135|90.1|28.3|0.01|0.39|43.4731|25.4581
19|44|0|180|1.5|14.5|135|90.0|28.3|0.01|0.39|43.4729|25.4581
19|46|0|180|2.9|14.5|135|90.0|28.2|0.01|0.39|43.4739|25.4581
19|47|0|180|1.5|14.5|135|89.9|28.3|0.01|0.39|43.4779|25.1903
19|49|0|180|1.6|14.5|135|89.9|28.2|0.01|0.39|43.4785|25.1903
19|50|0|180|1.6|14.5|135|89.8|28.2|0.01|0.39|43.4763|25.1903
19|51|0|180|1.5|14.5|135|89.8|28.2|0.01|0.39|43.4734|25.1903
19|52|0|180|1.6|14.5|135|89.7|28.2|0.01|0.39|43.4728|25.1903
19|53|0|135|1.5|14.5|135|89.6|28.1|0.01|0.39|43.4745|25.1903
19|54|0|180|1.5|14.5|135|89.5|28.1|0.01|0.39|43.4771|25.1903
19|55|0|180|1.5|14.5|135|89.5|28.1|0.02|0.40|43.4778|25.1903
19|56|0|180|2.9|14.5|135|89.5|28.1|0.02|0.40|43.4763|25.1903
19|57|0|180|0.0|14.5|135|89.5|28.1|0.02|0.40|43.475|25.1903
19|58|0|180|0.0|14.5|135|89.4|28.1|0.02|0.40|43.4731|25.1903
19|59|0|315|1.5|14.5|135|89.4|28.1|0.02|0.40|43.4741|25.1903
20|00|0|225|1.6|14.5|135|89.1|28.1|0.02|0.40|43.4791|25.1903
20|02|0|225|2.9|14.5|135|88.8|28.1|0.02|0.40|43.4889|24.9198
20|03|0|225|1.5|14.5|135|88.9|28.1|0.02|0.40|43.488|24.9198
20|05|0|225|0.0|14.5|135|88.9|28.1|0.02|0.40|43.4868|24.9198
20|06|0|225|0.0|14.5|135|89.0|28.1|0.02|0.40|43.4831|25.1903
20|07|0|225|0.0|14.5|135|89.0|28.1|0.02|0.40|43.4808|25.1903
20|08|0|225|0.0|14.5|135|88.9|28.1|0.02|0.40|43.4818|24.9198
20|09|0|225|0.0|14.5|135|88.9|28.1|0.02|0.40|43.4867|24.9198
20|11|0|180|1.5|14.5|135|88.9|28.1|0.02|0.40|43.4924|24.9198
20|12|0|180|1.5|14.5|135|88.9|28.1|0.02|0.40|43.4948|24.9198
20|13|0|180|0.0|14.5|135|89.0|28.1|0.02|0.40|43.4951|25.1903
20|14|0|180|0.0|14.5|135|89.0|28.1|0.03|0.41|43.4934|25.1903
20|15|0|0|1.5|14.5|135|88.9|28.1|0.03|0.41|43.4911|24.9198
20|16|0|0|1.5|14.5|135|88.9|28.0|0.03|0.41|43.4906|24.9198
20|17|0|0|2.9|14.5|135|88.7|28.0|0.03|0.41|43.4911|24.9198
20|18|0|0|1.5|14.5|135|88.5|28.0|0.03|0.41|43.4921|24.9198
20|19|0|0|1.5|14.5|135|88.3|27.8|0.03|0.41|43.4938|23.9343
20|20|0|0|1.6|14.5|135|88.1|27.8|0.03|0.41|43.4978|23.9343
20|21|0|0|0.0|14.5|135|88.1|27.7|0.03|0.41|43.4977|23.9343
20|22|0|0|1.5|14.5|135|88.0|27.7|0.03|0.41|43.4985|23.9343
20|23|0|0|0.0|14.5|135|88.0|27.7|0.03|0.41|43.4993|23.9343
20|25|0|0|0.0|14.5|135|88.0|27.7|0.03|0.41|43.4976|23.9343
20|26|0|0|0.0|14.5|135|88.0|27.7|0.03|0.41|43.4983|23.9343
20|27|0|0|0.0|14.5|135|88.1|27.6|0.03|0.41|43.4961|23.9343
20|28|0|0|0.0|14.5|135|88.1|27.7|0.03|0.41|43.4978|23.9343
20|29|0|0|0.0|14.5|135|88.2|27.7|0.03|0.41|43.4975|23.9343
20|30|0|0|0.0|14.5|135|88.2|27.7|0.03|0.41|43.4975|23.9343
20|31|0|0|0.0|14.5|135|88.3|27.7|0.03|0.41|43.497|23.9343
20|32|0|0|1.5|14.5|135|88.4|27.6|0.03|0.41|43.4946|23.9343
20|34|0|0|1.5|14.5|135|88.7|27.6|0.03|0.41|43.4958|23.9343
20|36|0|0|1.6|14.5|135|88.8|27.6|0.02|0.41|43.4987|23.9343
20|37|0|0|1.5|14.5|135|88.9|27.5|0.03|0.42|43.4951|23.9343
20|38|0|0|0.0|14.5|135|88.9|27.5|0.03|0.42|43.4975|23.9343
20|39|0|0|0.0|14.5|135|88.9|27.6|0.03|0.42|43.4992|23.9343
20|40|0|0|0.0|14.5|135|88.9|27.5|0.03|0.42|43.4967|23.9343
20|41|0|0|0.0|14.5|135|89.0|27.5|0.03|0.42|43.4958|24.2035
20|42|0|0|0.0|14.5|135|89.0|27.5|0.03|0.42|43.4956|24.2035
20|43|0|0|0.0|14.5|135|89.0|27.5|0.03|0.42|43.496|24.2035
20|44|0|0|0.0|14.5|135|89.0|27.6|0.03|0.42|43.498|24.2035
20|46|0|0|0.0|14.5|135|89.0|27.5|0.03|0.42|43.495|24.2035
20|47|0|0|1.5|14.5|135|89.0|27.6|0.03|0.42|43.4974|24.2035
20|48|0|0|1.5|14.5|135|89.1|27.6|0.03|0.42|43.4954|24.2035
20|49|0|0|1.5|14.5|135|89.2|27.6|0.03|0.42|43.497|24.2035
20|50|0|0|0.0|14.5|135|89.2|27.5|0.03|0.42|43.4976|24.2035
20|51|0|0|0.0|14.5|135|89.1|27.5|0.03|0.42|43.4987|24.2035
20|53|0|0|0.0|14.5|135|89.0|27.5|0.03|0.42|43.5036|24.2035
20|56|0|0|0.0|14.5|135|88.9|27.5|0.02|0.42|43.5035|23.9343
20|57|0|0|0.0|14.5|135|89.0|27.5|0.02|0.42|43.5064|24.2035
20|59|0|0|0.0|14.5|135|89.2|27.5|0.02|0.42|43.5036|24.2035
21|00|0|0|1.5|14.5|135|89.3|27.5|0.02|0.42|43.4996|24.2035
21|01|0|0|1.5|14.5|135|89.4|27.5|0.02|0.42|43.4996|24.2035
21|02|0|0|1.6|14.5|135|89.4|27.5|0.02|0.42|43.4984|24.2035
21|03|0|0|1.5|14.5|135|89.6|27.5|0.02|0.42|43.4979|24.2035
21|05|0|0|1.5|14.5|135|89.6|27.5|0.02|0.42|43.4977|24.2035
21|06|0|0|1.5|14.5|135|89.7|27.5|0.02|0.42|43.4992|24.2035
21|08|0|0|1.6|14.5|135|89.8|27.5|0.03|0.43|43.5002|24.2035
21|09|0|0|1.6|14.5|135|89.5|27.5|0.03|0.43|43.5012|24.2035
21|10|0|0|1.5|14.5|135|89.2|27.4|0.04|0.44|43.5023|24.2035
21|11|0|0|1.6|14.5|135|89.0|27.4|0.04|0.44|43.5024|24.2035
21|12|0|0|1.5|14.5|135|89.2|27.3|0.04|0.44|43.502|24.2035
21|13|0|0|0.0|14.5|135|89.4|27.3|0.04|0.44|43.5025|24.2035
21|14|0|0|1.5|14.5|135|89.6|27.3|0.03|0.44|43.5008|24.2035
21|15|0|0|1.5|14.5|135|89.9|27.3|0.03|0.44|43.5023|24.2035
21|16|0|0|0.0|14.5|135|90.1|27.3|0.03|0.44|43.5011|24.47
21|17|0|0|0.0|14.5|135|90.2|27.3|0.03|0.44|43.5032|24.47
21|18|0|0|1.6|14.5|135|90.1|27.3|0.03|0.44|43.505|24.47
21|19|0|315|2.9|14.5|135|89.8|27.3|0.03|0.44|43.505|24.2035
21|20|0|270|0.0|14.5|135|89.6|27.3|0.03|0.44|43.5048|24.2035
21|21|0|270|0.0|14.5|135|89.5|27.2|0.03|0.44|43.5048|24.2035
21|22|0|270|0.0|14.5|135|89.5|27.2|0.03|0.44|43.5036|24.2035
21|23|0|0|1.6|14.5|135|89.4|27.2|0.03|0.44|43.5023|24.2035
21|24|0|0|1.5|14.5|135|89.4|27.2|0.03|0.44|43.5001|24.2035
21|26|0|0|0.0|14.5|135|89.5|27.2|0.03|0.44|43.5011|24.2035
21|28|0|0|1.5|14.5|135|89.2|27.0|0.03|0.44|43.5013|24.2035
21|29|0|315|1.5|14.5|135|88.7|27.0|0.03|0.44|43.5009|23.9343
21|30|0|315|1.5|14.5|135|88.5|26.9|0.03|0.44|43.5013|22.9488
21|31|0|315|1.6|14.5|135|88.2|26.8|0.03|0.44|43.5016|22.9488
21|33|0|315|0.0|14.5|135|87.7|26.6|0.03|0.44|43.5006|22.6781
21|35|0|0|0.0|14.5|135|87.9|26.5|0.03|0.44|43.5022|22.6781
21|36|0|180|0.0|14.5|135|88.0|26.5|0.03|0.44|43.5033|22.9488
21|37|0|225|1.5|14.5|135|88.2|26.5|0.02|0.44|43.5058|22.9488
21|38|0|225|0.0|14.5|135|88.5|26.5|0.02|0.44|43.506|22.9488
21|39|0|225|1.5|14.5|135|88.9|26.5|0.02|0.44|43.5084|22.9488
21|40|0|158|1.6|14.5|135|89.4|26.6|0.02|0.44|43.5117|23.2167
21|41|0|158|1.5|14.5|135|90.0|26.6|0.02|0.44|43.5121|23.482
21|42|0|180|2.9|14.5|135|90.6|26.6|0.03|0.45|43.5122|23.482
21|44|0|180|4.4|14.5|135|91.6|26.7|0.03|0.45|43.5147|23.7446
21|45|0|135|3.2|14.5|135|92.0|26.7|0.03|0.45|43.5154|24.0047
21|47|0|135|4.4|14.5|135|92.3|26.8|0.03|0.45|43.5177|24.0047
21|48|0|180|2.9|14.5|135|92.5|26.9|0.03|0.45|43.516|24.0047
21|49|0|180|1.5|14.5|135|92.4|26.9|0.03|0.45|43.5153|24.0047
21|50|0|180|0.0|14.5|135|92.4|27.0|0.03|0.45|43.5158|24.9953
21|51|0|180|1.6|14.5|135|92.3|27.0|0.03|0.45|43.5154|24.9953
21|52|0|180|1.5|14.5|135|92.2|27.2|0.03|0.45|43.5147|24.9953
21|53|0|180|1.5|14.5|135|92.1|27.2|0.03|0.45|43.5126|24.9953
21|54|0|180|1.5|14.5|135|92.0|27.2|0.03|0.45|43.5119|24.9953
21|55|0|180|1.5|14.5|135|91.9|27.3|0.03|0.45|43.5113|24.7339
21|56|0|180|0.0|14.5|135|91.8|27.3|0.03|0.45|43.5106|24.7339
21|57|0|180|0.0|14.5|135|91.7|27.3|0.03|0.45|43.5135|24.7339
21|58|0|225|1.5|14.5|135|91.6|27.4|0.03|0.45|43.5145|24.7339
21|59|0|225|2.9|14.5|135|91.6|27.4|0.03|0.45|43.5159|24.7339
22|00|0|225|1.5|14.5|135|91.6|27.4|0.03|0.45|43.5167|24.7339
22|01|0|203|2.9|14.5|135|91.6|27.5|0.03|0.45|43.5152|24.7339
22|02|0|158|1.6|14.5|135|91.6|27.5|0.03|0.45|43.5145|24.7339
22|03|0|135|2.9|14.5|135|91.5|27.5|0.03|0.45|43.5126|24.7339
22|04|0|135|1.5|14.5|135|91.4|27.6|0.03|0.45|43.5115|24.7339
22|05|0|90|1.5|14.5|135|91.3|27.6|0.03|0.45|43.5091|24.7339
22|06|0|90|0.0|14.5|135|91.3|27.6|0.03|0.45|43.5072|24.7339
22|08|0|225|2.9|14.5|135|91.3|27.6|0.02|0.45|43.5132|24.7339
22|09|0|270|1.5|14.5|135|91.3|27.7|0.01|0.45|43.5146|24.7339
22|10|0|180|0.0|14.5|135|91.4|27.7|0.01|0.45|43.5122|24.7339
22|12|0|315|1.5|14.5|135|87.1|27.8|0.01|0.45|43.5069|23.6624
22|13|0|90|0.0|14.5|135|86.2|28.0|0.01|0.45|43.5056|24.3706
22|14|0|180|2.9|14.5|135|85.5|28.1|0.01|0.45|43.5069|24.0918
22|15|0|225|0.0|14.5|135|85.3|28.2|0.01|0.45|43.5051|24.0918
22|16|0|180|1.5|14.5|135|84.8|28.3|0.01|0.45|43.5054|23.81
22|17|0|180|0.0|14.5|135|84.2|28.4|0.01|0.45|43.5027|23.81
22|18|0|180|2.9|14.5|135|83.6|28.5|0.01|0.45|43.4987|23.5252
22|19|0|203|1.5|14.5|135|83.3|28.6|0.01|0.45|43.4991|23.5252
22|20|0|180|3.2|14.5|135|83.1|28.7|0.01|0.45|43.4993|23.5252
22|21|0|225|1.5|14.5|135|82.5|28.7|0.01|0.45|43.5016|23.2374
22|22|0|180|1.5|14.5|135|82.2|28.8|0.01|0.45|43.5007|23.2374
22|23|0|158|5.8|14.5|135|82.0|28.8|0.01|0.45|43.5009|23.2374
22|24|0|135|2.9|14.5|135|82.9|28.8|0.01|0.45|43.4983|23.2374
22|25|0|180|2.9|14.5|135|83.8|28.8|0.01|0.45|43.4986|23.5252
22|26|0|135|1.5|14.5|135|84.1|28.8|0.01|0.45|43.4972|23.81
22|28|0|180|0.0|14.5|135|84.3|28.8|0.01|0.45|43.4946|23.81
22|29|0|135|0.0|14.5|135|84.4|28.8|0.01|0.45|43.4931|23.81
22|30|0|135|2.9|14.5|135|84.6|28.8|0.01|0.45|43.4925|23.81
22|31|0|90|0.0|14.5|135|84.1|28.8|0.01|0.45|43.4916|23.81
22|32|0|90|1.5|14.5|135|83.9|28.8|0.01|0.45|43.4898|23.5252
22|33|0|135|1.5|14.5|135|82.7|28.8|0.01|0.45|43.4893|23.2374
22|34|0|135|0.0|14.5|135|82.3|28.8|0.01|0.45|43.4909|23.2374
22|35|0|135|0.0|14.5|135|82.4|29.0|0.01|0.45|43.4918|24.215
22|37|0|135|0.0|14.5|135|82.8|29.0|0.01|0.45|43.4897|24.215
22|38|0|135|0.0|14.5|135|82.9|29.0|0.01|0.45|43.4889|24.215
22|39|0|135|0.0|14.5|135|83.0|29.0|0.01|0.45|43.4876|24.5042
22|40|0|135|0.0|14.5|135|83.1|29.0|0.02|0.46|43.4892|24.5042
22|43|0|135|0.0|14.5|135|83.2|29.0|0.01|0.46|43.4913|24.5042
22|44|0|135|1.5|14.5|135|83.3|29.0|0.01|0.46|43.4913|24.5042
22|47|0|135|3.2|14.5|135|83.3|28.8|0.02|0.47|43.4918|23.5252
22|48|0|135|1.5|14.5|135|83.8|28.7|0.02|0.47|43.4927|23.5252
22|49|0|90|1.6|14.5|135|84.2|28.7|0.02|0.47|43.4938|23.81
22|50|0|90|1.5|14.5|135|84.6|28.6|0.02|0.47|43.4918|23.81
22|51|0|90|1.6|14.5|135|84.9|28.5|0.02|0.47|43.494|23.81
22|52|0|90|1.5|14.5|135|85.3|28.5|0.02|0.47|43.4974|24.0918
22|53|0|90|0.0|14.5|135|85.7|28.4|0.02|0.47|43.4978|24.0918
22|54|0|113|0.0|14.5|135|85.9|28.3|0.02|0.47|43.5007|24.0918
22|55|0|90|0.0|14.5|135|86.2|28.3|0.02|0.47|43.5012|24.3706
22|57|0|90|1.6|14.5|135|86.8|28.1|0.02|0.47|43.5024|24.3706
22|59|0|45|0.0|14.5|135|87.2|28.0|0.02|0.47|43.4995|24.6466
23|00|0|45|0.0|14.5|135|87.2|27.8|0.02|0.47|43.5006|23.6624
23|01|0|45|0.0|14.5|135|87.2|27.8|0.02|0.47|43.5026|23.6624
23|02|0|45|0.0|14.5|135|87.2|27.8|0.02|0.47|43.5022|23.6624
23|03|0|135|1.6|14.5|135|87.3|27.8|0.02|0.47|43.5042|23.6624
23|05|0|180|1.6|14.5|135|87.4|27.7|0.02|0.47|43.5052|23.6624
23|06|0|180|4.4|14.5|135|87.7|27.7|0.02|0.47|43.5087|23.6624
23|07|0|158|4.8|14.5|135|88.1|27.7|0.02|0.47|43.5122|23.9343
23|09|0|180|5.8|14.5|135|88.6|27.5|0.03|0.48|43.5105|23.9343
23|10|0|180|2.9|14.5|135|88.8|27.5|0.03|0.48|43.5126|23.9343
23|11|0|180|1.5|14.5|135|88.9|27.5|0.03|0.48|43.5115|23.9343
23|12|0|180|1.6|14.5|135|88.9|27.5|0.03|0.48|43.5095|23.9343
23|13|0|225|1.5|14.5|135|88.9|27.4|0.03|0.48|43.5071|23.9343
23|14|0|180|1.5|14.5|135|88.8|27.4|0.03|0.48|43.5076|23.9343
23|15|0|180|1.6|14.5|135|88.8|27.4|0.04|0.50|43.5061|23.9343
23|16|0|180|1.5|14.5|135|88.8|27.4|0.04|0.50|43.506|23.9343
23|17|0|135|3.2|14.5|135|88.8|27.4|0.04|0.50|43.5067|23.9343
23|18|0|180|1.5|14.5|135|88.8|27.4|0.04|0.50|43.5056|23.9343
23|19|0|180|1.5|14.5|135|88.7|27.4|0.04|0.50|43.5068|23.9343
23|20|0|158|1.5|14.5|135|88.8|27.4|0.04|0.50|43.5049|23.9343
23|21|0|135|2.9|14.5|135|88.8|27.4|0.04|0.50|43.5055|23.9343
23|22|0|135|1.6|14.5|135|88.8|27.4|0.04|0.50|43.508|23.9343
23|23|0|135|0.0|14.5|135|88.7|27.4|0.04|0.50|43.5098|23.9343
23|24|0|158|1.6|14.5|135|88.7|27.4|0.04|0.50|43.51|23.9343
23|25|0|180|2.9|14.5|135|88.8|27.4|0.04|0.50|43.5116|23.9343
23|27|0|135|4.4|14.5|135|88.9|27.3|0.05|0.51|43.5115|23.9343
23|28|0|135|1.6|14.5|135|88.8|27.3|0.05|0.51|43.5092|23.9343
23|29|0|90|2.9|14.5|135|88.8|27.4|0.05|0.51|43.5129|23.9343
23|31|0|90|1.5|14.5|135|88.6|27.4|0.05|0.51|43.513|23.9343
23|32|0|90|0.0|14.5|135|88.6|27.4|0.05|0.51|43.5106|23.9343
23|33|0|90|0.0|14.5|135|88.5|27.4|0.05|0.51|43.5104|23.9343
23|34|0|135|1.5|14.5|135|88.4|27.4|0.05|0.51|43.5119|23.9343
23|35|0|135|1.5|14.5|135|88.4|27.4|0.05|0.51|43.5107|23.9343
23|36|0|135|1.5|14.5|135|88.4|27.5|0.05|0.51|43.5115|23.9343
23|37|0|135|0.0|14.5|135|88.4|27.5|0.05|0.51|43.5099|23.9343
23|38|0|135|0.0|14.5|135|88.4|27.5|0.05|0.51|43.51|23.9343
23|39|0|135|0.0|14.5|135|88.3|27.5|0.04|0.51|43.5074|23.9343
23|40|0|135|0.0|14.5|135|88.3|27.5|0.04|0.51|43.508|23.9343
23|41|0|135|0.0|14.5|135|88.3|27.5|0.04|0.51|43.5072|23.9343
23|42|0|0|1.6|14.5|135|88.2|27.5|0.04|0.51|43.5084|23.9343
23|43|0|90|1.5|14.5|135|88.1|27.5|0.04|0.51|43.5076|23.9343
23|44|0|90|1.6|14.5|135|88.0|27.5|0.04|0.51|43.5083|23.9343
23|45|0|45|1.5|14.5|135|87.9|27.5|0.03|0.51|43.509|23.6624
23|47|0|90|1.6|14.5|135|87.9|27.4|0.03|0.51|43.5095|23.6624
23|48|0|90|1.5|14.5|135|87.8|27.4|0.03|0.51|43.5075|23.6624
23|49|0|90|1.5|14.5|135|87.8|27.4|0.03|0.51|43.5089|23.6624
23|50|0|45|1.6|14.5|135|87.9|27.3|0.03|0.51|43.506|23.6624
23|51|0|90|2.9|14.5|135|88.0|27.3|0.03|0.51|43.5057|23.9343
23|52|0|68|1.6|14.5|135|88.0|27.3|0.03|0.51|43.5036|23.9343
23|53|0|90|1.5|14.5|135|88.1|27.3|0.03|0.51|43.5034|23.9343
23|54|0|90|2.9|14.5|135|88.1|27.3|0.03|0.51|43.5035|23.9343
23|55|0|90|1.6|14.5|135|88.2|27.3|0.03|0.51|43.5034|23.9343
23|56|0|90|2.9|14.5|135|88.3|27.3|0.03|0.51|43.5029|23.9343
23|57|0|90|3.2|14.5|135|88.4|27.3|0.03|0.51|43.5009|23.9343
23|58|0|113|0.0|14.5|135|88.5|27.3|0.03|0.51|43.5035|23.9343
23|59|0|90|2.9|14.5|135|88.6|27.3|0.03|0.51|43.5013|23.9343
