00|00|0|180|7.3|29.0|158|27.7|62.2|0.00|0.02|43.0111|27.6913
00|01|0|180|7.3|29.0|158|27.8|62.2|0.00|0.02|43.0132|27.6913
00|02|0|180|13.1|29.0|158|27.9|62.0|0.00|0.02|43.0147|27.6913
00|03|0|180|4.4|29.0|158|27.9|62.2|0.00|0.02|43.0202|27.6913
00|04|0|225|0.0|29.0|158|27.8|62.2|0.00|0.02|43.0181|27.6913
00|05|0|135|3.2|29.0|158|27.8|62.2|0.00|0.02|43.0211|27.6913
00|06|0|180|2.9|29.0|158|27.8|62.3|0.00|0.02|43.0211|27.6913
00|07|0|180|8.7|29.0|158|27.9|62.2|0.00|0.02|43.0153|27.6913
00|08|0|158|1.5|29.0|158|28.1|62.2|0.00|0.02|43.0195|28.5746
00|09|0|225|4.4|29.0|158|28.0|62.3|0.00|0.02|43.0245|28.5746
00|10|0|180|4.4|29.0|158|28.0|62.3|0.00|0.02|43.024|28.5746
00|12|0|180|4.4|29.0|158|28.2|62.3|0.00|0.02|43.0234|28.5746
00|13|0|90|1.5|29.0|158|28.2|62.3|0.00|0.02|43.0216|28.5746
00|14|0|180|3.2|29.0|158|28.2|62.3|0.00|0.02|43.0261|28.5746
00|15|0|225|4.4|29.0|158|28.3|62.3|0.00|0.02|43.0205|28.5746
00|16|0|315|5.8|29.0|158|28.4|62.2|0.00|0.02|43.022|28.5746
00|17|0|225|4.8|29.0|158|28.6|61.9|0.00|0.02|43.0181|27.7153
00|18|0|180|2.9|29.0|158|28.7|61.9|0.00|0.02|43.0193|27.7153
00|19|0|0|2.9|29.0|158|28.7|61.9|0.00|0.02|43.0208|27.7153
00|20|0|90|0.0|29.0|158|28.8|61.8|0.00|0.02|43.0175|27.7153
00|21|0|225|4.4|29.0|158|28.8|61.8|0.00|0.02|43.0213|27.7153
00|22|0|225|4.4|29.0|158|29.0|61.7|0.00|0.02|43.0213|28.5676
00|23|0|225|4.4|29.0|158|29.1|61.6|0.00|0.02|43.0177|28.5676
00|25|0|225|4.4|29.0|158|29.2|61.6|0.00|0.02|43.0231|28.5676
00|26|0|315|4.4|29.0|158|29.2|61.6|0.00|0.02|43.0189|28.5676
00|27|0|180|5.8|29.0|158|29.2|61.6|0.00|0.02|43.0214|28.5676
00|28|0|180|4.4|29.0|158|29.3|61.6|0.00|0.02|43.0191|28.5676
00|30|0|225|5.8|29.0|158|29.3|61.6|0.00|0.02|43.0214|28.5676
00|31|0|270|1.5|29.0|158|29.3|61.6|0.00|0.02|43.02|28.5676
00|32|0|180|7.3|29.0|158|29.3|61.7|0.00|0.02|43.0192|28.5676
00|34|0|135|5.8|29.0|158|29.3|61.5|0.00|0.02|43.0169|28.5676
00|35|0|90|2.9|29.0|158|29.0|61.5|0.00|0.02|43.0191|28.5676
00|36|0|45|1.5|29.0|158|29.0|61.6|0.00|0.02|43.0213|28.5676
00|37|0|180|1.5|29.0|158|29.0|61.6|0.00|0.02|43.0228|28.5676
00|38|0|135|2.9|29.0|158|29.1|61.6|0.00|0.02|43.0204|28.5676
00|39|0|135|1.6|29.0|158|29.1|61.6|0.00|0.02|43.0228|28.5676
00|40|0|135|2.9|29.0|158|29.1|61.6|0.00|0.02|43.0182|28.5676
00|41|0|180|6.4|29.0|158|29.1|61.5|0.00|0.02|43.0208|28.5676
00|43|0|135|4.4|29.0|158|29.0|61.4|0.00|0.02|43.0224|28.5676
00|44|0|225|4.4|29.0|158|29.0|61.4|0.00|0.02|43.0264|28.5676
00|45|0|135|5.8|29.0|158|28.9|61.4|0.00|0.02|43.0215|27.7153
00|46|0|225|2.9|29.0|158|28.8|61.4|0.00|0.02|43.0193|27.7153
00|48|0|0|1.6|29.0|158|28.8|61.4|0.00|0.02|43.0187|27.7153
00|49|0|180|1.5|29.0|158|28.9|61.4|0.00|0.02|43.0207|27.7153
00|50|0|180|8.7|29.0|158|28.9|61.2|0.00|0.02|43.0193|27.7153
00|51|0|225|11.6|29.0|158|28.5|61.1|0.00|0.02|43.0159|27.7153
00|52|0|180|8.7|29.0|158|28.4|61.1|0.00|0.02|43.0198|27.7153
00|53|0|225|5.8|29.0|158|28.6|61.0|0.00|0.02|43.0195|27.7153
00|55|0|180|4.4|29.0|158|28.5|61.0|0.00|0.02|43.0211|27.7153
00|56|0|180|2.9|29.0|158|28.5|60.9|0.00|0.02|43.0228|26.8558
00|57|0|180|6.4|29.0|158|28.6|60.8|0.00|0.02|43.0289|26.8558
00|58|0|180|1.5|29.0|158|28.6|60.8|0.00|0.02|43.0242|26.8558
00|59|0|135|2.9|29.0|158|28.6|60.8|0.00|0.02|43.0278|26.8558
01|01|0|135|2.9|29.0|158|28.6|60.9|0.00|0.02|43.0286|26.8558
01|02|0|135|3.2|29.0|158|28.6|60.9|0.00|0.02|43.0293|26.8558
01|03|0|135|1.5|29.0|158|28.5|60.8|0.00|0.02|43.0289|26.8558
01|04|0|90|1.5|29.0|158|28.5|60.8|0.00|0.02|43.0292|26.8558
01|05|0|90|1.6|29.0|158|28.6|60.8|0.00|0.02|43.0318|26.8558
01|06|0|225|0.0|29.0|158|28.6|60.7|0.00|0.02|43.028|26.8558
01|07|0|45|2.9|29.0|158|28.6|60.7|0.00|0.02|43.0263|26.8558
01|08|0|180|1.6|29.0|158|28.6|60.7|0.00|0.02|43.0335|26.8558
01|10|0|180|0.0|29.0|158|28.6|60.6|0.00|0.02|43.0328|26.8558
01|11|0|90|2.9|29.0|158|28.6|60.7|0.00|0.02|43.0326|26.8558
01|12|0|90|1.5|29.0|158|28.8|60.6|0.00|0.02|43.0349|26.8558
01|13|0|135|4.8|29.0|158|28.7|60.6|0.00|0.02|43.0348|26.8558
01|14|0|315|1.5|29.0|158|28.8|60.5|0.00|0.02|43.0315|26.8558
01|15|0|225|1.6|29.0|158|28.8|60.2|0.00|0.02|43.0297|26.8558
01|16|0|225|4.4|29.0|158|29.0|60.2|0.00|0.02|43.0323|27.7047
01|17|0|225|2.9|29.0|158|28.9|60.1|0.00|0.02|43.0333|26.8558
01|18|0|0|1.5|29.0|158|28.9|60.0|0.00|0.02|43.0286|26.8558
01|19|0|45|0.0|29.0|158|28.9|60.1|0.00|0.02|43.0309|26.8558
01|20|0|45|0.0|29.0|158|28.9|60.0|0.00|0.02|43.0316|26.8558
01|21|0|158|2.9|29.0|158|28.9|60.0|0.00|0.02|43.0354|26.8558
01|22|0|225|0.0|29.0|158|29.0|60.0|0.00|0.02|43.0354|27.7047
01|24|0|135|8.7|29.0|158|29.1|59.9|0.00|0.02|43.0335|26.8414
01|25|0|180|7.3|29.0|158|29.2|59.9|0.00|0.02|43.0341|26.8414
01|26|0|225|1.6|29.0|158|29.2|59.9|0.00|0.02|43.0321|26.8414
01|28|0|225|7.3|29.0|158|29.1|60.0|0.00|0.02|43.0343|27.7047
01|29|0|225|13.1|29.0|158|29.2|60.0|0.00|0.02|43.0392|27.7047
01|30|0|135|16.0|29.0|158|29.0|59.9|0.00|0.02|43.0403|26.8414
01|31|0|135|23.3|29.0|158|28.9|60.0|0.00|0.02|43.0332|26.8558
01|33|0|135|11.6|29.0|158|28.7|60.1|0.00|0.02|43.0387|26.8558
01|34|0|158|4.4|29.0|158|28.7|60.2|0.00|0.02|43.0381|26.8558
01|35|0|225|12.9|29.0|158|28.8|60.2|0.00|0.02|43.0313|26.8558
01|37|0|225|8.1|29.0|158|28.6|60.3|0.00|0.02|43.0361|26.8558
01|38|0|0|2.9|29.0|158|28.6|60.5|0.00|0.02|43.0405|26.8558
01|39|0|0|8.7|29.0|158|28.8|60.3|0.00|0.02|43.0371|26.8558
01|40|0|315|8.1|29.0|158|29.1|60.2|0.00|0.02|43.0389|27.7047
01|41|0|315|4.4|29.0|158|29.7|60.2|0.00|0.02|43.0381|27.7047
01|42|0|180|6.4|29.0|158|29.8|60.2|0.00|0.02|43.0428|27.7047
01|44|0|225|7.3|29.0|158|29.1|60.2|0.00|0.02|43.0385|27.7047
01|45|0|180|2.9|29.0|158|29.1|60.2|0.00|0.02|43.0387|27.7047
01|47|0|180|2.9|29.0|158|29.0|60.2|0.00|0.02|43.0364|27.7047
01|48|0|90|13.1|29.0|158|29.0|60.2|0.00|0.02|43.034|27.7047
01|50|0|180|5.8|29.0|158|28.9|60.5|0.00|0.02|43.0435|26.8558
01|51|0|315|1.5|29.0|158|28.8|60.5|0.00|0.02|43.0461|26.8558
01|52|0|225|1.6|29.0|158|29.8|60.5|0.00|0.02|43.0461|27.7047
01|53|0|270|0.0|29.0|158|29.5|60.6|0.00|0.02|43.0475|27.7047
01|54|0|225|1.5|29.0|158|29.3|60.6|0.00|0.02|43.0487|27.7047
01|55|0|225|1.6|29.0|158|29.3|60.6|0.00|0.02|43.0477|27.7047
01|57|0|225|4.4|29.0|158|29.1|60.5|0.00|0.02|43.0445|27.7047
01|58|0|180|3.2|29.0|158|29.2|60.5|0.00|0.02|43.047|27.7047
02|00|0|45|1.5|29.0|158|29.3|60.3|0.00|0.02|43.0462|27.7047
02|01|0|0|3.2|29.0|158|29.4|60.3|0.00|0.02|43.0457|27.7047
02|02|0|0|4.4|29.0|158|29.8|60.1|0.00|0.02|43.0443|27.7047
02|03|0|315|4.4|29.0|158|30.1|60.0|0.00|0.02|43.0475|28.528
02|04|0|270|3.2|29.0|158|30.4|59.9|0.00|0.02|43.0502|27.6614
02|05|0|315|7.3|29.0|158|30.5|59.8|0.00|0.02|43.0488|27.6614
02|06|0|315|5.8|29.0|158|30.6|59.7|0.00|0.02|43.0464|27.6614
02|07|0|180|4.4|29.0|158|30.5|59.7|0.00|0.02|43.0487|27.6614
02|09|0|315|3.2|29.0|158|30.4|59.9|0.00|0.02|43.0498|27.6614
02|10|0|270|4.8|29.0|158|31.1|59.8|0.00|0.02|43.0495|28.4575
02|11|0|270|7.3|29.0|158|31.8|59.7|0.00|0.02|43.049|28.4575
02|12|0|315|4.8|29.0|158|32.8|59.7|0.00|0.02|43.0509|29.2311
02|13|0|0|5.8|29.0|158|33.8|59.6|0.00|0.02|43.0523|29.9837
02|14|0|0|5.8|29.0|158|34.3|59.3|0.00|0.02|43.0582|30.7164
02|15|0|315|7.3|29.0|158|35.6|59.0|0.00|0.02|43.0576|31.4302
02|16|0|0|5.8|29.0|158|35.9|58.5|0.00|0.02|43.0511|30.5478
02|17|0|0|5.8|29.0|158|36.1|58.3|0.00|0.02|43.0518|31.241
02|18|0|315|5.8|29.0|158|36.4|58.0|0.00|0.02|43.0562|31.241
02|19|0|270|5.8|29.0|158|37.7|57.8|0.00|0.02|43.0664|31.029
02|20|0|270|19.3|29.0|158|35.9|57.4|0.00|0.02|43.0609|29.6652
02|21|0|270|4.4|29.0|158|35.6|57.5|0.00|0.02|43.0701|29.6652
02|23|0|180|6.5|29.0|158|35.7|57.5|0.00|0.02|43.0663|29.6652
02|24|0|180|4.4|29.0|158|35.7|57.5|0.00|0.02|43.0758|29.6652
02|25|0|0|7.3|29.0|158|36.0|57.5|0.00|0.02|43.0703|30.3555
02|26|0|270|20.4|29.0|158|36.3|57.5|0.00|0.02|43.0554|30.3555
02|27|0|225|7.3|29.0|158|36.5|57.5|0.00|0.02|43.0708|30.3555
02|28|0|225|5.8|29.0|158|36.5|57.5|0.00|0.02|43.0832|30.3555
02|29|0|225|6.4|29.0|158|36.4|57.7|0.00|0.02|43.084|30.3555
02|30|0|225|11.6|29.0|158|36.5|57.7|0.00|0.02|43.0876|30.3555
02|32|0|180|5.8|29.0|158|36.8|57.5|0.00|0.02|43.0946|30.3555
02|33|0|180|8.7|29.0|158|37.0|57.4|0.00|0.02|43.0915|31.029
02|35|0|225|7.3|29.0|158|37.2|57.4|0.00|0.02|43.0925|31.029
02|36|0|180|7.3|29.0|158|37.3|57.4|0.00|0.02|43.091|31.029
02|38|0|270|3.2|29.0|158|37.3|57.5|0.00|0.02|43.0986|31.029
02|39|0|225|3.2|29.0|158|37.4|57.4|0.00|0.02|43.0994|31.029
02|40|0|225|7.3|29.0|158|37.7|57.3|0.00|0.02|43.0989|31.029
02|41|0|270|2.9|29.0|158|38.1|57.3|0.00|0.02|43.1027|31.6866
02|42|0|315|5.8|29.0|158|38.6|57.2|0.00|0.02|43.1054|31.6866
02|43|0|225|4.4|29.0|158|38.9|57.2|0.00|0.02|43.1058|31.6866
02|44|0|225|1.6|29.0|158|39.1|57.1|0.00|0.02|43.1099|32.3291
02|45|0|270|14.5|29.0|158|39.3|56.9|0.00|0.02|43.1088|31.4351
02|47|0|270|11.3|29.0|158|40.0|56.6|0.00|0.02|43.112|32.0606
02|48|0|270|10.2|29.0|158|40.9|56.4|0.00|0.02|43.1191|32.0606
02|50|0|315|6.4|29.0|158|41.4|56.1|0.00|0.02|43.1196|32.6723
02|52|0|225|4.4|29.0|158|42.6|56.0|0.00|0.02|43.1247|33.2711
02|53|0|270|9.7|29.0|158|42.9|55.8|0.00|0.02|43.1266|32.3692
02|54|0|270|14.5|29.0|158|44.0|55.7|0.00|0.02|43.1239|33.5249
02|55|0|270|9.7|29.0|158|46.5|55.3|0.00|0.02|43.1266|34.635
02|56|0|315|10.2|29.0|158|49.6|54.5|0.00|0.02|43.113|35.3044
02|58|0|0|4.4|29.0|158|52.0|53.8|0.00|0.02|43.0783|35.8772
02|59|0|45|7.3|29.0|158|52.7|53.5|0.00|0.02|43.0776|35.8772
03|00|0|45|4.4|29.0|158|52.9|52.8|0.00|0.02|43.0686|34.9521
03|01|0|0|4.8|29.0|158|53.1|52.6|0.00|0.02|43.0612|35.4303
03|02|0|0|4.4|29.0|158|53.8|52.2|0.00|0.02|43.0581|35.4303
03|03|0|0|6.4|29.0|158|54.2|52.0|0.00|0.02|43.0561|35.9006
03|04|0|0|7.3|29.0|158|54.9|51.8|0.00|0.02|43.0508|34.9712
03|05|0|0|7.3|29.0|158|55.1|51.6|0.00|0.02|43.0463|35.4319
03|06|0|0|4.4|29.0|158|55.3|51.3|0.00|0.02|43.0464|35.4319
03|07|0|0|2.9|29.0|158|55.7|51.3|0.00|0.02|43.0468|35.4319
03|09|0|45|4.8|29.0|158|55.4|51.2|0.00|0.02|43.0464|35.4319
03|10|0|45|1.5|29.0|158|55.5|51.1|0.00|0.02|43.042|35.4319
03|11|0|45|7.3|29.0|158|55.6|51.1|0.00|0.02|43.0423|35.4319
03|12|0|45|5.8|29.0|158|56.4|51.0|0.00|0.02|43.044|35.8852
03|13|0|45|5.8|29.0|158|56.7|50.9|0.00|0.02|43.0391|34.9517
03|14|0|0|5.8|29.0|158|56.3|50.8|0.00|0.02|43.0416|34.9517
03|15|0|0|8.1|29.0|158|55.9|50.7|0.00|0.02|43.04|34.5004
03|16|0|45|2.9|29.0|158|55.0|50.8|0.00|0.02|43.0412|34.5004
03|17|0|0|2.9|29.0|158|55.3|50.8|0.00|0.02|43.042|34.5004
03|18|0|0|1.5|29.0|158|54.8|50.9|0.00|0.02|43.0439|34.0417
03|19|0|315|1.5|29.0|158|54.2|50.9|0.00|0.02|43.0427|34.0417
03|20|0|270|2.9|29.0|158|53.9|51.0|0.00|0.02|43.0466|34.5029
03|22|0|0|2.9|29.0|158|53.9|51.0|0.00|0.02|43.0482|34.5029
03|24|0|315|2.9|29.0|158|53.0|51.0|0.00|0.02|43.0532|34.5029
03|25|0|315|0.0|29.0|158|52.0|51.0|0.00|0.02|43.0545|34.0268
03|26|0|180|2.9|29.0|158|51.5|51.1|0.00|0.02|43.0531|33.5425
03|27|0|225|1.5|29.0|158|51.3|51.1|0.00|0.02|43.0526|33.5425
03|28|0|135|1.6|29.0|158|50.4|51.2|0.00|0.02|43.0492|33.0498
03|29|0|135|2.9|29.0|158|51.5|51.2|0.00|0.02|43.0483|33.5425
03|30|0|225|1.5|29.0|158|51.1|51.2|0.00|0.02|43.0481|33.5425
03|31|0|315|1.5|29.0|158|51.0|51.3|0.00|0.02|43.041|33.5425
03|32|0|90|3.2|29.0|158|50.8|51.3|0.00|0.02|43.0341|33.0498
03|33|0|45|4.4|29.0|158|50.2|51.5|0.00|0.02|43.0271|33.0498
03|34|0|135|5.8|29.0|158|50.7|51.5|0.00|0.02|43.0285|33.0498
03|35|0|90|10.2|29.0|158|48.1|51.6|0.00|0.02|43.016|32.0375
03|36|0|158|1.5|29.0|158|43.8|52.1|0.00|0.02|43.0217|30.2388
03|37|0|0|1.5|29.0|158|44.9|52.4|0.00|0.02|43.0343|30.8034
03|39|0|0|1.6|29.0|158|46.2|52.6|0.00|0.02|43.0373|31.8995
03|41|0|45|1.5|29.0|158|48.3|52.9|0.00|0.02|43.03|32.9542
03|42|0|180|3.2|29.0|158|47.8|52.9|0.00|0.02|43.0329|32.4318
03|43|0|203|4.4|29.0|158|47.8|52.9|0.00|0.02|43.0416|32.4318
03|44|0|270|1.5|29.0|158|47.1|52.9|0.00|0.02|43.0408|32.4318
03|45|0|225|1.6|29.0|158|45.8|53.0|0.00|0.02|43.0392|32.2666
03|47|0|0|4.4|29.0|158|45.7|53.0|0.00|0.02|43.0303|32.2666
03|48|0|0|0.0|29.0|158|44.4|53.0|0.00|0.02|43.031|31.7108
03|49|0|45|1.5|29.0|158|44.6|53.2|0.00|0.02|43.0305|31.7108
03|50|0|135|4.4|29.0|158|45.3|53.2|0.00|0.02|43.0379|32.2666
03|51|0|135|6.4|29.0|158|45.4|53.0|0.00|0.02|43.0419|32.2666
03|52|0|135|10.2|29.0|158|45.0|53.0|0.00|0.02|43.0463|32.2666
03|53|0|90|6.4|29.0|158|45.3|53.0|0.00|0.02|43.0416|32.2666
03|56|0|135|11.6|29.0|158|41.9|53.3|0.00|0.02|43.0267|29.9736
03|57|0|135|8.0|29.0|158|36.3|53.9|0.00|0.02|43.0149|26.8112
03|58|0|113|7.3|29.0|158|32.8|54.5|0.00|0.02|43.0198|24.862
03|59|0|90|8.7|29.0|158|31.2|55.2|0.00|0.02|43.0153|24.9753
04|00|0|90|8.7|29.0|158|31.9|55.7|0.00|0.02|43.0113|24.9753
04|01|0|45|4.4|29.0|158|32.9|56.1|0.00|0.02|43.0107|26.6104
04|02|0|270|5.8|29.0|158|33.4|56.3|0.00|0.02|43.034|27.3537
04|03|0|225|2.9|29.0|158|34.9|56.5|0.00|0.02|43.037|28.0773
04|04|0|0|4.8|29.0|158|37.6|56.6|0.00|0.02|43.034|30.1405
04|05|0|0|10.2|29.0|158|39.8|56.5|0.00|0.02|43.0147|31.4351
04|06|0|270|14.5|29.0|158|40.7|56.1|0.00|0.02|43.0209|32.0606
04|07|0|180|11.6|29.0|158|38.1|55.8|0.00|0.02|43.0272|29.9038
04|08|0|203|10.2|29.0|158|37.2|55.8|0.00|0.02|43.0264|29.2517
04|09|0|90|2.9|29.0|158|36.7|55.7|0.00|0.02|43.0204|28.5838
04|10|0|135|4.4|29.0|158|37.0|55.7|0.00|0.02|43.0204|29.2517
04|11|0|135|4.4|29.0|158|37.4|55.7|0.00|0.02|43.0208|29.2517
04|12|0|270|6.4|29.0|158|37.3|55.7|0.00|0.02|43.0316|29.2517
04|13|0|225|8.7|29.0|158|37.4|55.7|0.00|0.02|43.0399|29.2517
04|15|0|225|6.5|29.0|158|40.4|55.6|0.00|0.02|43.045|31.1638
04|16|0|270|8.1|29.0|158|42.6|55.5|0.00|0.02|43.0477|32.3692
04|17|0|315|5.8|29.0|158|43.6|55.2|0.00|0.02|43.0443|32.953
04|18|0|315|7.3|29.0|158|44.8|54.6|0.00|0.02|43.0421|32.6179
04|19|0|315|7.3|29.0|158|46.4|54.0|0.00|0.02|43.0439|33.7234
04|20|0|315|7.3|29.0|158|47.5|53.7|0.00|0.02|43.0437|33.3461
04|22|0|270|7.3|29.0|158|44.7|53.0|0.00|0.02|43.0384|31.7108
04|23|0|225|1.5|29.0|158|44.0|53.0|0.00|0.02|43.0443|31.7108
04|24|0|315|1.6|29.0|158|44.4|53.0|0.00|0.02|43.0539|31.7108
04|25|0|225|7.3|29.0|158|45.8|52.9|0.00|0.02|43.0539|31.3569
04|26|0|315|4.4|29.0|158|46.7|52.9|0.00|0.02|43.0576|31.8995
04|27|0|315|7.3|29.0|158|46.1|52.8|0.00|0.02|43.0573|31.8995
04|28|0|315|4.4|29.0|158|45.5|52.7|0.00|0.02|43.0579|31.3569
04|29|0|270|6.4|29.0|158|46.2|52.7|0.00|0.02|43.0566|31.8995
04|30|0|315|5.8|29.0|158|46.4|52.8|0.00|0.02|43.0576|31.8995
04|31|0|315|5.8|29.0|158|46.9|52.6|0.00|0.02|43.0541|31.8995
04|32|0|315|7.3|29.0|158|47.5|52.5|0.00|0.02|43.0517|32.4318
04|33|0|315|7.3|29.0|158|48.1|52.4|0.00|0.02|43.0492|32.9542
04|36|0|315|5.8|29.0|158|49.4|52.0|0.00|0.02|43.0497|33.4671
04|37|0|0|7.3|29.0|158|50.0|51.8|0.00|0.02|43.0532|33.0498
04|38|0|315|4.4|29.0|158|50.2|51.6|0.00|0.02|43.0551|33.0498
04|39|0|315|7.3|29.0|158|50.6|51.5|0.00|0.02|43.0586|33.0498
04|41|0|0|5.8|29.0|158|51.1|51.2|0.00|0.02|43.0546|33.5425
04|42|0|0|10.2|29.0|158|50.8|51.1|0.00|0.02|43.0508|33.0498
04|43|0|315|7.3|29.0|158|50.6|51.0|0.00|0.02|43.0532|33.0498
04|44|0|0|5.8|29.0|158|50.9|51.0|0.00|0.02|43.0548|33.0498
04|45|0|315|4.8|29.0|158|50.8|51.0|0.00|0.02|43.0602|33.0498
04|46|0|315|8.7|29.0|158|51.1|50.9|0.00|0.02|43.06|32.6192
04|47|0|270|5.8|29.0|158|51.3|50.9|0.00|0.02|43.0627|32.6192
04|48|0|315|5.8|29.0|158|51.5|50.8|0.00|0.02|43.0614|32.6192
04|50|0|315|4.4|29.0|158|51.7|50.8|0.00|0.02|43.0603|32.6192
04|51|0|0|7.3|29.0|158|51.8|50.8|0.00|0.02|43.0523|32.6192
04|52|0|0|5.8|29.0|158|51.5|50.8|0.00|0.02|43.0468|32.6192
04|53|0|0|6.4|29.0|158|51.6|50.8|0.00|0.02|43.043|32.6192
04|54|0|0|7.3|29.0|158|51.7|50.7|0.00|0.02|43.0436|32.6192
04|55|0|0|8.1|29.0|158|51.7|50.7|0.00|0.02|43.0445|32.6192
04|56|0|0|4.8|29.0|158|51.7|50.7|0.00|0.02|43.0527|32.6192
04|57|0|315|4.4|29.0|158|51.7|50.7|0.00|0.02|43.0556|32.6192
04|58|0|0|6.4|29.0|158|51.9|50.6|0.00|0.02|43.0585|32.6192
04|59|0|315|6.4|29.0|158|52.1|50.5|0.00|0.02|43.0619|33.1014
05|00|0|0|5.8|29.0|158|52.3|50.5|0.00|0.02|43.0586|33.1014
05|01|0|0|8.0|29.0|158|52.3|50.5|0.00|0.02|43.0543|33.1014
05|03|0|0|6.4|29.0|158|52.5|50.3|0.00|0.02|43.0492|33.1014
05|04|0|0|7.3|29.0|158|52.6|50.3|0.00|0.02|43.0508|33.1014
05|05|0|0|4.8|29.0|158|52.6|50.2|0.00|0.02|43.0539|33.1014
05|06|0|0|10.2|29.0|158|52.6|50.2|0.00|0.02|43.0511|33.1014
05|07|0|0|5.8|29.0|158|52.6|50.2|0.00|0.02|43.0551|33.1014
05|08|0|0|4.4|29.0|158|52.7|50.2|0.00|0.02|43.052|33.1014
05|10|0|315|6.4|29.0|158|52.8|50.1|0.00|0.02|43.0597|33.1014
05|11|0|315|4.4|29.0|158|53.3|50.1|0.00|0.02|43.0658|33.5754
05|12|0|270|5.8|29.0|158|53.2|50.2|0.00|0.02|43.0743|33.5754
05|13|0|270|2.9|29.0|158|52.9|50.2|0.00|0.02|43.0768|33.1014
05|16|0|0|2.9|29.0|158|53.0|50.3|0.00|0.02|43.0664|33.5754
05|17|0|0|4.8|29.0|158|53.0|50.1|0.00|0.02|43.0628|33.5754
05|18|0|0|5.8|29.0|158|53.0|50.1|0.00|0.02|43.0636|33.5754
05|19|0|315|9.7|29.0|158|53.1|50.0|0.00|0.02|43.0592|33.5754
05|20|0|315|5.8|29.0|158|53.3|50.0|0.00|0.02|43.0619|33.5754
05|21|0|0|11.6|29.0|158|53.4|49.9|0.00|0.02|43.0592|32.6478
05|22|0|0|4.8|29.0|158|53.6|49.9|0.00|0.02|43.0627|32.6478
05|24|0|315|3.2|29.0|158|53.7|49.9|0.00|0.02|43.0703|32.6478
05|25|0|0|7.3|29.0|158|54.0|49.8|0.00|0.02|43.0695|33.112
05|26|0|0|7.3|29.0|158|54.3|49.8|0.00|0.02|43.0732|33.112
05|27|0|0|7.3|29.0|158|54.2|49.8|0.00|0.02|43.0703|33.112
05|28|0|0|5.8|29.0|158|54.3|49.7|0.00|0.02|43.0686|33.112
05|30|0|315|1.5|29.0|158|54.5|49.7|0.00|0.02|43.0759|33.112
05|31|0|315|1.5|29.0|158|54.6|49.7|0.00|0.02|43.0807|33.112
05|32|0|270|4.4|29.0|158|54.6|49.7|0.00|0.02|43.0846|33.112
05|34|0|225|4.4|29.0|158|54.6|49.8|0.00|0.02|43.0891|33.112
05|35|0|270|2.9|29.0|158|54.5|49.8|0.00|0.02|43.092|33.112
05|36|0|270|2.9|29.0|158|55.2|49.8|0.00|0.02|43.0928|33.5687
05|38|0|315|4.4|29.0|158|55.2|49.7|0.00|0.02|43.0867|33.5687
05|39|0|0|4.4|29.0|158|55.4|49.7|0.00|0.02|43.0839|33.5687
05|40|0|0|5.8|29.0|158|55.7|49.5|0.00|0.02|43.0793|33.5687
05|41|0|0|5.8|29.0|158|55.4|49.5|0.00|0.02|43.0816|33.5687
05|42|0|315|3.2|29.0|158|55.4|49.4|0.00|0.02|43.0887|33.5687
05|43|0|315|4.4|29.0|158|56.0|49.3|0.00|0.02|43.0924|34.0181
05|44|0|315|4.4|29.0|158|56.2|49.3|0.00|0.02|43.0948|34.0181
05|45|0|315|5.8|29.0|158|56.5|49.2|0.00|0.02|43.0953|34.0181
05|46|0|0|5.8|29.0|158|56.8|49.1|0.00|0.02|43.0876|34.0181
05|48|0|0|6.5|29.0|158|56.7|49.1|0.00|0.02|43.0851|34.0181
05|49|0|315|7.3|29.0|158|56.6|49.1|0.00|0.02|43.0871|34.0181
05|50|0|0|6.5|29.0|158|56.8|49.0|0.00|0.02|43.0882|34.0181
05|52|0|315|4.8|29.0|158|57.1|49.0|0.00|0.02|43.0936|34.4605
05|54|0|315|8.7|29.0|158|57.8|48.9|0.00|0.02|43.0917|33.5248
05|55|0|0|8.0|29.0|158|57.9|48.8|0.00|0.02|43.0891|33.5248
05|56|0|315|10.2|29.0|158|58.1|48.8|0.00|0.02|43.0876|33.9585
05|57|0|315|11.3|29.0|158|58.6|48.7|0.00|0.02|43.0843|33.9585
05|58|0|315|5.8|29.0|158|59.3|48.5|0.00|0.02|43.0913|34.3856
05|59|0|315|11.3|29.0|158|59.6|48.4|0.00|0.02|43.0905|34.3856
06|00|0|315|11.6|29.0|158|59.8|48.3|0.00|0.02|43.0912|34.3856
06|01|0|315|7.3|29.0|158|60.1|48.2|0.00|0.02|43.0905|34.8063
06|02|0|315|8.7|29.0|158|60.4|48.2|0.00|0.02|43.0891|34.8063
06|03|0|315|8.7|29.0|158|60.5|48.1|0.00|0.02|43.0867|34.8063
06|04|0|315|11.3|29.0|158|60.7|48.0|0.00|0.02|43.0842|34.8063
06|05|0|315|5.8|29.0|158|60.6|48.0|0.00|0.02|43.0845|34.8063
06|06|0|315|10.2|29.0|158|60.8|48.0|0.00|0.02|43.0874|34.8063
06|08|0|315|9.7|29.0|158|60.7|47.9|0.00|0.02|43.0833|33.8649
06|09|0|315|14.5|29.0|158|60.5|47.7|0.00|0.02|43.0799|33.8649
06|10|0|315|13.1|29.0|158|60.3|47.7|0.00|0.02|43.0808|33.8649
06|11|0|315|11.6|29.0|158|60.5|47.7|0.00|0.02|43.0825|33.8649
06|12|0|315|7.3|29.0|158|60.9|47.7|0.00|0.02|43.0806|33.8649
06|13|0|315|11.3|29.0|158|61.0|47.6|0.00|0.02|43.0785|34.2777
06|14|0|315|10.2|29.0|158|60.5|47.6|0.00|0.02|43.0808|33.8649
06|15|0|315|12.9|29.0|158|60.2|47.6|0.00|0.02|43.0806|33.8649
06|16|0|315|10.2|29.0|158|60.3|47.6|0.00|0.02|43.0839|33.8649
06|17|0|315|7.3|29.0|158|60.6|47.6|0.00|0.02|43.0857|33.8649
06|18|0|315|8.7|29.0|158|60.6|47.5|0.00|0.02|43.0847|33.8649
06|19|0|315|10.2|29.0|158|60.3|47.5|0.00|0.02|43.0829|33.8649
06|20|0|315|8.1|29.0|158|60.5|47.5|0.00|0.02|43.0863|33.8649
06|21|0|315|8.7|29.0|158|60.4|47.5|0.00|0.02|43.0846|33.8649
06|22|0|315|4.8|29.0|158|60.4|47.4|0.00|0.02|43.0854|33.8649
06|23|0|315|5.8|29.0|158|60.6|47.4|0.00|0.02|43.0872|33.8649
06|24|0|315|4.8|29.0|158|60.9|47.3|0.00|0.02|43.089|33.8649
06|25|0|315|8.7|29.0|158|61.2|47.3|0.00|0.02|43.0889|34.2777
06|27|0|0|5.8|29.0|158|61.0|47.2|0.00|0.02|43.0888|34.2777
06|28|0|315|6.4|29.0|158|61.2|47.2|0.00|0.02|43.0905|34.2777
06|29|0|315|8.7|29.0|158|61.6|47.2|0.00|0.02|43.0899|34.2777
06|30|0|315|4.8|29.0|158|61.8|47.1|0.00|0.02|43.0899|34.2777
06|31|0|0|4.4|29.0|158|62.0|47.1|0.00|0.02|43.089|34.6846
06|32|0|0|6.4|29.0|158|61.5|47.0|0.00|0.02|43.0931|34.2777
06|33|0|0|5.8|29.0|158|61.5|47.0|0.00|0.02|43.091|34.2777
06|35|0|315|7.3|29.0|158|61.1|46.8|0.00|0.02|43.0986|33.3344
06|36|0|315|5.8|29.0|158|61.2|46.8|0.00|0.02|43.099|33.3344
06|37|0|0|4.4|29.0|158|61.0|46.8|0.00|0.02|43.0997|33.3344
06|38|0|315|4.4|29.0|158|60.9|46.8|0.00|0.02|43.1033|32.9234
06|39|0|0|2.9|29.0|158|61.0|46.8|0.00|0.02|43.1045|33.3344
06|41|0|0|4.8|29.0|158|60.4|46.8|0.00|0.02|43.1044|32.9234
06|43|0|0|4.4|29.0|158|60.2|47.0|0.00|0.02|43.1081|33.8649
06|44|0|315|2.9|29.0|158|60.2|47.0|0.00|0.02|43.1078|33.8649
06|45|0|0|4.4|29.0|158|60.3|47.1|0.00|0.02|43.1111|33.8649
06|46|0|0|4.4|29.0|158|61.0|47.1|0.00|0.02|43.1126|34.2777
06|48|0|0|4.4|29.0|158|61.8|47.1|0.00|0.02|43.1158|34.2777
06|49|0|0|4.8|29.0|158|62.3|47.1|0.00|0.02|43.1178|34.6846
06|50|0|0|2.9|29.0|158|62.6|47.1|0.00|0.02|43.1197|34.6846
06|51|0|0|8.0|29.0|158|62.3|47.1|0.01|0.03|43.1193|34.6846
06|52|0|0|4.4|29.0|158|62.0|47.0|0.01|0.03|43.1227|34.6846
06|53|0|0|2.9|29.0|158|62.0|47.0|0.01|0.03|43.1236|34.6846
06|54|0|45|3.2|29.0|158|61.9|47.0|0.01|0.03|43.1261|34.2777
06|55|0|0|2.9|29.0|158|61.6|47.0|0.01|0.03|43.1282|34.2777
06|56|0|0|3.2|29.0|158|61.5|47.0|0.01|0.03|43.1282|34.2777
06|57|0|0|1.5|29.0|158|61.4|47.0|0.01|0.03|43.1325|34.2777
06|59|0|0|2.9|29.0|158|61.1|47.0|0.01|0.03|43.1362|34.2777
07|00|0|0|2.9|29.0|158|61.0|47.1|0.01|0.03|43.1353|34.2777
07|01|0|0|1.6|29.0|158|61.0|47.1|0.01|0.03|43.1369|34.2777
07|02|0|0|5.8|29.0|158|60.8|47.1|0.01|0.03|43.1345|33.8649
07|03|0|0|6.4|29.0|158|60.7|47.0|0.01|0.03|43.1339|33.8649
07|04|0|0|7.3|29.0|158|60.8|46.8|0.01|0.03|43.1315|32.9234
07|05|0|0|5.8|29.0|158|60.7|46.8|0.01|0.03|43.1319|32.9234
07|06|0|0|5.8|29.0|158|60.6|46.8|0.01|0.03|43.131|32.9234
07|07|0|0|7.3|29.0|158|60.5|46.8|0.01|0.03|43.1324|32.9234
07|09|0|0|5.8|29.0|158|60.4|46.7|0.01|0.03|43.1328|32.9234
07|10|0|0|8.0|29.0|158|60.3|46.7|0.01|0.03|43.1325|32.9234
07|11|0|0|11.6|29.0|158|60.4|46.6|0.01|0.03|43.1301|32.9234
07|12|0|0|10.2|29.0|158|60.5|46.6|0.01|0.03|43.1326|32.9234
07|14|0|0|8.7|29.0|158|60.6|46.5|0.01|0.03|43.1349|32.9234
07|15|0|0|7.3|29.0|158|60.6|46.4|0.01|0.03|43.1315|32.9234
07|16|0|0|7.3|29.0|158|60.6|46.4|0.01|0.03|43.1299|32.9234
07|17|0|0|8.1|29.0|158|60.8|46.4|0.01|0.03|43.1259|32.9234
07|18|0|0|10.2|29.0|158|60.8|46.3|0.01|0.03|43.1223|32.9234
07|19|0|315|10.2|29.0|158|60.9|46.3|0.01|0.03|43.1204|32.9234
07|20|0|315|10.2|29.0|158|61.0|46.2|0.01|0.03|43.1173|33.3344
07|21|0|0|7.3|29.0|158|60.1|46.1|0.01|0.03|43.1136|32.9234
07|22|0|0|8.7|29.0|158|60.3|46.1|0.01|0.03|43.1117|32.9234
07|23|0|315|10.2|29.0|158|60.4|46.0|0.01|0.03|43.1125|32.9234
07|24|0|315|14.5|29.0|158|60.5|45.8|0.01|0.03|43.112|31.9818
07|25|0|315|13.1|29.0|158|60.6|45.8|0.01|0.03|43.1092|31.9818
07|26|0|0|14.5|18.9|315|60.5|45.7|0.01|0.00|43.1118|31.9818
07|27|0|315|10.2|18.9|315|60.7|45.7|0.01|0.00|43.1134|31.9818
07|28|0|315|8.7|18.9|315|61.0|45.6|0.01|0.00|43.1104|32.3909
07|29|0|315|11.6|18.9|315|61.0|45.5|0.01|0.00|43.1112|32.3909
07|31|0|315|11.6|19.3|315|60.9|45.5|0.01|0.00|43.1097|31.9818
07|32|0|315|13.1|19.3|315|61.0|45.5|0.01|0.00|43.1152|32.3909
07|33|0|315|10.2|19.3|315|61.0|45.4|0.01|0.00|43.1199|32.3909
07|34|0|338|7.3|19.3|315|60.7|45.4|0.01|0.00|43.1193|31.9818
07|35|0|315|11.6|19.3|315|60.5|45.4|0.01|0.00|43.1159|31.9818
07|36|0|315|6.4|19.3|315|60.3|45.4|0.01|0.00|43.1158|31.9818
07|37|0|315|10.2|19.3|315|60.6|45.4|0.01|0.00|43.1179|31.9818
07|38|0|315|8.7|19.3|315|60.5|45.4|0.01|0.00|43.1217|31.9818
07|39|0|315|8.7|19.3|315|60.5|45.4|0.01|0.00|43.1239|31.9818
07|41|0|315|8.7|19.3|315|60.3|45.4|0.01|0.00|43.1234|31.9818
07|42|0|315|8.7|19.3|315|60.4|45.5|0.01|0.00|43.1255|31.9818
07|43|0|315|5.8|19.3|315|60.2|45.4|0.01|0.00|43.1221|31.9818
07|44|0|315|7.3|19.3|315|60.2|45.4|0.01|0.00|43.1247|31.9818
07|45|0|315|7.3|19.3|315|60.3|45.4|0.01|0.00|43.1237|31.9818
07|46|0|315|5.8|19.3|315|60.4|45.4|0.01|0.00|43.1247|31.9818
07|48|0|315|4.8|19.3|315|60.1|45.4|0.01|0.00|43.1245|31.9818
07|49|0|0|4.4|19.3|315|60.2|45.4|0.01|0.00|43.1263|31.9818
07|50|0|315|3.2|19.3|315|60.1|45.4|0.01|0.00|43.126|31.9818
07|51|0|0|2.9|19.3|315|60.2|45.4|0.01|0.00|43.1265|31.9818
07|53|0|0|2.9|19.3|315|60.4|45.4|0.01|0.00|43.1273|31.9818
07|54|0|338|2.9|19.3|315|60.3|45.4|0.01|0.00|43.1305|31.9818
07|56|0|315|4.4|19.3|315|60.2|45.5|0.01|0.00|43.1329|31.9818
07|57|0|0|3.2|19.3|315|60.2|45.5|0.01|0.00|43.1333|31.9818
07|58|0|315|8.7|19.3|315|60.3|45.5|0.01|0.00|43.1334|31.9818
08|00|0|338|6.4|19.3|315|60.3|45.5|0.01|0.00|43.1259|31.9818
08|01|0|0|5.8|19.3|315|60.3|45.5|0.00|0.00|43.1233|31.9818
08|02|0|0|4.4|19.3|315|60.3|45.5|0.00|0.00|43.1229|31.9818
08|03|0|0|4.8|19.3|315|60.6|45.5|0.00|0.00|43.1224|31.9818
08|04|0|0|5.8|19.3|315|60.8|45.5|0.00|0.00|43.1213|31.9818
08|05|0|0|4.4|19.3|315|60.9|45.6|0.01|0.01|43.1236|31.9818
08|06|0|0|4.8|19.3|315|60.7|45.6|0.01|0.01|43.1184|31.9818
08|08|0|0|2.9|19.3|315|60.5|45.7|0.01|0.01|43.122|31.9818
08|09|0|0|5.8|19.3|315|60.4|45.7|0.01|0.01|43.1186|31.9818
08|10|0|0|4.4|19.3|315|60.4|45.8|0.01|0.01|43.1182|31.9818
08|11|0|0|5.8|19.3|315|60.4|45.8|0.01|0.01|43.1184|31.9818
08|13|0|315|2.9|19.3|315|60.6|45.8|0.01|0.01|43.1175|31.9818
08|14|0|0|4.8|19.3|315|60.6|45.8|0.01|0.01|43.1162|31.9818
08|15|0|0|5.8|19.3|315|60.8|45.8|0.01|0.01|43.116|31.9818
08|16|0|315|7.3|19.3|315|60.7|45.7|0.01|0.01|43.1142|31.9818
08|17|0|315|4.8|19.3|315|60.8|45.7|0.01|0.01|43.1155|31.9818
08|19|0|0|6.5|19.3|315|61.0|45.7|0.01|0.01|43.1142|32.3909
08|20|0|315|5.8|19.3|315|60.8|45.7|0.01|0.01|43.1167|31.9818
08|21|0|338|4.8|19.3|315|61.0|45.7|0.01|0.01|43.1188|32.3909
08|22|0|315|5.8|19.3|315|61.1|45.7|0.01|0.01|43.1195|32.3909
08|23|0|315|7.3|19.3|315|61.1|45.7|0.01|0.01|43.1205|32.3909
08|24|0|0|8.7|19.3|315|61.1|45.7|0.01|0.01|43.1226|32.3909
08|26|0|338|4.4|19.3|315|61.1|45.7|0.01|0.01|43.1203|32.3909
08|27|0|0|8.1|19.3|315|60.9|45.7|0.01|0.01|43.1167|31.9818
08|28|0|0|7.3|19.3|315|60.9|45.7|0.01|0.01|43.1159|31.9818
08|29|0|0|7.3|19.3|315|60.7|45.8|0.01|0.01|43.1172|31.9818
08|30|0|0|7.3|19.3|315|60.6|45.8|0.01|0.01|43.118|31.9818
08|31|0|315|5.8|19.3|315|60.6|45.8|0.01|0.01|43.1189|31.9818
08|32|0|0|5.8|19.3|315|60.6|46.0|0.01|0.01|43.1191|32.9234
08|33|0|0|4.4|19.3|315|60.4|46.1|0.01|0.01|43.1173|32.9234
08|34|0|0|5.8|19.3|315|60.4|46.2|0.01|0.01|43.1147|32.9234
08|36|0|0|10.2|19.3|315|59.8|46.2|0.01|0.01|43.1121|32.5063
08|37|0|338|4.8|19.3|315|59.7|46.3|0.01|0.01|43.1152|32.5063
08|38|0|0|2.9|19.3|315|59.5|46.3|0.01|0.01|43.1132|32.5063
08|39|0|0|4.4|19.3|315|59.4|46.4|0.01|0.01|43.1126|32.5063
08|40|0|23|1.5|19.3|315|59.1|46.6|0.01|0.01|43.1133|32.5063
08|41|0|90|1.6|19.3|315|58.8|46.6|0.01|0.01|43.1146|32.0829
08|42|0|0|1.5|19.3|315|58.5|46.7|0.01|0.01|43.1167|32.0829
08|44|0|315|0.0|19.3|315|57.7|47.0|0.01|0.01|43.1139|32.589
08|45|0|0|2.9|19.3|315|57.4|47.1|0.01|0.01|43.1084|32.589
08|48|0|0|1.5|19.3|315|56.5|47.3|0.01|0.01|43.103|32.1505
08|49|0|0|2.9|19.3|315|56.8|47.3|0.01|0.01|43.102|32.1505
08|50|0|315|4.4|19.3|315|56.8|47.4|0.01|0.01|43.1033|32.1505
08|51|0|315|5.8|19.3|315|56.9|47.4|0.01|0.01|43.1001|32.1505
08|52|0|315|4.8|19.3|315|57.0|47.5|0.01|0.01|43.0976|32.589
08|54|0|315|3.2|19.3|315|57.2|47.6|0.01|0.01|43.0935|32.589
08|55|0|315|5.8|19.3|315|56.7|47.6|0.01|0.01|43.0936|32.1505
08|56|0|315|6.4|19.3|315|56.5|47.6|0.01|0.01|43.0941|32.1505
08|57|0|315|4.8|19.3|315|56.7|47.6|0.01|0.01|43.0911|32.1505
08|58|0|338|3.2|19.3|315|56.9|47.7|0.01|0.01|43.0914|32.1505
08|59|0|315|5.8|19.3|315|56.8|47.9|0.01|0.01|43.0896|32.1505
09|01|0|0|2.9|19.3|315|55.7|48.1|0.01|0.01|43.0898|32.6369
09|04|0|315|3.2|19.3|315|54.8|48.2|0.01|0.01|43.0866|32.1822
09|05|0|315|2.9|19.3|315|54.9|48.3|0.01|0.01|43.0874|32.1822
09|07|0|315|2.9|19.3|315|54.9|48.7|0.00|0.01|43.0926|32.1822
09|08|0|315|0.0|19.3|315|54.9|48.9|0.00|0.01|43.0946|32.1822
09|09|0|0|1.6|19.3|315|54.9|49.0|0.00|0.01|43.0977|33.112
09|10|0|0|0.0|19.3|315|53.9|49.0|0.00|0.01|43.0985|32.6478
09|11|0|315|3.2|19.3|315|53.5|49.1|0.00|0.01|43.0992|32.6478
09|12|0|315|0.0|19.3|315|53.1|49.3|0.00|0.01|43.099|32.6478
09|13|0|315|0.0|19.3|315|53.0|49.4|0.00|0.01|43.0957|32.6478
09|14|0|315|0.0|19.3|315|52.9|49.7|0.00|0.01|43.0973|32.1758
09|15|0|315|0.0|19.3|315|52.4|49.9|0.00|0.01|43.0982|32.1758
09|16|0|315|0.0|19.3|315|52.1|50.0|0.00|0.01|43.0965|33.1014
09|17|0|315|1.5|19.3|315|52.1|50.2|0.00|0.01|43.1023|33.1014
09|18|0|315|1.5|19.3|315|51.7|50.5|0.00|0.01|43.1058|32.6192
09|19|0|315|0.0|19.3|315|51.4|50.8|0.00|0.01|43.1047|32.6192
09|21|0|315|0.0|19.3|315|50.8|51.1|0.00|0.01|43.096|33.0498
09|22|0|0|0.0|19.3|315|49.9|51.5|0.00|0.01|43.0975|32.5482
09|23|0|0|0.0|19.3|315|49.6|51.6|0.00|0.01|43.0984|32.5482
09|24|0|225|0.0|19.3|315|49.5|51.8|0.00|0.01|43.0994|32.5482
09|25|0|270|2.9|19.3|315|49.5|51.9|0.00|0.01|43.0967|32.5482
09|26|0|315|1.5|19.3|315|48.6|52.0|0.00|0.01|43.091|32.9542
09|27|0|315|1.6|19.3|315|47.9|52.2|0.00|0.01|43.0919|32.4318
09|28|0|315|1.5|19.3|315|47.6|52.4|0.00|0.01|43.0927|32.4318
09|29|0|315|0.0|19.3|315|47.5|52.5|0.00|0.01|43.0938|32.4318
09|30|0|315|0.0|19.3|315|47.5|52.5|0.00|0.01|43.0942|32.4318
09|31|0|45|1.6|19.3|315|47.3|52.6|0.00|0.01|43.0959|32.4318
09|32|0|135|4.4|19.3|315|47.2|52.5|0.00|0.01|43.0959|32.4318
09|33|0|90|4.4|19.3|315|46.9|52.2|0.00|0.01|43.0966|31.8995
09|34|0|90|4.4|19.3|315|46.9|52.1|0.00|0.01|43.0951|31.8995
09|35|0|90|1.5|19.3|315|46.9|52.1|0.00|0.01|43.0954|31.8995
09|36|0|45|3.2|19.3|315|47.0|52.1|0.00|0.01|43.0942|32.4318
09|38|0|0|0.0|19.3|315|47.0|52.1|0.00|0.01|43.0902|32.4318
09|39|0|0|1.5|19.3|315|47.0|52.1|0.00|0.01|43.0914|32.4318
09|40|0|0|1.5|19.3|315|47.1|52.1|0.00|0.01|43.0934|32.4318
09|41|0|0|1.6|19.3|315|47.4|52.1|0.00|0.01|43.0928|32.4318
09|42|0|0|0.0|19.3|315|47.4|52.2|0.00|0.01|43.0905|32.4318
09|43|0|0|0.0|19.3|315|47.3|52.2|0.00|0.01|43.0893|32.4318
09|44|0|0|0.0|19.3|315|47.0|52.4|0.00|0.01|43.0901|32.4318
09|45|0|135|0.0|19.3|315|46.8|52.4|0.00|0.01|43.0891|31.8995
09|46|0|225|3.2|19.3|315|47.0|52.4|0.00|0.01|43.0878|32.4318
09|47|0|225|1.5|19.3|315|47.0|52.4|0.00|0.01|43.0881|32.4318
09|48|0|225|1.6|19.3|315|46.8|52.5|0.00|0.01|43.0901|31.8995
09|49|0|135|0.0|19.3|315|46.8|52.6|0.00|0.01|43.0898|31.8995
09|50|0|225|0.0|19.3|315|47.0|52.7|0.00|0.01|43.0914|32.4318
09|52|0|225|1.5|19.3|315|47.0|52.8|0.00|0.01|43.0903|32.4318
09|53|0|180|3.2|19.3|315|46.5|52.9|0.00|0.01|43.0896|31.8995
09|54|0|180|2.9|19.3|315|46.5|53.0|0.00|0.01|43.0893|32.8115
09|55|0|180|1.6|19.3|315|46.2|53.0|0.00|0.01|43.0863|32.8115
09|56|0|135|1.5|19.3|315|46.2|53.3|0.00|0.01|43.0919|32.8115
09|57|0|135|4.4|19.3|315|46.0|53.3|0.00|0.01|43.0906|32.8115
09|58|0|135|2.9|19.3|315|45.6|53.3|0.00|0.01|43.0906|32.2666
09|59|0|158|2.9|19.3|315|45.9|53.3|0.00|0.01|43.0917|32.2666
10|00|0|135|3.2|19.3|315|45.7|53.3|0.00|0.01|43.0908|32.2666
10|01|0|135|0.0|19.3|315|45.3|53.2|0.00|0.01|43.0874|32.2666
10|02|0|135|4.4|19.3|315|45.4|53.2|0.00|0.01|43.0881|32.2666
10|03|0|180|4.4|19.3|315|45.6|53.2|0.00|0.01|43.0852|32.2666
10|04|0|135|1.5|19.3|315|45.7|53.3|0.00|0.01|43.0871|32.2666
10|06|0|158|2.9|19.3|315|45.5|53.3|0.00|0.01|43.0876|32.2666
10|08|0|90|1.5|19.3|315|45.5|53.3|0.00|0.01|43.0866|32.2666
10|09|0|135|0.0|19.3|315|45.2|53.2|0.00|0.01|43.0882|32.2666
10|10|0|135|1.5|19.3|315|45.3|53.2|0.00|0.01|43.0855|32.2666
10|11|0|225|1.5|19.3|315|45.5|53.2|0.00|0.01|43.0867|32.2666
10|13|0|225|2.9|19.3|315|45.5|53.4|0.00|0.01|43.0856|32.2666
10|14|0|225|1.5|19.3|315|45.3|53.7|0.00|0.01|43.0922|32.2666
10|15|0|135|1.5|19.3|315|45.3|53.8|0.00|0.01|43.0909|32.2666
10|16|0|180|0.0|19.3|315|45.1|53.9|0.00|0.01|43.0893|32.2666
10|17|0|180|5.8|19.3|315|44.6|54.0|0.00|0.01|43.0913|32.6179
10|18|0|135|1.5|19.3|315|44.6|53.9|0.00|0.01|43.0898|31.7108
10|20|0|180|5.8|19.3|315|44.6|54.0|0.00|0.01|43.0898|32.6179
10|21|0|180|3.2|19.3|315|44.6|53.9|0.00|0.01|43.0909|31.7108
10|22|0|135|2.9|19.3|315|44.5|53.8|0.00|0.01|43.0939|31.7108
10|23|0|135|4.4|19.3|315|44.6|53.8|0.00|0.01|43.0944|31.7108
10|24|0|135|4.8|19.3|315|44.8|53.6|0.00|0.01|43.0933|31.7108
10|25|0|180|4.4|19.3|315|45.0|53.4|0.00|0.01|43.0922|32.2666
10|26|0|203|4.8|19.3|315|45.2|53.2|0.00|0.01|43.0912|32.2666
10|27|0|135|4.4|19.3|315|45.4|53.0|0.00|0.01|43.0896|32.2666
10|28|0|90|1.6|19.3|315|45.5|52.9|0.00|0.01|43.0898|31.3569
10|29|0|225|0.0|19.3|315|45.8|52.9|0.00|0.01|43.0893|31.3569
10|30|0|180|2.9|19.3|315|46.2|52.8|0.00|0.01|43.0883|31.8995
10|31|0|180|3.2|19.3|315|46.3|52.7|0.00|0.01|43.0898|31.8995
10|32|0|180|2.9|19.3|315|46.4|52.7|0.00|0.01|43.0898|31.8995
10|33|0|180|1.5|19.3|315|46.4|52.6|0.00|0.01|43.0891|31.8995
10|34|0|135|1.6|19.3|315|46.6|52.6|0.00|0.01|43.0868|31.8995
10|35|0|135|4.4|19.3|315|46.5|52.6|0.00|0.01|43.0872|31.8995
10|36|0|180|1.5|19.3|315|46.5|52.6|0.00|0.01|43.0861|31.8995
10|38|0|225|1.6|19.3|315|46.5|52.6|0.00|0.01|43.0847|31.8995
10|40|0|45|1.5|19.3|315|46.5|52.7|0.00|0.01|43.0848|31.8995
10|41|0|45|1.6|19.3|315|46.4|52.6|0.00|0.01|43.082|31.8995
10|42|0|90|2.9|19.3|315|46.3|52.6|0.00|0.01|43.081|31.8995
10|43|0|135|1.5|19.3|315|46.5|52.6|0.00|0.01|43.0801|31.8995
10|44|0|90|1.5|19.3|315|46.8|52.6|0.00|0.01|43.078|31.8995
10|46|0|135|1.6|19.3|315|47.1|52.6|0.00|0.01|43.0807|32.4318
10|47|0|135|0.0|19.3|315|47.0|52.5|0.00|0.01|43.0811|32.4318
10|48|0|135|0.0|19.3|315|47.0|52.5|0.00|0.01|43.0842|32.4318
10|49|0|135|1.5|19.3|315|47.0|52.5|0.00|0.01|43.0838|32.4318
10|50|0|135|3.2|19.3|315|46.8|52.4|0.00|0.01|43.0827|31.8995
10|51|0|90|1.5|19.3|315|46.7|52.2|0.00|0.01|43.0795|31.8995
10|53|0|90|4.4|19.3|315|46.8|51.9|0.00|0.01|43.0733|30.9873
10|54|0|135|6.4|19.3|315|47.5|51.7|0.00|0.01|43.0758|31.5174
10|55|0|90|4.4|19.3|315|48.0|51.6|0.00|0.01|43.0766|32.0375
10|56|0|90|8.7|19.3|315|48.0|51.3|0.00|0.01|43.0724|32.0375
10|57|0|135|3.2|19.3|315|48.4|51.2|0.00|0.01|43.0767|32.0375
10|58|0|0|1.5|19.3|315|48.6|51.2|0.00|0.01|43.0787|32.0375
11|00|0|180|4.4|19.3|315|48.6|51.1|0.00|0.01|43.0776|32.0375
11|01|0|180|2.9|19.3|315|48.7|51.1|0.00|0.01|43.0811|32.0375
11|02|0|203|4.4|19.3|315|48.9|51.1|0.00|0.01|43.0842|32.0375
11|03|0|180|7.3|19.3|315|49.1|51.1|0.00|0.01|43.0867|32.5482
11|04|0|180|7.3|19.3|315|49.2|51.0|0.00|0.01|43.0867|32.5482
11|05|0|180|11.6|19.3|315|49.4|50.8|0.00|0.01|43.0818|31.6291
11|06|0|90|2.9|19.3|315|49.4|50.8|0.00|0.01|43.0779|31.6291
11|07|0|135|8.0|19.3|315|47.3|50.8|0.00|0.01|43.0756|30.6027
11|08|0|180|4.4|19.3|315|44.1|50.7|0.00|0.01|43.0747|28.9882
11|10|0|158|9.7|19.3|315|42.1|50.6|0.00|0.01|43.0739|27.8568
11|11|0|135|10.2|19.3|315|41.4|50.3|0.00|0.01|43.0738|27.2731
11|12|0|180|5.8|19.3|315|41.2|50.2|0.00|0.01|43.0719|27.2731
11|13|0|158|8.1|19.3|315|41.0|50.1|0.00|0.01|43.0696|27.2731
11|14|0|135|10.2|19.3|315|41.3|50.0|0.00|0.01|43.0684|27.2731
11|15|0|180|7.3|19.3|315|41.6|50.0|0.00|0.01|43.0703|27.2731
11|16|0|180|23.2|30.5|180|41.7|49.9|0.00|0.01|43.0618|26.3725
11|17|0|180|23.3|30.5|180|42.1|49.8|0.00|0.01|43.0667|26.9537
11|19|0|135|7.3|32.0|135|43.0|49.4|0.00|0.01|43.0627|27.5228
11|20|0|180|5.8|32.0|135|43.4|49.4|0.00|0.01|43.0619|27.5228
11|21|0|90|7.3|32.0|135|44.0|49.4|0.00|0.01|43.0588|28.0802
11|22|0|135|16.1|32.0|135|43.6|49.2|0.00|0.01|43.051|27.5228
11|23|0|180|8.7|32.0|135|43.2|49.3|0.00|0.01|43.0556|27.5228
11|24|0|180|17.7|32.0|135|43.1|49.4|0.00|0.01|43.0535|27.5228
11|25|0|135|11.6|32.0|135|43.7|49.3|0.00|0.01|43.0533|27.5228
11|26|0|180|17.7|32.0|135|44.3|49.3|0.00|0.01|43.0542|28.0802
11|28|0|135|18.9|32.0|135|44.6|49.2|0.00|0.01|43.0553|28.0802
11|29|0|90|8.1|32.0|135|45.0|49.2|0.00|0.01|43.0584|28.6266
11|30|0|180|9.7|32.0|135|45.5|49.1|0.00|0.01|43.0576|28.6266
11|31|0|180|13.1|32.0|135|46.0|49.1|0.00|0.01|43.0603|29.1623
11|32|0|135|8.7|32.0|135|46.4|49.0|0.00|0.01|43.0607|29.1623
11|33|0|135|13.1|32.0|135|46.7|49.0|0.00|0.01|43.0563|29.1623
11|34|0|135|8.7|32.0|135|47.3|48.9|0.00|0.01|43.0614|28.7729
11|35|0|135|8.7|32.0|135|47.7|48.9|0.00|0.01|43.0618|28.7729
11|36|0|135|7.3|32.0|135|48.4|48.8|0.00|0.01|43.0611|29.2864
11|37|0|135|7.3|32.0|135|48.5|48.8|0.00|0.01|43.0629|29.2864
11|38|0|135|10.2|32.0|135|48.6|48.8|0.00|0.01|43.0604|29.2864
11|39|0|135|8.7|32.0|135|48.5|48.8|0.00|0.01|43.0635|29.2864
11|40|0|135|4.8|32.0|135|48.6|48.7|0.00|0.01|43.0629|29.2864
11|41|0|135|8.7|32.0|135|48.4|48.8|0.00|0.01|43.0601|29.2864
11|42|0|135|12.9|32.0|135|48.0|48.8|0.00|0.01|43.0567|29.2864
11|44|0|90|5.8|32.0|135|48.0|48.8|0.00|0.01|43.0584|29.2864
11|45|0|135|7.3|32.0|135|48.1|48.8|0.00|0.01|43.0564|29.2864
11|46|0|135|5.8|32.0|135|48.2|48.9|0.00|0.01|43.0541|29.2864
11|47|0|135|9.7|32.0|135|47.9|49.0|0.00|0.01|43.0499|29.6879
11|49|0|135|10.2|32.0|135|47.9|49.0|0.00|0.01|43.0522|29.6879
11|50|0|135|3.2|32.0|135|48.1|49.1|0.00|0.01|43.051|30.2036
11|51|0|135|7.3|32.0|135|48.1|49.3|0.00|0.01|43.0485|30.2036
11|52|0|180|7.3|32.0|135|47.8|49.4|0.00|0.01|43.0511|29.6879
11|53|0|135|6.4|32.0|135|47.4|49.4|0.00|0.01|43.0492|29.6879
11|54|0|135|7.3|32.0|135|47.5|49.5|0.00|0.01|43.0499|29.6879
11|55|0|135|11.3|32.0|135|47.5|49.7|0.00|0.01|43.0484|29.6879
11|57|0|135|9.7|32.0|135|47.7|49.4|0.00|0.01|43.0478|29.6879
11|59|0|90|4.8|32.0|135|48.2|49.2|0.00|0.01|43.0458|30.2036
12|00|0|180|11.3|32.0|135|48.5|49.1|0.00|0.01|43.045|30.2036
12|01|0|135|8.7|32.0|135|48.6|49.1|0.00|0.01|43.0479|30.2036
12|02|0|180|6.4|32.0|135|48.9|49.1|0.00|0.01|43.0447|30.2036
12|03|0|45|2.9|32.0|135|49.2|49.1|0.00|0.01|43.0468|30.7099
12|04|0|135|8.1|32.0|135|49.5|49.1|0.00|0.01|43.0443|30.7099
12|05|0|90|4.4|32.0|135|49.7|49.0|0.00|0.01|43.0454|30.7099
12|06|0|90|5.8|32.0|135|50.0|49.1|0.00|0.01|43.0462|31.2071
12|08|0|113|4.8|32.0|135|50.3|49.1|0.00|0.01|43.0461|31.2071
12|09|0|135|5.8|32.0|135|50.5|49.3|0.00|0.01|43.0486|31.2071
12|10|0|113|5.8|32.0|135|50.8|49.2|0.00|0.01|43.0438|31.2071
12|11|0|90|2.9|32.0|135|51.1|49.1|0.00|0.01|43.0469|31.6956
12|12|0|135|8.7|32.0|135|51.8|49.0|0.00|0.01|43.0432|31.6956
12|14|0|180|5.8|32.0|135|53.2|49.0|0.00|0.01|43.0446|32.6478
12|15|0|135|5.8|32.0|135|53.7|48.9|0.00|0.01|43.0429|31.72
12|16|0|135|13.1|32.0|135|54.1|48.8|0.00|0.01|43.0414|32.1822
12|17|0|90|7.3|32.0|135|54.3|48.5|0.00|0.01|43.0462|32.1822
12|18|0|90|8.1|32.0|135|54.5|48.5|0.00|0.01|43.0436|32.1822
12|20|0|90|7.3|32.0|135|54.7|48.3|0.00|0.01|43.0458|32.1822
12|21|0|90|4.8|32.0|135|55.0|48.3|0.00|0.01|43.0444|32.6369
12|22|0|135|6.5|32.0|135|55.1|48.1|0.00|0.01|43.0458|32.6369
12|23|0|90|4.4|32.0|135|55.4|48.0|0.00|0.01|43.0444|32.6369
12|24|0|180|4.4|32.0|135|55.5|48.1|0.00|0.01|43.045|32.6369
12|25|0|135|14.5|32.0|135|55.0|47.9|0.00|0.01|43.0397|31.705
12|27|0|135|6.4|32.0|135|55.1|47.7|0.00|0.01|43.0432|31.705
12|28|0|90|2.9|32.0|135|55.4|47.7|0.00|0.01|43.0445|31.705
12|29|0|90|8.1|32.0|135|54.9|47.9|0.00|0.01|43.0446|31.2523
12|30|0|90|5.8|32.0|135|55.0|47.7|0.00|0.01|43.0416|31.705
12|31|0|135|7.3|32.0|135|54.9|47.9|0.00|0.01|43.0418|31.2523
12|33|0|23|3.2|32.0|135|54.9|47.9|0.00|0.01|43.0414|31.2523
12|35|0|158|9.7|32.0|135|55.0|48.0|0.00|0.01|43.0436|32.6369
12|36|0|90|16.0|32.0|135|54.9|48.0|0.00|0.01|43.0436|32.1822
12|38|0|90|13.1|32.0|135|55.0|47.9|0.00|0.01|43.0397|31.705
12|40|0|45|6.5|32.0|135|55.5|47.6|0.00|0.01|43.0427|31.705
12|41|0|113|8.7|32.0|135|55.8|47.5|0.00|0.01|43.0401|31.705
12|42|0|45|5.8|32.0|135|56.0|47.5|0.00|0.01|43.0421|32.1505
12|43|0|90|11.3|32.0|135|56.1|47.5|0.00|0.01|43.0377|32.1505
12|44|0|90|11.6|32.0|135|56.3|47.5|0.00|0.01|43.04|32.1505
12|45|0|113|4.8|32.0|135|56.4|47.4|0.00|0.01|43.0404|32.1505
12|47|0|0|4.4|32.0|135|56.5|47.4|0.00|0.01|43.0413|32.1505
12|48|0|135|8.7|32.0|135|56.4|47.5|0.00|0.01|43.0405|32.1505
12|49|0|135|4.4|32.0|135|56.4|47.5|0.00|0.01|43.0414|32.1505
12|54|0|135|9.7|32.0|135|55.8|47.7|0.00|0.01|43.0387|31.705
12|56|0|135|4.8|32.0|135|55.7|47.9|0.00|0.01|43.0395|31.705
12|57|0|135|4.4|32.0|135|55.8|47.9|0.00|0.01|43.0387|31.705
12|58|0|135|8.1|32.0|135|55.8|47.9|0.00|0.01|43.0355|31.705
12|59|0|135|4.4|32.0|135|55.9|47.9|0.00|0.01|43.037|31.705
13|01|0|135|5.8|32.0|135|55.9|48.0|0.00|0.01|43.0375|32.6369
13|02|0|90|9.7|32.0|135|55.4|48.0|0.00|0.01|43.0347|32.6369
13|03|0|135|4.4|32.0|135|55.4|47.9|0.00|0.01|43.0357|31.705
13|04|0|90|12.9|32.0|135|55.4|47.7|0.00|0.01|43.0348|31.705
13|05|0|135|8.7|32.0|135|55.6|47.5|0.00|0.01|43.0315|31.705
13|06|0|135|8.1|32.0|135|55.9|47.3|0.00|0.01|43.0319|31.705
13|07|0|90|5.8|32.0|135|56.4|47.2|0.00|0.01|43.0291|32.1505
13|08|0|135|11.6|32.0|135|56.8|47.1|0.00|0.01|43.0269|32.1505
13|09|0|135|4.4|32.0|135|56.9|47.0|0.00|0.01|43.0278|32.1505
13|10|0|135|5.8|32.0|135|57.3|47.0|0.00|0.01|43.0279|32.589
13|11|0|135|12.9|32.0|135|57.7|46.8|0.00|0.01|43.0221|31.6531
13|12|0|90|13.1|32.0|135|58.1|46.8|0.00|0.01|43.0216|32.0829
13|13|0|158|16.1|32.0|135|58.4|46.7|0.00|0.01|43.0155|32.0829
13|14|0|135|11.6|32.0|135|58.5|46.5|0.00|0.01|43.0184|32.0829
13|15|0|225|8.1|32.0|135|58.8|46.5|0.00|0.01|43.0186|32.0829
13|16|0|180|10.2|32.0|135|59.1|46.3|0.00|0.01|43.0167|32.5063
13|17|0|225|8.7|32.0|135|59.4|46.4|0.00|0.01|43.0172|32.5063
13|18|0|135|7.3|32.0|135|59.5|46.3|0.00|0.01|43.0171|32.5063
13|19|0|135|13.1|32.0|135|59.5|46.3|0.00|0.01|43.0129|32.5063
13|21|0|135|8.7|32.0|135|59.4|46.4|0.00|0.01|43.0169|32.5063
13|22|0|135|13.1|32.0|135|59.2|46.4|0.00|0.01|43.0149|32.5063
13|23|0|135|5.8|32.0|135|59.0|46.4|0.00|0.01|43.0134|32.5063
13|24|0|113|6.5|32.0|135|59.0|46.5|0.00|0.01|43.0128|32.5063
13|25|0|135|11.6|32.0|135|59.1|46.5|0.00|0.01|43.0108|32.5063
13|26|0|135|8.7|32.0|135|60.1|46.5|0.00|0.01|43.0092|32.9234
13|27|0|135|10.2|32.0|135|61.3|46.5|0.00|0.01|43.0104|33.3344
13|28|0|180|11.6|32.0|135|62.3|46.5|0.00|0.01|43.0098|33.7395
13|30|0|135|5.8|32.0|135|62.0|46.5|0.00|0.01|43.0132|33.7395
13|31|0|135|8.1|32.0|135|63.4|46.5|0.00|0.01|43.0147|34.1388
13|32|0|135|7.3|32.0|135|61.8|46.6|0.00|0.01|43.0138|33.3344
13|33|0|180|14.5|32.0|135|60.5|46.6|0.00|0.01|43.0147|32.9234
13|34|0|135|11.3|32.0|135|57.8|46.7|0.00|0.01|43.0155|31.6531
13|35|0|135|7.3|32.0|135|55.1|46.7|0.00|0.01|43.0149|30.7729
13|36|0|135|16.0|32.0|135|54.5|46.8|0.00|0.01|43.0112|30.3221
13|38|0|203|7.3|32.0|135|54.0|47.0|0.00|0.01|43.0152|31.2523
13|40|0|113|6.5|32.0|135|53.5|47.0|0.00|0.01|43.0159|30.7921
13|41|0|135|7.3|32.0|135|52.3|47.0|0.00|0.01|43.0102|30.3241
13|42|0|135|11.3|32.0|135|52.8|47.0|0.00|0.01|43.0118|30.3241
13|43|0|90|8.7|32.0|135|53.2|47.0|0.00|0.01|43.0098|30.7921
13|44|0|135|8.7|32.0|135|53.6|47.0|0.00|0.01|43.0099|30.7921
13|45|0|135|10.2|32.0|135|54.5|47.0|0.00|0.01|43.0108|31.2523
13|46|0|135|8.7|32.0|135|54.8|47.0|0.00|0.01|43.0127|31.2523
13|48|0|135|4.4|32.0|135|54.8|46.8|0.00|0.01|43.0137|30.3221
13|49|0|158|6.4|32.0|135|54.8|47.0|0.00|0.01|43.0143|31.2523
13|50|0|135|8.7|32.0|135|55.8|47.0|0.00|0.01|43.0114|31.705
13|51|0|113|5.8|32.0|135|55.9|46.8|0.00|0.01|43.0126|30.7729
13|52|0|135|9.7|32.0|135|56.0|46.8|0.00|0.01|43.0112|31.2164
13|53|0|135|7.3|32.0|135|57.3|47.0|0.00|0.01|43.0135|32.589
13|54|0|135|7.3|32.0|135|57.5|47.0|0.00|0.01|43.0144|32.589
13|55|0|135|5.8|32.0|135|58.1|47.0|0.00|0.01|43.0127|33.0208
13|56|0|180|13.1|32.0|135|58.7|47.0|0.00|0.01|43.019|33.0208
13|59|0|113|16.0|32.0|135|59.1|46.6|0.00|0.01|43.0143|32.5063
14|00|0|135|9.7|32.0|135|59.3|46.6|0.00|0.01|43.0175|32.5063
14|02|0|90|5.8|32.0|135|58.7|46.4|0.00|0.01|43.012|32.0829
14|03|0|135|17.5|32.0|135|59.9|46.3|0.00|0.01|43.0055|32.5063
14|04|0|135|11.3|32.0|135|59.5|46.1|0.00|0.01|43.009|32.5063
14|05|0|113|4.4|32.0|135|60.9|46.1|0.00|0.01|43.0126|32.9234
14|06|0|135|10.2|32.0|135|61.0|45.8|0.00|0.01|43.0121|32.3909
14|08|0|158|8.7|32.0|135|61.2|45.4|0.00|0.01|43.0223|32.3909
14|09|0|90|5.8|32.0|135|61.9|45.3|0.00|0.01|43.024|32.3909
14|11|0|180|5.8|32.0|135|63.0|45.0|0.00|0.01|43.0187|33.1918
14|12|0|135|10.2|32.0|135|64.0|44.9|0.00|0.01|43.0176|32.635
14|13|0|180|5.8|32.0|135|64.7|44.7|0.00|0.01|43.021|32.635
14|16|0|135|4.4|32.0|135|65.0|44.5|0.00|0.01|43.0246|33.0199
14|17|0|135|4.4|32.0|135|65.8|44.5|0.00|0.01|43.0233|33.0199
14|18|0|113|4.4|32.0|135|67.3|44.6|0.00|0.01|43.0241|33.7744
14|19|0|135|4.4|32.0|135|67.1|44.5|0.00|0.01|43.0245|33.7744
14|20|0|45|2.9|32.0|135|67.9|44.5|0.00|0.01|43.0234|33.7744
14|21|0|113|5.8|32.0|135|68.2|44.6|0.00|0.01|43.0222|34.1442
14|22|0|135|4.4|32.0|135|67.5|44.6|0.00|0.01|43.0249|33.7744
14|23|0|135|1.5|32.0|135|67.4|44.7|0.00|0.01|43.0255|33.7744
14|24|0|158|1.5|32.0|135|68.3|44.8|0.00|0.01|43.0275|34.1442
14|25|0|180|2.9|32.0|135|68.8|44.9|0.00|0.01|43.0291|34.1442
14|26|0|135|1.6|32.0|135|68.0|45.0|0.00|0.01|43.0258|35.0998
14|27|0|90|1.5|32.0|135|67.3|45.2|0.00|0.01|43.0262|34.7283
14|28|0|135|3.2|32.0|135|67.4|45.3|0.00|0.01|43.0245|34.7283
14|29|0|135|3.2|32.0|135|67.8|45.4|0.00|0.01|43.0247|34.7283
14|30|0|135|1.5|32.0|135|68.2|45.5|0.00|0.01|43.0202|35.0998
14|31|0|90|1.6|32.0|135|68.5|45.7|0.00|0.01|43.0176|35.0998
14|32|0|90|2.9|32.0|135|66.4|45.8|0.00|0.01|43.0153|34.3519
14|33|0|135|1.6|32.0|135|66.5|46.1|0.00|0.01|43.0145|35.3041
14|35|0|179|2.9|32.0|135|65.7|46.2|0.00|0.01|43.011|34.921
14|36|0|90|1.5|32.0|135|65.3|46.3|0.00|0.01|43.0124|34.921
14|37|0|90|4.4|32.0|135|64.7|46.4|0.00|0.01|43.008|34.5326
14|38|0|90|2.9|32.0|135|64.3|46.4|0.00|0.01|43.0061|34.5326
14|39|0|90|3.2|32.0|135|65.3|46.5|0.00|0.01|43.0081|34.921
14|40|0|113|4.4|32.0|135|67.1|46.6|0.00|0.01|43.0055|35.6821
14|41|0|45|2.9|32.0|135|68.1|46.8|0.00|0.01|43.0088|36.0552
14|42|0|23|2.9|32.0|135|66.0|46.8|0.00|0.01|43.0074|35.3041
14|44|0|45|4.4|32.0|135|66.4|47.2|0.00|0.01|43.0107|36.2561
14|45|0|45|4.4|32.0|135|65.8|47.3|0.00|0.01|43.0103|35.8713
14|46|0|45|3.2|32.0|135|66.3|47.3|0.00|0.01|43.0095|36.2561
14|47|0|68|2.9|32.0|135|66.4|47.4|0.00|0.01|43.0097|36.2561
14|48|0|45|4.4|32.0|135|65.9|47.6|0.00|0.01|43.0111|35.8713
14|49|0|0|4.4|32.0|135|65.0|47.6|0.00|0.01|43.0124|35.8713
14|50|0|315|1.5|32.0|135|63.6|47.7|0.00|0.01|43.0126|35.0857
14|51|0|45|2.9|32.0|135|62.6|47.9|0.00|0.01|43.0119|34.6846
14|53|0|45|1.6|32.0|135|59.7|48.1|0.00|0.01|43.0063|34.3856
14|54|0|0|4.4|32.0|135|60.5|48.2|0.00|0.01|43.0061|34.8063
14|55|0|0|4.8|32.0|135|61.2|48.2|0.00|0.01|43.004|35.221
14|56|0|0|1.5|32.0|135|61.9|48.2|0.00|0.01|43.0023|35.221
14|57|0|90|1.6|32.0|135|61.9|48.4|0.00|0.01|43.0035|35.221
14|58|0|90|0.0|32.0|135|60.7|48.5|0.00|0.01|43.0031|34.8063
14|59|0|45|1.5|32.0|135|59.7|48.7|0.00|0.01|43.0047|34.3856
15|00|0|90|3.2|32.0|135|59.3|48.7|0.00|0.01|43.0031|34.3856
15|01|0|45|1.5|32.0|135|59.5|48.7|0.00|0.01|43.0049|34.3856
15|02|0|90|3.2|32.0|135|59.1|48.7|0.00|0.01|43.0039|34.3856
15|03|0|90|2.9|32.0|135|60.2|48.7|0.00|0.01|43.0072|34.8063
15|04|0|90|1.5|32.0|135|61.5|48.7|0.00|0.01|43.0066|35.221
15|05|0|45|4.4|32.0|135|63.1|48.7|0.00|0.01|43.0066|36.0325
15|06|0|90|2.9|32.0|135|62.3|48.7|0.00|0.01|43.0068|35.6296
15|07|0|90|2.9|32.0|135|62.5|48.8|0.00|0.01|43.0087|35.6296
15|08|0|90|2.9|32.0|135|62.3|48.7|0.00|0.01|43.0057|35.6296
15|09|0|90|2.9|32.0|135|62.4|48.5|0.00|0.01|43.0044|35.6296
15|10|0|90|2.9|32.0|135|64.2|48.8|0.00|0.01|43.0062|36.4297
15|11|0|113|5.8|32.0|135|62.9|48.8|0.00|0.01|43.0069|35.6296
15|12|0|90|5.8|32.0|135|62.1|48.8|0.00|0.01|43.0081|35.6296
15|13|0|90|5.8|32.0|135|61.3|48.4|0.00|0.01|43.0041|35.221
15|15|0|90|8.7|32.0|135|61.6|48.1|0.00|0.01|43.0014|35.221
15|16|0|90|6.4|32.0|135|61.8|47.7|0.00|0.01|43.0084|34.2777
15|17|0|45|4.4|32.0|135|61.9|47.6|0.00|0.01|43.0098|34.2777
15|18|0|90|7.3|32.0|135|61.5|47.5|0.00|0.01|43.0108|34.2777
15|20|0|113|8.7|32.0|135|59.8|47.3|0.00|0.01|43.0107|33.446
15|21|0|135|3.2|32.0|135|59.4|47.3|0.00|0.01|43.0139|33.446
15|22|0|90|7.3|32.0|135|60.0|47.2|0.00|0.01|43.015|33.8649
15|23|0|135|4.8|32.0|135|59.6|47.2|0.00|0.01|43.0158|33.446
15|24|0|135|4.4|32.0|135|59.2|47.2|0.00|0.01|43.0143|33.446
15|25|0|90|3.2|32.0|135|57.7|47.2|0.00|0.01|43.0146|32.589
15|26|0|158|7.3|32.0|135|57.8|47.3|0.00|0.01|43.0191|32.589
15|27|0|90|2.9|32.0|135|58.0|47.4|0.00|0.01|43.0207|33.0208
15|28|0|135|4.8|32.0|135|57.1|47.4|0.00|0.01|43.0223|32.589
15|29|0|135|7.3|32.0|135|56.0|47.4|0.00|0.01|43.0231|32.1505
15|30|0|135|2.9|32.0|135|55.0|47.3|0.00|0.01|43.0228|31.705
15|31|0|180|3.2|32.0|135|55.1|47.2|0.00|0.01|43.0221|31.705
15|33|0|135|4.4|32.0|135|55.5|47.3|0.00|0.01|43.0228|31.705
15|35|0|135|0.0|32.0|135|55.2|47.2|0.00|0.01|43.0257|31.705
15|36|0|315|2.9|32.0|135|55.0|47.3|0.00|0.01|43.0305|31.705
15|37|0|315|7.3|32.0|135|55.3|47.2|0.00|0.01|43.0351|31.705
15|38|0|315|13.1|32.0|135|57.1|47.0|0.00|0.01|43.0349|32.589
15|39|0|270|5.8|32.0|135|58.1|46.1|0.00|0.01|43.0361|32.0829
15|41|0|315|11.3|32.0|135|60.6|44.9|0.00|0.01|43.0403|31.04
15|42|0|315|17.5|32.0|135|61.9|44.2|0.00|0.01|43.0419|31.4473
15|43|0|315|14.5|32.0|135|63.2|43.0|0.00|0.01|43.0343|31.2974
15|44|0|315|8.7|32.0|135|65.1|42.1|0.00|0.01|43.0371|31.1185
15|45|0|315|11.6|32.0|135|67.3|41.1|0.00|0.01|43.0389|30.912
15|46|0|315|11.3|32.0|135|69.0|40.3|0.00|0.01|43.0415|30.6795
15|47|0|315|27.6|32.0|135|70.8|39.9|0.00|0.01|43.042|30.0742
15|48|0|315|11.3|32.0|135|71.9|39.4|0.00|0.01|43.044|30.4221
15|50|0|315|10.2|32.0|135|72.7|39.1|0.00|0.01|43.0458|30.7658
15|51|0|315|17.5|32.0|135|73.7|38.7|0.00|0.01|43.047|30.1413
15|53|0|315|7.3|32.0|135|75.7|38.4|0.01|0.02|43.0471|30.805
15|54|0|0|6.4|32.0|135|76.4|38.3|0.01|0.02|43.0464|31.131
15|55|0|0|10.2|32.0|135|77.2|38.3|0.01|0.02|43.0482|31.4532
15|56|0|0|9.7|32.0|135|77.6|38.2|0.01|0.02|43.0484|31.4532
15|57|0|0|8.7|32.0|135|78.4|38.2|0.01|0.02|43.0484|31.7718
15|58|0|0|7.3|32.0|135|78.9|38.2|0.01|0.02|43.0516|31.7718
15|59|0|0|8.7|32.0|135|79.3|38.3|0.01|0.02|43.0517|32.0868
16|00|0|0|7.3|32.0|135|79.6|38.3|0.01|0.02|43.0497|32.0868
16|01|0|0|7.3|32.0|135|80.0|38.4|0.01|0.02|43.0478|32.3982
16|02|0|0|11.6|32.0|135|80.0|38.5|0.01|0.02|43.0436|32.3982
16|03|0|0|4.8|32.0|135|80.0|38.5|0.01|0.02|43.0451|32.3982
16|04|0|0|8.7|32.0|135|79.8|38.7|0.01|0.02|43.0458|32.0868
16|05|0|0|8.7|32.0|135|80.2|38.9|0.01|0.02|43.0458|32.3982
16|06|0|0|11.6|32.0|135|80.5|39.0|0.01|0.02|43.0481|33.3725
16|07|0|0|8.7|32.0|135|80.7|39.1|0.01|0.02|43.0468|33.3725
16|08|0|0|5.8|32.0|135|80.4|39.2|0.01|0.02|43.0487|33.3725
16|09|0|0|7.3|32.0|135|80.8|39.3|0.01|0.02|43.0509|33.3725
16|11|0|315|5.8|32.0|135|80.2|39.4|0.01|0.02|43.0539|33.3725
16|12|0|0|5.8|32.0|135|80.9|39.5|0.01|0.02|43.0548|33.3725
16|13|0|0|7.3|32.0|135|80.2|39.7|0.01|0.02|43.0565|33.3725
16|15|0|338|5.8|32.0|135|79.6|39.9|0.02|0.03|43.061|33.0596
16|16|0|0|4.4|32.0|135|79.9|40.0|0.02|0.03|43.0604|34.0324
16|17|0|0|7.3|32.0|135|80.1|40.1|0.02|0.03|43.0614|34.3467
16|18|0|315|5.8|32.0|135|79.7|40.1|0.02|0.03|43.0609|34.0324
16|19|0|0|4.8|32.0|135|79.4|40.1|0.02|0.03|43.0593|34.0324
16|20|0|0|4.4|32.0|135|80.2|40.2|0.02|0.03|43.0595|34.3467
16|21|0|315|7.3|32.0|135|79.5|40.2|0.02|0.03|43.0584|34.0324
16|22|0|0|6.4|32.0|135|79.0|40.3|0.02|0.03|43.0595|34.0324
16|23|0|0|5.8|32.0|135|79.1|40.3|0.02|0.03|43.0604|34.0324
16|24|0|0|5.8|32.0|135|79.3|40.4|0.02|0.03|43.061|34.0324
16|26|0|0|10.2|32.0|135|79.9|40.4|0.02|0.03|43.0621|34.0324
16|27|0|0|8.7|32.0|135|79.0|40.5|0.02|0.03|43.0641|34.0324
16|28|0|0|8.0|32.0|135|78.7|40.4|0.02|0.03|43.0613|33.7146
16|29|0|315|7.3|32.0|135|77.2|40.4|0.03|0.04|43.0642|33.3931
16|31|0|0|4.4|32.0|135|77.4|40.4|0.03|0.04|43.0646|33.3931
16|32|0|0|4.4|32.0|135|77.7|40.4|0.03|0.04|43.0629|33.3931
16|34|0|0|4.8|32.0|135|77.7|40.4|0.03|0.04|43.0596|33.3931
16|35|0|0|7.3|32.0|135|78.3|40.4|0.03|0.04|43.0601|33.7146
16|36|0|0|4.8|32.0|135|77.3|40.4|0.03|0.04|43.0585|33.3931
16|37|0|0|9.7|32.0|135|77.7|40.4|0.03|0.04|43.0566|33.3931
16|38|0|0|5.8|32.0|135|77.5|40.4|0.03|0.04|43.0619|33.3931
16|40|0|315|5.8|32.0|135|76.8|40.4|0.03|0.04|43.0637|33.0679
16|41|0|0|6.5|32.0|135|77.8|40.4|0.03|0.04|43.0634|33.3931
16|42|0|315|5.8|32.0|135|77.7|40.5|0.03|0.04|43.0649|33.3931
16|43|0|0|4.4|32.0|135|78.4|40.5|0.03|0.04|43.0661|33.7146
16|44|0|315|5.8|32.0|135|79.0|40.7|0.03|0.04|43.0636|34.0324
16|45|0|338|4.4|32.0|135|79.8|40.7|0.03|0.04|43.0638|34.0324
16|46|0|0|7.3|32.0|135|80.3|40.7|0.03|0.04|43.0632|34.3467
16|47|0|0|5.8|32.0|135|78.7|40.8|0.03|0.04|43.0642|33.7146
16|48|0|315|10.2|32.0|135|78.1|40.8|0.03|0.04|43.0676|33.7146
16|49|0|315|8.7|32.0|135|77.4|40.8|0.03|0.04|43.0693|33.3931
16|51|0|315|7.3|32.0|135|78.6|40.8|0.03|0.04|43.0716|33.7146
16|52|0|315|4.8|32.0|135|80.1|40.8|0.02|0.04|43.075|34.3467
16|53|0|315|10.2|32.0|135|79.3|40.8|0.02|0.04|43.0746|34.0324
16|54|0|315|9.7|32.0|135|78.8|40.8|0.02|0.04|43.075|33.7146
16|55|0|315|7.3|32.0|135|78.2|40.7|0.02|0.04|43.0766|33.7146
16|56|0|315|8.7|32.0|135|78.3|40.7|0.02|0.04|43.0777|33.7146
16|57|0|315|11.3|32.0|135|79.3|40.7|0.02|0.04|43.0798|34.0324
16|58|0|315|8.7|32.0|135|78.4|40.7|0.02|0.04|43.082|33.7146
16|59|0|315|4.4|32.0|135|79.3|40.7|0.02|0.04|43.084|34.0324
17|00|0|315|5.8|32.0|135|80.4|40.7|0.02|0.04|43.0829|34.3467
17|01|0|315|4.4|32.0|135|80.5|40.7|0.02|0.04|43.083|34.3467
17|02|0|315|10.2|32.0|135|80.8|40.5|0.02|0.04|43.0802|34.3467
17|03|0|315|7.3|32.0|135|77.9|40.4|0.02|0.04|43.082|33.3931
17|04|0|0|5.8|32.0|135|77.6|40.4|0.02|0.04|43.0787|33.3931
17|05|0|0|4.4|32.0|135|78.5|40.4|0.02|0.04|43.0768|33.7146
17|06|0|0|4.8|32.0|135|77.7|40.4|0.02|0.04|43.0758|33.3931
17|07|0|0|5.8|32.0|135|78.8|40.3|0.03|0.05|43.0745|33.7146
17|08|0|338|4.8|32.0|135|81.0|40.3|0.03|0.05|43.0722|34.6576
17|10|0|0|7.3|32.0|135|77.4|40.3|0.03|0.05|43.0696|33.3931
17|11|0|0|4.8|32.0|135|76.5|40.3|0.03|0.05|43.0712|33.0679
17|12|0|0|5.8|32.0|135|75.9|40.3|0.03|0.05|43.0693|32.7389
17|13|0|0|4.4|32.0|135|76.2|40.3|0.03|0.05|43.0722|33.0679
17|14|0|0|4.8|32.0|135|76.5|40.3|0.02|0.05|43.0707|33.0679
17|15|0|0|5.8|32.0|135|76.0|40.3|0.02|0.05|43.0725|33.0679
17|16|0|315|4.8|32.0|135|76.0|40.3|0.02|0.05|43.0766|33.0679
17|17|0|315|2.9|32.0|135|75.4|40.3|0.02|0.05|43.0751|32.7389
17|18|0|315|2.9|32.0|135|76.1|40.3|0.02|0.05|43.0743|33.0679
17|19|0|315|1.5|32.0|135|76.6|40.3|0.02|0.05|43.0747|33.0679
17|20|0|315|5.8|32.0|135|77.2|40.3|0.02|0.05|43.073|33.3931
17|21|0|338|4.8|32.0|135|76.2|40.3|0.02|0.05|43.0745|33.0679
17|22|0|0|5.8|32.0|135|76.4|40.3|0.02|0.05|43.0742|33.0679
17|23|0|0|4.8|32.0|135|76.6|40.3|0.02|0.05|43.0766|33.0679
17|25|0|0|7.3|32.0|135|76.3|40.2|0.02|0.05|43.0768|33.0679
17|26|0|0|7.3|32.0|135|76.7|40.2|0.02|0.05|43.0779|33.0679
17|28|0|0|5.8|32.0|135|77.0|40.1|0.02|0.05|43.078|33.3931
17|29|0|0|8.7|32.0|135|77.6|40.1|0.02|0.05|43.0779|33.3931
17|30|0|0|2.9|32.0|135|76.9|40.0|0.01|0.05|43.0788|33.0679
17|31|0|0|2.9|32.0|135|76.8|40.1|0.01|0.05|43.0823|33.0679
17|32|0|0|2.9|32.0|135|77.3|40.1|0.01|0.05|43.0816|33.3931
17|33|0|0|4.4|32.0|135|77.3|40.1|0.01|0.05|43.0766|33.3931
17|34|0|23|10.2|32.0|135|77.0|40.0|0.01|0.05|43.0731|33.3931
17|35|0|0|8.1|32.0|135|76.4|39.9|0.01|0.05|43.0705|32.0995
17|36|0|0|8.7|32.0|135|76.5|39.8|0.01|0.05|43.0681|32.0995
17|37|0|0|8.1|32.0|135|77.0|39.7|0.01|0.05|43.0663|32.4232
17|38|0|0|10.2|32.0|135|77.0|39.5|0.01|0.05|43.0634|32.4232
17|39|0|45|5.8|32.0|135|77.4|39.4|0.01|0.05|43.0635|32.4232
17|40|0|45|6.5|32.0|135|77.9|39.3|0.01|0.05|43.0617|32.4232
17|41|0|0|5.8|32.0|135|78.4|39.2|0.01|0.05|43.0649|32.7432
17|42|0|45|4.4|32.0|135|78.1|39.2|0.01|0.05|43.0658|32.7432
17|45|0|45|2.9|32.0|135|78.6|39.1|0.01|0.05|43.0701|32.7432
17|46|0|113|2.9|32.0|135|78.8|39.1|0.01|0.05|43.068|32.7432
17|47|0|45|2.9|32.0|135|78.9|39.0|0.01|0.05|43.0712|32.7432
17|48|0|45|4.4|32.0|135|79.5|39.0|0.01|0.05|43.0744|33.0596
17|50|0|45|7.3|32.0|135|80.6|38.6|0.01|0.05|43.0706|32.3982
17|52|0|45|5.8|32.0|135|80.9|38.5|0.01|0.05|43.0744|32.3982
17|53|0|45|4.4|32.0|135|81.0|38.5|0.01|0.05|43.0754|32.7063
17|54|0|45|2.9|32.0|135|81.2|38.5|0.01|0.05|43.0771|32.7063
17|55|0|45|2.9|32.0|135|81.5|38.5|0.01|0.05|43.0742|32.7063
17|56|0|45|4.4|32.0|135|81.3|38.5|0.01|0.05|43.0771|32.7063
17|57|0|90|4.8|32.0|135|81.1|38.5|0.01|0.05|43.0773|32.7063
17|58|0|45|4.4|32.0|135|81.1|38.5|0.01|0.05|43.077|32.7063
17|59|0|45|1.5|32.0|135|81.2|38.5|0.01|0.05|43.0755|32.7063
18|00|0|45|2.9|32.0|135|81.1|38.5|0.01|0.05|43.0751|32.7063
18|01|0|45|2.9|32.0|135|81.5|38.5|0.01|0.05|43.0758|32.7063
18|02|0|90|2.9|32.0|135|81.6|38.5|0.01|0.05|43.0764|32.7063
18|04|0|45|4.4|32.0|135|81.3|38.5|0.01|0.05|43.0778|32.7063
18|05|0|90|4.8|32.0|135|81.2|38.5|0.01|0.05|43.0761|32.7063
18|07|0|68|4.8|32.0|135|80.6|38.5|0.00|0.05|43.0755|32.3982
18|08|0|90|4.4|32.0|135|80.2|38.5|0.00|0.05|43.0731|32.3982
18|09|0|90|1.5|32.0|135|80.3|38.6|0.00|0.05|43.0745|32.3982
18|10|0|90|3.2|32.0|135|80.6|38.6|0.00|0.05|43.0714|32.3982
18|11|0|90|1.5|32.0|135|80.7|38.6|0.00|0.05|43.0707|32.3982
18|14|0|135|2.9|32.0|135|81.0|38.9|0.00|0.05|43.0676|32.7063
18|15|0|90|2.9|32.0|135|81.3|38.9|0.00|0.05|43.0666|32.7063
18|16|0|90|5.8|32.0|135|81.1|39.0|0.00|0.05|43.0658|33.682
18|17|0|90|2.9|32.0|135|80.4|39.0|0.00|0.05|43.0641|33.3725
18|18|0|135|2.9|32.0|135|80.5|39.0|0.00|0.05|43.0645|33.3725
18|19|0|90|3.2|32.0|135|80.8|39.1|0.01|0.07|43.0634|33.3725
18|20|0|90|7.3|32.0|135|80.5|39.1|0.01|0.07|43.0624|33.3725
18|21|0|113|4.8|32.0|135|79.6|39.1|0.01|0.07|43.06|33.0596
18|22|0|135|3.2|32.0|135|80.0|39.2|0.01|0.07|43.0607|33.3725
18|23|0|90|5.8|32.0|135|79.8|39.1|0.01|0.07|43.0587|33.0596
18|25|0|113|1.5|32.0|135|79.5|39.2|0.01|0.07|43.0589|33.0596
18|26|0|135|1.5|32.0|135|79.4|39.2|0.01|0.07|43.0573|33.0596
18|27|0|45|6.4|32.0|135|79.6|39.2|0.01|0.07|43.0579|33.0596
18|28|0|90|4.4|32.0|135|79.2|39.2|0.01|0.07|43.059|33.0596
18|29|0|90|11.3|32.0|135|79.1|39.1|0.01|0.07|43.0538|33.0596
18|30|0|135|4.4|32.0|135|79.1|39.2|0.01|0.07|43.0589|33.0596
18|31|0|113|8.1|32.0|135|79.5|39.2|0.01|0.07|43.0563|33.0596
18|33|0|45|4.8|32.0|135|79.3|39.3|0.01|0.07|43.0562|33.0596
18|34|0|90|3.2|32.0|135|78.8|39.3|0.01|0.07|43.0573|32.7432
18|35|0|158|4.4|32.0|135|79.1|39.3|0.02|0.08|43.0553|33.0596
18|36|0|135|4.8|32.0|135|79.1|39.3|0.02|0.08|43.0569|33.0596
18|37|0|135|7.3|32.0|135|79.0|39.3|0.02|0.08|43.057|33.0596
18|38|0|90|5.8|32.0|135|79.3|39.4|0.02|0.08|43.0598|33.0596
18|39|0|90|4.8|32.0|135|79.1|39.4|0.02|0.08|43.0588|33.0596
18|40|0|90|2.9|32.0|135|78.3|39.4|0.02|0.08|43.0598|32.7432
18|42|0|90|6.4|32.0|135|78.3|39.3|0.02|0.08|43.0595|32.7432
18|43|0|90|7.3|32.0|135|78.3|39.3|0.02|0.08|43.0574|32.7432
18|44|0|135|3.2|32.0|135|78.5|39.4|0.02|0.08|43.0605|32.7432
18|45|0|113|6.5|32.0|135|78.5|39.4|0.02|0.08|43.061|32.7432
18|46|0|90|2.9|32.0|135|78.3|39.4|0.02|0.08|43.0619|32.7432
18|47|0|113|4.8|32.0|135|78.2|39.4|0.02|0.08|43.06|32.7432
18|48|0|135|4.4|32.0|135|77.9|39.4|0.02|0.08|43.0603|32.4232
18|49|0|135|2.9|32.0|135|78.0|39.5|0.02|0.08|43.0624|32.7432
18|50|0|90|4.4|32.0|135|77.8|39.5|0.03|0.09|43.0621|32.4232
18|51|0|135|1.5|32.0|135|77.4|39.5|0.03|0.09|43.0625|32.4232
18|52|0|135|3.2|32.0|135|77.5|39.5|0.03|0.09|43.0605|32.4232
18|53|0|135|2.9|32.0|135|77.3|39.7|0.03|0.09|43.0587|32.4232
18|54|0|90|1.6|32.0|135|77.5|39.8|0.03|0.09|43.0586|32.4232
18|55|0|90|2.9|32.0|135|77.6|39.9|0.03|0.09|43.0595|32.4232
18|56|0|90|1.5|32.0|135|77.0|39.9|0.03|0.09|43.0618|32.4232
18|57|0|135|2.9|32.0|135|76.9|39.9|0.03|0.09|43.0619|32.0995
18|58|0|180|2.9|32.0|135|76.8|39.9|0.03|0.09|43.0625|32.0995
18|59|0|90|1.6|32.0|135|76.6|39.9|0.03|0.09|43.0634|32.0995
19|01|0|113|1.5|32.0|135|76.7|39.9|0.03|0.09|43.0643|32.0995
19|03|0|135|1.5|32.0|135|76.8|39.9|0.03|0.09|43.0658|32.0995
19|04|0|135|1.5|32.0|135|76.6|39.9|0.03|0.09|43.0657|32.0995
19|05|0|135|1.5|32.0|135|76.5|39.8|0.03|0.09|43.0654|32.0995
19|06|0|135|2.9|32.0|135|76.4|39.8|0.03|0.09|43.0637|32.0995
19|07|0|135|4.4|32.0|135|76.5|39.7|0.03|0.09|43.0644|32.0995
19|08|0|135|4.4|32.0|135|76.4|39.7|0.03|0.09|43.064|32.0995
19|10|0|135|2.9|32.0|135|76.6|39.7|0.03|0.09|43.0633|32.0995
19|11|0|135|3.2|32.0|135|77.0|39.7|0.03|0.09|43.0637|32.4232
19|12|0|158|1.5|32.0|135|77.0|39.5|0.03|0.09|43.0614|32.4232
19|13|0|135|3.2|32.0|135|76.8|39.5|0.03|0.09|43.0606|32.0995
19|15|0|158|3.2|32.0|135|76.8|39.4|0.03|0.09|43.0609|32.0995
19|16|0|180|1.5|32.0|135|77.0|39.4|0.03|0.09|43.0606|32.4232
19|17|0|180|2.9|32.0|135|77.1|39.4|0.03|0.09|43.0605|32.4232
19|18|0|135|1.5|32.0|135|77.3|39.4|0.02|0.09|43.0618|32.4232
19|19|0|180|1.5|32.0|135|77.3|39.4|0.02|0.09|43.0617|32.4232
19|21|0|180|2.9|32.0|135|77.5|39.4|0.02|0.09|43.0626|32.4232
19|22|0|135|3.2|32.0|135|77.6|39.4|0.02|0.09|43.0632|32.4232
19|23|0|180|4.4|32.0|135|77.5|39.3|0.02|0.09|43.0617|32.4232
19|24|0|135|2.9|32.0|135|77.7|39.3|0.02|0.09|43.0651|32.4232
19|25|0|180|1.5|32.0|135|77.6|39.2|0.02|0.09|43.0658|32.4232
19|26|0|180|4.4|32.0|135|77.9|39.2|0.02|0.09|43.0659|32.4232
19|27|0|135|4.4|32.0|135|78.2|39.2|0.02|0.09|43.066|32.7432
19|28|0|135|3.2|32.0|135|78.3|39.1|0.03|0.10|43.0654|32.7432
19|29|0|158|2.9|32.0|135|78.3|39.1|0.03|0.10|43.0638|32.7432
19|30|0|180|2.9|32.0|135|78.4|39.1|0.03|0.10|43.0653|32.7432
19|31|0|180|2.9|32.0|135|78.4|39.0|0.03|0.10|43.0628|32.7432
19|32|0|180|1.6|32.0|135|78.5|39.0|0.03|0.10|43.0661|32.7432
19|33|0|180|2.9|32.0|135|78.4|39.0|0.03|0.10|43.065|32.7432
19|34|0|180|1.6|32.0|135|78.5|38.9|0.03|0.10|43.0642|31.7718
19|35|0|135|1.5|32.0|135|78.7|38.9|0.02|0.10|43.0635|31.7718
19|37|0|135|0.0|32.0|135|78.7|38.9|0.02|0.10|43.0645|31.7718
19|38|0|135|0.0|32.0|135|78.5|38.9|0.02|0.10|43.0625|31.7718
19|39|0|23|1.5|32.0|135|78.4|38.9|0.02|0.10|43.0604|31.7718
19|40|0|23|1.6|32.0|135|78.2|38.9|0.02|0.10|43.0636|31.7718
19|41|0|23|1.5|32.0|135|78.1|38.7|0.02|0.10|43.0612|31.7718
19|42|0|90|1.5|32.0|135|78.1|38.7|0.02|0.10|43.0633|31.7718
19|43|0|90|0.0|32.0|135|78.1|38.7|0.02|0.10|43.0638|31.7718
19|44|0|90|0.0|32.0|135|78.1|38.7|0.02|0.10|43.0653|31.7718
19|45|0|90|0.0|32.0|135|78.2|38.7|0.02|0.10|43.0677|31.7718
19|46|0|90|1.6|32.0|135|78.3|38.6|0.02|0.10|43.0665|31.7718
19|47|0|90|1.5|32.0|135|78.5|38.6|0.02|0.10|43.0693|31.7718
19|48|0|90|1.6|32.0|135|78.5|38.6|0.02|0.10|43.0684|31.7718
19|49|0|90|1.5|32.0|135|78.6|38.5|0.01|0.10|43.068|31.7718
19|50|0|90|1.5|32.0|135|78.6|38.5|0.01|0.10|43.0674|31.7718
19|51|0|90|0.0|32.0|135|78.6|38.5|0.01|0.10|43.0691|31.7718
19|52|0|90|0.0|32.0|135|78.6|38.5|0.01|0.10|43.0684|31.7718
19|53|0|90|0.0|32.0|135|78.6|38.5|0.01|0.10|43.0698|31.7718
19|54|0|90|1.6|32.0|135|78.9|38.4|0.01|0.10|43.07|31.7718
19|57|0|90|0.0|32.0|135|79.2|38.4|0.01|0.10|43.0701|32.0868
19|58|0|90|0.0|32.0|135|79.2|38.4|0.01|0.10|43.0681|32.0868
19|59|0|90|0.0|32.0|135|79.2|38.4|0.01|0.10|43.0663|32.0868
20|00|0|90|1.5|32.0|135|79.2|38.4|0.01|0.10|43.0676|32.0868
20|01|0|90|1.6|32.0|135|79.1|38.4|0.01|0.10|43.0693|32.0868
20|02|0|90|1.5|32.0|135|79.2|38.4|0.01|0.10|43.0699|32.0868
20|03|0|90|0.0|32.0|135|79.4|38.4|0.01|0.10|43.0708|32.0868
20|04|0|90|0.0|32.0|135|79.5|38.4|0.01|0.10|43.07|32.0868
20|05|0|90|1.6|32.0|135|79.6|38.3|0.01|0.10|43.0705|32.0868
20|06|0|90|1.5|32.0|135|79.5|38.3|0.01|0.10|43.069|32.0868
20|07|0|90|1.5|32.0|135|79.5|38.2|0.01|0.10|43.069|32.0868
20|08|0|90|1.6|32.0|135|79.7|38.2|0.01|0.10|43.0686|32.0868
20|10|0|90|1.6|32.0|135|79.4|38.1|0.01|0.10|43.0673|32.0868
20|11|0|90|2.9|32.0|135|79.5|38.1|0.01|0.10|43.0693|32.0868
20|12|0|90|1.6|32.0|135|79.6|38.0|0.01|0.10|43.071|32.0868
20|13|0|90|1.5|32.0|135|79.4|38.0|0.01|0.10|43.0708|32.0868
20|15|0|90|1.6|32.0|135|79.4|38.0|0.01|0.10|43.0722|32.0868
20|16|0|90|2.9|32.0|135|79.5|37.8|0.01|0.10|43.073|31.1139
20|17|0|90|1.5|32.0|135|79.5|37.8|0.01|0.10|43.0733|31.1139
20|18|0|90|2.9|32.0|135|79.5|38.0|0.01|0.10|43.0739|32.0868
20|19|0|90|1.6|32.0|135|79.5|38.0|0.01|0.10|43.0767|32.0868
20|20|0|135|2.9|32.0|135|79.6|37.8|0.01|0.10|43.0783|31.1139
20|21|0|90|1.6|32.0|135|79.6|37.8|0.01|0.10|43.0771|31.1139
20|22|0|90|2.9|32.0|135|79.5|37.8|0.01|0.10|43.0802|31.1139
20|23|0|179|1.6|32.0|135|79.5|37.8|0.01|0.10|43.083|31.1139
20|24|0|90|2.9|32.0|135|79.6|37.8|0.01|0.10|43.0817|31.1139
20|25|0|68|3.2|32.0|135|79.7|37.8|0.01|0.10|43.0808|31.1139
20|26|0|90|2.9|32.0|135|80.0|37.7|0.01|0.10|43.0817|31.4239
20|27|0|90|2.9|32.0|135|80.2|37.7|0.00|0.10|43.0829|31.4239
20|28|0|68|2.9|32.0|135|80.2|37.8|0.00|0.10|43.0846|31.4239
20|30|0|90|2.9|32.0|135|80.2|37.7|0.00|0.10|43.0838|31.4239
20|31|0|90|2.9|32.0|135|80.4|37.7|0.00|0.10|43.085|31.4239
20|32|0|90|1.6|32.0|135|80.4|37.8|0.00|0.10|43.0841|31.4239
20|33|0|90|2.9|32.0|135|80.5|37.8|0.00|0.10|43.0838|31.4239
20|34|0|90|1.5|32.0|135|80.6|37.8|0.00|0.10|43.0848|31.4239
20|35|0|90|1.5|32.0|135|80.6|37.8|0.00|0.10|43.0843|31.4239
20|36|0|90|3.2|32.0|135|80.6|37.8|0.00|0.10|43.0861|31.4239
20|37|0|90|5.8|32.0|135|80.7|37.8|0.00|0.10|43.088|31.4239
20|38|0|90|3.2|32.0|135|80.7|37.8|0.00|0.10|43.085|31.4239
20|39|0|90|2.9|32.0|135|80.7|37.8|0.00|0.10|43.0871|31.4239
20|40|0|113|4.4|32.0|135|80.8|37.8|0.00|0.10|43.0872|31.4239
20|41|0|90|2.9|32.0|135|80.8|38.0|0.00|0.10|43.0889|32.3982
20|42|0|90|4.8|32.0|135|80.6|38.0|0.00|0.10|43.0894|32.3982
20|43|0|90|2.9|32.0|135|80.5|38.0|0.00|0.10|43.0891|32.3982
20|44|0|90|3.2|32.0|135|80.4|38.1|0.00|0.10|43.0886|32.3982
20|45|0|135|1.5|32.0|135|80.3|38.1|0.00|0.10|43.0856|32.3982
20|46|0|135|1.6|32.0|135|80.5|38.2|0.00|0.10|43.0865|32.3982
20|47|0|90|1.5|32.0|135|80.4|38.2|0.00|0.10|43.0874|32.3982
20|49|0|90|2.9|32.0|135|80.0|38.3|0.00|0.10|43.0867|32.3982
20|50|0|90|4.4|32.0|135|79.8|38.3|0.00|0.10|43.0862|32.0868
20|51|0|90|4.4|32.0|135|79.4|38.3|0.00|0.10|43.0881|32.0868
20|52|0|90|1.6|32.0|135|79.1|38.3|0.00|0.10|43.0899|32.0868
20|53|0|90|2.9|32.0|135|78.9|38.4|0.00|0.10|43.0924|31.7718
20|54|0|90|0.0|32.0|135|78.8|38.4|0.01|0.11|43.0926|31.7718
20|55|0|270|1.5|32.0|135|78.8|38.4|0.01|0.11|43.0942|31.7718
20|56|0|315|1.5|32.0|135|78.7|38.5|0.01|0.11|43.096|31.7718
20|57|0|270|1.5|32.0|135|78.6|38.5|0.01|0.11|43.0986|31.7718
20|58|0|270|1.5|32.0|135|78.5|38.5|0.01|0.11|43.0982|31.7718
20|59|0|90|0.0|32.0|135|78.4|38.6|0.01|0.11|43.0999|31.7718
21|00|0|0|1.5|32.0|135|78.2|38.6|0.01|0.11|43.0984|31.7718
21|01|0|68|3.2|32.0|135|77.8|38.6|0.01|0.11|43.0974|31.4532
21|02|0|90|1.5|32.0|135|77.7|38.6|0.01|0.11|43.0978|31.4532
21|03|0|90|1.5|32.0|135|77.5|38.5|0.01|0.11|43.0977|31.4532
21|04|0|90|1.5|32.0|135|77.3|38.5|0.01|0.11|43.0976|31.4532
21|05|0|90|1.6|32.0|135|77.2|38.5|0.01|0.11|43.0993|31.4532
21|06|0|90|0.0|32.0|135|77.2|38.5|0.01|0.11|43.1015|31.4532
21|08|0|90|0.0|32.0|135|77.3|38.5|0.01|0.11|43.1008|31.4532
21|09|0|90|1.5|32.0|135|77.3|38.6|0.01|0.11|43.1015|31.4532
21|11|0|90|0.0|32.0|135|77.3|38.6|0.01|0.11|43.0997|31.4532
21|12|0|135|1.6|32.0|135|77.4|38.6|0.01|0.11|43.0981|31.4532
21|13|0|113|1.5|32.0|135|77.7|38.6|0.01|0.11|43.0986|31.4532
21|14|0|113|1.6|32.0|135|78.2|38.6|0.01|0.11|43.0954|31.7718
21|15|0|90|1.5|32.0|135|78.3|38.5|0.01|0.11|43.0928|31.7718
21|16|0|90|3.2|32.0|135|78.3|38.5|0.01|0.11|43.0925|31.7718
21|17|0|90|1.5|32.0|135|78.4|38.4|0.01|0.11|43.0929|31.7718
21|18|0|90|2.9|32.0|135|78.0|38.4|0.01|0.11|43.0941|31.7718
21|19|0|90|1.5|32.0|135|77.8|38.4|0.01|0.11|43.0949|31.4532
21|20|0|225|1.5|32.0|135|77.8|38.4|0.01|0.11|43.0975|31.4532
21|21|0|225|1.6|32.0|135|77.9|38.4|0.01|0.11|43.0974|31.4532
21|23|0|225|0.0|32.0|135|78.0|38.5|0.01|0.11|43.1004|31.7718
21|24|0|225|1.5|32.0|135|78.1|38.5|0.01|0.11|43.1013|31.7718
21|25|0|225|0.0|32.0|135|78.1|38.5|0.01|0.11|43.1007|31.7718
21|27|0|90|2.9|32.0|135|77.8|38.5|0.01|0.11|43.1033|31.4532
21|28|0|90|2.9|32.0|135|77.8|38.5|0.01|0.11|43.1015|31.4532
21|29|0|90|1.5|32.0|135|77.6|38.5|0.01|0.11|43.1032|31.4532
21|30|0|90|1.5|32.0|135|77.6|38.4|0.01|0.11|43.1053|31.4532
21|31|0|90|0.0|32.0|135|77.6|38.4|0.01|0.11|43.1063|31.4532
21|32|0|90|1.5|32.0|135|77.5|38.4|0.01|0.11|43.1107|31.4532
21|33|0|90|1.5|32.0|135|77.7|38.4|0.01|0.11|43.1115|31.4532
21|34|0|90|0.0|32.0|135|78.0|38.4|0.01|0.11|43.1134|31.7718
21|35|0|90|1.5|32.0|135|78.0|38.4|0.01|0.11|43.1166|31.7718
21|36|0|135|2.9|32.0|135|78.1|38.3|0.01|0.11|43.1168|31.7718
21|37|0|270|2.9|32.0|135|78.3|38.3|0.01|0.11|43.1206|31.7718
21|38|0|270|2.9|32.0|135|78.8|38.3|0.01|0.11|43.123|31.7718
21|39|0|270|1.5|32.0|135|79.2|38.3|0.01|0.11|43.1233|32.0868
21|41|0|270|1.6|32.0|135|79.3|38.2|0.01|0.11|43.1231|32.0868
21|42|0|270|0.0|32.0|135|79.1|38.3|0.01|0.11|43.125|32.0868
21|43|0|270|0.0|32.0|135|78.8|38.2|0.01|0.11|43.125|31.7718
21|44|0|270|0.0|32.0|135|78.7|38.2|0.01|0.11|43.1251|31.7718
21|45|0|270|0.0|32.0|135|78.5|38.2|0.01|0.11|43.1256|31.7718
21|46|0|270|0.0|32.0|135|78.5|38.2|0.01|0.11|43.1282|31.7718
21|47|0|270|0.0|32.0|135|78.5|38.2|0.01|0.11|43.1289|31.7718
21|48|0|270|0.0|32.0|135|78.5|38.2|0.01|0.11|43.1319|31.7718
21|49|0|270|0.0|32.0|135|78.6|38.2|0.01|0.11|43.1323|31.7718
21|50|0|270|0.0|32.0|135|78.5|38.2|0.01|0.11|43.1341|31.7718
21|51|0|270|0.0|32.0|135|78.4|38.1|0.01|0.11|43.1329|31.7718
21|52|0|270|0.0|32.0|135|78.3|38.0|0.01|0.11|43.1335|31.7718
21|54|0|270|0.0|32.0|135|78.4|38.0|0.00|0.11|43.1338|31.7718
21|55|0|270|0.0|32.0|135|78.4|38.0|0.00|0.11|43.1358|31.7718
21|56|0|270|0.0|32.0|135|78.4|37.8|0.00|0.11|43.1355|30.8003
21|57|0|270|0.0|32.0|135|78.6|37.8|0.00|0.11|43.1384|30.8003
21|58|0|270|0.0|32.0|135|78.7|37.8|0.00|0.11|43.1378|30.8003
21|59|0|270|0.0|32.0|135|78.7|37.7|0.00|0.11|43.1387|30.8003
22|00|0|270|0.0|32.0|135|78.9|37.7|0.00|0.11|43.1385|30.8003
22|01|0|270|0.0|32.0|135|79.1|37.6|0.00|0.11|43.1364|31.1139
22|02|0|270|1.5|32.0|135|79.3|37.6|0.00|0.11|43.1387|31.1139
22|03|0|270|0.0|32.0|135|79.6|37.6|0.01|0.12|43.1393|31.1139
22|04|0|270|0.0|32.0|135|79.9|37.5|0.01|0.12|43.1397|31.1139
22|05|0|135|1.5|32.0|135|80.2|37.5|0.01|0.12|43.1376|31.4239
22|06|0|180|1.5|32.0|135|80.7|37.5|0.01|0.12|43.1399|31.4239
22|07|0|180|0.0|32.0|135|81.0|37.4|0.01|0.12|43.1399|31.7305
22|08|0|180|0.0|32.0|135|81.1|37.4|0.01|0.12|43.1412|31.7305
22|09|0|180|0.0|32.0|135|81.3|37.4|0.01|0.12|43.1426|31.7305
22|10|0|180|0.0|32.0|135|81.5|37.3|0.01|0.12|43.144|31.7305
22|12|0|180|1.5|32.0|135|81.3|37.3|0.01|0.12|43.1442|31.7305
22|13|0|180|0.0|32.0|135|81.3|37.2|0.01|0.12|43.1428|31.7305
22|14|0|180|0.0|32.0|135|81.2|37.2|0.01|0.12|43.1453|31.7305
22|15|0|180|1.5|32.0|135|81.1|37.1|0.01|0.12|43.145|31.7305
22|16|0|180|0.0|32.0|135|81.1|37.1|0.01|0.12|43.1475|31.7305
22|17|0|180|0.0|32.0|135|81.1|37.1|0.01|0.12|43.1466|31.7305
22|18|0|180|1.5|32.0|135|81.3|37.1|0.01|0.12|43.1472|31.7305
22|19|0|180|0.0|32.0|135|81.5|37.0|0.01|0.12|43.145|31.7305
22|21|0|180|0.0|32.0|135|81.7|37.0|0.01|0.12|43.1448|31.7305
22|22|0|180|0.0|32.0|135|81.8|37.0|0.01|0.12|43.1445|31.7305
22|23|0|180|0.0|32.0|135|82.0|37.0|0.01|0.12|43.1426|32.0339
22|24|0|180|1.6|32.0|135|82.3|37.0|0.01|0.12|43.1441|32.0339
22|25|0|180|1.5|32.0|135|82.9|37.0|0.01|0.12|43.1445|32.0339
22|26|0|180|1.5|32.0|135|83.3|37.0|0.01|0.12|43.144|32.3339
22|27|0|180|1.5|32.0|135|83.5|37.0|0.01|0.12|43.1438|32.3339
22|28|0|270|1.5|32.0|135|83.5|37.0|0.01|0.12|43.1455|32.3339
22|29|0|270|2.9|32.0|135|83.7|37.0|0.01|0.12|43.1438|32.3339
22|31|0|270|1.6|32.0|135|83.9|37.0|0.01|0.12|43.1466|32.3339
22|32|0|270|2.9|32.0|135|84.1|37.0|0.01|0.12|43.1469|32.6308
22|33|0|270|1.6|32.0|135|84.2|37.1|0.01|0.12|43.1482|32.6308
22|34|0|270|2.9|32.0|135|84.3|37.1|0.01|0.12|43.1489|32.6308
22|35|0|270|0.0|32.0|135|84.4|37.1|0.01|0.12|43.1491|32.6308
22|36|0|270|1.6|32.0|135|84.3|37.2|0.01|0.12|43.1499|32.6308
22|37|0|270|1.5|32.0|135|84.4|37.2|0.01|0.12|43.1498|32.6308
22|38|0|270|1.6|32.0|135|84.5|37.2|0.01|0.12|43.1508|32.6308
22|40|0|270|0.0|32.0|135|84.6|37.3|0.01|0.12|43.1547|32.6308
22|41|0|270|1.5|32.0|135|84.7|37.3|0.01|0.12|43.1554|32.6308
22|42|0|270|0.0|32.0|135|84.9|37.4|0.01|0.12|43.1579|32.6308
22|43|0|270|1.6|32.0|135|85.1|37.4|0.01|0.12|43.1566|32.9246
22|44|0|0|1.5|32.0|135|85.2|37.4|0.01|0.12|43.1562|32.9246
22|45|0|0|0.0|32.0|135|85.2|37.5|0.01|0.12|43.1592|32.9246
22|46|0|225|1.6|32.0|135|85.3|37.5|0.01|0.12|43.1597|32.9246
22|47|0|270|0.0|32.0|135|85.4|37.5|0.01|0.12|43.1609|32.9246
22|49|0|270|1.5|32.0|135|85.5|37.6|0.02|0.13|43.1616|32.9246
22|51|0|315|1.5|32.0|135|85.9|37.6|0.02|0.13|43.1642|32.9246
22|52|0|270|1.5|32.0|135|86.0|37.6|0.02|0.13|43.1635|33.2153
22|53|0|270|1.6|32.0|135|86.1|37.6|0.02|0.13|43.1659|33.2153
22|54|0|270|1.6|32.0|135|86.2|37.6|0.03|0.14|43.1651|33.2153
22|55|0|0|1.5|32.0|135|86.4|37.5|0.03|0.14|43.1646|33.2153
22|56|0|315|1.5|32.0|135|86.5|37.6|0.03|0.14|43.1656|33.2153
22|57|0|270|1.5|32.0|135|85.9|37.5|0.03|0.14|43.164|32.9246
22|58|0|270|1.6|32.0|135|85.3|37.5|0.03|0.14|43.1649|32.9246
22|59|0|315|1.5|32.0|135|85.1|37.4|0.03|0.14|43.1631|32.9246
23|00|0|0|1.5|32.0|135|85.4|37.5|0.03|0.14|43.166|32.9246
23|01|0|0|1.5|32.0|135|85.8|37.4|0.04|0.15|43.1635|32.9246
23|02|0|0|1.5|32.0|135|86.1|37.4|0.04|0.15|43.1634|33.2153
23|03|0|315|1.6|32.0|135|86.2|37.5|0.03|0.15|43.165|33.2153
23|04|0|315|1.5|32.0|135|86.1|37.5|0.03|0.15|43.1658|33.2153
23|05|0|315|0.0|32.0|135|85.9|37.5|0.03|0.15|43.1649|32.9246
23|07|0|315|1.5|32.0|135|85.6|37.4|0.03|0.15|43.1635|32.9246
23|08|0|315|2.9|32.0|135|85.6|37.5|0.03|0.15|43.166|32.9246
23|09|0|315|2.9|32.0|135|85.9|37.4|0.03|0.15|43.1659|32.9246
23|10|0|315|1.5|32.0|135|86.3|37.5|0.03|0.15|43.1664|33.2153
23|11|0|315|1.5|32.0|135|86.4|37.5|0.03|0.15|43.1665|33.2153
23|12|0|315|0.0|32.0|135|86.4|37.5|0.03|0.15|43.1686|33.2153
23|14|0|315|1.6|32.0|135|86.5|37.6|0.03|0.15|43.1706|33.2153
23|16|0|315|1.6|32.0|135|86.9|37.6|0.03|0.15|43.1714|33.2153
23|17|0|315|0.0|32.0|135|86.8|37.6|0.03|0.15|43.1721|33.2153
23|18|0|315|0.0|32.0|135|86.6|37.6|0.03|0.15|43.1719|33.2153
23|19|0|315|1.5|32.0|135|86.5|37.7|0.03|0.15|43.1728|33.2153
23|20|0|315|0.0|32.0|135|86.3|37.7|0.03|0.15|43.173|33.2153
23|21|0|315|0.0|32.0|135|86.2|37.7|0.03|0.15|43.1748|33.2153
23|22|0|315|0.0|32.0|135|86.1|37.7|0.03|0.15|43.1739|33.2153
23|23|0|315|0.0|32.0|135|86.0|37.7|0.03|0.15|43.1757|33.2153
23|24|0|315|0.0|32.0|135|86.0|37.7|0.03|0.15|43.1743|33.2153
23|25|0|315|0.0|32.0|135|85.9|37.8|0.03|0.15|43.1773|32.9246
23|27|0|315|0.0|32.0|135|85.9|37.8|0.03|0.15|43.176|32.9246
23|28|0|315|1.5|32.0|135|85.8|37.8|0.03|0.15|43.1764|32.9246
23|29|0|315|0.0|32.0|135|85.9|37.8|0.03|0.15|43.1764|32.9246
23|31|0|315|1.6|32.0|135|86.2|37.8|0.03|0.15|43.1772|33.2153
23|32|0|45|2.9|32.0|135|86.2|37.8|0.03|0.15|43.1776|33.2153
23|34|0|45|1.5|32.0|135|86.0|37.7|0.03|0.15|43.179|33.2153
23|35|0|45|1.5|32.0|135|85.9|37.7|0.03|0.15|43.1774|32.9246
23|36|0|45|2.9|32.0|135|85.8|37.7|0.03|0.15|43.1801|32.9246
23|37|0|45|2.9|32.0|135|85.8|37.7|0.03|0.15|43.18|32.9246
23|38|0|45|1.6|32.0|135|85.9|37.7|0.03|0.15|43.1795|32.9246
23|39|0|45|1.5|32.0|135|86.1|37.7|0.03|0.15|43.184|33.2153
23|40|0|45|3.2|32.0|135|86.4|37.7|0.03|0.15|43.1814|33.2153
23|41|0|45|1.5|32.0|135|86.6|37.7|0.03|0.15|43.1831|33.2153
23|42|0|45|1.6|32.0|135|86.8|37.7|0.03|0.15|43.183|33.2153
23|43|0|45|2.9|32.0|135|87.1|37.7|0.03|0.15|43.1831|33.503
23|44|0|45|2.9|32.0|135|87.4|37.7|0.03|0.15|43.182|33.503
23|45|0|23|2.9|32.0|135|87.5|37.7|0.03|0.15|43.1832|33.503
23|46|0|45|2.9|32.0|135|87.2|37.7|0.03|0.15|43.1837|33.503
23|47|0|23|1.6|32.0|135|87.0|37.7|0.03|0.15|43.1856|33.503
23|49|0|23|2.9|32.0|135|86.9|37.7|0.02|0.15|43.1854|33.2153
23|50|0|0|4.8|32.0|135|86.9|37.6|0.02|0.15|43.1849|33.2153
23|51|0|0|4.4|32.0|135|86.9|37.6|0.02|0.15|43.1872|33.2153
23|52|0|0|2.9|32.0|135|86.9|37.6|0.02|0.15|43.1871|33.2153
23|53|0|45|2.9|32.0|135|87.0|37.6|0.02|0.15|43.189|33.503
23|54|0|45|1.5|32.0|135|86.8|37.6|0.01|0.15|43.1883|33.2153
23|55|0|0|1.6|32.0|135|86.8|37.6|0.01|0.15|43.1878|33.2153
23|56|0|45|1.5|32.0|135|86.6|37.6|0.01|0.15|43.1897|33.2153
23|57|0|0|1.5|32.0|135|86.5|37.6|0.01|0.15|43.1878|33.2153
23|58|0|0|1.5|32.0|135|86.5|37.6|0.01|0.15|43.1888|33.2153
