00|00|0|270|0.0|5.8|135|25.2|68.8|0.00|0.00|43.3416|30.9172
00|01|0|315|0.0|5.8|135|26.4|68.8|0.00|0.00|43.3436|31.8845
00|02|0|90|1.6|5.8|135|25.9|68.9|0.00|0.00|43.3456|30.9172
00|03|0|135|1.5|5.8|135|23.0|68.8|0.00|0.00|43.341|28.8752
00|04|0|270|0.0|5.8|135|23.1|68.9|0.00|0.00|43.345|28.8752
00|05|0|315|1.5|5.8|135|24.8|68.9|0.00|0.00|43.3435|29.915
00|06|0|315|0.0|5.8|135|27.1|68.9|0.00|0.00|43.3442|32.8195
00|07|0|0|1.6|5.8|135|25.2|68.8|0.00|0.00|43.343|30.9172
00|08|0|0|0.0|5.8|135|25.3|68.8|0.00|0.00|43.3405|30.9172
00|09|0|270|1.5|5.8|135|27.3|68.8|0.00|0.00|43.343|32.8195
00|10|0|225|0.0|5.8|135|25.9|68.7|0.00|0.00|43.3435|30.9172
00|12|0|0|0.0|5.8|135|24.5|68.6|0.00|0.00|43.3419|29.915
00|13|0|315|1.5|5.8|135|23.7|68.6|0.00|0.00|43.3418|28.8752
00|14|0|0|1.5|5.8|135|25.6|68.5|0.00|0.00|43.3407|30.9172
00|15|0|113|1.5|5.8|135|26.8|68.5|0.00|0.00|43.3411|31.8845
00|16|0|135|1.5|5.8|135|25.8|68.3|0.00|0.00|43.3409|30.9172
00|18|0|315|1.6|5.8|135|23.4|68.2|0.00|0.00|43.3377|28.8752
00|20|0|45|2.9|5.8|135|25.2|68.2|0.00|0.00|43.338|30.9172
00|21|0|180|0.0|5.8|135|30.3|68.1|0.00|0.00|43.3394|35.4514
00|22|0|225|1.5|5.8|135|29.7|68.0|0.00|0.00|43.3404|34.601
00|23|0|0|1.5|5.8|135|27.4|68.0|0.00|0.00|43.337|32.8195
00|24|0|0|1.6|5.8|135|27.5|67.9|0.00|0.00|43.3376|31.9655
00|25|0|225|1.5|5.8|135|27.1|67.8|0.00|0.00|43.3404|31.9655
00|26|0|225|0.0|5.8|135|26.7|67.8|0.00|0.00|43.3378|31.0342
00|28|0|0|1.6|5.8|135|25.5|67.7|0.00|0.00|43.3357|30.0707
00|29|0|45|3.2|5.8|135|28.7|67.6|0.00|0.00|43.3346|32.8667
00|30|0|90|3.2|5.8|135|26.9|67.4|0.00|0.00|43.3352|31.0342
00|31|0|90|0.0|5.8|135|24.3|67.3|0.00|0.00|43.3371|29.0725
00|32|0|0|2.9|5.8|135|22.9|67.3|0.00|0.00|43.3353|26.9604
00|33|0|90|2.9|5.8|135|23.6|67.3|0.00|0.00|43.3356|28.0368
00|34|0|45|1.5|5.8|135|22.7|67.3|0.00|0.00|43.3345|26.9604
00|35|0|45|0.0|5.8|135|23.9|67.3|0.00|0.00|43.3339|28.0368
00|36|0|45|0.0|5.8|135|25.5|67.4|0.00|0.00|43.3344|30.0707
00|38|0|270|1.5|5.8|135|25.8|67.4|0.00|0.00|43.3347|30.0707
00|39|0|315|0.0|5.8|135|26.5|67.4|0.00|0.00|43.3342|31.0342
00|40|0|0|1.5|5.8|135|27.7|67.4|0.00|0.00|43.3326|31.9655
00|41|0|270|0.0|5.8|135|29.2|67.4|0.00|0.00|43.3337|33.7399
00|42|0|45|0.0|5.8|135|28.7|67.4|0.00|0.00|43.3337|32.8667
00|43|0|0|1.5|5.8|135|29.6|67.3|0.00|0.00|43.3333|33.7399
00|44|0|135|1.6|5.8|135|29.3|67.3|0.00|0.00|43.3342|33.7399
00|45|0|68|0.0|5.8|135|28.0|67.2|0.00|0.00|43.3341|32.8667
00|46|0|315|1.5|5.8|135|25.9|67.1|0.00|0.00|43.3335|30.0707
00|47|0|225|0.0|5.8|135|25.0|67.0|0.00|0.00|43.3324|30.0707
00|48|0|135|1.5|5.8|135|24.7|66.9|0.00|0.00|43.3315|28.2298
00|49|0|135|1.5|5.8|135|25.1|66.9|0.00|0.00|43.3296|29.224
00|50|0|315|1.6|5.8|135|25.2|66.9|0.00|0.00|43.327|29.224
00|52|0|0|2.9|5.8|135|29.3|66.9|0.00|0.00|43.3294|32.8785
00|53|0|0|1.5|5.8|135|30.8|66.8|0.00|0.00|43.3294|33.7221
00|54|0|0|1.6|5.8|135|28.7|66.7|0.00|0.00|43.3269|32.0088
00|55|0|248|1.5|5.8|135|29.2|66.7|0.00|0.00|43.327|32.8785
00|56|0|225|1.5|5.8|135|29.1|66.5|0.00|0.00|43.3315|32.8785
00|57|0|315|2.9|5.8|135|26.1|66.3|0.00|0.00|43.3274|30.1837
00|58|0|90|1.5|5.8|135|24.9|66.2|0.00|0.00|43.3281|28.2298
00|59|0|90|1.6|5.8|135|26.0|66.2|0.00|0.00|43.3274|30.1837
01|00|0|45|1.5|5.8|135|24.1|66.1|0.00|0.00|43.3245|28.2298
01|01|0|203|1.5|5.8|135|24.4|66.1|0.00|0.00|43.3279|28.2298
01|02|0|270|2.9|5.8|135|24.7|66.1|0.00|0.00|43.3281|28.2298
01|03|0|225|1.5|5.8|135|25.4|66.1|0.00|0.00|43.3286|29.224
01|05|0|90|1.6|5.8|135|25.7|66.2|0.00|0.00|43.329|29.224
01|06|0|135|0.0|5.8|135|23.8|66.2|0.00|0.00|43.3323|27.1982
01|07|0|315|1.5|5.8|135|23.7|66.2|0.00|0.00|43.3277|27.1982
01|08|0|315|1.6|5.8|135|28.1|66.2|0.00|0.00|43.3308|32.0088
01|09|0|315|2.9|5.8|135|29.5|66.2|0.00|0.00|43.3302|32.8785
01|10|0|0|0.0|5.8|135|28.3|66.1|0.00|0.00|43.3313|32.0088
01|11|0|45|1.6|5.8|135|27.2|66.0|0.00|0.00|43.3318|31.1112
01|12|0|45|1.5|5.8|135|27.3|65.9|0.00|0.00|43.3322|30.2567
01|13|0|45|1.5|5.8|135|26.0|65.8|0.00|0.00|43.3291|29.3328
01|14|0|90|1.5|5.8|135|25.4|65.6|0.00|0.00|43.3298|28.377
01|15|0|90|1.5|5.8|135|24.8|65.6|0.00|0.00|43.3291|27.3867
01|16|0|135|0.0|5.8|135|24.8|65.6|0.00|0.00|43.3291|27.3867
01|18|0|225|0.0|5.8|135|26.6|65.6|0.00|0.00|43.3289|29.3328
01|20|0|45|1.5|5.8|135|25.9|65.8|0.00|0.00|43.3283|28.377
01|21|0|45|0.0|5.8|135|24.3|65.8|0.00|0.00|43.3278|27.3867
01|22|0|0|1.5|5.8|135|24.0|65.8|0.00|0.00|43.3282|27.3867
01|23|0|315|1.5|5.8|135|24.7|65.8|0.00|0.00|43.3282|27.3867
01|24|0|0|0.0|5.8|135|26.2|65.8|0.00|0.00|43.3265|29.3328
01|25|0|0|1.5|5.8|135|26.1|65.8|0.00|0.00|43.3256|29.3328
01|26|0|270|1.6|5.8|135|26.8|65.8|0.00|0.00|43.3267|29.3328
01|27|0|270|1.6|5.8|135|27.7|65.8|0.00|0.00|43.3259|30.2567
01|28|0|225|0.0|5.8|135|27.1|65.6|0.00|0.00|43.3268|30.2567
01|29|0|0|1.5|5.8|135|27.0|65.6|0.00|0.00|43.3247|30.2567
01|30|0|0|1.6|5.8|135|25.4|65.5|0.00|0.00|43.3238|28.377
01|31|0|315|1.5|5.8|135|26.4|65.5|0.00|0.00|43.3241|29.3328
01|32|0|0|1.5|5.8|135|28.0|65.5|0.00|0.00|43.3229|31.1507
01|33|0|0|1.6|5.8|135|28.6|65.4|0.00|0.00|43.3217|31.1507
01|34|0|0|0.0|5.8|135|29.4|65.4|0.00|0.00|43.3226|32.0169
01|35|0|0|0.0|5.8|135|27.8|65.4|0.00|0.00|43.3214|30.2567
01|36|0|0|1.5|5.8|135|26.1|65.3|0.00|0.00|43.3201|29.3328
01|37|0|0|1.5|5.8|135|27.6|65.3|0.00|0.00|43.3181|30.2567
01|38|0|0|0.0|5.8|135|27.2|65.3|0.00|0.00|43.3192|30.2567
01|40|0|90|0.0|5.8|135|26.6|65.3|0.00|0.00|43.3199|29.3328
01|41|0|23|1.5|5.8|135|25.6|65.2|0.00|0.00|43.3163|28.377
01|44|0|45|0.0|5.8|135|25.9|65.3|0.00|0.00|43.3161|28.377
01|46|0|0|1.5|5.8|135|25.2|65.4|0.00|0.00|43.318|28.377
01|47|0|0|0.0|5.8|135|26.1|65.4|0.00|0.00|43.3181|29.3328
01|48|0|225|2.9|5.8|135|26.6|65.5|0.00|0.00|43.3213|29.3328
01|49|0|225|1.5|5.8|135|27.9|65.6|0.00|0.00|43.3219|30.2567
01|51|0|225|0.0|5.8|135|25.4|65.5|0.00|0.00|43.3185|28.377
01|53|0|90|0.0|5.8|135|24.2|65.5|0.00|0.00|43.3181|27.3867
01|54|0|45|0.0|5.8|135|24.7|65.5|0.00|0.00|43.3186|27.3867
01|55|0|0|1.5|5.8|135|27.9|65.4|0.00|0.00|43.3188|30.2567
01|56|0|0|1.5|5.8|135|29.4|65.4|0.00|0.00|43.3174|32.0169
01|57|0|0|0.0|5.8|135|29.4|65.3|0.00|0.00|43.3175|32.0169
01|58|0|45|0.0|5.8|135|28.1|65.3|0.00|0.00|43.3159|31.1507
01|59|0|45|0.0|5.8|135|28.8|65.2|0.00|0.00|43.315|31.1507
02|00|0|45|2.9|5.8|135|29.2|65.1|0.00|0.00|43.3141|32.0169
02|01|0|45|0.0|5.8|135|28.4|65.0|0.00|0.00|43.3161|31.1507
02|03|0|225|1.5|5.8|135|29.5|64.9|0.00|0.00|43.3186|31.155
02|04|0|225|0.0|5.8|135|29.5|64.7|0.00|0.00|43.3181|31.155
02|05|0|225|1.6|5.8|135|28.9|64.7|0.00|0.00|43.3205|30.2923
02|06|0|135|1.5|5.8|135|28.2|64.6|0.00|0.00|43.3212|30.2923
02|07|0|180|1.5|5.8|135|27.7|64.5|0.00|0.00|43.3203|29.4018
02|08|0|135|1.5|5.8|135|27.1|64.3|0.00|0.00|43.323|29.4018
02|10|0|135|1.5|5.8|135|26.2|64.2|0.00|0.00|43.3237|28.4817
02|11|0|135|1.5|5.8|135|26.5|64.1|0.00|0.00|43.3228|28.4817
02|12|0|180|0.0|5.8|135|26.3|64.0|0.00|0.00|43.3224|28.4817
02|13|0|180|0.0|5.8|135|25.3|63.8|0.00|0.00|43.3207|26.6821
02|14|0|180|0.0|5.8|135|24.6|63.8|0.00|0.00|43.3204|25.6997
02|15|0|225|0.0|5.8|135|25.7|63.8|0.00|0.00|43.322|26.6821
02|16|0|315|1.5|5.8|135|28.5|63.7|0.00|0.00|43.3227|29.4336
02|17|0|315|1.6|5.8|135|29.9|63.6|0.00|0.00|43.321|30.2928
02|18|0|315|1.5|5.8|135|31.2|63.5|0.00|0.00|43.3207|31.9355
02|19|0|315|1.6|5.8|135|34.3|63.4|0.00|0.00|43.3213|34.2317
02|20|0|270|1.5|5.8|135|32.5|63.2|0.00|0.00|43.3187|32.7219
02|21|0|225|0.0|5.8|135|30.6|62.9|0.00|0.00|43.3175|30.2604
02|22|0|225|0.0|5.8|135|30.2|62.8|0.00|0.00|43.3174|30.2604
02|23|0|225|0.0|5.8|135|31.5|62.7|0.00|0.00|43.3189|31.0663
02|24|0|225|0.0|5.8|135|32.7|62.5|0.00|0.00|43.3186|31.8496
02|25|0|315|1.5|5.8|135|36.7|62.4|0.00|0.00|43.321|34.7807
02|26|0|225|2.9|5.8|135|37.2|62.2|0.00|0.00|43.3215|35.4683
02|28|0|225|2.9|5.8|135|36.8|62.0|0.00|0.00|43.3266|34.7807
02|29|0|270|1.5|5.8|135|36.4|61.9|0.00|0.00|43.3286|33.8961
02|30|0|225|1.5|5.8|135|34.3|61.7|0.00|0.00|43.3265|32.4745
02|31|0|225|0.0|5.8|135|32.4|61.6|0.00|0.00|43.3256|30.977
02|32|0|135|0.0|5.8|135|32.8|61.5|0.00|0.00|43.3265|30.977
02|34|0|90|0.0|5.8|135|30.2|61.4|0.00|0.00|43.3256|29.3943
02|35|0|90|0.0|5.8|135|29.2|61.2|0.00|0.00|43.3237|28.5676
02|36|0|180|0.0|5.8|135|29.4|61.2|0.00|0.00|43.3257|28.5676
02|37|0|180|0.0|5.8|135|31.0|61.2|0.00|0.00|43.3278|30.197
02|38|0|225|0.0|5.8|135|31.8|61.2|0.00|0.00|43.331|30.197
02|39|0|225|0.0|5.8|135|32.3|61.2|0.00|0.00|43.3309|30.977
02|40|0|315|0.0|5.8|135|32.2|61.2|0.00|0.00|43.3307|30.977
02|41|0|0|1.6|5.8|135|31.9|61.1|0.00|0.00|43.3287|30.197
02|42|0|0|1.5|5.8|135|34.8|61.1|0.00|0.00|43.3283|32.4745
02|43|0|315|1.5|5.8|135|35.1|61.0|0.00|0.00|43.3289|33.1943
02|44|0|315|1.5|5.8|135|36.6|60.9|0.00|0.00|43.3298|33.0113
02|46|0|0|0.0|5.8|135|35.2|60.8|0.00|0.00|43.3286|32.3124
02|47|0|0|0.0|5.8|135|34.2|60.7|0.00|0.00|43.3297|31.5956
02|48|0|0|0.0|5.8|135|33.5|60.6|0.00|0.00|43.3319|30.8599
02|49|0|203|0.0|5.8|135|32.9|60.5|0.00|0.00|43.3338|30.1042
02|50|0|180|0.0|5.8|135|35.1|60.5|0.00|0.00|43.3355|32.3124
02|51|0|180|0.0|5.8|135|34.6|60.3|0.00|0.00|43.3348|31.5956
02|52|0|45|1.6|5.8|135|31.7|60.2|0.00|0.00|43.3376|29.3273
02|53|0|225|1.5|5.8|135|31.2|60.2|0.00|0.00|43.338|29.3273
02|54|0|180|1.5|5.8|135|33.0|60.1|0.00|0.00|43.3394|30.8599
02|55|0|225|1.5|5.8|135|34.1|60.1|0.00|0.00|43.3416|31.5956
02|56|0|180|0.0|5.8|135|34.0|60.1|0.00|0.00|43.3404|31.5956
02|57|0|135|1.5|5.8|135|33.7|60.1|0.00|0.00|43.3428|30.8599
02|58|0|135|1.5|5.8|135|32.9|60.1|0.00|0.00|43.3425|30.1042
03|00|0|180|2.9|5.8|135|32.0|60.0|0.00|0.00|43.3441|30.1042
03|02|0|180|0.0|5.8|135|30.6|60.0|0.00|0.00|43.3443|28.528
03|03|0|180|0.0|5.8|135|30.7|60.0|0.00|0.00|43.345|28.528
03|04|0|270|1.5|5.8|135|31.7|60.0|0.00|0.00|43.3467|29.3273
03|05|0|270|1.5|5.8|135|33.0|60.0|0.00|0.00|43.3465|30.8599
03|06|0|270|1.5|5.8|135|32.4|60.0|0.00|0.00|43.346|30.1042
03|07|0|270|1.5|5.8|135|32.6|60.0|0.00|0.00|43.3484|30.1042
03|08|0|270|0.0|5.8|135|33.7|60.0|0.00|0.00|43.3491|30.8599
03|09|0|270|3.2|5.8|135|36.5|59.9|0.00|0.00|43.3509|32.1262
03|10|0|315|1.5|5.8|135|37.5|59.9|0.00|0.00|43.3538|32.8054
03|12|0|315|2.9|5.8|135|39.9|59.6|0.00|0.00|43.3539|34.1163
03|13|0|315|1.6|5.8|135|43.0|59.3|0.00|0.00|43.358|36.5692
03|14|0|315|1.5|5.8|135|42.6|59.0|0.00|0.00|43.3583|35.9755
03|15|0|315|3.2|5.8|135|41.6|58.5|0.00|0.00|43.353|34.4704
03|16|0|270|2.9|5.8|135|40.2|58.2|0.00|0.00|43.3544|33.8535
03|17|0|270|1.5|5.8|135|40.5|57.9|0.00|0.00|43.3505|32.9571
03|18|0|315|1.6|5.8|135|40.4|57.7|0.00|0.00|43.3466|32.9571
03|19|0|315|1.5|5.8|135|41.7|57.5|0.00|0.00|43.3483|33.5715
03|20|0|315|2.9|5.8|135|44.1|57.4|0.00|0.00|43.3482|35.3382
03|21|0|315|2.9|5.8|135|44.4|57.3|0.00|0.00|43.3474|35.3382
03|22|0|315|1.5|5.8|135|45.4|57.3|0.00|0.00|43.3488|35.9035
03|23|0|0|1.5|5.8|135|45.8|57.3|0.00|0.00|43.3511|35.9035
03|24|0|315|1.5|5.8|135|45.1|57.2|0.00|0.00|43.3496|35.9035
03|25|0|0|1.5|5.8|135|44.2|57.2|0.00|0.00|43.3515|35.3382
03|26|0|315|1.5|5.8|135|44.6|57.2|0.00|0.00|43.3514|35.3382
03|27|0|315|2.9|5.8|135|43.3|57.1|0.00|0.00|43.3514|34.7615
03|28|0|315|1.5|5.8|135|44.5|57.1|0.00|0.00|43.3497|35.3382
03|29|0|315|2.9|5.8|135|44.0|57.1|0.00|0.00|43.3508|35.3382
03|30|0|315|1.5|5.8|135|43.3|57.1|0.00|0.00|43.3508|34.7615
03|32|0|0|2.9|5.8|135|42.1|57.1|0.00|0.00|43.3523|34.1727
03|33|0|338|1.6|5.8|135|39.3|57.2|0.00|0.00|43.3547|32.3291
03|34|0|0|2.9|5.8|135|40.2|57.2|0.00|0.00|43.3537|32.9571
03|36|0|0|4.4|5.8|135|38.0|57.4|0.00|0.00|43.3547|31.6866
03|37|0|0|1.5|5.8|135|37.6|57.5|0.00|0.00|43.3554|31.029
03|38|0|315|0.0|5.8|135|37.4|57.7|0.00|0.00|43.3583|31.029
03|39|0|315|2.9|5.8|135|37.3|57.8|0.00|0.00|43.3557|31.029
03|40|0|0|1.6|5.8|135|36.3|57.9|0.00|0.00|43.3579|30.3555
03|41|0|0|1.5|5.8|135|36.7|58.0|0.00|0.00|43.3575|31.241
03|42|0|0|1.5|5.8|135|37.9|58.1|0.00|0.00|43.3604|31.9173
03|43|0|0|1.6|5.8|135|37.7|58.2|0.00|0.00|43.3594|31.9173
03|44|0|0|0.0|5.8|135|37.2|58.2|0.00|0.00|43.3611|31.9173
03|45|0|45|0.0|5.8|135|36.4|58.3|0.00|0.00|43.361|31.241
03|46|0|45|0.0|5.8|135|36.4|58.4|0.00|0.00|43.3645|31.241
03|47|0|135|1.5|5.8|135|36.5|58.4|0.00|0.00|43.3631|31.241
03|48|0|0|1.6|5.8|135|36.7|58.5|0.00|0.00|43.3634|31.241
03|49|0|135|1.5|5.8|135|37.3|58.5|0.00|0.00|43.3649|31.9173
03|51|0|135|0.0|5.8|135|37.6|58.7|0.00|0.00|43.3651|31.9173
03|52|0|270|0.0|5.8|135|37.1|58.7|0.00|0.00|43.3658|31.9173
03|53|0|270|0.0|5.8|135|36.9|58.7|0.00|0.00|43.3654|31.241
03|54|0|270|0.0|5.8|135|36.6|58.7|0.00|0.00|43.367|31.241
03|55|0|135|1.5|5.8|135|36.6|58.7|0.00|0.00|43.3685|31.241
03|57|0|135|1.6|5.8|135|36.5|58.7|0.00|0.00|43.3706|31.241
03|58|0|180|1.5|5.8|135|36.9|58.7|0.00|0.00|43.3719|31.241
03|59|0|180|1.5|5.8|135|37.1|58.5|0.00|0.00|43.3731|31.9173
04|00|0|180|1.5|5.8|135|36.9|58.5|0.00|0.00|43.3731|31.241
04|01|0|180|0.0|5.8|135|37.1|58.5|0.00|0.00|43.3743|31.9173
04|02|0|180|0.0|5.8|135|37.0|58.4|0.00|0.00|43.373|31.9173
04|04|0|90|0.0|5.8|135|36.1|58.3|0.00|0.00|43.3743|31.241
04|05|0|90|1.6|5.8|135|35.5|58.3|0.00|0.00|43.3742|30.5478
04|06|0|45|1.5|5.8|135|35.2|58.2|0.00|0.00|43.375|30.5478
04|07|0|45|0.0|5.8|135|35.2|58.2|0.00|0.00|43.3754|30.5478
04|09|0|45|0.0|5.8|135|35.6|58.1|0.00|0.00|43.3739|30.5478
04|10|0|45|0.0|5.8|135|35.7|58.1|0.00|0.00|43.3731|30.5478
04|11|0|45|1.6|5.8|135|36.8|58.0|0.00|0.00|43.3736|31.241
04|12|0|45|1.5|5.8|135|37.6|58.0|0.00|0.00|43.3734|31.9173
04|13|0|45|0.0|5.8|135|37.4|57.9|0.00|0.00|43.3729|31.029
04|14|0|45|0.0|5.8|135|36.6|57.9|0.00|0.00|43.3728|30.3555
04|15|0|45|0.0|5.8|135|35.9|57.8|0.00|0.00|43.3723|29.6652
04|16|0|0|0.0|5.8|135|37.0|57.8|0.00|0.00|43.3715|31.029
04|18|0|0|0.0|5.8|135|38.0|57.7|0.00|0.00|43.3722|31.6866
04|19|0|0|0.0|5.8|135|39.3|57.7|0.00|0.00|43.3724|32.3291
04|20|0|315|0.0|5.8|135|39.9|57.5|0.00|0.00|43.3719|32.3291
04|21|0|315|0.0|5.8|135|39.7|57.5|0.00|0.00|43.3724|32.3291
04|22|0|270|0.0|5.8|135|39.9|57.4|0.00|0.00|43.371|32.3291
04|23|0|225|1.6|5.8|135|40.0|57.4|0.00|0.00|43.3727|32.9571
04|24|0|225|1.6|5.8|135|43.0|57.3|0.00|0.00|43.373|34.7615
04|25|0|225|0.0|5.8|135|43.0|57.3|0.00|0.00|43.3741|34.7615
04|26|0|225|0.0|5.8|135|42.8|57.2|0.00|0.00|43.3724|34.1727
04|28|0|225|0.0|5.8|135|42.3|57.2|0.00|0.00|43.3755|34.1727
04|29|0|45|0.0|5.8|135|42.7|57.1|0.00|0.00|43.3759|34.1727
04|30|0|135|0.0|5.8|135|42.8|57.0|0.00|0.00|43.3758|34.1727
04|31|0|180|1.6|5.8|135|40.4|57.0|0.00|0.00|43.378|32.9571
04|32|0|135|0.0|5.8|135|41.0|56.9|0.00|0.00|43.3807|32.6723
04|33|0|135|1.5|5.8|135|40.8|56.9|0.00|0.00|43.3816|32.0606
04|34|0|45|0.0|5.8|135|40.8|56.7|0.00|0.00|43.3822|32.0606
04|35|0|90|1.5|5.8|135|37.9|56.7|0.00|0.00|43.3805|30.1405
04|36|0|113|0.0|5.8|135|36.4|56.7|0.00|0.00|43.3819|29.4697
04|37|0|180|0.0|5.8|135|34.7|56.9|0.00|0.00|43.3826|28.0773
04|38|0|180|0.0|5.8|135|34.2|56.9|0.00|0.00|43.3805|28.0773
04|39|0|135|0.0|5.8|135|34.7|57.1|0.00|0.00|43.3846|28.9573
04|40|0|90|0.0|5.8|135|34.3|57.2|0.00|0.00|43.3832|28.9573
04|41|0|90|1.5|5.8|135|33.6|57.3|0.00|0.00|43.3817|28.2306
04|42|0|68|1.6|5.8|135|33.2|57.4|0.00|0.00|43.3805|28.2306
04|43|0|90|2.9|5.8|135|32.7|57.7|0.00|0.00|43.3806|27.4842
04|44|0|90|1.5|5.8|135|32.1|57.9|0.00|0.00|43.3823|27.4842
04|45|0|135|1.6|5.8|135|31.9|58.1|0.00|0.00|43.3851|27.5873
04|46|0|180|0.0|5.8|135|31.9|58.2|0.00|0.00|43.3845|27.5873
04|49|0|180|0.0|5.8|135|32.1|58.4|0.00|0.00|43.3877|28.3578
04|51|0|180|0.0|5.8|135|31.8|58.7|0.00|0.00|43.3918|27.5873
04|52|0|135|1.5|5.8|135|31.2|58.8|0.00|0.00|43.3941|27.5873
04|53|0|180|0.0|5.8|135|31.1|58.9|0.00|0.00|43.3938|27.5873
04|54|0|180|0.0|5.8|135|30.4|58.9|0.00|0.00|43.3966|26.7945
04|55|0|135|1.5|5.8|135|30.4|59.0|0.00|0.00|43.3978|27.6614
04|56|0|90|0.0|5.8|135|30.1|59.1|0.00|0.00|43.3983|27.6614
04|57|0|90|2.9|5.8|135|29.4|59.1|0.00|0.00|43.3986|26.8414
04|58|0|90|2.9|5.8|135|29.1|59.3|0.00|0.00|43.3977|26.8414
04|59|0|45|2.9|5.8|135|28.9|59.5|0.00|0.00|43.3988|25.996
05|00|0|90|2.9|5.8|135|28.6|59.6|0.00|0.00|43.3968|25.996
05|01|0|90|2.9|5.8|135|28.6|59.7|0.00|0.00|43.4006|25.996
05|02|0|158|2.9|5.8|135|28.2|59.8|0.00|0.00|43.4002|25.996
05|04|0|180|0.0|5.8|135|28.5|59.9|0.00|0.00|43.4006|25.996
05|05|0|180|0.0|5.8|135|28.8|60.1|0.00|0.00|43.4009|26.8558
05|06|0|90|1.6|5.8|135|28.4|60.2|0.00|0.00|43.4022|26.8558
05|07|0|135|0.0|5.8|135|28.2|60.3|0.00|0.00|43.4018|26.8558
05|08|0|135|1.5|5.8|135|28.3|60.5|0.00|0.00|43.4017|26.8558
05|09|0|135|0.0|5.8|135|28.4|60.6|0.00|0.00|43.4022|26.8558
05|10|0|203|2.9|5.8|135|28.1|60.6|0.00|0.00|43.402|26.8558
05|11|0|180|1.6|5.8|135|28.2|60.6|0.00|0.00|43.4002|26.8558
05|12|0|225|1.6|5.8|135|28.0|60.7|0.00|0.00|43.4021|26.8558
05|14|0|135|3.2|5.8|135|28.8|60.7|0.00|0.00|43.4006|26.8558
05|16|0|135|1.5|5.8|135|28.3|60.8|0.00|0.00|43.4011|26.8558
05|17|0|135|0.0|5.8|135|28.4|60.8|0.00|0.00|43.4011|26.8558
05|19|0|45|1.5|5.8|135|28.0|60.9|0.00|0.00|43.4018|26.8558
05|20|0|113|1.5|5.8|135|28.2|60.9|0.00|0.00|43.4032|26.8558
05|21|0|90|1.5|5.8|135|28.1|61.0|0.00|0.00|43.4025|27.7153
05|22|0|135|1.5|5.8|135|28.0|61.1|0.00|0.00|43.4043|27.7153
05|23|0|113|1.5|5.8|135|28.3|61.2|0.00|0.00|43.403|27.7153
05|24|0|90|0.0|5.8|135|28.4|61.4|0.00|0.00|43.4048|27.7153
05|25|0|90|1.5|5.8|135|28.3|61.5|0.00|0.00|43.4044|27.7153
05|26|0|180|1.5|5.8|135|28.3|61.5|0.00|0.00|43.4048|27.7153
05|27|0|113|2.9|5.8|135|28.6|61.6|0.00|0.00|43.403|27.7153
05|28|0|90|2.9|5.8|135|28.2|61.6|0.00|0.00|43.4024|27.7153
05|29|0|90|1.6|5.8|135|28.1|61.7|0.00|0.00|43.404|27.7153
05|30|0|90|3.2|5.8|135|28.1|61.8|0.00|0.00|43.4045|27.7153
05|31|0|180|0.0|5.8|135|28.1|61.8|0.00|0.00|43.4031|27.7153
05|32|0|180|0.0|5.8|135|28.3|61.9|0.00|0.00|43.4043|27.7153
05|33|0|135|1.5|5.8|135|27.8|61.9|0.00|0.00|43.4031|26.8356
05|35|0|270|0.0|5.8|135|27.3|61.9|0.00|0.00|43.4044|26.8356
05|36|0|90|1.6|5.8|135|27.4|61.9|0.00|0.00|43.4056|26.8356
05|37|0|90|1.5|6.4|135|26.8|62.0|0.00|0.00|43.4073|26.7786
05|38|0|90|1.5|6.4|135|26.9|62.0|0.00|0.00|43.4064|26.7786
05|39|0|179|1.5|6.4|135|26.9|62.2|0.00|0.00|43.4061|26.7786
05|41|0|90|1.6|6.4|135|27.1|62.3|0.00|0.00|43.4078|27.6913
05|42|0|90|1.5|6.4|135|27.2|62.3|0.00|0.00|43.4065|27.6913
05|43|0|90|0.0|6.4|135|27.3|62.3|0.00|0.00|43.4064|27.6913
05|44|0|90|4.4|6.4|135|26.9|62.4|0.00|0.00|43.4076|26.7786
05|45|0|90|2.9|6.4|135|26.6|62.4|0.00|0.00|43.4096|26.7786
05|46|0|90|1.5|6.4|135|26.3|62.4|0.00|0.00|43.4068|26.7786
05|47|0|90|4.4|6.5|90|25.8|62.4|0.00|0.00|43.4048|25.8342
05|48|0|135|2.9|6.5|90|25.9|62.5|0.00|0.00|43.4074|25.8342
05|50|0|90|0.0|6.5|90|25.9|62.6|0.00|0.00|43.4085|25.8342
05|53|0|113|1.5|6.5|90|25.4|62.7|0.00|0.00|43.4103|25.8342
05|54|0|90|1.5|6.5|90|25.0|62.8|0.00|0.00|43.4126|25.8342
05|55|0|135|1.5|6.5|90|25.4|62.8|0.00|0.00|43.4127|25.8342
05|56|0|135|3.2|6.5|90|25.2|62.8|0.00|0.00|43.4124|25.8342
05|57|0|45|0.0|8.7|45|25.2|62.9|0.00|0.00|43.4125|25.8342
05|58|0|135|2.9|8.7|45|25.1|62.9|0.00|0.00|43.4141|25.8342
05|59|0|90|1.6|8.7|45|25.3|63.0|0.00|0.00|43.4145|26.6821
06|00|0|135|3.2|8.7|45|26.2|63.0|0.00|0.00|43.4165|27.6303
06|01|0|135|2.9|8.7|45|26.0|63.0|0.00|0.00|43.4158|27.6303
06|02|0|90|1.6|8.7|45|25.8|63.2|0.00|0.00|43.4163|26.6821
06|03|0|90|4.4|8.7|45|25.6|63.2|0.00|0.00|43.4164|26.6821
06|04|0|45|5.8|8.7|45|25.2|63.2|0.00|0.00|43.4188|26.6821
06|05|0|135|3.2|8.7|45|24.9|63.2|0.00|0.00|43.4175|25.6997
06|06|0|158|4.4|8.7|45|24.9|63.3|0.00|0.00|43.419|25.6997
06|07|0|135|4.4|10.2|135|25.2|63.4|0.00|0.00|43.4205|26.6821
06|10|0|90|2.9|10.2|135|24.9|63.5|0.00|0.00|43.4192|25.6997
06|11|0|135|3.2|10.2|135|24.4|63.6|0.00|0.00|43.4194|25.6997
06|12|0|180|4.4|16.0|158|24.2|63.7|0.00|0.00|43.4193|25.6997
06|13|0|135|8.7|16.0|158|23.7|64.0|0.00|0.00|43.415|25.52
06|14|0|180|8.7|16.0|158|23.4|64.3|0.00|0.00|43.4172|25.52
06|15|0|180|4.8|16.0|158|23.2|64.4|0.00|0.00|43.4148|25.52
06|16|0|135|5.8|16.0|158|22.8|64.7|0.00|0.00|43.4177|24.4564
06|17|0|90|4.4|16.0|158|22.5|65.0|0.00|0.00|43.4188|25.2914
06|18|0|135|6.4|16.0|158|23.1|65.2|0.00|0.00|43.4208|26.3592
06|19|0|135|5.8|16.0|158|22.3|65.3|0.00|0.00|43.4203|25.2914
06|20|0|113|7.3|16.0|158|22.0|65.5|0.00|0.00|43.4198|25.2914
06|21|0|135|4.4|16.0|158|21.9|65.6|0.00|0.00|43.4211|24.1796
06|22|0|135|7.3|16.0|158|21.9|65.8|0.00|0.00|43.4249|24.1796
06|23|0|135|4.4|16.0|158|21.7|65.9|0.00|0.00|43.4233|24.1796
06|25|0|135|2.9|16.0|158|21.5|66.0|0.00|0.00|43.4243|25.0099
06|26|0|135|4.8|16.0|158|21.8|66.1|0.00|0.00|43.4244|25.0099
06|27|0|180|1.5|16.0|158|22.0|66.2|0.00|0.00|43.4242|26.1261
06|28|0|180|2.9|16.0|158|21.3|66.1|0.00|0.00|43.4237|25.0099
06|29|0|135|3.2|16.0|158|21.3|66.1|0.00|0.00|43.4236|25.0099
06|30|0|90|5.8|16.0|158|20.7|66.0|0.00|0.00|43.4242|23.8455
06|31|0|90|2.9|16.0|158|21.0|66.0|0.00|0.00|43.4244|25.0099
06|32|0|45|3.2|16.0|158|20.8|65.9|0.00|0.00|43.4231|23.0199
06|33|0|135|3.2|16.0|158|20.9|65.8|0.00|0.00|43.4248|23.0199
06|34|0|113|4.8|16.0|158|20.3|65.8|0.00|0.00|43.4237|23.0199
06|35|0|45|1.5|16.0|158|20.4|65.8|0.00|0.00|43.4259|23.0199
06|36|0|90|2.9|16.0|158|20.3|65.8|0.00|0.00|43.4236|23.0199
06|37|0|135|1.5|16.0|158|20.2|65.8|0.00|0.00|43.4238|23.0199
06|38|0|135|2.9|16.0|158|20.3|65.8|0.00|0.00|43.4253|23.0199
06|39|0|180|4.8|16.0|158|20.5|65.9|0.00|0.00|43.4268|23.0199
06|41|0|135|3.2|16.0|158|20.6|65.9|0.00|0.00|43.4282|23.0199
06|42|0|135|4.4|16.0|158|20.8|66.0|0.00|0.00|43.4276|23.8455
06|43|0|90|6.4|16.0|158|20.4|66.0|0.00|0.00|43.4276|23.8455
06|44|0|90|1.5|16.0|158|20.0|66.0|0.00|0.00|43.4288|23.8455
06|45|0|180|0.0|16.0|158|20.1|66.1|0.00|0.00|43.4296|23.8455
06|47|0|45|3.2|16.0|158|20.2|66.2|0.00|0.00|43.4283|23.8455
06|48|0|135|2.9|16.0|158|20.9|66.2|0.00|0.00|43.4279|23.8455
06|49|0|113|2.9|16.0|158|20.6|66.3|0.00|0.00|43.4287|23.8455
06|50|0|135|4.4|16.0|158|20.4|66.4|0.00|0.00|43.4267|23.8455
06|51|0|45|4.4|16.0|158|20.9|66.5|0.00|0.00|43.4243|23.8455
06|52|0|90|1.5|16.0|158|20.6|66.7|0.00|0.00|43.4276|23.8455
06|53|0|90|8.7|16.0|158|20.3|66.8|0.00|0.00|43.4269|23.8455
06|54|0|90|6.4|16.0|158|20.5|67.0|0.00|0.00|43.4277|24.6709
06|56|0|113|2.9|16.0|158|20.4|67.2|0.00|0.00|43.4287|24.6709
06|57|0|135|1.6|16.0|158|20.2|67.4|0.00|0.00|43.4301|24.6709
06|58|0|45|3.2|16.0|158|20.2|67.7|0.00|0.00|43.4354|24.6709
06|59|0|180|3.2|16.0|158|20.1|67.9|0.00|0.00|43.4372|24.6709
07|00|0|90|2.9|16.0|158|19.9|68.0|0.00|0.00|43.434|24.2692
07|02|0|135|4.8|16.0|158|19.6|68.3|0.00|0.00|43.4338|24.2692
07|03|0|135|4.4|16.0|158|19.8|68.5|0.00|0.00|43.4336|24.2692
07|04|0|180|4.4|16.0|158|20.2|68.6|0.00|0.00|43.4344|25.496
07|05|0|90|2.9|16.0|158|20.5|68.7|0.00|0.00|43.4349|25.496
07|06|0|180|4.4|16.0|158|20.6|68.8|0.00|0.00|43.4346|25.496
07|07|0|90|3.2|16.0|158|20.7|68.9|0.00|0.00|43.436|25.496
07|08|0|135|4.4|16.0|158|20.8|69.0|0.00|0.00|43.4336|26.3207
07|10|0|90|5.8|16.0|158|21.0|69.1|0.00|0.00|43.435|27.4988
07|11|0|135|2.9|16.0|158|21.3|69.2|0.00|0.00|43.4335|27.4988
07|12|0|135|1.5|16.0|158|21.4|69.5|0.00|0.00|43.4326|27.4988
07|13|0|90|1.5|16.0|158|21.4|69.6|0.00|0.00|43.4332|27.4988
07|14|0|90|1.5|16.0|158|21.4|69.8|0.00|0.00|43.4318|27.4988
07|15|0|90|4.4|16.0|158|20.7|69.9|0.00|0.00|43.4331|26.3207
07|16|0|135|1.5|16.0|158|20.2|70.0|0.00|0.00|43.4341|27.145
07|17|0|180|2.9|16.0|158|19.9|70.1|0.00|0.00|43.4348|25.9087
07|18|0|45|2.9|16.0|158|19.8|70.3|0.00|0.00|43.4338|25.9087
07|19|0|135|2.9|16.0|158|20.1|70.4|0.00|0.00|43.4355|27.145
07|21|0|135|4.8|16.0|158|20.5|70.4|0.00|0.00|43.4362|27.145
07|22|0|179|4.4|16.0|158|20.5|70.4|0.00|0.00|43.4339|27.145
07|23|0|135|3.2|16.0|158|20.8|70.4|0.00|0.00|43.436|27.145
07|24|0|135|1.6|16.0|158|20.3|70.4|0.00|0.00|43.4362|27.145
07|25|0|135|7.3|16.0|158|20.3|70.4|0.00|0.00|43.4348|27.145
07|27|0|135|9.7|16.0|158|20.6|70.5|0.00|0.00|43.4357|27.145
07|28|0|180|4.8|16.0|158|20.4|70.5|0.00|0.00|43.4339|27.145
07|29|0|135|5.8|16.0|158|20.0|70.6|0.00|0.00|43.4365|27.145
07|31|0|180|3.2|16.0|158|19.9|70.6|0.00|0.00|43.4378|25.9087
07|32|0|180|4.4|16.0|158|20.2|70.7|0.00|0.00|43.4372|27.145
07|33|0|135|1.5|16.0|158|20.5|70.8|0.00|0.00|43.4392|27.145
07|34|0|180|6.4|16.0|158|20.3|70.9|0.00|0.00|43.4373|27.145
07|35|0|225|2.9|16.0|158|19.8|70.9|0.00|0.00|43.4405|25.9087
07|36|0|135|4.4|16.0|158|20.2|71.0|0.00|0.00|43.4402|27.9691
07|37|0|135|2.9|16.0|158|19.8|71.0|0.00|0.00|43.4373|26.7279
07|39|0|158|4.8|16.0|158|19.8|71.0|0.00|0.00|43.4402|26.7279
07|40|0|180|5.8|16.0|158|20.0|71.2|0.00|0.00|43.4407|27.9691
07|41|0|135|2.9|16.0|158|19.5|71.2|0.00|0.00|43.4408|26.7279
07|42|0|90|4.4|16.0|158|19.4|71.3|0.00|0.00|43.4437|26.7279
07|43|0|135|4.4|16.0|158|19.3|71.3|0.00|0.00|43.4419|26.7279
07|44|0|180|4.4|16.0|158|19.7|71.5|0.00|0.00|43.4445|26.7279
07|45|0|135|2.9|16.0|158|19.7|71.5|0.00|0.00|43.4441|26.7279
07|46|0|135|4.4|16.0|158|19.7|71.6|0.00|0.00|43.4434|26.7279
07|47|0|180|4.4|16.0|158|19.6|71.7|0.00|0.00|43.4448|26.7279
07|48|0|135|4.4|16.0|158|19.3|71.7|0.00|0.00|43.4487|26.7279
07|49|0|135|2.9|16.0|158|19.4|71.8|0.00|0.00|43.4453|26.7279
07|51|0|225|4.4|16.0|158|19.4|71.9|0.00|0.00|43.4457|26.7279
07|52|0|180|4.4|16.0|158|19.6|72.1|0.00|0.00|43.4479|27.5468
07|53|0|158|9.7|16.0|158|19.6|72.1|0.00|0.00|43.4455|27.5468
07|54|0|135|7.3|16.0|158|19.1|71.9|0.00|0.00|43.4477|26.7279
07|55|0|135|8.7|16.0|158|19.3|71.9|0.00|0.00|43.4505|26.7279
07|56|0|135|6.4|16.0|158|19.3|71.9|0.00|0.00|43.4507|26.7279
07|57|0|135|4.4|16.0|158|19.6|71.9|0.00|0.00|43.448|26.7279
07|59|0|135|5.8|16.0|158|19.8|72.1|0.00|0.00|43.445|27.5468
08|00|0|135|7.3|16.0|158|20.2|72.2|0.00|0.00|43.4427|28.7928
08|01|0|135|2.9|16.0|158|20.1|72.2|0.00|0.00|43.4432|28.7928
08|02|0|135|2.9|16.0|158|19.8|72.4|0.00|0.00|43.4385|27.5468
08|03|0|135|6.5|16.0|158|19.7|72.4|0.00|0.00|43.4374|27.5468
08|04|0|180|4.4|16.0|158|19.2|72.4|0.00|0.00|43.4359|27.5468
08|05|0|135|5.8|16.0|158|19.4|72.4|0.00|0.00|43.4349|27.5468
08|06|0|90|3.2|16.0|158|19.2|72.5|0.00|0.00|43.4346|27.5468
08|07|0|135|4.4|16.0|158|19.5|72.7|0.00|0.00|43.4386|27.5468
08|09|0|180|4.4|16.0|158|19.5|72.8|0.00|0.00|43.4369|27.5468
08|10|0|135|4.4|16.0|158|19.3|73.1|0.00|0.00|43.436|28.3654
08|11|0|135|7.3|16.0|158|19.2|73.2|0.00|0.00|43.4373|28.3654
08|14|0|135|4.8|16.0|158|18.9|73.6|0.00|0.00|43.4366|27.0549
08|15|0|113|2.9|16.0|158|19.1|73.7|0.00|0.00|43.4376|28.3654
08|16|0|135|3.2|16.0|158|19.1|73.9|0.00|0.00|43.4373|28.3654
08|17|0|113|5.8|16.0|158|18.5|73.9|0.00|0.00|43.435|27.0549
08|19|0|113|4.8|16.0|158|19.0|74.0|0.00|0.00|43.4366|29.1837
08|20|0|135|8.7|16.0|158|19.2|74.1|0.00|0.00|43.4344|29.1837
08|21|0|45|5.8|16.0|158|18.4|74.1|0.00|0.00|43.4393|27.8681
08|22|0|135|4.4|16.0|158|18.6|74.3|0.00|0.00|43.4372|27.8681
08|23|0|90|2.9|16.0|158|18.7|74.4|0.00|0.00|43.4387|27.8681
08|25|0|135|8.7|16.0|158|17.9|74.5|0.00|0.00|43.4366|26.4861
08|26|0|180|2.9|16.0|158|17.9|74.6|0.00|0.00|43.4382|26.4861
08|27|0|90|10.2|16.0|158|17.4|74.6|0.00|0.00|43.4379|26.4861
08|28|0|135|5.8|19.3|90|17.8|74.8|0.00|0.00|43.4386|26.4861
08|29|0|135|8.7|19.3|90|17.7|74.9|0.00|0.00|43.4364|26.4861
08|31|0|90|2.9|19.3|90|18.4|75.0|0.00|0.00|43.4376|28.6809
08|32|0|90|4.4|19.3|90|18.5|75.0|0.00|0.00|43.4372|28.6809
08|33|0|180|4.4|19.3|90|19.1|75.2|0.00|0.00|43.4387|30.0016
08|34|0|135|4.4|19.3|90|19.1|75.2|0.00|0.00|43.4389|30.0016
08|35|0|90|4.4|19.3|90|19.1|75.3|0.00|0.00|43.4393|30.0016
08|36|0|135|5.8|19.3|90|18.8|75.5|0.00|0.00|43.4373|28.6809
08|38|0|135|2.9|19.3|90|18.4|75.4|0.00|0.00|43.4389|28.6809
08|39|0|113|9.7|19.3|90|18.3|75.5|0.00|0.00|43.4343|28.6809
08|40|0|45|8.7|19.3|90|18.2|75.7|0.00|0.00|43.4356|28.6809
08|41|0|203|5.8|19.3|90|18.7|75.7|0.00|0.00|43.4358|28.6809
08|42|0|113|9.7|19.3|90|18.1|75.7|0.00|0.00|43.4395|28.6809
08|43|0|180|2.9|19.3|90|18.3|75.9|0.00|0.00|43.4392|28.6809
08|44|0|135|5.8|19.3|90|18.5|76.0|0.00|0.00|43.4402|29.4934
08|47|0|90|5.8|19.3|90|17.6|76.0|0.00|0.00|43.4421|28.1008
08|48|0|135|5.8|19.3|90|17.7|76.0|0.00|0.00|43.442|28.1008
08|49|0|90|7.3|19.3|90|17.9|76.0|0.00|0.00|43.4406|28.1008
08|50|0|135|3.2|19.3|90|18.0|76.1|0.00|0.00|43.4411|29.4934
08|51|0|135|7.3|19.3|90|17.8|76.2|0.00|0.00|43.4441|28.1008
08|52|0|68|7.3|19.3|90|16.9|76.1|0.00|0.00|43.4408|26.6337
08|53|0|90|8.0|19.3|90|17.5|76.2|0.00|0.00|43.438|28.1008
08|54|0|113|4.4|19.3|90|17.4|76.3|0.00|0.00|43.4418|28.1008
08|55|0|45|5.8|19.3|90|17.8|76.4|0.00|0.00|43.4412|28.1008
08|56|0|90|4.8|19.3|90|18.2|76.6|0.00|0.00|43.4421|29.4934
08|57|0|135|4.4|19.3|90|18.0|76.7|0.00|0.00|43.4431|29.4934
08|58|0|45|4.4|19.3|90|17.9|76.9|0.00|0.00|43.4452|28.1008
09|00|0|135|8.7|19.3|90|17.4|77.1|0.00|0.00|43.4477|28.9077
09|01|0|90|5.8|19.3|90|17.9|77.2|0.00|0.00|43.4455|28.9077
09|02|0|158|5.8|19.3|90|18.0|77.3|0.00|0.00|43.4428|30.3056
09|03|0|135|10.2|19.3|90|18.5|77.6|0.00|0.00|43.4444|30.3056
09|04|0|45|4.4|19.3|90|18.2|77.8|0.00|0.00|43.4471|30.3056
09|05|0|135|4.8|19.3|90|17.5|77.8|0.00|0.00|43.4476|28.9077
09|06|0|90|7.3|19.3|90|17.4|77.8|0.00|0.00|43.4478|28.9077
09|08|0|45|11.6|19.3|90|17.4|77.8|0.00|0.00|43.447|28.9077
09|09|0|45|5.8|19.3|90|17.4|77.8|0.00|0.00|43.4474|28.9077
09|10|0|90|2.9|19.3|90|18.3|78.1|0.00|0.00|43.4501|31.1174
09|11|0|135|3.2|19.3|90|18.7|78.2|0.00|0.00|43.4491|31.1174
09|12|0|90|4.4|19.3|90|18.8|78.5|0.00|0.00|43.4454|31.1174
09|13|0|180|2.9|19.3|90|18.9|78.7|0.00|0.00|43.4403|31.1174
09|16|0|90|3.2|19.3|90|18.2|78.9|0.00|0.00|43.4365|31.1174
09|17|0|135|4.8|19.3|90|18.5|79.1|0.00|0.00|43.439|31.9288
09|18|0|90|4.4|19.3|90|17.9|79.1|0.00|0.00|43.4376|30.5203
09|19|0|135|6.4|19.3|90|17.4|79.4|0.00|0.00|43.4378|30.5203
09|20|0|90|7.3|19.3|90|16.9|79.3|0.00|0.00|43.4385|29.0364
09|21|0|68|7.3|19.3|90|17.0|79.4|0.00|0.00|43.437|30.5203
09|22|0|90|9.7|19.3|90|17.1|79.5|0.00|0.00|43.433|30.5203
09|23|0|68|4.8|19.3|90|17.5|79.7|0.00|0.00|43.4366|30.5203
09|24|0|90|8.1|19.3|90|16.7|79.8|0.00|0.00|43.4364|29.0364
09|25|0|90|4.4|19.3|90|16.4|79.9|0.00|0.00|43.4379|29.0364
09|27|0|113|8.7|19.3|90|17.2|80.2|0.00|0.00|43.4374|31.326
09|28|0|90|8.7|19.3|90|16.6|80.3|0.00|0.00|43.4393|29.8366
09|30|0|90|5.8|19.3|90|16.0|80.3|0.00|0.00|43.4403|29.8366
09|31|0|90|2.9|19.3|90|16.4|80.5|0.00|0.00|43.4396|29.8366
09|32|0|315|2.9|19.3|90|16.4|80.6|0.00|0.00|43.4415|29.8366
09|34|0|90|5.8|19.3|90|16.0|80.9|0.00|0.00|43.4416|29.8366
09|35|0|90|6.4|19.3|90|15.9|81.1|0.00|0.00|43.4446|29.0562
09|36|0|0|2.9|19.3|90|17.6|81.4|0.00|0.00|43.447|32.1315
09|37|0|90|4.4|19.3|90|16.1|81.6|0.00|0.00|43.4479|30.6364
09|38|0|180|4.4|19.3|90|14.9|81.7|0.00|0.00|43.448|27.3799
09|39|0|135|4.4|19.3|90|15.7|82.0|0.00|0.00|43.4519|29.8497
09|40|0|180|2.9|19.3|90|15.8|82.3|0.00|0.00|43.4535|29.8497
09|43|0|45|8.7|19.3|90|14.3|82.6|0.00|0.00|43.4462|28.1672
09|46|0|180|4.8|19.3|90|15.1|83.0|0.00|0.00|43.4438|30.6429
09|47|0|135|8.1|19.3|90|13.9|83.1|0.00|0.00|43.4475|27.1548
09|48|0|45|4.4|19.3|90|14.1|83.2|0.00|0.00|43.4442|28.9541
09|49|0|158|4.8|19.3|90|13.7|83.2|0.00|0.00|43.4447|27.1548
09|50|0|90|12.9|19.3|90|14.6|83.3|0.00|0.00|43.4382|28.9541
09|51|0|90|8.7|19.3|90|13.9|83.4|0.00|0.00|43.4437|27.1548
09|52|0|0|1.6|19.3|90|13.8|83.5|0.00|0.00|43.443|27.1548
09|53|0|180|7.3|19.3|90|13.9|83.8|0.00|0.00|43.4437|27.1548
09|54|0|90|7.3|19.3|90|13.8|83.9|0.00|0.00|43.4448|27.1548
09|55|0|270|1.6|19.3|90|13.9|84.1|0.00|0.00|43.4462|27.9347
09|57|0|90|6.4|19.3|90|14.0|84.3|0.00|0.00|43.4476|29.7406
09|58|0|0|7.3|19.3|90|13.1|84.4|0.00|0.00|43.4484|27.9347
10|00|0|45|4.8|19.3|90|12.4|84.5|0.00|0.00|43.4531|26.0014
10|01|0|45|4.4|19.3|90|13.0|84.8|0.00|0.00|43.4491|27.9347
10|02|0|135|4.4|19.3|90|13.1|84.8|0.00|0.00|43.446|27.9347
10|03|0|45|2.9|19.3|90|12.3|84.9|0.00|0.00|43.4477|26.0014
10|04|0|135|7.3|19.3|90|11.5|84.9|0.00|0.00|43.4414|23.9197
10|05|0|90|1.6|19.3|90|12.0|85.1|0.00|0.00|43.4415|26.7738
10|07|0|135|5.8|19.3|90|12.7|85.3|0.00|0.00|43.4401|26.7738
10|09|0|135|4.8|19.3|90|11.1|85.2|0.00|0.00|43.439|24.6844
10|11|0|90|6.5|19.3|90|10.8|85.1|0.00|0.00|43.4398|22.4195
10|12|0|135|4.4|19.3|90|11.4|85.1|0.00|0.00|43.4386|24.6844
10|13|0|135|8.7|19.3|90|11.4|85.1|0.00|0.00|43.4385|24.6844
10|14|0|135|4.8|19.3|90|10.9|85.0|0.00|0.00|43.4389|22.4195
10|15|0|180|8.7|19.3|90|11.0|85.0|0.00|0.00|43.4391|24.6844
10|16|0|225|6.4|19.3|90|11.2|84.9|0.00|0.00|43.439|23.9197
10|17|0|90|6.4|20.4|158|10.9|84.9|0.00|0.00|43.4403|21.6629
10|18|0|90|4.8|20.4|158|11.6|85.0|0.00|0.00|43.4416|24.6844
10|19|0|135|8.7|20.4|158|11.7|85.1|0.00|0.00|43.4359|24.6844
10|22|0|180|8.7|20.4|158|10.6|85.2|0.00|0.00|43.4374|22.4195
10|24|0|179|4.4|20.4|158|10.7|85.2|0.00|0.00|43.4331|22.4195
10|25|0|180|6.4|20.4|158|11.4|85.3|0.00|0.00|43.4344|24.6844
10|26|0|180|4.8|20.4|158|11.2|85.3|0.00|0.00|43.4332|24.6844
10|27|0|90|5.8|20.4|158|10.6|85.3|0.00|0.00|43.4362|22.4195
10|28|0|135|6.4|20.4|158|10.8|85.6|0.00|0.00|43.4335|22.4195
10|30|0|90|8.7|20.4|158|10.9|85.7|0.00|0.00|43.4373|22.4195
10|31|0|135|5.8|20.4|158|10.8|85.6|0.00|0.00|43.4355|22.4195
10|32|0|180|11.6|20.4|158|10.8|85.7|0.00|0.00|43.4327|22.4195
10|34|0|135|11.6|20.4|158|10.8|85.9|0.00|0.00|43.4325|22.4195
10|35|0|180|8.7|20.4|158|10.3|85.9|0.00|0.00|43.4335|22.4195
10|36|0|135|11.6|20.9|180|10.6|86.0|0.00|0.00|43.4287|23.1756
10|37|0|135|8.7|20.9|180|10.3|86.0|0.00|0.00|43.4312|23.1756
10|39|0|90|3.2|20.9|180|10.2|86.0|0.00|0.00|43.4302|23.1756
10|40|0|180|9.7|20.9|180|10.5|86.1|0.00|0.00|43.4282|23.1756
10|41|0|135|8.1|20.9|180|9.9|86.1|0.00|0.00|43.4268|20.6911
10|42|0|113|14.5|20.9|180|9.9|86.2|0.00|0.00|43.4256|20.6911
10|43|0|180|10.2|20.9|180|10.1|86.3|0.00|0.00|43.4266|23.1756
10|46|0|135|8.0|20.9|180|10.3|86.7|0.00|0.00|43.4279|23.1756
10|47|0|113|5.8|20.9|180|10.7|86.9|0.00|0.00|43.4299|23.1756
10|48|0|225|8.7|20.9|180|10.5|87.1|0.00|0.00|43.4272|23.9313
10|49|0|180|8.7|20.9|180|9.8|87.2|0.00|0.00|43.4279|21.4378
10|50|0|135|4.4|20.9|180|9.8|87.4|0.00|0.00|43.4293|21.4378
10|51|0|135|2.9|20.9|180|10.4|87.6|0.00|0.00|43.4302|23.9313
10|52|0|158|4.8|20.9|180|10.3|87.7|0.00|0.00|43.4287|23.9313
10|53|0|135|14.5|20.9|180|10.4|87.8|0.00|0.00|43.4275|23.9313
10|54|0|113|4.4|20.9|180|9.4|87.8|0.00|0.00|43.4264|21.4378
10|57|0|135|4.4|20.9|180|10.8|88.4|0.00|0.00|43.4319|24.6865
10|58|0|180|8.7|20.9|180|9.9|88.4|0.00|0.00|43.4304|22.1841
10|59|0|180|6.4|20.9|180|9.3|88.5|0.00|0.00|43.4298|22.1841
11|00|0|158|10.2|20.9|180|9.2|88.5|0.00|0.00|43.4296|22.1841
11|02|0|158|5.8|20.9|180|9.7|88.5|0.00|0.00|43.4312|22.1841
11|03|0|135|5.8|20.9|180|10.0|88.7|0.00|0.00|43.4278|24.6865
11|04|0|180|8.7|20.9|180|9.8|88.7|0.00|0.00|43.4278|22.1841
11|05|0|45|4.4|20.9|180|9.2|88.7|0.00|0.00|43.4312|22.1841
11|06|0|135|7.3|20.9|180|8.5|88.6|0.00|0.00|43.4282|19.4218
11|07|0|90|1.6|20.9|180|9.1|88.7|0.00|0.00|43.4303|22.1841
11|08|0|113|1.6|20.9|180|9.6|88.8|0.00|0.00|43.4287|22.1841
11|09|0|180|19.3|20.9|180|10.0|88.9|0.00|0.00|43.423|24.6865
11|11|0|135|9.7|20.9|180|9.7|88.8|0.00|0.00|43.4279|22.1841
11|12|0|135|6.4|20.9|180|9.4|88.9|0.00|0.00|43.4279|22.1841
11|13|0|90|7.3|20.9|180|9.6|88.8|0.00|0.00|43.43|22.1841
11|14|0|180|7.3|20.9|180|9.5|88.9|0.00|0.00|43.4319|22.1841
11|17|0|180|5.8|20.9|180|9.0|89.2|0.00|0.00|43.433|22.93
11|18|0|113|8.7|20.9|180|9.3|89.2|0.00|0.00|43.4307|22.93
11|19|0|90|2.9|20.9|180|9.5|89.3|0.00|0.00|43.4298|22.93
11|20|0|180|10.2|20.9|180|9.3|89.3|0.00|0.00|43.426|22.93
11|21|0|180|1.5|20.9|180|9.4|89.5|0.00|0.00|43.4271|22.93
11|22|0|135|2.9|20.9|180|9.7|89.7|0.00|0.00|43.4284|22.93
11|23|0|180|7.3|20.9|180|9.8|89.8|0.00|0.00|43.4278|22.93
11|24|0|180|7.3|20.9|180|8.9|89.9|0.00|0.00|43.4283|20.1578
11|25|0|135|7.3|20.9|180|9.5|90.1|0.00|0.00|43.4283|23.6755
11|26|0|180|11.6|20.9|180|8.9|89.9|0.00|0.00|43.4253|20.1578
11|27|0|180|11.6|20.9|180|9.1|89.9|0.00|0.00|43.423|22.93
11|28|0|113|1.5|20.9|180|9.3|90.1|0.00|0.00|43.4299|23.6755
11|30|0|225|2.9|20.9|180|9.9|90.6|0.00|0.00|43.431|23.6755
11|32|0|180|1.6|20.9|180|9.2|91.2|0.00|0.00|43.4317|24.4206
11|33|0|90|3.2|20.9|180|8.6|91.3|0.00|0.00|43.4334|21.6286
11|36|0|90|10.2|20.9|180|9.1|91.3|0.00|0.00|43.4246|24.4206
11|37|0|45|4.8|20.9|180|9.5|91.1|0.00|0.00|43.4288|24.4206
11|38|0|0|1.5|20.9|180|10.0|91.2|0.00|0.00|43.4295|26.95
11|39|0|90|2.9|20.9|180|10.8|91.3|0.00|0.00|43.4266|26.95
11|40|0|135|2.9|20.9|180|10.6|91.2|0.00|0.00|43.4303|26.95
11|41|0|135|7.3|20.9|180|10.2|91.3|0.00|0.00|43.4319|26.95
11|42|0|180|2.9|20.9|180|9.0|91.3|0.00|0.00|43.4302|24.4206
11|43|0|270|1.5|20.9|180|7.7|91.4|0.00|0.00|43.4246|18.5079
11|44|0|225|2.9|20.9|180|8.5|91.6|0.00|0.00|43.4198|21.6286
11|45|0|180|5.8|20.9|180|8.4|91.7|0.00|0.00|43.4173|21.6286
11|46|0|225|7.3|20.9|180|9.9|91.9|0.00|0.00|43.4139|24.4206
11|47|0|225|2.9|20.9|180|8.3|92.2|0.00|0.00|43.4174|22.3633
11|48|0|180|4.4|20.9|180|8.1|92.3|0.00|0.00|43.42|22.3633
11|49|0|180|4.8|20.9|180|8.4|92.3|0.00|0.00|43.4216|22.3633
11|50|0|225|2.9|20.9|180|8.8|92.4|0.00|0.00|43.4165|22.3633
11|52|0|90|1.5|20.9|180|9.9|92.6|0.00|0.00|43.4177|25.1652
11|53|0|315|1.5|20.9|180|11.0|92.8|0.00|0.00|43.4171|30.0264
11|54|0|0|2.9|20.9|180|9.4|92.9|0.00|0.00|43.4166|25.1652
11|55|0|180|1.5|20.9|180|9.5|93.1|0.00|0.00|43.4157|25.9094
11|56|0|158|4.8|20.9|180|9.2|93.1|0.00|0.00|43.4142|25.9094
11|58|0|0|7.3|20.9|180|11.2|93.3|0.00|0.00|43.4165|30.788
11|59|0|315|4.4|20.9|180|13.5|93.3|0.00|0.00|43.4189|34.9363
12|00|0|0|7.3|20.9|180|14.5|93.2|0.00|0.00|43.4181|36.8026
12|01|0|315|8.1|20.9|180|11.4|93.2|0.00|0.00|43.4166|30.788
12|02|0|0|4.8|20.9|180|13.5|93.1|0.00|0.00|43.4168|34.9363
12|03|0|0|4.4|20.9|180|12.4|92.9|0.00|0.00|43.4189|32.1694
12|04|0|315|5.8|20.9|180|13.9|92.8|0.00|0.00|43.4152|34.1599
12|05|0|315|4.4|20.9|180|13.7|92.6|0.00|0.00|43.4154|34.1599
12|07|0|315|8.7|20.9|180|15.0|92.4|0.00|0.00|43.4135|37.7651
12|08|0|315|5.8|20.9|180|14.0|92.1|0.00|0.00|43.4113|36.0194
12|09|0|315|8.7|20.9|180|12.0|91.7|0.00|0.00|43.4126|31.3997
12|10|0|0|6.4|20.9|180|11.7|91.6|0.00|0.00|43.4148|29.2645
12|11|0|315|4.4|20.9|180|11.5|91.3|0.00|0.00|43.4238|29.2645
12|12|0|315|4.8|20.9|180|14.5|91.3|0.00|0.00|43.4242|35.2359
12|13|0|315|5.8|20.9|180|13.2|91.2|0.00|0.00|43.4251|33.3831
12|14|0|315|4.4|20.9|180|12.1|91.2|0.00|0.00|43.424|31.3997
12|15|0|315|2.9|20.9|180|11.4|91.3|0.00|0.00|43.4216|29.2645
12|16|0|315|5.8|20.9|180|10.6|91.3|0.00|0.00|43.419|26.95
12|17|0|315|2.9|20.9|180|9.4|91.4|0.00|0.00|43.4148|24.4206
12|18|0|315|2.9|20.9|180|12.0|91.4|0.00|0.00|43.4168|31.3997
12|19|0|315|4.4|20.9|180|13.9|91.5|0.00|0.00|43.4135|33.3831
12|20|0|270|4.4|20.9|180|12.1|91.4|0.00|0.00|43.4155|31.3997
12|21|0|315|6.4|20.9|180|13.4|91.5|0.00|0.00|43.4136|33.3831
12|22|0|315|5.8|20.9|180|12.2|91.6|0.00|0.00|43.4101|31.3997
12|24|0|270|7.3|20.9|180|11.8|91.6|0.00|0.00|43.407|29.2645
12|25|0|315|7.3|20.9|180|13.8|91.6|0.00|0.00|43.4085|33.3831
12|26|0|315|5.8|20.9|180|11.7|91.6|0.00|0.00|43.409|29.2645
12|27|0|0|7.3|20.9|180|13.0|91.6|0.00|0.00|43.4113|33.3831
12|28|0|315|5.8|20.9|180|12.9|91.5|0.00|0.00|43.4095|31.3997
12|29|0|0|6.4|20.9|180|13.4|91.6|0.00|0.00|43.4086|33.3831
12|30|0|0|5.8|20.9|180|11.0|91.6|0.00|0.00|43.4055|29.2645
12|32|0|315|4.8|20.9|180|11.3|91.5|0.00|0.00|43.4081|29.2645
12|33|0|315|7.3|20.9|180|13.0|91.4|0.00|0.00|43.4056|33.3831
12|34|0|315|7.3|20.9|180|12.2|91.3|0.00|0.00|43.4067|31.3997
12|35|0|0|8.7|20.9|180|12.7|91.3|0.00|0.00|43.4119|31.3997
12|36|0|0|4.8|20.9|180|10.0|91.3|0.00|0.00|43.4104|26.95
12|37|0|0|2.9|20.9|180|12.8|91.4|0.00|0.00|43.4104|31.3997
12|38|0|225|0.0|20.9|180|10.4|91.5|0.00|0.00|43.4086|26.95
12|39|0|315|2.9|20.9|180|10.5|91.7|0.00|0.00|43.4057|26.95
12|41|0|315|4.4|20.9|180|14.4|91.9|0.00|0.00|43.4061|35.2359
12|42|0|315|6.4|20.9|180|11.9|92.0|0.00|0.00|43.4056|30.0264
12|43|0|270|5.8|20.9|180|12.1|92.1|0.00|0.00|43.4081|32.1694
12|44|0|270|2.9|20.9|180|11.4|92.2|0.00|0.00|43.4084|30.0264
12|45|0|315|4.4|20.9|180|9.6|92.3|0.00|0.00|43.4074|25.1652
12|46|0|315|8.7|20.9|180|12.9|92.3|0.00|0.00|43.4073|32.1694
12|48|0|315|4.8|20.9|180|10.5|92.3|0.00|0.00|43.4081|27.7036
12|49|0|0|2.9|20.9|180|11.5|92.4|0.00|0.00|43.4113|30.0264
12|50|0|0|2.9|20.9|180|13.1|92.5|0.00|0.00|43.4084|34.1599
12|53|0|315|4.4|20.9|180|14.0|92.4|0.00|0.00|43.4111|36.0194
12|54|0|338|7.3|20.9|180|11.8|92.4|0.00|0.00|43.409|30.0264
12|57|0|315|1.6|20.9|180|13.5|92.5|0.00|0.00|43.4081|34.1599
12|58|0|315|2.9|20.9|180|11.4|92.6|0.00|0.00|43.409|30.0264
12|59|0|315|4.4|20.9|180|9.2|92.8|0.00|0.00|43.4071|25.1652
13|00|0|315|7.3|20.9|180|11.1|92.9|0.00|0.00|43.4095|30.0264
13|01|0|0|2.9|20.9|180|9.2|92.8|0.00|0.00|43.4087|25.1652
13|02|0|0|8.7|20.9|180|9.8|92.8|0.00|0.00|43.4053|25.1652
13|03|0|113|2.9|20.9|180|9.2|92.8|0.00|0.00|43.4063|25.1652
13|04|0|180|1.5|20.9|180|10.7|93.0|0.00|0.00|43.409|28.4568
13|05|0|270|1.5|20.9|180|9.6|93.0|0.00|0.00|43.408|25.9094
13|06|0|315|3.2|20.9|180|10.9|93.1|0.00|0.00|43.4076|28.4568
13|07|0|0|2.9|20.9|180|11.3|93.3|0.00|0.00|43.4109|30.788
13|08|0|315|2.9|20.9|180|10.5|93.4|0.00|0.00|43.4086|28.4568
13|09|0|0|1.5|20.9|180|10.0|93.7|0.00|0.00|43.4103|28.4568
13|10|0|315|7.3|20.9|180|12.0|93.5|0.00|0.00|43.4073|32.9386
13|11|0|0|5.8|20.9|180|10.3|93.7|0.00|0.00|43.4064|28.4568
13|12|0|338|4.4|20.9|180|13.7|93.5|0.00|0.00|43.4069|34.9363
13|13|0|315|1.5|20.9|180|11.4|93.5|0.00|0.00|43.4081|30.788
13|15|0|315|3.2|20.9|180|12.1|93.7|0.00|0.00|43.4086|32.9386
13|16|0|180|1.5|20.9|180|10.3|93.7|0.00|0.00|43.4061|28.4568
13|17|0|270|2.9|20.9|180|9.2|93.9|0.00|0.00|43.4084|25.9094
13|18|0|270|1.6|20.9|180|9.7|94.1|0.00|0.00|43.4089|26.6532
13|19|0|225|1.5|20.9|180|9.1|94.1|0.00|0.00|43.4088|26.6532
13|20|0|270|1.5|20.9|180|9.4|94.4|0.00|0.00|43.4126|26.6532
13|21|0|135|2.9|20.9|180|9.1|94.7|0.00|0.00|43.412|26.6532
13|22|0|180|5.8|20.9|180|8.4|94.8|0.00|0.00|43.4093|23.8316
13|23|0|135|2.9|20.9|180|7.9|94.7|0.00|0.00|43.4078|20.6779
13|24|0|135|1.6|20.9|180|7.6|94.9|0.00|0.00|43.4092|20.6779
13|25|0|0|3.2|20.9|180|8.7|95.0|0.00|0.00|43.4086|24.565
13|26|0|338|1.6|20.9|180|10.5|95.0|0.00|0.00|43.409|29.9621
13|27|0|23|3.2|20.9|180|13.5|95.2|0.00|0.00|43.4115|36.4881
13|28|0|315|5.8|20.9|180|12.8|95.2|0.00|0.00|43.4092|34.476
13|29|0|315|5.8|20.9|180|11.8|95.2|0.00|0.00|43.411|32.3099
13|30|0|270|3.2|20.9|180|9.7|95.0|0.00|0.00|43.4067|27.3966
13|32|0|315|4.4|20.9|180|11.0|94.9|0.00|0.00|43.4074|31.5491
13|33|0|270|5.8|20.9|180|13.8|94.9|0.00|0.00|43.406|35.7124
13|34|0|315|5.8|20.9|180|13.3|94.8|0.00|0.00|43.4053|35.7124
13|35|0|270|7.3|20.9|180|9.8|94.6|0.00|0.00|43.4048|26.6532
13|36|0|315|4.4|20.9|180|12.8|94.4|0.00|0.00|43.4041|33.7075
13|37|0|0|4.8|20.9|180|10.0|94.4|0.00|0.00|43.405|29.2097
13|38|0|225|1.5|20.9|180|12.1|94.6|0.00|0.00|43.4067|33.7075
13|40|0|270|1.6|20.9|180|9.5|94.8|0.00|0.00|43.4001|26.6532
13|41|0|315|2.9|20.9|180|10.7|94.9|0.00|0.00|43.4002|29.2097
13|42|0|0|1.5|20.9|180|10.7|95.0|0.00|0.00|43.4024|29.9621
13|43|0|315|5.8|20.9|180|11.2|95.1|0.00|0.00|43.403|32.3099
13|44|0|315|4.8|20.9|180|11.9|95.1|0.00|0.00|43.4017|32.3099
13|45|0|315|2.9|20.9|180|8.8|95.0|0.00|0.00|43.4013|24.565
13|46|0|0|2.9|20.9|180|9.5|95.1|0.00|0.00|43.4032|27.3966
13|47|0|315|1.6|20.9|180|10.5|95.1|0.00|0.00|43.4043|29.9621
13|48|0|270|4.4|20.9|180|11.3|95.2|0.00|0.00|43.4032|32.3099
13|50|0|225|1.5|20.9|180|9.1|95.2|0.00|0.00|43.4018|27.3966
13|51|0|315|2.9|20.9|180|8.9|95.5|0.00|0.00|43.4018|24.565
13|53|0|135|5.8|20.9|180|8.4|95.6|0.00|0.00|43.3997|24.565
13|55|0|315|1.6|20.9|180|8.0|95.8|0.00|0.00|43.3976|24.565
13|56|0|270|0.0|20.9|180|7.7|95.9|0.00|0.00|43.3988|21.4004
13|57|0|225|1.5|20.9|180|9.1|96.0|0.00|0.00|43.3996|28.1396
13|58|0|135|2.9|20.9|180|10.0|96.2|0.00|0.00|43.4009|30.7141
13|59|0|180|1.5|20.9|180|9.0|96.4|0.00|0.00|43.4001|28.1396
14|00|0|180|2.9|20.9|180|8.1|96.2|0.00|0.00|43.3988|25.298
14|01|0|135|1.5|20.9|180|8.8|96.5|0.00|0.00|43.4004|25.298
14|02|0|315|1.5|20.9|180|8.1|96.6|0.00|0.00|43.3985|25.298
14|03|0|0|2.9|20.9|180|8.5|96.7|0.00|0.00|43.3988|25.298
14|04|0|315|4.8|20.9|180|10.5|96.8|0.00|0.00|43.4|30.7141
14|05|0|315|3.2|20.9|180|11.5|96.7|0.00|0.00|43.3997|33.0702
14|06|0|338|2.9|20.9|180|8.6|96.7|0.00|0.00|43.3981|25.298
14|07|0|315|5.8|20.9|180|10.3|96.6|0.00|0.00|43.3974|30.7141
14|09|0|338|4.4|20.9|180|9.5|96.5|0.00|0.00|43.3977|28.1396
14|10|0|270|4.4|20.9|180|9.7|96.2|0.00|0.00|43.3962|28.1396
14|12|0|0|1.5|20.9|180|10.8|95.8|0.00|0.00|43.3918|29.9621
14|14|0|158|1.6|20.9|180|8.6|95.9|0.00|0.00|43.3884|24.565
14|16|0|0|11.6|20.9|180|11.3|96.1|0.00|0.00|43.3823|33.0702
14|17|0|0|2.9|20.9|180|11.2|96.0|0.00|0.00|43.3863|33.0702
14|18|0|338|7.3|20.9|180|8.8|96.0|0.00|0.00|43.3861|25.298
14|19|0|0|2.9|20.9|180|8.8|95.9|0.00|0.00|43.3889|24.565
14|20|0|0|4.4|20.9|180|12.2|95.9|0.00|0.00|43.3894|34.476
14|21|0|315|4.4|20.9|180|11.1|95.8|0.00|0.00|43.3882|32.3099
14|22|0|338|6.4|20.9|180|7.8|95.7|0.00|0.00|43.3863|21.4004
14|23|0|315|4.8|20.9|180|7.4|95.2|0.00|0.00|43.3853|21.4004
14|24|0|338|5.8|20.9|180|11.1|95.2|0.00|0.00|43.3844|32.3099
14|25|0|315|3.2|20.9|180|11.6|95.1|0.00|0.00|43.387|32.3099
14|27|0|315|4.4|20.9|180|9.1|95.1|0.00|0.00|43.3861|27.3966
14|28|0|315|4.8|20.9|180|12.5|95.1|0.00|0.00|43.3878|34.476
14|29|0|0|4.4|20.9|180|9.6|95.1|0.00|0.00|43.3831|27.3966
14|30|0|270|3.2|20.9|180|8.1|95.2|0.00|0.00|43.3849|24.565
14|31|0|315|5.8|20.9|180|12.4|95.3|0.00|0.00|43.3821|34.476
14|32|0|315|10.2|20.9|180|11.6|95.2|0.00|0.00|43.3797|32.3099
14|33|0|315|8.7|20.9|180|10.5|94.8|0.00|0.00|43.3828|29.2097
14|34|0|315|6.4|20.9|180|8.9|94.6|0.00|0.00|43.3777|23.8316
14|35|0|315|4.4|20.9|180|11.4|94.6|0.00|0.00|43.3779|31.5491
14|36|0|315|1.6|20.9|180|8.7|94.6|0.00|0.00|43.377|23.8316
14|37|0|315|4.4|20.9|180|8.3|94.4|0.00|0.00|43.3751|23.8316
14|38|0|315|5.8|20.9|180|11.4|94.6|0.00|0.00|43.3739|31.5491
14|39|0|315|7.3|20.9|180|10.3|94.4|0.00|0.00|43.3734|29.2097
14|40|0|0|4.4|20.9|180|8.3|94.6|0.00|0.00|43.3739|23.8316
14|41|0|0|5.8|20.9|180|7.7|94.7|0.00|0.00|43.3764|20.6779
14|42|0|315|6.4|20.9|180|8.8|94.7|0.00|0.00|43.3755|23.8316
14|44|0|315|5.8|20.9|180|8.1|94.6|0.00|0.00|43.3742|23.8316
14|45|0|248|0.0|20.9|180|7.7|94.7|0.00|0.00|43.3744|20.6779
14|46|0|270|1.5|20.9|180|7.5|94.8|0.00|0.00|43.3718|20.6779
14|47|0|338|1.5|20.9|180|7.1|94.9|0.00|0.00|43.369|20.6779
14|48|0|45|1.5|20.9|180|7.2|95.0|0.00|0.00|43.3696|21.4004
14|49|0|0|2.9|20.9|180|8.1|95.2|0.00|0.00|43.37|24.565
14|50|0|0|1.6|20.9|180|9.4|95.5|0.00|0.00|43.3717|27.3966
14|51|0|0|7.3|20.9|180|10.1|95.5|0.00|0.00|43.3713|29.9621
14|52|0|0|7.3|20.9|180|8.8|95.5|0.00|0.00|43.37|24.565
14|53|0|0|3.2|20.9|180|8.8|95.5|0.00|0.00|43.3721|24.565
14|54|0|270|2.9|20.9|180|7.9|95.5|0.00|0.00|43.3722|21.4004
14|55|0|315|2.9|20.9|180|8.8|95.6|0.00|0.00|43.3737|24.565
14|56|0|315|4.8|20.9|180|9.5|95.3|0.01|0.01|43.3712|27.3966
14|57|0|270|3.2|20.9|180|8.1|95.3|0.01|0.01|43.3719|24.565
14|58|0|225|0.0|20.9|180|9.7|95.5|0.01|0.01|43.3722|27.3966
14|59|0|0|0.0|20.9|180|8.5|95.7|0.01|0.01|43.3723|24.565
15|00|0|225|2.9|20.9|180|7.3|95.8|0.01|0.01|43.3707|21.4004
15|01|0|180|5.8|20.9|180|7.4|96.0|0.01|0.01|43.3722|22.1224
15|03|0|0|2.9|20.9|180|6.5|96.2|0.01|0.01|43.3703|18.5155
15|04|0|113|2.9|20.9|180|6.9|96.5|0.01|0.01|43.371|18.5155
15|05|0|135|2.9|20.9|180|7.5|96.7|0.01|0.01|43.3689|22.1224
15|06|0|45|1.5|20.9|180|7.9|96.9|0.01|0.01|43.369|22.1224
15|08|0|270|2.9|20.9|180|11.1|97.3|0.01|0.01|43.3682|33.8302
15|09|0|270|4.4|20.9|180|9.4|97.3|0.01|0.01|43.3616|28.8821
15|10|0|270|3.2|20.9|180|9.9|97.4|0.01|0.01|43.3664|28.8821
15|11|0|315|1.5|20.9|180|9.0|97.5|0.01|0.01|43.3682|28.8821
15|12|0|315|1.5|20.9|180|8.7|97.7|0.01|0.01|43.3685|26.0306
22|07|0|45|0.0|43.6|270|14.9|76.4|0.00|0.01|43.4161|23.438
22|08|0|45|0.0|43.6|270|16.4|76.3|0.00|0.01|43.4163|26.6337
22|09|0|45|1.5|43.6|270|15.9|76.2|0.00|0.01|43.4173|25.0831
22|10|0|45|0.0|43.6|270|15.4|76.0|0.00|0.01|43.4176|25.0831
22|11|0|45|1.5|43.6|270|16.3|75.8|0.00|0.01|43.4141|25.8321
22|13|0|315|0.0|43.6|270|19.3|75.4|0.00|0.01|43.4172|30.0016
22|15|0|180|0.0|43.6|270|18.7|75.0|0.00|0.01|43.4207|28.6809
22|17|0|180|0.0|43.6|270|18.2|74.8|0.00|0.01|43.4196|27.8681
22|18|0|270|0.0|43.6|270|17.9|74.4|0.00|0.01|43.419|26.4861
22|19|0|135|0.0|43.6|270|17.4|74.3|0.00|0.01|43.4231|26.4861
22|20|0|180|0.0|43.6|270|16.6|74.1|0.00|0.01|43.4227|25.0302
22|22|0|45|0.0|43.6|270|16.1|73.7|0.00|0.01|43.4224|24.2279
22|23|0|45|0.0|43.6|270|15.8|73.6|0.00|0.01|43.4231|22.6948
22|24|0|45|0.0|43.6|270|16.4|73.6|0.00|0.01|43.4232|24.2279
22|25|0|45|0.0|43.6|270|15.8|73.5|0.00|0.01|43.4229|22.6948
22|26|0|45|0.0|43.6|270|16.3|73.4|0.00|0.01|43.4222|24.2279
22|28|0|45|0.0|43.6|270|19.4|73.2|0.00|0.01|43.4239|28.3654
22|29|0|45|0.0|43.6|270|19.2|73.1|0.00|0.01|43.4249|28.3654
22|31|0|45|0.0|43.6|270|19.7|73.0|0.00|0.01|43.4256|28.3654
22|32|0|45|0.0|43.6|270|20.1|72.8|0.00|0.01|43.4268|28.7928
22|33|0|45|1.6|43.6|270|19.7|72.7|0.00|0.01|43.4266|27.5468
22|34|0|90|2.9|43.6|270|20.0|72.6|0.00|0.01|43.4287|28.7928
22|35|0|45|1.5|43.6|270|19.1|72.5|0.00|0.01|43.4251|27.5468
22|36|0|45|1.5|43.6|270|20.7|72.4|0.00|0.01|43.4267|28.7928
22|37|0|45|1.5|43.6|270|21.8|72.3|0.00|0.01|43.4276|29.9849
22|38|0|45|1.5|43.6|270|22.3|72.1|0.00|0.01|43.4286|31.1277
22|39|0|0|1.6|43.6|270|21.6|71.9|0.00|0.01|43.4311|29.1565
22|41|0|45|1.5|43.6|270|20.9|71.7|0.00|0.01|43.4328|27.9691
22|42|0|0|1.5|43.6|270|20.8|71.6|0.00|0.01|43.4332|27.9691
22|44|0|45|0.0|43.6|270|20.0|71.4|0.00|0.01|43.4327|27.9691
22|45|0|45|1.5|43.6|270|19.9|71.3|0.00|0.01|43.4301|26.7279
22|46|0|45|0.0|43.6|270|20.5|71.2|0.00|0.01|43.4305|27.9691
22|47|0|45|0.0|43.6|270|20.9|70.9|0.00|0.01|43.4282|27.145
22|48|0|45|0.0|43.6|270|21.3|70.8|0.00|0.01|43.4289|28.3278
22|49|0|45|0.0|43.6|270|21.4|70.7|0.00|0.01|43.4285|28.3278
22|50|0|45|0.0|43.6|270|21.2|70.6|0.00|0.01|43.4278|28.3278
22|51|0|45|0.0|43.6|270|21.0|70.5|0.00|0.01|43.4266|28.3278
22|52|0|45|0.0|43.6|270|20.2|70.4|0.00|0.01|43.4251|27.145
22|53|0|45|0.0|43.6|270|19.6|70.3|0.00|0.01|43.4275|25.9087
22|54|0|45|0.0|43.6|270|19.2|70.1|0.00|0.01|43.4258|25.9087
22|55|0|45|1.5|43.6|270|18.9|70.1|0.00|0.01|43.4258|24.6133
22|56|0|45|0.0|43.6|270|19.1|70.0|0.00|0.01|43.426|25.9087
22|57|0|45|1.5|43.6|270|18.8|70.0|0.00|0.01|43.4271|24.6133
22|59|0|0|0.0|43.6|270|19.7|69.9|0.00|0.01|43.4283|25.0891
23|00|0|0|1.5|43.6|270|19.9|69.9|0.00|0.01|43.4272|25.0891
23|01|0|0|0.0|43.6|270|19.6|69.9|0.00|0.01|43.4279|25.0891
23|02|0|225|0.0|43.6|270|19.2|69.9|0.00|0.01|43.4285|25.0891
23|03|0|225|1.5|43.6|270|19.2|69.9|0.00|0.01|43.4301|25.0891
23|04|0|225|1.6|43.6|270|21.0|69.8|0.00|0.01|43.43|27.4988
23|05|0|225|0.0|43.6|270|21.3|69.8|0.00|0.01|43.4303|27.4988
23|07|0|315|0.0|43.6|270|20.4|69.7|0.00|0.01|43.4277|26.3207
23|08|0|315|0.0|43.6|270|19.9|69.7|0.00|0.01|43.4282|25.0891
23|09|0|315|1.5|1.6|315|23.4|69.6|0.00|0.00|43.4275|29.7132
23|10|0|315|1.5|3.2|315|25.1|69.5|0.00|0.00|43.4284|31.7633
23|11|0|315|1.5|3.2|315|25.2|69.4|0.00|0.00|43.4295|31.7633
23|13|0|315|1.5|3.2|315|22.7|69.1|0.00|0.00|43.4301|28.6283
23|14|0|315|0.0|3.2|315|20.6|68.9|0.00|0.00|43.4307|25.496
23|15|0|315|0.0|3.2|315|20.4|68.8|0.00|0.00|43.4293|25.496
23|16|0|90|0.0|3.2|315|20.4|68.7|0.00|0.00|43.4287|25.496
23|17|0|45|2.9|3.2|315|19.6|68.6|0.00|0.00|43.4286|24.2692
23|18|0|90|1.6|4.4|68|18.8|68.5|0.00|0.00|43.4279|22.9839
23|19|0|90|0.0|4.4|68|18.3|68.6|0.00|0.00|43.4277|22.9839
23|20|0|90|0.0|4.4|68|19.3|68.7|0.00|0.00|43.4296|24.2692
23|21|0|315|1.5|4.4|68|19.6|68.7|0.00|0.00|43.4291|24.2692
23|22|0|225|2.9|4.4|68|22.0|68.8|0.00|0.00|43.4304|27.7945
23|24|0|270|2.9|4.4|68|21.7|68.8|0.00|0.00|43.4284|26.6695
23|25|0|270|2.9|4.8|270|21.0|68.7|0.00|0.00|43.4282|26.6695
23|26|0|270|0.0|4.8|270|20.2|68.8|0.00|0.00|43.4302|25.496
23|27|0|90|0.0|4.8|270|19.8|68.8|0.00|0.00|43.4284|24.2692
23|28|0|45|0.0|4.8|270|19.4|68.7|0.00|0.00|43.4279|24.2692
23|29|0|45|0.0|4.8|270|18.5|68.7|0.00|0.00|43.426|22.9839
23|30|0|90|0.0|4.8|270|17.6|68.7|0.00|0.00|43.4275|21.6336
23|31|0|90|0.0|4.8|270|17.4|68.7|0.00|0.00|43.4292|21.6336
23|33|0|225|1.5|4.8|270|19.5|68.7|0.00|0.00|43.4279|24.2692
23|34|0|225|0.0|4.8|270|20.5|68.8|0.00|0.00|43.4281|25.496
23|36|0|225|0.0|4.8|270|20.6|68.8|0.00|0.00|43.4289|25.496
23|37|0|45|1.5|4.8|270|20.4|68.7|0.00|0.00|43.4267|25.496
23|38|0|45|0.0|4.8|270|19.5|68.7|0.00|0.00|43.4243|24.2692
23|39|0|90|0.0|4.8|270|18.0|68.7|0.00|0.00|43.4271|22.9839
23|40|0|90|1.5|4.8|270|17.4|68.7|0.00|0.00|43.4255|21.6336
23|41|0|90|1.5|4.8|270|17.0|68.7|0.00|0.00|43.4267|21.6336
23|42|0|90|1.5|4.8|270|18.5|68.7|0.00|0.00|43.4264|22.9839
23|44|0|90|0.0|4.8|270|19.5|68.7|0.00|0.00|43.4285|24.2692
23|45|0|90|0.0|4.8|270|17.6|68.7|0.00|0.00|43.4286|21.6336
23|46|0|90|0.0|4.8|270|18.6|68.7|0.00|0.00|43.4278|22.9839
23|47|0|90|0.0|4.8|270|20.1|68.7|0.00|0.00|43.4274|25.496
23|48|0|135|0.0|4.8|270|20.8|68.7|0.00|0.00|43.4258|25.496
23|49|0|135|1.5|4.8|270|21.4|68.6|0.00|0.00|43.4254|26.6695
23|50|0|90|1.6|4.8|270|21.2|68.6|0.00|0.00|43.4259|26.6695
23|52|0|90|1.5|4.8|270|20.3|68.3|0.00|0.00|43.4264|25.496
23|53|0|90|1.5|4.8|270|20.1|68.3|0.00|0.00|43.4293|25.496
23|54|0|90|0.0|4.8|270|19.9|68.2|0.00|0.00|43.4289|24.2692
23|55|0|90|0.0|4.8|270|20.1|68.2|0.00|0.00|43.4294|25.496
23|56|0|90|1.5|4.8|270|19.4|68.1|0.00|0.00|43.4285|24.2692
23|57|0|90|1.5|4.8|270|18.8|68.1|0.00|0.00|43.4288|22.9839
23|58|0|90|0.0|4.8|270|19.9|68.1|0.00|0.00|43.4302|24.2692
23|59|0|90|0.0|4.8|270|20.8|68.0|0.00|0.00|43.4289|25.496
