00|00|0|225|0.0|19.3|315|46.1|35.3|0.00|0.14|43.4468|16.367
00|01|0|225|0.0|19.3|315|46.2|35.3|0.00|0.14|43.4468|16.367
00|02|0|225|0.0|19.3|315|46.2|35.2|0.00|0.14|43.4463|16.367
00|03|0|225|0.0|19.3|315|46.3|35.2|0.00|0.14|43.4474|16.367
00|04|0|225|0.0|19.3|315|46.4|35.2|0.00|0.14|43.4491|16.367
00|05|0|225|0.0|19.3|315|46.3|35.0|0.00|0.14|43.4501|16.367
00|06|0|225|0.0|19.3|315|46.2|35.0|0.00|0.14|43.4506|16.367
00|08|0|225|0.0|19.3|315|46.2|35.0|0.00|0.14|43.4482|16.367
00|10|0|225|0.0|19.3|315|46.8|34.9|0.00|0.14|43.4455|15.4517
00|12|0|225|0.0|19.3|315|47.0|34.9|0.00|0.14|43.4468|15.9438
00|13|0|225|0.0|19.3|315|47.2|34.9|0.00|0.14|43.4463|15.9438
00|14|0|225|0.0|19.3|315|47.2|34.8|0.00|0.14|43.4453|15.9438
00|16|0|225|0.0|19.3|315|47.7|34.8|0.00|0.14|43.4458|15.9438
00|18|0|225|0.0|19.3|315|48.7|34.7|0.00|0.14|43.448|16.4267
00|19|0|225|0.0|19.3|315|49.0|34.7|0.00|0.14|43.4457|16.9007
00|20|0|225|0.0|19.3|315|49.2|34.7|0.00|0.14|43.4484|16.9007
00|21|0|225|0.0|19.3|315|49.3|34.6|0.00|0.14|43.449|16.9007
00|22|0|225|0.0|19.3|315|49.3|34.6|0.00|0.14|43.4499|16.9007
00|23|0|225|0.0|19.3|315|49.3|34.6|0.00|0.14|43.4513|16.9007
00|24|0|225|1.5|19.3|315|49.7|34.6|0.00|0.14|43.4532|16.9007
00|25|0|90|1.6|19.3|315|50.5|34.5|0.00|0.14|43.453|17.3662
00|26|0|90|1.5|19.3|315|50.9|34.4|0.00|0.14|43.4522|17.3662
00|27|0|90|0.0|19.3|315|51.0|34.4|0.00|0.14|43.4545|17.8235
00|28|0|90|0.0|19.3|315|51.0|34.4|0.00|0.14|43.4552|17.8235
00|29|0|90|0.0|19.3|315|50.8|34.4|0.00|0.14|43.4559|17.3662
00|30|0|90|0.0|19.3|315|50.5|34.4|0.00|0.14|43.4572|17.3662
00|31|0|90|0.0|19.3|315|50.3|34.4|0.00|0.14|43.4575|17.3662
00|33|0|90|0.0|19.3|315|50.4|34.4|0.00|0.14|43.4575|17.3662
00|34|0|90|0.0|19.3|315|50.5|34.4|0.00|0.14|43.458|17.3662
00|35|0|90|0.0|19.3|315|50.5|34.4|0.00|0.14|43.4579|17.3662
00|36|0|90|0.0|19.3|315|50.4|34.4|0.00|0.14|43.4587|17.3662
00|37|0|90|0.0|19.3|315|50.2|34.4|0.00|0.14|43.4574|17.3662
00|38|0|90|0.0|19.3|315|50.1|34.4|0.00|0.14|43.4585|17.3662
00|39|0|90|0.0|19.3|315|50.3|34.4|0.00|0.14|43.4586|17.3662
00|40|0|90|0.0|19.3|315|50.5|34.4|0.00|0.14|43.4591|17.3662
00|41|0|90|0.0|19.3|315|50.8|34.2|0.00|0.14|43.4568|17.3662
00|42|0|90|0.0|19.3|315|50.8|34.4|0.00|0.14|43.4602|17.3662
00|43|0|90|0.0|19.3|315|50.7|34.2|0.00|0.14|43.4575|17.3662
00|44|0|90|0.0|19.3|315|50.8|34.2|0.00|0.14|43.4584|17.3662
00|45|0|90|1.6|19.3|315|50.8|34.2|0.00|0.14|43.4587|17.3662
00|46|0|90|1.5|19.3|315|50.9|34.2|0.00|0.14|43.4573|17.3662
00|47|0|90|1.5|19.3|315|51.1|34.2|0.00|0.14|43.4562|17.8235
00|48|0|90|0.0|19.3|315|51.1|34.2|0.00|0.14|43.4552|17.8235
00|49|0|90|0.0|19.3|315|50.9|34.1|0.00|0.14|43.4558|17.3662
00|50|0|90|0.0|19.3|315|50.8|34.1|0.00|0.14|43.4573|17.3662
00|53|0|90|0.0|19.3|315|51.0|34.1|0.00|0.14|43.457|17.8235
00|54|0|90|0.0|19.3|315|51.0|34.0|0.00|0.14|43.455|17.8235
00|55|0|90|0.0|19.3|315|51.0|34.0|0.00|0.14|43.4535|17.8235
00|57|0|90|1.5|19.3|315|51.2|33.9|0.00|0.14|43.4562|16.8974
00|58|0|90|1.5|19.3|315|51.3|33.8|0.00|0.14|43.4552|16.8974
00|59|0|90|0.0|19.3|315|51.4|33.8|0.00|0.14|43.455|16.8974
01|00|0|90|0.0|19.3|315|51.5|33.8|0.00|0.14|43.4557|16.8974
01|01|0|90|0.0|19.3|315|51.5|33.7|0.00|0.14|43.4552|16.8974
01|02|0|90|0.0|19.3|315|51.4|33.7|0.00|0.14|43.4532|16.8974
01|03|0|90|0.0|19.3|315|51.2|33.6|0.00|0.14|43.452|16.8974
01|04|0|90|0.0|19.3|315|51.4|33.7|0.00|0.14|43.4541|16.8974
01|05|0|90|1.6|19.3|315|51.7|33.6|0.00|0.14|43.4506|16.8974
01|06|0|90|0.0|19.3|315|51.9|33.6|0.00|0.14|43.4525|16.8974
01|07|0|90|1.6|19.3|315|52.3|33.6|0.00|0.14|43.4508|17.3447
01|08|0|90|1.5|19.3|315|52.6|33.6|0.00|0.14|43.4509|17.3447
01|09|0|90|0.0|19.3|315|52.8|33.6|0.00|0.14|43.4519|17.3447
01|10|0|90|0.0|19.3|315|52.8|33.5|0.00|0.14|43.4495|17.3447
01|12|0|90|0.0|19.3|315|53.0|33.6|0.00|0.14|43.4502|17.7846
01|13|0|90|0.0|19.3|315|53.0|33.6|0.00|0.14|43.4501|17.7846
01|14|0|90|0.0|19.3|315|52.7|33.6|0.00|0.14|43.45|17.3447
01|15|0|90|0.0|19.3|315|52.4|33.5|0.01|0.15|43.4494|17.3447
01|16|0|90|0.0|19.3|315|52.1|33.5|0.01|0.15|43.4518|17.3447
01|17|0|90|0.0|19.3|315|52.1|33.5|0.01|0.15|43.451|17.3447
01|18|0|90|0.0|19.3|315|52.1|33.5|0.01|0.15|43.4516|17.3447
01|19|0|90|0.0|19.3|315|52.1|33.5|0.01|0.15|43.4531|17.3447
01|20|0|90|0.0|19.3|315|52.2|33.3|0.01|0.15|43.4534|17.3447
01|21|0|90|0.0|19.3|315|52.3|33.2|0.01|0.15|43.4543|17.3447
01|22|0|90|0.0|19.3|315|52.2|33.1|0.01|0.15|43.4543|17.3447
01|23|0|90|0.0|19.3|315|52.2|33.1|0.01|0.15|43.4559|17.3447
01|24|0|90|1.6|19.3|315|52.3|33.0|0.01|0.15|43.4561|17.3447
01|25|0|225|1.5|19.3|315|52.5|33.0|0.01|0.15|43.4552|17.3447
01|27|0|225|1.5|19.3|315|52.7|32.9|0.01|0.15|43.4572|16.4165
01|28|0|225|1.5|19.3|315|52.7|32.9|0.01|0.15|43.4547|16.4165
01|29|0|225|0.0|19.3|315|52.7|32.8|0.01|0.15|43.4552|16.4165
01|31|0|225|0.0|19.3|315|52.9|32.8|0.01|0.15|43.4536|16.4165
01|32|0|225|1.5|19.3|315|53.1|32.8|0.01|0.15|43.4532|16.8543
01|33|0|225|1.6|19.3|315|53.3|32.8|0.01|0.15|43.4509|16.8543
01|34|0|90|1.5|19.3|315|53.3|32.8|0.01|0.15|43.4509|16.8543
01|35|0|90|0.0|19.3|315|53.4|32.9|0.01|0.15|43.4503|16.8543
01|36|0|90|1.5|19.3|315|53.3|32.9|0.01|0.15|43.4508|16.8543
01|37|0|90|1.5|19.3|315|53.2|32.9|0.01|0.15|43.451|16.8543
01|38|0|90|0.0|19.3|315|53.2|32.9|0.01|0.15|43.4555|16.8543
01|39|0|90|0.0|19.3|315|52.9|32.9|0.01|0.15|43.4549|16.4165
01|40|0|90|0.0|19.3|315|52.8|32.9|0.01|0.15|43.4559|16.4165
01|41|0|90|0.0|19.3|315|52.9|32.9|0.01|0.15|43.4574|16.4165
01|42|0|90|0.0|19.3|315|52.8|32.9|0.01|0.15|43.4566|16.4165
01|43|0|45|0.0|19.3|315|52.8|32.9|0.01|0.15|43.4556|16.4165
01|44|0|45|0.0|19.3|315|52.6|32.9|0.01|0.15|43.4552|16.4165
01|45|0|45|0.0|19.3|315|52.4|32.9|0.01|0.15|43.4573|16.4165
01|46|0|45|0.0|19.3|315|52.1|32.8|0.01|0.15|43.4558|16.4165
01|47|0|45|0.0|19.3|315|52.0|32.8|0.01|0.15|43.4556|16.4165
01|48|0|45|0.0|19.3|315|51.9|32.8|0.01|0.15|43.4538|15.9711
01|49|0|45|0.0|19.3|315|51.9|32.8|0.01|0.15|43.4534|15.9711
01|51|0|45|0.0|19.3|315|51.8|32.8|0.01|0.15|43.453|15.9711
01|52|0|45|0.0|19.3|315|51.9|32.8|0.02|0.17|43.4515|15.9711
01|53|0|45|1.5|19.3|315|52.1|32.8|0.02|0.17|43.4525|16.4165
01|54|0|45|0.0|19.3|315|52.2|32.7|0.02|0.17|43.4483|16.4165
01|55|0|45|0.0|19.3|315|52.2|32.7|0.02|0.17|43.4477|16.4165
01|56|0|45|0.0|19.3|315|52.1|32.7|0.02|0.17|43.4483|16.4165
01|57|0|45|0.0|19.3|315|52.1|32.7|0.02|0.17|43.4486|16.4165
01|59|0|45|0.0|19.3|315|52.2|32.6|0.02|0.17|43.4508|16.4165
02|00|0|45|0.0|19.3|315|52.5|32.6|0.02|0.17|43.4494|16.4165
02|01|0|45|0.0|19.3|315|52.7|32.5|0.02|0.17|43.4486|16.4165
02|02|0|45|0.0|19.3|315|52.8|32.5|0.02|0.17|43.4482|16.4165
02|03|0|45|0.0|19.3|315|52.9|32.3|0.02|0.17|43.4471|16.4165
02|04|0|45|0.0|19.3|315|53.1|32.3|0.02|0.17|43.4469|16.8543
02|05|0|45|0.0|19.3|315|53.2|32.2|0.02|0.17|43.4497|16.8543
02|06|0|45|0.0|19.3|315|53.3|32.2|0.02|0.17|43.4519|16.8543
02|07|0|45|1.6|19.3|315|53.3|32.1|0.02|0.17|43.4502|16.8543
02|08|0|45|0.0|19.3|315|53.2|32.0|0.02|0.17|43.4524|16.8543
02|09|0|45|0.0|19.3|315|53.1|31.9|0.02|0.17|43.4492|15.9239
02|12|0|45|0.0|19.3|315|53.1|31.8|0.02|0.17|43.4487|15.9239
02|13|0|45|0.0|19.3|315|53.1|31.7|0.02|0.17|43.4491|15.9239
02|14|0|45|0.0|19.3|315|53.1|31.7|0.02|0.17|43.4492|15.9239
02|15|0|45|0.0|19.3|315|53.2|31.5|0.01|0.17|43.4479|15.9239
02|16|0|45|0.0|19.3|315|53.4|31.5|0.01|0.17|43.448|15.9239
02|17|0|45|0.0|19.3|315|53.8|31.5|0.01|0.17|43.4471|15.9239
02|18|0|45|0.0|19.3|315|54.0|31.4|0.01|0.17|43.4475|16.3525
02|19|0|45|0.0|19.3|315|54.0|31.4|0.01|0.17|43.4458|16.3525
02|20|0|45|0.0|19.3|315|54.0|31.4|0.01|0.17|43.4445|16.3525
02|21|0|45|0.0|19.3|315|54.1|31.4|0.01|0.17|43.4453|16.3525
02|22|0|45|1.5|19.3|315|54.2|31.4|0.01|0.17|43.443|16.3525
02|23|0|45|0.0|19.3|315|54.2|31.4|0.01|0.17|43.4416|16.3525
02|24|0|45|0.0|19.3|315|54.6|31.4|0.01|0.17|43.4401|16.3525
02|25|0|45|0.0|19.3|315|54.7|31.4|0.01|0.17|43.4383|16.3525
02|26|0|45|0.0|19.3|315|54.7|31.4|0.02|0.18|43.4386|16.3525
02|27|0|45|0.0|19.3|315|55.0|31.4|0.02|0.18|43.4379|16.7741
02|28|0|45|0.0|19.3|315|56.5|31.5|0.02|0.18|43.4401|17.189
02|29|0|45|0.0|19.3|315|57.6|31.5|0.02|0.18|43.4393|17.5973
02|30|0|45|0.0|19.3|315|58.2|31.5|0.03|0.19|43.4397|17.9993
02|31|0|45|1.5|19.3|315|57.8|31.5|0.03|0.19|43.4375|17.5973
02|33|0|45|1.6|19.3|315|56.9|31.7|0.03|0.19|43.4397|17.189
02|34|0|45|1.5|19.3|315|56.1|31.7|0.03|0.19|43.4393|17.189
02|35|0|45|1.5|19.3|315|55.4|31.7|0.03|0.19|43.4388|16.7741
02|36|0|45|0.0|19.3|315|55.0|31.7|0.03|0.19|43.4392|16.7741
02|37|0|45|0.0|19.3|315|54.7|31.5|0.03|0.19|43.4369|16.3525
02|38|0|45|0.0|19.3|315|54.6|31.5|0.03|0.19|43.436|16.3525
02|39|0|45|0.0|19.3|315|54.7|31.5|0.03|0.19|43.4388|16.3525
02|40|0|45|0.0|19.3|315|55.0|31.7|0.03|0.19|43.439|16.7741
02|41|0|45|0.0|19.3|315|54.9|31.5|0.03|0.19|43.4383|16.3525
02|42|0|45|0.0|19.3|315|54.8|31.7|0.03|0.19|43.4389|16.3525
02|43|0|45|0.0|19.3|315|54.9|31.7|0.03|0.19|43.4398|16.3525
02|44|0|45|0.0|19.3|315|54.8|31.7|0.03|0.19|43.4402|16.3525
02|45|0|45|1.5|19.3|315|54.6|31.7|0.03|0.19|43.441|16.3525
02|46|0|45|1.6|19.3|315|54.4|31.7|0.03|0.19|43.4423|16.3525
02|47|0|45|0.0|19.3|315|54.3|31.7|0.03|0.19|43.4412|16.3525
02|48|0|45|0.0|19.3|315|54.3|31.7|0.03|0.19|43.4416|16.3525
02|49|0|45|0.0|19.3|315|54.3|31.7|0.03|0.19|43.4439|16.3525
02|50|0|45|0.0|19.3|315|54.4|31.5|0.02|0.19|43.4402|16.3525
02|52|0|45|0.0|19.3|315|54.8|31.5|0.02|0.19|43.4406|16.3525
02|53|0|45|0.0|19.3|315|55.0|31.5|0.02|0.19|43.4399|16.7741
02|54|0|45|0.0|19.3|315|55.1|31.5|0.02|0.19|43.4395|16.7741
02|55|0|45|0.0|19.3|315|55.2|31.5|0.02|0.19|43.439|16.7741
02|56|0|45|0.0|19.3|315|55.2|31.5|0.02|0.19|43.437|16.7741
02|57|0|45|0.0|19.3|315|55.2|31.5|0.02|0.19|43.4371|16.7741
02|58|0|45|0.0|19.3|315|55.3|31.7|0.02|0.19|43.4366|16.7741
02|59|0|45|1.5|19.3|315|55.3|31.7|0.02|0.19|43.4376|16.7741
03|00|0|45|1.5|19.3|315|55.4|31.7|0.03|0.20|43.4348|16.7741
03|01|0|45|1.5|19.3|315|55.5|31.7|0.03|0.20|43.4338|16.7741
03|02|0|45|1.6|19.3|315|56.2|31.7|0.03|0.20|43.4331|17.189
03|03|0|45|1.5|19.3|315|57.6|31.7|0.03|0.20|43.4315|17.5973
03|04|0|45|1.5|19.3|315|58.0|31.8|0.03|0.20|43.431|17.9993
03|05|0|45|1.5|19.3|315|58.7|31.8|0.03|0.20|43.4305|17.9993
03|06|0|45|1.5|19.3|315|60.8|31.8|0.03|0.20|43.4281|18.7853
03|07|0|45|0.0|19.3|315|60.0|31.8|0.03|0.20|43.4272|18.7853
03|08|0|45|1.5|19.3|315|59.2|31.8|0.03|0.20|43.4239|18.3953
03|09|0|45|0.0|19.3|315|59.0|31.9|0.03|0.20|43.426|18.3953
03|10|0|45|1.6|19.3|315|58.4|31.9|0.03|0.20|43.4242|17.9993
03|11|0|45|0.0|19.3|315|57.7|32.0|0.03|0.20|43.4223|18.5353
03|12|0|45|0.0|19.3|315|57.4|32.0|0.03|0.20|43.4203|18.5353
03|14|0|45|0.0|19.3|315|57.4|32.0|0.03|0.20|43.4212|18.5353
03|15|0|45|1.5|19.3|315|57.1|32.0|0.03|0.20|43.4204|18.5353
03|16|0|45|1.5|19.3|315|57.0|32.0|0.03|0.20|43.4194|18.5353
03|19|0|45|1.6|19.3|315|55.9|32.0|0.03|0.20|43.4239|17.7084
03|20|0|45|0.0|19.3|315|55.5|31.9|0.03|0.20|43.4246|16.7741
03|21|0|45|0.0|19.3|315|55.3|32.0|0.03|0.20|43.4269|17.7084
03|22|0|45|0.0|19.3|315|55.2|31.9|0.03|0.20|43.4251|16.7741
03|23|0|45|0.0|19.3|315|55.1|31.9|0.03|0.20|43.4247|16.7741
03|24|0|45|0.0|19.3|315|55.0|31.9|0.03|0.20|43.4276|16.7741
03|25|0|45|0.0|19.3|315|55.1|31.9|0.03|0.20|43.4285|16.7741
03|26|0|45|1.5|19.3|315|55.2|31.9|0.02|0.20|43.4314|16.7741
03|27|0|45|2.9|19.3|315|55.7|31.8|0.02|0.20|43.4312|16.7741
03|28|0|45|1.5|19.3|315|56.2|31.7|0.02|0.20|43.432|17.189
03|29|0|45|1.5|19.3|315|55.9|31.5|0.01|0.20|43.4311|16.7741
03|31|0|270|1.5|19.3|315|55.9|31.4|0.01|0.20|43.4317|16.7741
03|32|0|270|1.5|19.3|315|56.0|31.3|0.01|0.20|43.4298|17.189
03|33|0|270|0.0|19.3|315|56.0|31.3|0.01|0.20|43.4308|17.189
03|34|0|270|0.0|19.3|315|55.8|31.2|0.01|0.20|43.4296|16.7741
03|35|0|270|1.5|19.3|315|55.8|31.2|0.01|0.20|43.4289|16.7741
03|36|0|270|1.5|19.3|315|56.1|31.1|0.01|0.20|43.4307|17.189
03|37|0|315|2.9|19.3|315|56.4|31.0|0.01|0.20|43.4318|17.189
03|38|0|270|4.4|19.3|315|56.6|31.0|0.01|0.20|43.435|17.189
03|39|0|270|1.5|19.3|315|56.7|30.9|0.01|0.20|43.4365|16.2527
03|40|0|270|0.0|19.3|315|56.8|30.8|0.02|0.21|43.4346|16.2527
03|41|0|270|3.2|19.3|315|56.8|30.8|0.02|0.21|43.4355|16.2527
03|42|0|270|2.9|19.3|315|56.9|30.9|0.02|0.21|43.4372|16.2527
03|43|0|270|5.8|19.3|315|56.9|30.9|0.02|0.21|43.4376|16.2527
03|44|0|270|2.9|19.3|315|57.0|30.8|0.02|0.21|43.4392|16.6592
03|45|0|270|1.5|19.3|315|57.1|30.9|0.02|0.21|43.4382|16.6592
03|46|0|270|0.0|19.3|315|56.9|30.9|0.02|0.21|43.4363|16.2527
03|47|0|270|1.5|19.3|315|56.7|31.0|0.02|0.21|43.4373|17.189
03|48|0|270|1.5|19.3|315|56.6|31.0|0.02|0.21|43.4389|17.189
03|49|0|225|3.2|19.3|315|56.7|31.0|0.02|0.21|43.4389|17.189
03|51|0|225|1.5|19.3|315|57.0|31.0|0.02|0.21|43.4397|17.5973
03|52|0|225|0.0|19.3|315|57.0|31.0|0.02|0.21|43.4374|17.5973
03|53|0|225|0.0|19.3|315|56.8|31.1|0.02|0.21|43.4391|17.189
03|54|0|225|1.5|19.3|315|56.5|31.1|0.02|0.21|43.4389|17.189
03|55|0|225|1.6|19.3|315|56.5|31.1|0.02|0.21|43.4393|17.189
03|57|0|225|1.5|19.3|315|56.7|31.1|0.02|0.21|43.4383|17.189
03|58|0|225|1.6|19.3|315|56.8|31.1|0.02|0.21|43.4383|17.189
03|59|0|225|0.0|19.3|315|56.7|31.1|0.02|0.21|43.4382|17.189
04|00|0|225|0.0|19.3|315|56.7|31.1|0.01|0.21|43.4396|17.189
04|01|0|225|1.6|19.3|315|56.7|31.1|0.01|0.21|43.4403|17.189
04|03|0|225|0.0|19.3|315|56.8|31.1|0.01|0.21|43.4373|17.189
04|04|0|225|0.0|19.3|315|56.8|31.1|0.01|0.21|43.4383|17.189
04|05|0|225|0.0|19.3|315|57.0|31.1|0.01|0.21|43.4379|17.5973
04|06|0|225|0.0|19.3|315|57.1|31.1|0.01|0.21|43.4415|17.5973
04|07|0|270|2.9|19.3|315|57.1|31.0|0.01|0.21|43.4403|17.5973
04|08|0|270|1.6|19.3|315|57.3|31.0|0.01|0.21|43.4393|17.5973
04|09|0|270|1.5|19.3|315|57.3|31.1|0.02|0.22|43.4404|17.5973
04|10|0|270|0.0|19.3|315|57.2|31.1|0.02|0.22|43.4414|17.5973
04|11|0|270|1.5|19.3|315|56.9|31.2|0.02|0.22|43.4416|17.189
04|13|0|225|0.0|19.3|315|56.9|31.2|0.02|0.22|43.4403|17.189
04|14|0|225|0.0|19.3|315|57.0|31.2|0.02|0.22|43.4416|17.5973
04|15|0|225|0.0|19.3|315|57.0|31.2|0.02|0.22|43.4418|17.5973
04|16|0|225|0.0|19.3|315|57.1|31.2|0.02|0.22|43.4426|17.5973
04|17|0|225|0.0|19.3|315|57.2|31.2|0.02|0.22|43.4415|17.5973
04|19|0|225|0.0|19.3|315|57.9|31.1|0.02|0.22|43.4414|17.5973
04|20|0|225|0.0|19.3|315|57.9|31.1|0.02|0.22|43.441|17.5973
04|21|0|225|0.0|19.3|315|58.1|31.0|0.02|0.22|43.4383|17.9993
04|22|0|225|0.0|19.3|315|58.2|31.0|0.02|0.22|43.4393|17.9993
04|23|0|225|0.0|19.3|315|58.4|30.9|0.02|0.22|43.4391|17.0594
04|24|0|225|0.0|19.3|315|58.6|30.9|0.02|0.22|43.4418|17.0594
04|25|0|225|0.0|19.3|315|58.5|30.8|0.02|0.22|43.4412|17.0594
04|26|0|225|0.0|19.3|315|58.3|30.8|0.02|0.22|43.4415|17.0594
04|27|0|225|1.5|19.3|315|58.3|30.8|0.02|0.22|43.4427|17.0594
04|28|0|225|0.0|19.3|315|58.2|30.8|0.02|0.22|43.4447|17.0594
04|29|0|225|0.0|19.3|315|58.2|30.8|0.02|0.22|43.4468|17.0594
04|30|0|225|0.0|19.3|315|58.2|30.6|0.02|0.22|43.4455|17.0594
04|31|0|225|0.0|19.3|315|58.5|30.6|0.02|0.22|43.4457|17.0594
04|32|0|225|0.0|19.3|315|58.8|30.6|0.02|0.22|43.4464|17.0594
04|34|0|225|0.0|19.3|315|59.0|30.6|0.02|0.22|43.448|17.4535
04|35|0|225|0.0|19.3|315|58.9|30.5|0.02|0.22|43.4484|17.0594
04|36|0|225|0.0|19.3|315|59.1|30.5|0.02|0.22|43.4492|17.4535
04|37|0|225|1.5|19.3|315|59.4|30.4|0.02|0.22|43.4491|17.4535
04|38|0|225|1.5|19.3|315|59.6|30.4|0.02|0.22|43.4503|17.4535
04|40|0|225|1.5|19.3|315|59.8|30.3|0.01|0.22|43.4529|17.4535
04|41|0|270|1.5|19.3|315|60.1|30.3|0.01|0.22|43.4515|17.8417
04|42|0|270|0.0|19.3|315|60.0|30.3|0.01|0.22|43.454|17.8417
04|43|0|270|2.9|19.3|315|60.1|30.3|0.01|0.22|43.4534|17.8417
04|44|0|270|0.0|19.3|315|60.2|30.3|0.02|0.23|43.4558|17.8417
04|45|0|270|0.0|19.3|315|60.1|30.3|0.02|0.23|43.455|17.8417
04|46|0|270|0.0|19.3|315|60.3|30.2|0.02|0.23|43.4566|17.8417
04|47|0|270|1.5|19.3|315|60.3|30.2|0.02|0.23|43.4585|17.8417
04|48|0|270|1.5|19.3|315|60.1|30.2|0.02|0.23|43.4585|17.8417
04|49|0|270|1.6|19.3|315|60.2|30.2|0.02|0.23|43.46|17.8417
04|50|0|270|1.5|19.3|315|60.4|30.2|0.02|0.23|43.4607|17.8417
04|51|0|270|1.6|19.3|315|60.4|30.2|0.02|0.23|43.462|17.8417
04|52|0|270|2.9|19.3|315|60.6|30.1|0.02|0.23|43.4634|17.8417
04|54|0|270|1.5|19.3|315|60.7|30.1|0.02|0.23|43.4634|17.8417
04|55|0|270|1.6|19.3|315|60.6|30.0|0.02|0.23|43.4634|17.8417
04|57|0|270|1.5|19.3|315|60.6|29.9|0.02|0.23|43.4658|16.898
04|58|0|270|1.6|19.3|315|60.6|29.9|0.02|0.23|43.4641|16.898
04|59|0|270|4.4|19.3|315|60.5|29.9|0.02|0.23|43.4678|16.898
05|00|0|270|1.6|19.3|315|60.4|29.7|0.02|0.23|43.4648|16.898
05|02|0|270|0.0|19.3|315|60.1|29.9|0.02|0.23|43.4668|16.898
05|03|0|270|0.0|19.3|315|59.9|29.9|0.02|0.23|43.4661|16.5116
05|04|0|270|0.0|19.3|315|59.7|30.0|0.02|0.23|43.4666|17.4535
05|05|0|270|0.0|19.3|315|59.6|30.0|0.02|0.23|43.4651|17.4535
05|07|0|270|1.5|19.3|315|59.6|30.1|0.02|0.23|43.4655|17.4535
05|08|0|270|1.5|19.3|315|59.7|30.1|0.02|0.23|43.4655|17.4535
05|09|0|270|0.0|19.3|315|59.7|30.1|0.01|0.23|43.4674|17.4535
05|10|0|270|1.5|19.3|315|59.6|30.1|0.01|0.23|43.4665|17.4535
05|11|0|270|0.0|19.3|315|59.6|30.1|0.01|0.23|43.4676|17.4535
05|12|0|270|0.0|19.3|315|59.4|30.1|0.01|0.23|43.4707|17.4535
05|13|0|270|0.0|19.3|315|59.4|30.1|0.01|0.23|43.4691|17.4535
05|15|0|270|1.5|19.3|315|59.5|30.0|0.01|0.23|43.4704|17.4535
05|16|0|270|1.5|19.3|315|59.5|30.0|0.01|0.23|43.4688|17.4535
05|17|0|270|1.5|19.3|315|59.4|30.0|0.01|0.23|43.4705|17.4535
05|18|0|270|1.6|19.3|315|59.6|29.9|0.01|0.23|43.4714|16.5116
05|19|0|270|1.5|19.3|315|59.6|29.9|0.01|0.23|43.4711|16.5116
05|20|0|270|1.5|19.3|315|59.6|29.7|0.01|0.23|43.47|16.5116
05|21|0|270|1.5|1.6|270|59.6|29.7|0.01|0.00|43.4717|16.5116
05|22|0|270|0.0|1.6|270|59.7|29.6|0.01|0.00|43.4706|16.5116
05|23|0|270|1.5|2.9|270|59.8|29.6|0.01|0.00|43.471|16.5116
05|24|0|270|1.5|3.2|270|59.9|29.6|0.01|0.00|43.4716|16.5116
05|25|0|270|1.5|3.2|270|59.7|29.6|0.01|0.00|43.4697|16.5116
05|26|0|270|1.5|3.2|270|59.6|29.6|0.01|0.00|43.4697|16.5116
05|28|0|270|0.0|3.2|270|59.7|29.6|0.01|0.00|43.4679|16.5116
05|29|0|270|0.0|3.2|270|59.8|29.6|0.01|0.00|43.4692|16.5116
05|30|0|270|0.0|3.2|270|59.8|29.6|0.01|0.00|43.4692|16.5116
05|31|0|270|1.6|3.2|270|59.7|29.6|0.01|0.00|43.4701|16.5116
05|32|0|270|1.5|3.2|270|59.7|29.6|0.01|0.00|43.4698|16.5116
05|34|0|270|0.0|3.2|270|59.8|29.6|0.01|0.00|43.469|16.5116
05|37|0|270|0.0|3.2|270|59.5|29.9|0.01|0.00|43.4692|16.5116
05|38|0|270|0.0|3.2|270|59.3|29.9|0.01|0.00|43.4666|16.5116
05|40|0|270|0.0|3.2|270|58.9|29.9|0.01|0.00|43.4649|16.1192
05|42|0|270|0.0|3.2|270|58.9|29.9|0.01|0.00|43.4652|16.1192
05|43|0|270|0.0|3.2|270|58.8|29.9|0.01|0.00|43.4646|16.1192
05|44|0|270|0.0|3.2|270|58.8|29.9|0.01|0.00|43.4659|16.1192
05|45|0|270|0.0|3.2|270|58.8|29.9|0.01|0.00|43.4676|16.1192
05|46|0|270|1.6|3.2|270|58.8|29.7|0.01|0.00|43.466|16.1192
05|47|0|270|0.0|3.2|270|58.9|29.7|0.01|0.00|43.4668|16.1192
05|48|0|270|0.0|3.2|270|59.1|29.7|0.01|0.00|43.4689|16.5116
05|50|0|270|0.0|3.2|270|59.2|29.6|0.01|0.00|43.4691|16.5116
05|51|0|270|1.6|3.2|270|59.3|29.6|0.01|0.00|43.4685|16.5116
05|52|0|270|1.5|3.2|270|59.4|29.6|0.02|0.01|43.4684|16.5116
05|53|0|270|0.0|3.2|270|59.3|29.6|0.02|0.01|43.4695|16.5116
05|54|0|270|0.0|3.2|270|59.2|29.5|0.01|0.01|43.4679|16.5116
05|57|0|270|0.0|3.2|270|59.4|29.4|0.01|0.01|43.466|16.5116
05|58|0|270|0.0|3.2|270|59.5|29.4|0.01|0.01|43.4674|16.5116
05|59|0|270|0.0|3.2|270|59.6|29.4|0.01|0.01|43.4683|16.5116
06|00|0|270|0.0|3.2|270|59.6|29.4|0.01|0.01|43.4682|16.5116
06|02|0|270|1.5|3.2|270|59.8|29.3|0.01|0.01|43.4691|16.5116
06|03|0|270|0.0|3.2|270|59.9|29.3|0.01|0.01|43.4704|16.5116
06|04|0|270|1.5|3.2|270|59.9|29.3|0.01|0.01|43.4681|16.5116
06|05|0|270|1.5|3.2|270|59.8|29.2|0.01|0.01|43.4684|16.5116
06|06|0|270|0.0|3.2|270|59.8|29.2|0.01|0.01|43.4679|16.5116
06|07|0|270|0.0|3.2|270|59.8|29.2|0.01|0.01|43.4689|16.5116
06|08|0|270|0.0|3.2|270|59.9|29.2|0.01|0.01|43.4684|16.5116
06|09|0|270|0.0|3.2|270|59.9|29.2|0.01|0.01|43.471|16.5116
06|10|0|270|0.0|3.2|270|60.0|29.1|0.01|0.01|43.4694|16.898
06|11|0|270|1.5|3.2|270|60.0|29.1|0.01|0.01|43.471|16.898
06|12|0|270|0.0|3.2|270|60.2|29.1|0.01|0.01|43.4705|16.898
06|13|0|270|0.0|3.2|270|60.3|29.1|0.01|0.01|43.4737|16.898
06|15|0|270|1.5|3.2|270|60.4|29.1|0.01|0.01|43.4702|16.898
06|16|0|270|1.6|3.2|270|60.4|29.1|0.01|0.01|43.4705|16.898
06|17|0|270|1.5|3.2|270|60.3|29.1|0.01|0.01|43.4739|16.898
06|18|0|270|1.5|3.2|270|60.5|29.1|0.01|0.01|43.4734|16.898
06|19|0|270|3.2|4.4|270|60.7|29.0|0.01|0.01|43.4727|16.898
06|21|0|270|1.5|4.4|270|61.2|29.0|0.01|0.01|43.4724|17.2788
06|22|0|270|0.0|4.4|270|61.1|29.0|0.01|0.01|43.4707|17.2788
06|23|0|270|0.0|4.4|270|60.9|29.0|0.01|0.01|43.4716|16.898
06|24|0|270|0.0|4.4|270|60.8|29.0|0.01|0.01|43.4717|16.898
06|25|0|270|0.0|4.4|270|60.8|29.0|0.01|0.01|43.4737|16.898
06|26|0|270|0.0|4.4|270|60.8|29.0|0.01|0.01|43.4733|16.898
06|27|0|270|1.5|4.4|270|60.9|29.0|0.01|0.01|43.4722|16.898
06|28|0|270|0.0|4.4|270|60.8|28.8|0.01|0.01|43.4723|15.9542
06|30|0|270|1.5|4.4|270|61.0|28.8|0.01|0.01|43.4724|16.3332
06|31|0|270|1.5|4.4|270|61.2|28.7|0.02|0.02|43.4732|16.3332
06|32|0|270|2.9|4.4|270|61.2|28.7|0.02|0.02|43.4731|16.3332
06|34|0|270|0.0|4.4|270|61.3|28.7|0.02|0.02|43.4728|16.3332
06|35|0|270|0.0|4.4|270|61.1|28.7|0.02|0.02|43.4705|16.3332
06|36|0|270|0.0|4.4|270|60.9|28.7|0.02|0.02|43.4706|15.9542
06|37|0|270|0.0|4.4|270|60.7|28.7|0.02|0.02|43.4705|15.9542
06|38|0|270|0.0|4.4|270|60.9|28.7|0.02|0.02|43.4714|15.9542
06|39|0|270|0.0|4.4|270|61.0|28.7|0.02|0.02|43.4713|16.3332
06|40|0|270|0.0|4.4|270|61.1|28.7|0.02|0.02|43.4709|16.3332
06|41|0|270|0.0|4.4|270|61.2|28.6|0.02|0.02|43.4689|16.3332
06|42|0|270|0.0|4.4|270|61.3|28.7|0.02|0.02|43.4709|16.3332
06|43|0|270|0.0|4.4|270|61.3|28.7|0.02|0.02|43.4705|16.3332
06|44|0|270|0.0|4.4|270|61.5|28.7|0.02|0.02|43.4686|16.3332
06|45|0|270|0.0|4.4|270|61.4|28.7|0.02|0.02|43.4699|16.3332
06|46|0|270|0.0|4.4|270|61.3|28.7|0.02|0.02|43.4705|16.3332
06|47|0|270|0.0|4.4|270|61.4|28.7|0.02|0.02|43.471|16.3332
06|48|0|270|0.0|4.4|270|61.3|28.7|0.02|0.02|43.4697|16.3332
06|50|0|270|0.0|4.4|270|61.0|28.8|0.02|0.02|43.4718|16.3332
06|51|0|270|0.0|4.4|270|60.9|28.8|0.01|0.02|43.472|15.9542
06|52|0|270|0.0|4.4|270|60.8|28.8|0.01|0.02|43.4738|15.9542
06|53|0|270|0.0|4.4|270|60.9|28.8|0.01|0.02|43.4731|15.9542
06|55|0|270|0.0|4.4|270|61.0|28.8|0.01|0.02|43.474|16.3332
06|56|0|270|1.5|4.4|270|61.0|28.8|0.01|0.02|43.4733|16.3332
06|57|0|270|1.5|4.4|270|61.1|28.8|0.01|0.02|43.4718|16.3332
06|58|0|270|0.0|4.4|270|61.4|29.0|0.01|0.02|43.4734|17.2788
06|59|0|270|0.0|4.4|270|61.7|29.0|0.01|0.02|43.4725|17.2788
07|00|0|270|0.0|4.4|270|62.6|29.0|0.01|0.02|43.4695|17.6541
07|01|0|270|0.0|4.4|270|63.7|29.0|0.01|0.02|43.4694|18.024
07|02|0|270|0.0|4.4|270|63.5|29.0|0.01|0.02|43.469|18.024
07|03|0|270|0.0|4.4|270|62.9|29.1|0.01|0.02|43.4685|17.6541
07|04|0|270|0.0|4.4|270|62.4|29.1|0.01|0.02|43.4686|17.6541
07|05|0|270|0.0|4.4|270|62.1|29.2|0.01|0.02|43.4694|17.6541
07|06|0|270|0.0|4.4|270|61.8|29.2|0.01|0.02|43.4699|17.2788
07|07|0|270|1.5|4.4|270|61.8|29.3|0.01|0.02|43.4699|17.2788
07|08|0|270|1.5|4.4|270|62.0|29.4|0.01|0.02|43.4704|17.6541
07|09|0|270|1.5|4.4|270|62.1|29.4|0.01|0.02|43.4682|17.6541
07|10|0|270|0.0|4.4|270|62.3|29.4|0.01|0.02|43.4678|17.6541
07|11|0|270|0.0|4.4|270|62.5|29.5|0.01|0.02|43.4683|17.6541
07|12|0|270|0.0|4.4|270|62.4|29.5|0.02|0.03|43.4682|17.6541
07|13|0|270|0.0|4.4|270|62.3|29.6|0.02|0.03|43.4676|17.6541
07|16|0|270|1.6|4.4|270|62.1|29.7|0.02|0.03|43.4689|17.6541
07|18|0|270|1.5|4.4|270|61.5|29.9|0.02|0.03|43.4707|17.2788
07|19|0|270|1.5|4.4|270|61.4|30.0|0.02|0.03|43.4705|18.2242
07|20|0|270|0.0|4.4|270|61.2|30.1|0.02|0.03|43.4722|18.2242
07|21|0|270|0.0|4.4|270|61.1|30.1|0.02|0.03|43.4706|18.2242
07|22|0|270|0.0|4.4|270|60.9|30.2|0.02|0.03|43.4707|17.8417
07|24|0|270|0.0|4.4|270|60.6|30.4|0.02|0.03|43.47|17.8417
07|25|0|270|0.0|4.4|270|60.5|30.5|0.02|0.03|43.4685|17.8417
07|26|0|270|1.5|4.4|270|60.6|30.6|0.02|0.03|43.4699|17.8417
07|27|0|270|0.0|4.4|270|60.8|30.8|0.02|0.03|43.4716|17.8417
07|28|0|270|1.5|4.4|270|60.8|30.9|0.02|0.03|43.4732|17.8417
07|30|0|270|0.0|4.4|270|60.3|31.1|0.01|0.03|43.4709|18.7853
07|31|0|270|0.0|4.4|270|60.0|31.2|0.01|0.03|43.4711|18.7853
07|32|0|270|0.0|4.4|270|59.7|31.3|0.01|0.03|43.4694|18.3953
07|34|0|270|0.0|4.4|270|59.6|31.5|0.01|0.03|43.4675|18.3953
07|35|0|270|0.0|4.4|270|59.5|31.7|0.01|0.03|43.4693|18.3953
07|37|0|270|1.5|4.4|270|59.4|31.8|0.01|0.03|43.4686|18.3953
07|39|0|270|0.0|4.4|270|59.2|32.0|0.02|0.04|43.4683|19.3369
07|40|0|270|1.5|4.4|270|59.0|32.1|0.02|0.04|43.4679|19.3369
07|42|0|270|0.0|4.4|270|58.7|32.5|0.02|0.04|43.4692|18.9392
07|43|0|270|0.0|4.4|270|58.4|32.7|0.02|0.04|43.4689|18.9392
07|44|0|270|0.0|4.4|270|58.2|32.8|0.02|0.04|43.4644|18.9392
07|45|0|270|0.0|4.4|270|58.0|33.0|0.02|0.04|43.4623|19.8789
07|46|0|270|0.0|4.4|270|57.7|33.1|0.02|0.04|43.4596|19.4732
07|47|0|45|0.0|4.4|270|57.6|33.3|0.02|0.04|43.4579|19.4732
07|48|0|45|0.0|4.4|270|57.9|33.5|0.02|0.04|43.4563|19.4732
07|49|0|45|0.0|4.4|270|57.8|33.6|0.02|0.04|43.4557|19.4732
07|50|0|45|0.0|4.4|270|57.2|33.7|0.02|0.04|43.4547|19.4732
07|51|0|270|0.0|4.4|270|57.2|33.9|0.02|0.04|43.4573|19.4732
07|52|0|315|0.0|4.4|270|57.2|34.0|0.02|0.04|43.4585|20.411
07|53|0|315|1.6|4.4|270|57.4|34.1|0.02|0.04|43.459|20.411
07|54|0|315|1.5|4.4|270|56.5|34.2|0.02|0.04|43.4607|19.997
07|55|0|315|1.5|4.4|270|56.0|34.4|0.02|0.04|43.4604|19.997
07|57|0|315|1.5|4.4|270|56.0|34.5|0.02|0.04|43.4606|19.997
07|58|0|315|1.5|4.4|270|55.3|34.6|0.02|0.04|43.4598|19.5765
07|59|0|315|1.6|4.4|270|54.9|34.8|0.02|0.04|43.4588|19.1491
08|00|0|270|1.5|4.4|270|54.9|34.9|0.02|0.04|43.4566|19.1491
08|01|0|270|0.0|4.4|270|54.4|35.0|0.02|0.04|43.4547|20.081
08|02|0|270|1.6|4.4|270|53.9|35.3|0.02|0.04|43.4552|19.6446
08|03|0|225|1.5|4.4|270|53.6|35.5|0.02|0.04|43.4562|19.6446
08|04|0|180|1.5|4.4|270|52.9|35.6|0.02|0.04|43.4571|19.2008
08|05|0|180|0.0|4.4|270|52.1|35.8|0.02|0.04|43.4574|19.2008
08|06|0|180|1.6|4.4|270|51.8|36.0|0.02|0.04|43.4585|19.6752
08|07|0|180|0.0|4.4|270|51.5|36.3|0.02|0.04|43.4602|19.6752
08|08|0|180|0.0|4.4|270|51.2|36.5|0.02|0.04|43.463|19.6752
08|09|0|180|0.0|4.4|270|51.1|36.6|0.02|0.04|43.4609|19.6752
08|10|0|180|0.0|4.4|270|50.9|36.8|0.03|0.05|43.4584|19.2138
08|11|0|180|0.0|4.4|270|50.8|37.1|0.03|0.05|43.4593|20.1374
08|12|0|180|0.0|4.4|270|50.7|37.3|0.02|0.05|43.458|20.1374
08|13|0|180|1.6|4.4|270|50.7|37.6|0.02|0.05|43.4566|20.1374
08|14|0|225|1.5|4.4|270|49.9|37.7|0.02|0.05|43.4539|19.6656
08|15|0|225|1.5|4.4|270|49.1|38.0|0.02|0.05|43.4545|20.5869
08|16|0|180|1.5|4.4|270|48.9|38.2|0.02|0.05|43.4542|20.1044
08|18|0|203|1.5|4.4|270|48.4|38.4|0.02|0.05|43.4558|20.1044
08|19|0|225|1.5|4.4|270|48.3|38.6|0.02|0.05|43.4532|20.1044
08|20|0|225|1.6|4.4|270|48.2|38.9|0.02|0.05|43.4532|20.1044
08|21|0|225|2.9|4.4|270|48.2|39.1|0.02|0.05|43.4555|21.0233
08|22|0|180|1.5|4.4|270|47.6|39.3|0.02|0.05|43.4568|20.5296
08|23|0|180|1.5|4.4|270|47.1|39.5|0.02|0.05|43.4569|20.5296
08|24|0|225|1.5|4.4|270|47.1|39.8|0.02|0.05|43.4546|20.5296
08|25|0|270|0.0|4.4|270|46.6|40.1|0.02|0.05|43.4542|20.9409
08|26|0|225|0.0|4.4|270|46.2|40.3|0.02|0.05|43.4531|20.9409
08|27|0|180|2.9|4.4|270|46.0|40.5|0.02|0.05|43.4531|20.9409
08|28|0|180|1.5|4.4|270|45.1|40.8|0.02|0.05|43.4498|20.4257
08|29|0|135|1.6|4.4|270|44.8|41.0|0.02|0.05|43.4436|20.81
08|31|0|135|1.5|4.4|270|43.6|41.6|0.03|0.07|43.4486|20.2715
08|32|0|135|0.0|4.4|270|43.0|41.8|0.03|0.07|43.4483|20.2715
08|33|0|135|1.5|4.4|270|43.2|41.9|0.03|0.07|43.4502|20.2715
08|34|0|180|1.6|4.4|270|43.5|42.1|0.03|0.07|43.4478|21.1786
08|35|0|180|1.5|4.4|270|42.3|42.3|0.03|0.07|43.4467|20.6264
08|37|0|135|2.9|4.8|135|42.1|42.6|0.03|0.07|43.4471|20.6264
08|38|0|180|1.5|4.8|135|41.3|42.8|0.02|0.07|43.4503|20.0625
08|39|0|135|1.5|4.8|135|41.0|42.8|0.02|0.07|43.4463|20.0625
08|40|0|135|2.9|4.8|135|41.3|43.0|0.02|0.07|43.4493|20.9646
08|41|0|158|2.9|4.8|135|41.7|43.1|0.02|0.07|43.4499|20.9646
08|42|0|135|3.2|4.8|135|41.8|43.4|0.02|0.07|43.4512|20.9646
08|43|0|135|4.4|5.8|135|40.9|43.4|0.02|0.07|43.45|20.3858
08|44|0|180|4.8|6.5|135|40.4|43.4|0.02|0.07|43.4502|20.3858
08|45|0|180|2.9|6.5|135|40.8|43.6|0.02|0.07|43.4468|20.3858
08|46|0|180|1.5|6.5|135|40.7|43.7|0.02|0.07|43.4455|20.3858
08|47|0|180|4.8|6.5|135|40.4|43.8|0.02|0.07|43.4444|20.3858
08|48|0|180|5.8|6.5|135|40.2|44.0|0.02|0.07|43.4455|21.2851
08|49|0|225|1.5|6.5|135|40.4|44.2|0.02|0.07|43.4411|21.2851
08|50|0|135|2.9|6.5|135|40.4|44.5|0.02|0.07|43.4418|21.2851
08|52|0|135|3.2|6.5|135|39.3|45.0|0.02|0.07|43.4429|21.5873
08|53|0|135|2.9|6.5|135|38.7|45.4|0.02|0.07|43.4429|20.9767
08|54|0|135|1.6|7.3|135|37.5|45.6|0.02|0.07|43.4397|20.3517
08|56|0|135|6.4|9.7|135|36.3|45.8|0.02|0.07|43.4374|19.7115
08|57|0|135|13.1|14.5|135|35.1|45.8|0.02|0.07|43.4333|19.0553
08|58|0|135|4.8|14.5|135|34.6|46.0|0.02|0.07|43.4399|19.2648
08|59|0|135|5.8|14.5|135|34.3|46.2|0.02|0.07|43.4401|19.2648
09|00|0|135|2.9|14.5|135|34.6|46.4|0.02|0.07|43.4425|19.2648
09|01|0|113|5.8|14.5|135|34.2|46.6|0.02|0.07|43.4412|19.2648
09|02|0|135|3.2|14.5|135|33.3|46.7|0.02|0.07|43.441|18.571
09|03|0|135|7.3|14.5|135|33.3|47.0|0.02|0.07|43.4406|19.4504
09|04|0|113|4.8|14.5|135|33.1|47.2|0.02|0.07|43.4399|19.4504
09|05|0|90|4.4|14.5|135|32.8|47.3|0.03|0.08|43.4393|18.7346
09|06|0|90|2.9|14.5|135|32.7|47.4|0.03|0.08|43.4404|18.7346
09|07|0|113|4.4|14.5|135|32.3|47.6|0.03|0.08|43.4423|18.7346
09|08|0|90|2.9|14.5|135|32.1|47.7|0.03|0.08|43.4401|18.7346
09|09|0|135|6.4|14.5|135|32.3|48.0|0.03|0.08|43.437|19.6107
09|10|0|135|8.7|14.5|135|32.0|48.0|0.02|0.08|43.4342|19.6107
09|11|0|135|3.2|14.5|135|31.7|48.1|0.02|0.08|43.4356|18.8717
09|12|0|135|4.4|14.5|135|31.7|48.3|0.02|0.08|43.438|18.8717
09|13|0|90|6.4|14.5|135|31.6|48.4|0.02|0.08|43.4387|18.8717
09|14|0|135|3.2|14.5|135|31.7|48.7|0.02|0.08|43.4392|18.8717
09|15|0|135|5.8|14.5|135|31.3|48.5|0.02|0.08|43.4382|18.8717
09|20|0|113|4.4|14.5|135|31.1|49.1|0.02|0.08|43.4317|19.7444
09|21|0|90|2.9|14.5|135|30.7|49.2|0.02|0.08|43.4296|18.9807
09|22|0|135|5.8|14.5|135|30.4|49.1|0.02|0.08|43.4292|18.9807
09|23|0|135|4.4|14.5|135|30.8|49.3|0.02|0.08|43.4302|18.9807
09|24|0|90|4.8|14.5|135|30.8|49.3|0.02|0.08|43.4294|18.9807
09|25|0|135|5.8|14.5|135|30.7|49.4|0.02|0.08|43.4284|18.9807
09|26|0|180|3.2|14.5|135|30.8|49.7|0.02|0.08|43.4305|18.9807
09|27|0|135|4.4|14.5|135|30.4|49.8|0.02|0.08|43.4293|18.9807
09|28|0|90|4.4|14.5|135|30.2|49.9|0.02|0.08|43.4304|18.9807
09|29|0|135|4.4|14.5|135|30.2|50.0|0.02|0.08|43.4311|19.8499
09|30|0|135|7.3|14.5|135|29.8|49.9|0.01|0.08|43.4256|18.194
09|31|0|180|1.6|14.5|135|29.8|50.0|0.01|0.08|43.4303|19.06
09|32|0|90|5.8|14.5|135|30.3|50.2|0.01|0.08|43.4299|19.8499
09|33|0|135|7.3|14.5|135|29.8|50.2|0.01|0.08|43.4278|19.06
09|34|0|135|4.4|14.5|135|29.7|50.2|0.01|0.08|43.4299|19.06
09|36|0|135|4.4|14.5|135|29.6|50.5|0.01|0.08|43.4318|19.06
09|37|0|135|2.9|14.5|135|29.2|50.7|0.01|0.08|43.4344|19.06
09|38|0|135|8.7|14.5|135|29.0|50.8|0.01|0.08|43.4338|19.06
09|39|0|90|2.9|14.5|135|29.1|51.0|0.01|0.08|43.4348|19.9257
09|40|0|135|7.3|14.5|135|29.1|51.1|0.01|0.08|43.4309|19.9257
09|41|0|113|2.9|14.5|135|28.4|51.2|0.01|0.08|43.4315|19.1077
09|42|0|45|4.8|14.5|135|28.5|51.5|0.01|0.08|43.431|19.1077
09|43|0|135|4.4|14.5|135|28.5|51.6|0.01|0.08|43.4311|19.1077
09|44|0|180|4.4|14.5|135|28.4|51.9|0.01|0.08|43.4277|19.1077
09|45|0|90|4.4|14.5|135|28.0|51.9|0.01|0.08|43.4283|19.1077
09|48|0|113|5.8|14.5|135|27.4|52.1|0.01|0.08|43.4258|19.1219
09|49|0|315|3.2|14.5|135|27.5|52.1|0.01|0.08|43.4259|19.1219
09|51|0|135|4.8|14.5|135|27.4|52.5|0.01|0.08|43.4278|19.1219
09|52|0|90|1.6|14.5|135|27.3|52.6|0.01|0.08|43.427|19.1219
09|53|0|90|5.8|14.5|135|27.0|52.6|0.01|0.08|43.4271|19.1219
09|54|0|68|4.4|14.5|135|26.7|52.6|0.01|0.08|43.4262|18.2458
09|55|0|90|2.9|14.5|135|26.6|52.8|0.01|0.08|43.4261|18.2458
09|57|0|135|2.9|14.5|135|26.6|52.8|0.01|0.08|43.4267|18.2458
09|58|0|135|4.8|14.5|135|26.6|52.9|0.01|0.08|43.4227|18.2458
09|59|0|135|4.4|14.5|135|26.7|53.2|0.01|0.08|43.4215|19.1004
10|00|0|135|4.8|14.5|135|26.7|53.3|0.01|0.08|43.4214|19.1004
10|01|0|135|4.4|14.5|135|26.9|53.5|0.01|0.08|43.422|19.1004
10|02|0|135|2.9|14.5|135|26.3|53.7|0.01|0.08|43.423|19.1004
10|03|0|135|2.9|14.5|135|26.2|54.0|0.01|0.08|43.4263|19.9547
10|05|0|135|4.4|14.5|135|25.5|54.5|0.00|0.08|43.4307|19.0406
10|06|0|90|2.9|14.5|135|25.3|54.7|0.00|0.08|43.4307|19.0406
10|07|0|90|4.4|14.5|135|25.2|55.0|0.00|0.08|43.4328|19.8908
10|08|0|135|4.8|14.5|135|24.8|55.0|0.00|0.08|43.4302|18.9398
10|09|0|90|4.4|14.5|135|25.0|55.2|0.00|0.08|43.4327|19.8908
10|10|0|90|4.8|14.5|135|24.8|55.4|0.00|0.08|43.4298|18.9398
10|11|0|180|4.4|14.5|135|24.6|55.5|0.00|0.08|43.4278|18.9398
10|12|0|90|4.8|14.5|135|24.2|55.6|0.00|0.08|43.4281|18.9398
10|13|0|135|2.9|14.5|135|24.0|55.7|0.00|0.08|43.4271|18.9398
10|14|0|135|5.8|14.5|135|24.2|55.8|0.00|0.08|43.4289|18.9398
10|16|0|135|5.8|14.5|135|24.1|56.0|0.00|0.08|43.4296|19.7858
10|18|0|90|4.4|14.5|135|23.7|55.8|0.00|0.08|43.4288|17.9529
10|19|0|135|4.4|14.5|135|23.6|56.0|0.00|0.08|43.43|18.7949
10|22|0|135|2.9|14.5|135|23.3|56.4|0.00|0.08|43.4307|18.7949
10|23|0|135|5.8|14.5|135|23.3|56.4|0.00|0.08|43.4316|18.7949
10|24|0|90|3.2|14.5|135|23.3|56.4|0.00|0.08|43.4323|18.7949
10|25|0|113|4.4|14.5|135|22.9|56.4|0.00|0.08|43.434|17.765
10|26|0|135|6.4|14.5|135|23.2|56.4|0.00|0.08|43.4353|18.7949
10|27|0|135|4.4|14.5|135|23.0|56.3|0.00|0.08|43.4333|18.7949
10|28|0|135|8.0|14.5|135|22.9|56.0|0.00|0.08|43.4284|17.765
10|29|0|90|2.9|14.5|135|23.4|56.1|0.00|0.08|43.432|18.7949
10|30|0|158|4.4|14.5|135|23.4|56.2|0.00|0.08|43.432|18.7949
10|31|0|158|3.2|14.5|135|23.5|56.3|0.00|0.08|43.4321|18.7949
10|33|0|135|4.4|14.5|135|23.5|56.4|0.00|0.08|43.433|18.7949
10|34|0|180|2.9|14.5|135|23.2|56.4|0.00|0.08|43.4304|18.7949
10|35|0|135|4.4|14.5|135|23.3|56.7|0.00|0.08|43.4326|18.7949
10|36|0|90|4.4|14.5|135|22.8|56.9|0.00|0.08|43.4344|17.765
10|37|0|135|4.4|14.5|135|22.7|56.9|0.00|0.08|43.4349|17.765
10|38|0|113|2.9|14.5|135|22.5|56.9|0.00|0.08|43.437|17.765
10|39|0|135|1.5|14.5|135|22.5|57.0|0.00|0.08|43.4362|18.6025
10|41|0|179|2.9|14.5|135|23.0|57.3|0.00|0.08|43.4356|19.6366
10|42|0|90|3.2|14.5|135|22.5|57.3|0.00|0.08|43.4338|18.6025
10|44|0|135|4.8|14.5|135|22.2|57.2|0.00|0.08|43.4338|18.6025
10|45|0|158|4.8|14.5|135|22.3|57.2|0.00|0.08|43.4318|18.6025
10|46|0|180|2.9|14.5|135|22.7|57.2|0.00|0.08|43.4308|18.6025
10|47|0|90|3.2|14.5|135|22.8|57.3|0.00|0.08|43.4299|18.6025
10|48|0|135|2.9|14.5|135|22.4|57.5|0.00|0.08|43.4323|18.6025
10|49|0|135|3.2|14.5|135|22.7|57.7|0.00|0.08|43.432|18.6025
10|51|0|90|4.4|14.5|135|22.0|57.4|0.00|0.08|43.4302|18.6025
10|52|0|90|1.6|14.5|135|22.8|57.7|0.00|0.08|43.4307|18.6025
10|53|0|135|7.3|14.5|135|22.4|57.7|0.00|0.08|43.4292|18.6025
10|54|0|90|1.6|14.5|135|22.1|57.8|0.00|0.08|43.4291|18.6025
10|55|0|90|2.9|14.5|135|21.9|57.9|0.00|0.08|43.4287|17.5258
10|56|0|90|2.9|14.5|135|21.5|57.8|0.00|0.08|43.4263|17.5258
10|57|0|135|7.3|14.5|135|21.6|57.8|0.00|0.08|43.4287|17.5258
10|58|0|135|4.4|14.5|135|21.8|57.5|0.00|0.08|43.4271|17.5258
10|59|0|135|5.8|14.5|135|22.0|57.5|0.00|0.08|43.4253|18.6025
11|00|0|135|5.8|14.5|135|21.7|57.4|0.00|0.08|43.4238|17.5258
11|01|0|135|5.8|14.5|135|22.1|57.5|0.00|0.08|43.424|18.6025
11|02|0|158|6.4|14.5|135|22.1|57.5|0.00|0.08|43.4217|18.6025
11|03|0|135|7.3|14.5|135|22.0|57.4|0.00|0.08|43.4236|18.6025
11|05|0|135|2.9|14.5|135|21.8|57.4|0.00|0.08|43.4246|17.5258
11|06|0|135|4.4|14.5|135|21.6|57.4|0.00|0.08|43.4227|17.5258
11|07|0|225|1.6|14.5|135|21.7|57.7|0.00|0.08|43.419|17.5258
11|08|0|135|4.4|14.5|135|22.0|57.9|0.00|0.08|43.4168|18.6025
11|09|0|135|3.2|14.5|135|21.7|58.0|0.00|0.08|43.4158|18.3586
11|10|0|90|2.9|14.5|135|21.7|58.1|0.00|0.08|43.4154|18.3586
11|11|0|135|0.0|14.5|135|21.3|58.3|0.00|0.08|43.4155|18.3586
11|13|0|90|3.2|14.5|135|20.8|58.8|0.00|0.08|43.4189|17.2308
11|14|0|90|1.5|14.5|135|20.8|58.9|0.00|0.08|43.4206|17.2308
11|15|0|90|1.5|14.5|135|20.4|59.0|0.00|0.08|43.419|18.0588
11|16|0|158|3.2|14.5|135|20.6|59.1|0.00|0.08|43.4213|18.0588
11|17|0|90|2.9|14.5|135|21.0|59.1|0.00|0.08|43.4211|19.1912
11|18|0|135|1.5|14.5|135|20.7|59.2|0.00|0.08|43.4227|18.0588
11|20|0|90|4.8|14.5|135|20.1|59.2|0.00|0.08|43.4246|18.0588
11|21|0|135|2.9|14.5|135|20.0|59.1|0.00|0.08|43.4228|18.0588
11|22|0|135|2.9|14.5|135|20.4|59.2|0.00|0.08|43.4221|18.0588
11|23|0|135|1.6|14.5|135|20.7|59.3|0.00|0.08|43.4242|18.0588
11|24|0|180|2.9|14.5|135|20.6|59.6|0.00|0.08|43.4268|18.0588
11|26|0|225|0.0|14.5|135|20.1|59.9|0.00|0.08|43.4276|18.0588
11|27|0|135|0.0|14.5|135|20.0|60.1|0.00|0.08|43.4268|18.8865
11|28|0|225|0.0|14.5|135|19.9|60.2|0.00|0.08|43.4262|17.698
11|29|0|225|1.5|14.5|135|20.2|60.5|0.00|0.08|43.4284|18.8865
11|30|0|315|4.4|14.5|135|20.1|60.6|0.00|0.08|43.4244|18.8865
11|31|0|270|3.2|14.5|135|19.6|60.7|0.00|0.08|43.4255|17.698
11|32|0|315|2.9|14.5|135|19.1|60.8|0.00|0.08|43.424|17.698
11|34|0|315|2.9|14.5|135|19.2|60.8|0.00|0.08|43.424|17.698
11|35|0|270|1.5|14.5|135|19.2|60.7|0.00|0.08|43.4212|17.698
11|36|0|315|1.5|14.5|135|19.5|60.8|0.00|0.08|43.4223|17.698
11|37|0|225|1.6|14.5|135|19.5|60.8|0.00|0.08|43.4235|17.698
11|38|0|0|0.0|14.5|135|19.6|60.9|0.00|0.08|43.4204|17.698
11|39|0|0|0.0|14.5|135|19.3|61.0|0.00|0.08|43.4167|18.5205
11|41|0|45|1.5|14.5|135|19.2|61.1|0.00|0.08|43.4183|18.5205
11|42|0|135|1.5|14.5|135|19.5|61.2|0.00|0.08|43.4181|18.5205
11|43|0|135|2.9|14.5|135|19.5|61.4|0.00|0.08|43.4163|18.5205
11|44|0|90|2.9|14.5|135|18.5|61.2|0.00|0.08|43.4145|17.2702
11|46|0|45|1.6|14.5|135|18.6|61.1|0.00|0.08|43.4106|17.2702
11|48|0|315|0.0|14.5|135|18.8|61.4|0.00|0.08|43.4085|17.2702
11|50|0|113|1.6|14.5|135|19.0|61.6|0.00|0.08|43.4063|18.5205
11|51|0|113|1.6|14.5|135|18.7|61.9|0.00|0.08|43.4006|17.2702
11|52|0|90|1.5|14.5|135|18.5|62.3|0.00|0.08|43.3994|18.0874
11|53|0|135|4.4|14.5|135|18.3|62.4|0.00|0.08|43.3988|18.0874
11|54|0|180|1.5|14.5|135|18.0|62.3|0.00|0.08|43.3985|18.0874
11|55|0|45|4.4|14.5|135|18.1|62.4|0.00|0.08|43.3979|18.0874
11|59|0|225|1.5|14.5|135|18.5|62.6|0.00|0.08|43.3997|18.0874
12|00|0|0|1.5|14.5|135|18.2|62.7|0.00|0.08|43.3966|18.0874
12|01|0|0|1.6|14.5|135|18.1|62.7|0.00|0.08|43.3962|18.0874
12|02|0|68|5.8|14.5|135|18.0|62.8|0.00|0.08|43.396|18.0874
12|03|0|113|6.4|14.5|135|17.4|62.6|0.00|0.08|43.3942|16.7685
12|04|0|45|2.9|14.5|135|17.9|62.5|0.00|0.08|43.39|16.7685
12|06|0|90|1.6|14.5|135|17.9|62.4|0.00|0.08|43.39|16.7685
12|07|0|45|2.9|14.5|135|17.9|62.4|0.00|0.08|43.3889|16.7685
12|08|0|45|2.9|14.5|135|17.8|62.5|0.00|0.08|43.3875|16.7685
12|09|0|0|2.9|14.5|135|17.5|62.5|0.00|0.08|43.388|16.7685
12|10|0|315|2.9|14.5|135|17.4|62.5|0.00|0.08|43.3882|16.7685
12|12|0|135|1.5|14.5|135|17.5|62.8|0.00|0.08|43.3887|16.7685
12|13|0|135|1.5|14.5|135|17.7|62.8|0.00|0.08|43.391|16.7685
12|14|0|180|1.5|14.5|135|18.0|62.8|0.00|0.08|43.3901|18.0874
12|15|0|68|3.2|14.5|135|17.5|62.9|0.00|0.08|43.3866|16.7685
12|17|0|135|1.5|14.5|135|17.3|63.0|0.00|0.08|43.385|17.5803
12|18|0|45|1.5|14.5|135|17.7|63.3|0.00|0.08|43.384|17.5803
12|19|0|45|4.4|14.5|135|17.1|63.3|0.00|0.08|43.3818|17.5803
12|20|0|90|2.9|14.5|135|16.5|63.3|0.00|0.08|43.3793|16.1851
12|21|0|90|2.9|14.5|135|16.2|63.2|0.00|0.08|43.3776|16.1851
12|22|0|45|0.0|14.5|135|16.3|63.3|0.00|0.08|43.3764|16.1851
12|23|0|135|0.0|14.5|135|16.5|63.2|0.00|0.08|43.3743|16.1851
12|24|0|90|2.9|14.5|135|16.5|63.2|0.00|0.08|43.3743|16.1851
12|25|0|90|2.9|14.5|135|16.8|63.3|0.00|0.08|43.3738|16.1851
12|28|0|68|1.5|14.5|135|16.4|63.2|0.00|0.08|43.3774|16.1851
12|29|0|113|1.6|14.5|135|16.2|63.2|0.00|0.08|43.3737|16.1851
12|30|0|90|0.0|14.5|135|16.2|63.3|0.00|0.08|43.3721|16.1851
12|31|0|0|0.0|14.5|135|16.6|63.3|0.00|0.08|43.3705|16.1851
12|32|0|45|0.0|14.5|135|16.5|63.3|0.00|0.08|43.3705|16.1851
12|33|0|0|1.5|14.5|135|16.4|63.4|0.00|0.08|43.3676|16.1851
12|34|0|45|3.2|14.5|135|16.5|63.6|0.00|0.08|43.3658|16.1851
12|35|0|45|1.5|14.5|135|16.2|63.7|0.00|0.08|43.3665|16.1851
12|36|0|0|2.9|14.5|135|16.3|63.7|0.00|0.08|43.3679|16.1851
12|37|0|0|3.2|14.5|135|16.4|63.7|0.00|0.08|43.3668|16.1851
12|38|0|68|2.9|14.5|135|16.3|63.8|0.00|0.08|43.3671|16.1851
12|39|0|113|1.5|14.5|135|16.2|63.7|0.00|0.08|43.3672|16.1851
12|41|0|90|1.5|14.5|135|16.3|63.8|0.00|0.08|43.3666|16.1851
12|42|0|315|1.5|14.5|135|16.3|64.0|0.00|0.08|43.3638|16.991
12|45|0|248|2.9|14.5|135|16.3|64.2|0.00|0.08|43.363|16.991
12|46|0|225|1.5|14.5|135|16.3|64.3|0.00|0.08|43.3627|16.991
12|47|0|0|1.6|14.5|135|16.1|64.4|0.00|0.08|43.3633|16.991
12|48|0|315|4.4|14.5|135|16.3|64.5|0.00|0.08|43.3641|16.991
12|49|0|315|4.4|14.5|135|16.2|64.5|0.00|0.08|43.3635|16.991
12|50|0|270|1.6|14.5|135|16.4|64.4|0.00|0.08|43.3609|16.991
12|51|0|315|5.8|14.5|135|16.7|64.4|0.00|0.08|43.3581|16.991
12|52|0|315|7.3|14.5|135|16.7|64.2|0.00|0.08|43.3572|16.991
12|53|0|315|4.4|14.5|135|16.2|63.8|0.00|0.08|43.355|16.1851
12|54|0|315|2.9|14.5|135|16.1|63.7|0.00|0.08|43.3557|16.1851
12|55|0|315|2.9|14.5|135|16.1|63.7|0.00|0.08|43.3525|16.1851
12|56|0|315|4.4|14.5|135|16.9|63.6|0.00|0.08|43.3521|16.1851
12|58|0|0|4.4|14.5|135|17.3|63.4|0.00|0.08|43.3504|17.5803
12|59|0|0|6.4|14.5|135|17.0|63.4|0.00|0.08|43.3461|17.5803
13|00|0|0|4.4|14.5|135|16.9|63.5|0.00|0.08|43.3492|16.1851
13|01|0|338|4.4|14.5|135|17.1|63.5|0.00|0.08|43.348|17.5803
13|03|0|315|4.4|14.5|135|17.6|63.5|0.00|0.08|43.3458|17.5803
13|04|0|315|8.7|14.5|135|18.0|63.5|0.00|0.08|43.3443|18.9044
13|05|0|270|5.8|14.5|135|17.4|63.2|0.00|0.08|43.3457|17.5803
13|06|0|315|5.8|14.5|135|17.7|63.2|0.00|0.08|43.3441|17.5803
13|07|0|0|1.5|14.5|135|17.3|63.3|0.00|0.08|43.3401|17.5803
13|08|0|225|1.5|14.5|135|17.0|63.4|0.00|0.08|43.3401|17.5803
13|09|0|315|4.4|14.5|135|17.2|63.4|0.00|0.08|43.3424|17.5803
13|11|0|315|4.4|14.5|135|16.9|63.3|0.00|0.08|43.3381|16.1851
13|12|0|338|6.4|14.5|135|17.0|63.2|0.00|0.08|43.3368|17.5803
13|13|0|0|5.8|14.5|135|17.2|63.4|0.00|0.08|43.3386|17.5803
13|14|0|90|2.9|14.5|135|17.1|63.3|0.00|0.08|43.3378|17.5803
13|15|0|315|3.2|14.5|135|16.8|63.3|0.00|0.08|43.3353|16.1851
13|16|0|315|4.8|14.5|135|16.8|63.4|0.00|0.08|43.3358|16.1851
13|17|0|315|8.7|14.5|135|17.4|63.3|0.00|0.08|43.334|17.5803
13|18|0|315|11.3|14.5|135|17.5|62.9|0.00|0.08|43.3325|16.7685
13|19|0|315|8.7|14.5|135|17.8|62.7|0.00|0.08|43.3366|16.7685
13|20|0|315|5.8|14.5|135|17.8|62.2|0.00|0.08|43.3389|16.7685
13|21|0|315|3.2|14.5|135|18.3|61.9|0.00|0.08|43.3432|17.2702
13|23|0|270|4.4|14.5|135|18.0|61.8|0.00|0.08|43.3432|17.2702
13|24|0|270|3.2|14.5|135|17.9|61.7|0.00|0.08|43.3377|15.9565
13|25|0|315|1.5|14.5|135|18.0|61.8|0.00|0.08|43.337|17.2702
13|26|0|315|4.4|14.5|135|18.0|61.8|0.00|0.08|43.3344|17.2702
13|28|0|315|7.3|14.5|135|18.5|62.0|0.00|0.08|43.3287|18.0874
13|29|0|315|5.8|14.5|135|18.7|62.2|0.00|0.08|43.3303|18.0874
13|30|0|315|5.8|14.5|135|18.8|62.3|0.00|0.08|43.3307|18.0874
13|31|0|338|2.9|14.5|135|18.9|62.3|0.00|0.08|43.3326|18.0874
13|32|0|0|6.4|14.5|135|18.3|62.2|0.00|0.08|43.3332|18.0874
13|33|0|0|4.4|14.5|135|18.2|62.2|0.00|0.08|43.3345|18.0874
13|34|0|315|4.4|14.5|135|18.3|62.2|0.00|0.08|43.329|18.0874
13|35|0|315|7.3|14.5|135|17.9|62.3|0.00|0.08|43.3282|16.7685
13|37|0|315|8.7|14.5|135|18.1|61.9|0.00|0.08|43.3291|17.2702
13|38|0|0|7.3|14.5|135|18.1|61.7|0.00|0.08|43.3315|17.2702
13|39|0|315|4.4|14.5|135|17.8|61.7|0.00|0.08|43.3282|15.9565
13|40|0|315|2.9|14.5|135|17.7|61.9|0.00|0.08|43.3233|15.9565
13|41|0|315|4.4|14.5|135|17.9|62.0|0.00|0.08|43.3245|16.7685
13|42|0|315|7.3|14.5|135|18.3|61.9|0.00|0.08|43.3243|17.2702
13|43|0|225|10.2|14.5|135|18.2|61.8|0.00|0.08|43.3256|17.2702
13|44|0|270|4.8|14.5|135|18.2|61.8|0.00|0.08|43.3259|17.2702
13|45|0|315|7.3|14.5|135|18.6|61.7|0.00|0.08|43.3231|17.2702
13|46|0|315|4.8|14.5|135|19.4|61.7|0.00|0.08|43.3251|18.5205
13|47|0|270|2.9|14.5|135|19.4|61.9|0.00|0.08|43.3227|18.5205
13|48|0|315|4.4|14.5|135|19.0|61.9|0.00|0.08|43.3204|18.5205
13|49|0|270|4.8|14.5|135|19.4|62.0|0.00|0.08|43.3189|19.3428
13|50|0|315|7.3|14.5|135|19.1|61.8|0.00|0.08|43.3198|18.5205
13|51|0|315|4.8|14.5|135|19.4|61.8|0.00|0.08|43.3204|18.5205
13|52|0|270|10.2|14.5|135|19.7|61.9|0.00|0.08|43.3173|18.5205
13|53|0|315|7.3|14.5|135|18.7|61.9|0.00|0.08|43.3162|17.2702
13|55|0|315|9.7|14.5|135|18.8|61.9|0.00|0.08|43.3162|17.2702
13|56|0|315|5.8|14.5|135|18.9|62.0|0.00|0.08|43.3139|18.0874
13|57|0|0|5.8|14.5|135|19.0|62.0|0.00|0.08|43.3131|19.3428
13|58|0|0|4.4|14.5|135|19.3|62.4|0.00|0.08|43.3127|19.3428
13|59|0|315|7.3|14.5|135|19.3|62.5|0.00|0.08|43.313|19.3428
14|00|0|315|5.8|14.5|135|18.8|62.5|0.00|0.08|43.3115|18.0874
14|01|0|315|8.7|14.5|135|18.5|62.4|0.00|0.08|43.3102|18.0874
14|02|0|270|5.8|14.5|135|18.4|62.2|0.00|0.08|43.3109|18.0874
14|03|0|315|2.9|14.5|135|18.6|62.2|0.00|0.08|43.3076|18.0874
14|06|0|315|4.8|14.5|135|18.6|62.0|0.00|0.08|43.3079|18.0874
14|07|0|315|7.3|14.5|135|18.7|61.8|0.00|0.08|43.3105|17.2702
14|08|0|315|8.0|14.5|135|18.8|61.7|0.00|0.08|43.312|17.2702
14|09|0|315|4.4|14.5|135|18.7|61.5|0.00|0.08|43.3134|17.2702
14|10|0|315|4.4|14.5|135|19.2|61.2|0.00|0.08|43.3134|18.5205
14|11|0|315|9.7|14.5|135|19.5|61.0|0.00|0.08|43.3089|18.5205
14|12|0|315|8.1|14.5|135|19.5|60.8|0.00|0.08|43.3091|17.698
14|13|0|270|2.9|14.5|135|19.3|60.8|0.00|0.08|43.3097|17.698
14|14|0|0|4.8|14.5|135|19.5|60.9|0.00|0.08|43.3086|17.698
14|15|0|338|4.4|14.5|135|19.2|61.0|0.00|0.08|43.3099|18.5205
14|16|0|0|8.7|14.5|135|19.2|60.9|0.00|0.08|43.3074|17.698
14|17|0|315|3.2|14.5|135|19.2|60.9|0.00|0.08|43.307|17.698
14|18|0|0|4.4|14.5|135|19.6|61.0|0.00|0.08|43.3074|18.5205
14|19|0|0|5.8|14.5|135|19.2|61.2|0.00|0.08|43.3043|18.5205
14|20|0|0|8.7|14.5|135|19.3|61.5|0.00|0.08|43.3069|18.5205
14|21|0|315|5.8|14.5|135|18.7|61.7|0.00|0.08|43.3034|17.2702
14|23|0|315|5.8|14.5|135|19.6|61.8|0.00|0.08|43.3021|18.5205
14|24|0|315|4.4|14.5|135|19.5|61.9|0.00|0.08|43.302|18.5205
14|25|0|315|2.9|14.5|135|18.7|62.0|0.00|0.08|43.3024|18.0874
14|26|0|315|2.9|14.5|135|18.5|62.0|0.00|0.08|43.3007|18.0874
14|27|0|270|1.5|14.5|135|18.5|62.2|0.00|0.08|43.301|18.0874
14|28|0|270|3.2|14.5|135|18.6|62.4|0.00|0.08|43.2976|18.0874
14|29|0|0|4.4|14.5|135|18.2|62.7|0.00|0.08|43.2983|18.0874
14|30|0|315|8.1|14.5|135|18.2|62.8|0.00|0.08|43.2982|18.0874
14|31|0|0|5.8|14.5|135|18.1|62.9|0.00|0.08|43.2973|18.0874
14|32|0|315|3.2|14.5|135|17.8|62.9|0.00|0.08|43.2983|16.7685
14|34|0|0|4.4|14.5|135|17.9|62.9|0.00|0.08|43.2972|16.7685
14|35|0|0|1.6|14.5|135|17.7|62.9|0.00|0.08|43.2949|16.7685
14|38|0|45|1.6|14.5|135|17.7|63.3|0.00|0.08|43.2982|17.5803
14|39|0|0|1.5|14.5|135|17.7|63.4|0.00|0.08|43.2995|17.5803
14|41|0|315|2.9|14.5|135|18.0|63.7|0.00|0.08|43.3002|18.9044
14|42|0|0|4.8|14.5|135|17.9|63.7|0.00|0.08|43.2995|17.5803
14|43|0|45|2.9|14.5|135|17.5|63.8|0.00|0.08|43.2999|17.5803
14|44|0|0|3.2|14.5|135|17.3|63.8|0.00|0.08|43.2968|17.5803
14|45|0|0|3.2|14.5|135|17.1|64.0|0.00|0.08|43.2956|18.3916
14|46|0|45|0.0|14.5|135|17.0|64.2|0.00|0.08|43.2932|18.3916
14|48|0|113|1.5|14.5|135|17.0|64.3|0.00|0.08|43.2931|18.3916
14|49|0|135|2.9|14.5|135|17.3|64.3|0.00|0.08|43.2915|18.3916
14|50|0|90|1.5|14.5|135|17.3|64.3|0.00|0.08|43.2905|18.3916
14|51|0|270|1.6|14.5|135|17.2|64.2|0.00|0.08|43.2867|18.3916
14|52|0|45|4.4|14.5|135|17.3|64.2|0.00|0.08|43.2859|18.3916
14|54|0|180|0.0|14.5|135|17.3|64.3|0.00|0.08|43.2828|18.3916
14|55|0|45|1.6|14.5|135|17.3|64.4|0.00|0.08|43.2805|18.3916
14|56|0|0|2.9|14.5|135|17.0|64.5|0.00|0.08|43.2821|18.3916
14|57|0|0|2.9|14.5|135|17.0|64.6|0.00|0.08|43.2812|18.3916
14|58|0|45|2.9|14.5|135|17.2|64.6|0.00|0.08|43.2836|18.3916
14|59|0|45|3.2|14.5|135|17.2|64.6|0.00|0.08|43.2836|18.3916
15|00|0|270|7.3|14.5|135|17.5|64.4|0.00|0.08|43.2797|18.3916
15|01|0|270|3.2|14.5|135|17.4|64.4|0.00|0.08|43.2784|18.3916
15|02|0|315|7.3|14.5|135|18.1|64.3|0.00|0.08|43.2752|19.721
15|04|0|338|4.4|14.5|135|17.9|64.1|0.00|0.08|43.2745|18.3916
15|06|0|315|5.8|14.5|135|18.0|64.1|0.00|0.08|43.2738|19.721
15|07|0|315|4.4|14.5|135|17.7|64.1|0.00|0.08|43.275|18.3916
15|08|0|315|4.4|14.5|135|17.9|64.0|0.00|0.08|43.2743|18.3916
15|09|0|315|3.2|14.5|135|17.6|63.8|0.00|0.08|43.2721|17.5803
15|10|0|270|2.9|14.5|135|17.6|63.8|0.00|0.08|43.2721|17.5803
15|12|0|225|4.8|14.5|135|17.7|64.1|0.00|0.08|43.2735|18.3916
15|13|0|315|1.5|14.5|135|17.5|64.3|0.00|0.08|43.2757|18.3916
15|14|0|270|2.9|14.5|135|17.4|64.3|0.00|0.08|43.2791|18.3916
15|15|0|315|1.5|14.5|135|17.2|64.4|0.00|0.08|43.2782|18.3916
15|16|0|315|1.5|14.5|135|17.2|64.5|0.00|0.08|43.2766|18.3916
15|17|0|315|2.9|14.5|135|17.6|64.6|0.00|0.08|43.2785|18.3916
15|19|0|315|4.8|14.5|135|17.8|64.5|0.00|0.08|43.2762|18.3916
15|20|0|225|4.4|14.5|135|17.7|64.6|0.00|0.08|43.2769|18.3916
15|21|0|315|4.4|14.5|135|17.7|64.9|0.00|0.08|43.2778|18.3916
15|22|0|315|4.4|14.5|135|18.0|64.9|0.00|0.08|43.2758|19.721
15|23|0|338|2.9|14.5|135|17.6|65.0|0.00|0.08|43.2767|19.2027
15|24|0|270|1.5|14.5|135|17.7|65.1|0.00|0.08|43.2798|19.2027
15|26|0|315|5.8|14.5|135|17.6|64.9|0.00|0.08|43.2764|18.3916
15|27|0|315|4.8|14.5|135|17.4|64.6|0.00|0.08|43.2753|18.3916
15|28|0|315|4.4|14.5|135|17.5|64.7|0.00|0.08|43.2734|18.3916
15|29|0|315|5.8|14.5|135|17.6|64.6|0.00|0.08|43.2723|18.3916
15|30|0|315|4.4|14.5|135|17.5|64.6|0.00|0.08|43.2749|18.3916
15|31|0|315|5.8|14.5|135|17.5|64.3|0.00|0.08|43.2696|18.3916
15|32|0|315|4.8|14.5|135|17.6|64.3|0.00|0.08|43.2678|18.3916
15|33|0|315|4.8|14.5|135|17.7|64.2|0.00|0.08|43.2678|18.3916
15|34|0|315|4.4|14.5|135|17.4|64.1|0.00|0.08|43.2679|18.3916
15|35|0|315|2.9|14.5|135|17.6|64.3|0.00|0.08|43.2681|18.3916
15|36|0|270|1.5|14.5|135|17.3|64.4|0.00|0.08|43.2692|18.3916
15|37|0|270|0.0|14.5|135|17.1|64.6|0.00|0.08|43.2689|18.3916
15|38|0|225|1.6|14.5|135|17.2|64.9|0.00|0.08|43.2682|18.3916
15|39|0|270|0.0|14.5|135|17.0|65.1|0.00|0.08|43.2643|19.2027
15|40|0|225|1.5|14.5|135|17.0|65.4|0.00|0.08|43.2614|19.2027
15|41|0|180|4.8|14.5|135|16.8|65.8|0.00|0.08|43.2616|17.7965
15|43|0|90|1.5|14.5|135|16.6|66.0|0.00|0.08|43.2588|18.6017
15|44|0|0|1.6|14.5|135|16.5|66.3|0.00|0.08|43.2597|18.6017
15|45|0|135|2.9|14.5|135|16.2|66.5|0.00|0.08|43.2561|18.6017
15|46|0|135|0.0|14.5|135|15.9|66.8|0.00|0.08|43.257|17.1094
15|47|0|135|2.9|14.5|135|15.9|66.9|0.00|0.08|43.2554|17.1094
15|48|0|180|1.5|14.5|135|15.8|67.0|0.00|0.08|43.2552|17.9085
15|49|0|0|1.5|14.5|135|16.0|67.0|0.00|0.08|43.2578|19.4065
15|50|0|45|1.6|14.5|135|16.0|67.1|0.00|0.08|43.2554|19.4065
15|52|0|45|1.5|14.5|135|15.9|67.2|0.00|0.08|43.2547|17.9085
15|53|0|0|2.9|14.5|135|15.6|67.3|0.00|0.08|43.2553|17.9085
15|54|0|0|6.4|14.5|135|15.8|67.2|0.00|0.08|43.2563|17.9085
15|57|0|90|1.6|14.5|135|15.5|66.9|0.00|0.08|43.2586|17.1094
15|58|0|45|1.5|14.5|135|15.6|66.9|0.00|0.08|43.2562|17.1094
16|00|0|45|1.5|14.5|135|15.6|66.7|0.00|0.08|43.2625|17.1094
16|01|0|45|1.6|14.5|135|15.9|66.4|0.00|0.08|43.2634|17.1094
16|02|0|68|2.9|14.5|135|15.8|66.1|0.00|0.08|43.2669|17.1094
16|03|0|90|4.4|14.5|135|16.0|65.5|0.00|0.08|43.2654|17.7965
16|04|0|90|1.5|14.5|135|16.1|65.2|0.00|0.08|43.2707|17.7965
16|05|0|90|2.9|14.5|135|16.2|64.7|0.00|0.08|43.2707|16.991
16|06|0|135|1.6|14.5|135|16.4|64.4|0.00|0.08|43.2676|16.991
16|07|0|270|1.6|14.5|135|16.7|64.2|0.00|0.08|43.2659|16.991
16|09|0|225|1.5|14.5|135|16.7|64.1|0.00|0.08|43.2628|16.991
16|10|0|225|1.6|14.5|135|16.9|64.0|0.00|0.08|43.2607|16.991
16|11|0|225|0.0|14.5|135|17.2|64.0|0.00|0.08|43.2534|18.3916
16|12|0|45|4.4|14.5|135|17.3|64.2|0.00|0.08|43.2584|18.3916
16|13|0|0|4.8|14.5|135|17.3|64.1|0.00|0.08|43.2619|18.3916
16|14|0|45|2.9|14.5|135|17.3|64.0|0.00|0.08|43.2561|18.3916
16|15|0|90|1.6|14.5|135|16.9|64.0|0.00|0.08|43.2621|16.991
16|16|0|90|1.6|14.5|135|17.1|64.0|0.00|0.08|43.2555|18.3916
16|17|0|45|1.5|14.5|135|16.9|64.0|0.00|0.08|43.2583|16.991
16|18|0|45|1.5|14.5|135|16.8|64.1|0.00|0.08|43.2585|16.991
16|19|0|45|1.6|14.5|135|17.1|64.1|0.00|0.08|43.26|18.3916
16|21|0|45|1.6|14.5|135|17.1|64.0|0.00|0.08|43.2626|18.3916
16|22|0|45|1.5|14.5|135|16.7|63.8|0.00|0.08|43.2635|16.1851
16|23|0|68|2.9|14.5|135|16.6|63.7|0.00|0.08|43.2651|16.1851
16|24|0|90|2.9|14.5|135|16.7|63.5|0.00|0.08|43.2641|16.1851
16|26|0|45|4.4|14.5|135|16.9|63.3|0.00|0.08|43.2656|16.1851
16|27|0|45|2.9|14.5|135|16.9|63.0|0.00|0.08|43.2643|16.1851
16|28|0|0|1.5|14.5|135|16.9|62.9|0.00|0.08|43.2648|15.3788
16|29|0|0|1.6|14.5|135|16.9|62.8|0.00|0.08|43.2626|15.3788
16|30|0|90|1.5|14.5|135|17.0|62.8|0.00|0.08|43.26|16.7685
16|31|0|90|1.6|14.5|135|16.8|62.7|0.00|0.08|43.2593|15.3788
16|32|0|90|0.0|14.5|135|17.0|62.7|0.00|0.08|43.2593|16.7685
16|33|0|45|0.0|14.5|135|17.6|62.7|0.00|0.08|43.2577|16.7685
16|34|0|45|2.9|14.5|135|17.4|62.6|0.00|0.08|43.257|16.7685
16|35|0|90|2.9|14.5|135|17.0|62.6|0.00|0.08|43.2559|16.7685
16|37|0|45|1.5|14.5|135|17.1|62.7|0.00|0.08|43.2537|16.7685
16|38|0|45|0.0|14.5|135|17.7|62.8|0.00|0.08|43.2554|16.7685
16|40|0|45|2.9|14.5|135|18.0|63.2|0.00|0.08|43.255|18.9044
16|41|0|45|1.6|14.5|135|17.2|63.2|0.00|0.08|43.2542|17.5803
16|42|0|90|2.9|14.5|135|17.0|63.2|0.00|0.08|43.2544|17.5803
16|43|0|90|2.9|14.5|135|16.8|63.3|0.00|0.08|43.25|16.1851
16|44|0|90|0.0|14.5|135|16.6|63.3|0.00|0.08|43.2542|16.1851
16|45|0|135|0.0|14.5|135|16.7|63.4|0.00|0.08|43.2499|16.1851
16|46|0|90|0.0|14.5|135|16.7|63.5|0.00|0.08|43.2488|16.1851
16|47|0|180|0.0|14.5|135|16.7|63.7|0.00|0.08|43.2486|16.1851
16|49|0|180|1.5|14.5|135|16.7|64.0|0.00|0.08|43.2489|16.991
16|50|0|225|1.5|14.5|135|16.7|64.2|0.00|0.08|43.2519|16.991
16|51|0|135|0.0|14.5|135|16.7|64.4|0.00|0.08|43.2546|16.991
16|52|0|135|1.5|14.5|135|16.5|64.5|0.00|0.08|43.2568|16.991
16|53|0|45|1.5|14.5|135|16.1|64.6|0.00|0.08|43.2567|16.991
16|54|0|45|1.6|14.5|135|16.1|64.7|0.00|0.08|43.2555|16.991
16|55|0|45|1.5|14.5|135|16.0|64.9|0.00|0.08|43.2512|16.991
16|56|0|0|0.0|14.5|135|16.0|65.0|0.00|0.08|43.2599|17.7965
16|57|0|270|1.5|14.5|135|16.0|64.9|0.00|0.08|43.2633|16.991
16|58|0|0|1.5|14.5|135|16.6|64.7|0.00|0.08|43.2601|16.991
16|59|0|0|2.9|14.5|135|16.8|64.7|0.00|0.08|43.2634|16.991
17|00|0|0|2.9|14.5|135|17.2|64.6|0.00|0.08|43.2644|18.3916
17|01|0|0|1.6|14.5|135|17.3|64.5|0.00|0.08|43.2651|18.3916
17|02|0|90|2.9|14.5|135|17.0|64.4|0.00|0.08|43.2632|18.3916
17|03|0|90|1.5|14.5|135|16.4|64.3|0.00|0.08|43.2616|16.991
17|04|0|90|0.0|14.5|135|16.2|64.3|0.00|0.08|43.2607|16.991
17|05|0|90|0.0|14.5|135|16.2|64.2|0.00|0.08|43.2622|16.991
17|07|0|180|1.5|14.5|135|16.3|64.2|0.00|0.08|43.2606|16.991
17|08|0|180|1.6|14.5|135|15.8|64.2|0.00|0.08|43.2597|15.5103
17|09|0|135|1.5|14.5|135|15.9|64.1|0.00|0.08|43.2578|15.5103
17|10|0|90|1.5|14.5|135|15.6|64.1|0.00|0.08|43.256|15.5103
17|11|0|45|1.5|14.5|135|15.8|64.1|0.00|0.08|43.2528|15.5103
17|12|0|45|2.9|14.5|135|16.3|64.1|0.00|0.08|43.2528|16.991
17|13|0|45|1.5|14.5|135|16.6|64.1|0.00|0.08|43.2518|16.991
17|14|0|45|1.5|14.5|135|16.8|64.1|0.00|0.08|43.2499|16.991
17|15|0|90|1.5|14.5|135|16.9|64.1|0.00|0.08|43.2521|16.991
17|16|0|45|1.5|14.5|135|16.9|64.1|0.00|0.08|43.255|16.991
17|17|0|90|1.5|14.5|135|16.5|64.0|0.00|0.08|43.2542|16.991
17|18|0|180|2.9|14.5|135|16.7|63.8|0.00|0.08|43.2554|16.1851
17|20|0|203|1.5|14.5|135|16.8|63.8|0.00|0.08|43.2559|16.1851
17|21|0|270|1.6|14.5|135|16.6|63.7|0.00|0.08|43.2561|16.1851
17|22|0|270|2.9|14.5|135|16.1|63.6|0.00|0.08|43.2592|16.1851
17|23|0|338|4.4|14.5|135|15.8|63.4|0.00|0.08|43.2594|14.7102
17|24|0|315|3.2|14.5|135|16.1|63.2|0.00|0.08|43.2603|16.1851
17|25|0|315|4.4|14.5|135|16.8|62.8|0.00|0.08|43.2631|15.3788
17|26|0|315|4.8|14.5|135|17.5|62.6|0.00|0.08|43.2598|16.7685
17|27|0|0|5.8|14.5|135|17.4|62.5|0.00|0.08|43.2572|16.7685
17|28|0|315|6.5|14.5|135|17.4|62.4|0.00|0.08|43.2567|16.7685
17|30|0|0|2.9|14.5|135|17.7|62.3|0.00|0.08|43.2585|16.7685
17|31|0|0|4.8|14.5|135|17.4|62.0|0.00|0.08|43.2567|16.7685
17|32|0|0|3.2|14.5|135|17.9|61.9|0.00|0.08|43.2584|15.9565
17|33|0|0|4.4|14.5|135|17.8|61.6|0.00|0.08|43.2561|15.9565
17|34|0|315|2.9|14.5|135|17.3|61.5|0.00|0.08|43.2565|15.9565
17|35|0|0|4.8|14.5|135|17.5|61.4|0.00|0.08|43.2588|15.9565
17|36|0|0|2.9|14.5|135|17.4|61.2|0.00|0.08|43.2592|15.9565
17|37|0|0|2.9|14.5|135|17.6|61.2|0.00|0.08|43.2579|15.9565
17|38|0|0|5.8|14.5|135|17.7|61.0|0.00|0.08|43.2586|15.9565
17|40|0|0|4.4|14.5|135|17.7|60.9|0.00|0.08|43.261|15.144
17|41|0|0|1.5|14.5|135|17.6|60.8|0.00|0.08|43.2624|15.144
17|42|0|0|3.2|14.5|135|17.7|60.8|0.00|0.08|43.2644|15.144
17|44|0|0|1.6|14.5|135|18.2|60.8|0.00|0.08|43.2634|16.4525
17|45|0|0|2.9|14.5|135|18.2|60.8|0.00|0.08|43.2633|16.4525
17|46|0|45|1.6|14.5|135|17.8|60.9|0.00|0.08|43.2648|15.144
17|47|0|0|2.9|14.5|135|17.4|60.9|0.00|0.08|43.2653|15.144
17|48|0|0|1.6|14.5|135|17.4|60.8|0.00|0.08|43.2697|15.144
17|49|0|0|2.9|14.5|135|17.7|60.7|0.00|0.08|43.2702|15.144
17|50|0|0|0.0|14.5|135|17.9|60.7|0.00|0.08|43.2713|15.144
17|51|0|0|1.5|14.5|135|18.4|60.6|0.00|0.08|43.2719|16.4525
17|52|0|0|2.9|14.5|135|18.5|60.5|0.00|0.08|43.2694|16.4525
17|53|0|0|3.2|14.5|135|18.3|60.3|0.00|0.08|43.2698|16.4525
17|54|0|0|1.5|14.5|135|17.8|60.2|0.00|0.08|43.2673|15.144
17|55|0|0|1.5|14.5|135|18.3|60.1|0.00|0.08|43.2659|16.4525
17|56|0|0|1.5|14.5|135|18.0|60.1|0.00|0.08|43.2662|16.4525
17|57|0|0|1.5|14.5|135|17.6|60.0|0.00|0.08|43.2654|15.144
17|58|0|0|1.6|14.5|135|17.9|60.0|0.00|0.08|43.2679|15.144
18|00|0|315|0.0|14.5|135|18.1|59.8|0.00|0.08|43.2671|15.6346
18|01|0|315|0.0|14.5|135|17.8|59.8|0.00|0.08|43.2702|14.3313
18|02|0|315|0.0|14.5|135|17.6|59.8|0.00|0.08|43.2698|14.3313
18|03|0|315|0.0|14.5|135|17.7|59.7|0.00|0.08|43.2699|14.3313
18|04|0|315|0.0|14.5|135|17.6|59.6|0.00|0.08|43.2719|14.3313
18|05|0|315|0.0|14.5|135|17.6|59.6|0.00|0.08|43.2702|14.3313
18|07|0|315|1.5|14.5|135|17.7|59.6|0.00|0.08|43.2703|14.3313
18|08|0|315|0.0|14.5|135|17.8|59.5|0.00|0.08|43.2725|14.3313
18|09|0|315|0.0|14.5|135|18.2|59.3|0.00|0.08|43.2729|15.6346
18|11|0|315|1.5|14.5|135|18.4|59.2|0.00|0.08|43.2715|15.6346
18|12|0|315|1.5|14.5|135|18.1|59.2|0.00|0.08|43.2746|15.6346
18|13|0|270|1.5|14.5|135|18.0|59.1|0.00|0.08|43.2752|15.6346
18|14|0|270|0.0|14.5|135|18.4|59.0|0.00|0.08|43.2774|15.6346
18|15|0|270|0.0|14.5|135|18.5|58.9|0.00|0.08|43.2762|14.8162
18|16|0|270|0.0|14.5|135|18.5|58.9|0.00|0.08|43.2783|14.8162
18|17|0|270|0.0|14.5|135|18.5|58.8|0.00|0.08|43.2791|14.8162
18|20|0|270|0.0|14.5|135|19.3|58.5|0.00|0.08|43.2808|16.0518
18|21|0|135|1.5|14.5|135|19.3|58.4|0.00|0.08|43.2811|16.0518
18|22|0|135|0.0|14.5|135|19.3|58.3|0.00|0.08|43.2845|16.0518
18|23|0|135|1.5|14.5|135|19.4|58.2|0.00|0.08|43.2859|16.0518
18|24|0|270|0.0|14.5|135|19.5|58.1|0.00|0.08|43.2867|16.0518
18|25|0|270|1.5|14.5|135|19.3|58.1|0.00|0.08|43.2865|16.0518
18|26|0|270|1.6|14.5|135|19.2|58.0|0.00|0.08|43.2856|16.0518
18|28|0|270|0.0|14.5|135|19.1|57.9|0.00|0.08|43.2859|15.2282
18|29|0|270|0.0|14.5|135|19.1|57.9|0.00|0.08|43.2861|15.2282
18|30|0|270|0.0|14.5|135|19.1|57.9|0.00|0.08|43.2855|15.2282
18|32|0|45|1.5|14.5|135|19.2|57.8|0.00|0.08|43.2853|15.2282
18|34|0|45|1.5|14.5|135|19.3|57.8|0.00|0.08|43.2815|15.2282
18|35|0|45|1.6|14.5|135|19.4|57.8|0.00|0.08|43.2814|15.2282
18|36|0|45|1.5|14.5|135|20.3|57.7|0.00|0.08|43.2795|16.4025
18|37|0|90|1.5|14.5|135|21.7|57.7|0.00|0.08|43.2811|17.5258
18|38|0|90|1.6|14.5|135|21.0|57.5|0.00|0.08|43.2792|17.5258
18|39|0|90|1.5|14.5|135|20.6|57.4|0.00|0.08|43.2798|16.4025
18|40|0|45|1.6|14.5|135|21.2|57.3|0.00|0.08|43.2797|17.5258
18|41|0|45|1.5|14.5|135|21.7|57.2|0.00|0.08|43.2789|17.5258
18|42|0|45|2.9|14.5|135|20.9|57.0|0.00|0.08|43.2772|16.4025
18|43|0|45|1.5|14.5|135|20.9|56.9|0.00|0.08|43.2756|15.5739
18|45|0|45|1.5|14.5|135|23.4|56.5|0.00|0.08|43.2719|18.7949
18|47|0|45|1.6|14.5|135|24.4|56.3|0.00|0.08|43.2699|19.7858
18|48|0|45|1.6|14.5|135|23.9|56.1|0.00|0.08|43.2692|18.7949
18|49|0|90|1.5|14.5|135|22.9|56.0|0.00|0.08|43.2661|17.765
18|50|0|90|1.5|14.5|135|21.9|56.0|0.00|0.08|43.2672|16.6926
18|52|0|90|0.0|14.5|135|21.6|55.7|0.00|0.08|43.2663|15.8591
18|53|0|225|1.5|14.5|135|21.9|55.6|0.00|0.08|43.2671|15.8591
18|55|0|225|0.0|14.5|135|22.4|55.6|0.00|0.08|43.2674|16.9271
18|56|0|225|0.0|14.5|135|22.3|55.5|0.00|0.08|43.2667|16.9271
18|57|0|225|0.0|14.5|135|22.1|55.4|0.00|0.08|43.2656|16.9271
18|59|0|225|0.0|14.5|135|21.8|55.4|0.00|0.08|43.2651|15.8591
19|00|0|225|0.0|14.5|135|21.8|55.3|0.00|0.08|43.2654|15.8591
19|01|0|225|0.0|14.5|135|21.8|55.3|0.00|0.08|43.2663|15.8591
19|03|0|225|0.0|14.5|135|21.7|55.2|0.00|0.08|43.2667|15.8591
19|04|0|225|1.5|14.5|135|21.7|55.2|0.00|0.08|43.2699|15.8591
19|05|0|225|1.5|14.5|135|21.8|55.2|0.00|0.08|43.2702|15.8591
19|07|0|225|0.0|14.5|135|22.2|55.1|0.00|0.08|43.2706|16.9271
19|08|0|225|0.0|14.5|135|22.3|55.0|0.00|0.08|43.2723|16.9271
19|09|0|225|0.0|14.5|135|22.3|54.8|0.00|0.08|43.2682|16.089
19|10|0|225|0.0|14.5|135|22.3|54.8|0.00|0.08|43.2698|16.089
19|11|0|225|1.5|14.5|135|22.2|54.7|0.00|0.08|43.2678|16.089
19|12|0|225|0.0|14.5|135|22.2|54.7|0.00|0.08|43.2687|16.089
19|13|0|225|0.0|14.5|135|22.2|54.7|0.00|0.08|43.2678|16.089
19|14|0|225|1.6|14.5|135|22.6|54.7|0.00|0.08|43.269|16.089
19|15|0|225|1.5|14.5|135|23.0|54.6|0.00|0.08|43.2693|17.1106
19|16|0|225|0.0|14.5|135|23.0|54.5|0.00|0.08|43.2687|17.1106
19|17|0|225|1.5|14.5|135|23.0|54.4|0.00|0.08|43.2687|17.1106
19|18|0|225|0.0|14.5|135|23.1|54.3|0.00|0.08|43.2703|17.1106
19|19|0|225|0.0|14.5|135|22.9|54.3|0.00|0.08|43.2719|16.089
19|20|0|225|1.5|14.5|135|23.1|54.2|0.00|0.08|43.2729|17.1106
19|22|0|225|1.5|14.5|135|23.3|54.0|0.00|0.08|43.2738|17.1106
19|23|0|225|1.6|14.5|135|23.2|53.9|0.00|0.08|43.275|16.2679
19|24|0|135|2.9|14.5|135|23.1|53.9|0.00|0.08|43.2755|16.2679
19|25|0|135|1.6|14.5|135|23.2|53.7|0.00|0.08|43.2728|16.2679
19|26|0|180|1.5|14.5|135|23.3|53.6|0.00|0.08|43.2721|16.2679
19|28|0|180|0.0|14.5|135|23.5|53.4|0.00|0.08|43.2735|16.2679
19|29|0|180|0.0|14.5|135|23.7|53.4|0.00|0.08|43.2715|16.2679
19|30|0|180|1.6|14.5|135|23.7|53.3|0.00|0.08|43.2711|16.2679
19|31|0|180|0.0|14.5|135|23.7|53.3|0.00|0.08|43.271|16.2679
19|32|0|180|0.0|14.5|135|23.7|53.2|0.00|0.08|43.2723|16.2679
19|33|0|180|0.0|14.5|135|23.5|53.2|0.00|0.08|43.2721|16.2679
19|34|0|315|1.5|14.5|135|24.1|53.0|0.00|0.08|43.2699|17.2468
19|35|0|315|1.6|14.5|135|24.4|52.8|0.00|0.08|43.2723|16.3998
19|36|0|315|2.9|14.5|135|24.6|52.5|0.00|0.08|43.2746|16.3998
19|37|0|315|1.5|14.5|135|24.3|52.2|0.00|0.08|43.2749|16.3998
19|38|0|0|1.5|14.5|135|24.4|51.9|0.00|0.08|43.2723|15.5526
19|39|0|0|0.0|14.5|135|24.4|51.7|0.00|0.08|43.271|15.5526
19|40|0|0|0.0|14.5|135|24.3|51.3|0.00|0.08|43.2685|15.5526
19|41|0|0|0.0|14.5|135|24.3|51.2|0.00|0.08|43.2687|15.5526
19|43|0|0|0.0|14.5|135|23.9|51.1|0.00|0.08|43.2678|14.5817
19|44|0|0|0.0|14.5|135|23.7|51.0|0.00|0.08|43.2679|14.5817
19|45|0|0|0.0|14.5|135|23.5|50.9|0.00|0.08|43.2679|13.7382
19|46|0|0|0.0|14.5|135|23.5|50.9|0.00|0.08|43.2681|13.7382
19|47|0|0|0.0|14.5|135|23.5|50.9|0.00|0.08|43.2665|13.7382
19|49|0|0|0.0|14.5|135|23.8|50.9|0.00|0.08|43.2658|13.7382
19|51|0|0|1.5|14.5|135|25.6|50.9|0.00|0.08|43.2651|15.6367
19|52|0|0|0.0|14.5|135|26.4|50.8|0.00|0.08|43.2641|16.5358
19|53|0|0|1.5|14.5|135|26.2|50.8|0.00|0.08|43.261|16.5358
19|54|0|0|0.0|14.5|135|25.9|50.8|0.00|0.08|43.2618|15.6367
19|55|0|0|0.0|14.5|135|26.0|50.8|0.00|0.08|43.2631|16.5358
19|56|0|0|1.5|14.5|135|27.0|50.7|0.00|0.08|43.2615|17.4047
19|57|0|0|1.5|14.5|135|26.7|50.7|0.00|0.08|43.2639|16.5358
19|58|0|0|0.0|14.5|135|26.6|50.6|0.00|0.08|43.2643|16.5358
19|59|0|0|1.6|14.5|135|26.5|50.6|0.00|0.08|43.2665|16.5358
20|00|0|0|1.5|14.5|135|25.9|50.6|0.00|0.08|43.2666|15.6367
20|01|0|0|0.0|14.5|135|25.8|50.6|0.00|0.08|43.2678|15.6367
20|03|0|0|1.6|14.5|135|25.4|50.6|0.00|0.08|43.2688|15.6367
20|04|0|0|1.5|14.5|135|25.3|50.6|0.00|0.08|43.2681|15.6367
20|05|0|0|0.0|14.5|135|25.0|50.5|0.00|0.08|43.2659|15.6367
20|06|0|0|0.0|14.5|135|24.5|50.5|0.00|0.08|43.2685|14.705
20|07|0|0|0.0|14.5|135|24.3|50.5|0.00|0.08|43.2701|14.705
20|08|0|0|0.0|14.5|135|24.5|50.5|0.00|0.08|43.2709|14.705
20|09|0|0|0.0|14.5|135|25.1|50.5|0.00|0.08|43.272|15.6367
20|10|0|0|1.5|14.5|135|25.6|50.5|0.00|0.08|43.2712|15.6367
20|11|0|0|0.0|14.5|135|26.5|50.5|0.00|0.08|43.2715|16.5358
20|12|0|0|0.0|14.5|135|26.7|50.3|0.00|0.08|43.2681|16.5358
20|13|0|0|0.0|14.5|135|26.4|50.3|0.00|0.08|43.2705|16.5358
20|15|0|0|0.0|14.5|135|26.2|50.2|0.00|0.08|43.2728|16.5358
20|16|0|0|0.0|14.5|135|26.2|50.1|0.00|0.08|43.2707|16.5358
20|17|0|0|0.0|14.5|135|26.4|50.1|0.00|0.08|43.2728|16.5358
20|18|0|0|0.0|14.5|135|26.0|50.0|0.00|0.08|43.2734|16.5358
20|19|0|0|0.0|14.5|135|26.5|50.0|0.00|0.08|43.2738|16.5358
20|20|0|0|0.0|14.5|135|26.7|49.9|0.00|0.08|43.2749|15.6803
20|23|0|90|1.5|14.5|135|27.6|49.5|0.00|0.08|43.2743|16.5456
20|24|0|90|1.6|14.5|135|28.0|49.4|0.00|0.08|43.2762|17.3829
20|25|0|90|1.5|14.5|135|28.0|49.3|0.00|0.08|43.2749|17.3829
20|26|0|90|3.2|14.5|135|28.0|49.2|0.00|0.08|43.2769|17.3829
20|27|0|90|2.9|14.5|135|28.2|49.1|0.00|0.08|43.2749|17.3829
20|28|0|45|1.5|14.5|135|28.4|49.0|0.00|0.08|43.2788|17.3829
20|29|0|45|1.5|14.5|135|28.7|49.0|0.00|0.08|43.2802|17.3829
20|30|0|90|1.5|14.5|135|28.5|48.9|0.00|0.08|43.2809|16.5201
20|31|0|90|1.5|14.5|135|28.6|48.9|0.00|0.08|43.2791|16.5201
20|33|0|90|1.5|14.5|135|28.5|48.8|0.00|0.08|43.2839|16.5201
20|35|0|90|1.6|14.5|135|28.6|48.8|0.00|0.08|43.2828|16.5201
20|36|0|90|1.5|14.5|135|29.6|48.8|0.00|0.08|43.2849|17.3278
20|37|0|90|1.5|14.5|135|29.6|48.7|0.00|0.08|43.2832|17.3278
20|38|0|90|0.0|14.5|135|28.9|48.7|0.00|0.08|43.2825|16.5201
20|39|0|90|0.0|14.5|135|28.7|48.7|0.00|0.08|43.2821|16.5201
20|40|0|90|1.5|14.5|135|28.8|48.7|0.00|0.08|43.2817|16.5201
20|41|0|90|1.6|14.5|135|29.9|48.8|0.00|0.08|43.2821|17.3278
20|42|0|45|1.5|14.5|135|30.5|48.8|0.00|0.08|43.2816|18.1112
20|43|0|45|1.6|14.5|135|30.4|48.8|0.00|0.08|43.2818|18.1112
20|44|0|45|0.0|14.5|135|29.4|48.7|0.00|0.08|43.2791|17.3278
20|45|0|45|1.5|14.5|135|29.3|48.7|0.00|0.08|43.2809|17.3278
20|46|0|45|1.5|14.5|135|29.8|48.7|0.00|0.08|43.2801|17.3278
20|47|0|45|1.5|14.5|135|29.9|48.7|0.01|0.09|43.2809|17.3278
20|49|0|45|1.5|14.5|135|29.6|48.7|0.01|0.09|43.283|17.3278
20|50|0|45|1.5|14.5|135|29.0|48.7|0.01|0.09|43.2833|17.3278
20|52|0|45|0.0|14.5|135|28.6|48.5|0.01|0.09|43.2863|16.5201
20|53|0|45|1.5|14.5|135|29.0|48.5|0.01|0.09|43.2856|17.3278
20|56|0|45|0.0|14.5|135|31.0|48.4|0.01|0.09|43.2865|18.8717
20|57|0|45|1.6|14.5|135|30.1|48.4|0.01|0.09|43.288|18.1112
20|58|0|45|0.0|14.5|135|29.1|48.3|0.01|0.09|43.2889|17.3278
20|59|0|45|0.0|14.5|135|28.6|48.3|0.01|0.09|43.2895|16.5201
21|00|0|45|0.0|14.5|135|28.8|48.2|0.01|0.09|43.2888|16.5201
21|01|0|45|0.0|14.5|135|28.7|48.2|0.01|0.09|43.2877|16.5201
21|02|0|45|1.6|14.5|135|28.9|48.2|0.01|0.09|43.2887|16.5201
21|03|0|45|1.5|14.5|135|30.2|48.1|0.01|0.09|43.2865|18.1112
21|04|0|45|1.6|14.5|135|31.0|48.1|0.01|0.09|43.2888|18.8717
21|05|0|45|1.5|14.5|135|31.3|48.0|0.01|0.09|43.2869|18.8717
21|07|0|45|1.6|14.5|135|31.1|47.9|0.01|0.09|43.2876|17.9987
21|08|0|45|0.0|14.5|135|31.3|47.9|0.01|0.09|43.2869|17.9987
21|09|0|45|0.0|14.5|135|31.4|47.7|0.01|0.09|43.2878|17.9987
21|11|0|45|0.0|14.5|135|31.0|47.6|0.01|0.09|43.2879|17.9987
21|12|0|45|1.6|14.5|135|31.2|47.6|0.01|0.09|43.2893|17.9987
21|14|0|45|0.0|14.5|135|31.7|47.6|0.01|0.09|43.2864|17.9987
21|15|0|45|1.6|14.5|135|31.7|47.5|0.01|0.09|43.2867|17.9987
21|16|0|45|0.0|14.5|135|31.4|47.6|0.01|0.09|43.29|17.9987
21|17|0|45|1.6|14.5|135|30.9|47.5|0.01|0.09|43.2879|17.2414
21|18|0|45|1.5|14.5|135|30.1|47.4|0.01|0.09|43.2884|17.2414
21|19|0|45|1.5|14.5|135|29.6|47.4|0.01|0.09|43.2876|16.4613
21|20|0|45|1.5|14.5|135|29.5|47.4|0.01|0.09|43.2881|16.4613
21|21|0|0|2.9|14.5|135|29.4|47.3|0.01|0.09|43.2856|16.4613
21|22|0|45|1.6|14.5|135|29.0|47.3|0.01|0.09|43.2856|16.4613
21|23|0|45|2.9|14.5|135|29.0|47.3|0.01|0.09|43.2877|16.4613
21|25|0|45|1.6|14.5|135|29.7|47.3|0.01|0.09|43.2883|16.4613
21|26|0|45|1.5|14.5|135|30.2|47.3|0.01|0.09|43.2879|17.2414
21|27|0|45|0.0|14.5|135|31.0|47.3|0.01|0.09|43.2901|17.9987
21|28|0|90|0.0|14.5|135|31.8|47.3|0.01|0.09|43.288|17.9987
21|31|0|45|1.5|14.5|135|32.8|47.2|0.01|0.09|43.2848|18.7346
21|32|0|90|1.5|14.5|135|32.0|47.2|0.01|0.09|43.2845|18.7346
21|33|0|90|1.5|14.5|135|31.9|47.2|0.01|0.09|43.2839|17.9987
21|34|0|90|1.5|14.5|135|32.0|47.2|0.01|0.09|43.2862|18.7346
21|35|0|90|1.5|14.5|135|30.5|47.2|0.01|0.09|43.2833|17.2414
21|36|0|90|1.5|14.5|135|29.8|47.2|0.01|0.09|43.2859|16.4613
21|37|0|90|1.6|14.5|135|29.4|47.2|0.01|0.09|43.2846|16.4613
21|38|0|90|1.5|14.5|135|29.2|47.3|0.01|0.09|43.2853|16.4613
21|39|0|90|1.6|14.5|135|29.2|47.3|0.01|0.09|43.2856|16.4613
21|41|0|90|1.5|14.5|135|29.3|47.4|0.01|0.09|43.2847|16.4613
21|42|0|90|2.9|14.5|135|30.0|47.4|0.01|0.09|43.2844|17.2414
21|43|0|90|1.5|14.5|135|30.2|47.4|0.01|0.09|43.2853|17.2414
21|45|0|90|1.5|14.5|135|29.9|47.5|0.01|0.09|43.2856|16.4613
21|46|0|90|1.5|14.5|135|29.9|47.5|0.00|0.09|43.2879|16.4613
21|47|0|90|0.0|14.5|135|29.5|47.5|0.00|0.09|43.2877|16.4613
21|49|0|90|1.5|14.5|135|29.1|47.5|0.00|0.09|43.2888|16.4613
21|50|0|90|0.0|14.5|135|28.8|47.6|0.00|0.09|43.2895|15.657
21|51|0|90|0.0|14.5|135|28.8|47.6|0.00|0.09|43.291|15.657
21|52|0|90|1.5|14.5|135|29.2|47.6|0.00|0.09|43.292|16.4613
21|53|0|90|1.5|14.5|135|29.7|47.6|0.00|0.09|43.2924|16.4613
21|54|0|90|0.0|14.5|135|30.4|47.6|0.00|0.09|43.2908|17.2414
21|55|0|68|1.6|14.5|135|30.5|47.6|0.00|0.09|43.2894|17.2414
21|56|0|45|1.5|14.5|135|29.5|47.6|0.00|0.09|43.2889|16.4613
21|57|0|45|1.6|14.5|135|29.0|47.6|0.00|0.09|43.2895|16.4613
21|59|0|45|0.0|14.5|135|28.5|47.6|0.00|0.09|43.2952|15.657
22|01|0|45|1.5|14.5|135|29.0|47.6|0.00|0.09|43.295|16.4613
22|02|0|45|1.6|14.5|135|29.3|47.7|0.00|0.09|43.2975|16.4613
22|03|0|180|1.5|14.5|135|29.9|47.6|0.00|0.09|43.2968|16.4613
22|04|0|180|1.5|14.5|135|30.4|47.6|0.00|0.09|43.2962|17.2414
22|05|0|180|1.5|14.5|135|30.7|47.6|0.00|0.09|43.2968|17.2414
22|07|0|180|1.5|14.5|135|30.5|47.5|0.00|0.09|43.2966|17.2414
22|09|0|225|1.5|14.5|135|30.6|47.5|0.00|0.09|43.2962|17.2414
22|10|0|225|0.0|14.5|135|30.6|47.5|0.00|0.09|43.2966|17.2414
22|11|0|180|1.5|14.5|135|30.6|47.4|0.00|0.09|43.2949|17.2414
22|12|0|180|1.6|14.5|135|30.7|47.4|0.00|0.09|43.2938|17.2414
22|14|0|180|0.0|14.5|135|30.9|47.3|0.00|0.09|43.2922|17.2414
22|15|0|180|0.0|14.5|135|31.1|47.3|0.00|0.09|43.2918|17.9987
22|16|0|180|0.0|14.5|135|31.1|47.3|0.00|0.09|43.2904|17.9987
22|17|0|180|1.5|14.5|135|31.2|47.2|0.00|0.09|43.2896|17.9987
22|18|0|180|1.5|14.5|135|31.7|47.2|0.00|0.09|43.2919|17.9987
22|19|0|180|1.5|14.5|135|32.2|47.1|0.00|0.09|43.2902|18.7346
22|20|0|180|1.5|14.5|135|32.4|47.1|0.00|0.09|43.2926|18.7346
22|21|0|180|0.0|14.5|135|32.5|47.0|0.00|0.09|43.2917|18.7346
22|22|0|180|0.0|14.5|135|32.4|47.0|0.00|0.09|43.294|18.7346
22|23|0|180|0.0|14.5|135|32.5|46.8|0.00|0.09|43.2942|17.8582
22|24|0|180|0.0|14.5|135|32.6|46.8|0.00|0.09|43.2973|17.8582
22|26|0|180|1.5|14.5|135|32.7|46.8|0.00|0.09|43.3005|17.8582
22|27|0|180|0.0|14.5|135|32.9|46.8|0.00|0.09|43.3002|17.8582
22|28|0|180|0.0|14.5|135|32.9|46.8|0.00|0.09|43.3027|17.8582
22|29|0|180|0.0|14.5|135|32.9|46.7|0.00|0.09|43.3006|17.8582
22|30|0|180|0.0|14.5|135|32.8|46.7|0.00|0.09|43.3003|17.8582
22|32|0|180|0.0|14.5|135|33.0|46.6|0.00|0.09|43.2998|18.571
22|33|0|180|1.6|14.5|135|33.3|46.6|0.00|0.09|43.302|18.571
22|34|0|180|1.5|14.5|135|34.1|46.5|0.00|0.09|43.3029|19.2648
22|36|0|180|1.5|14.5|135|34.5|46.3|0.00|0.09|43.3008|19.2648
22|37|0|180|0.0|14.5|135|33.9|46.3|0.00|0.09|43.2996|18.571
22|38|0|180|0.0|14.5|135|33.3|46.2|0.00|0.09|43.2981|18.571
22|39|0|180|0.0|14.5|135|33.2|46.1|0.00|0.09|43.2952|18.571
22|40|0|180|0.0|14.5|135|33.3|46.1|0.00|0.09|43.2962|18.571
22|41|0|180|0.0|14.5|135|33.3|46.0|0.00|0.09|43.2927|18.571
22|42|0|180|0.0|14.5|135|33.3|46.0|0.00|0.09|43.2934|18.571
22|44|0|180|0.0|14.5|135|33.4|46.0|0.00|0.09|43.2923|18.571
22|45|0|180|0.0|14.5|135|33.7|45.8|0.00|0.09|43.2935|17.6913
22|46|0|180|0.0|14.5|135|33.8|45.8|0.00|0.09|43.2942|17.6913
22|48|0|315|1.6|14.5|135|34.7|45.7|0.00|0.09|43.2959|18.3822
22|49|0|315|2.9|14.5|135|37.3|45.6|0.00|0.09|43.2957|20.3517
22|50|0|315|2.9|14.5|135|38.6|45.4|0.00|0.09|43.2928|20.9767
22|51|0|0|1.5|14.5|135|38.8|45.3|0.00|0.09|43.2907|20.9767
22|52|0|0|0.0|14.5|135|38.5|45.0|0.00|0.09|43.2892|20.9767
22|53|0|0|0.0|14.5|135|37.9|44.9|0.00|0.09|43.288|19.4604
22|54|0|0|0.0|14.5|135|37.5|44.7|0.00|0.09|43.2877|19.4604
22|55|0|0|0.0|14.5|135|37.3|44.6|0.00|0.09|43.2877|19.4604
22|56|0|0|1.5|14.5|135|37.3|44.5|0.00|0.09|43.2903|19.4604
22|57|0|0|1.5|14.5|135|37.1|44.4|0.00|0.09|43.29|19.4604
22|58|0|0|1.5|14.5|135|36.5|44.4|0.00|0.09|43.2922|18.823
22|59|0|0|0.0|14.5|135|36.5|44.4|0.00|0.09|43.2924|18.823
23|00|0|0|0.0|14.5|135|36.4|44.3|0.00|0.09|43.292|18.823
23|03|0|0|0.0|14.5|135|36.0|44.4|0.00|0.09|43.2932|18.823
23|04|0|0|0.0|14.5|135|35.9|44.4|0.00|0.09|43.289|18.1696
23|05|0|0|0.0|14.5|135|35.9|44.4|0.00|0.09|43.2887|18.1696
23|06|0|0|0.0|14.5|135|36.1|44.5|0.00|0.09|43.2896|18.823
23|07|0|0|1.5|14.5|135|36.1|44.6|0.00|0.09|43.2886|18.823
23|08|0|0|1.5|14.5|135|35.9|44.6|0.00|0.09|43.2867|18.1696
23|09|0|90|1.6|14.5|135|36.0|44.6|0.00|0.09|43.286|18.823
23|10|0|90|2.9|14.5|135|36.2|44.7|0.00|0.09|43.2857|18.823
23|11|0|90|0.0|14.5|135|36.3|44.7|0.00|0.09|43.2856|18.823
23|12|0|90|0.0|14.5|135|36.3|44.7|0.00|0.09|43.284|18.823
23|13|0|90|1.6|14.5|135|36.6|44.8|0.00|0.09|43.2834|18.823
23|14|0|90|1.5|14.5|135|36.7|44.8|0.00|0.09|43.2863|18.823
23|15|0|180|0.0|14.5|135|36.7|44.9|0.00|0.09|43.2873|18.823
23|16|0|180|1.5|14.5|135|36.7|44.8|0.00|0.09|43.2846|18.823
23|17|0|180|0.0|14.5|135|36.5|44.9|0.00|0.09|43.2861|18.823
23|19|0|180|0.0|14.5|135|36.3|44.9|0.00|0.09|43.2843|18.823
23|20|0|180|0.0|14.5|135|36.2|44.9|0.00|0.09|43.2847|18.823
23|22|0|180|0.0|14.5|135|36.2|44.9|0.00|0.09|43.2856|18.823
23|23|0|180|1.5|14.5|135|36.3|44.9|0.00|0.09|43.2865|18.823
23|24|0|180|1.5|14.5|135|36.3|44.9|0.00|0.09|43.2844|18.823
23|25|0|180|1.5|14.5|135|36.1|44.9|0.00|0.09|43.2848|18.823
23|26|0|180|0.0|14.5|135|36.0|45.0|0.00|0.09|43.2847|19.7115
23|27|0|180|0.0|14.5|135|36.0|45.0|0.00|0.09|43.2865|19.7115
23|28|0|180|1.6|14.5|135|36.0|45.0|0.00|0.09|43.2881|19.7115
23|29|0|180|0.0|14.5|135|36.0|45.0|0.00|0.09|43.2889|19.7115
23|30|0|180|0.0|14.5|135|35.9|45.0|0.00|0.09|43.2889|19.0553
23|31|0|180|0.0|14.5|135|35.8|45.0|0.00|0.09|43.2897|19.0553
23|32|0|180|0.0|14.5|135|35.7|45.0|0.00|0.09|43.2926|19.0553
23|33|0|180|0.0|14.5|135|35.8|45.0|0.00|0.09|43.2913|19.0553
23|34|0|180|0.0|14.5|135|35.7|45.0|0.00|0.09|43.2889|19.0553
23|35|0|180|0.0|14.5|135|35.8|45.0|0.00|0.09|43.2893|19.0553
23|36|0|180|0.0|14.5|135|35.9|45.0|0.00|0.09|43.289|19.0553
23|37|0|180|0.0|14.5|135|36.0|45.0|0.00|0.09|43.2926|19.7115
23|38|0|180|0.0|14.5|135|36.1|45.0|0.00|0.09|43.2902|19.7115
23|39|0|180|0.0|14.5|135|36.4|45.0|0.00|0.09|43.2922|19.7115
23|41|0|180|1.5|14.5|135|36.8|44.9|0.00|0.09|43.2927|18.823
23|43|0|180|1.5|14.5|135|36.6|44.9|0.00|0.09|43.2952|18.823
23|44|0|180|0.0|14.5|135|36.5|44.8|0.00|0.09|43.2935|18.823
23|45|0|180|0.0|14.5|135|36.6|44.7|0.00|0.09|43.2947|18.823
23|46|0|180|0.0|14.5|135|36.9|44.6|0.00|0.09|43.2938|18.823
23|47|0|180|0.0|14.5|135|37.0|44.6|0.00|0.09|43.2944|19.4604
23|48|0|180|0.0|14.5|135|37.3|44.6|0.00|0.09|43.2936|19.4604
23|49|0|180|1.5|14.5|135|37.6|44.5|0.00|0.09|43.2919|19.4604
23|50|0|90|1.6|14.5|135|37.8|44.5|0.00|0.09|43.2934|19.4604
23|51|0|90|1.6|14.5|135|38.0|44.4|0.00|0.09|43.2926|20.0828
23|52|0|90|1.5|14.5|135|38.3|44.4|0.00|0.09|43.294|20.0828
23|53|0|90|1.6|14.5|135|38.6|44.4|0.00|0.09|43.2958|20.0828
23|54|0|90|0.0|14.5|135|38.5|44.3|0.00|0.09|43.2969|20.0828
23|55|0|90|1.5|14.5|135|38.7|44.3|0.00|0.09|43.3005|20.0828
23|56|0|90|1.5|14.5|135|38.8|44.2|0.00|0.09|43.3003|20.0828
23|58|0|90|1.5|14.5|135|38.5|44.0|0.00|0.09|43.3014|20.0828
23|59|0|90|1.5|14.5|135|38.6|44.0|0.00|0.09|43.3017|20.0828
