00|01|0|180|0.0|14.5|270|25.6|65.3|0.00|0.00|43.6915|28.377
00|02|0|180|0.0|14.5|270|25.7|65.1|0.00|0.00|43.6914|28.377
00|03|0|135|0.0|14.5|270|25.6|65.1|0.00|0.00|43.692|28.377
00|04|0|135|1.6|14.5|270|25.2|64.9|0.00|0.00|43.6904|27.5297
00|05|0|135|0.0|14.5|270|25.1|64.7|0.00|0.00|43.6914|27.5297
00|06|0|135|0.0|14.5|270|25.0|64.6|0.00|0.00|43.693|27.5297
00|07|0|135|1.6|14.5|270|24.4|64.5|0.00|0.00|43.6956|26.5434
00|08|0|135|1.6|14.5|270|24.3|64.5|0.00|0.00|43.6959|26.5434
00|10|0|135|1.5|14.5|270|23.8|64.5|0.00|0.00|43.6945|25.52
00|11|0|135|1.5|14.5|270|23.5|64.5|0.00|0.00|43.6985|25.52
00|12|0|135|0.0|14.5|270|23.4|64.3|0.00|0.00|43.698|25.52
00|13|0|135|0.0|14.5|270|23.2|64.2|0.00|0.00|43.6973|25.52
00|14|0|135|0.0|14.5|270|23.0|64.2|0.00|0.00|43.6984|25.52
00|15|0|135|0.0|14.5|270|23.2|64.2|0.00|0.00|43.6973|25.52
00|16|0|135|0.0|14.5|270|23.6|64.1|0.00|0.00|43.6972|25.52
00|17|0|135|0.0|14.5|270|23.8|64.1|0.00|0.00|43.6989|25.52
00|19|0|135|0.0|14.5|270|23.8|63.8|0.00|0.00|43.6989|24.6804
00|20|0|135|0.0|14.5|270|23.9|63.7|0.00|0.00|43.699|24.6804
00|21|0|135|3.2|14.5|270|23.2|63.7|0.00|0.00|43.6979|24.6804
00|22|0|225|3.2|14.5|270|23.0|63.6|0.00|0.00|43.6994|24.6804
00|24|0|225|0.0|14.5|270|23.4|63.6|0.00|0.00|43.7033|24.6804
00|25|0|225|0.0|14.5|270|23.9|63.5|0.00|0.00|43.7013|24.6804
00|26|0|225|0.0|14.5|270|23.4|63.5|0.00|0.00|43.7006|24.6804
00|28|0|225|0.0|14.5|270|23.1|63.4|0.00|0.00|43.7002|24.6804
00|29|0|225|0.0|14.5|270|23.5|63.4|0.00|0.00|43.6998|24.6804
00|30|0|225|0.0|14.5|270|23.7|63.4|0.00|0.00|43.7037|24.6804
00|34|0|315|0.0|14.5|270|24.5|63.4|0.00|0.00|43.7035|25.6997
00|35|0|315|1.5|14.5|270|25.6|63.4|0.00|0.00|43.7057|26.6821
00|36|0|315|1.5|14.5|270|26.0|63.3|0.01|0.01|43.7058|27.6303
00|37|0|0|0.0|14.5|270|28.6|63.2|0.01|0.01|43.7074|29.4336
00|39|0|0|0.0|14.5|270|30.7|62.9|0.01|0.01|43.7098|30.2604
00|40|0|0|0.0|14.5|270|30.4|62.7|0.01|0.01|43.7113|30.2604
00|41|0|0|0.0|14.5|270|28.7|62.6|0.01|0.01|43.7117|28.5746
00|43|0|45|0.0|14.5|270|27.4|62.5|0.01|0.01|43.7109|27.6913
00|44|0|45|0.0|14.5|270|27.0|62.4|0.01|0.01|43.7117|27.6913
00|45|0|45|1.6|14.5|270|26.8|62.2|0.01|0.01|43.7164|26.7786
00|46|0|45|1.5|14.5|270|27.1|62.0|0.01|0.01|43.7186|27.6913
00|47|0|45|1.5|14.5|270|27.1|61.9|0.01|0.01|43.7196|26.8356
00|48|0|45|0.0|14.5|270|27.7|61.9|0.01|0.01|43.7204|26.8356
00|49|0|45|0.0|14.5|270|28.5|61.8|0.01|0.01|43.7208|27.7153
00|50|0|45|0.0|14.5|270|27.7|61.8|0.01|0.01|43.7203|26.8356
00|52|0|45|0.0|14.5|270|25.1|61.8|0.01|0.01|43.7202|24.9861
00|53|0|45|0.0|14.5|270|24.9|61.8|0.01|0.01|43.7215|24.0116
00|54|0|45|0.0|14.5|270|25.7|61.8|0.01|0.01|43.723|24.9861
00|56|0|45|0.0|14.5|270|25.5|61.8|0.01|0.01|43.7215|24.9861
00|57|0|45|0.0|14.5|270|25.8|61.9|0.01|0.01|43.7224|24.9861
00|58|0|45|0.0|14.5|270|26.4|61.9|0.01|0.01|43.7242|25.9266
00|59|0|45|0.0|14.5|270|27.3|61.9|0.01|0.01|43.7253|26.8356
01|00|0|45|0.0|14.5|270|29.0|61.9|0.01|0.01|43.7252|28.5676
01|01|0|45|1.5|14.5|270|28.8|61.9|0.01|0.01|43.7241|27.7153
01|02|0|45|0.0|14.5|270|28.5|61.9|0.01|0.01|43.7243|27.7153
01|03|0|45|0.0|14.5|270|28.7|61.8|0.01|0.01|43.7256|27.7153
01|04|0|315|0.0|14.5|270|30.7|61.8|0.01|0.01|43.7248|29.3943
01|05|0|315|0.0|14.5|270|31.9|61.7|0.01|0.01|43.7241|30.197
01|06|0|315|1.5|14.5|270|31.0|61.7|0.01|0.01|43.7244|30.197
01|07|0|315|1.6|14.5|270|31.8|61.6|0.01|0.01|43.7228|30.197
01|09|0|270|1.5|14.5|270|30.6|61.5|0.01|0.01|43.7243|29.3943
01|11|0|270|0.0|14.5|270|29.0|61.2|0.01|0.01|43.7212|28.5676
01|12|0|270|0.0|14.5|270|28.0|61.1|0.01|0.01|43.7215|27.7153
01|13|0|270|2.9|14.5|270|27.5|61.0|0.01|0.01|43.7213|26.8356
01|15|0|270|0.0|14.5|270|29.5|60.8|0.01|0.01|43.7232|27.7047
01|17|0|315|1.5|14.5|270|30.6|60.7|0.01|0.01|43.7244|28.528
01|18|0|315|2.9|14.5|270|33.7|60.6|0.02|0.02|43.725|30.8599
01|19|0|315|1.5|14.5|270|33.8|60.5|0.02|0.02|43.7291|30.8599
01|20|0|315|1.6|14.5|270|34.1|60.3|0.02|0.02|43.7285|31.5956
01|21|0|315|1.6|14.5|270|34.7|60.1|0.02|0.02|43.7284|31.5956
01|22|0|315|2.9|14.5|270|35.9|59.9|0.02|0.02|43.7282|31.4302
01|24|0|315|2.9|14.5|270|35.9|59.6|0.02|0.02|43.725|31.4302
01|25|0|315|1.5|14.5|270|35.0|59.3|0.02|0.02|43.7257|31.4302
01|27|0|315|1.5|14.5|270|35.1|59.1|0.02|0.02|43.7248|31.4302
01|28|0|315|0.0|14.5|270|34.7|59.0|0.02|0.02|43.7211|30.7164
01|29|0|225|0.0|14.5|270|34.9|58.9|0.02|0.02|43.7228|29.8369
01|30|0|315|2.9|14.5|270|33.3|58.7|0.02|0.02|43.7212|29.1073
01|31|0|270|4.4|14.5|270|35.1|58.7|0.02|0.02|43.7227|30.5478
01|32|0|0|1.5|14.5|270|32.0|58.5|0.02|0.02|43.7232|28.3578
01|33|0|225|3.2|14.5|270|32.1|58.7|0.02|0.02|43.7248|28.3578
01|34|0|315|2.9|14.5|270|29.5|58.7|0.02|0.02|43.725|25.9779
01|35|0|270|2.9|14.5|270|27.9|58.8|0.02|0.02|43.7273|24.2669
01|36|0|315|1.5|14.5|270|27.6|59.0|0.01|0.02|43.7284|25.1235
01|37|0|270|1.5|14.5|270|27.9|59.1|0.02|0.03|43.7299|25.1235
01|38|0|225|3.2|14.5|270|28.1|59.3|0.02|0.03|43.7318|25.996
01|40|0|270|1.5|14.5|270|28.0|59.6|0.02|0.03|43.7365|25.996
01|41|0|225|1.6|14.5|270|27.2|59.7|0.02|0.03|43.7363|25.1235
01|43|0|270|1.5|14.5|270|25.9|59.9|0.02|0.03|43.7407|23.2888
01|44|0|270|4.4|14.5|270|25.8|60.0|0.02|0.03|43.7418|24.1376
01|45|0|270|0.0|14.5|270|25.5|60.2|0.02|0.03|43.744|24.1376
01|46|0|315|1.6|14.5|270|25.4|60.3|0.02|0.03|43.7448|24.1376
01|47|0|225|1.5|14.5|270|26.4|60.3|0.02|0.03|43.7458|25.0743
01|48|0|270|1.5|14.5|270|25.4|60.5|0.02|0.03|43.7483|24.1376
01|49|0|270|2.9|14.5|270|24.8|60.5|0.02|0.03|43.7481|23.167
01|51|0|225|2.9|14.5|270|25.1|60.6|0.02|0.03|43.7515|24.1376
01|53|0|270|2.9|14.5|270|24.9|60.7|0.02|0.03|43.7523|23.167
01|54|0|225|2.9|14.5|270|24.8|60.7|0.02|0.03|43.75|23.167
01|55|0|270|1.6|14.5|270|24.5|60.8|0.02|0.03|43.7547|23.167
01|57|0|0|1.5|14.5|270|25.0|60.8|0.02|0.03|43.7553|24.1376
01|58|0|270|0.0|14.5|270|25.2|60.8|0.02|0.03|43.7569|24.1376
01|59|0|225|1.6|14.5|270|25.0|60.8|0.02|0.03|43.7546|24.1376
02|00|0|225|0.0|14.5|270|25.0|60.8|0.02|0.03|43.7554|24.1376
02|01|0|225|1.5|14.5|270|25.1|60.8|0.02|0.03|43.7545|24.1376
02|02|0|270|1.5|14.5|270|25.2|60.7|0.02|0.03|43.7539|24.1376
02|03|0|270|1.6|14.5|270|26.1|60.7|0.02|0.03|43.7553|25.0743
02|04|0|270|4.4|14.5|270|26.7|60.6|0.02|0.03|43.7548|25.0743
02|05|0|270|1.5|14.5|270|27.2|60.5|0.02|0.03|43.754|25.9797
02|06|0|315|2.9|14.5|270|26.6|60.3|0.02|0.03|43.7548|25.0743
02|07|0|270|3.2|14.5|270|27.1|60.1|0.02|0.03|43.7526|25.9797
02|08|0|315|2.9|14.5|270|26.6|60.0|0.02|0.03|43.7519|25.0743
02|09|0|315|2.9|14.5|270|27.5|59.8|0.02|0.03|43.7523|25.1235
02|11|0|270|2.9|14.5|270|29.8|59.6|0.02|0.03|43.7506|26.8414
02|12|0|315|1.5|14.5|270|28.8|59.5|0.02|0.03|43.7477|25.996
02|13|0|315|2.9|14.5|270|28.3|59.2|0.02|0.03|43.7462|25.996
02|14|0|315|2.9|14.5|270|29.4|58.9|0.02|0.03|43.7455|25.9779
02|15|0|315|3.2|14.5|270|32.1|58.8|0.02|0.03|43.7489|28.3578
02|16|0|315|1.5|14.5|270|35.0|58.5|0.02|0.03|43.7525|30.5478
02|17|0|315|2.9|14.5|270|36.8|58.3|0.02|0.04|43.7564|31.241
02|18|0|315|1.5|14.5|270|38.6|58.0|0.02|0.04|43.7547|32.5777
02|19|0|315|2.9|14.5|270|37.9|57.8|0.02|0.04|43.757|31.029
02|20|0|270|0.0|14.5|270|36.0|57.4|0.02|0.04|43.7601|30.3555
02|21|0|270|4.4|14.5|270|34.2|57.1|0.02|0.04|43.761|28.9573
02|22|0|225|0.0|14.5|270|33.6|56.9|0.02|0.04|43.7642|27.3537
02|23|0|225|0.0|14.5|270|34.1|56.7|0.02|0.04|43.7651|28.0773
02|25|0|225|1.6|14.5|270|34.3|56.5|0.02|0.04|43.7651|28.0773
02|26|0|225|0.0|14.5|270|34.6|56.4|0.02|0.04|43.7643|28.0773
02|27|0|315|0.0|14.5|270|34.3|56.3|0.02|0.04|43.766|28.0773
02|28|0|225|1.6|14.5|270|32.4|56.3|0.02|0.04|43.7659|26.6104
02|29|0|270|0.0|14.5|270|31.9|56.2|0.02|0.04|43.765|25.8462
02|30|0|180|0.0|14.5|270|31.8|56.2|0.02|0.04|43.7658|25.8462
02|31|0|180|1.6|14.5|270|32.2|56.2|0.02|0.04|43.7663|26.6104
02|32|0|225|1.5|14.5|270|31.9|56.3|0.02|0.04|43.7698|25.8462
02|33|0|225|0.0|14.5|270|31.4|56.2|0.02|0.04|43.7683|25.8462
02|34|0|225|0.0|14.5|270|31.4|56.3|0.02|0.04|43.7697|25.8462
02|35|0|270|0.0|14.5|270|31.1|56.3|0.02|0.04|43.77|25.8462
02|36|0|270|0.0|14.5|270|31.1|56.3|0.02|0.04|43.7684|25.8462
02|37|0|180|0.0|14.5|270|31.2|56.4|0.01|0.04|43.7698|25.8462
02|38|0|180|0.0|14.5|270|31.2|56.3|0.01|0.04|43.7681|25.8462
02|39|0|180|0.0|14.5|270|30.8|56.4|0.01|0.04|43.7695|25.0599
02|40|0|180|0.0|14.5|270|30.7|56.4|0.01|0.04|43.7688|25.0599
02|41|0|180|0.0|14.5|270|30.7|56.4|0.01|0.04|43.7692|25.0599
02|43|0|225|0.0|14.5|270|30.6|56.4|0.01|0.04|43.7691|25.0599
02|44|0|270|0.0|14.5|270|30.4|56.4|0.01|0.04|43.7677|25.0599
02|46|0|225|0.0|14.5|270|29.7|56.4|0.01|0.04|43.7681|24.25
02|47|0|270|0.0|14.5|270|30.0|56.4|0.01|0.04|43.7675|25.0599
02|48|0|270|0.0|14.5|270|30.1|56.4|0.01|0.04|43.7667|25.0599
02|49|0|270|0.0|14.5|270|30.0|56.4|0.01|0.04|43.7653|25.0599
02|50|0|45|1.6|14.5|270|29.9|56.4|0.01|0.04|43.7672|24.25
02|51|0|45|1.6|14.5|270|32.6|56.4|0.01|0.04|43.7665|26.6104
02|52|0|45|1.5|14.5|270|32.7|56.4|0.01|0.04|43.7676|26.6104
02|53|0|45|1.5|14.5|270|31.9|56.3|0.01|0.04|43.7673|25.8462
02|54|0|45|1.6|14.5|270|33.9|56.3|0.01|0.04|43.7673|27.3537
02|55|0|45|1.5|14.5|270|35.8|56.3|0.01|0.04|43.7674|28.7823
02|58|0|45|1.5|14.5|270|38.7|56.2|0.01|0.04|43.7693|30.7953
02|59|0|180|0.0|14.5|270|37.9|56.2|0.01|0.04|43.7693|30.1405
03|00|0|225|1.5|14.5|270|37.3|56.2|0.01|0.04|43.7714|30.1405
03|01|0|225|0.0|14.5|270|36.2|56.2|0.01|0.04|43.772|29.4697
03|02|0|225|0.0|14.5|270|35.5|56.2|0.01|0.04|43.7711|28.7823
03|03|0|90|0.0|14.5|270|35.4|56.2|0.01|0.04|43.7705|28.7823
03|04|0|90|0.0|14.5|270|35.6|56.2|0.01|0.04|43.7717|28.7823
03|05|0|90|2.9|14.5|270|34.8|56.2|0.01|0.04|43.7717|28.0773
03|06|0|90|2.9|14.5|270|33.6|56.2|0.01|0.04|43.7715|27.3537
03|07|0|90|2.9|14.5|270|33.8|56.2|0.01|0.04|43.7707|27.3537
03|09|0|45|0.0|14.5|270|33.0|56.2|0.01|0.04|43.7717|27.3537
03|10|0|90|1.5|14.5|270|32.2|56.3|0.01|0.04|43.7715|26.6104
03|12|0|225|0.0|14.5|270|32.9|56.3|0.01|0.04|43.7739|26.6104
03|13|0|158|0.0|14.5|270|33.6|56.3|0.01|0.04|43.7701|27.3537
03|14|0|225|1.6|14.5|270|33.3|56.3|0.01|0.04|43.7716|27.3537
03|16|0|225|0.0|14.5|270|33.5|56.3|0.01|0.04|43.7723|27.3537
03|17|0|225|0.0|14.5|270|33.3|56.2|0.00|0.04|43.7718|27.3537
03|18|0|225|0.0|14.5|270|33.0|56.3|0.00|0.04|43.7736|27.3537
03|19|0|225|0.0|14.5|270|33.1|56.2|0.00|0.04|43.7715|27.3537
03|20|0|0|1.5|14.5|270|34.7|56.2|0.00|0.04|43.7755|28.0773
03|21|0|0|1.6|14.5|270|38.7|56.1|0.00|0.04|43.7728|30.7953
03|22|0|0|0.0|14.5|270|37.4|56.1|0.00|0.04|43.7725|30.1405
03|23|0|270|0.0|14.5|270|37.0|56.0|0.00|0.04|43.7739|30.1405
03|24|0|270|0.0|14.5|270|35.5|55.8|0.00|0.04|43.773|27.8992
03|25|0|270|0.0|14.5|270|36.4|55.7|0.00|0.04|43.7725|28.5838
03|26|0|315|0.0|14.5|270|38.2|55.6|0.00|0.04|43.7724|29.9038
03|28|0|180|0.0|14.5|270|37.5|55.5|0.00|0.04|43.7739|29.2517
03|29|0|225|0.0|14.5|270|36.7|55.3|0.00|0.04|43.7773|28.5838
03|30|0|225|0.0|14.5|270|36.9|55.2|0.00|0.04|43.7787|28.5838
03|31|0|225|0.0|14.5|270|37.3|55.1|0.00|0.04|43.782|29.2517
03|32|0|225|0.0|14.5|270|36.8|55.0|0.00|0.04|43.7841|28.5838
03|33|0|225|0.0|14.5|270|36.7|55.0|0.00|0.04|43.7856|28.5838
03|34|0|180|0.0|14.5|270|37.3|54.8|0.00|0.04|43.7856|28.3627
03|35|0|0|0.0|14.5|270|35.7|54.8|0.00|0.04|43.7868|27.0159
03|36|0|0|0.0|14.5|270|35.4|54.7|0.00|0.04|43.7893|27.0159
03|37|0|0|0.0|14.5|270|35.1|54.7|0.00|0.04|43.7904|27.0159
03|38|0|0|0.0|14.5|270|35.4|54.7|0.00|0.04|43.7888|27.0159
03|39|0|45|0.0|14.5|270|37.5|54.6|0.00|0.04|43.7917|28.3627
03|40|0|45|0.0|14.5|270|40.3|54.5|0.00|0.04|43.7903|30.2668
03|41|0|45|0.0|14.5|270|39.8|54.5|0.00|0.04|43.7921|29.6466
03|43|0|45|1.5|14.5|270|39.0|54.4|0.00|0.04|43.7903|29.6466
03|44|0|45|0.0|14.5|270|40.2|54.3|0.00|0.04|43.7931|30.2668
03|45|0|45|0.0|14.5|270|40.7|54.3|0.00|0.04|43.7926|30.2668
03|47|0|45|0.0|14.5|270|41.9|54.2|0.00|0.04|43.7947|30.8734
03|48|0|45|0.0|14.5|270|42.5|54.0|0.00|0.04|43.7936|31.4671
03|49|0|45|0.0|14.5|270|42.3|54.0|0.00|0.04|43.794|31.4671
03|50|0|45|0.0|14.5|270|42.4|54.0|0.00|0.04|43.7978|31.4671
03|51|0|68|0.0|14.5|270|42.9|54.0|0.00|0.04|43.7973|31.4671
03|52|0|90|0.0|14.5|270|42.9|54.0|0.00|0.04|43.7974|31.4671
03|53|0|90|0.0|14.5|270|42.4|54.0|0.00|0.04|43.7956|31.4671
03|54|0|270|0.0|14.5|270|41.2|54.0|0.00|0.04|43.7971|30.8734
03|55|0|270|1.6|14.5|270|37.7|54.0|0.00|0.04|43.7973|28.3627
03|56|0|270|1.5|14.5|270|34.8|54.0|0.00|0.04|43.7981|26.3168
03|57|0|270|1.5|14.5|270|33.9|54.0|0.00|0.04|43.7994|25.5991
03|59|0|225|1.5|14.5|270|32.2|54.2|0.00|0.04|43.7976|24.862
04|00|0|315|1.5|14.5|270|30.9|54.4|0.00|0.04|43.8002|23.3243
04|01|0|315|0.0|14.5|270|31.8|54.5|0.00|0.04|43.8006|24.1041
04|02|0|315|0.0|14.5|270|31.5|54.7|0.00|0.04|43.8032|24.1041
04|03|0|45|1.5|14.5|270|31.0|55.0|0.00|0.04|43.8048|24.9753
04|04|0|0|1.5|14.5|270|35.7|55.1|0.00|0.04|43.8079|27.8992
04|07|0|315|1.5|14.5|270|39.7|55.3|0.00|0.04|43.8077|30.5409
04|08|0|0|1.6|14.5|270|40.0|55.2|0.00|0.04|43.8066|31.1638
04|09|0|315|1.5|14.5|270|39.1|55.2|0.00|0.04|43.806|30.5409
04|10|0|0|0.0|14.5|270|36.9|55.1|0.00|0.04|43.8053|28.5838
04|11|0|315|1.5|14.5|270|35.5|55.1|0.00|0.04|43.8064|27.8992
04|12|0|315|1.5|14.5|270|38.3|55.0|0.00|0.04|43.8052|29.9038
04|14|0|270|0.0|14.5|270|38.2|55.0|0.00|0.04|43.8061|29.9038
04|15|0|225|2.9|14.5|270|36.7|55.0|0.00|0.04|43.8057|28.5838
04|16|0|270|1.5|14.5|270|36.8|54.8|0.00|0.04|43.8037|27.6976
04|17|0|270|1.5|14.5|270|35.9|54.8|0.00|0.04|43.8057|27.0159
04|18|0|0|1.6|14.5|270|37.3|54.8|0.00|0.04|43.8031|28.3627
04|20|0|0|0.0|14.5|270|38.4|54.7|0.00|0.04|43.8068|29.0121
04|21|0|45|1.5|14.5|270|40.4|54.6|0.00|0.04|43.8052|30.2668
04|22|0|45|1.6|14.5|270|41.8|54.6|0.00|0.04|43.8051|30.8734
04|23|0|45|0.0|14.5|270|41.4|54.5|0.00|0.04|43.8065|30.8734
04|24|0|45|1.5|14.5|270|40.9|54.4|0.00|0.04|43.807|30.2668
04|25|0|45|1.5|14.5|270|39.4|54.3|0.00|0.04|43.8108|29.6466
04|26|0|45|0.0|14.5|270|38.1|54.2|0.00|0.04|43.8124|29.0121
04|27|0|270|0.0|14.5|270|38.1|54.0|0.00|0.04|43.8127|29.0121
04|28|0|270|2.9|14.5|270|38.1|53.9|0.00|0.04|43.8133|28.1202
04|30|0|315|1.6|14.5|270|38.3|53.9|0.00|0.04|43.8133|28.1202
04|31|0|315|0.0|14.5|270|39.2|53.8|0.00|0.04|43.813|28.752
04|32|0|315|1.5|14.5|270|39.6|53.8|0.00|0.04|43.8138|28.752
04|33|0|315|4.4|14.5|270|42.0|53.7|0.00|0.04|43.8141|30.5648
04|34|0|315|2.9|14.5|270|44.2|53.6|0.00|0.04|43.8149|31.7108
04|35|0|0|2.9|14.5|270|44.5|53.5|0.00|0.04|43.8156|31.7108
04|36|0|0|5.8|14.5|270|42.5|53.3|0.00|0.04|43.8176|30.5648
04|37|0|0|1.5|14.5|270|42.0|53.0|0.00|0.04|43.8191|30.5648
04|38|0|315|1.5|14.5|270|41.6|52.9|0.00|0.04|43.8186|29.0737
04|39|0|315|1.5|14.5|270|39.7|52.7|0.00|0.04|43.8175|27.8571
04|40|0|315|1.5|14.5|270|40.8|52.7|0.00|0.04|43.8186|28.4721
04|41|0|270|1.5|14.5|270|39.9|52.6|0.00|0.04|43.8197|27.8571
04|42|0|0|0.0|14.5|270|39.6|52.6|0.00|0.04|43.8202|27.8571
04|43|0|270|1.5|14.5|270|39.9|52.7|0.00|0.04|43.823|27.8571
04|45|0|315|0.0|14.5|270|39.9|52.7|0.00|0.04|43.8221|27.8571
04|46|0|0|0.0|14.5|270|39.0|52.7|0.00|0.04|43.8216|27.8571
04|47|0|0|0.0|14.5|270|38.4|52.6|0.00|0.04|43.8225|27.228
04|48|0|90|0.0|14.5|270|38.9|52.7|0.00|0.04|43.825|27.228
04|49|0|135|1.5|14.5|270|39.6|52.6|0.00|0.04|43.8244|27.8571
04|50|0|135|2.9|14.5|270|39.4|52.6|0.00|0.04|43.8258|27.8571
04|51|0|180|1.5|14.5|270|39.3|52.6|0.00|0.04|43.8255|27.8571
04|52|0|180|2.9|14.5|270|39.0|52.6|0.00|0.04|43.8262|27.8571
04|54|0|270|1.5|14.5|270|38.5|52.6|0.00|0.04|43.8285|27.228
04|55|0|270|1.6|14.5|270|36.7|52.6|0.00|0.04|43.8276|25.9245
04|57|0|45|0.0|14.5|270|35.4|52.7|0.00|0.04|43.8296|25.2485
04|59|0|45|0.0|14.5|270|35.8|52.8|0.00|0.04|43.8304|25.2485
05|00|0|135|0.0|14.5|270|36.5|52.8|0.00|0.04|43.8302|25.9245
05|01|0|180|0.0|14.5|270|37.3|52.9|0.00|0.04|43.8317|26.5841
05|02|0|180|0.0|14.5|270|37.6|52.9|0.00|0.04|43.8318|26.5841
05|04|0|225|1.5|14.5|270|37.4|52.9|0.00|0.04|43.8318|26.5841
05|06|0|225|0.0|14.5|270|36.4|52.9|0.00|0.04|43.8315|25.9245
05|07|0|270|1.5|14.5|270|36.7|52.9|0.00|0.04|43.8323|25.9245
05|08|0|270|1.5|14.5|270|36.8|52.9|0.00|0.04|43.8307|25.9245
05|09|0|270|1.6|14.5|270|37.3|52.9|0.00|0.04|43.8312|26.5841
05|10|0|270|0.0|14.5|270|37.9|52.9|0.00|0.04|43.8308|26.5841
05|11|0|270|0.0|14.5|270|38.3|52.9|0.00|0.04|43.832|27.228
05|12|0|90|1.5|14.5|270|38.0|52.8|0.00|0.04|43.8322|27.228
05|13|0|45|1.5|14.5|270|38.4|52.8|0.00|0.04|43.8325|27.228
05|14|0|45|1.6|14.5|270|37.7|52.7|0.00|0.04|43.8331|26.5841
05|17|0|0|0.0|14.5|270|36.6|52.6|0.00|0.04|43.8336|25.9245
05|18|0|315|1.5|14.5|270|37.6|52.6|0.00|0.04|43.8364|26.5841
05|19|0|270|1.6|14.5|270|37.5|52.6|0.00|0.04|43.8356|26.5841
05|20|0|270|1.5|14.5|270|36.9|52.7|0.00|0.04|43.8375|25.9245
05|22|0|225|2.9|14.5|270|36.8|52.7|0.00|0.04|43.8357|25.9245
05|23|0|225|1.5|14.5|270|37.8|52.7|0.00|0.04|43.8345|26.5841
05|24|0|225|1.5|14.5|270|39.2|52.8|0.00|0.04|43.8373|27.8571
05|25|0|270|1.5|14.5|270|39.2|52.8|0.00|0.04|43.8362|27.8571
05|26|0|270|0.0|14.5|270|38.1|52.9|0.00|0.04|43.8395|27.228
05|27|0|315|1.5|14.5|270|39.9|52.9|0.00|0.04|43.8389|27.8571
05|29|0|315|0.0|14.5|270|40.7|52.8|0.00|0.04|43.8394|28.4721
05|30|0|90|0.0|14.5|270|39.9|52.8|0.00|0.04|43.8394|27.8571
05|31|0|135|0.0|14.5|270|39.0|52.7|0.00|0.04|43.8385|27.8571
05|32|0|135|0.0|14.5|270|38.3|52.7|0.00|0.04|43.8404|27.228
05|34|0|135|0.0|14.5|270|37.9|52.6|0.00|0.04|43.8393|26.5841
05|35|0|135|0.0|14.5|270|37.4|52.6|0.00|0.04|43.8413|26.5841
05|37|0|315|0.0|14.5|270|36.9|52.6|0.00|0.04|43.8409|25.9245
05|38|0|270|1.6|14.5|270|37.5|52.6|0.00|0.04|43.841|26.5841
05|39|0|315|1.5|14.5|270|37.6|52.6|0.00|0.04|43.8389|26.5841
05|40|0|315|1.5|14.5|270|39.3|52.5|0.00|0.04|43.8389|27.8571
05|41|0|315|0.0|14.5|270|40.0|52.5|0.00|0.04|43.8409|28.4721
05|42|0|270|1.5|14.5|270|40.0|52.4|0.00|0.04|43.841|28.4721
05|44|0|315|0.0|14.5|270|38.2|52.2|0.00|0.04|43.8464|27.228
05|45|0|315|1.5|14.5|270|39.2|52.1|0.00|0.04|43.8437|27.8571
05|46|0|315|1.6|14.5|270|42.6|52.0|0.00|0.04|43.8444|29.6623
05|47|0|315|2.9|14.5|270|45.4|51.8|0.00|0.04|43.8443|30.447
05|48|0|315|0.0|14.5|270|47.7|51.7|0.00|0.04|43.8423|31.5174
05|49|0|315|0.0|14.5|270|47.7|51.6|0.00|0.04|43.8443|31.5174
05|50|0|315|0.0|14.5|270|47.1|51.3|0.00|0.04|43.8464|31.5174
05|52|0|315|0.0|14.5|270|46.2|51.2|0.00|0.04|43.8473|30.9873
05|53|0|315|0.0|14.5|270|44.2|51.1|0.00|0.04|43.8464|29.8959
05|55|0|315|0.0|14.5|270|42.3|51.0|0.00|0.04|43.8488|28.7597
05|56|0|315|0.0|14.5|270|42.9|51.0|0.00|0.04|43.849|28.7597
05|57|0|45|0.0|14.5|270|42.9|50.9|0.00|0.04|43.8482|27.8568
05|58|0|45|0.0|14.5|270|42.4|50.9|0.00|0.04|43.8468|27.8568
05|59|0|45|0.0|14.5|270|42.8|50.9|0.00|0.04|43.8498|27.8568
06|00|0|315|0.0|14.5|270|43.5|50.9|0.00|0.04|43.8505|28.4283
06|01|0|315|1.5|14.5|270|46.0|50.9|0.00|0.04|43.8493|30.0749
06|02|0|315|0.0|14.5|270|46.2|50.8|0.00|0.04|43.8487|30.0749
06|03|0|315|1.5|14.5|270|44.4|50.8|0.00|0.04|43.8493|28.9882
06|04|0|315|0.0|14.5|270|43.4|50.7|0.00|0.04|43.8523|28.4283
06|05|0|315|1.5|14.5|270|43.1|50.7|0.00|0.04|43.8542|28.4283
06|06|0|315|1.5|14.5|270|44.1|50.7|0.00|0.04|43.8545|28.9882
06|07|0|315|1.5|14.5|270|44.1|50.6|0.00|0.04|43.8525|28.9882
06|08|0|315|0.0|14.5|270|43.3|50.6|0.00|0.04|43.8525|28.4283
06|09|0|90|0.0|14.5|270|42.5|50.6|0.00|0.04|43.852|27.8568
06|11|0|90|0.0|14.5|270|42.0|50.6|0.00|0.04|43.8547|27.8568
06|12|0|90|0.0|14.5|270|41.9|50.6|0.00|0.04|43.8546|27.2731
06|13|0|90|0.0|14.5|270|41.6|50.7|0.00|0.04|43.8569|27.2731
06|14|0|225|1.6|14.5|270|41.7|50.7|0.00|0.04|43.8554|27.2731
06|15|0|225|1.6|14.5|270|42.3|50.7|0.00|0.04|43.856|27.8568
06|16|0|180|3.2|14.5|270|43.1|50.7|0.00|0.04|43.8569|28.4283
06|17|0|180|1.6|14.5|270|43.5|50.7|0.00|0.04|43.8588|28.4283
06|18|0|203|0.0|14.5|270|43.4|50.8|0.00|0.04|43.8595|28.4283
06|19|0|315|2.9|14.5|270|44.0|50.7|0.00|0.04|43.8605|28.9882
06|20|0|315|0.0|14.5|270|46.1|50.7|0.00|0.04|43.8601|30.0749
06|21|0|90|0.0|14.5|270|45.0|50.7|0.00|0.04|43.8621|29.5369
06|22|0|90|2.9|14.5|270|43.0|50.7|0.00|0.04|43.8617|28.4283
06|24|0|225|2.9|14.5|270|42.9|50.8|0.00|0.04|43.8562|27.8568
06|25|0|135|3.2|14.5|270|44.1|50.8|0.00|0.04|43.8561|28.9882
06|26|0|158|2.9|14.5|270|43.4|50.8|0.00|0.04|43.8563|28.4283
06|27|0|45|2.9|14.5|270|43.0|50.9|0.00|0.04|43.8556|28.4283
06|29|0|0|4.4|14.5|270|46.2|51.0|0.00|0.04|43.8533|30.9873
06|30|0|0|0.0|14.5|270|50.7|51.1|0.00|0.04|43.8531|33.0498
06|31|0|0|0.0|14.5|270|48.7|51.2|0.00|0.04|43.8521|32.0375
06|32|0|0|1.5|14.5|270|47.5|51.3|0.00|0.04|43.8514|31.5174
06|33|0|315|1.5|14.5|270|46.3|51.5|0.00|0.04|43.8474|30.9873
06|34|0|315|4.4|14.5|270|43.5|51.6|0.00|0.04|43.8444|29.3336
06|35|0|135|1.5|14.5|270|42.0|51.8|0.00|0.04|43.848|28.7597
06|36|0|180|1.5|14.5|270|43.1|51.9|0.00|0.04|43.8481|29.3336
06|37|0|180|0.0|14.5|270|43.2|52.1|0.00|0.04|43.848|30.2388
06|38|0|0|3.2|14.5|270|42.0|52.4|0.00|0.04|43.8498|29.6623
06|39|0|0|1.6|14.5|270|45.5|52.6|0.00|0.04|43.8489|31.3569
06|40|0|315|0.0|14.5|270|45.8|52.8|0.00|0.04|43.8467|31.3569
06|41|0|90|1.5|14.5|270|45.7|53.0|0.00|0.04|43.8441|32.2666
06|42|0|90|2.9|14.5|270|40.6|53.2|0.00|0.04|43.8416|29.3696
06|44|0|45|1.5|14.5|270|36.9|53.5|0.00|0.04|43.8424|26.8112
06|45|0|45|1.5|14.5|270|36.0|53.9|0.00|0.04|43.8416|26.8112
06|46|0|45|1.5|14.5|270|35.1|54.3|0.00|0.04|43.84|27.0159
06|47|0|0|0.0|14.5|270|35.2|54.8|0.00|0.04|43.8381|27.0159
06|48|0|68|4.8|14.5|270|34.5|55.3|0.00|0.04|43.8387|27.1972
06|49|0|90|6.5|14.5|270|31.6|56.0|0.00|0.04|43.8402|25.8462
06|50|0|90|5.8|14.5|270|28.2|56.6|0.00|0.04|43.8336|23.415
06|51|0|90|5.8|14.5|270|26.8|57.3|0.00|0.04|43.8362|22.5158
06|52|0|135|4.4|14.5|270|26.2|57.9|0.00|0.04|43.8418|22.5158
06|53|0|90|1.5|14.5|270|26.7|58.3|0.00|0.04|43.8413|23.3689
06|54|0|90|2.9|14.5|270|26.7|58.9|0.00|0.04|43.8424|23.3689
06|55|0|90|1.5|14.5|270|27.3|59.3|0.00|0.04|43.8395|25.1235
06|57|0|225|2.9|14.5|270|27.7|60.1|0.00|0.04|43.8419|25.9797
06|58|0|270|3.2|14.5|270|28.1|60.3|0.00|0.04|43.8413|26.8558
06|59|0|315|2.9|14.5|270|30.8|60.6|0.00|0.04|43.844|28.528
07|00|0|270|3.2|14.5|270|32.4|60.8|0.00|0.04|43.8444|30.1042
07|03|0|248|0.0|14.5|270|32.1|60.8|0.00|0.04|43.8426|30.1042
07|04|0|270|0.0|14.5|270|31.8|60.8|0.00|0.04|43.8429|29.3273
07|05|0|315|1.5|14.5|270|30.7|60.8|0.00|0.04|43.8444|28.528
07|06|0|315|3.2|14.5|270|30.2|60.7|0.00|0.04|43.8443|28.528
07|07|0|270|2.9|14.5|270|30.2|60.7|0.00|0.04|43.843|28.528
07|08|0|270|0.0|14.5|270|30.8|60.7|0.00|0.04|43.8416|28.528
07|09|0|270|0.0|14.5|270|30.7|60.7|0.00|0.04|43.8412|28.528
07|10|0|270|0.0|14.5|270|31.1|60.7|0.00|0.04|43.8434|29.3273
07|11|0|270|0.0|14.5|270|31.2|60.8|0.00|0.04|43.8426|29.3273
07|12|0|180|0.0|14.5|270|31.4|60.9|0.00|0.04|43.8424|29.3273
07|13|0|180|0.0|14.5|270|31.7|61.0|0.00|0.04|43.844|30.197
07|15|0|0|1.5|14.5|270|37.8|61.2|0.00|0.04|43.845|34.5809
07|17|0|315|1.5|14.5|270|37.5|61.2|0.00|0.04|43.8443|34.5809
07|18|0|315|1.6|14.5|270|37.2|61.2|0.00|0.04|43.8467|34.5809
07|19|0|338|1.5|14.5|270|36.4|61.2|0.00|0.04|43.8445|33.8961
07|20|0|0|1.6|14.5|270|39.8|61.4|0.00|0.04|43.8472|35.9027
07|21|0|315|1.6|14.5|270|41.1|61.2|0.00|0.04|43.8471|37.166
07|23|0|0|1.5|14.5|270|37.4|61.2|0.00|0.04|43.8467|34.5809
07|24|0|315|1.5|14.5|270|38.0|61.4|0.00|0.04|43.8491|35.2495
07|25|0|315|1.5|14.5|270|39.8|61.2|0.00|0.04|43.8466|35.9027
07|26|0|315|1.5|14.5|270|38.6|61.2|0.00|0.04|43.8469|35.2495
07|27|0|315|1.5|14.5|270|37.6|61.2|0.00|0.04|43.8468|34.5809
07|28|0|315|1.5|14.5|270|35.9|61.2|0.00|0.04|43.8461|33.1943
07|29|0|315|1.5|14.5|270|37.4|61.2|0.00|0.04|43.8456|34.5809
07|31|0|315|1.5|14.5|270|36.6|61.2|0.00|0.04|43.8455|33.8961
07|32|0|0|1.6|14.5|270|37.5|61.5|0.00|0.04|43.8482|34.5809
07|33|0|0|0.0|14.5|270|37.6|61.5|0.00|0.04|43.8504|34.5809
07|34|0|0|0.0|14.5|270|37.4|61.6|0.00|0.04|43.8504|34.5809
07|35|0|0|0.0|14.5|270|37.2|61.6|0.00|0.04|43.8515|34.5809
07|36|0|0|0.0|14.5|270|37.0|61.8|0.00|0.04|43.8522|34.5809
07|37|0|0|0.0|14.5|270|36.2|62.0|0.00|0.04|43.8547|34.7807
07|38|0|0|0.0|14.5|270|36.8|62.3|0.00|0.04|43.8572|34.7807
07|39|0|0|0.0|14.5|270|37.1|62.5|0.00|0.04|43.8585|35.4683
07|40|0|0|0.0|14.5|270|36.7|62.7|0.00|0.04|43.8601|34.7807
07|41|0|225|1.5|14.5|270|32.4|62.9|0.00|0.04|43.8584|31.8496
07|43|0|180|1.5|14.5|270|32.8|63.2|0.00|0.04|43.8544|32.7219
07|44|0|0|3.2|14.5|270|33.3|63.5|0.00|0.04|43.8549|33.4869
07|45|0|315|1.6|14.5|270|40.7|63.7|0.00|0.04|43.8592|38.3322
07|46|0|315|1.6|14.5|270|38.1|64.0|0.00|0.04|43.861|37.9193
07|48|0|315|0.0|14.5|270|34.6|64.2|0.00|0.04|43.8617|35.11
07|49|0|270|0.0|14.5|270|33.5|64.2|0.00|0.04|43.8606|34.3621
07|50|0|225|0.0|14.5|270|33.1|64.3|0.00|0.04|43.8603|34.3621
07|51|0|225|0.0|14.5|270|33.3|64.4|0.00|0.04|43.861|34.3621
07|52|0|180|0.0|14.5|270|32.9|64.6|0.00|0.04|43.8636|33.594
07|53|0|225|0.0|14.5|270|31.0|64.7|0.00|0.04|43.8632|32.8043
07|54|0|180|0.0|14.5|270|30.3|65.0|0.00|0.04|43.8605|32.8571
07|55|0|135|1.6|14.5|270|26.3|65.2|0.00|0.04|43.8617|29.3328
07|57|0|90|0.0|14.5|270|27.5|65.4|0.00|0.04|43.8606|30.2567
07|58|0|180|4.4|14.5|270|25.0|65.6|0.00|0.04|43.8597|28.377
07|59|0|180|3.2|14.5|270|22.4|65.8|0.00|0.04|43.8586|25.2914
08|00|0|135|4.4|14.5|270|22.7|65.9|0.00|0.04|43.8564|25.2914
08|01|0|180|5.8|14.5|270|22.4|65.9|0.00|0.04|43.8542|25.2914
08|02|0|180|5.8|14.5|270|22.4|66.0|0.00|0.04|43.8564|26.1261
08|03|0|158|2.9|14.5|270|21.9|65.9|0.00|0.04|43.8553|24.1796
08|04|0|180|2.9|14.5|270|22.1|66.1|0.00|0.04|43.8552|26.1261
08|05|0|180|4.4|14.5|270|22.2|66.1|0.00|0.04|43.8556|26.1261
08|06|0|135|6.4|14.5|270|21.5|66.0|0.00|0.04|43.8549|25.0099
08|07|0|135|4.4|14.5|270|21.5|66.0|0.00|0.04|43.8564|25.0099
08|10|0|135|2.9|14.5|270|21.5|66.0|0.00|0.04|43.8569|25.0099
08|11|0|135|2.9|14.5|270|21.3|66.0|0.00|0.04|43.8555|25.0099
08|14|0|135|3.2|14.5|270|21.7|66.2|0.00|0.04|43.8579|25.0099
08|15|0|158|4.4|14.5|270|21.5|66.3|0.00|0.04|43.8572|25.0099
08|16|0|135|4.4|14.5|270|21.5|66.3|0.00|0.04|43.8577|25.0099
08|17|0|180|3.2|14.5|270|21.7|66.4|0.00|0.04|43.8562|25.0099
08|18|0|135|3.2|14.5|270|21.4|66.5|0.00|0.04|43.8588|25.0099
08|19|0|135|1.5|14.5|270|21.7|66.7|0.00|0.04|43.8608|25.0099
08|20|0|180|2.9|14.5|270|21.8|66.8|0.00|0.04|43.8587|25.0099
08|22|0|135|4.8|14.5|270|21.1|66.9|0.00|0.04|43.8599|25.0099
08|23|0|225|1.5|14.5|270|20.8|67.0|0.00|0.04|43.858|24.6709
08|24|0|135|1.5|14.5|270|20.9|67.2|0.00|0.04|43.8606|24.6709
08|25|0|45|0.0|14.5|270|21.2|67.3|0.00|0.04|43.8596|25.8398
08|26|0|225|3.2|14.5|270|20.4|67.4|0.00|0.04|43.8596|24.6709
08|28|0|158|2.9|14.5|270|19.6|67.7|0.00|0.04|43.8624|23.449
08|31|0|0|1.6|14.5|270|19.6|67.8|0.00|0.04|43.8577|23.449
08|32|0|315|2.9|14.5|270|20.3|67.9|0.00|0.04|43.8573|24.6709
08|33|0|45|1.5|14.5|270|19.6|68.1|0.00|0.04|43.8628|24.2692
08|34|0|135|3.2|14.5|270|19.3|68.2|0.00|0.04|43.865|24.2692
08|35|0|90|1.6|14.5|270|19.5|68.2|0.00|0.04|43.8636|24.2692
08|36|0|315|3.2|14.5|270|19.5|68.2|0.00|0.04|43.8628|24.2692
08|37|0|315|1.5|14.5|270|19.1|68.3|0.00|0.04|43.8633|24.2692
08|38|0|180|2.9|14.5|270|19.4|68.3|0.00|0.04|43.8642|24.2692
08|39|0|135|2.9|14.5|270|19.6|68.5|0.00|0.04|43.8638|24.2692
08|40|0|90|4.4|14.5|270|20.0|68.6|0.00|0.04|43.8643|25.496
08|42|0|90|2.9|14.5|270|20.0|68.7|0.00|0.04|43.8658|25.496
08|43|0|90|1.6|14.5|270|19.7|68.6|0.00|0.04|43.866|24.2692
08|44|0|158|3.2|14.5|270|19.6|68.6|0.00|0.04|43.8667|24.2692
08|45|0|180|4.4|14.5|270|19.3|68.3|0.00|0.04|43.8619|24.2692
08|46|0|158|1.5|14.5|270|19.4|68.3|0.00|0.04|43.8611|24.2692
08|47|0|0|1.5|14.5|270|20.3|68.5|0.00|0.04|43.8646|25.496
08|48|0|90|0.0|14.5|270|20.8|68.7|0.00|0.04|43.8635|25.496
08|49|0|45|1.6|14.5|270|21.0|68.8|0.00|0.04|43.8627|26.6695
08|50|0|90|8.1|14.5|270|21.5|68.7|0.00|0.04|43.8599|26.6695
08|51|0|90|1.6|14.5|270|20.9|68.7|0.00|0.04|43.8664|25.496
08|53|0|90|1.6|14.5|270|20.3|68.9|0.00|0.04|43.8615|25.496
08|55|0|90|1.5|14.5|270|20.1|69.4|0.00|0.04|43.8619|26.3207
08|56|0|315|2.9|14.5|270|19.8|69.5|0.00|0.04|43.859|25.0891
08|57|0|90|2.9|14.5|270|19.8|69.7|0.00|0.04|43.8584|25.0891
08|58|0|45|1.6|14.5|270|20.2|69.8|0.00|0.04|43.8584|26.3207
08|59|0|90|3.2|14.5|270|20.2|70.0|0.00|0.04|43.8576|27.145
09|03|0|90|10.2|14.5|270|20.8|70.3|0.00|0.04|43.8522|27.145
09|04|0|113|4.4|14.5|270|20.7|70.0|0.00|0.04|43.8568|27.145
09|05|0|45|1.6|14.5|270|19.8|70.4|0.00|0.04|43.8584|25.9087
09|06|0|45|1.5|14.5|270|18.7|70.6|0.00|0.04|43.8565|24.6133
09|07|0|45|0.0|14.5|270|19.4|70.7|0.00|0.04|43.8554|25.9087
09|08|0|90|2.9|14.5|270|18.3|70.7|0.00|0.04|43.856|24.6133
09|09|0|90|5.8|14.5|270|18.5|70.7|0.00|0.04|43.8569|24.6133
09|11|0|135|5.8|14.5|270|18.3|70.6|0.00|0.04|43.8544|24.6133
09|12|0|90|6.5|14.5|270|18.6|70.3|0.00|0.04|43.8565|24.6133
09|13|0|135|2.9|14.5|270|19.0|70.4|0.00|0.04|43.8555|25.9087
09|14|0|90|4.8|14.5|270|20.0|70.5|0.00|0.04|43.8544|27.145
09|16|0|45|4.4|14.5|270|20.1|70.5|0.00|0.04|43.8574|27.145
09|17|0|135|4.4|14.5|270|18.9|70.5|0.00|0.04|43.8562|24.6133
09|18|0|135|2.9|14.5|270|19.0|70.6|0.00|0.04|43.8553|25.9087
09|19|0|135|2.9|14.5|270|18.8|70.8|0.00|0.04|43.857|24.6133
09|21|0|180|2.9|14.5|270|18.1|70.9|0.00|0.04|43.8579|24.6133
09|22|0|135|2.9|14.5|270|18.8|71.0|0.00|0.04|43.8576|25.4275
09|23|0|90|1.5|14.5|270|18.5|71.3|0.00|0.04|43.8589|25.4275
09|24|0|45|7.3|14.5|270|18.1|71.0|0.00|0.04|43.8578|25.4275
09|25|0|23|3.2|14.5|270|18.1|70.8|0.00|0.04|43.8573|24.6133
09|26|0|135|1.6|14.5|270|18.2|70.9|0.00|0.04|43.858|24.6133
09|27|0|45|8.7|14.5|270|18.5|70.8|0.00|0.04|43.8584|24.6133
09|28|0|90|5.8|14.5|270|18.8|70.8|0.00|0.04|43.8542|24.6133
09|31|0|135|5.8|14.5|270|18.8|71.4|0.00|0.04|43.8571|25.4275
09|32|0|135|5.8|14.5|270|18.4|71.4|0.00|0.04|43.8577|25.4275
09|34|0|90|4.4|14.5|270|17.7|71.5|0.00|0.04|43.8569|24.0614
09|35|0|90|4.8|14.5|270|19.3|71.6|0.00|0.04|43.8548|26.7279
09|36|0|180|2.9|14.5|270|19.5|71.7|0.00|0.04|43.8576|26.7279
09|37|0|90|4.4|14.5|270|19.3|71.8|0.00|0.04|43.8533|26.7279
09|38|0|135|5.8|14.5|270|18.6|71.8|0.00|0.04|43.8548|25.4275
09|39|0|135|2.9|14.5|270|18.8|72.1|0.00|0.04|43.8537|26.2414
09|40|0|180|4.8|14.5|270|18.3|72.3|0.00|0.04|43.8522|26.2414
09|41|0|135|7.3|14.5|270|18.2|72.4|0.00|0.04|43.8537|26.2414
09|42|0|135|4.8|14.5|270|18.1|72.4|0.00|0.04|43.8525|26.2414
09|43|0|90|2.9|14.5|270|17.5|72.5|0.00|0.04|43.8533|24.87
09|44|0|90|3.2|14.5|270|17.8|72.7|0.00|0.04|43.856|24.87
09|45|0|225|2.9|14.5|270|17.4|72.6|0.00|0.04|43.8554|24.87
09|46|0|45|8.7|14.5|270|16.9|72.5|0.00|0.04|43.8526|23.4252
09|47|0|180|1.5|14.5|270|17.1|72.5|0.00|0.04|43.8554|24.87
09|48|0|180|2.9|14.5|270|18.2|72.6|0.00|0.04|43.8564|26.2414
09|50|0|90|3.2|14.5|270|18.0|72.6|0.00|0.04|43.8563|26.2414
09|51|0|180|6.5|14.5|270|17.6|72.8|0.00|0.04|43.8558|24.87
09|52|0|135|7.3|14.5|270|18.0|72.8|0.00|0.04|43.8567|26.2414
09|53|0|90|7.3|14.5|270|17.5|72.6|0.00|0.04|43.8531|24.87
09|54|0|135|4.8|14.5|270|18.4|72.7|0.00|0.04|43.8549|26.2414
09|55|0|135|5.8|14.5|270|17.6|72.6|0.00|0.04|43.8554|24.87
09|56|0|180|6.4|14.5|270|17.2|72.6|0.00|0.04|43.8537|24.87
09|57|0|135|3.2|14.5|270|17.8|72.6|0.00|0.04|43.8538|24.87
09|59|0|90|1.5|14.5|270|17.3|72.6|0.00|0.04|43.8549|24.87
10|00|0|113|4.8|14.5|270|17.1|72.6|0.00|0.04|43.8554|24.87
10|01|0|90|4.4|14.5|270|16.5|72.5|0.00|0.04|43.8546|23.4252
10|02|0|135|2.9|14.5|270|17.2|72.6|0.00|0.04|43.8551|24.87
10|03|0|135|4.4|14.5|270|16.4|72.7|0.00|0.04|43.8542|23.4252
10|04|0|135|4.4|14.5|270|17.0|72.5|0.00|0.04|43.8525|24.87
10|05|0|135|8.7|14.5|270|18.0|72.4|0.00|0.04|43.8514|26.2414
10|06|0|135|2.9|14.5|270|18.5|72.3|0.00|0.04|43.8509|26.2414
10|07|0|203|8.7|14.5|270|18.6|72.4|0.00|0.04|43.8484|26.2414
10|08|0|135|2.9|14.5|270|18.0|72.4|0.00|0.04|43.8499|26.2414
10|10|0|0|2.9|14.5|270|17.7|72.4|0.00|0.04|43.8519|24.87
10|11|0|135|1.5|14.5|270|17.9|72.6|0.00|0.04|43.8503|24.87
10|12|0|158|8.7|14.5|270|17.5|72.7|0.00|0.04|43.8475|24.87
10|13|0|180|7.3|14.5|270|17.1|72.6|0.00|0.04|43.8503|24.87
10|14|0|135|5.8|14.5|270|17.7|72.6|0.00|0.04|43.8516|24.87
10|15|0|135|4.8|14.5|270|17.2|72.5|0.00|0.04|43.8492|24.87
10|16|0|135|5.8|14.5|270|17.7|72.6|0.00|0.04|43.8501|24.87
10|17|0|113|4.8|14.5|270|17.4|72.5|0.00|0.04|43.8489|24.87
10|18|0|135|4.4|14.5|270|17.5|72.6|0.00|0.04|43.8477|24.87
10|19|0|180|5.8|14.5|270|17.4|72.7|0.00|0.04|43.8492|24.87
10|21|0|135|4.4|14.5|270|17.5|72.8|0.00|0.04|43.8497|24.87
10|22|0|180|4.8|14.5|270|17.6|73.1|0.00|0.04|43.85|25.6782
10|24|0|180|5.8|14.5|270|17.0|73.3|0.00|0.04|43.8489|25.6782
10|25|0|135|8.7|14.5|270|17.3|73.5|0.00|0.04|43.851|25.6782
10|26|0|135|5.8|14.5|270|16.5|73.6|0.00|0.04|43.8523|24.2279
10|27|0|90|1.5|14.5|270|16.6|73.7|0.00|0.04|43.849|24.2279
10|29|0|90|3.2|14.5|270|16.4|74.0|0.00|0.04|43.8494|25.0302
10|30|0|135|5.8|14.5|270|17.0|74.1|0.00|0.04|43.8464|26.4861
10|31|0|180|2.9|14.5|270|16.9|74.0|0.00|0.04|43.8483|25.0302
10|32|0|180|2.9|14.5|270|17.1|74.0|0.00|0.04|43.8455|26.4861
10|33|0|135|2.9|14.5|270|17.1|74.1|0.00|0.04|43.8459|26.4861
10|34|0|135|4.8|14.5|270|17.0|74.2|0.00|0.04|43.846|26.4861
10|35|0|203|4.4|14.5|270|17.3|74.3|0.00|0.04|43.8433|26.4861
10|36|0|90|2.9|14.5|270|17.8|74.4|0.00|0.04|43.8434|26.4861
10|39|0|180|8.1|14.5|270|16.0|74.6|0.00|0.04|43.8437|25.0302
10|40|0|180|1.6|14.5|270|15.6|74.5|0.00|0.04|43.8437|23.4913
10|41|0|180|4.8|14.5|270|17.1|74.6|0.00|0.04|43.8443|26.4861
10|42|0|135|4.4|14.5|270|16.9|74.8|0.00|0.04|43.8471|25.0302
10|43|0|180|2.9|14.5|270|16.6|74.8|0.00|0.04|43.848|25.0302
10|44|0|113|1.6|14.5|270|16.2|74.9|0.00|0.04|43.8489|25.0302
10|45|0|135|4.4|14.5|270|16.2|75.0|0.00|0.04|43.8481|25.8321
10|46|0|135|7.3|14.5|270|16.4|74.9|0.00|0.04|43.8459|25.0302
10|47|0|180|8.7|14.5|270|16.8|74.9|0.00|0.04|43.8435|25.0302
10|48|0|180|7.3|14.5|270|16.4|74.8|0.00|0.04|43.8461|25.0302
10|49|0|225|2.9|14.5|270|16.5|75.1|0.00|0.04|43.8487|25.8321
10|50|0|180|2.9|14.5|270|15.8|75.2|0.00|0.04|43.8493|24.2874
10|52|0|135|4.4|14.5|270|15.9|75.2|0.00|0.04|43.8492|24.2874
10|53|0|135|2.9|14.5|270|16.7|75.4|0.00|0.04|43.8467|25.8321
10|54|0|180|1.5|14.5|270|16.8|75.7|0.00|0.04|43.8456|25.8321
10|55|0|180|7.3|14.5|270|16.5|75.8|0.00|0.04|43.8451|25.8321
10|56|0|135|4.4|14.5|270|15.8|75.7|0.00|0.04|43.8432|24.2874
10|57|0|180|11.6|14.5|270|15.4|75.7|0.00|0.04|43.8433|24.2874
10|58|0|135|5.8|14.5|270|15.4|75.4|0.00|0.04|43.8481|24.2874
10|59|0|180|9.7|14.5|270|15.5|75.4|0.00|0.04|43.845|24.2874
11|00|0|180|8.1|14.5|270|14.7|75.2|0.00|0.04|43.8453|22.6485
11|01|0|135|4.4|14.5|270|14.5|75.0|0.00|0.04|43.8421|22.6485
11|03|0|180|6.4|14.5|270|15.0|74.9|0.00|0.04|43.8412|23.4913
11|04|0|180|4.4|14.5|270|15.1|74.9|0.00|0.04|43.8432|23.4913
11|05|0|180|4.4|14.5|270|15.2|75.0|0.00|0.04|43.8433|24.2874
11|06|0|180|4.8|14.5|270|16.1|75.2|0.00|0.04|43.8445|25.8321
11|07|0|180|1.5|14.5|270|16.0|75.2|0.00|0.04|43.8445|25.8321
11|08|0|90|1.5|14.5|270|16.3|75.4|0.00|0.04|43.8424|25.8321
11|09|0|158|6.5|14.5|270|16.4|75.7|0.00|0.04|43.8384|25.8321
11|10|0|135|4.4|14.5|270|15.7|75.8|0.00|0.04|43.8362|24.2874
11|11|0|135|3.2|14.5|270|15.2|76.0|0.00|0.04|43.8354|25.0831
11|12|0|225|2.9|14.5|270|15.1|76.1|0.00|0.04|43.8344|25.0831
11|15|0|135|8.1|14.5|270|15.3|76.3|0.00|0.04|43.833|25.0831
11|16|0|158|2.9|14.5|270|14.3|76.3|0.00|0.04|43.833|23.438
11|17|0|203|7.3|14.5|270|14.7|76.3|0.00|0.04|43.8307|23.438
11|18|0|135|8.7|14.5|270|15.6|76.3|0.00|0.04|43.8314|25.0831
11|20|0|135|5.8|14.5|270|16.5|76.4|0.00|0.04|43.8289|26.6337
11|21|0|180|2.9|14.5|270|15.5|76.6|0.00|0.04|43.8307|25.0831
11|22|0|135|4.4|14.5|270|15.0|76.6|0.00|0.04|43.8302|25.0831
11|23|0|135|7.3|14.5|270|15.4|76.7|0.00|0.04|43.8297|25.0831
11|24|0|135|5.8|14.5|270|15.2|76.6|0.00|0.04|43.8266|25.0831
11|25|0|135|5.8|14.5|270|15.6|76.6|0.00|0.04|43.8281|25.0831
11|26|0|135|4.4|14.5|270|15.8|76.7|0.00|0.04|43.8276|25.0831
11|27|0|158|7.3|14.5|270|15.2|76.7|0.00|0.04|43.8282|25.0831
11|30|0|180|6.4|14.5|270|16.2|76.7|0.00|0.04|43.827|26.6337
11|31|0|180|2.9|14.5|270|15.9|76.8|0.00|0.04|43.8282|25.0831
11|32|0|225|1.5|14.5|270|15.7|77.0|0.00|0.04|43.8288|25.8784
11|33|0|180|4.4|14.5|270|15.6|77.1|0.00|0.04|43.8277|25.8784
11|34|0|135|7.3|14.5|270|16.2|77.2|0.00|0.04|43.8274|27.435
11|35|0|180|5.8|14.5|270|15.1|77.2|0.00|0.04|43.8281|25.8784
11|36|0|90|1.6|14.5|270|14.9|77.5|0.00|0.04|43.8255|24.2271
11|37|0|90|3.2|14.5|270|16.5|77.6|0.00|0.04|43.827|27.435
11|38|0|135|5.8|14.5|270|15.8|77.8|0.00|0.04|43.8289|25.8784
11|39|0|180|4.4|14.5|270|15.1|77.9|0.00|0.04|43.8285|25.8784
11|41|0|158|3.2|14.5|270|15.4|78.0|0.00|0.04|43.8292|26.6734
11|42|0|135|4.4|14.5|270|16.1|78.2|0.00|0.04|43.8286|28.2359
11|44|0|180|5.8|14.5|270|15.7|78.4|0.00|0.04|43.8306|26.6734
11|46|0|180|5.8|14.5|270|14.4|78.4|0.00|0.04|43.8267|25.0159
11|48|0|180|5.8|14.5|270|16.0|78.5|0.00|0.04|43.8286|28.2359
11|49|0|180|4.8|14.5|270|15.4|78.5|0.00|0.04|43.83|26.6734
11|50|0|135|3.2|14.5|270|14.5|78.4|0.00|0.04|43.8266|25.0159
11|51|0|180|5.8|14.5|270|14.1|78.5|0.00|0.04|43.828|25.0159
11|52|0|180|2.9|14.5|270|13.7|78.6|0.00|0.04|43.8276|23.2498
11|54|0|90|5.8|14.5|270|14.4|78.5|0.00|0.04|43.8261|25.0159
11|55|0|135|7.3|14.5|270|14.4|78.4|0.00|0.04|43.8277|25.0159
11|56|0|180|6.4|14.5|270|15.0|78.5|0.00|0.04|43.8257|26.6734
11|57|0|180|3.2|14.5|270|14.3|78.5|0.00|0.04|43.8268|25.0159
11|58|0|135|5.8|14.5|270|14.1|78.7|0.00|0.04|43.826|25.0159
12|00|0|135|6.4|14.5|270|14.7|78.9|0.00|0.04|43.8252|25.0159
12|01|0|135|3.2|14.5|270|14.3|79.1|0.00|0.04|43.8241|25.8042
12|02|0|180|1.6|14.5|270|14.1|79.4|0.00|0.04|43.8191|25.8042
12|03|0|0|3.2|14.5|270|13.0|79.5|0.00|0.04|43.8165|24.0316
12|05|0|180|2.9|14.5|270|13.4|79.8|0.00|0.04|43.8176|24.0316
12|06|0|180|4.8|14.5|270|13.5|79.7|0.00|0.04|43.8165|24.0316
12|07|0|135|4.4|14.5|270|13.8|79.7|0.00|0.04|43.8148|24.0316
12|08|0|135|7.3|14.5|270|13.9|79.7|0.00|0.04|43.8115|24.0316
12|09|0|135|8.7|14.5|270|14.7|79.7|0.00|0.04|43.816|25.8042
12|10|0|0|1.6|14.5|270|13.2|79.7|0.00|0.04|43.8147|24.0316
12|11|0|180|5.8|14.5|270|13.8|79.8|0.00|0.04|43.8139|24.0316
12|12|0|180|3.2|14.5|270|13.4|79.8|0.00|0.04|43.8125|24.0316
12|13|0|135|6.4|14.5|270|13.5|79.8|0.00|0.04|43.813|24.0316
12|15|0|180|3.2|14.5|270|13.6|79.7|0.00|0.04|43.8124|24.0316
12|16|0|90|1.5|14.5|270|15.0|79.9|0.00|0.04|43.8132|27.4681
12|17|0|45|0.0|14.5|270|12.6|79.9|0.00|0.04|43.8144|22.1337
12|18|0|135|1.6|14.5|270|13.6|80.2|0.00|0.04|43.8136|24.813
12|19|0|45|1.5|14.5|270|13.0|80.4|0.00|0.04|43.812|24.813
12|20|0|180|8.1|14.5|270|12.2|80.5|0.00|0.04|43.8084|22.908
12|21|0|180|4.8|14.5|270|12.6|80.4|0.00|0.04|43.8093|22.908
12|22|0|180|4.4|14.5|270|13.1|80.3|0.00|0.04|43.8069|24.813
12|23|0|135|1.5|14.5|270|14.6|80.4|0.00|0.04|43.8086|26.5923
12|24|0|45|1.6|14.5|270|13.1|80.5|0.00|0.04|43.8065|24.813
12|25|0|180|0.0|14.5|270|12.1|80.7|0.00|0.04|43.8089|22.908
12|27|0|315|1.5|14.5|270|12.6|80.9|0.00|0.04|43.8083|22.908
12|28|0|180|4.4|14.5|270|13.0|81.2|0.00|0.04|43.8093|25.594
12|29|0|135|0.0|14.5|270|12.0|81.4|0.00|0.04|43.8082|23.682
12|30|0|180|2.9|14.5|270|12.1|81.6|0.00|0.04|43.8065|23.682
12|31|0|270|1.5|14.5|270|12.0|81.8|0.00|0.04|43.805|23.682
12|32|0|135|1.5|14.5|270|12.1|82.1|0.00|0.04|43.8072|24.4555
12|34|0|225|3.2|14.5|270|13.0|82.5|0.00|0.04|43.8045|26.3746
12|35|0|135|1.5|14.5|270|12.5|82.9|0.00|0.04|43.8056|24.4555
12|36|0|45|4.4|14.5|270|14.6|83.1|0.00|0.04|43.8077|28.9541
12|37|0|45|1.6|14.5|270|12.4|83.1|0.00|0.04|43.805|25.2286
12|38|0|90|2.9|14.5|270|12.5|83.2|0.00|0.04|43.8041|25.2286
12|39|0|180|3.2|14.5|270|12.4|83.2|0.00|0.04|43.8034|25.2286
12|41|0|0|1.6|14.5|270|11.5|83.2|0.00|0.04|43.8022|23.1546
12|42|0|0|0.0|14.5|270|13.0|83.3|0.00|0.04|43.8015|27.1548
12|43|0|90|1.5|14.5|270|12.9|83.4|0.00|0.04|43.8004|25.2286
12|44|0|90|1.5|14.5|270|11.7|83.4|0.00|0.04|43.8|23.1546
12|45|0|0|4.4|14.5|270|13.7|83.4|0.00|0.04|43.7996|27.1548
12|46|0|225|0.0|14.5|270|13.8|83.4|0.00|0.04|43.7989|27.1548
12|47|0|135|2.9|14.5|270|14.3|83.4|0.00|0.04|43.7985|28.9541
12|48|0|90|3.2|14.5|270|11.9|83.4|0.00|0.04|43.7969|23.1546
12|49|0|180|1.6|14.5|270|12.4|83.4|0.00|0.04|43.7983|25.2286
12|50|0|45|0.0|14.5|270|12.5|83.4|0.00|0.04|43.797|25.2286
12|51|0|225|3.2|14.5|270|11.9|83.5|0.00|0.04|43.7968|23.1546
12|53|0|45|1.5|14.5|270|12.0|83.6|0.00|0.04|43.796|25.2286
12|54|0|45|2.9|14.5|270|11.9|83.8|0.00|0.04|43.7962|23.1546
12|55|0|68|2.9|14.5|270|11.2|83.8|0.00|0.04|43.7935|23.1546
12|56|0|90|1.5|14.5|270|12.1|83.9|0.00|0.04|43.7915|25.2286
12|57|0|90|1.6|14.5|270|12.1|84.0|0.00|0.04|43.7906|26.0014
12|58|0|0|1.6|14.5|270|12.2|84.1|0.00|0.04|43.7932|26.0014
12|59|0|90|1.6|14.5|270|12.9|84.2|0.00|0.04|43.7923|26.0014
13|00|0|225|1.6|14.5|270|11.7|84.3|0.00|0.04|43.7898|23.9197
13|01|0|90|1.5|14.5|270|13.1|84.5|0.00|0.04|43.7923|27.9347
13|02|0|23|2.9|14.5|270|14.4|84.8|0.00|0.04|43.7875|29.7406
13|03|0|45|2.9|14.5|270|13.0|84.9|0.00|0.04|43.7835|27.9347
13|05|0|180|0.0|14.5|270|10.0|85.1|0.00|0.04|43.7765|22.4195
13|06|0|0|1.6|14.5|270|11.6|85.2|0.00|0.04|43.7744|24.6844
13|08|0|90|1.5|14.5|270|11.8|85.6|0.00|0.04|43.7769|24.6844
13|09|0|45|1.5|14.5|270|10.9|85.6|0.00|0.04|43.773|22.4195
13|10|0|45|1.6|14.5|270|9.4|85.7|0.00|0.04|43.7724|19.9439
13|11|0|0|1.5|14.5|270|10.1|85.7|0.00|0.04|43.768|22.4195
13|12|0|45|1.5|14.5|270|10.9|85.8|0.00|0.04|43.7715|22.4195
13|13|0|90|1.5|14.5|270|11.2|85.8|0.00|0.04|43.7707|24.6844
13|15|0|135|4.4|14.5|270|8.6|85.8|0.00|0.04|43.7699|17.211
13|16|0|90|1.5|14.5|270|9.4|85.8|0.00|0.04|43.7684|19.9439
13|17|0|90|4.4|14.5|270|10.1|85.8|0.00|0.04|43.7685|22.4195
13|18|0|45|4.4|14.5|270|9.1|85.6|0.00|0.04|43.7666|19.9439
13|20|0|90|4.4|14.5|270|8.1|85.3|0.00|0.04|43.7661|17.211
13|21|0|90|3.2|14.5|270|8.1|85.2|0.00|0.04|43.7633|17.211
13|22|0|180|3.2|14.5|270|8.8|85.0|0.00|0.04|43.7616|17.211
13|23|0|135|2.9|14.5|270|8.7|85.0|0.00|0.04|43.7628|17.211
13|24|0|135|3.2|14.5|270|11.1|84.9|0.00|0.04|43.7658|23.9197
13|25|0|135|2.9|14.5|270|10.1|85.0|0.00|0.04|43.7643|22.4195
13|26|0|180|1.5|14.5|270|10.5|85.1|0.00|0.04|43.7618|22.4195
13|27|0|135|4.8|14.5|270|11.6|85.2|0.00|0.04|43.7617|24.6844
13|28|0|90|4.4|14.5|270|10.1|85.4|0.00|0.04|43.7605|22.4195
13|29|0|180|3.2|14.5|270|9.2|85.3|0.00|0.04|43.7571|19.9439
13|30|0|45|2.9|14.5|270|9.3|85.6|0.00|0.04|43.7589|19.9439
13|31|0|90|4.4|14.5|270|13.2|85.6|0.00|0.04|43.7589|28.7142
13|32|0|0|1.6|14.5|270|13.3|85.4|0.00|0.04|43.7588|28.7142
13|33|0|45|2.9|14.5|270|12.4|85.4|0.00|0.04|43.7572|26.7738
13|34|0|0|1.6|14.5|270|11.0|85.6|0.00|0.04|43.7571|24.6844
13|35|0|45|1.5|14.5|270|11.3|85.7|0.00|0.04|43.7571|24.6844
13|37|0|0|3.2|14.5|270|11.7|85.7|0.00|0.04|43.7554|24.6844
13|38|0|0|2.9|14.5|270|10.7|85.7|0.00|0.04|43.7548|22.4195
13|39|0|315|1.5|14.5|270|10.0|85.7|0.00|0.04|43.754|22.4195
13|40|0|315|0.0|14.5|270|8.8|85.7|0.00|0.04|43.7512|17.211
13|41|0|315|1.5|14.5|270|8.7|85.7|0.00|0.04|43.749|17.211
13|43|0|135|2.9|14.5|270|9.5|85.9|0.00|0.04|43.7473|19.9439
13|44|0|135|2.9|14.5|270|9.5|86.0|0.00|0.04|43.7484|20.6911
13|45|0|180|1.5|14.5|270|9.5|86.1|0.00|0.04|43.7467|20.6911
13|46|0|180|5.8|14.5|270|9.8|86.1|0.00|0.04|43.7451|20.6911
13|47|0|180|2.9|14.5|270|8.9|86.1|0.00|0.04|43.7452|17.9484
13|48|0|203|2.9|14.5|270|9.2|86.2|0.00|0.04|43.7461|20.6911
13|49|0|203|2.9|14.5|270|8.4|86.1|0.00|0.04|43.7433|17.9484
13|52|0|45|3.2|14.5|270|9.8|86.5|0.00|0.04|43.7458|20.6911
13|53|0|270|1.5|14.5|270|10.7|86.6|0.00|0.04|43.7446|23.1756
13|54|0|0|1.5|14.5|270|12.0|86.8|0.00|0.04|43.7466|27.5457
13|55|0|0|2.9|14.5|270|11.6|86.9|0.00|0.04|43.7469|25.4488
13|56|0|315|1.5|14.5|270|10.6|87.1|0.00|0.04|43.7488|23.9313
13|57|0|135|4.8|14.5|270|10.9|87.4|0.00|0.04|43.7485|23.9313
13|58|0|23|1.6|14.5|270|11.3|87.5|0.00|0.04|43.7499|26.2127
13|59|0|45|2.9|14.5|270|14.6|87.6|0.00|0.04|43.751|32.0979
14|00|0|315|1.5|14.5|270|11.8|87.7|0.00|0.04|43.7472|26.2127
14|01|0|315|7.3|14.5|270|11.9|87.7|0.00|0.04|43.7473|26.2127
14|02|0|270|4.4|14.5|270|13.6|87.7|0.00|0.04|43.7448|30.272
14|03|0|315|6.4|14.5|270|13.3|87.5|0.00|0.04|43.744|30.272
14|04|0|270|4.4|14.5|270|13.9|87.4|0.00|0.04|43.7422|30.272
14|06|0|315|4.4|14.5|270|10.9|87.1|0.00|0.04|43.7401|23.9313
14|08|0|0|3.2|14.5|270|11.0|87.0|0.00|0.04|43.7375|26.2127
14|09|0|45|4.4|14.5|270|14.0|86.9|0.00|0.04|43.7362|31.3125
14|11|0|270|4.4|14.5|270|9.9|86.9|0.00|0.04|43.7346|20.6911
14|12|0|270|7.3|14.5|270|11.6|86.8|0.00|0.04|43.733|25.4488
14|13|0|270|4.8|14.5|270|11.9|86.7|0.00|0.04|43.7328|25.4488
14|14|0|0|7.3|14.5|270|13.0|86.6|0.00|0.04|43.7318|29.4933
14|15|0|0|2.9|14.5|270|12.3|86.5|0.00|0.04|43.7315|27.5457
14|17|0|23|2.9|14.5|270|12.3|86.5|0.00|0.04|43.7306|27.5457
14|18|0|315|2.9|14.5|270|13.2|86.5|0.00|0.04|43.7306|29.4933
14|20|0|45|1.5|14.5|270|13.0|86.6|0.00|0.04|43.7291|29.4933
14|21|0|45|2.9|14.5|270|11.2|86.7|0.00|0.04|43.7299|25.4488
14|22|0|90|3.2|14.5|270|10.4|86.8|0.00|0.04|43.7307|23.1756
14|23|0|0|2.9|14.5|270|10.5|87.0|0.00|0.04|43.7312|23.9313
14|24|0|90|1.6|14.5|270|8.8|87.1|0.00|0.04|43.7304|18.6853
14|25|0|45|1.5|14.5|270|8.6|87.1|0.00|0.04|43.7296|18.6853
14|26|0|270|2.9|14.5|270|9.4|87.2|0.00|0.04|43.7304|21.4378
14|27|0|0|5.8|14.5|270|12.3|87.1|0.00|0.04|43.7252|28.3173
14|28|0|0|5.8|14.5|270|12.9|87.1|0.00|0.04|43.7267|28.3173
14|29|0|0|3.2|14.5|270|13.7|87.0|0.00|0.04|43.7261|30.272
14|30|0|315|9.7|14.5|270|14.4|87.0|0.00|0.04|43.7245|32.0979
14|32|0|315|4.8|14.5|270|13.1|87.0|0.00|0.04|43.7248|30.272
14|34|0|315|8.1|14.5|270|13.1|86.9|0.00|0.04|43.7218|29.4933
14|36|0|0|6.4|19.3|0|14.0|86.6|0.00|0.04|43.7173|31.3125
14|37|0|315|4.4|19.3|0|13.5|86.5|0.00|0.04|43.7157|29.4933
14|38|0|0|8.7|19.3|0|10.9|86.3|0.00|0.04|43.713|23.1756
14|39|0|315|7.3|19.3|0|14.3|86.1|0.00|0.04|43.7138|31.3125
14|40|0|270|16.0|19.3|0|12.5|86.0|0.00|0.04|43.7105|27.5457
14|42|0|270|11.6|24.7|315|11.0|85.4|0.00|0.04|43.7046|24.6844
14|43|0|270|8.7|24.7|315|10.7|85.4|0.00|0.04|43.7062|22.4195
14|44|0|225|8.7|24.7|315|10.2|85.6|0.00|0.04|43.7062|22.4195
14|45|0|225|2.9|24.7|315|9.2|85.6|0.00|0.04|43.7052|19.9439
14|47|0|315|11.6|24.7|315|11.0|85.7|0.00|0.04|43.7066|24.6844
14|49|0|0|5.8|24.7|315|10.5|85.9|0.00|0.04|43.7083|22.4195
14|50|0|315|7.3|24.7|315|12.2|85.9|0.00|0.04|43.707|26.7738
14|51|0|315|2.9|24.7|315|9.0|85.9|0.00|0.04|43.7046|19.9439
14|52|0|315|4.4|24.7|315|10.6|86.0|0.00|0.04|43.7066|23.1756
14|53|0|315|1.5|24.7|315|10.0|86.2|0.00|0.04|43.7058|23.1756
14|54|0|315|5.8|24.7|315|10.5|86.2|0.00|0.04|43.7045|23.1756
14|56|0|315|8.7|24.7|315|15.2|86.3|0.00|0.04|43.7065|33.0202
14|57|0|315|4.8|24.7|315|11.4|86.3|0.00|0.04|43.7046|25.4488
14|58|0|315|5.8|24.7|315|13.6|86.5|0.00|0.04|43.7074|29.4933
14|59|0|0|3.2|24.7|315|12.4|86.6|0.00|0.04|43.7082|27.5457
15|00|0|0|2.9|24.7|315|10.4|86.7|0.00|0.04|43.706|23.1756
15|01|0|315|4.4|24.7|315|9.9|86.8|0.00|0.04|43.7053|20.6911
15|02|0|315|5.8|24.7|315|13.5|86.9|0.00|0.04|43.7085|29.4933
15|04|0|315|4.4|24.7|315|13.3|87.0|0.00|0.04|43.71|30.272
15|05|0|0|2.9|24.7|315|9.5|87.1|0.00|0.04|43.707|21.4378
15|06|0|315|1.6|24.7|315|8.5|87.4|0.00|0.04|43.7021|18.6853
15|07|0|225|4.4|24.7|315|8.2|87.6|0.00|0.04|43.7012|18.6853
15|08|0|270|5.8|24.7|315|9.7|87.6|0.00|0.04|43.7013|21.4378
15|11|0|315|4.4|24.7|315|12.2|87.5|0.00|0.04|43.7013|28.3173
15|13|0|45|1.5|24.7|315|9.5|87.2|0.00|0.04|43.7017|21.4378
15|15|0|270|4.8|24.7|315|12.2|87.0|0.00|0.04|43.7057|28.3173
15|16|0|270|2.9|24.7|315|8.7|87.0|0.00|0.04|43.7043|18.6853
15|17|0|0|1.5|24.7|315|7.9|87.1|0.00|0.04|43.7026|15.6084
15|18|0|315|7.3|24.7|315|11.2|87.2|0.00|0.04|43.7004|26.2127
15|20|0|225|8.1|24.7|315|9.7|87.2|0.00|0.04|43.6968|21.4378
15|21|0|0|3.2|24.7|315|14.1|87.5|0.00|0.04|43.6961|32.0979
15|22|0|0|2.9|24.7|315|12.5|87.5|0.00|0.04|43.6932|28.3173
15|23|0|315|4.4|24.7|315|15.0|87.6|0.00|0.04|43.6932|33.812
15|24|0|315|5.8|24.7|315|13.6|87.7|0.00|0.04|43.6921|30.272
15|25|0|315|5.8|24.7|315|13.4|87.6|0.00|0.04|43.692|30.272
15|26|0|270|4.4|24.7|315|12.7|87.6|0.00|0.04|43.6906|28.3173
15|27|0|225|4.4|24.7|315|11.2|87.4|0.00|0.04|43.6924|26.2127
15|28|0|315|7.3|24.7|315|11.3|87.1|0.00|0.04|43.6931|26.2127
15|29|0|315|8.7|24.7|315|10.5|86.7|0.00|0.04|43.6958|23.1756
15|30|0|315|5.8|24.7|315|9.6|86.5|0.00|0.04|43.697|20.6911
15|31|0|315|5.8|24.7|315|11.6|86.6|0.00|0.04|43.6971|25.4488
15|33|0|225|2.9|24.7|315|12.7|86.6|0.00|0.04|43.6956|27.5457
15|34|0|0|8.0|24.7|315|11.2|86.5|0.00|0.04|43.6922|25.4488
15|36|0|270|9.7|24.7|315|9.7|86.3|0.00|0.04|43.69|20.6911
15|37|0|270|8.1|24.7|315|10.7|86.2|0.00|0.04|43.6901|23.1756
15|38|0|270|3.2|24.7|315|10.0|86.3|0.00|0.04|43.6897|23.1756
15|39|0|315|5.8|24.7|315|11.3|86.5|0.00|0.04|43.6899|25.4488
15|41|0|0|2.9|24.7|315|10.6|86.6|0.00|0.04|43.6891|23.1756
15|42|0|270|7.3|24.7|315|10.9|86.6|0.00|0.04|43.6889|23.1756
15|45|0|0|6.4|24.7|315|10.8|86.6|0.00|0.04|43.6874|23.1756
15|46|0|270|4.4|24.7|315|10.8|86.6|0.00|0.04|43.6869|23.1756
15|47|0|225|1.6|24.7|315|10.3|86.7|0.00|0.04|43.6823|23.1756
15|48|0|315|7.3|24.7|315|12.7|86.8|0.00|0.04|43.6861|27.5457
15|50|0|270|5.8|24.7|315|15.9|87.0|0.00|0.04|43.6805|33.812
15|52|0|0|5.8|24.7|315|13.4|87.4|0.00|0.04|43.6793|30.272
15|53|0|315|4.8|24.7|315|12.8|87.5|0.00|0.04|43.6772|28.3173
15|54|0|315|3.2|24.7|315|13.0|87.7|0.00|0.04|43.6785|30.272
15|55|0|225|5.8|24.7|315|10.0|87.8|0.00|0.04|43.6779|23.9313
15|56|0|225|2.9|24.7|315|9.6|87.9|0.00|0.04|43.6759|21.4378
15|57|0|315|2.9|24.7|315|9.5|88.0|0.00|0.04|43.6763|22.1841
15|58|0|315|2.9|24.7|315|11.4|88.0|0.00|0.04|43.677|26.9762
15|59|0|0|4.8|24.7|315|11.4|88.0|0.00|0.04|43.6762|26.9762
16|00|0|315|9.7|24.7|315|10.5|87.8|0.00|0.04|43.673|23.9313
16|01|0|315|4.4|24.7|315|9.8|87.7|0.00|0.04|43.6733|21.4378
16|02|0|315|5.8|24.7|315|10.4|87.7|0.00|0.04|43.6729|23.9313
16|03|0|0|9.7|24.7|315|11.7|87.5|0.00|0.04|43.6698|26.2127
16|05|0|315|8.7|24.7|315|9.4|87.1|0.00|0.04|43.6694|21.4378
16|06|0|270|10.2|24.7|315|11.2|87.0|0.00|0.04|43.6704|26.2127
16|07|0|315|8.1|24.7|315|10.1|86.8|0.00|0.04|43.6691|23.1756
16|08|0|315|6.4|24.7|315|11.0|86.7|0.00|0.04|43.6713|25.4488
16|09|0|315|5.8|24.7|315|10.9|86.7|0.00|0.04|43.6675|23.1756
16|10|0|0|5.8|24.7|315|13.7|86.8|0.00|0.04|43.6663|29.4933
16|11|0|315|3.2|24.7|315|10.4|86.8|0.00|0.04|43.6656|23.1756
16|12|0|315|5.8|24.7|315|12.8|86.9|0.00|0.04|43.6659|27.5457
16|13|0|315|2.9|24.7|315|10.7|86.9|0.00|0.04|43.663|23.1756
16|15|0|0|4.4|24.7|315|11.9|87.1|0.00|0.04|43.663|26.2127
16|17|0|315|4.4|24.7|315|11.3|87.0|0.00|0.04|43.662|26.2127
16|18|0|315|8.7|24.7|315|11.3|86.8|0.00|0.04|43.6653|25.4488
16|19|0|315|9.7|24.7|315|10.5|86.6|0.00|0.04|43.6652|23.1756
16|20|0|0|5.8|24.7|315|11.9|86.7|0.00|0.04|43.6662|25.4488
16|22|0|315|4.8|24.7|315|12.2|86.8|0.00|0.04|43.6627|27.5457
16|23|0|45|2.9|24.7|315|11.2|87.0|0.00|0.04|43.6626|26.2127
16|24|0|0|7.3|24.7|315|11.5|87.0|0.00|0.04|43.6569|26.2127
16|25|0|0|5.8|24.7|315|14.1|87.1|0.00|0.04|43.6595|32.0979
16|26|0|0|4.4|24.7|315|13.2|87.1|0.00|0.04|43.6601|30.272
16|27|0|315|9.7|24.7|315|12.3|87.0|0.00|0.04|43.6587|28.3173
16|29|0|315|7.3|24.7|315|10.9|86.9|0.00|0.04|43.6575|23.1756
16|31|0|270|5.8|24.7|315|12.3|86.8|0.00|0.04|43.6555|27.5457
16|32|0|270|18.9|24.7|315|10.7|86.7|0.00|0.04|43.658|23.1756
16|33|0|315|7.3|24.7|315|10.1|86.6|0.00|0.04|43.6554|23.1756
16|34|0|315|10.2|24.7|315|10.8|86.6|0.00|0.04|43.6547|23.1756
16|35|0|315|5.8|24.7|315|11.6|86.6|0.00|0.04|43.6551|25.4488
16|36|0|315|4.4|24.7|315|12.8|86.7|0.00|0.04|43.655|27.5457
16|37|0|0|4.8|24.7|315|13.6|86.7|0.00|0.04|43.6518|29.4933
16|38|0|315|5.8|24.7|315|13.2|86.9|0.00|0.04|43.6518|29.4933
16|39|0|315|9.7|24.7|315|14.4|86.9|0.00|0.04|43.6502|31.3125
16|40|0|315|8.1|24.7|315|12.7|86.8|0.00|0.04|43.6521|27.5457
16|41|0|315|8.0|24.7|315|12.0|86.8|0.00|0.04|43.653|27.5457
16|42|0|315|4.8|24.7|315|13.0|86.9|0.00|0.04|43.6541|29.4933
16|44|0|338|4.4|24.7|315|10.8|86.9|0.00|0.04|43.6502|23.1756
16|45|0|315|4.8|24.7|315|10.4|86.9|0.00|0.04|43.6505|23.1756
16|46|0|270|7.3|24.7|315|11.6|86.8|0.00|0.04|43.6486|25.4488
16|47|0|270|14.5|24.7|315|13.6|86.8|0.00|0.04|43.6493|29.4933
16|48|0|315|14.5|24.7|315|12.2|86.7|0.00|0.04|43.6463|27.5457
16|49|0|315|11.6|24.7|315|12.6|86.7|0.00|0.04|43.6461|27.5457
16|50|0|315|5.8|24.7|315|14.8|86.8|0.00|0.04|43.6464|31.3125
16|51|0|315|7.3|24.7|315|13.3|86.8|0.00|0.04|43.6438|29.4933
16|52|0|315|8.1|24.7|315|11.2|86.7|0.00|0.04|43.6466|25.4488
16|53|0|315|10.2|24.7|315|10.8|86.3|0.00|0.04|43.6447|23.1756
16|54|0|315|4.4|24.7|315|13.2|86.3|0.00|0.04|43.6475|29.4933
16|55|0|315|8.1|24.7|315|13.7|86.3|0.00|0.04|43.6474|29.4933
16|56|0|270|8.7|24.7|315|10.8|86.2|0.00|0.04|43.6463|23.1756
16|57|0|315|4.8|24.7|315|10.7|86.3|0.00|0.04|43.6436|23.1756
16|58|0|315|10.2|24.7|315|12.2|86.2|0.00|0.04|43.6427|27.5457
17|00|0|0|5.8|24.7|315|12.8|86.2|0.00|0.04|43.6437|27.5457
17|01|0|315|6.4|24.7|315|12.3|86.2|0.00|0.04|43.6418|27.5457
17|02|0|0|8.7|24.7|315|11.9|86.1|0.00|0.04|43.6418|25.4488
17|03|0|0|9.7|24.7|315|11.0|86.0|0.00|0.04|43.6412|25.4488
17|04|0|270|4.4|24.7|315|11.0|85.9|0.00|0.04|43.6446|24.6844
17|05|0|315|4.8|24.7|315|12.8|86.0|0.00|0.04|43.6427|27.5457
17|06|0|315|7.3|24.7|315|14.6|86.0|0.00|0.04|43.6432|31.3125
17|07|0|270|4.4|24.7|315|14.3|86.1|0.00|0.04|43.6397|31.3125
17|08|0|315|5.8|24.7|315|14.0|86.2|0.00|0.04|43.6373|31.3125
17|09|0|270|7.3|24.7|315|11.5|86.0|0.00|0.04|43.637|25.4488
17|10|0|315|14.5|24.7|315|12.0|85.8|0.00|0.04|43.6383|26.7738
17|11|0|315|13.1|24.7|315|11.8|85.6|0.00|0.04|43.6392|24.6844
17|12|0|315|10.2|24.7|315|10.4|85.4|0.00|0.04|43.6401|22.4195
17|13|0|270|4.4|24.7|315|10.1|85.4|0.00|0.04|43.6393|22.4195
17|15|0|0|5.8|24.7|315|10.5|85.7|0.00|0.04|43.6401|22.4195
17|16|0|315|8.7|24.7|315|11.7|85.7|0.00|0.04|43.6398|24.6844
17|17|0|315|8.7|24.7|315|11.0|85.7|0.00|0.04|43.6386|24.6844
17|19|0|315|5.8|24.7|315|11.1|85.8|0.00|0.04|43.6367|24.6844
17|20|0|315|8.0|24.7|315|11.2|85.9|0.00|0.04|43.6383|24.6844
17|21|0|270|11.6|24.7|315|9.6|85.9|0.00|0.04|43.6317|19.9439
17|22|0|0|4.4|24.7|315|10.1|86.0|0.00|0.04|43.6317|23.1756
17|23|0|315|4.8|24.7|315|13.0|86.1|0.00|0.04|43.6318|29.4933
17|24|0|315|6.4|24.7|315|9.5|86.1|0.00|0.04|43.6274|20.6911
17|26|0|315|10.2|24.7|315|11.6|86.0|0.00|0.04|43.6294|25.4488
17|27|0|315|7.3|24.7|315|10.3|85.9|0.00|0.04|43.63|22.4195
17|28|0|315|5.8|24.7|315|10.1|85.8|0.00|0.04|43.6324|22.4195
17|29|0|315|11.6|24.7|315|9.9|85.7|0.00|0.04|43.6339|19.9439
17|30|0|0|5.8|24.7|315|12.1|85.6|0.00|0.04|43.6331|26.7738
17|33|0|315|5.8|24.7|315|12.9|85.6|0.00|0.04|43.6332|26.7738
17|34|0|315|8.1|24.7|315|10.1|85.3|0.00|0.04|43.6306|22.4195
17|35|0|315|11.6|24.7|315|11.7|85.3|0.00|0.04|43.6287|24.6844
17|36|0|315|9.7|24.7|315|11.0|85.3|0.00|0.04|43.6289|24.6844
17|37|0|0|7.3|24.7|315|11.8|85.3|0.00|0.04|43.6276|24.6844
17|39|0|315|5.8|24.7|315|12.1|85.6|0.00|0.04|43.6289|26.7738
17|40|0|315|7.3|24.7|315|11.3|85.6|0.00|0.04|43.6262|24.6844
17|41|0|315|8.7|24.7|315|11.3|85.7|0.00|0.04|43.6252|24.6844
17|42|0|315|8.7|24.7|315|11.1|85.7|0.00|0.04|43.6245|24.6844
17|43|0|270|4.4|24.7|315|11.9|85.8|0.00|0.04|43.6223|24.6844
17|44|0|315|8.7|24.7|315|11.4|85.8|0.00|0.04|43.6199|24.6844
17|45|0|315|6.4|24.7|315|9.0|85.8|0.00|0.04|43.6149|19.9439
17|46|0|315|6.4|24.7|315|9.1|85.9|0.00|0.04|43.6148|19.9439
17|48|0|270|4.8|24.7|315|9.4|85.9|0.00|0.04|43.6132|19.9439
17|50|0|315|5.8|24.7|315|10.3|85.9|0.00|0.04|43.6123|22.4195
17|51|0|315|8.1|24.7|315|9.7|85.9|0.00|0.04|43.611|19.9439
17|52|0|315|8.7|24.7|315|10.0|85.8|0.00|0.04|43.6102|22.4195
17|53|0|315|5.8|24.7|315|12.1|85.8|0.00|0.04|43.6115|26.7738
17|54|0|315|7.3|24.7|315|11.2|85.8|0.00|0.04|43.611|24.6844
17|55|0|315|7.3|24.7|315|11.4|85.7|0.00|0.04|43.6117|24.6844
17|56|0|315|5.8|24.7|315|11.9|85.7|0.00|0.04|43.612|24.6844
17|57|0|315|8.7|24.7|315|12.8|85.7|0.00|0.04|43.6093|26.7738
17|58|0|315|8.1|24.7|315|11.1|85.6|0.00|0.04|43.6083|24.6844
17|59|0|270|5.8|24.7|315|10.3|85.4|0.00|0.04|43.6066|22.4195
18|00|0|0|5.8|24.7|315|11.0|85.6|0.00|0.04|43.61|24.6844
18|01|0|315|8.7|24.7|315|11.7|85.4|0.00|0.04|43.6115|24.6844
18|02|0|315|5.8|24.7|315|10.7|85.4|0.00|0.04|43.6108|22.4195
18|05|0|315|8.1|24.7|315|12.2|85.4|0.00|0.04|43.6077|26.7738
18|07|0|315|4.8|24.7|315|12.0|85.4|0.00|0.04|43.6062|26.7738
18|08|0|315|5.8|24.7|315|12.0|85.4|0.00|0.04|43.605|26.7738
18|09|0|315|4.8|24.7|315|12.0|85.6|0.00|0.04|43.6009|26.7738
18|10|0|315|5.8|24.7|315|12.3|85.6|0.00|0.04|43.6009|26.7738
18|11|0|0|8.1|24.7|315|11.4|85.4|0.00|0.04|43.6015|24.6844
18|12|0|0|5.8|24.7|315|12.7|85.4|0.00|0.04|43.6025|26.7738
18|13|0|315|7.3|24.7|315|11.7|85.4|0.00|0.04|43.6039|24.6844
18|14|0|0|5.8|24.7|315|10.6|85.3|0.00|0.04|43.6056|22.4195
18|15|0|315|10.2|24.7|315|11.4|85.2|0.00|0.04|43.6021|24.6844
18|16|0|0|4.4|24.7|315|10.4|85.2|0.00|0.04|43.603|22.4195
18|17|0|0|6.4|24.7|315|12.3|85.3|0.00|0.04|43.604|26.7738
18|18|0|0|5.8|24.7|315|11.0|85.3|0.00|0.04|43.6021|24.6844
18|21|0|315|6.4|24.7|315|10.1|85.3|0.00|0.04|43.6047|22.4195
18|22|0|315|4.4|24.7|315|10.7|85.3|0.00|0.04|43.6063|22.4195
18|23|0|0|7.3|24.7|315|10.4|85.3|0.00|0.04|43.6027|22.4195
18|24|0|315|5.8|24.7|315|10.5|85.3|0.00|0.04|43.6047|22.4195
18|25|0|315|4.4|24.7|315|11.7|85.3|0.00|0.04|43.605|24.6844
18|26|0|315|6.4|24.7|315|12.1|85.3|0.00|0.04|43.6029|26.7738
18|27|0|315|7.3|24.7|315|12.1|85.3|0.00|0.04|43.6032|26.7738
18|28|0|315|8.7|24.7|315|11.0|85.2|0.00|0.04|43.604|24.6844
18|29|0|270|4.4|24.7|315|10.9|85.2|0.00|0.04|43.6068|22.4195
18|30|0|0|4.8|24.7|315|11.1|85.2|0.00|0.04|43.6067|24.6844
18|31|0|315|5.8|24.7|315|11.1|85.1|0.00|0.04|43.6053|24.6844
18|33|0|338|4.4|24.7|315|11.0|85.1|0.00|0.04|43.6071|24.6844
18|34|0|315|4.4|24.7|315|10.7|85.0|0.00|0.04|43.6063|22.4195
18|35|0|315|7.3|24.7|315|10.6|84.9|0.00|0.04|43.605|21.6629
18|36|0|315|5.8|24.7|315|10.1|84.8|0.00|0.04|43.6032|21.6629
18|37|0|315|8.1|24.7|315|8.8|84.7|0.00|0.04|43.6045|16.4732
18|38|0|315|5.8|24.7|315|10.5|84.8|0.00|0.04|43.6044|21.6629
18|39|0|0|8.7|24.7|315|10.0|84.8|0.00|0.04|43.6041|21.6629
18|40|0|315|13.1|24.7|315|10.4|84.7|0.00|0.04|43.6019|21.6629
18|41|0|0|4.4|24.7|315|10.3|84.8|0.00|0.04|43.6031|21.6629
18|42|0|270|4.4|24.7|315|11.5|84.8|0.00|0.04|43.6021|23.9197
18|43|0|315|4.4|24.7|315|11.0|84.8|0.00|0.04|43.602|23.9197
18|46|0|0|6.4|24.7|315|11.3|85.0|0.00|0.04|43.6036|24.6844
18|47|0|0|4.4|24.7|315|11.9|85.0|0.00|0.04|43.6036|24.6844
18|48|0|315|6.4|24.7|315|12.4|84.9|0.00|0.04|43.602|26.0014
18|49|0|315|8.0|24.7|315|9.5|84.8|0.00|0.04|43.5998|19.1963
18|51|0|315|6.4|24.7|315|10.0|84.7|0.00|0.04|43.6007|21.6629
18|52|0|0|4.8|24.7|315|10.1|84.7|0.00|0.04|43.6024|21.6629
18|53|0|0|5.8|24.7|315|11.1|84.7|0.00|0.04|43.6039|23.9197
18|54|0|0|4.4|24.7|315|10.8|84.7|0.00|0.04|43.6024|21.6629
18|55|0|315|5.8|24.7|315|10.8|84.7|0.00|0.04|43.6031|21.6629
18|57|0|315|7.3|24.7|315|10.8|84.7|0.00|0.04|43.6012|21.6629
18|58|0|248|6.4|24.7|315|9.3|84.7|0.00|0.04|43.6003|19.1963
18|59|0|270|7.3|24.7|315|9.9|84.7|0.00|0.04|43.6016|19.1963
19|00|0|315|5.8|24.7|315|9.2|84.5|0.00|0.04|43.6014|19.1963
19|01|0|315|5.8|24.7|315|9.2|84.5|0.00|0.04|43.599|19.1963
19|02|0|315|13.1|24.7|315|9.4|84.5|0.00|0.04|43.5991|19.1963
19|03|0|315|5.8|24.7|315|10.8|84.5|0.00|0.04|43.6023|21.6629
19|04|0|315|3.2|24.7|315|12.6|84.5|0.00|0.04|43.6018|26.0014
19|05|0|315|4.8|24.7|315|11.0|84.4|0.00|0.04|43.6007|23.9197
19|07|0|315|6.4|24.7|315|9.4|84.3|0.00|0.04|43.599|19.1963
19|08|0|315|5.8|24.7|315|8.3|84.1|0.00|0.04|43.5965|16.4732
19|09|0|315|8.7|24.7|315|10.4|84.1|0.00|0.04|43.5973|21.6629
19|10|0|315|5.8|24.7|315|11.8|84.0|0.00|0.04|43.5968|23.9197
19|12|0|315|7.3|24.7|315|10.1|83.9|0.00|0.04|43.5953|20.906
19|13|0|315|14.5|24.7|315|9.3|83.6|0.00|0.04|43.5934|18.4483
19|14|0|315|7.3|24.7|315|9.2|83.6|0.00|0.04|43.5942|18.4483
19|15|0|0|4.4|24.7|315|10.2|83.8|0.00|0.04|43.5963|20.906
19|16|0|315|8.7|24.7|315|9.7|83.6|0.00|0.04|43.5943|18.4483
19|19|0|315|14.5|24.7|315|11.1|83.5|0.00|0.04|43.5948|23.1546
19|20|0|315|7.3|24.7|315|11.1|83.5|0.00|0.04|43.5933|23.1546
19|21|0|315|9.7|24.7|315|11.4|83.5|0.00|0.04|43.5924|23.1546
19|22|0|270|8.1|24.7|315|11.3|83.4|0.00|0.04|43.5923|23.1546
19|24|0|315|8.7|24.7|315|11.7|83.4|0.00|0.04|43.5943|23.1546
19|25|0|315|11.3|24.7|315|10.6|83.4|0.00|0.04|43.5911|20.906
19|27|0|270|8.1|24.7|315|12.1|83.3|0.00|0.04|43.5905|25.2286
19|28|0|270|11.3|24.7|315|10.5|83.2|0.00|0.04|43.589|20.906
19|29|0|315|9.7|24.7|315|9.8|83.1|0.00|0.04|43.5881|18.4483
19|30|0|270|8.1|24.7|315|10.9|83.1|0.00|0.04|43.5899|20.906
19|31|0|315|8.7|24.7|315|10.6|83.1|0.00|0.04|43.5876|20.906
19|32|0|315|13.1|24.7|315|10.5|83.0|0.00|0.04|43.5863|20.906
19|35|0|315|8.7|24.7|315|11.4|83.0|0.00|0.04|43.5863|23.1546
19|36|0|315|13.1|24.7|315|11.1|82.9|0.00|0.04|43.5862|22.389
19|37|0|338|8.7|24.7|315|10.9|82.7|0.00|0.04|43.5852|20.1487
19|38|0|315|13.1|24.7|315|11.5|82.6|0.00|0.04|43.5861|22.389
19|39|0|315|8.7|24.7|315|11.9|82.6|0.00|0.04|43.5858|22.389
19|40|0|270|5.8|24.7|315|11.8|82.5|0.00|0.04|43.5858|22.389
19|41|0|315|6.5|24.7|315|12.5|82.5|0.00|0.04|43.5862|24.4555
19|42|0|315|8.7|24.7|315|13.1|82.4|0.00|0.04|43.5864|26.3746
19|43|0|315|9.7|24.7|315|12.2|82.4|0.00|0.04|43.5858|24.4555
19|45|0|0|8.7|24.7|315|11.9|82.2|0.00|0.04|43.5839|22.389
19|46|0|270|8.7|24.7|315|12.3|82.1|0.00|0.04|43.5844|24.4555
19|47|0|315|7.3|24.7|315|10.4|82.0|0.00|0.04|43.5857|20.1487
19|50|0|315|4.4|24.7|315|12.1|82.0|0.00|0.04|43.5872|24.4555
19|51|0|338|4.8|24.7|315|12.1|82.0|0.00|0.04|43.5857|24.4555
19|52|0|315|4.8|24.7|315|11.6|81.8|0.00|0.04|43.5862|21.6231
19|53|0|315|7.3|24.7|315|11.4|81.7|0.00|0.04|43.5883|21.6231
19|54|0|315|4.4|24.7|315|12.4|81.6|0.00|0.04|43.591|23.682
19|55|0|315|2.9|24.7|315|13.1|81.5|0.00|0.04|43.5896|25.594
19|56|0|315|2.9|24.7|315|13.9|81.4|0.00|0.04|43.5926|25.594
19|57|0|315|2.9|24.7|315|12.3|81.2|0.00|0.04|43.5943|23.682
19|58|0|270|1.5|24.7|315|12.1|81.1|0.00|0.04|43.5977|23.682
20|00|0|315|2.9|24.7|315|12.0|80.9|0.00|0.04|43.5991|22.908
20|03|0|315|3.2|24.7|315|12.5|80.6|0.00|0.04|43.5987|22.908
20|04|0|315|4.8|24.7|315|11.5|80.5|0.00|0.04|43.5976|20.8567
20|05|0|315|1.5|24.7|315|13.1|80.4|0.00|0.04|43.5979|24.813
20|06|0|315|3.2|24.7|315|12.9|80.3|0.00|0.04|43.5981|22.908
20|07|0|315|3.2|24.7|315|13.5|80.2|0.00|0.04|43.5992|24.813
20|08|0|315|4.4|24.7|315|14.4|80.0|0.00|0.04|43.5987|26.5923
20|09|0|315|2.9|24.7|315|14.5|79.8|0.00|0.04|43.5989|25.8042
20|10|0|315|2.9|24.7|315|14.4|79.7|0.00|0.04|43.5987|25.8042
20|12|0|315|4.4|24.7|315|14.3|79.5|0.00|0.04|43.5981|25.8042
20|13|0|315|2.9|24.7|315|14.8|79.4|0.00|0.04|43.5967|25.8042
20|14|0|315|2.9|24.7|315|13.8|79.1|0.00|0.04|43.5975|24.0316
20|15|0|315|1.5|24.7|315|14.9|79.0|0.00|0.04|43.5984|25.8042
20|16|0|315|1.6|24.7|315|15.7|78.8|0.00|0.04|43.5958|26.6734
20|17|0|0|2.9|24.7|315|16.2|78.7|0.00|0.04|43.5942|28.2359
20|18|0|315|1.5|24.7|315|16.6|78.5|0.00|0.04|43.5957|28.2359
20|19|0|315|3.2|24.7|315|17.1|78.2|0.00|0.04|43.5964|29.7141
20|20|0|315|1.6|24.7|315|17.3|77.9|0.00|0.04|43.5948|28.9077
20|21|0|315|3.2|24.7|315|17.2|77.6|0.00|0.04|43.5955|28.9077
20|22|0|315|1.5|24.7|315|16.7|77.3|0.00|0.04|43.5988|27.435
20|23|0|315|1.6|24.7|315|17.0|77.0|0.00|0.04|43.5973|28.9077
20|24|0|315|2.9|24.7|315|16.9|76.8|0.00|0.04|43.5944|26.6337
20|26|0|315|2.9|24.7|315|17.5|76.4|0.00|0.04|43.5923|28.1008
20|27|0|315|1.6|24.7|315|17.2|76.1|0.00|0.04|43.5925|28.1008
20|28|0|315|2.9|24.7|315|18.0|75.9|0.00|0.04|43.5915|28.6809
20|30|0|315|3.2|24.7|315|17.5|75.4|0.00|0.04|43.5938|27.2936
20|31|0|315|1.5|24.7|315|17.3|75.2|0.00|0.04|43.5925|27.2936
20|32|0|315|1.6|24.7|315|17.6|75.1|0.00|0.04|43.5953|27.2936
20|33|0|315|1.5|24.7|315|17.1|74.9|0.00|0.04|43.598|26.4861
20|34|0|315|1.6|24.7|315|16.4|74.6|0.00|0.04|43.5981|25.0302
20|35|0|315|1.5|24.7|315|16.3|74.5|0.00|0.04|43.5991|25.0302
20|36|0|315|1.5|24.7|315|15.6|74.4|0.00|0.04|43.5965|23.4913
20|37|0|315|1.5|24.7|315|14.1|74.4|0.00|0.04|43.597|21.8586
20|39|0|315|0.0|24.7|315|14.3|74.3|0.00|0.04|43.5961|21.8586
20|41|0|315|1.5|24.7|315|14.7|74.4|0.00|0.04|43.5981|21.8586
20|42|0|315|0.0|24.7|315|14.0|74.4|0.00|0.04|43.597|21.8586
20|43|0|315|0.0|24.7|315|14.3|74.5|0.00|0.04|43.5979|21.8586
20|44|0|315|1.5|24.7|315|13.9|74.5|0.00|0.04|43.5982|20.1189
20|45|0|315|0.0|24.7|315|14.4|74.6|0.00|0.04|43.5975|21.8586
20|47|0|225|0.0|24.7|315|15.2|74.8|0.00|0.04|43.5973|23.4913
20|48|0|225|0.0|24.7|315|15.6|74.9|0.00|0.04|43.6003|23.4913
20|49|0|225|1.5|24.7|315|16.2|74.9|0.00|0.04|43.6|25.0302
20|50|0|225|0.0|24.7|315|16.4|74.9|0.00|0.04|43.602|25.0302
20|51|0|225|1.5|24.7|315|16.3|74.9|0.00|0.04|43.5998|25.0302
20|52|0|225|1.6|24.7|315|16.0|74.8|0.00|0.04|43.6012|25.0302
20|53|0|225|0.0|24.7|315|15.7|74.8|0.00|0.04|43.6014|23.4913
20|54|0|270|1.5|24.7|315|15.0|74.6|0.00|0.04|43.6014|23.4913
20|57|0|0|1.6|24.7|315|16.0|74.6|0.00|0.04|43.602|25.0302
20|58|0|0|0.0|24.7|315|19.1|74.5|0.00|0.04|43.6002|29.1837
20|59|0|0|1.5|24.7|315|17.5|74.4|0.00|0.04|43.6014|26.4861
21|00|0|0|1.5|24.7|315|16.7|74.4|0.00|0.04|43.602|25.0302
21|01|0|315|0.0|24.7|315|15.9|74.3|0.00|0.04|43.6|23.4913
21|02|0|225|0.0|24.7|315|15.8|74.2|0.00|0.04|43.5992|23.4913
21|04|0|225|0.0|24.7|315|16.4|74.0|0.00|0.04|43.6003|25.0302
21|05|0|270|0.0|24.7|315|16.0|73.7|0.00|0.04|43.597|24.2279
21|06|0|45|0.0|24.7|315|17.6|73.6|0.00|0.04|43.5993|25.6782
21|09|0|225|0.0|24.7|315|16.7|73.4|0.00|0.04|43.5992|24.2279
21|10|0|225|2.9|24.7|315|17.9|73.3|0.00|0.04|43.5989|25.6782
21|11|0|225|1.5|24.7|315|17.8|73.2|0.00|0.04|43.5997|25.6782
21|12|0|0|0.0|24.7|315|17.7|73.1|0.00|0.04|43.6007|25.6782
21|13|0|0|1.5|24.7|315|19.1|73.0|0.00|0.04|43.6016|28.3654
21|14|0|270|0.0|24.7|315|18.3|72.8|0.00|0.04|43.5989|26.2414
21|17|0|270|0.0|24.7|315|17.8|72.6|0.00|0.04|43.6025|24.87
21|18|0|270|1.5|24.7|315|18.3|72.5|0.00|0.04|43.6021|26.2414
21|19|0|270|0.0|24.7|315|19.0|72.4|0.00|0.04|43.6027|27.5468
21|20|0|45|0.0|24.7|315|18.4|72.3|0.00|0.04|43.6052|26.2414
21|21|0|45|0.0|24.7|315|16.9|72.1|0.00|0.04|43.6039|23.4252
21|22|0|45|2.9|24.7|315|17.2|72.1|0.00|0.04|43.6056|24.87
21|23|0|45|0.0|24.7|315|15.7|71.8|0.00|0.04|43.6076|21.1008
21|24|0|45|0.0|24.7|315|15.2|71.7|0.00|0.04|43.605|21.1008
21|25|0|45|0.0|24.7|315|15.2|71.6|0.00|0.04|43.6062|21.1008
21|26|0|45|1.5|24.7|315|15.2|71.6|0.00|0.04|43.6057|21.1008
21|29|0|45|0.0|24.7|315|15.4|71.6|0.00|0.04|43.6078|21.1008
21|30|0|45|1.5|24.7|315|15.4|71.6|0.00|0.04|43.6087|21.1008
21|31|0|45|0.0|24.7|315|15.7|71.6|0.00|0.04|43.6071|21.1008
21|32|0|45|0.0|24.7|315|15.6|71.6|0.00|0.04|43.6064|21.1008
21|33|0|225|0.0|24.7|315|15.9|71.6|0.00|0.04|43.6063|21.1008
21|34|0|225|0.0|24.7|315|17.3|71.6|0.00|0.04|43.6062|24.0614
21|35|0|225|1.6|24.7|315|17.8|71.6|0.00|0.04|43.6068|24.0614
21|36|0|225|1.6|24.7|315|17.9|71.6|0.00|0.04|43.6063|24.0614
21|39|0|225|0.0|24.7|315|17.8|71.6|0.00|0.04|43.6078|24.0614
21|40|0|225|0.0|24.7|315|17.9|71.5|0.00|0.04|43.6084|24.0614
21|41|0|225|0.0|24.7|315|17.8|71.4|0.00|0.04|43.6109|24.0614
21|42|0|315|1.5|24.7|315|16.4|71.3|0.00|0.04|43.6109|22.6222
21|43|0|315|0.0|24.7|315|16.2|71.3|0.00|0.04|43.6105|22.6222
21|44|0|315|0.0|24.7|315|15.7|71.2|0.00|0.04|43.6123|21.1008
21|45|0|315|0.0|24.7|315|15.9|71.0|0.00|0.04|43.6111|21.1008
21|46|0|315|0.0|24.7|315|15.8|71.0|0.00|0.04|43.6097|21.1008
21|47|0|315|0.0|24.7|315|15.9|71.0|0.00|0.04|43.6124|21.1008
21|48|0|315|0.0|24.7|315|16.0|71.0|0.00|0.04|43.6129|22.6222
21|49|0|315|0.0|24.7|315|16.1|70.9|0.00|0.04|43.6122|21.8188
21|50|0|315|0.0|24.7|315|16.6|70.9|0.00|0.04|43.6138|21.8188
21|51|0|315|0.0|24.7|315|17.5|70.8|0.00|0.04|43.6135|23.2525
21|52|0|315|0.0|24.7|315|17.8|70.7|0.00|0.04|43.6116|23.2525
21|54|0|315|0.0|24.7|315|18.3|70.7|0.00|0.04|43.6141|24.6133
21|55|0|315|0.0|24.7|315|19.5|70.6|0.00|0.04|43.6134|25.9087
21|57|0|315|0.0|24.7|315|20.2|70.5|0.00|0.04|43.6149|27.145
21|58|0|315|0.0|24.7|315|20.2|70.4|0.00|0.04|43.6145|27.145
21|59|0|270|0.0|24.7|315|20.0|70.3|0.00|0.04|43.6141|27.145
22|00|0|270|0.0|24.7|315|19.5|70.1|0.00|0.04|43.6149|25.9087
22|01|0|270|0.0|24.7|315|19.2|70.0|0.00|0.04|43.6156|25.9087
22|02|0|135|0.0|24.7|315|19.7|69.9|0.00|0.04|43.615|25.0891
22|03|0|180|0.0|24.7|315|20.3|69.8|0.00|0.04|43.6187|26.3207
22|04|0|180|0.0|24.7|315|20.2|69.6|0.00|0.04|43.6188|26.3207
22|06|0|180|0.0|24.7|315|20.2|69.4|0.00|0.04|43.6204|26.3207
22|07|0|158|0.0|24.7|315|20.3|69.1|0.00|0.04|43.6192|26.3207
22|08|0|180|0.0|24.7|315|20.9|69.0|0.00|0.04|43.6204|26.3207
22|09|0|180|0.0|24.7|315|20.8|68.9|0.00|0.04|43.6181|25.496
22|10|0|180|0.0|24.7|315|20.8|68.8|0.00|0.04|43.6187|25.496
22|11|0|180|0.0|24.7|315|21.0|68.7|0.00|0.04|43.6187|26.6695
22|12|0|180|1.5|24.7|315|20.8|68.6|0.00|0.04|43.6187|25.496
22|13|0|90|1.5|24.7|315|21.1|68.5|0.00|0.04|43.6206|26.6695
22|14|0|90|2.9|4.4|45|21.7|68.2|0.00|0.00|43.6199|26.6695
22|15|0|135|1.5|4.4|90|22.2|68.1|0.00|0.00|43.619|27.7945
22|16|0|90|1.6|4.4|90|22.6|68.0|0.00|0.00|43.6197|27.7945
22|17|0|135|0.0|4.4|90|22.7|67.8|0.00|0.00|43.6211|26.9604
22|19|0|180|2.9|4.4|90|23.2|67.7|0.00|0.00|43.6229|28.0368
22|20|0|225|1.5|4.4|90|23.2|67.6|0.00|0.00|43.6213|28.0368
22|21|0|180|2.9|4.4|90|22.9|67.4|0.00|0.00|43.6234|26.9604
22|22|0|180|1.6|4.4|90|22.9|67.4|0.00|0.00|43.6257|26.9604
22|23|0|180|1.5|4.4|90|22.6|67.3|0.00|0.00|43.6254|26.9604
22|25|0|180|0.0|4.4|90|22.8|67.2|0.00|0.00|43.629|26.9604
22|26|0|180|0.0|4.4|90|23.1|67.1|0.00|0.00|43.6278|28.0368
22|27|0|45|1.5|4.4|90|24.0|67.1|0.00|0.00|43.6316|29.0725
22|28|0|135|0.0|4.4|90|27.8|67.1|0.00|0.00|43.6311|31.9655
22|29|0|180|1.5|4.8|225|25.5|66.9|0.00|0.00|43.6312|29.224
22|30|0|90|0.0|4.8|225|24.2|66.8|0.00|0.00|43.6306|28.2298
22|32|0|90|0.0|4.8|225|24.3|66.7|0.00|0.00|43.6303|28.2298
22|33|0|180|0.0|4.8|225|24.1|66.5|0.00|0.00|43.6306|28.2298
22|34|0|225|0.0|4.8|225|24.0|66.5|0.00|0.00|43.6293|28.2298
22|37|0|0|1.5|4.8|225|28.9|66.4|0.00|0.00|43.6307|32.0088
22|38|0|0|1.5|4.8|225|30.9|66.3|0.00|0.00|43.6312|33.7221
22|40|0|270|1.5|4.8|225|29.8|66.1|0.00|0.00|43.6301|32.8785
22|41|0|270|0.0|4.8|225|29.1|65.9|0.00|0.00|43.6311|32.0169
22|42|0|315|0.0|4.8|225|29.2|65.6|0.00|0.00|43.6318|32.0169
22|43|0|90|0.0|4.8|225|29.8|65.4|0.00|0.00|43.6333|32.0169
22|44|0|90|0.0|4.8|225|30.4|65.3|0.00|0.00|43.6349|32.8571
22|45|0|90|0.0|4.8|225|30.6|65.1|0.00|0.00|43.6346|32.8571
22|46|0|90|1.5|4.8|225|30.7|65.0|0.00|0.00|43.6372|32.8571
22|47|0|135|1.6|4.8|225|31.1|64.9|0.00|0.00|43.6371|32.8043
22|48|0|135|0.0|4.8|225|30.6|64.6|0.00|0.00|43.6376|31.9918
22|49|0|135|0.0|4.8|225|30.7|64.5|0.00|0.00|43.6391|31.9918
22|50|0|180|0.0|4.8|225|31.0|64.4|0.00|0.00|43.6374|32.8043
22|51|0|225|0.0|4.8|225|30.6|64.4|0.00|0.00|43.6391|31.9918
22|53|0|225|0.0|4.8|225|30.0|64.4|0.00|0.00|43.6364|31.9918
22|54|0|225|0.0|4.8|225|29.6|64.4|0.00|0.00|43.6374|31.155
22|55|0|180|1.5|4.8|225|29.4|64.3|0.00|0.00|43.6374|31.155
22|56|0|180|0.0|4.8|225|29.0|64.3|0.00|0.00|43.635|31.155
22|57|0|180|0.0|4.8|225|29.0|64.3|0.00|0.00|43.6358|31.155
22|58|0|180|0.0|4.8|225|28.9|64.3|0.00|0.00|43.6363|30.2923
22|59|0|180|0.0|4.8|225|28.8|64.3|0.00|0.00|43.6371|30.2923
23|00|0|315|0.0|4.8|225|28.5|64.3|0.00|0.00|43.6359|30.2923
23|01|0|315|0.0|4.8|225|28.7|64.3|0.00|0.00|43.6356|30.2923
23|03|0|315|1.5|4.8|225|30.2|64.3|0.00|0.00|43.6367|31.9918
23|04|0|315|1.6|4.8|225|35.8|64.1|0.00|0.00|43.6348|35.8386
23|05|0|270|1.6|4.8|225|35.5|64.0|0.00|0.00|43.6357|35.8386
23|06|0|113|1.5|4.8|225|34.2|63.7|0.00|0.00|43.6358|34.2317
23|07|0|135|0.0|4.8|225|33.6|63.4|0.00|0.00|43.6354|33.4869
23|08|0|225|0.0|4.8|225|33.8|63.3|0.00|0.00|43.6372|33.4869
23|09|0|45|0.0|4.8|225|34.4|63.0|0.00|0.00|43.6343|34.2317
23|10|0|315|2.9|4.8|225|35.6|62.7|0.00|0.00|43.6306|34.076
23|11|0|315|1.6|4.8|225|37.5|62.5|0.00|0.00|43.6293|35.4683
23|12|0|315|1.5|4.8|225|39.0|62.3|0.00|0.00|43.6292|36.7956
23|13|0|315|1.5|4.8|225|37.7|61.9|0.00|0.00|43.6253|34.5809
23|14|0|315|1.5|4.8|225|35.0|61.7|0.00|0.00|43.626|33.1943
23|15|0|315|0.0|4.8|225|36.7|61.5|0.00|0.00|43.629|33.8961
23|17|0|315|0.0|4.8|225|36.5|61.4|0.00|0.00|43.6327|33.8961
23|18|0|90|0.0|4.8|225|35.0|61.2|0.00|0.00|43.6321|33.1943
23|19|0|315|0.0|4.8|225|33.5|61.2|0.00|0.00|43.6298|31.7358
23|20|0|315|1.5|4.8|225|35.1|61.1|0.00|0.00|43.6298|33.1943
23|21|0|315|0.0|4.8|225|35.7|61.1|0.00|0.00|43.6305|33.1943
23|22|0|315|0.0|4.8|225|35.1|61.1|0.00|0.00|43.6312|33.1943
23|23|0|225|0.0|4.8|225|34.3|61.0|0.00|0.00|43.6315|32.4745
23|24|0|225|0.0|4.8|225|34.7|61.0|0.00|0.00|43.6314|32.4745
23|25|0|225|0.0|4.8|225|34.8|61.0|0.00|0.00|43.6311|32.4745
23|26|0|225|0.0|4.8|225|34.7|61.1|0.00|0.00|43.6321|32.4745
23|29|0|225|1.5|4.8|225|34.1|61.2|0.00|0.00|43.6324|32.4745
23|30|0|225|1.6|4.8|225|33.8|61.4|0.00|0.00|43.6322|31.7358
23|31|0|180|1.5|4.8|225|34.1|61.4|0.00|0.00|43.6335|32.4745
23|32|0|180|0.0|4.8|225|34.5|61.4|0.00|0.00|43.6301|32.4745
23|33|0|0|3.2|4.8|225|37.5|61.4|0.00|0.00|43.6332|34.5809
23|34|0|0|4.4|4.8|225|40.7|61.2|0.00|0.00|43.6321|36.5414
23|35|0|315|1.6|4.8|225|38.6|61.2|0.00|0.00|43.6344|35.2495
23|36|0|270|1.5|4.8|225|39.8|61.0|0.00|0.00|43.6325|35.9027
23|37|0|0|1.5|4.8|225|36.3|60.9|0.00|0.00|43.6323|33.0113
23|38|0|0|0.0|4.8|225|35.9|60.8|0.00|0.00|43.6337|32.3124
23|39|0|0|0.0|4.8|225|36.5|60.7|0.00|0.00|43.6343|33.0113
23|40|0|225|1.6|4.8|225|35.7|60.6|0.00|0.00|43.6338|32.3124
23|42|0|180|1.6|4.8|225|36.5|60.6|0.00|0.00|43.6342|33.0113
23|43|0|45|1.5|4.8|225|36.9|60.6|0.00|0.00|43.6352|33.0113
23|46|0|270|1.5|4.8|225|35.0|60.3|0.00|0.00|43.6346|32.3124
23|47|0|225|0.0|4.8|225|32.4|60.2|0.00|0.00|43.6323|30.1042
23|48|0|225|1.6|4.8|225|34.2|60.2|0.00|0.00|43.6334|31.5956
23|49|0|225|0.0|4.8|225|35.8|60.2|0.00|0.00|43.6333|32.3124
23|50|0|0|1.5|4.8|225|35.8|60.2|0.00|0.00|43.6323|32.3124
23|51|0|315|1.5|4.8|225|36.4|60.1|0.00|0.00|43.6302|33.0113
23|52|0|315|0.0|4.8|225|35.7|60.1|0.00|0.00|43.6302|32.3124
23|53|0|270|1.5|4.8|225|33.6|60.1|0.00|0.00|43.6312|30.8599
23|54|0|315|1.6|4.8|225|34.3|60.1|0.00|0.00|43.6355|31.5956
23|57|0|270|0.0|4.8|225|34.8|60.1|0.00|0.00|43.635|31.5956
23|58|0|270|0.0|4.8|225|33.5|60.0|0.00|0.00|43.6337|30.8599
