00|00|0|90|0.0|3.2|90|77.4|20.0|0.03|0.04|43.7941|13.9823
00|01|0|90|0.0|3.2|90|77.4|19.8|0.03|0.04|43.7939|13.011
00|02|0|90|0.0|3.2|90|77.4|19.8|0.03|0.04|43.7937|13.011
00|03|0|90|0.0|3.2|90|77.4|19.8|0.03|0.04|43.7887|13.011
00|05|0|90|0.0|3.2|90|77.6|19.8|0.02|0.04|43.7896|13.011
00|06|0|90|0.0|3.2|90|77.9|19.8|0.02|0.04|43.7899|13.011
00|07|0|90|0.0|3.2|90|78.2|19.7|0.02|0.04|43.7882|13.3026
00|08|0|90|1.5|3.2|90|78.3|19.7|0.02|0.04|43.7876|13.3026
00|09|0|90|0.0|3.2|90|78.4|19.7|0.02|0.04|43.7882|13.3026
00|10|0|90|1.5|3.2|90|78.7|19.8|0.02|0.04|43.7882|13.3026
00|11|0|90|0.0|3.2|90|79.1|19.8|0.02|0.04|43.7876|13.5909
00|12|0|90|1.5|3.2|90|79.2|19.7|0.02|0.04|43.7858|13.5909
00|13|0|90|0.0|3.2|90|79.2|19.8|0.02|0.04|43.7869|13.5909
00|14|0|90|0.0|3.2|90|79.1|19.8|0.02|0.04|43.7843|13.5909
00|15|0|90|0.0|3.2|90|79.2|19.8|0.02|0.04|43.7852|13.5909
00|16|0|90|0.0|3.2|90|79.1|19.8|0.02|0.04|43.7845|13.5909
00|18|0|90|0.0|3.2|90|79.0|20.0|0.02|0.04|43.7853|14.5649
00|19|0|90|0.0|3.2|90|78.8|20.0|0.02|0.04|43.7852|14.2753
00|20|0|90|0.0|3.2|90|78.6|20.0|0.02|0.04|43.7836|14.2753
00|21|0|90|0.0|3.2|90|78.4|20.0|0.02|0.04|43.782|14.2753
00|22|0|90|0.0|3.2|90|78.4|20.0|0.02|0.04|43.7812|14.2753
00|23|0|90|0.0|3.2|90|78.4|20.0|0.02|0.04|43.7796|14.2753
00|24|0|90|0.0|3.2|90|78.3|20.0|0.02|0.04|43.7791|14.2753
00|25|0|90|0.0|3.2|90|78.1|20.0|0.02|0.04|43.7812|14.2753
00|26|0|90|0.0|3.2|90|77.9|19.8|0.02|0.04|43.7794|13.011
00|27|0|90|0.0|3.2|90|77.8|19.8|0.02|0.04|43.7771|13.011
00|28|0|90|0.0|3.2|90|77.8|19.8|0.02|0.04|43.7761|13.011
00|29|0|90|0.0|3.2|90|78.0|19.8|0.02|0.04|43.7756|13.3026
00|30|0|90|0.0|3.2|90|78.1|19.8|0.02|0.04|43.7777|13.3026
00|31|0|90|0.0|3.2|90|78.3|19.8|0.02|0.04|43.7771|13.3026
00|32|0|90|1.6|3.2|90|78.3|19.7|0.02|0.04|43.7757|13.3026
00|33|0|90|1.6|3.2|90|78.4|19.7|0.02|0.04|43.7754|13.3026
00|34|0|90|0.0|3.2|90|78.5|19.7|0.02|0.04|43.7754|13.3026
00|35|0|90|0.0|3.2|90|78.7|19.7|0.02|0.04|43.7756|13.3026
00|36|0|90|0.0|3.2|90|78.9|19.7|0.02|0.04|43.7729|13.3026
00|37|0|90|1.5|3.2|90|79.0|19.6|0.02|0.04|43.7721|13.5909
00|39|0|90|1.5|3.2|90|78.7|19.6|0.02|0.04|43.7718|13.3026
00|40|0|90|1.5|3.2|90|78.8|19.5|0.02|0.04|43.7714|13.3026
00|41|0|90|1.5|3.2|90|79.0|19.5|0.02|0.04|43.7693|13.5909
00|42|0|90|1.6|3.2|90|79.2|19.5|0.02|0.04|43.7685|13.5909
00|43|0|90|1.5|3.2|90|79.6|19.5|0.02|0.04|43.7681|13.5909
00|44|0|90|1.5|3.2|90|79.9|19.5|0.02|0.04|43.7661|13.5909
00|45|0|180|3.2|3.2|90|79.9|19.5|0.02|0.04|43.7677|13.5909
00|47|0|180|1.5|3.2|180|79.4|19.5|0.01|0.04|43.7697|13.5909
00|49|0|225|0.0|3.2|180|78.9|19.4|0.01|0.04|43.7674|13.3026
00|50|0|225|0.0|3.2|180|78.9|19.4|0.01|0.04|43.769|13.3026
00|51|0|225|1.5|3.2|180|78.8|19.4|0.01|0.04|43.7695|13.3026
00|52|0|225|1.5|3.2|180|78.9|19.4|0.01|0.04|43.7698|13.3026
00|53|0|225|0.0|3.2|180|79.0|19.4|0.00|0.04|43.7693|13.5909
00|54|0|225|1.6|3.2|180|78.1|19.3|0.00|0.04|43.7693|13.3026
00|55|0|225|3.2|3.2|180|77.0|19.2|0.00|0.04|43.7708|13.011
00|56|0|225|0.0|3.2|180|77.1|19.0|0.01|0.05|43.772|13.011
00|58|0|225|0.0|3.2|180|77.5|19.0|0.01|0.05|43.7733|13.011
00|59|0|225|0.0|3.2|180|77.8|18.8|0.01|0.05|43.7739|12.0397
01|00|0|248|0.0|3.2|180|78.1|18.7|0.01|0.05|43.7764|12.3299
01|01|0|225|0.0|3.2|180|78.4|18.7|0.01|0.05|43.7734|12.3299
01|02|0|225|0.0|3.2|180|78.5|18.7|0.02|0.07|43.7763|12.3299
01|03|0|225|0.0|3.2|180|78.6|18.7|0.02|0.07|43.7732|12.3299
01|04|0|225|0.0|3.2|180|78.6|18.7|0.02|0.07|43.7731|12.3299
01|05|0|225|0.0|3.2|180|78.6|18.7|0.02|0.07|43.7706|12.3299
01|06|0|0|1.5|3.2|180|78.9|18.7|0.02|0.07|43.7696|12.3299
01|07|0|0|2.9|3.2|180|78.6|18.6|0.02|0.07|43.7689|12.3299
01|08|0|0|1.5|3.2|180|78.1|18.6|0.02|0.07|43.7721|12.3299
01|09|0|45|0.0|3.2|180|78.4|18.6|0.02|0.07|43.774|12.3299
01|10|0|45|0.0|3.2|180|79.0|18.5|0.02|0.07|43.7734|12.6168
01|11|0|45|1.6|3.2|180|79.5|18.5|0.02|0.07|43.775|12.6168
01|12|0|45|0.0|3.2|180|80.0|18.5|0.02|0.07|43.7731|12.9006
01|13|0|45|0.0|3.2|180|80.6|18.5|0.02|0.07|43.7737|12.9006
01|14|0|45|1.6|3.2|180|80.9|18.5|0.02|0.07|43.7718|12.9006
01|15|0|45|0.0|3.2|180|81.0|18.5|0.02|0.07|43.7731|13.1811
01|16|0|45|0.0|3.2|180|81.0|18.6|0.02|0.07|43.7717|13.1811
01|17|0|45|1.5|3.2|180|81.1|18.6|0.02|0.07|43.7701|13.1811
01|18|0|45|0.0|3.2|180|81.2|18.6|0.02|0.07|43.7689|13.1811
01|19|0|45|0.0|3.2|180|81.2|18.7|0.02|0.07|43.7674|13.1811
01|22|0|45|0.0|3.2|180|81.2|18.8|0.02|0.07|43.764|13.1811
01|23|0|45|1.6|3.2|180|81.1|18.8|0.02|0.07|43.7647|13.1811
01|25|0|45|0.0|3.2|180|80.6|19.0|0.02|0.07|43.7619|13.876
01|26|0|45|0.0|3.2|180|80.4|19.0|0.02|0.07|43.7587|13.876
01|28|0|45|0.0|3.2|180|80.2|19.1|0.02|0.07|43.7603|13.876
01|29|0|0|0.0|3.2|180|80.1|19.1|0.02|0.07|43.7552|13.876
01|30|0|0|0.0|3.2|180|80.0|19.1|0.02|0.07|43.7552|13.876
01|31|0|0|0.0|3.2|180|79.8|19.1|0.02|0.07|43.7555|13.5909
01|32|0|0|1.5|3.2|180|79.6|19.1|0.02|0.07|43.7547|13.5909
01|33|0|0|0.0|3.2|180|79.2|19.1|0.02|0.07|43.7562|13.5909
01|34|0|0|0.0|3.2|180|79.2|19.1|0.02|0.07|43.7524|13.5909
01|35|0|0|0.0|3.2|180|79.3|19.1|0.02|0.07|43.7522|13.5909
01|36|0|0|0.0|3.2|180|79.3|19.1|0.02|0.07|43.7524|13.5909
01|38|0|0|0.0|3.2|180|79.2|19.1|0.02|0.07|43.7514|13.5909
01|39|0|0|1.5|3.2|180|78.9|19.1|0.02|0.07|43.7507|13.3026
01|40|0|0|0.0|3.2|180|78.6|19.1|0.02|0.07|43.7531|13.3026
01|42|0|0|0.0|3.2|180|78.3|19.1|0.02|0.07|43.7544|13.3026
01|43|0|0|0.0|3.2|180|78.0|19.1|0.02|0.07|43.7529|13.3026
01|45|0|0|0.0|3.2|180|78.0|19.0|0.02|0.07|43.7529|13.3026
01|46|0|0|0.0|3.2|180|78.1|19.0|0.02|0.07|43.7524|13.3026
01|47|0|0|0.0|3.2|180|78.2|19.0|0.02|0.07|43.7541|13.3026
01|48|0|0|0.0|3.2|180|78.3|19.0|0.02|0.07|43.7568|13.3026
01|49|0|0|0.0|3.2|180|78.3|18.8|0.02|0.07|43.7547|12.3299
01|50|0|0|0.0|3.2|180|78.3|18.8|0.02|0.07|43.7577|12.3299
01|51|0|0|0.0|3.2|180|78.3|18.8|0.02|0.07|43.7592|12.3299
01|52|0|0|1.5|3.2|180|78.2|18.8|0.02|0.07|43.7584|12.3299
01|53|0|0|0.0|3.2|180|77.9|18.8|0.02|0.07|43.7606|12.0397
01|54|0|0|0.0|3.2|180|77.9|18.8|0.02|0.07|43.758|12.0397
01|55|0|0|0.0|3.2|180|78.1|18.8|0.02|0.07|43.7574|12.3299
01|56|0|0|1.5|3.2|180|78.1|18.8|0.02|0.07|43.7577|12.3299
01|57|0|0|0.0|3.2|180|78.3|18.7|0.01|0.07|43.7567|12.3299
01|58|0|0|1.6|3.2|180|78.3|18.7|0.01|0.07|43.7552|12.3299
01|59|0|0|1.5|3.2|180|78.5|18.7|0.01|0.07|43.7549|12.3299
02|00|0|0|2.9|3.2|180|78.5|18.6|0.00|0.07|43.7568|12.3299
02|03|0|0|1.5|3.2|180|78.1|18.4|0.00|0.07|43.7577|12.3299
02|04|0|0|0.0|3.2|180|78.4|18.3|0.00|0.07|43.759|12.3299
02|05|0|0|1.6|3.2|180|78.7|18.2|0.00|0.07|43.7587|12.3299
02|06|0|0|0.0|3.2|180|79.2|18.2|0.00|0.07|43.7601|12.6168
02|07|0|0|1.6|3.2|180|79.6|18.2|0.00|0.07|43.7599|12.6168
02|08|0|0|0.0|3.2|180|79.8|18.2|0.00|0.07|43.7589|12.6168
02|11|0|0|0.0|3.2|180|80.1|18.0|0.00|0.07|43.7584|12.9006
02|12|0|225|0.0|3.2|180|80.2|18.0|0.00|0.07|43.7589|12.9006
02|13|0|225|0.0|3.2|180|80.2|18.0|0.00|0.07|43.7602|12.9006
02|14|0|225|0.0|3.2|180|80.0|18.0|0.00|0.07|43.7616|12.9006
02|15|0|135|1.5|3.2|180|79.8|18.0|0.00|0.07|43.7601|12.6168
02|16|0|135|1.5|3.2|180|79.7|18.0|0.00|0.07|43.764|12.6168
02|17|0|68|1.5|3.2|180|80.0|18.0|0.00|0.07|43.7597|12.9006
02|18|0|90|0.0|3.2|180|80.3|18.0|0.00|0.07|43.7586|12.9006
02|19|0|90|1.5|3.2|180|80.5|18.0|0.00|0.07|43.757|12.9006
02|20|0|90|1.5|3.2|180|80.7|18.0|0.00|0.07|43.7519|12.9006
02|23|0|90|0.0|3.2|180|80.3|18.2|0.00|0.07|43.75|12.9006
02|25|0|90|0.0|3.2|180|80.2|18.2|0.00|0.07|43.7471|12.9006
02|26|0|90|0.0|3.2|180|80.2|18.2|0.00|0.07|43.7474|12.9006
02|27|0|90|0.0|3.2|180|80.3|18.2|0.00|0.07|43.7462|12.9006
02|28|0|90|1.6|3.2|180|80.5|18.2|0.00|0.07|43.7461|12.9006
02|29|0|90|0.0|3.2|180|80.6|18.2|0.00|0.07|43.745|12.9006
02|30|0|90|0.0|3.2|180|80.5|18.3|0.00|0.07|43.7443|12.9006
02|31|0|90|0.0|3.2|180|80.4|18.3|0.00|0.07|43.7437|12.9006
02|32|0|180|1.5|3.2|180|80.2|18.3|0.00|0.07|43.7437|12.9006
02|33|0|180|1.5|3.2|180|79.8|18.3|0.00|0.07|43.7437|12.6168
02|34|0|180|1.6|3.2|180|79.5|18.3|0.00|0.07|43.7436|12.6168
02|35|0|180|1.5|3.2|180|79.3|18.3|0.00|0.07|43.7418|12.6168
02|36|0|180|1.6|3.2|180|79.2|18.3|0.00|0.07|43.7395|12.6168
02|37|0|180|1.5|3.2|180|79.1|18.2|0.00|0.07|43.74|12.6168
02|38|0|180|0.0|3.2|180|79.1|18.2|0.00|0.07|43.741|12.6168
02|39|0|180|1.5|3.2|180|79.0|18.2|0.00|0.07|43.7401|12.6168
02|40|0|180|0.0|3.2|180|79.1|18.3|0.00|0.07|43.7413|12.6168
02|42|0|180|0.0|3.2|180|79.4|18.2|0.00|0.07|43.7401|12.6168
02|43|0|180|0.0|3.2|180|79.5|18.2|0.00|0.07|43.7376|12.6168
02|45|0|180|0.0|3.2|180|79.7|18.2|0.00|0.07|43.7371|12.6168
02|47|0|180|0.0|3.2|180|79.7|18.3|0.00|0.07|43.7362|12.6168
02|48|0|180|1.5|3.2|180|79.6|18.2|0.00|0.07|43.7339|12.6168
02|50|0|180|0.0|3.2|180|79.3|18.3|0.00|0.07|43.7317|12.6168
02|51|0|45|1.6|3.2|180|79.2|18.3|0.00|0.07|43.7322|12.6168
02|52|0|45|0.0|3.2|180|79.2|18.3|0.00|0.07|43.733|12.6168
02|53|0|45|1.5|3.2|180|79.3|18.2|0.00|0.07|43.7325|12.6168
02|55|0|90|1.5|3.2|180|79.4|18.2|0.00|0.07|43.7354|12.6168
02|56|0|90|0.0|3.2|180|79.3|18.2|0.00|0.07|43.7333|12.6168
02|57|0|90|0.0|3.2|180|79.2|18.2|0.00|0.07|43.7317|12.6168
02|58|0|90|0.0|3.2|180|79.1|18.2|0.00|0.07|43.7313|12.6168
02|59|0|90|0.0|3.2|180|79.1|18.2|0.00|0.07|43.7285|12.6168
03|00|0|90|0.0|3.2|180|79.0|18.2|0.00|0.07|43.7277|12.6168
03|01|0|90|0.0|3.2|180|79.0|18.2|0.00|0.07|43.7269|12.6168
03|02|0|90|0.0|3.2|180|79.0|18.2|0.00|0.07|43.7278|12.6168
03|04|0|90|0.0|3.2|180|78.8|18.0|0.00|0.07|43.7202|12.3299
03|05|0|179|0.0|3.2|180|78.7|18.0|0.00|0.07|43.7215|12.3299
03|07|0|90|0.0|3.2|180|78.6|18.0|0.00|0.07|43.7205|12.3299
03|08|0|90|0.0|3.2|180|78.7|18.0|0.01|0.08|43.7219|12.3299
03|09|0|90|0.0|3.2|180|78.9|18.0|0.01|0.08|43.7219|12.3299
03|10|0|90|0.0|3.2|180|79.1|18.0|0.01|0.08|43.7213|12.6168
03|12|0|90|0.0|3.2|180|79.1|18.0|0.01|0.08|43.723|12.6168
03|13|0|90|1.5|3.2|180|79.0|18.0|0.01|0.08|43.7205|12.6168
03|15|0|90|0.0|3.2|180|79.1|18.0|0.01|0.08|43.7192|12.6168
03|16|0|90|0.0|3.2|180|79.1|18.0|0.01|0.08|43.7172|12.6168
03|17|0|90|1.5|3.2|180|79.2|18.0|0.01|0.08|43.7155|12.6168
03|19|0|90|0.0|3.2|180|79.3|18.0|0.01|0.08|43.7112|12.6168
03|20|0|45|1.5|3.2|180|79.3|18.0|0.01|0.08|43.7094|12.6168
03|21|0|45|1.5|3.2|180|79.4|18.0|0.01|0.08|43.71|12.6168
03|22|0|45|0.0|3.2|180|79.4|18.0|0.01|0.08|43.7073|12.6168
03|23|0|90|1.6|3.2|180|79.4|18.0|0.01|0.08|43.7062|12.6168
03|25|0|90|0.0|3.2|180|79.4|18.0|0.01|0.08|43.7055|12.6168
03|26|0|90|0.0|3.2|180|79.3|18.0|0.01|0.08|43.7046|12.6168
03|27|0|90|0.0|3.2|180|79.0|18.0|0.01|0.08|43.7049|12.6168
03|28|0|90|1.6|3.2|180|79.0|18.0|0.01|0.08|43.7026|12.6168
03|29|0|90|0.0|3.2|180|78.9|18.0|0.01|0.08|43.7003|12.3299
03|30|0|90|0.0|3.2|180|78.7|18.0|0.01|0.08|43.6998|12.3299
03|31|0|90|0.0|3.2|180|78.6|18.0|0.01|0.08|43.6984|12.3299
03|32|0|90|0.0|3.2|180|78.5|18.2|0.01|0.08|43.6996|12.3299
03|33|0|90|0.0|3.2|180|78.5|18.2|0.01|0.08|43.6988|12.3299
03|34|0|90|0.0|3.2|180|78.5|18.2|0.01|0.08|43.6975|12.3299
03|35|0|90|0.0|3.2|180|78.4|18.2|0.01|0.08|43.6973|12.3299
03|37|0|90|1.5|3.2|180|78.3|18.2|0.01|0.08|43.6948|12.3299
03|38|0|45|1.5|3.2|180|78.2|18.0|0.01|0.08|43.6926|12.3299
03|39|0|45|0.0|3.2|180|78.1|18.0|0.01|0.08|43.6936|12.3299
03|40|0|45|1.5|3.2|180|78.1|18.0|0.02|0.09|43.6894|12.3299
03|41|0|45|1.5|3.2|180|78.0|17.9|0.02|0.09|43.6916|11.3572
03|42|0|45|0.0|3.2|180|77.9|17.9|0.02|0.09|43.6899|11.0683
03|43|0|45|1.5|3.2|180|77.8|17.9|0.02|0.09|43.6895|11.0683
03|44|0|45|1.6|3.2|180|77.7|17.9|0.02|0.09|43.689|11.0683
03|46|0|45|1.5|3.2|180|77.6|18.0|0.02|0.09|43.6859|12.0397
03|47|0|45|2.9|3.2|180|77.7|18.0|0.02|0.09|43.6853|12.0397
03|48|0|45|1.6|3.2|180|77.8|18.0|0.02|0.09|43.6844|12.0397
03|49|0|45|0.0|3.2|180|78.1|18.2|0.03|0.10|43.686|12.3299
03|50|0|45|0.0|3.2|180|78.2|18.2|0.03|0.10|43.687|12.3299
03|51|0|45|0.0|3.2|180|78.3|18.3|0.03|0.10|43.6875|12.3299
03|52|0|45|0.0|3.2|180|78.4|18.3|0.03|0.10|43.6868|12.3299
03|54|0|225|0.0|3.2|180|78.1|18.4|0.03|0.10|43.6863|12.3299
03|55|0|225|1.5|3.2|180|77.8|18.4|0.03|0.10|43.6865|12.0397
03|56|0|225|1.5|3.2|180|77.7|18.5|0.03|0.10|43.6869|12.0397
03|57|0|225|0.0|3.2|180|77.6|18.5|0.03|0.10|43.6842|12.0397
03|58|0|225|0.0|3.2|180|77.5|18.5|0.03|0.10|43.6839|12.0397
03|59|0|225|0.0|3.2|180|77.4|18.5|0.04|0.11|43.685|12.0397
04|00|0|225|0.0|3.2|180|77.3|18.5|0.04|0.11|43.6837|12.0397
04|01|0|225|0.0|3.2|180|77.3|18.6|0.04|0.11|43.6861|12.0397
04|02|0|225|0.0|3.2|180|77.2|18.6|0.04|0.11|43.6839|12.0397
04|03|0|225|0.0|3.2|180|77.2|18.6|0.04|0.11|43.6844|12.0397
04|05|0|225|0.0|3.2|180|77.1|18.6|0.04|0.11|43.6821|12.0397
04|06|0|225|0.0|3.2|180|77.1|18.6|0.05|0.12|43.6822|12.0397
04|07|0|225|0.0|3.2|180|77.1|18.5|0.05|0.12|43.6785|12.0397
04|08|0|225|0.0|3.2|180|77.1|18.5|0.04|0.12|43.6781|12.0397
04|09|0|225|0.0|3.2|180|77.2|18.5|0.04|0.12|43.6764|12.0397
04|10|0|225|0.0|3.2|180|77.3|18.5|0.04|0.12|43.6752|12.0397
04|11|0|225|0.0|3.2|180|77.4|18.5|0.04|0.12|43.6748|12.0397
04|12|0|225|0.0|3.2|180|77.5|18.4|0.04|0.12|43.6724|12.0397
04|13|0|225|0.0|3.2|180|77.5|18.4|0.04|0.12|43.6735|12.0397
04|14|0|225|0.0|3.2|180|77.5|18.4|0.04|0.12|43.6725|12.0397
04|15|0|225|0.0|3.2|180|77.5|18.4|0.04|0.12|43.6731|12.0397
04|16|0|225|0.0|3.2|180|77.6|18.3|0.04|0.12|43.6737|12.0397
04|17|0|225|0.0|3.2|180|77.7|18.3|0.04|0.12|43.6722|12.0397
04|18|0|225|0.0|3.2|180|77.8|18.3|0.04|0.12|43.6725|12.0397
04|19|0|225|1.5|3.2|180|77.8|18.2|0.04|0.12|43.6727|12.0397
04|20|0|225|1.5|3.2|180|77.8|18.0|0.04|0.12|43.6726|12.0397
04|21|0|315|1.6|3.2|180|77.9|17.9|0.04|0.12|43.672|11.0683
04|22|0|315|1.5|3.2|180|78.0|17.9|0.04|0.12|43.671|11.3572
04|24|0|315|1.5|3.2|180|77.9|17.8|0.04|0.12|43.6698|11.0683
04|26|0|270|0.0|3.2|180|78.1|17.8|0.05|0.13|43.6672|11.3572
04|27|0|270|0.0|3.2|180|78.2|17.7|0.05|0.13|43.6665|11.3572
04|28|0|270|0.0|3.2|180|78.4|17.7|0.05|0.13|43.6645|11.3572
04|29|0|270|0.0|3.2|180|78.6|17.7|0.05|0.13|43.6627|11.3572
04|31|0|270|0.0|3.2|180|78.7|17.7|0.05|0.13|43.6626|11.3572
04|32|0|270|0.0|3.2|180|78.7|17.8|0.05|0.13|43.6623|11.3572
04|34|0|270|0.0|3.2|180|78.7|17.8|0.05|0.13|43.6612|11.3572
04|35|0|270|0.0|3.2|180|78.8|17.8|0.05|0.13|43.6608|11.3572
04|36|0|270|1.6|3.2|180|78.7|17.8|0.05|0.13|43.6614|11.3572
04|37|0|315|1.5|3.2|180|78.5|17.8|0.05|0.13|43.6588|11.3572
04|38|0|315|1.5|3.2|180|78.5|17.8|0.05|0.13|43.6613|11.3572
04|39|0|315|0.0|3.2|180|78.5|17.8|0.04|0.13|43.6599|11.3572
04|40|0|270|1.5|3.2|180|78.8|17.7|0.04|0.13|43.6569|11.3572
04|41|0|315|1.5|3.2|180|79.0|17.8|0.04|0.13|43.659|11.6427
04|42|0|315|0.0|3.2|180|79.1|17.8|0.04|0.13|43.6576|11.6427
04|43|0|315|1.5|3.2|180|79.2|17.8|0.04|0.13|43.6578|11.6427
04|45|0|0|1.5|3.2|180|79.4|17.8|0.04|0.13|43.6557|11.6427
04|46|0|0|1.5|3.2|180|79.6|17.8|0.04|0.13|43.6553|11.6427
04|47|0|0|1.5|3.2|180|79.6|17.8|0.04|0.13|43.6541|11.6427
04|48|0|0|0.0|3.2|180|79.6|17.8|0.04|0.13|43.6531|11.6427
04|49|0|0|1.5|3.2|180|79.5|17.9|0.03|0.13|43.6538|11.6427
04|50|0|0|1.5|3.2|180|79.6|17.9|0.04|0.14|43.654|11.6427
04|51|0|0|0.0|3.2|180|79.7|17.9|0.04|0.14|43.6538|11.6427
04|52|0|0|0.0|3.2|180|79.8|18.0|0.04|0.14|43.6549|12.6168
04|53|0|0|0.0|3.2|180|80.1|18.2|0.04|0.14|43.6554|12.9006
04|54|0|0|1.5|3.2|180|80.4|18.2|0.04|0.14|43.6523|12.9006
04|55|0|0|0.0|3.2|180|80.6|18.2|0.04|0.14|43.6518|12.9006
04|56|0|180|2.9|3.2|180|80.5|18.3|0.04|0.14|43.6507|12.9006
04|57|0|180|0.0|3.2|180|80.2|18.3|0.04|0.14|43.6516|12.9006
04|58|0|180|0.0|3.2|180|79.9|18.3|0.03|0.14|43.6516|12.6168
04|59|0|180|1.5|3.2|180|79.6|18.3|0.03|0.14|43.6516|12.6168
05|00|0|225|3.2|3.2|180|79.4|18.3|0.03|0.14|43.6502|12.6168
05|01|0|225|1.5|3.2|180|79.2|18.4|0.03|0.14|43.6515|12.6168
05|02|0|225|0.0|3.2|180|79.1|18.4|0.04|0.15|43.6516|12.6168
05|03|0|225|1.6|3.2|180|79.0|18.4|0.04|0.15|43.6486|12.6168
05|04|0|225|0.0|3.2|180|78.9|18.4|0.03|0.15|43.6506|12.3299
05|07|0|225|0.0|3.2|180|78.9|18.4|0.04|0.17|43.651|12.3299
05|08|0|225|0.0|3.2|180|79.0|18.4|0.04|0.17|43.6509|12.6168
05|09|0|225|0.0|3.2|180|79.1|18.4|0.04|0.17|43.6486|12.6168
05|10|0|225|0.0|3.2|180|79.3|18.5|0.04|0.17|43.6483|12.6168
05|11|0|225|0.0|3.2|180|79.5|18.5|0.04|0.17|43.6485|12.6168
05|12|0|225|0.0|3.2|180|79.7|18.6|0.04|0.17|43.6489|12.6168
05|13|0|225|0.0|3.2|180|79.6|18.6|0.04|0.17|43.6516|12.6168
05|14|0|225|0.0|3.2|180|79.4|18.6|0.04|0.17|43.6522|12.6168
05|15|0|0|1.5|3.2|180|79.2|18.6|0.04|0.17|43.655|12.6168
05|17|0|270|1.5|3.2|180|78.9|18.5|0.04|0.17|43.6498|12.3299
05|18|0|270|1.6|3.2|180|78.8|18.5|0.04|0.17|43.6473|12.3299
05|19|0|270|2.9|4.4|270|78.9|18.5|0.04|0.17|43.648|12.3299
05|21|0|270|2.9|4.4|270|79.2|18.4|0.04|0.17|43.6475|12.6168
05|22|0|90|1.5|4.4|270|79.4|18.4|0.04|0.17|43.6457|12.6168
05|24|0|90|0.0|4.4|270|79.2|18.3|0.03|0.17|43.6423|12.6168
05|25|0|270|0.0|4.4|270|79.2|18.3|0.03|0.17|43.6427|12.6168
05|26|0|270|0.0|4.4|270|79.2|18.3|0.03|0.17|43.6439|12.6168
05|27|0|270|1.6|4.4|270|79.1|18.3|0.04|0.18|43.6457|12.6168
05|28|0|270|1.5|4.4|270|78.9|18.3|0.04|0.18|43.6445|12.3299
05|29|0|270|0.0|4.4|270|79.0|18.3|0.04|0.18|43.6427|12.6168
05|30|0|270|1.6|4.4|270|79.2|18.3|0.04|0.18|43.6437|12.6168
05|31|0|315|1.6|4.4|270|79.5|18.2|0.04|0.18|43.6421|12.6168
05|32|0|315|1.5|4.4|270|79.5|18.2|0.04|0.18|43.6411|12.6168
05|33|0|315|1.6|4.4|270|79.7|18.2|0.04|0.18|43.6419|12.6168
05|34|0|315|1.5|4.4|270|79.7|18.0|0.04|0.18|43.6431|12.6168
05|35|0|315|1.5|4.4|270|79.6|18.0|0.04|0.18|43.6409|12.6168
05|36|0|315|0.0|4.4|270|79.5|18.0|0.04|0.18|43.6428|12.6168
05|37|0|315|1.5|4.4|270|79.7|18.0|0.04|0.18|43.6418|12.6168
05|38|0|315|1.5|4.4|270|79.9|18.0|0.04|0.18|43.6414|12.6168
05|39|0|315|1.5|4.4|270|80.2|18.0|0.04|0.18|43.6384|12.9006
05|40|0|315|1.5|4.4|270|80.4|18.0|0.04|0.18|43.6392|12.9006
05|44|0|225|1.5|4.4|270|80.2|18.2|0.04|0.18|43.6409|12.9006
05|45|0|225|0.0|4.4|270|80.1|18.3|0.04|0.18|43.6415|12.9006
05|46|0|225|0.0|4.4|270|80.1|18.3|0.04|0.18|43.6397|12.9006
05|48|0|225|0.0|4.4|270|79.9|18.3|0.04|0.18|43.6376|12.6168
05|49|0|225|1.5|4.4|270|79.8|18.4|0.04|0.18|43.6391|12.6168
05|51|0|45|1.5|4.4|270|79.8|18.4|0.03|0.18|43.6407|12.6168
05|52|0|45|0.0|4.4|270|79.8|18.4|0.03|0.18|43.6398|12.6168
05|53|0|270|1.5|4.4|270|79.8|18.4|0.03|0.18|43.639|12.6168
05|54|0|315|0.0|4.4|270|79.9|18.4|0.03|0.18|43.6393|12.6168
05|55|0|315|1.5|4.4|270|80.1|18.4|0.03|0.18|43.6406|12.9006
05|56|0|315|1.5|4.4|270|80.2|18.4|0.03|0.18|43.6383|12.9006
05|57|0|315|0.0|4.4|270|80.3|18.5|0.03|0.18|43.6378|12.9006
05|58|0|90|1.5|4.4|270|80.3|18.6|0.03|0.18|43.6384|12.9006
05|59|0|90|0.0|4.4|270|80.2|18.6|0.04|0.19|43.6392|12.9006
06|00|0|90|0.0|4.4|270|80.1|18.6|0.04|0.19|43.6355|12.9006
06|01|0|90|0.0|4.4|270|80.0|18.6|0.04|0.19|43.6358|12.9006
06|03|0|90|0.0|4.4|270|79.9|18.7|0.03|0.19|43.6367|12.6168
06|05|0|90|0.0|4.4|270|79.8|18.7|0.03|0.19|43.6303|12.6168
06|06|0|90|0.0|4.4|270|79.8|18.8|0.02|0.19|43.6332|12.6168
06|07|0|90|0.0|4.4|270|79.8|18.8|0.02|0.19|43.6335|12.6168
06|08|0|90|0.0|4.4|270|79.8|18.8|0.02|0.19|43.6323|12.6168
06|09|0|90|0.0|4.4|270|79.7|18.8|0.02|0.19|43.6314|12.6168
06|10|0|90|1.5|4.4|270|79.7|18.8|0.02|0.19|43.6333|12.6168
06|11|0|90|0.0|4.4|270|79.7|18.8|0.02|0.19|43.6333|12.6168
06|12|0|90|0.0|4.4|270|79.7|18.8|0.02|0.19|43.6335|12.6168
06|13|0|90|1.5|4.4|270|79.6|18.8|0.02|0.19|43.6326|12.6168
06|14|0|90|0.0|4.4|270|79.5|18.8|0.02|0.19|43.6302|12.6168
06|15|0|90|1.5|4.4|270|79.4|18.8|0.02|0.19|43.6279|12.6168
06|16|0|90|0.0|4.4|270|79.2|18.8|0.02|0.19|43.6299|12.6168
06|17|0|90|0.0|4.4|270|79.1|19.0|0.02|0.19|43.6325|13.5909
06|18|0|90|0.0|4.4|270|79.1|19.0|0.02|0.19|43.6286|13.5909
06|19|0|90|0.0|4.4|270|79.2|19.0|0.02|0.19|43.6278|13.5909
06|20|0|90|1.6|4.4|270|79.3|19.0|0.02|0.19|43.6301|13.5909
06|21|0|90|1.5|4.4|270|79.4|19.0|0.02|0.19|43.6299|13.5909
06|22|0|225|2.9|4.4|270|79.4|19.0|0.02|0.19|43.6289|13.5909
06|25|0|270|0.0|4.4|270|79.3|19.0|0.02|0.19|43.628|13.5909
06|27|0|225|2.9|4.4|270|79.3|19.1|0.01|0.19|43.6277|13.5909
06|28|0|225|1.5|4.4|270|79.3|19.0|0.01|0.19|43.6262|13.5909
06|29|0|135|3.2|4.4|270|79.4|19.0|0.01|0.19|43.6286|13.5909
06|30|0|225|1.5|4.4|270|79.5|19.0|0.01|0.19|43.6305|13.5909
06|31|0|270|1.5|4.4|270|79.6|19.0|0.01|0.19|43.6227|13.5909
06|32|0|225|1.5|4.8|270|79.7|19.0|0.01|0.19|43.6212|13.5909
06|33|0|180|0.0|4.8|270|79.7|19.0|0.01|0.19|43.626|13.5909
06|34|0|45|1.5|4.8|270|79.8|19.0|0.01|0.19|43.6248|13.5909
06|35|0|315|1.6|4.8|270|79.8|19.0|0.01|0.19|43.6244|13.5909
06|36|0|315|4.4|4.8|315|79.9|19.0|0.01|0.19|43.6186|13.5909
06|37|0|270|4.4|4.8|315|80.3|19.0|0.01|0.19|43.6245|13.876
06|38|0|135|1.6|4.8|315|80.3|19.0|0.01|0.19|43.6206|13.876
06|39|0|0|1.5|4.8|315|80.3|19.1|0.01|0.19|43.6156|13.876
06|40|0|0|0.0|4.8|315|80.3|19.1|0.01|0.19|43.6134|13.876
06|41|0|225|1.5|4.8|315|80.2|19.1|0.01|0.19|43.6166|13.876
06|42|0|225|1.5|4.8|315|80.1|19.2|0.01|0.19|43.6168|13.876
06|43|0|315|0.0|4.8|315|80.0|19.2|0.01|0.19|43.6161|13.876
06|44|0|68|1.5|4.8|315|80.0|19.3|0.01|0.19|43.6168|13.876
06|46|0|90|0.0|4.8|315|79.9|19.3|0.01|0.19|43.6175|13.5909
06|47|0|90|0.0|4.8|315|79.8|19.3|0.01|0.19|43.6148|13.5909
06|48|0|45|1.5|4.8|315|79.8|19.3|0.01|0.19|43.6164|13.5909
06|49|0|45|1.6|4.8|315|79.6|19.3|0.02|0.20|43.6168|13.5909
06|50|0|45|0.0|4.8|315|79.6|19.3|0.02|0.20|43.6203|13.5909
06|52|0|45|0.0|4.8|315|79.6|19.3|0.02|0.20|43.6122|13.5909
06|53|0|45|0.0|4.8|315|79.5|19.3|0.02|0.20|43.6136|13.5909
06|54|0|45|1.5|4.8|315|79.4|19.3|0.02|0.20|43.6125|13.5909
06|55|0|270|1.5|4.8|315|79.4|19.3|0.02|0.20|43.6143|13.5909
06|56|0|315|2.9|4.8|315|79.4|19.2|0.02|0.20|43.611|13.5909
06|57|0|270|1.6|4.8|315|79.5|19.2|0.02|0.20|43.612|13.5909
06|59|0|315|1.6|4.8|315|79.4|19.2|0.01|0.20|43.6116|13.5909
07|00|0|270|1.5|4.8|315|79.3|19.2|0.01|0.20|43.6101|13.5909
07|01|0|0|1.6|4.8|315|79.3|19.2|0.01|0.20|43.6063|13.5909
07|02|0|315|2.9|4.8|315|79.2|19.2|0.01|0.20|43.6108|13.5909
07|04|0|315|4.4|4.8|315|79.2|19.1|0.01|0.20|43.6136|13.5909
07|05|0|315|4.8|7.3|315|79.1|18.8|0.01|0.20|43.6103|12.6168
07|06|0|315|4.4|7.3|315|79.1|18.8|0.01|0.20|43.6135|12.6168
07|07|0|315|4.8|7.3|315|79.1|18.7|0.01|0.20|43.6097|12.6168
07|08|0|315|2.9|7.3|315|79.0|18.7|0.01|0.20|43.608|12.6168
07|09|0|315|4.4|7.3|315|78.9|18.7|0.01|0.20|43.6094|12.3299
07|10|0|315|4.4|7.3|315|78.8|18.6|0.01|0.20|43.6081|12.3299
07|11|0|315|3.2|7.3|315|78.8|18.6|0.01|0.20|43.608|12.3299
07|12|0|270|2.9|7.3|315|78.7|18.6|0.01|0.20|43.6071|12.3299
07|13|0|270|4.4|7.3|315|78.7|18.6|0.01|0.20|43.6037|12.3299
07|14|0|315|4.4|7.3|315|78.8|18.6|0.01|0.20|43.603|12.3299
07|15|0|315|4.4|7.3|315|78.9|18.5|0.01|0.20|43.602|12.3299
07|16|0|315|3.2|7.3|315|78.9|18.5|0.01|0.20|43.6007|12.3299
07|17|0|315|2.9|7.3|315|79.0|18.5|0.01|0.20|43.5993|12.6168
07|18|0|315|2.9|7.3|315|79.0|18.5|0.01|0.20|43.6012|12.6168
07|19|0|315|4.8|7.3|315|79.1|18.5|0.01|0.20|43.5991|12.6168
07|20|0|315|4.4|7.3|315|79.1|18.5|0.01|0.20|43.5989|12.6168
07|21|0|315|4.8|7.3|315|79.2|18.4|0.01|0.20|43.5956|12.6168
07|22|0|315|4.8|7.3|315|79.4|18.4|0.01|0.20|43.5944|12.6168
07|23|0|315|2.9|7.3|315|79.5|18.5|0.01|0.20|43.6025|12.6168
07|25|0|315|4.4|7.3|315|79.7|18.4|0.01|0.20|43.5945|12.6168
07|26|0|315|2.9|7.3|315|79.8|18.4|0.01|0.20|43.596|12.6168
07|27|0|315|2.9|7.3|315|79.9|18.4|0.01|0.20|43.5948|12.6168
07|28|0|315|3.2|7.3|315|80.1|18.3|0.01|0.20|43.5924|12.9006
07|29|0|315|2.9|7.3|315|80.2|18.3|0.01|0.20|43.5964|12.9006
07|30|0|315|2.9|7.3|315|80.2|18.3|0.01|0.20|43.5947|12.9006
07|31|0|315|6.5|7.3|315|80.5|18.3|0.01|0.20|43.5945|12.9006
07|32|0|315|2.9|7.3|315|80.9|18.3|0.01|0.20|43.594|12.9006
07|33|0|315|4.4|7.3|315|81.0|18.3|0.01|0.20|43.591|13.1811
07|34|0|315|4.8|7.3|315|81.1|18.2|0.01|0.20|43.592|13.1811
07|35|0|315|5.8|7.3|315|81.2|18.2|0.01|0.20|43.5908|13.1811
07|36|0|315|3.2|7.3|315|81.3|18.2|0.01|0.20|43.5918|13.1811
07|38|0|315|4.8|7.3|315|81.5|18.3|0.01|0.20|43.5908|13.1811
07|39|0|315|4.4|7.3|315|81.5|18.3|0.01|0.20|43.5912|13.1811
07|40|0|0|2.9|7.3|315|81.5|18.3|0.01|0.20|43.5915|13.1811
07|41|0|0|2.9|7.3|315|81.5|18.4|0.01|0.20|43.5899|13.1811
07|42|0|315|2.9|7.3|315|81.5|18.4|0.01|0.20|43.5897|13.1811
07|44|0|315|2.9|7.3|315|81.4|18.5|0.01|0.20|43.5905|13.1811
07|46|0|315|4.4|7.3|315|81.4|18.5|0.01|0.20|43.5934|13.1811
07|47|0|315|4.4|7.3|315|81.4|18.5|0.01|0.20|43.5929|13.1811
07|48|0|315|5.8|7.3|315|81.5|18.5|0.00|0.20|43.5852|13.1811
07|49|0|315|3.2|7.3|315|81.6|18.5|0.00|0.20|43.5872|13.1811
07|50|0|315|2.9|7.3|315|81.7|18.6|0.00|0.20|43.5911|13.1811
07|51|0|315|1.5|7.3|315|81.7|18.7|0.00|0.20|43.5908|13.1811
07|52|0|315|4.8|7.3|315|81.7|18.6|0.00|0.20|43.5844|13.1811
07|53|0|338|2.9|7.3|315|81.7|18.7|0.00|0.20|43.5853|13.1811
07|54|0|0|1.5|7.3|315|81.7|18.7|0.00|0.20|43.5829|13.1811
07|55|0|315|3.2|7.3|315|81.7|18.8|0.00|0.20|43.5853|13.1811
07|56|0|270|1.5|7.3|315|81.6|18.8|0.00|0.20|43.5869|13.1811
07|57|0|315|2.9|7.3|315|81.5|19.0|0.00|0.20|43.5839|14.1579
07|58|0|315|2.9|7.3|315|81.4|19.0|0.00|0.20|43.5849|14.1579
07|59|0|315|1.5|7.3|315|81.5|19.0|0.00|0.20|43.586|14.1579
08|00|0|315|4.4|7.3|315|81.5|19.1|0.00|0.20|43.5847|14.1579
08|01|0|315|4.4|7.3|315|81.6|19.0|0.00|0.20|43.5818|14.1579
08|03|0|315|3.2|7.3|315|81.6|19.0|0.00|0.20|43.5812|14.1579
08|04|0|315|4.4|7.3|315|81.7|19.0|0.00|0.20|43.577|14.1579
08|05|0|315|2.9|7.3|315|81.7|19.1|0.00|0.20|43.5816|14.1579
08|06|0|315|3.2|7.3|315|81.7|19.1|0.00|0.20|43.58|14.1579
08|07|0|315|1.5|7.3|315|81.7|19.1|0.00|0.20|43.5802|14.1579
08|08|0|315|0.0|7.3|315|81.7|19.2|0.00|0.20|43.578|14.1579
08|09|0|315|1.6|7.3|315|81.6|19.2|0.00|0.20|43.5742|14.1579
08|10|0|315|2.9|7.3|315|81.4|19.2|0.00|0.20|43.5758|14.1579
08|12|0|315|2.9|7.3|315|81.0|19.3|0.00|0.20|43.5788|14.1579
08|13|0|270|1.5|7.3|315|80.9|19.4|0.00|0.20|43.5818|13.876
08|14|0|270|1.5|7.3|315|80.8|19.4|0.00|0.20|43.5807|13.876
08|15|0|315|2.9|7.3|315|80.8|19.5|0.00|0.20|43.5801|13.876
08|16|0|270|1.6|7.3|315|80.7|19.6|0.00|0.20|43.5842|13.876
08|18|0|315|1.5|7.3|315|80.5|19.7|0.00|0.20|43.5856|13.876
08|19|0|315|1.6|7.3|315|80.5|19.7|0.00|0.20|43.5818|13.876
08|20|0|270|1.5|7.3|315|80.5|19.8|0.00|0.20|43.5814|13.876
08|22|0|270|1.6|7.3|315|80.4|19.8|0.00|0.20|43.5812|13.876
08|23|0|225|1.5|7.3|315|80.3|20.0|0.00|0.20|43.5813|14.8514
08|24|0|270|1.5|7.3|315|80.2|20.1|0.00|0.20|43.5812|14.8514
08|25|0|270|3.2|7.3|315|80.1|20.1|0.00|0.20|43.5837|14.8514
08|27|0|315|4.4|7.3|315|79.7|20.1|0.00|0.20|43.5735|14.5649
08|28|0|315|4.4|7.3|315|79.6|20.1|0.00|0.20|43.5756|14.5649
08|29|0|315|0.0|7.3|315|79.6|20.2|0.01|0.21|43.5795|14.5649
08|30|0|270|1.5|7.3|315|79.5|20.3|0.01|0.21|43.5772|14.5649
08|31|0|315|3.2|7.3|315|79.5|20.3|0.01|0.21|43.5752|14.5649
08|34|0|315|4.4|7.3|315|79.9|20.2|0.01|0.21|43.5744|14.5649
08|35|0|315|2.9|7.3|315|79.9|20.2|0.01|0.21|43.5759|14.5649
08|36|0|315|4.4|7.3|315|80.0|20.2|0.02|0.22|43.5729|14.8514
08|37|0|315|1.6|7.3|315|80.1|20.2|0.02|0.22|43.577|14.8514
08|38|0|315|2.9|7.3|315|80.1|20.2|0.02|0.22|43.5772|14.8514
08|39|0|315|2.9|7.3|315|79.9|20.3|0.02|0.22|43.5754|14.5649
08|41|0|315|2.9|7.3|315|80.0|20.3|0.02|0.22|43.5735|14.8514
08|42|0|270|1.6|7.3|315|79.9|20.4|0.02|0.22|43.5743|14.5649
08|43|0|270|4.4|7.3|315|79.8|20.4|0.02|0.22|43.5709|14.5649
08|44|0|315|3.2|7.3|315|79.6|20.5|0.02|0.22|43.57|14.5649
08|45|0|315|5.8|7.3|315|79.5|20.5|0.02|0.22|43.5667|14.5649
08|46|0|315|4.4|7.3|315|79.5|20.5|0.02|0.22|43.57|14.5649
08|47|0|270|1.5|7.3|315|79.7|20.6|0.02|0.22|43.572|14.5649
08|49|0|270|1.5|7.3|315|79.9|20.7|0.03|0.23|43.5733|14.5649
08|50|0|270|2.9|7.3|315|79.9|20.6|0.03|0.23|43.5682|14.5649
08|51|0|270|3.2|7.3|315|79.9|20.9|0.03|0.23|43.5735|14.5649
08|52|0|315|1.5|7.3|315|79.9|20.9|0.03|0.23|43.5684|14.5649
08|53|0|270|2.9|7.3|315|80.0|20.9|0.03|0.23|43.5649|14.8514
08|54|0|270|2.9|7.3|315|80.0|21.0|0.03|0.23|43.5696|15.8267
08|55|0|315|1.6|7.3|315|80.0|21.1|0.04|0.24|43.5693|15.8267
08|56|0|0|2.9|7.3|315|80.0|21.1|0.04|0.24|43.5676|15.8267
08|57|0|315|0.0|7.3|315|80.0|21.1|0.04|0.24|43.5694|15.8267
08|59|0|0|3.2|7.3|315|79.9|21.2|0.04|0.24|43.5629|15.5389
09|00|0|315|1.5|7.3|315|80.0|21.2|0.04|0.24|43.5651|15.8267
09|02|0|315|4.8|7.3|315|79.9|21.3|0.04|0.24|43.5644|15.5389
09|03|0|270|1.5|7.3|315|79.8|21.2|0.05|0.25|43.5631|15.5389
09|04|0|315|3.2|7.3|315|79.8|21.3|0.05|0.25|43.5606|15.5389
09|05|0|315|2.9|7.3|315|79.7|21.3|0.05|0.25|43.5604|15.5389
09|06|0|293|2.9|7.3|315|79.7|21.4|0.05|0.25|43.5614|15.5389
09|07|0|315|2.9|7.3|315|79.5|21.3|0.05|0.25|43.5582|15.5389
09|09|0|315|2.9|7.3|315|79.7|21.4|0.05|0.25|43.565|15.5389
09|10|0|315|4.4|7.3|315|79.7|21.4|0.05|0.25|43.5628|15.5389
09|11|0|315|6.5|7.3|315|79.7|21.4|0.05|0.25|43.5627|15.5389
09|12|0|315|2.9|7.3|315|79.6|21.4|0.05|0.25|43.5669|15.5389
09|13|0|315|4.4|7.3|315|79.5|21.4|0.05|0.25|43.5654|15.5389
09|14|0|315|4.4|7.3|315|79.6|21.5|0.05|0.25|43.5694|15.5389
09|15|0|270|1.5|7.3|315|79.5|21.6|0.05|0.25|43.5696|15.5389
09|17|0|315|2.9|7.3|315|79.2|21.8|0.05|0.25|43.5654|15.5389
09|19|0|315|2.9|7.3|315|79.0|21.9|0.05|0.25|43.5656|15.5389
09|20|0|315|1.6|7.3|315|78.8|21.9|0.05|0.25|43.566|15.2478
09|21|0|315|1.5|7.3|315|78.7|22.0|0.05|0.25|43.5658|16.2204
09|22|0|315|3.2|7.3|315|78.5|22.1|0.05|0.25|43.5606|16.2204
09|23|0|315|1.6|7.3|315|78.5|22.1|0.05|0.25|43.5566|16.2204
09|24|0|270|2.9|7.3|315|78.4|22.2|0.07|0.26|43.5566|16.2204
09|25|0|315|3.2|7.3|315|78.4|22.2|0.07|0.26|43.5529|16.2204
09|26|0|315|0.0|7.3|315|78.5|22.3|0.07|0.26|43.5594|16.2204
09|27|0|270|1.5|7.3|315|78.5|22.4|0.08|0.28|43.5592|16.2204
09|28|0|315|2.9|7.3|315|78.3|22.5|0.08|0.28|43.555|16.2204
09|29|0|315|4.4|7.3|315|78.1|22.5|0.07|0.28|43.549|16.2204
09|30|0|315|2.9|7.3|315|78.2|22.5|0.07|0.28|43.5489|16.2204
09|31|0|315|1.6|7.3|315|78.3|22.5|0.07|0.28|43.5508|16.2204
09|32|0|315|2.9|7.3|315|78.2|22.7|0.07|0.28|43.5499|16.2204
09|33|0|315|3.2|7.3|315|78.5|22.7|0.07|0.28|43.5482|16.2204
09|34|0|270|1.6|7.3|315|78.3|22.9|0.07|0.28|43.5517|16.2204
09|35|0|315|2.9|7.3|315|78.0|22.9|0.05|0.28|43.5493|16.2204
09|36|0|270|1.6|7.3|315|77.6|23.0|0.05|0.28|43.5527|16.8956
09|37|0|315|1.5|7.3|315|77.4|23.1|0.05|0.28|43.5498|16.8956
09|38|0|315|2.9|7.3|315|77.2|23.1|0.05|0.28|43.5479|16.8956
09|40|0|270|1.5|7.3|315|76.9|23.2|0.05|0.28|43.5497|16.595
09|41|0|270|1.5|7.3|315|76.5|23.3|0.05|0.28|43.5497|16.595
09|42|0|225|1.5|7.3|315|76.3|23.5|0.05|0.28|43.5549|16.595
09|43|0|315|2.9|7.3|315|76.2|23.6|0.05|0.28|43.5509|16.595
09|44|0|338|2.9|7.3|315|76.0|23.7|0.05|0.28|43.5476|16.595
09|45|0|338|1.5|7.3|315|76.1|23.8|0.05|0.28|43.5454|16.595
09|46|0|270|1.5|7.3|315|76.1|23.9|0.05|0.28|43.5474|16.595
09|47|0|225|1.6|7.3|315|75.9|24.0|0.05|0.28|43.5493|17.259
09|48|0|270|2.9|7.3|315|75.8|24.1|0.04|0.28|43.5465|17.259
09|49|0|270|0.0|7.3|315|75.3|24.2|0.04|0.28|43.5428|17.259
09|50|0|270|0.0|7.3|315|75.3|24.3|0.04|0.28|43.5363|17.259
09|51|0|270|0.0|7.3|315|75.3|24.6|0.04|0.28|43.5337|17.259
09|52|0|225|4.4|7.3|315|74.8|24.7|0.04|0.28|43.5405|16.9497
09|53|0|225|0.0|7.3|315|74.6|24.8|0.05|0.29|43.5397|16.9497
09|54|0|225|0.0|7.3|315|74.6|24.9|0.05|0.29|43.5358|16.9497
09|55|0|0|1.6|7.3|315|74.6|25.0|0.04|0.29|43.5327|17.9163
09|57|0|225|1.5|7.3|315|73.7|25.2|0.04|0.29|43.5399|17.6019
09|58|0|270|1.5|7.3|315|73.7|25.4|0.04|0.29|43.5392|17.6019
10|00|0|0|2.9|7.3|315|73.4|25.4|0.04|0.29|43.5361|17.6019
10|01|0|315|1.5|7.3|315|73.2|25.5|0.04|0.29|43.5401|17.6019
10|02|0|270|1.5|7.3|315|73.0|25.6|0.03|0.29|43.5439|17.6019
10|03|0|248|1.5|7.3|315|73.0|25.6|0.03|0.29|43.5407|17.6019
10|04|0|270|0.0|7.3|315|73.0|25.7|0.03|0.29|43.5365|17.6019
10|05|0|270|1.5|7.3|315|72.7|25.7|0.03|0.29|43.5321|17.2836
10|07|0|270|3.2|7.3|315|71.9|25.8|0.03|0.29|43.5347|16.9613
10|08|0|270|2.9|7.3|315|71.7|25.8|0.03|0.29|43.537|16.9613
10|09|0|315|3.2|7.3|315|71.2|25.8|0.03|0.29|43.5376|16.9613
10|10|0|315|1.5|7.3|315|71.1|25.8|0.03|0.29|43.5385|16.9613
10|11|0|315|4.4|7.3|315|71.0|25.6|0.03|0.29|43.5327|16.9613
10|12|0|315|2.9|7.3|315|71.6|25.6|0.03|0.29|43.5347|16.9613
10|13|0|315|0.0|7.3|315|71.7|25.7|0.03|0.29|43.5369|16.9613
10|14|0|315|4.4|7.3|315|71.8|25.6|0.03|0.29|43.5292|16.9613
10|15|0|315|1.6|7.3|315|72.2|25.6|0.03|0.29|43.5368|17.2836
10|16|0|225|1.5|7.3|315|72.3|25.7|0.03|0.29|43.5322|17.2836
10|17|0|270|1.6|7.3|315|72.4|25.8|0.03|0.29|43.5297|17.2836
10|19|0|315|2.9|7.3|315|72.5|25.9|0.03|0.29|43.5229|17.2836
10|21|0|293|1.6|7.3|315|71.8|25.9|0.03|0.29|43.5264|16.9613
10|22|0|270|1.5|7.3|315|71.3|26.0|0.03|0.29|43.5225|17.9234
10|23|0|315|4.4|7.3|315|71.1|26.0|0.04|0.30|43.52|17.9234
10|24|0|315|2.9|7.3|315|70.7|26.1|0.03|0.30|43.52|17.5956
10|25|0|315|4.4|7.3|315|70.6|26.1|0.03|0.30|43.5172|17.5956
10|26|0|315|1.6|7.3|315|71.0|26.1|0.03|0.30|43.5164|17.9234
10|27|0|315|2.9|7.3|315|70.9|26.3|0.02|0.30|43.5224|17.5956
10|28|0|315|2.9|7.3|315|70.9|26.3|0.02|0.30|43.5222|17.5956
10|29|0|270|2.9|7.3|315|70.6|26.3|0.02|0.30|43.5219|17.5956
10|30|0|293|1.5|7.3|315|70.0|26.4|0.02|0.30|43.5203|17.5956
10|31|0|315|1.6|7.3|315|69.7|26.5|0.02|0.30|43.5202|17.2636
10|32|0|0|2.9|7.3|315|69.5|26.5|0.02|0.30|43.5208|17.2636
10|33|0|0|0.0|7.3|315|69.9|26.6|0.02|0.30|43.52|17.2636
10|34|0|0|0.0|7.3|315|70.1|26.7|0.02|0.30|43.5249|17.5956
10|35|0|0|1.5|7.3|315|70.0|26.8|0.02|0.30|43.5249|17.5956
10|36|0|315|2.9|7.3|315|68.9|26.9|0.02|0.30|43.5203|16.9272
10|37|0|248|1.5|7.3|315|68.7|26.9|0.02|0.30|43.529|16.9272
10|38|0|270|1.5|7.3|315|68.9|27.2|0.02|0.30|43.5242|17.8846
10|40|0|0|2.9|7.3|315|69.0|27.2|0.02|0.30|43.5162|18.2224
10|41|0|0|1.5|7.3|315|69.2|27.3|0.02|0.30|43.5172|18.2224
10|42|0|203|1.5|7.3|315|69.5|27.4|0.02|0.30|43.5229|18.2224
10|43|0|315|4.4|7.3|315|69.7|27.4|0.02|0.30|43.5129|18.2224
10|44|0|315|1.6|7.3|315|69.7|27.4|0.02|0.30|43.514|18.2224
10|45|0|135|1.5|7.3|315|69.9|27.6|0.02|0.30|43.5195|18.2224
10|47|0|315|2.9|7.3|315|68.8|27.7|0.02|0.30|43.517|17.8846
10|48|0|315|1.5|7.3|315|67.8|27.8|0.02|0.30|43.5139|17.5422
10|49|0|315|0.0|7.3|315|67.3|28.0|0.02|0.30|43.5114|18.4979
10|50|0|315|2.9|7.3|315|67.4|28.0|0.02|0.30|43.5048|18.4979
10|51|0|270|2.9|7.3|315|67.6|28.1|0.02|0.30|43.5105|18.4979
10|52|0|270|1.6|7.3|315|67.7|28.1|0.01|0.30|43.51|18.4979
10|53|0|270|5.8|7.3|315|67.7|28.2|0.01|0.30|43.5096|18.4979
10|54|0|315|1.5|7.3|315|67.5|28.2|0.01|0.30|43.5059|18.4979
10|55|0|0|0.0|7.3|315|67.7|28.3|0.01|0.30|43.5019|18.4979
10|56|0|0|0.0|7.3|315|67.7|28.3|0.01|0.30|43.5013|18.4979
10|57|0|225|1.6|7.3|315|67.9|28.5|0.01|0.30|43.4994|18.4979
10|58|0|315|1.5|7.3|315|67.5|28.5|0.01|0.30|43.4953|18.4979
11|01|0|315|3.2|7.3|315|66.4|28.7|0.01|0.30|43.4902|18.1494
11|02|0|315|0.0|7.3|315|66.3|28.7|0.01|0.30|43.4918|18.1494
11|03|0|315|0.0|7.3|315|66.3|28.8|0.01|0.30|43.4921|18.1494
11|04|0|315|2.9|7.3|315|66.3|28.8|0.01|0.30|43.4896|18.1494
11|05|0|0|2.9|7.3|315|66.3|29.0|0.01|0.30|43.4853|19.1033
11|06|0|0|1.5|7.3|315|65.8|29.0|0.01|0.30|43.4854|18.7485
11|07|0|0|1.5|7.3|315|65.6|29.1|0.01|0.30|43.484|18.7485
11|08|0|0|0.0|7.3|315|65.1|29.1|0.01|0.30|43.4799|18.7485
11|09|0|0|0.0|7.3|315|65.2|29.2|0.01|0.30|43.4816|18.7485
11|10|0|0|0.0|7.3|315|65.5|29.3|0.01|0.30|43.4811|18.7485
11|11|0|0|0.0|7.3|315|65.6|29.4|0.01|0.30|43.4775|18.7485
11|12|0|270|1.5|7.3|315|65.6|29.5|0.01|0.30|43.4795|18.7485
11|13|0|270|1.6|7.3|315|64.9|29.5|0.01|0.30|43.4755|18.3887
11|14|0|315|1.5|7.3|315|64.4|29.5|0.01|0.30|43.4762|18.3887
11|15|0|225|0.0|7.3|315|64.3|29.6|0.01|0.30|43.4772|18.3887
11|16|0|270|1.5|7.3|315|64.5|29.6|0.01|0.30|43.4733|18.3887
11|18|0|0|1.5|7.3|315|64.3|29.7|0.01|0.30|43.4657|18.3887
11|20|0|315|1.6|7.3|315|64.3|29.7|0.01|0.30|43.4658|18.3887
11|21|0|270|0.0|7.3|315|64.3|29.9|0.01|0.30|43.4691|18.3887
11|22|0|270|1.5|7.3|315|63.9|29.9|0.00|0.30|43.4689|18.024
11|26|0|45|1.5|7.3|315|61.8|30.1|0.01|0.31|43.4614|18.2242
11|27|0|0|1.5|7.3|315|61.5|30.1|0.01|0.31|43.4603|18.2242
11|28|0|225|0.0|7.3|315|61.9|30.1|0.01|0.31|43.4625|18.2242
11|29|0|315|1.6|7.3|315|61.8|30.2|0.01|0.31|43.4557|18.2242
11|31|0|338|2.9|7.3|315|60.7|30.0|0.01|0.31|43.4518|17.8417
11|32|0|0|4.4|7.3|315|60.8|30.0|0.01|0.31|43.4477|17.8417
11|33|0|0|1.6|7.3|315|60.3|30.0|0.01|0.31|43.4467|17.8417
11|34|0|0|0.0|7.3|315|60.7|30.2|0.01|0.31|43.4473|17.8417
11|35|0|0|0.0|7.3|315|61.3|30.2|0.01|0.31|43.445|18.2242
11|36|0|315|1.5|7.3|315|61.5|30.2|0.01|0.31|43.4426|18.2242
11|37|0|315|3.2|7.3|315|61.9|30.3|0.01|0.31|43.4425|18.2242
11|39|0|315|3.2|7.3|315|62.3|30.3|0.01|0.31|43.4404|18.6012
11|40|0|270|1.5|7.3|315|62.7|30.3|0.01|0.31|43.4447|18.6012
11|41|0|270|4.4|7.3|315|62.8|30.3|0.01|0.31|43.4439|18.6012
11|42|0|315|4.4|7.3|315|62.5|30.2|0.01|0.31|43.4397|18.6012
11|43|0|315|5.8|7.3|315|63.1|30.2|0.01|0.31|43.4367|18.9728
11|44|0|315|4.4|7.3|315|63.1|30.1|0.01|0.31|43.4357|18.9728
11|45|0|315|4.4|7.3|315|63.1|30.1|0.01|0.31|43.4334|18.9728
11|46|0|315|6.5|7.3|315|63.6|30.0|0.01|0.31|43.4341|18.9728
11|47|0|270|1.6|7.3|315|63.0|30.0|0.01|0.31|43.4396|18.9728
11|48|0|315|4.4|7.3|315|62.8|30.0|0.01|0.31|43.4359|18.6012
11|49|0|270|6.4|7.3|315|62.6|29.7|0.01|0.31|43.4286|17.6541
11|50|0|315|5.8|8.7|315|62.5|29.6|0.01|0.31|43.4311|17.6541
11|51|0|315|7.3|8.7|315|63.3|29.5|0.01|0.31|43.4272|18.024
11|52|0|315|4.4|8.7|315|63.8|29.5|0.01|0.31|43.4226|18.024
11|53|0|315|2.9|8.7|315|63.6|29.5|0.01|0.31|43.4245|18.024
11|54|0|270|2.9|8.7|315|63.5|29.5|0.01|0.31|43.4207|18.024
11|55|0|315|2.9|8.7|315|63.7|29.5|0.01|0.31|43.4196|18.024
11|56|0|270|4.4|8.7|315|63.6|29.5|0.01|0.31|43.4214|18.024
11|57|0|315|2.9|8.7|315|63.1|29.5|0.02|0.32|43.4158|18.024
11|59|0|315|4.4|8.7|315|62.7|29.5|0.02|0.32|43.4173|17.6541
12|00|0|315|4.4|8.7|315|62.1|29.5|0.02|0.32|43.415|17.6541
12|01|0|315|7.3|8.7|315|61.6|29.4|0.02|0.32|43.4113|17.2788
12|02|0|270|2.9|8.7|315|61.9|29.4|0.02|0.32|43.4115|17.2788
12|03|0|270|2.9|8.7|315|62.7|29.5|0.02|0.32|43.4116|17.6541
12|04|0|315|4.4|8.7|315|63.4|29.5|0.02|0.32|43.406|18.024
12|06|0|315|2.9|8.7|315|65.4|29.5|0.02|0.32|43.4085|18.7485
12|07|0|315|3.2|8.7|315|64.8|29.6|0.02|0.32|43.4101|18.3887
12|08|0|315|3.2|8.7|315|64.4|29.6|0.02|0.32|43.4058|18.3887
12|09|0|315|5.8|8.7|315|64.9|29.6|0.02|0.32|43.4033|18.3887
12|10|0|315|5.8|8.7|315|64.0|29.6|0.02|0.32|43.4057|18.3887
12|11|0|315|4.4|8.7|315|65.0|29.6|0.02|0.32|43.4005|18.7485
12|13|0|315|5.8|8.7|315|65.0|29.7|0.02|0.32|43.3929|18.7485
12|14|0|315|4.8|8.7|315|65.5|29.7|0.02|0.32|43.3932|18.7485
12|15|0|315|1.5|8.7|315|66.0|29.9|0.02|0.32|43.3953|19.1033
12|16|0|315|1.5|8.7|315|66.4|30.0|0.02|0.32|43.3927|20.0571
12|18|0|315|6.4|8.7|315|66.5|29.9|0.02|0.32|43.3893|19.1033
12|19|0|315|2.9|8.7|315|66.6|29.9|0.02|0.32|43.3901|19.1033
12|20|0|315|4.8|8.7|315|67.0|29.7|0.02|0.32|43.3853|19.4534
12|21|0|315|6.4|8.7|315|67.5|29.7|0.02|0.32|43.3836|19.4534
12|24|0|315|5.8|8.7|315|67.0|29.6|0.02|0.32|43.3853|19.4534
12|25|0|315|7.3|8.7|315|68.0|29.6|0.01|0.32|43.3812|19.7989
12|26|0|315|10.2|10.2|315|68.6|29.6|0.01|0.32|43.376|19.7989
12|27|0|315|5.8|11.6|315|68.2|29.6|0.01|0.32|43.3826|19.7989
12|28|0|315|3.2|11.6|315|68.4|29.7|0.01|0.32|43.3791|19.7989
12|29|0|315|5.8|11.6|315|69.0|29.7|0.01|0.32|43.3728|20.14
12|30|0|315|4.4|11.6|315|67.7|29.6|0.01|0.32|43.37|19.4534
12|31|0|315|4.4|11.6|315|67.8|29.7|0.01|0.32|43.3744|19.4534
12|32|0|315|5.8|11.6|315|67.8|29.7|0.01|0.32|43.3763|19.4534
12|33|0|315|7.3|11.6|315|66.4|29.5|0.01|0.32|43.3722|19.1033
12|34|0|315|2.9|11.6|315|66.2|29.5|0.01|0.32|43.3645|19.1033
12|35|0|315|4.4|11.6|315|66.2|29.7|0.01|0.32|43.3635|19.1033
12|37|0|315|4.4|11.6|315|66.2|29.7|0.01|0.32|43.3587|19.1033
12|38|0|270|2.9|11.6|315|66.7|29.9|0.01|0.32|43.3627|19.1033
12|39|0|270|2.9|11.6|315|66.9|29.9|0.01|0.32|43.3638|19.1033
12|40|0|315|5.8|11.6|315|67.0|30.0|0.01|0.32|43.3584|20.4089
12|41|0|293|4.8|11.6|315|66.5|30.0|0.01|0.32|43.3543|20.0571
12|42|0|315|4.4|11.6|315|66.8|30.0|0.01|0.32|43.3499|20.0571
12|43|0|270|4.8|11.6|315|66.6|30.1|0.01|0.32|43.3537|20.0571
12|44|0|270|2.9|11.6|315|66.1|30.2|0.01|0.32|43.3583|20.0571
12|45|0|315|2.9|11.6|315|65.7|30.3|0.01|0.32|43.3569|19.7007
12|46|0|315|5.8|11.6|315|65.2|30.3|0.01|0.32|43.3518|19.7007
12|47|0|315|5.8|11.6|315|65.3|30.3|0.01|0.32|43.3474|19.7007
12|48|0|315|4.4|11.6|315|65.6|30.3|0.01|0.32|43.3418|19.7007
12|49|0|315|2.9|11.6|315|66.2|30.4|0.01|0.32|43.3382|20.0571
12|50|0|0|0.0|11.6|315|67.2|30.6|0.01|0.32|43.3353|20.4089
12|51|0|315|2.9|11.6|315|67.4|30.9|0.01|0.32|43.3384|20.4089
12|52|0|270|1.5|11.6|315|66.3|31.0|0.01|0.32|43.3416|21.0109
12|53|0|315|3.2|11.6|315|65.4|31.2|0.01|0.32|43.3392|20.6527
12|54|0|0|1.5|11.6|315|64.0|31.3|0.01|0.32|43.3305|20.2897
12|55|0|0|3.2|11.6|315|63.4|31.4|0.01|0.32|43.3258|19.9216
12|56|0|315|5.8|11.6|315|64.0|31.5|0.00|0.32|43.3217|20.2897
12|58|0|270|4.8|11.6|315|62.6|31.5|0.00|0.32|43.3259|19.5483
12|59|0|315|1.6|11.6|315|61.9|31.8|0.00|0.32|43.3346|19.1695
13|00|0|315|4.4|11.6|315|61.1|31.9|0.00|0.32|43.3355|19.1695
13|01|0|0|2.9|11.6|315|60.6|32.1|0.00|0.32|43.3364|19.7287
13|02|0|315|4.4|11.6|315|59.9|32.1|0.00|0.32|43.3306|19.3369
13|03|0|315|5.8|11.6|315|60.3|32.2|0.00|0.32|43.3233|19.7287
13|04|0|315|4.4|11.6|315|60.0|32.2|0.00|0.32|43.3178|19.7287
13|05|0|270|2.9|11.6|315|59.2|32.3|0.01|0.33|43.312|19.3369
13|06|0|315|3.2|11.6|315|59.4|32.6|0.01|0.33|43.31|19.3369
13|07|0|315|2.9|11.6|315|58.8|32.6|0.01|0.33|43.3071|18.9392
13|09|0|270|1.5|11.6|315|58.2|32.9|0.01|0.33|43.3075|18.9392
13|10|0|315|1.5|11.6|315|57.9|33.0|0.01|0.33|43.3013|19.4732
13|11|0|315|1.6|11.6|315|57.5|33.2|0.01|0.33|43.3003|19.4732
13|13|0|135|1.5|11.6|315|57.0|33.6|0.01|0.33|43.3004|19.4732
13|14|0|0|0.0|11.6|315|56.9|34.0|0.01|0.33|43.2965|19.997
13|15|0|315|2.9|11.6|315|56.5|34.4|0.01|0.33|43.2928|19.997
13|16|0|315|2.9|11.6|315|56.3|34.6|0.02|0.34|43.2952|19.997
13|18|0|315|4.4|11.6|315|56.4|34.7|0.02|0.34|43.2911|19.997
13|19|0|315|5.8|11.6|315|55.9|34.7|0.02|0.34|43.2886|19.5765
13|20|0|315|5.8|11.6|315|56.0|34.8|0.02|0.34|43.2868|19.997
13|21|0|315|2.9|11.6|315|55.3|34.9|0.02|0.34|43.2894|19.5765
13|22|0|68|2.9|11.6|315|54.9|35.2|0.02|0.34|43.2896|20.081
13|23|0|45|1.5|11.6|315|54.0|35.5|0.02|0.34|43.2901|20.081
13|24|0|0|1.5|11.6|315|54.0|35.6|0.02|0.34|43.2838|20.081
13|25|0|45|2.9|11.6|315|54.3|35.8|0.02|0.34|43.2843|20.081
13|27|0|315|4.4|11.6|315|53.6|36.2|0.02|0.34|43.2873|20.5744
13|28|0|315|4.8|11.6|315|54.2|36.3|0.02|0.34|43.2846|21.0128
13|29|0|315|2.9|11.6|315|54.1|36.3|0.02|0.34|43.2821|21.0128
13|30|0|315|1.6|11.6|315|54.1|36.6|0.02|0.34|43.2877|21.0128
13|31|0|225|1.5|11.6|315|52.9|37.0|0.02|0.34|43.2867|21.0563
13|32|0|225|0.0|11.6|315|52.2|37.3|0.02|0.34|43.2832|21.0563
13|33|0|315|4.8|11.6|315|50.4|37.6|0.02|0.34|43.2751|20.1374
13|34|0|315|4.4|11.6|315|50.1|37.8|0.02|0.34|43.2674|20.1374
13|35|0|315|4.8|11.6|315|50.6|38.0|0.02|0.34|43.2687|21.0608
13|36|0|270|2.9|11.6|315|50.6|38.1|0.02|0.34|43.2689|21.0608
13|38|0|270|2.9|11.6|315|49.8|38.2|0.02|0.34|43.2718|20.5869
13|39|0|315|2.9|11.6|315|48.9|38.3|0.02|0.34|43.2749|20.1044
13|40|0|315|5.8|11.6|315|49.2|38.3|0.02|0.34|43.2757|20.5869
13|41|0|315|2.9|11.6|315|48.6|38.2|0.02|0.34|43.2723|20.1044
13|42|0|315|2.9|11.6|315|48.6|38.1|0.02|0.34|43.2688|20.1044
13|43|0|0|2.9|11.6|315|49.1|38.3|0.03|0.35|43.2692|20.5869
13|44|0|0|5.8|11.6|315|49.3|38.4|0.03|0.35|43.2618|20.5869
13|45|0|0|5.8|11.6|315|48.7|38.3|0.03|0.35|43.2551|20.1044
13|46|0|0|3.2|11.6|315|48.8|38.3|0.03|0.35|43.2594|20.1044
13|48|0|315|3.2|11.6|315|49.6|38.9|0.03|0.35|43.2567|20.5869
13|49|0|315|4.4|11.6|315|49.3|39.1|0.03|0.35|43.2577|21.508
13|50|0|315|4.8|11.6|315|49.2|39.2|0.03|0.35|43.2607|21.508
13|51|0|270|5.8|11.6|315|48.4|39.2|0.03|0.35|43.2604|21.0233
13|53|0|270|2.9|11.6|315|49.1|39.4|0.03|0.35|43.263|21.508
13|54|0|270|4.4|11.6|315|48.2|39.5|0.03|0.35|43.2619|21.0233
13|55|0|315|2.9|11.6|315|47.0|39.8|0.03|0.35|43.2655|20.5296
13|57|0|0|2.9|11.6|315|46.8|40.0|0.03|0.35|43.2608|20.9409
13|58|0|315|4.4|11.6|315|46.4|40.1|0.03|0.35|43.2534|20.9409
13|59|0|315|4.4|11.6|315|47.5|40.0|0.03|0.35|43.2523|21.4463
14|00|0|0|4.4|11.6|315|48.5|40.1|0.03|0.35|43.259|21.9422
14|01|0|0|3.2|11.6|315|48.0|40.1|0.03|0.35|43.2546|21.9422
14|03|0|0|4.4|11.6|315|47.8|40.2|0.03|0.35|43.2473|21.4463
14|04|0|0|4.4|11.6|315|47.8|40.2|0.02|0.35|43.2539|21.4463
14|05|0|315|1.5|11.6|315|47.5|40.3|0.02|0.35|43.2599|21.4463
14|06|0|315|3.2|11.6|315|46.8|40.4|0.02|0.35|43.2571|20.9409
14|07|0|315|2.9|11.6|315|47.2|40.3|0.02|0.35|43.2553|21.4463
14|08|0|315|4.4|11.6|315|48.6|40.3|0.02|0.35|43.2486|21.9422
14|10|0|315|4.4|11.6|315|48.3|40.3|0.02|0.35|43.2471|21.9422
14|11|0|315|5.8|11.6|315|47.7|40.4|0.02|0.35|43.2486|21.4463
14|14|0|270|5.8|11.6|315|48.0|40.3|0.02|0.35|43.2523|21.9422
14|15|0|270|5.8|11.6|315|47.7|40.3|0.02|0.35|43.2588|21.4463
14|16|0|315|5.8|11.6|315|47.6|40.1|0.01|0.35|43.2617|21.4463
14|17|0|315|6.4|11.6|315|48.6|40.0|0.01|0.35|43.2608|21.9422
14|18|0|315|10.2|11.6|315|48.9|39.8|0.01|0.35|43.2562|21.0233
14|19|0|315|10.2|12.9|315|48.5|39.4|0.01|0.35|43.2465|21.0233
14|20|0|315|5.8|12.9|315|48.6|39.4|0.01|0.35|43.2499|21.0233
14|21|0|315|4.4|12.9|315|48.7|39.3|0.01|0.35|43.2476|21.0233
14|22|0|315|4.8|12.9|315|49.1|39.3|0.01|0.35|43.2534|21.508
14|23|0|315|8.7|14.5|315|49.2|39.0|0.01|0.35|43.2506|21.508
14|24|0|315|3.2|14.5|315|49.5|39.0|0.01|0.35|43.2519|21.508
14|25|0|315|5.8|14.5|315|50.0|39.0|0.01|0.35|43.2444|21.984
14|26|0|315|8.7|14.5|315|50.4|39.0|0.01|0.35|43.2465|21.984
14|27|0|315|4.8|14.5|315|49.6|39.0|0.01|0.35|43.2481|21.508
14|28|0|315|7.3|14.5|315|49.1|38.9|0.01|0.35|43.2489|20.5869
14|29|0|315|6.4|14.5|315|49.3|38.7|0.01|0.35|43.2516|20.5869
14|30|0|315|5.8|14.5|315|50.4|38.7|0.01|0.35|43.253|21.0608
14|31|0|315|6.4|14.5|315|51.0|38.9|0.01|0.35|43.2556|21.5263
14|33|0|315|7.3|14.5|315|51.0|39.0|0.01|0.35|43.2483|22.4516
14|34|0|315|8.1|14.5|315|50.4|38.9|0.01|0.35|43.2465|21.0608
14|36|0|315|7.3|14.5|315|49.4|38.6|0.01|0.35|43.2491|20.5869
14|37|0|315|4.8|14.5|315|49.3|38.5|0.01|0.35|43.2544|20.5869
14|38|0|315|5.8|14.5|315|49.4|38.5|0.01|0.35|43.2531|20.5869
14|39|0|315|6.4|14.5|315|49.5|38.5|0.01|0.35|43.2496|20.5869
14|40|0|0|5.8|14.5|315|50.0|38.5|0.01|0.35|43.2482|21.0608
14|41|0|315|8.7|14.5|315|49.7|38.5|0.01|0.35|43.2504|20.5869
14|42|0|315|3.2|14.5|315|48.5|38.4|0.01|0.35|43.254|20.1044
14|43|0|315|7.3|14.5|315|48.7|38.3|0.00|0.35|43.2531|20.1044
14|44|0|315|8.1|14.5|315|48.7|38.2|0.00|0.35|43.2495|20.1044
14|45|0|315|8.7|14.5|315|49.5|38.2|0.00|0.35|43.2481|20.5869
14|46|0|315|7.3|14.5|315|49.8|38.1|0.00|0.35|43.2444|20.5869
14|47|0|315|5.8|14.5|315|50.2|38.1|0.00|0.35|43.2463|21.0608
14|48|0|338|5.8|14.5|315|50.3|38.0|0.00|0.35|43.2441|21.0608
14|49|0|315|7.3|14.5|315|50.1|37.8|0.00|0.35|43.2426|20.1374
14|50|0|315|5.8|14.5|315|50.2|37.8|0.00|0.35|43.2428|20.1374
14|51|0|315|5.8|14.5|315|50.1|37.8|0.00|0.35|43.243|20.1374
14|52|0|315|4.4|14.5|315|50.6|37.8|0.00|0.35|43.2428|20.1374
14|53|0|0|3.2|14.5|315|50.3|38.0|0.00|0.35|43.2448|21.0608
14|54|0|0|4.4|14.5|315|50.0|38.0|0.00|0.35|43.2465|21.0608
14|56|0|315|5.8|14.5|315|49.1|38.1|0.00|0.35|43.2462|20.5869
14|57|0|315|4.4|14.5|315|48.6|38.1|0.00|0.35|43.2476|20.1044
14|58|0|270|4.4|14.5|315|48.2|38.1|0.00|0.35|43.2481|20.1044
14|59|0|315|3.2|14.5|315|48.2|38.1|0.00|0.35|43.2495|20.1044
15|00|0|0|1.5|14.5|315|48.1|38.2|0.00|0.35|43.2498|20.1044
15|01|0|315|2.9|14.5|315|48.8|38.3|0.00|0.35|43.2466|20.1044
15|02|0|315|3.2|14.5|315|49.0|38.4|0.00|0.35|43.2443|20.5869
15|03|0|338|4.4|14.5|315|49.0|38.4|0.00|0.35|43.241|20.5869
15|04|0|315|4.8|14.5|315|48.5|38.4|0.00|0.35|43.2389|20.1044
15|05|0|315|8.1|14.5|315|48.4|38.4|0.00|0.35|43.2384|20.1044
15|06|0|315|5.8|14.5|315|47.9|38.3|0.00|0.35|43.2388|19.6128
15|07|0|315|7.3|14.5|315|47.5|38.2|0.00|0.35|43.2387|19.6128
15|08|0|315|5.8|14.5|315|48.3|38.2|0.00|0.35|43.2362|20.1044
15|09|0|315|4.8|14.5|315|49.8|38.2|0.00|0.35|43.2333|20.5869
15|10|0|315|4.4|14.5|315|50.0|38.3|0.00|0.35|43.2341|21.0608
15|11|0|270|4.4|14.5|315|49.4|38.2|0.00|0.35|43.2336|20.5869
15|12|0|315|3.2|14.5|315|49.0|38.1|0.00|0.35|43.2291|20.5869
15|14|0|315|7.3|14.5|315|48.9|38.1|0.00|0.35|43.2273|20.1044
15|15|0|315|4.4|14.5|315|48.8|38.1|0.00|0.35|43.229|20.1044
15|16|0|315|5.8|14.5|315|49.1|38.1|0.00|0.35|43.2345|20.5869
15|17|0|270|4.8|14.5|315|48.9|38.1|0.00|0.35|43.2376|20.1044
15|18|0|270|7.3|14.5|315|48.6|38.2|0.00|0.35|43.2372|20.1044
15|19|0|315|4.8|14.5|315|48.7|38.2|0.00|0.35|43.2323|20.1044
15|20|0|315|5.8|14.5|315|49.1|38.2|0.00|0.35|43.2256|20.5869
15|21|0|315|4.8|14.5|315|49.8|38.2|0.00|0.35|43.2232|20.5869
15|22|0|315|5.8|14.5|315|49.7|38.3|0.00|0.35|43.2295|20.5869
15|23|0|315|2.9|14.5|315|49.1|38.2|0.00|0.35|43.2331|20.5869
15|24|0|315|5.8|14.5|315|49.1|38.4|0.00|0.35|43.233|20.5869
15|25|0|315|4.4|14.5|315|48.5|38.3|0.00|0.35|43.2243|20.1044
15|26|0|315|4.8|14.5|315|48.4|38.3|0.00|0.35|43.2228|20.1044
15|27|0|270|4.4|14.5|315|48.9|38.4|0.00|0.35|43.2298|20.1044
15|28|0|270|4.8|14.5|315|47.9|38.4|0.00|0.35|43.2328|19.6128
15|29|0|315|4.8|14.5|315|47.1|38.5|0.00|0.35|43.2302|19.6128
15|30|0|0|7.3|14.5|315|47.4|38.5|0.00|0.35|43.2235|19.6128
15|31|0|315|3.2|14.5|315|47.5|38.5|0.00|0.35|43.2283|19.6128
15|33|0|315|4.8|14.5|315|48.6|38.6|0.00|0.35|43.2325|20.1044
15|36|0|315|2.9|14.5|315|47.4|38.4|0.00|0.35|43.2324|19.6128
15|37|0|270|6.4|14.5|315|47.5|38.5|0.00|0.35|43.2365|19.6128
15|38|0|315|4.4|14.5|315|47.1|38.5|0.00|0.35|43.2385|19.6128
15|39|0|315|4.4|14.5|315|47.3|38.5|0.00|0.35|43.2307|19.6128
15|40|0|315|7.3|14.5|315|47.7|38.4|0.00|0.35|43.2259|19.6128
15|41|0|315|4.4|14.5|315|48.4|38.4|0.00|0.35|43.2266|20.1044
15|42|0|315|4.8|14.5|315|49.0|38.3|0.00|0.35|43.2299|20.5869
15|43|0|315|5.8|14.5|315|48.8|38.3|0.00|0.35|43.2291|20.1044
15|44|0|270|3.2|14.5|315|49.3|38.2|0.00|0.35|43.2301|20.5869
15|45|0|315|5.8|14.5|315|49.3|38.1|0.00|0.35|43.2302|20.5869
15|46|0|315|4.4|14.5|315|48.7|38.1|0.00|0.35|43.2307|20.1044
15|47|0|315|4.4|14.5|315|48.2|38.0|0.00|0.35|43.2321|20.1044
15|48|0|315|4.4|14.5|315|48.3|38.0|0.00|0.35|43.2323|20.1044
15|49|0|315|4.8|14.5|315|48.6|37.8|0.00|0.35|43.2302|19.1852
15|50|0|315|4.4|14.5|315|49.4|37.8|0.00|0.35|43.2314|19.6656
15|51|0|315|2.9|14.5|315|49.1|37.8|0.01|0.36|43.2321|19.6656
15|52|0|315|2.9|14.5|315|49.1|38.0|0.01|0.36|43.2315|20.5869
15|54|0|315|4.4|14.5|315|48.5|38.0|0.01|0.36|43.2309|20.1044
15|55|0|315|4.4|14.5|315|49.1|38.0|0.01|0.36|43.2285|20.5869
15|56|0|270|2.9|14.5|315|49.3|38.0|0.01|0.36|43.2322|20.5869
15|57|0|270|2.9|14.5|315|48.9|38.1|0.01|0.36|43.2345|20.1044
15|58|0|270|1.6|14.5|315|48.5|38.1|0.01|0.36|43.2363|20.1044
15|59|0|270|2.9|14.5|315|48.2|38.1|0.01|0.36|43.2356|20.1044
16|00|0|315|4.8|14.5|315|47.8|38.1|0.01|0.36|43.2325|19.6128
16|01|0|315|4.8|14.5|315|48.2|38.0|0.01|0.36|43.2297|20.1044
16|02|0|315|7.3|14.5|315|48.8|38.0|0.01|0.36|43.2274|20.1044
16|03|0|315|8.0|14.5|315|48.8|37.7|0.01|0.36|43.2265|19.1852
16|04|0|315|4.8|14.5|315|49.3|37.6|0.01|0.36|43.2298|19.6656
16|05|0|315|4.4|14.5|315|50.1|37.6|0.01|0.36|43.2298|20.1374
16|06|0|315|6.4|14.5|315|49.7|37.5|0.01|0.36|43.2302|19.6656
16|08|0|315|2.9|14.5|315|50.1|37.5|0.01|0.36|43.2308|20.1374
16|09|0|315|2.9|14.5|315|49.9|37.5|0.01|0.36|43.2299|19.6656
16|11|0|315|4.4|14.5|315|49.7|37.4|0.01|0.36|43.2276|19.6656
16|12|0|338|4.8|14.5|315|50.1|37.4|0.01|0.36|43.2265|20.1374
16|13|0|315|2.9|14.5|315|50.3|37.4|0.01|0.36|43.2285|20.1374
16|14|0|315|1.5|14.5|315|50.3|37.5|0.01|0.36|43.2307|20.1374
16|15|0|315|0.0|14.5|315|50.6|37.6|0.01|0.36|43.2321|20.1374
16|16|0|248|1.5|14.5|315|50.0|37.6|0.01|0.36|43.2325|20.1374
16|17|0|270|2.9|14.5|315|49.5|37.6|0.01|0.36|43.2318|19.6656
16|18|0|315|2.9|14.5|315|49.5|37.6|0.01|0.36|43.2293|19.6656
16|19|0|270|2.9|14.5|315|49.1|37.6|0.01|0.36|43.2316|19.6656
16|20|0|270|3.2|14.5|315|49.2|37.5|0.01|0.36|43.2332|19.6656
16|21|0|315|2.9|14.5|315|48.9|37.5|0.01|0.36|43.2333|19.1852
16|22|0|315|2.9|14.5|315|49.0|37.5|0.01|0.36|43.2307|19.6656
16|23|0|225|3.2|14.5|315|50.0|37.6|0.01|0.36|43.229|20.1374
16|24|0|315|1.5|14.5|315|49.7|37.6|0.01|0.36|43.2295|19.6656
16|26|0|270|1.5|14.5|315|49.8|37.6|0.01|0.36|43.23|19.6656
16|27|0|270|1.6|14.5|315|49.3|37.6|0.01|0.36|43.2307|19.6656
16|28|0|315|4.4|14.5|315|49.5|37.5|0.01|0.36|43.2286|19.6656
16|29|0|315|4.4|14.5|315|50.2|37.5|0.01|0.36|43.2273|20.1374
16|31|0|270|1.5|14.5|315|50.1|37.3|0.01|0.36|43.2278|20.1374
16|32|0|270|2.9|14.5|315|50.1|37.3|0.01|0.36|43.2276|20.1374
16|33|0|315|2.9|14.5|315|49.8|37.2|0.01|0.36|43.2293|19.6656
16|34|0|315|5.8|14.5|315|49.7|37.1|0.01|0.36|43.2307|19.6656
16|35|0|315|4.4|14.5|315|50.6|37.0|0.01|0.36|43.2291|20.1374
16|36|0|315|4.4|14.5|315|51.0|36.7|0.01|0.36|43.23|19.6752
16|37|0|315|4.8|14.5|315|51.7|36.6|0.01|0.36|43.2337|19.6752
16|38|0|315|6.4|14.5|315|52.1|36.5|0.01|0.36|43.2319|20.1287
16|40|0|315|3.2|14.5|315|52.7|36.3|0.01|0.36|43.2356|20.1287
16|41|0|315|2.9|14.5|315|52.5|36.2|0.01|0.36|43.2336|20.1287
16|42|0|270|1.5|14.5|315|52.5|36.2|0.01|0.36|43.2323|20.1287
16|43|0|315|2.9|14.5|315|52.1|36.0|0.01|0.36|43.2315|20.1287
16|44|0|315|2.9|14.5|315|51.9|36.0|0.01|0.36|43.2296|19.6752
16|45|0|315|2.9|14.5|315|51.8|36.0|0.01|0.36|43.2306|19.6752
16|48|0|270|3.2|14.5|315|51.8|36.0|0.01|0.36|43.2308|19.6752
16|50|0|270|3.2|14.5|315|51.3|36.0|0.01|0.36|43.2301|19.6752
16|51|0|315|4.4|14.5|315|51.2|36.0|0.01|0.36|43.2293|19.6752
16|52|0|315|5.8|14.5|315|51.1|35.9|0.00|0.36|43.2308|18.7494
16|53|0|315|3.2|14.5|315|51.3|35.9|0.00|0.36|43.2342|18.7494
16|54|0|225|2.9|14.5|315|51.8|35.9|0.00|0.36|43.2388|18.7494
16|55|0|225|1.6|14.5|315|51.9|35.9|0.00|0.36|43.2374|18.7494
16|56|0|315|1.5|14.5|315|51.4|35.9|0.00|0.36|43.2356|18.7494
16|57|0|315|2.9|14.5|315|51.2|35.9|0.00|0.36|43.2326|18.7494
16|58|0|315|2.9|14.5|315|50.9|35.9|0.00|0.36|43.229|18.2901
16|59|0|270|1.5|14.5|315|51.2|35.9|0.00|0.36|43.2289|18.7494
17|00|0|270|2.9|14.5|315|51.4|35.9|0.00|0.36|43.2286|18.7494
17|01|0|270|2.9|14.5|315|51.2|35.9|0.00|0.36|43.23|18.7494
17|03|0|248|3.2|14.5|315|51.0|35.9|0.00|0.36|43.2302|18.7494
17|04|0|270|1.5|14.5|315|51.0|35.9|0.00|0.36|43.2309|18.7494
17|05|0|225|1.6|14.5|315|51.2|35.9|0.00|0.36|43.2333|18.7494
17|07|0|225|1.6|14.5|315|51.4|35.9|0.00|0.36|43.234|18.7494
17|09|0|270|1.5|14.5|315|50.8|36.0|0.00|0.36|43.2203|19.2138
17|10|0|315|1.5|14.5|315|50.5|35.9|0.00|0.36|43.218|18.2901
17|11|0|270|1.5|14.5|315|50.0|35.9|0.00|0.36|43.2213|18.2901
17|12|0|270|1.5|14.5|315|49.9|35.9|0.00|0.36|43.2227|17.8225
17|13|0|270|4.4|14.5|315|49.7|35.9|0.00|0.36|43.2239|17.8225
17|14|0|225|2.9|14.5|315|49.5|35.8|0.00|0.36|43.2251|17.8225
17|15|0|270|1.5|14.5|315|49.3|35.8|0.00|0.36|43.2273|17.8225
17|16|0|225|0.0|14.5|315|49.5|35.8|0.00|0.36|43.2282|17.8225
17|18|0|270|1.5|14.5|315|49.5|35.8|0.00|0.36|43.2251|17.8225
17|19|0|270|1.5|14.5|315|49.0|35.8|0.01|0.37|43.2265|17.8225
17|20|0|270|0.0|14.5|315|48.8|35.8|0.01|0.37|43.2293|17.3463
17|21|0|270|0.0|14.5|315|49.0|35.8|0.01|0.37|43.2289|17.8225
17|22|0|270|0.0|14.5|315|49.0|35.8|0.01|0.37|43.2316|17.8225
17|23|0|270|0.0|14.5|315|49.2|35.8|0.01|0.37|43.2325|17.8225
17|24|0|270|1.6|14.5|315|49.2|35.8|0.02|0.39|43.2339|17.8225
17|26|0|315|1.6|14.5|315|49.1|35.6|0.02|0.39|43.2295|17.8225
17|27|0|315|1.5|14.5|315|49.0|35.6|0.02|0.39|43.2291|17.8225
17|28|0|315|1.5|14.5|315|49.2|35.5|0.02|0.39|43.2276|17.8225
17|29|0|315|1.6|14.5|315|49.5|35.5|0.02|0.39|43.23|17.8225
17|30|0|180|1.5|14.5|315|49.9|35.4|0.02|0.39|43.2304|17.8225
17|31|0|180|1.5|14.5|315|50.2|35.4|0.02|0.39|43.2299|18.2901
17|32|0|180|0.0|14.5|315|50.3|35.3|0.02|0.39|43.2278|18.2901
17|33|0|180|0.0|14.5|315|50.5|35.2|0.02|0.39|43.23|18.2901
17|34|0|180|1.6|14.5|315|50.6|35.2|0.02|0.39|43.2305|18.2901
17|35|0|180|1.5|14.5|315|50.6|35.0|0.02|0.39|43.2317|18.2901
17|37|0|270|1.6|14.5|315|51.0|34.9|0.02|0.39|43.2322|17.8235
17|38|0|270|1.5|14.5|315|51.0|34.9|0.02|0.39|43.2279|17.8235
17|39|0|270|1.5|14.5|315|50.9|34.9|0.02|0.39|43.23|17.3662
17|40|0|270|0.0|14.5|315|50.9|34.8|0.02|0.39|43.2283|17.3662
17|41|0|270|1.5|14.5|315|50.8|34.8|0.02|0.39|43.2278|17.3662
17|42|0|270|0.0|14.5|315|50.8|34.7|0.02|0.39|43.2252|17.3662
17|43|0|270|0.0|14.5|315|50.6|34.7|0.02|0.39|43.2297|17.3662
17|44|0|270|0.0|14.5|315|50.5|34.7|0.02|0.39|43.2297|17.3662
17|45|0|135|1.5|14.5|315|50.8|34.6|0.02|0.39|43.2283|17.3662
17|46|0|135|0.0|14.5|315|51.6|34.6|0.02|0.39|43.2319|17.8235
17|48|0|135|0.0|14.5|315|52.0|34.5|0.02|0.39|43.2339|18.2729
17|49|0|135|1.6|14.5|315|52.2|34.4|0.02|0.39|43.2307|18.2729
17|50|0|0|2.9|14.5|315|52.6|34.4|0.02|0.39|43.2298|18.2729
17|51|0|0|1.5|14.5|315|52.8|34.2|0.03|0.40|43.2315|18.2729
17|53|0|225|0.0|14.5|315|53.0|34.1|0.03|0.40|43.2331|18.7147
17|54|0|225|1.6|14.5|315|53.1|34.1|0.03|0.40|43.2344|18.7147
17|55|0|225|0.0|14.5|315|53.3|34.0|0.03|0.40|43.2284|18.7147
17|56|0|225|0.0|14.5|315|53.4|33.9|0.03|0.40|43.2281|17.7846
17|57|0|45|0.0|14.5|315|53.8|33.9|0.03|0.40|43.2293|17.7846
17|58|0|45|1.5|14.5|315|54.2|33.8|0.03|0.40|43.2316|18.2171
17|59|0|45|0.0|14.5|315|54.5|33.8|0.03|0.40|43.2336|18.2171
18|00|0|270|0.0|14.5|315|54.5|33.7|0.03|0.40|43.2312|18.2171
18|01|0|270|0.0|14.5|315|54.3|33.6|0.03|0.40|43.2302|18.2171
18|02|0|270|0.0|14.5|315|54.3|33.6|0.03|0.40|43.2309|18.2171
18|04|0|270|0.0|14.5|315|54.5|33.5|0.03|0.40|43.2314|18.2171
18|06|0|270|0.0|14.5|315|53.9|33.3|0.03|0.40|43.2347|17.7846
18|07|0|270|0.0|14.5|315|53.5|33.3|0.03|0.40|43.236|17.7846
18|09|0|45|1.5|14.5|315|53.6|33.3|0.03|0.40|43.2341|17.7846
18|10|0|0|1.5|14.5|315|53.3|33.2|0.03|0.40|43.2351|17.7846
18|11|0|0|1.5|14.5|315|54.0|33.2|0.03|0.40|43.2357|18.2171
18|12|0|0|1.5|14.5|315|54.6|33.1|0.03|0.40|43.2384|18.2171
18|13|0|0|1.5|14.5|315|54.7|33.1|0.03|0.40|43.2387|18.2171
18|14|0|0|0.0|14.5|315|54.7|33.0|0.03|0.40|43.2381|18.2171
18|15|0|45|1.5|14.5|315|54.8|33.0|0.03|0.40|43.2384|18.2171
18|17|0|45|1.5|14.5|315|55.3|32.8|0.03|0.40|43.2393|17.7084
18|18|0|45|0.0|14.5|315|55.5|32.8|0.03|0.40|43.243|17.7084
18|20|0|45|1.6|14.5|315|55.9|32.7|0.02|0.40|43.2408|17.7084
18|21|0|45|2.9|14.5|315|56.1|32.7|0.02|0.40|43.2351|18.1251
18|22|0|45|4.8|14.5|315|56.8|32.6|0.02|0.40|43.2325|18.1251
18|24|0|225|1.5|14.5|315|57.6|32.5|0.01|0.40|43.241|18.5353
18|25|0|225|0.0|14.5|315|57.6|32.3|0.01|0.40|43.2412|18.5353
18|26|0|23|2.9|14.5|315|57.6|32.3|0.01|0.40|43.2346|18.5353
18|27|0|45|4.8|14.5|315|58.1|32.1|0.01|0.40|43.2305|18.9392
18|29|0|0|0.0|14.5|315|58.4|32.0|0.01|0.40|43.2317|18.9392
18|30|0|225|1.5|14.5|315|58.2|32.0|0.01|0.40|43.2371|18.9392
18|31|0|225|1.5|14.5|315|58.3|32.0|0.01|0.40|43.2374|18.9392
18|32|0|225|0.0|14.5|315|58.6|31.9|0.01|0.40|43.236|17.9993
18|33|0|45|2.9|14.5|315|58.9|31.9|0.01|0.40|43.2328|17.9993
18|36|0|45|0.0|14.5|315|59.9|31.7|0.01|0.40|43.2342|18.3953
18|37|0|225|1.5|14.5|315|59.8|31.7|0.01|0.40|43.2351|18.3953
18|38|0|0|0.0|14.5|315|59.8|31.7|0.01|0.40|43.2321|18.3953
18|39|0|0|1.5|14.5|315|60.1|31.5|0.01|0.40|43.23|18.7853
18|40|0|90|1.5|14.5|315|60.2|31.5|0.01|0.40|43.2279|18.7853
18|41|0|180|1.5|14.5|315|60.1|31.4|0.01|0.40|43.2313|18.7853
18|42|0|225|1.5|14.5|315|60.2|31.4|0.01|0.40|43.2326|18.7853
18|43|0|225|0.0|14.5|315|60.3|31.3|0.01|0.40|43.2296|18.7853
18|44|0|225|1.5|14.5|315|60.4|31.3|0.01|0.40|43.226|18.7853
18|45|0|90|2.9|14.5|315|60.6|31.3|0.01|0.40|43.225|18.7853
18|46|0|135|0.0|14.5|315|60.6|31.2|0.01|0.40|43.2245|18.7853
18|48|0|180|1.5|14.5|315|60.9|31.2|0.01|0.40|43.2293|18.7853
18|49|0|180|1.5|14.5|315|61.0|31.0|0.01|0.40|43.2227|19.1695
18|50|0|90|0.0|14.5|315|61.1|31.1|0.01|0.40|43.2209|19.1695
18|53|0|180|0.0|14.5|315|61.8|30.8|0.00|0.40|43.2234|18.2242
18|54|0|90|1.5|14.5|315|61.7|30.8|0.00|0.40|43.2232|18.2242
18|55|0|180|1.6|14.5|315|62.0|30.8|0.00|0.40|43.2262|18.6012
18|56|0|158|2.9|14.5|315|62.2|30.5|0.00|0.40|43.227|18.6012
18|57|0|135|1.5|14.5|315|62.3|30.5|0.00|0.40|43.2296|18.6012
18|58|0|23|1.6|14.5|315|62.4|30.4|0.00|0.40|43.2256|18.6012
18|59|0|23|0.0|14.5|315|62.6|30.4|0.00|0.40|43.2275|18.6012
19|00|0|135|1.5|14.5|315|62.7|30.3|0.00|0.40|43.2288|18.6012
19|01|0|135|1.5|14.5|315|63.1|30.3|0.00|0.40|43.2276|18.9728
19|02|0|90|2.9|14.5|315|63.5|30.3|0.00|0.40|43.2278|18.9728
19|05|0|90|0.0|14.5|315|64.2|30.1|0.00|0.40|43.2249|19.3393
19|06|0|90|1.5|14.5|315|64.7|30.1|0.00|0.40|43.2221|19.3393
19|07|0|90|1.5|14.5|315|65.1|30.0|0.00|0.40|43.2246|19.7007
19|10|0|180|1.5|14.5|315|65.7|29.9|0.00|0.40|43.2252|18.7485
19|11|0|90|1.5|14.5|315|66.0|29.7|0.00|0.40|43.2206|19.1033
19|12|0|90|1.5|14.5|315|66.6|29.6|0.00|0.40|43.2173|19.1033
19|13|0|135|1.5|14.5|315|67.1|29.6|0.00|0.40|43.2199|19.4534
19|14|0|180|2.9|14.5|315|67.2|29.5|0.00|0.40|43.2201|19.4534
19|15|0|180|1.6|14.5|315|67.1|29.4|0.00|0.40|43.2173|19.4534
19|16|0|90|1.5|14.5|315|67.4|29.4|0.00|0.40|43.2173|19.4534
19|17|0|90|1.5|14.5|315|68.0|29.3|0.00|0.40|43.2178|19.7989
19|18|0|90|1.6|14.5|315|68.4|29.3|0.00|0.40|43.2198|19.7989
19|19|0|135|0.0|14.5|315|68.3|29.2|0.01|0.41|43.2177|19.7989
19|20|0|90|1.5|14.5|315|68.4|29.2|0.01|0.41|43.2171|19.7989
19|21|0|90|0.0|14.5|315|68.9|29.2|0.01|0.41|43.2179|19.7989
19|22|0|90|0.0|14.5|315|69.1|29.2|0.01|0.41|43.2172|20.14
19|23|0|90|1.5|14.5|315|69.0|29.1|0.01|0.41|43.2158|20.14
19|24|0|90|1.5|14.5|315|69.1|29.1|0.01|0.41|43.2164|20.14
19|25|0|45|1.5|14.5|315|69.5|29.1|0.01|0.41|43.215|20.14
19|26|0|45|0.0|14.5|315|69.6|29.1|0.01|0.41|43.2133|20.14
19|27|0|45|0.0|14.5|315|69.5|29.1|0.01|0.41|43.2108|20.14
19|28|0|45|0.0|14.5|315|69.6|29.1|0.01|0.41|43.2101|20.14
19|29|0|45|0.0|14.5|315|69.6|29.1|0.01|0.41|43.2148|20.14
19|32|0|45|0.0|14.5|315|69.5|29.0|0.01|0.41|43.2135|20.14
19|33|0|45|1.5|14.5|315|69.8|29.0|0.01|0.41|43.2119|20.14
19|34|0|45|0.0|14.5|315|70.1|29.0|0.01|0.41|43.2132|20.4766
19|35|0|45|0.0|14.5|315|70.2|29.0|0.01|0.41|43.2133|20.4766
19|36|0|45|0.0|14.5|315|70.2|28.8|0.01|0.41|43.2109|19.5164
19|37|0|45|0.0|14.5|315|70.1|28.8|0.01|0.41|43.2109|19.5164
19|38|0|45|0.0|14.5|315|70.4|28.8|0.01|0.41|43.2115|19.5164
19|39|0|45|0.0|14.5|315|70.7|29.0|0.01|0.41|43.2166|20.4766
19|40|0|45|0.0|14.5|315|70.9|28.8|0.01|0.41|43.2143|19.5164
19|41|0|45|1.5|14.5|315|71.1|28.8|0.01|0.41|43.2133|19.8472
19|42|0|45|0.0|14.5|315|71.1|28.8|0.01|0.41|43.214|19.8472
19|43|0|45|0.0|14.5|315|71.2|28.8|0.01|0.41|43.2155|19.8472
19|44|0|45|0.0|14.5|315|71.3|28.8|0.01|0.41|43.2139|19.8472
19|46|0|45|0.0|14.5|315|71.1|28.7|0.01|0.41|43.2142|19.8472
19|47|0|45|0.0|14.5|315|71.0|28.7|0.01|0.41|43.2135|19.8472
19|48|0|45|0.0|14.5|315|71.1|28.7|0.01|0.41|43.2131|19.8472
19|49|0|45|0.0|14.5|315|71.2|28.6|0.01|0.41|43.2146|19.8472
19|50|0|45|0.0|14.5|315|71.3|28.6|0.01|0.41|43.2143|19.8472
19|52|0|45|0.0|14.5|315|71.2|28.6|0.01|0.41|43.2141|19.8472
19|53|0|45|0.0|14.5|315|71.0|28.5|0.01|0.41|43.2128|19.8472
19|54|0|45|0.0|14.5|315|70.8|28.5|0.01|0.41|43.2137|19.5164
19|56|0|45|0.0|14.5|315|70.9|28.5|0.01|0.41|43.2107|19.5164
19|57|0|45|0.0|14.5|315|71.3|28.5|0.01|0.41|43.2115|19.8472
19|58|0|45|0.0|14.5|315|71.6|28.4|0.01|0.41|43.2102|19.8472
19|59|0|45|0.0|14.5|315|71.6|28.4|0.01|0.41|43.2107|19.8472
20|01|0|45|0.0|14.5|315|71.8|28.3|0.01|0.41|43.2115|19.8472
20|02|0|45|0.0|14.5|315|71.9|28.3|0.01|0.41|43.2131|19.8472
20|03|0|45|0.0|14.5|315|72.0|28.3|0.01|0.41|43.2147|20.174
20|04|0|45|0.0|14.5|315|71.8|28.2|0.01|0.41|43.2128|19.8472
20|05|0|45|1.5|14.5|315|71.8|28.2|0.01|0.41|43.2093|19.8472
20|06|0|45|0.0|14.5|315|72.0|28.1|0.01|0.41|43.207|20.174
20|07|0|45|0.0|14.5|315|71.9|28.1|0.01|0.41|43.2068|19.8472
20|08|0|45|0.0|14.5|315|71.9|28.0|0.01|0.41|43.2069|19.8472
20|09|0|45|0.0|14.5|315|71.9|28.0|0.01|0.41|43.2092|19.8472
20|10|0|45|0.0|14.5|315|71.9|27.8|0.01|0.41|43.2095|18.8854
20|11|0|45|0.0|14.5|315|71.9|27.8|0.01|0.41|43.2109|18.8854
20|13|0|45|1.5|14.5|315|71.9|27.7|0.01|0.41|43.2101|18.8854
20|14|0|45|1.6|14.5|315|71.9|27.7|0.01|0.41|43.2118|18.8854
20|15|0|45|0.0|14.5|315|71.7|27.6|0.01|0.41|43.209|18.8854
20|16|0|45|0.0|14.5|315|71.7|27.6|0.01|0.41|43.2095|18.8854
20|17|0|45|0.0|14.5|315|71.8|27.5|0.01|0.41|43.2086|18.8854
20|18|0|45|0.0|14.5|315|72.0|27.5|0.02|0.42|43.2072|19.2106
20|19|0|45|0.0|14.5|315|72.0|27.4|0.01|0.42|43.2067|19.2106
20|20|0|45|0.0|14.5|315|72.1|27.4|0.01|0.42|43.2088|19.2106
20|21|0|45|0.0|14.5|315|72.2|27.4|0.01|0.42|43.2084|19.2106
20|22|0|45|0.0|14.5|315|72.2|27.3|0.01|0.42|43.207|19.2106
20|23|0|45|0.0|14.5|315|72.4|27.3|0.01|0.42|43.2047|19.2106
20|24|0|45|0.0|14.5|315|72.7|27.3|0.01|0.42|43.2039|19.2106
20|25|0|45|1.6|14.5|315|72.8|27.3|0.01|0.42|43.2028|19.2106
20|27|0|45|1.5|14.5|315|73.0|27.3|0.01|0.42|43.203|19.5319
20|28|0|45|0.0|14.5|315|73.0|27.3|0.01|0.42|43.2029|19.5319
20|29|0|45|0.0|14.5|315|73.0|27.4|0.01|0.42|43.2047|19.5319
20|30|0|45|1.6|14.5|315|72.9|27.4|0.01|0.42|43.202|19.2106
20|31|0|45|0.0|14.5|315|72.9|27.4|0.01|0.42|43.199|19.2106
20|33|0|45|0.0|14.5|315|72.7|27.3|0.01|0.42|43.1976|19.2106
20|34|0|45|1.5|14.5|315|72.7|27.4|0.01|0.42|43.2|19.2106
20|35|0|45|0.0|14.5|315|72.7|27.4|0.01|0.42|43.2006|19.2106
20|36|0|45|0.0|14.5|315|72.7|27.4|0.01|0.42|43.2007|19.2106
20|37|0|45|0.0|14.5|315|72.5|27.5|0.01|0.42|43.202|19.2106
20|38|0|45|0.0|14.5|315|72.6|27.4|0.01|0.42|43.1999|19.2106
20|39|0|45|0.0|14.5|315|72.7|27.4|0.01|0.42|43.2002|19.2106
20|41|0|45|0.0|14.5|315|72.5|27.5|0.01|0.42|43.2008|19.2106
20|42|0|45|0.0|14.5|315|72.2|27.5|0.01|0.42|43.2012|19.2106
20|43|0|45|0.0|14.5|315|72.0|27.5|0.01|0.42|43.2032|19.2106
20|44|0|45|0.0|14.5|315|71.9|27.4|0.01|0.42|43.2011|18.8854
20|45|0|45|0.0|14.5|315|71.9|27.4|0.01|0.42|43.2006|18.8854
20|46|0|45|0.0|14.5|315|72.0|27.4|0.01|0.42|43.1996|19.2106
20|47|0|45|0.0|14.5|315|72.1|27.4|0.01|0.42|43.1989|19.2106
20|48|0|45|0.0|14.5|315|72.2|27.3|0.01|0.42|43.1959|19.2106
20|50|0|45|1.6|14.5|315|72.3|27.3|0.01|0.42|43.1947|19.2106
20|51|0|45|1.5|14.5|315|72.4|27.3|0.01|0.42|43.1975|19.2106
20|52|0|45|0.0|14.5|315|72.5|27.2|0.01|0.42|43.1982|19.2106
20|53|0|45|1.6|14.5|315|72.6|27.2|0.01|0.42|43.1997|19.2106
20|54|0|45|0.0|14.5|315|72.6|27.2|0.02|0.43|43.2019|19.2106
20|55|0|45|0.0|14.5|315|72.6|27.0|0.02|0.43|43.199|19.2106
20|56|0|45|0.0|14.5|315|72.8|27.0|0.02|0.43|43.1972|19.2106
20|57|0|45|0.0|14.5|315|73.0|27.0|0.02|0.43|43.1979|19.5319
20|58|0|45|0.0|14.5|315|73.1|27.0|0.02|0.43|43.1975|19.5319
20|59|0|90|1.6|14.5|315|73.3|27.0|0.02|0.43|43.1963|19.5319
21|00|0|90|1.6|14.5|315|73.5|27.0|0.02|0.43|43.1952|19.5319
21|02|0|179|0.0|14.5|315|73.6|27.0|0.02|0.43|43.1967|19.5319
21|03|0|179|1.5|14.5|315|73.6|27.0|0.02|0.43|43.1962|19.5319
21|04|0|90|0.0|14.5|315|73.5|27.0|0.02|0.43|43.1933|19.5319
21|05|0|90|3.2|14.5|315|73.6|27.2|0.02|0.43|43.1939|19.5319
21|06|0|90|1.5|14.5|315|73.8|27.2|0.02|0.43|43.1928|19.5319
21|07|0|90|0.0|14.5|315|74.1|27.2|0.02|0.43|43.1916|19.8493
21|09|0|90|0.0|14.5|315|74.2|27.2|0.02|0.43|43.1928|19.8493
21|10|0|90|0.0|14.5|315|74.1|27.2|0.02|0.43|43.1901|19.8493
21|11|0|90|0.0|14.5|315|74.0|27.2|0.02|0.43|43.1899|19.8493
21|12|0|90|1.5|14.5|315|73.8|27.3|0.02|0.43|43.1886|19.5319
21|15|0|90|0.0|14.5|315|73.8|27.3|0.02|0.43|43.1912|19.5319
21|16|0|90|0.0|14.5|315|73.8|27.3|0.02|0.43|43.1916|19.5319
21|17|0|90|0.0|14.5|315|73.7|27.3|0.02|0.43|43.1933|19.5319
21|18|0|90|1.6|14.5|315|73.7|27.3|0.02|0.44|43.1932|19.5319
21|19|0|90|0.0|14.5|315|73.8|27.3|0.02|0.44|43.1934|19.5319
21|20|0|90|0.0|14.5|315|73.8|27.3|0.02|0.44|43.1932|19.5319
21|21|0|90|0.0|14.5|315|73.8|27.3|0.02|0.44|43.1949|19.5319
21|22|0|90|0.0|14.5|315|73.7|27.3|0.02|0.44|43.1948|19.5319
21|23|0|315|1.5|14.5|315|73.7|27.2|0.02|0.44|43.1929|19.5319
21|24|0|315|0.0|14.5|315|73.6|27.2|0.02|0.44|43.1957|19.5319
21|25|0|270|1.5|14.5|315|73.5|27.2|0.02|0.44|43.1944|19.5319
21|26|0|270|0.0|14.5|315|73.4|27.2|0.02|0.44|43.1971|19.5319
21|27|0|270|0.0|14.5|315|73.4|27.2|0.02|0.44|43.1973|19.5319
21|28|0|270|1.5|14.5|315|73.5|27.0|0.02|0.44|43.1986|19.5319
21|30|0|270|1.6|14.5|315|73.7|27.0|0.02|0.44|43.1993|19.5319
21|31|0|45|1.5|14.5|315|73.7|27.0|0.02|0.44|43.1979|19.5319
21|32|0|45|0.0|14.5|315|73.8|26.9|0.02|0.44|43.1992|18.5669
21|33|0|225|3.2|14.5|315|73.8|26.9|0.02|0.44|43.2027|18.5669
21|34|0|225|1.5|14.5|315|74.0|26.9|0.02|0.44|43.2016|18.8828
21|35|0|225|0.0|14.5|315|74.1|26.8|0.02|0.44|43.1976|18.8828
21|36|0|225|0.0|14.5|315|74.1|26.8|0.02|0.44|43.2003|18.8828
21|37|0|225|0.0|14.5|315|74.1|26.8|0.02|0.44|43.2022|18.8828
21|38|0|225|0.0|14.5|315|74.2|26.8|0.02|0.44|43.2002|18.8828
21|39|0|225|0.0|14.5|315|74.3|26.8|0.02|0.44|43.2039|18.8828
21|40|0|225|0.0|14.5|315|74.4|26.8|0.02|0.44|43.2063|18.8828
21|41|0|225|0.0|14.5|315|74.5|26.8|0.02|0.44|43.2088|18.8828
21|42|0|180|1.6|14.5|315|74.5|26.8|0.02|0.44|43.2103|18.8828
21|43|0|180|1.5|14.5|315|74.6|26.8|0.02|0.44|43.2067|18.8828
21|44|0|135|0.0|14.5|315|74.8|26.8|0.02|0.44|43.2067|18.8828
21|45|0|135|0.0|14.5|315|74.8|26.8|0.02|0.44|43.2083|18.8828
21|46|0|0|1.5|14.5|315|74.9|26.8|0.02|0.44|43.2085|18.8828
21|47|0|0|0.0|14.5|315|74.9|26.8|0.03|0.45|43.2091|18.8828
21|48|0|0|1.5|14.5|315|74.9|26.7|0.03|0.45|43.2132|18.8828
21|49|0|0|1.6|14.5|315|74.9|26.7|0.03|0.45|43.2142|18.8828
21|51|0|270|1.6|3.2|270|74.8|26.7|0.03|0.00|43.2164|18.8828
21|52|0|225|1.5|3.2|225|74.9|26.6|0.03|0.00|43.2174|18.8828
21|53|0|225|0.0|3.2|225|74.8|26.6|0.03|0.00|43.2164|18.8828
21|54|0|0|1.5|3.2|225|74.9|26.6|0.03|0.00|43.2149|18.8828
21|55|0|0|0.0|3.2|225|75.2|26.6|0.03|0.00|43.2142|19.195
21|56|0|0|0.0|3.2|225|75.3|26.6|0.03|0.00|43.2169|19.195
21|57|0|0|1.6|3.2|225|75.3|26.6|0.03|0.00|43.218|19.195
21|58|0|225|1.5|3.2|225|75.3|26.6|0.02|0.00|43.2188|19.195
21|59|0|225|0.0|3.2|225|75.3|26.6|0.02|0.00|43.2178|19.195
22|00|0|225|0.0|3.2|225|75.4|26.6|0.02|0.00|43.2142|19.195
22|01|0|270|0.0|3.2|225|75.5|26.6|0.02|0.00|43.2144|19.195
22|03|0|270|1.6|3.2|225|75.7|26.7|0.02|0.00|43.2156|19.195
22|04|0|270|2.9|3.2|225|75.7|26.7|0.01|0.00|43.216|19.195
22|05|0|270|1.5|3.2|225|75.8|26.8|0.01|0.00|43.2171|19.195
22|06|0|270|0.0|3.2|225|75.8|26.8|0.01|0.00|43.2172|19.195
22|07|0|315|1.5|3.2|225|75.8|26.8|0.01|0.00|43.2179|19.195
22|08|0|315|1.5|3.2|225|75.7|26.9|0.01|0.00|43.221|19.195
22|09|0|315|0.0|3.2|225|75.5|26.9|0.01|0.00|43.221|19.195
22|10|0|270|0.0|3.2|225|75.4|26.9|0.01|0.00|43.223|19.195
22|11|0|270|1.6|3.2|225|75.4|26.9|0.01|0.00|43.2261|19.195
22|13|0|225|1.5|3.2|225|75.3|26.9|0.01|0.00|43.2284|19.195
22|14|0|225|1.5|3.2|225|75.2|26.9|0.01|0.00|43.2317|19.195
22|15|0|225|1.6|3.2|225|75.2|26.9|0.01|0.00|43.2347|19.195
22|16|0|225|1.5|3.2|225|75.2|26.9|0.01|0.00|43.2333|19.195
22|17|0|225|0.0|3.2|225|75.1|26.9|0.01|0.00|43.2351|19.195
22|18|0|225|0.0|3.2|225|75.1|26.9|0.01|0.00|43.2333|19.195
22|19|0|225|0.0|3.2|225|75.1|26.9|0.01|0.00|43.2342|19.195
22|20|0|225|0.0|3.2|225|75.1|26.9|0.01|0.00|43.2348|19.195
22|21|0|225|0.0|3.2|225|75.1|27.0|0.01|0.00|43.2337|20.1629
22|22|0|225|0.0|3.2|225|75.0|26.9|0.01|0.00|43.2295|19.195
22|23|0|225|0.0|3.2|225|75.0|27.0|0.01|0.00|43.227|20.1629
22|24|0|0|1.6|3.2|225|75.0|26.9|0.01|0.00|43.2244|19.195
22|25|0|0|1.5|3.2|225|75.1|27.0|0.01|0.00|43.226|20.1629
22|26|0|0|0.0|3.2|225|75.1|26.9|0.01|0.00|43.2274|19.195
22|28|0|180|1.5|3.2|225|75.0|26.9|0.00|0.00|43.2323|19.195
22|29|0|135|1.5|4.8|180|75.0|26.9|0.00|0.00|43.2349|19.195
22|30|0|135|1.5|4.8|180|75.1|26.9|0.00|0.00|43.2356|19.195
22|31|0|135|1.5|4.8|180|75.3|26.8|0.00|0.00|43.2347|19.195
22|32|0|135|0.0|4.8|180|75.5|26.8|0.00|0.00|43.2326|19.195
22|34|0|135|0.0|4.8|180|75.6|26.8|0.00|0.00|43.2346|19.195
22|35|0|135|0.0|4.8|180|75.7|26.8|0.00|0.00|43.2361|19.195
22|36|0|135|0.0|4.8|180|75.6|26.8|0.00|0.00|43.2353|19.195
22|38|0|135|1.5|4.8|180|75.3|26.7|0.00|0.00|43.2386|19.195
22|39|0|0|1.5|4.8|180|74.6|26.7|0.00|0.00|43.2371|18.8828
22|40|0|0|1.6|4.8|180|75.0|26.6|0.01|0.01|43.237|19.195
22|41|0|0|0.0|4.8|180|75.1|26.6|0.01|0.01|43.2386|19.195
22|43|0|0|2.9|4.8|180|75.3|26.5|0.01|0.01|43.2365|19.195
22|44|0|0|4.4|4.8|180|75.4|26.4|0.02|0.02|43.2356|19.195
22|45|0|0|1.5|4.8|180|75.6|26.3|0.02|0.02|43.24|19.195
22|46|0|0|0.0|4.8|180|75.7|26.3|0.02|0.02|43.2384|19.195
22|47|0|0|1.5|4.8|180|75.7|26.1|0.02|0.02|43.2378|19.195
22|48|0|0|1.5|4.8|180|76.0|26.1|0.02|0.02|43.2407|19.5035
22|49|0|0|0.0|4.8|180|76.1|26.1|0.02|0.02|43.2468|19.5035
22|50|0|0|0.0|4.8|180|75.9|26.1|0.02|0.02|43.2462|19.195
22|52|0|0|0.0|4.8|180|75.9|26.1|0.02|0.02|43.25|19.195
22|53|0|0|1.5|4.8|180|76.1|26.1|0.02|0.02|43.2486|19.5035
22|55|0|0|1.5|4.8|180|76.3|26.1|0.02|0.02|43.2493|19.5035
22|56|0|0|1.5|4.8|180|76.5|26.1|0.02|0.02|43.2483|19.5035
22|57|0|0|3.2|4.8|180|76.7|26.1|0.02|0.02|43.2497|19.5035
22|58|0|0|1.5|4.8|180|77.1|26.1|0.02|0.02|43.2544|19.8084
22|59|0|0|1.6|4.8|180|77.2|26.1|0.02|0.02|43.2508|19.8084
23|00|0|0|1.5|4.8|180|77.5|26.1|0.02|0.02|43.2513|19.8084
23|01|0|0|1.5|4.8|180|77.7|26.1|0.02|0.02|43.2528|19.8084
23|02|0|0|0.0|4.8|180|77.7|26.1|0.02|0.02|43.2539|19.8084
23|03|0|135|1.5|4.8|180|77.8|26.1|0.02|0.02|43.2554|19.8084
23|04|0|135|2.9|4.8|180|77.9|26.1|0.02|0.02|43.2561|19.8084
23|05|0|135|1.6|4.8|135|78.2|26.1|0.02|0.02|43.2568|20.1098
23|06|0|135|2.9|4.8|135|78.4|26.0|0.02|0.02|43.2587|20.1098
23|07|0|135|0.0|4.8|135|78.3|26.1|0.02|0.02|43.2601|20.1098
23|08|0|135|1.5|4.8|135|78.2|26.0|0.02|0.02|43.259|20.1098
23|09|0|90|0.0|4.8|135|78.2|26.0|0.02|0.02|43.2611|20.1098
23|10|0|135|0.0|4.8|135|78.1|26.0|0.02|0.02|43.2632|20.1098
23|11|0|135|0.0|4.8|135|78.0|26.0|0.02|0.02|43.2649|20.1098
23|12|0|135|0.0|4.8|135|77.9|26.0|0.02|0.02|43.2657|19.8084
23|13|0|135|0.0|4.8|135|77.8|26.1|0.02|0.02|43.2688|19.8084
23|14|0|135|1.5|4.8|135|77.7|26.1|0.03|0.03|43.2686|19.8084
23|16|0|135|1.6|4.8|135|77.8|26.1|0.03|0.03|43.2688|19.8084
23|17|0|135|1.5|4.8|135|77.9|26.0|0.03|0.03|43.2673|19.8084
23|18|0|45|0.0|4.8|135|78.0|26.0|0.03|0.03|43.2677|20.1098
23|19|0|45|0.0|4.8|135|78.0|26.0|0.03|0.03|43.2688|20.1098
23|20|0|45|0.0|4.8|135|78.0|26.0|0.03|0.03|43.268|20.1098
23|21|0|90|1.6|4.8|135|78.0|26.0|0.03|0.03|43.2688|20.1098
23|22|0|45|1.5|4.8|135|78.1|26.0|0.03|0.03|43.2695|20.1098
23|23|0|45|1.5|4.8|135|78.2|25.9|0.03|0.03|43.2692|19.1375
23|24|0|113|2.9|4.8|135|78.4|25.9|0.03|0.03|43.2655|19.1375
23|25|0|90|2.9|4.8|135|78.7|25.8|0.03|0.03|43.2651|19.1375
23|26|0|135|1.6|4.8|135|78.8|25.8|0.03|0.03|43.2671|19.1375
23|27|0|135|0.0|4.8|135|78.9|25.7|0.03|0.03|43.2665|19.1375
23|28|0|135|1.5|4.8|135|78.8|25.7|0.03|0.03|43.264|19.1375
23|29|0|135|1.5|4.8|135|78.9|25.8|0.03|0.03|43.2639|19.1375
23|30|0|90|1.5|4.8|135|78.9|25.8|0.03|0.03|43.2634|19.1375
23|31|0|90|2.9|4.8|135|78.8|25.8|0.03|0.03|43.2642|19.1375
23|32|0|90|2.9|4.8|135|78.7|25.8|0.03|0.03|43.2649|19.1375
23|33|0|90|0.0|4.8|135|78.6|25.9|0.03|0.03|43.267|19.1375
23|34|0|90|1.5|4.8|135|78.6|25.9|0.03|0.03|43.2674|19.1375
23|35|0|90|1.6|4.8|135|78.6|25.9|0.03|0.03|43.2669|19.1375
23|36|0|90|0.0|4.8|135|78.5|25.9|0.03|0.03|43.2694|19.1375
23|38|0|90|1.6|4.8|135|78.4|25.9|0.03|0.03|43.2676|19.1375
23|39|0|90|0.0|4.8|135|78.3|26.0|0.02|0.03|43.2681|20.1098
23|40|0|90|0.0|4.8|135|78.2|26.0|0.02|0.03|43.2673|20.1098
23|41|0|90|1.6|4.8|135|78.1|26.0|0.02|0.03|43.2656|20.1098
23|42|0|90|0.0|4.8|135|78.0|26.1|0.02|0.03|43.267|20.1098
23|43|0|90|0.0|4.8|135|78.0|26.1|0.02|0.03|43.2632|20.1098
23|44|0|90|0.0|4.8|135|77.9|26.1|0.01|0.03|43.2631|19.8084
23|45|0|90|1.5|4.8|135|77.9|26.1|0.01|0.03|43.2641|19.8084
23|46|0|180|1.6|4.8|135|77.9|26.1|0.01|0.03|43.2682|19.8084
23|47|0|180|1.5|4.8|135|77.8|26.0|0.01|0.03|43.2678|19.8084
23|49|0|23|1.6|4.8|135|77.8|26.0|0.01|0.03|43.2634|19.8084
23|50|0|0|1.5|4.8|135|77.8|26.0|0.01|0.03|43.2646|19.8084
23|51|0|0|0.0|4.8|135|77.8|26.0|0.01|0.03|43.2672|19.8084
23|52|0|0|0.0|4.8|135|77.6|26.0|0.01|0.03|43.2674|19.8084
23|53|0|0|1.5|4.8|135|77.5|26.0|0.01|0.03|43.2694|19.8084
23|54|0|0|0.0|4.8|135|77.5|26.0|0.01|0.03|43.2688|19.8084
23|55|0|0|0.0|4.8|135|77.4|26.0|0.01|0.03|43.2647|19.8084
23|56|0|0|1.5|4.8|135|77.4|26.0|0.01|0.03|43.2637|19.8084
23|57|0|0|0.0|4.8|135|77.5|26.0|0.01|0.03|43.2633|19.8084
23|58|0|0|1.5|4.8|135|77.5|26.0|0.01|0.03|43.2667|19.8084
