00|00|0|90|0.0|35.5|135|34.1|44.8|0.00|0.02|43.1414|17.4994
00|01|0|90|0.0|35.5|135|36.2|44.7|0.00|0.02|43.1398|18.823
00|02|0|90|0.0|35.5|135|35.8|44.8|0.00|0.02|43.142|18.1696
00|03|0|90|1.5|35.5|135|34.6|44.7|0.00|0.02|43.1418|17.4994
00|04|0|90|0.0|35.5|135|33.9|44.8|0.00|0.02|43.1446|16.8115
00|05|0|90|1.5|35.5|135|35.0|44.8|0.00|0.02|43.1465|18.1696
00|06|0|135|2.9|35.5|135|35.4|44.7|0.00|0.02|43.1457|18.1696
00|07|0|135|0.0|35.5|135|34.7|44.7|0.00|0.02|43.1474|17.4994
00|08|0|135|1.5|35.5|135|34.4|44.7|0.00|0.02|43.1465|17.4994
00|09|0|135|1.6|35.5|135|34.4|44.7|0.00|0.02|43.146|17.4994
00|10|0|135|0.0|35.5|135|34.4|44.7|0.00|0.02|43.1456|17.4994
00|11|0|135|0.0|35.5|135|34.2|44.7|0.00|0.02|43.1477|17.4994
00|12|0|180|3.2|35.5|135|34.6|44.7|0.00|0.02|43.1491|17.4994
00|13|0|180|2.9|35.5|135|34.8|44.7|0.00|0.02|43.1493|17.4994
00|14|0|180|1.6|35.5|135|34.4|44.6|0.00|0.02|43.1482|17.4994
00|15|0|180|1.5|35.5|135|34.2|44.7|0.00|0.02|43.1482|17.4994
00|17|0|180|0.0|35.5|135|34.0|44.7|0.00|0.02|43.1469|17.4994
00|18|0|180|0.0|35.5|135|34.1|44.7|0.00|0.02|43.1484|17.4994
00|19|0|135|2.9|35.5|135|34.1|44.7|0.00|0.02|43.15|17.4994
00|20|0|180|2.9|35.5|135|34.3|44.7|0.00|0.02|43.1507|17.4994
00|21|0|135|3.2|35.5|135|34.7|44.6|0.00|0.02|43.1514|17.4994
00|22|0|180|1.5|35.5|135|34.9|44.6|0.00|0.02|43.152|17.4994
00|23|0|135|3.2|35.5|135|35.1|44.6|0.00|0.02|43.1541|18.1696
00|24|0|135|1.5|35.5|135|34.9|44.6|0.00|0.02|43.1516|17.4994
00|25|0|90|0.0|35.5|135|35.0|44.5|0.00|0.02|43.151|18.1696
00|26|0|90|0.0|35.5|135|35.1|44.5|0.00|0.02|43.1505|18.1696
00|27|0|90|0.0|35.5|135|35.1|44.5|0.00|0.02|43.1518|18.1696
00|28|0|90|0.0|35.5|135|35.1|44.5|0.00|0.02|43.154|18.1696
00|29|0|180|0.0|35.5|135|35.1|44.5|0.00|0.02|43.1524|18.1696
00|30|0|68|0.0|35.5|135|35.2|44.5|0.00|0.02|43.1512|18.1696
00|31|0|45|2.9|35.5|135|35.4|44.5|0.00|0.02|43.1483|18.1696
00|32|0|45|3.2|35.5|135|35.6|44.4|0.00|0.02|43.1459|18.1696
00|33|0|23|2.9|35.5|135|36.0|44.3|0.00|0.02|43.1402|18.823
00|34|0|45|2.9|35.5|135|36.8|44.2|0.00|0.02|43.1412|18.823
00|35|0|45|2.9|35.5|135|38.1|44.2|0.00|0.02|43.1429|20.0828
00|37|0|90|1.5|35.5|135|39.8|44.0|0.00|0.02|43.1413|20.6908
00|38|0|68|1.6|35.5|135|39.9|43.9|0.00|0.02|43.1412|19.794
00|39|0|68|0.0|35.5|135|39.6|43.9|0.00|0.02|43.1429|19.794
00|40|0|68|0.0|35.5|135|38.9|43.9|0.00|0.02|43.1458|19.1887
00|41|0|68|0.0|35.5|135|38.3|43.8|0.00|0.02|43.1467|19.1887
00|42|0|68|0.0|35.5|135|38.0|43.8|0.00|0.02|43.1469|19.1887
00|43|0|68|0.0|35.5|135|37.9|43.8|0.00|0.02|43.1451|18.569
00|44|0|315|1.5|35.5|135|38.1|43.7|0.00|0.02|43.1451|19.1887
00|45|0|315|1.6|35.5|135|38.9|43.7|0.00|0.02|43.1469|19.1887
00|46|0|270|2.9|35.5|135|38.8|43.7|0.00|0.02|43.1468|19.1887
00|47|0|270|4.4|35.5|135|38.5|43.6|0.00|0.02|43.1476|19.1887
00|48|0|270|2.9|35.5|135|38.3|43.6|0.00|0.02|43.1491|19.1887
00|49|0|270|0.0|35.5|135|38.7|43.6|0.00|0.02|43.1493|19.1887
00|50|0|270|0.0|35.5|135|38.7|43.6|0.00|0.02|43.1511|19.1887
00|51|0|270|0.0|35.5|135|38.5|43.6|0.00|0.02|43.1489|19.1887
00|53|0|270|0.0|35.5|135|37.8|43.7|0.00|0.02|43.1508|18.569
00|54|0|270|0.0|35.5|135|37.5|43.7|0.00|0.02|43.1493|18.569
00|55|0|270|0.0|35.5|135|37.2|43.7|0.00|0.02|43.1472|18.569
00|56|0|270|0.0|35.5|135|37.0|43.7|0.00|0.02|43.1484|18.569
00|57|0|270|1.5|35.5|135|37.1|43.7|0.00|0.02|43.146|18.569
00|59|0|270|1.5|35.5|135|37.4|43.7|0.00|0.02|43.1465|18.569
01|00|0|270|0.0|35.5|135|37.2|43.8|0.00|0.02|43.1455|18.569
01|01|0|270|0.0|35.5|135|36.9|43.8|0.00|0.02|43.1442|17.9342
01|02|0|270|1.6|35.5|135|36.7|43.8|0.00|0.02|43.1437|17.9342
01|03|0|270|1.5|35.5|135|36.7|43.8|0.00|0.02|43.1405|17.9342
01|04|0|270|1.5|35.5|135|36.9|43.8|0.00|0.02|43.1419|17.9342
01|05|0|270|1.5|35.5|135|37.4|43.8|0.00|0.02|43.1413|18.569
01|06|0|270|1.5|35.5|135|38.3|43.8|0.00|0.02|43.1424|19.1887
01|07|0|45|1.6|35.5|135|40.1|43.8|0.00|0.02|43.1449|20.3858
01|08|0|45|0.0|35.5|135|41.2|43.7|0.00|0.02|43.1451|20.9646
01|09|0|45|1.5|35.5|135|40.0|43.7|0.00|0.02|43.1444|20.3858
01|10|0|45|1.5|35.5|135|39.8|43.7|0.00|0.02|43.144|19.794
01|11|0|45|0.0|35.5|135|39.5|43.7|0.00|0.02|43.1468|19.794
01|12|0|45|0.0|35.5|135|39.6|43.7|0.00|0.02|43.1489|19.794
01|14|0|45|0.0|35.5|135|40.1|43.7|0.00|0.02|43.15|20.3858
01|15|0|45|0.0|35.5|135|40.6|43.7|0.00|0.02|43.1493|20.3858
01|16|0|45|0.0|35.5|135|40.5|43.7|0.00|0.02|43.1484|20.3858
01|17|0|45|1.5|35.5|135|39.4|43.7|0.00|0.02|43.1481|19.794
01|18|0|0|3.2|35.5|135|39.7|43.7|0.00|0.02|43.1459|19.794
01|19|0|0|1.5|35.5|135|39.6|43.7|0.00|0.02|43.1481|19.794
01|20|0|0|1.5|35.5|135|39.2|43.7|0.00|0.02|43.1443|19.794
01|23|0|45|0.0|35.5|135|37.3|43.7|0.00|0.02|43.1466|18.569
01|25|0|90|2.9|35.5|135|37.8|43.8|0.00|0.02|43.1446|18.569
01|26|0|68|2.9|35.5|135|37.8|43.8|0.00|0.02|43.1443|18.569
01|27|0|45|1.5|35.5|135|38.4|43.8|0.00|0.02|43.1411|19.1887
01|28|0|45|2.9|35.5|135|38.9|43.7|0.00|0.02|43.1377|19.1887
01|29|0|45|1.6|35.5|135|39.2|43.8|0.00|0.02|43.1395|19.794
01|30|0|45|1.5|35.5|135|39.8|43.8|0.00|0.02|43.1403|19.794
01|32|0|0|1.5|35.5|135|38.8|43.8|0.00|0.02|43.1396|19.1887
01|33|0|0|0.0|35.5|135|38.5|43.9|0.00|0.02|43.1413|19.1887
01|35|0|90|1.6|35.5|135|37.8|43.9|0.00|0.02|43.1365|18.569
01|36|0|90|1.5|35.5|135|37.3|43.9|0.00|0.02|43.1381|18.569
01|37|0|90|1.5|35.5|135|37.2|43.9|0.00|0.02|43.1361|18.569
01|38|0|90|0.0|35.5|135|37.7|43.9|0.00|0.02|43.1379|18.569
01|39|0|90|1.5|35.5|135|37.6|43.9|0.00|0.02|43.1377|18.569
01|40|0|90|0.0|35.5|135|37.6|43.9|0.00|0.02|43.1396|18.569
01|43|0|90|2.9|35.5|135|37.3|43.9|0.00|0.02|43.1371|18.569
01|44|0|90|1.5|35.5|135|37.9|43.9|0.00|0.02|43.1378|18.569
01|45|0|90|1.5|35.5|135|38.5|43.9|0.00|0.02|43.137|19.1887
01|46|0|90|1.6|35.5|135|38.2|43.9|0.00|0.02|43.1363|19.1887
01|48|0|90|0.0|35.5|135|36.0|44.0|0.00|0.02|43.1316|18.823
01|49|0|90|1.5|35.5|135|35.8|44.0|0.00|0.02|43.1325|18.1696
01|51|0|90|1.5|35.5|135|35.7|44.0|0.00|0.02|43.1318|18.1696
01|52|0|90|1.5|35.5|135|35.5|44.2|0.00|0.02|43.1325|18.1696
01|53|0|90|1.5|35.5|135|35.5|44.2|0.00|0.02|43.1315|18.1696
01|54|0|90|1.5|35.5|135|35.3|44.2|0.00|0.02|43.1309|18.1696
01|55|0|90|1.5|35.5|135|34.9|44.2|0.00|0.02|43.1287|17.4994
01|56|0|90|1.6|35.5|135|34.7|44.2|0.00|0.02|43.1277|17.4994
01|57|0|90|2.9|35.5|135|34.3|44.3|0.00|0.02|43.1276|17.4994
01|58|0|45|1.6|35.5|135|34.2|44.3|0.00|0.02|43.1279|17.4994
01|59|0|45|1.5|35.5|135|34.4|44.3|0.00|0.02|43.1286|17.4994
02|00|0|45|1.6|35.5|135|34.6|44.3|0.00|0.02|43.129|17.4994
02|01|0|315|1.5|35.5|135|35.5|44.3|0.00|0.02|43.1292|18.1696
02|02|0|315|1.6|35.5|135|36.6|44.3|0.00|0.02|43.1291|18.823
02|03|0|315|1.5|35.5|135|36.2|44.3|0.00|0.02|43.1291|18.823
02|04|0|315|1.6|35.5|135|35.7|44.2|0.00|0.02|43.1272|18.1696
02|05|0|315|1.6|35.5|135|38.3|44.0|0.00|0.02|43.1277|20.0828
02|06|0|315|1.5|35.5|135|39.8|43.9|0.00|0.02|43.1291|19.794
02|07|0|315|1.5|35.5|135|40.5|43.8|0.00|0.02|43.131|20.3858
02|08|0|315|1.5|35.5|135|39.9|43.6|0.00|0.02|43.1322|19.794
02|09|0|0|1.5|35.5|135|39.4|43.4|0.00|0.02|43.1307|19.794
02|11|0|0|0.0|35.5|135|38.4|43.2|0.00|0.02|43.1323|19.1887
02|12|0|0|0.0|35.5|135|38.4|43.1|0.00|0.02|43.1331|19.1887
02|13|0|0|0.0|35.5|135|38.3|43.0|0.00|0.02|43.1323|19.1887
02|14|0|0|0.0|35.5|135|37.8|42.9|0.00|0.02|43.1297|17.6773
02|15|0|45|1.5|35.5|135|37.6|42.9|0.00|0.02|43.1293|17.6773
02|16|0|45|1.5|35.5|135|38.1|42.9|0.00|0.02|43.1301|18.2943
02|17|0|45|0.0|35.5|135|38.7|42.9|0.00|0.02|43.1316|18.2943
02|18|0|45|1.5|35.5|135|38.9|42.9|0.00|0.02|43.1322|18.2943
02|19|0|45|1.5|35.5|135|39.0|42.9|0.00|0.02|43.1317|18.897
02|20|0|225|0.0|35.5|135|39.1|42.9|0.00|0.02|43.1321|18.897
02|21|0|225|0.0|35.5|135|39.0|42.9|0.00|0.02|43.131|18.897
02|22|0|225|0.0|35.5|135|38.4|42.9|0.00|0.02|43.1312|18.2943
02|23|0|225|0.0|35.5|135|37.5|42.9|0.00|0.02|43.13|17.6773
02|24|0|45|1.5|35.5|135|37.3|42.9|0.00|0.02|43.1307|17.6773
02|25|0|90|1.5|35.5|135|37.2|42.9|0.00|0.02|43.1284|17.6773
02|26|0|90|1.6|35.5|135|36.7|43.0|0.00|0.02|43.1309|17.9342
02|28|0|90|0.0|35.5|135|36.1|43.1|0.00|0.02|43.1322|17.9342
02|29|0|90|0.0|35.5|135|36.3|43.1|0.00|0.02|43.1319|17.9342
02|30|0|90|1.6|35.5|135|36.2|43.2|0.00|0.02|43.1313|17.9342
02|31|0|180|1.5|35.5|135|36.3|43.2|0.00|0.02|43.1324|17.9342
02|32|0|180|0.0|35.5|135|36.6|43.2|0.00|0.02|43.1312|17.9342
02|33|0|180|0.0|35.5|135|36.6|43.2|0.00|0.02|43.1295|17.9342
02|34|0|225|1.5|35.5|135|36.7|43.2|0.00|0.02|43.134|17.9342
02|35|0|270|1.5|35.5|135|36.8|43.2|0.00|0.02|43.1328|17.9342
02|36|0|315|2.9|35.5|135|37.4|43.2|0.00|0.02|43.1305|18.569
02|37|0|315|2.9|35.5|135|38.7|43.1|0.00|0.02|43.1303|19.1887
02|38|0|315|1.6|35.5|135|39.1|43.0|0.00|0.02|43.1313|19.794
02|39|0|315|2.9|35.5|135|39.9|42.9|0.00|0.02|43.1317|18.897
02|40|0|270|1.6|35.5|135|40.5|42.8|0.00|0.02|43.1305|19.4862
02|41|0|315|1.5|35.5|135|40.4|42.7|0.00|0.02|43.1293|19.4862
02|42|0|270|1.5|35.5|135|39.6|42.6|0.00|0.02|43.1314|18.897
02|43|0|315|3.2|35.5|135|39.1|42.5|0.00|0.02|43.1294|18.897
02|44|0|315|1.5|35.5|135|38.5|42.3|0.00|0.02|43.1299|18.2943
02|45|0|315|1.6|35.5|135|38.1|42.3|0.00|0.02|43.1282|18.2943
02|46|0|315|1.6|35.5|135|37.7|42.3|0.00|0.02|43.1289|17.6773
02|48|0|315|1.5|35.5|135|38.5|42.3|0.00|0.02|43.129|18.2943
02|49|0|315|1.5|35.5|135|40.0|42.3|0.00|0.02|43.1273|19.4862
02|50|0|315|1.6|35.5|135|40.2|42.3|0.00|0.02|43.1262|19.4862
02|51|0|315|1.5|35.5|135|39.8|42.3|0.00|0.02|43.1268|18.897
02|52|0|315|1.6|35.5|135|40.1|42.3|0.00|0.02|43.1269|19.4862
02|53|0|315|1.5|35.5|135|40.5|42.2|0.00|0.02|43.126|19.4862
02|54|0|315|2.9|35.5|135|41.5|42.2|0.00|0.02|43.1245|20.0625
02|55|0|315|4.4|35.5|135|42.2|42.0|0.00|0.02|43.1252|20.6264
02|56|0|315|4.4|35.5|135|42.2|41.9|0.00|0.02|43.1255|19.7217
02|57|0|315|4.4|35.5|135|42.3|41.7|0.00|0.02|43.1244|19.7217
02|58|0|315|2.9|35.5|135|42.2|41.7|0.00|0.02|43.1244|19.7217
02|59|0|315|1.6|35.5|135|41.4|41.7|0.00|0.02|43.126|19.1602
03|00|0|315|0.0|35.5|135|41.0|41.6|0.00|0.02|43.1243|19.1602
03|01|0|315|0.0|35.5|135|41.1|41.7|0.00|0.02|43.1246|19.1602
03|02|0|315|0.0|35.5|135|40.9|41.7|0.00|0.02|43.1238|18.5865
03|04|0|315|1.5|35.5|135|40.0|41.9|0.00|0.02|43.1229|18.5865
03|05|0|315|0.0|35.5|135|39.1|41.9|0.00|0.02|43.1215|17.9998
03|07|0|315|1.5|35.5|135|38.6|42.0|0.00|0.02|43.1217|18.2943
03|08|0|315|1.6|35.5|135|38.2|42.0|0.00|0.02|43.1211|18.2943
03|09|0|315|1.6|35.5|135|38.0|42.1|0.00|0.02|43.122|18.2943
03|10|0|270|4.4|35.5|135|37.8|42.2|0.00|0.02|43.1243|17.6773
03|11|0|225|1.6|35.5|135|38.5|42.3|0.00|0.02|43.1256|18.2943
03|12|0|225|1.5|35.5|135|39.2|42.3|0.00|0.02|43.1265|18.897
03|13|0|225|1.5|35.5|135|39.4|42.5|0.00|0.02|43.1265|18.897
03|14|0|225|1.5|35.5|135|39.3|42.5|0.00|0.02|43.1262|18.897
03|15|0|270|0.0|35.5|135|39.0|42.6|0.00|0.02|43.1255|18.897
03|16|0|225|1.6|35.5|135|39.0|42.6|0.00|0.02|43.1246|18.897
03|17|0|225|1.5|35.5|135|39.1|42.6|0.00|0.02|43.1266|18.897
03|18|0|225|2.9|35.5|135|39.1|42.7|0.00|0.02|43.1254|18.897
03|19|0|225|1.6|35.5|135|39.1|42.7|0.00|0.02|43.1262|18.897
03|20|0|315|1.5|35.5|135|39.2|42.7|0.00|0.02|43.1259|18.897
03|21|0|270|1.6|35.5|135|39.4|42.8|0.00|0.02|43.1258|18.897
03|22|0|315|1.5|35.5|135|39.4|42.8|0.00|0.02|43.1246|18.897
03|24|0|315|1.5|35.5|135|39.8|42.8|0.00|0.02|43.1263|18.897
03|25|0|315|1.5|35.5|135|40.4|42.7|0.00|0.02|43.1227|19.4862
03|26|0|315|0.0|35.5|135|40.5|42.7|0.00|0.02|43.1211|19.4862
03|27|0|270|1.5|35.5|135|40.3|42.7|0.00|0.02|43.123|19.4862
03|28|0|270|1.5|35.5|135|40.2|42.7|0.00|0.02|43.123|19.4862
03|30|0|315|1.6|35.5|135|40.7|42.6|0.00|0.02|43.123|19.4862
03|31|0|315|0.0|35.5|135|40.7|42.5|0.00|0.02|43.1206|19.4862
03|32|0|315|1.5|35.5|135|41.0|42.5|0.00|0.02|43.1197|20.0625
03|33|0|270|1.5|35.5|135|40.9|42.5|0.00|0.02|43.1205|19.4862
03|35|0|225|2.9|35.5|135|41.3|42.3|0.00|0.02|43.1203|20.0625
03|36|0|225|1.5|35.5|135|41.5|42.3|0.00|0.02|43.1211|20.0625
03|37|0|225|1.5|35.5|135|41.5|42.3|0.00|0.02|43.1224|20.0625
03|38|0|225|1.6|35.5|135|41.6|42.2|0.00|0.02|43.1195|20.0625
03|39|0|225|0.0|35.5|135|41.6|42.2|0.00|0.02|43.1203|20.0625
03|40|0|225|1.6|35.5|135|41.9|42.2|0.00|0.02|43.1194|20.0625
03|42|0|225|0.0|35.5|135|42.1|42.1|0.00|0.02|43.1181|20.6264
03|43|0|225|1.5|35.5|135|42.1|42.1|0.00|0.02|43.1197|20.6264
03|44|0|225|0.0|35.5|135|42.4|42.1|0.00|0.02|43.1193|20.6264
03|45|0|270|1.5|35.5|135|42.7|42.0|0.00|0.02|43.1167|20.6264
03|46|0|270|0.0|35.5|135|43.0|42.1|0.00|0.02|43.1189|21.1786
03|47|0|270|0.0|35.5|135|42.9|42.1|0.01|0.03|43.1204|20.6264
03|48|0|270|1.5|35.5|135|42.8|42.0|0.01|0.03|43.1195|20.6264
03|50|0|270|0.0|35.5|135|43.0|42.0|0.01|0.03|43.1159|21.1786
03|51|0|270|0.0|35.5|135|42.9|42.0|0.01|0.03|43.1164|20.6264
03|52|0|270|1.5|35.5|135|43.2|42.0|0.01|0.03|43.1135|21.1786
03|53|0|270|0.0|35.5|135|43.3|42.0|0.01|0.03|43.1144|21.1786
03|54|0|270|1.5|35.5|135|43.8|41.9|0.01|0.03|43.1135|20.2715
03|55|0|270|1.6|35.5|135|44.5|41.9|0.01|0.03|43.1141|20.81
03|56|0|270|1.5|35.5|135|44.7|41.8|0.01|0.03|43.1137|20.81
03|57|0|270|0.0|35.5|135|44.4|41.8|0.01|0.03|43.1166|20.81
03|58|0|270|0.0|35.5|135|44.2|41.7|0.01|0.03|43.1155|20.81
04|00|0|270|0.0|35.5|135|44.5|41.6|0.01|0.03|43.1148|20.81
04|01|0|270|1.5|35.5|135|44.7|41.5|0.01|0.03|43.1156|20.81
04|02|0|270|1.5|35.5|135|44.9|41.3|0.01|0.03|43.1144|20.81
04|03|0|270|0.0|35.5|135|44.8|41.2|0.01|0.03|43.1146|20.81
04|04|0|270|2.9|35.5|135|44.8|41.2|0.01|0.03|43.1148|20.81
04|05|0|270|1.6|35.5|135|45.3|41.1|0.01|0.03|43.1165|21.3377
04|06|0|270|1.5|35.5|135|45.4|41.1|0.01|0.03|43.1188|21.3377
04|07|0|270|0.0|35.5|135|45.0|41.0|0.01|0.03|43.1183|21.3377
04|08|0|270|0.0|35.5|135|44.9|41.0|0.01|0.03|43.1211|20.81
04|10|0|270|1.6|35.5|135|45.3|41.0|0.01|0.03|43.1204|21.3377
04|11|0|270|0.0|35.5|135|45.4|41.0|0.01|0.03|43.1203|21.3377
04|12|0|270|0.0|35.5|135|45.3|41.0|0.01|0.03|43.1203|21.3377
04|13|0|270|0.0|35.5|135|45.1|40.9|0.01|0.03|43.118|20.4257
04|15|0|270|0.0|35.5|135|45.0|40.9|0.01|0.03|43.1181|20.4257
04|16|0|270|0.0|35.5|135|44.9|41.0|0.01|0.03|43.1196|20.81
04|17|0|270|0.0|35.5|135|44.8|40.9|0.01|0.03|43.1181|19.9003
04|18|0|270|0.0|35.5|135|44.8|40.9|0.01|0.03|43.1204|19.9003
04|19|0|270|1.5|35.5|135|44.6|40.9|0.01|0.03|43.1221|19.9003
04|20|0|270|1.5|35.5|135|44.8|41.0|0.01|0.03|43.1234|20.81
04|21|0|180|1.5|35.5|135|45.6|40.9|0.01|0.03|43.122|20.4257
04|22|0|180|0.0|35.5|135|45.8|40.8|0.01|0.03|43.1209|20.4257
04|23|0|180|0.0|35.5|135|45.8|40.8|0.01|0.03|43.1206|20.4257
04|26|0|180|0.0|35.5|135|45.7|40.7|0.01|0.03|43.1197|20.4257
04|27|0|180|0.0|35.5|135|45.6|40.7|0.01|0.03|43.1215|20.4257
04|28|0|180|0.0|35.5|135|45.7|40.7|0.01|0.03|43.1205|20.4257
04|29|0|180|0.0|35.5|135|45.8|40.7|0.01|0.03|43.1183|20.4257
04|30|0|180|0.0|35.5|135|45.8|40.7|0.01|0.03|43.1184|20.4257
04|32|0|180|1.5|35.5|135|46.2|40.5|0.01|0.03|43.1187|20.9409
04|33|0|315|1.5|35.5|135|46.8|40.5|0.01|0.03|43.1179|20.9409
04|34|0|315|1.5|35.5|135|46.9|40.4|0.01|0.03|43.1173|20.9409
04|36|0|315|1.5|35.5|135|47.1|40.4|0.01|0.03|43.116|21.4463
04|37|0|315|1.6|35.5|135|47.5|40.4|0.01|0.03|43.1175|21.4463
04|38|0|270|1.5|35.5|135|47.4|40.3|0.01|0.03|43.1171|21.4463
04|39|0|315|2.9|35.5|135|48.5|40.2|0.01|0.03|43.1146|21.9422
04|40|0|315|3.2|35.5|135|49.8|40.0|0.01|0.03|43.1144|22.429
04|42|0|315|1.5|35.5|135|49.6|39.8|0.01|0.03|43.1142|21.508
04|43|0|315|1.6|35.5|135|49.4|39.5|0.01|0.03|43.1127|21.508
04|45|0|315|1.6|35.5|135|49.9|39.3|0.01|0.03|43.1151|21.508
04|46|0|315|1.5|35.5|135|50.4|39.2|0.00|0.03|43.1146|21.984
04|47|0|315|0.0|35.5|135|50.2|39.2|0.00|0.03|43.1154|21.984
04|48|0|315|1.5|35.5|135|49.8|39.2|0.00|0.03|43.116|21.508
04|49|0|180|1.5|35.5|135|49.6|39.1|0.00|0.03|43.115|21.508
04|50|0|180|2.9|35.5|135|49.9|39.1|0.00|0.03|43.1158|21.508
04|51|0|180|1.6|35.5|135|50.0|39.1|0.00|0.03|43.1149|21.984
04|52|0|180|0.0|35.5|135|49.9|39.1|0.00|0.03|43.1172|21.508
04|53|0|180|0.0|35.5|135|49.6|39.1|0.00|0.03|43.1163|21.508
04|54|0|225|1.5|35.5|135|48.5|39.1|0.00|0.03|43.12|21.0233
04|56|0|270|0.0|35.5|135|48.4|39.1|0.00|0.03|43.1181|21.0233
04|57|0|270|2.9|35.5|135|48.6|39.2|0.00|0.03|43.1195|21.0233
04|58|0|315|0.0|35.5|135|48.7|39.2|0.00|0.03|43.1209|21.0233
04|59|0|225|1.6|35.5|135|48.6|39.2|0.00|0.03|43.1176|21.0233
05|00|0|180|4.8|35.5|135|48.3|39.3|0.00|0.03|43.1194|21.0233
05|01|0|180|2.9|35.5|135|46.8|39.5|0.00|0.03|43.12|20.0265
05|02|0|315|0.0|35.5|135|45.6|39.8|0.00|0.03|43.1166|19.5136
05|03|0|225|2.9|35.5|135|45.3|40.0|0.00|0.03|43.1206|20.4257
05|04|0|180|5.8|35.5|135|44.6|40.2|0.00|0.03|43.1157|19.9003
05|05|0|90|6.4|35.5|135|43.8|40.8|0.00|0.03|43.1187|19.3642
05|06|0|225|2.9|35.5|135|43.4|41.1|0.00|0.03|43.1167|20.2715
05|07|0|180|2.9|35.5|135|43.0|41.6|0.00|0.03|43.1163|20.2715
05|08|0|225|5.8|35.5|135|42.7|41.8|0.00|0.03|43.1139|19.7217
05|10|0|135|11.3|35.5|135|42.7|42.5|0.00|0.03|43.1158|20.6264
05|11|0|203|8.7|35.5|135|42.3|42.8|0.00|0.03|43.1143|20.6264
05|13|0|135|17.5|35.5|135|42.0|43.2|0.00|0.03|43.1171|21.5309
05|14|0|180|9.7|35.5|135|41.8|43.5|0.00|0.03|43.1126|20.9646
05|15|0|180|17.5|35.5|135|41.4|43.8|0.00|0.03|43.1021|20.9646
05|16|0|180|11.6|35.5|135|41.0|44.2|0.00|0.03|43.1117|21.8664
05|17|0|180|10.2|35.5|135|40.8|44.3|0.00|0.03|43.1097|21.2851
05|19|0|180|5.8|35.5|135|40.6|44.6|0.00|0.03|43.1119|21.2851
05|20|0|158|20.4|35.5|135|40.6|44.7|0.00|0.03|43.1088|21.2851
05|21|0|180|10.2|35.5|135|40.5|44.8|0.00|0.03|43.1134|21.2851
05|23|0|180|5.8|35.5|135|40.6|44.9|0.00|0.03|43.1167|21.2851
05|24|0|180|8.0|35.5|135|40.6|44.9|0.00|0.03|43.1149|21.2851
05|25|0|180|10.2|35.5|135|40.6|44.9|0.00|0.03|43.1148|21.2851
05|27|0|180|8.7|35.5|135|40.8|44.9|0.00|0.03|43.1147|21.2851
05|29|0|180|8.1|35.5|135|41.1|44.8|0.00|0.03|43.1155|21.8664
05|30|0|225|4.4|35.5|135|41.0|44.8|0.00|0.03|43.1168|21.8664
05|31|0|180|10.2|35.5|135|40.9|44.8|0.00|0.03|43.1149|21.2851
05|32|0|225|7.3|35.5|135|40.8|44.8|0.00|0.03|43.1178|21.2851
05|33|0|225|7.3|35.5|135|40.7|44.9|0.00|0.03|43.117|21.2851
05|34|0|225|5.8|35.5|135|40.8|44.9|0.00|0.03|43.1168|21.2851
05|35|0|225|5.8|35.5|135|40.8|44.9|0.00|0.03|43.1206|21.2851
05|36|0|225|5.8|35.5|135|40.9|44.9|0.00|0.03|43.1195|21.2851
05|37|0|270|2.9|35.5|135|40.9|44.9|0.00|0.03|43.117|21.2851
05|38|0|225|1.6|35.5|135|40.8|45.0|0.00|0.03|43.1199|22.1842
05|39|0|270|4.4|35.5|135|40.6|45.0|0.00|0.03|43.1159|22.1842
05|40|0|270|1.5|35.5|135|40.5|45.0|0.00|0.03|43.1189|22.1842
05|42|0|270|5.8|35.5|135|40.4|45.2|0.00|0.03|43.1235|22.1842
05|43|0|270|3.2|35.5|135|40.1|44.9|0.00|0.03|43.1186|21.2851
05|44|0|315|5.8|35.5|135|40.1|44.9|0.00|0.03|43.1151|21.2851
05|45|0|135|1.5|35.5|135|40.2|44.9|0.00|0.03|43.118|21.2851
05|46|0|225|1.5|35.5|135|40.3|44.9|0.00|0.03|43.1183|21.2851
05|48|0|315|2.9|35.5|135|40.2|44.9|0.00|0.03|43.119|21.2851
05|49|0|270|1.5|35.5|135|40.3|44.9|0.00|0.03|43.1206|21.2851
05|50|0|270|1.5|35.5|135|40.2|44.9|0.00|0.03|43.1213|21.2851
05|51|0|270|1.5|35.5|135|40.2|44.9|0.00|0.03|43.1217|21.2851
05|52|0|270|1.5|35.5|135|40.3|44.8|0.00|0.03|43.1212|21.2851
05|53|0|270|2.9|35.5|135|40.3|44.8|0.00|0.03|43.1239|21.2851
05|54|0|270|1.6|35.5|135|40.4|44.8|0.00|0.03|43.1245|21.2851
05|55|0|315|3.2|35.5|135|40.5|44.8|0.00|0.03|43.122|21.2851
05|57|0|315|1.5|35.5|135|41.5|44.6|0.00|0.03|43.1196|21.8664
05|58|0|315|0.0|35.5|135|41.7|44.6|0.00|0.03|43.1203|21.8664
05|59|0|270|0.0|35.5|135|41.7|44.7|0.00|0.03|43.1249|21.8664
06|01|0|315|1.5|35.5|135|41.8|44.6|0.00|0.03|43.125|21.8664
06|02|0|315|0.0|35.5|135|41.6|44.5|0.00|0.03|43.1234|21.8664
06|03|0|315|1.6|35.5|135|41.7|44.4|0.00|0.03|43.1237|21.8664
06|05|0|315|1.6|35.5|135|41.7|44.4|0.00|0.03|43.1217|21.8664
06|06|0|0|1.5|35.5|135|42.0|44.3|0.00|0.03|43.119|22.4352
06|07|0|0|1.6|35.5|135|42.6|44.3|0.00|0.03|43.1189|22.4352
06|08|0|0|2.9|35.5|135|42.9|44.2|0.00|0.03|43.1173|22.4352
06|09|0|0|2.9|35.5|135|43.2|44.0|0.00|0.03|43.117|22.9922
06|10|0|0|2.9|35.5|135|43.3|43.9|0.00|0.03|43.1167|22.0855
06|11|0|0|1.5|35.5|135|43.5|43.9|0.00|0.03|43.1184|22.0855
06|12|0|0|3.2|35.5|135|43.5|43.8|0.00|0.03|43.1179|22.0855
06|13|0|0|2.9|35.5|135|44.0|43.7|0.00|0.03|43.1183|22.6287
06|14|0|0|2.9|35.5|135|44.4|43.6|0.00|0.03|43.1194|22.6287
06|15|0|0|2.9|35.5|135|44.5|43.5|0.00|0.03|43.1198|22.6287
06|16|0|0|2.9|35.5|135|44.6|43.5|0.00|0.03|43.1211|22.6287
06|17|0|0|4.8|35.5|135|44.7|43.4|0.00|0.03|43.1207|22.6287
06|18|0|0|4.4|35.5|135|44.7|43.2|0.00|0.03|43.1205|22.6287
06|19|0|23|3.2|35.5|135|44.9|43.2|0.00|0.03|43.119|22.6287
06|20|0|23|2.9|35.5|135|45.1|43.1|0.00|0.03|43.1205|23.1611
06|21|0|45|2.9|35.5|135|45.0|43.1|0.00|0.03|43.1233|23.1611
06|22|0|45|1.6|35.5|135|45.1|43.1|0.00|0.03|43.1228|23.1611
06|23|0|45|1.5|35.5|135|45.0|43.1|0.00|0.03|43.1255|23.1611
06|24|0|45|3.2|35.5|135|45.0|43.1|0.00|0.03|43.1258|23.1611
06|27|0|90|4.8|35.5|135|45.8|43.1|0.00|0.03|43.1279|23.1611
06|28|0|45|1.5|35.5|135|45.5|43.1|0.00|0.03|43.131|23.1611
06|29|0|90|1.5|35.5|135|45.1|43.0|0.00|0.03|43.129|23.1611
06|30|0|45|1.5|35.5|135|45.0|43.0|0.00|0.03|43.1314|23.1611
06|31|0|90|4.4|35.5|135|45.1|43.1|0.00|0.03|43.1342|23.1611
06|32|0|45|4.4|35.5|135|44.9|43.0|0.00|0.03|43.1325|22.6287
06|33|0|45|2.9|35.5|135|45.0|42.9|0.00|0.03|43.1335|22.2495
06|34|0|45|2.9|35.5|135|45.2|42.9|0.00|0.03|43.1356|22.2495
06|35|0|0|2.9|35.5|135|45.5|42.9|0.00|0.03|43.1347|22.2495
06|36|0|23|4.4|35.5|135|45.5|42.9|0.00|0.03|43.1335|22.2495
06|37|0|45|4.4|35.5|135|45.3|42.9|0.00|0.03|43.1349|22.2495
06|38|0|45|1.5|35.5|135|45.2|42.8|0.00|0.03|43.1335|22.2495
06|39|0|45|1.6|35.5|135|45.2|42.9|0.00|0.03|43.1356|22.2495
06|40|0|45|2.9|35.5|135|45.8|42.9|0.00|0.03|43.1338|22.2495
06|41|0|90|3.2|35.5|135|46.3|42.8|0.00|0.03|43.1339|22.7692
06|43|0|135|1.5|35.5|135|45.8|42.8|0.00|0.03|43.1359|22.2495
06|44|0|90|0.0|35.5|135|45.6|42.9|0.00|0.03|43.1378|22.2495
06|45|0|113|0.0|35.5|135|45.3|42.8|0.00|0.03|43.1342|22.2495
06|48|0|113|0.0|35.5|135|45.0|42.9|0.00|0.03|43.1365|22.2495
06|49|0|203|2.9|35.5|135|44.9|42.9|0.00|0.03|43.1341|21.7194
06|50|0|180|5.8|35.5|135|44.9|42.8|0.00|0.03|43.1335|21.7194
06|51|0|225|4.4|35.5|135|44.9|42.8|0.00|0.03|43.1362|21.7194
06|52|0|135|1.5|35.5|135|44.9|42.8|0.00|0.03|43.1346|21.7194
06|53|0|135|1.6|35.5|135|45.6|42.9|0.00|0.03|43.1338|22.2495
06|54|0|45|1.5|35.5|135|46.3|42.9|0.00|0.03|43.1293|22.7692
06|56|0|45|5.8|35.5|135|46.8|42.9|0.00|0.03|43.1256|22.7692
06|57|0|68|5.8|35.5|135|46.7|43.0|0.00|0.03|43.1261|23.6831
06|58|0|23|3.2|35.5|135|46.6|42.9|0.00|0.03|43.1242|22.7692
07|00|0|45|1.5|35.5|135|46.5|43.0|0.00|0.03|43.1187|23.6831
07|01|0|45|1.5|35.5|135|46.3|43.1|0.00|0.03|43.1189|23.6831
07|02|0|90|1.5|35.5|135|46.1|43.2|0.00|0.03|43.118|23.6831
07|03|0|158|1.6|35.5|135|46.0|43.2|0.00|0.03|43.1173|23.6831
07|04|0|225|4.4|35.5|135|46.5|43.2|0.00|0.03|43.117|23.6831
07|05|0|225|2.9|35.5|135|47.0|43.1|0.00|0.03|43.1149|24.1951
07|06|0|315|2.9|35.5|135|47.3|43.1|0.00|0.03|43.1136|24.1951
07|08|0|225|4.8|35.5|135|47.6|43.1|0.00|0.03|43.1137|24.1951
07|10|0|225|2.9|35.5|135|47.7|43.1|0.00|0.03|43.1137|24.1951
07|11|0|225|1.6|35.5|135|47.8|43.1|0.00|0.03|43.1131|24.1951
07|12|0|270|1.6|35.5|135|47.9|43.1|0.00|0.03|43.1126|24.1951
07|14|0|270|0.0|35.5|135|48.2|43.0|0.00|0.03|43.1108|24.6975
07|15|0|270|1.5|35.5|135|48.3|43.0|0.00|0.03|43.1112|24.6975
07|16|0|270|2.9|35.5|135|48.7|43.0|0.00|0.03|43.1108|24.6975
07|17|0|0|1.6|35.5|135|48.9|42.9|0.00|0.03|43.1117|23.7793
07|18|0|315|1.5|35.5|135|49.5|42.8|0.00|0.03|43.1127|24.2704
07|19|0|315|1.6|35.5|135|49.8|42.8|0.00|0.03|43.1159|24.2704
07|20|0|315|0.0|35.5|135|49.4|42.7|0.00|0.03|43.1167|24.2704
07|21|0|315|0.0|35.5|135|49.2|42.7|0.00|0.03|43.1157|24.2704
07|22|0|315|1.6|35.5|135|49.3|42.6|0.00|0.03|43.1175|24.2704
07|23|0|315|1.5|35.5|135|49.7|42.6|0.00|0.03|43.1158|24.2704
07|24|0|0|2.9|35.5|135|50.1|42.5|0.00|0.03|43.1135|24.7527
07|25|0|0|4.8|35.5|135|49.6|42.2|0.00|0.03|43.1097|24.2704
07|26|0|0|4.4|35.5|135|49.6|42.1|0.00|0.03|43.1101|24.2704
07|29|0|0|1.5|35.5|135|49.9|42.0|0.00|0.03|43.1117|24.2704
07|30|0|0|1.5|35.5|135|49.5|41.9|0.00|0.03|43.1146|23.3498
07|31|0|0|1.6|35.5|135|49.4|41.9|0.00|0.03|43.1149|23.3498
07|32|0|0|2.9|35.5|135|49.5|41.9|0.00|0.03|43.1119|23.3498
07|33|0|0|1.6|35.5|135|49.5|41.9|0.00|0.03|43.112|23.3498
07|34|0|0|1.5|35.5|135|49.6|41.9|0.00|0.03|43.1101|23.3498
07|35|0|0|1.5|35.5|135|49.6|41.9|0.00|0.03|43.1092|23.3498
07|36|0|45|1.5|35.5|135|49.8|41.9|0.00|0.03|43.1109|23.3498
07|38|0|225|0.0|35.5|135|49.8|41.9|0.00|0.03|43.1151|23.3498
07|39|0|225|0.0|35.5|135|49.8|41.9|0.00|0.03|43.1164|23.3498
07|40|0|225|0.0|35.5|135|49.8|41.8|0.00|0.03|43.1149|23.3498
07|41|0|315|1.6|35.5|135|49.9|41.9|0.01|0.04|43.1147|23.3498
07|42|0|315|1.5|35.5|135|50.1|41.8|0.01|0.04|43.1118|23.8299
07|43|0|0|4.8|35.5|135|50.3|41.8|0.01|0.04|43.1111|23.8299
07|44|0|315|4.4|35.5|135|50.8|41.7|0.01|0.04|43.1117|23.8299
07|45|0|315|3.2|35.5|135|51.5|41.7|0.01|0.04|43.1125|24.3017
07|46|0|315|3.2|35.5|135|51.6|41.6|0.01|0.04|43.114|24.3017
07|47|0|270|1.5|35.5|135|51.5|41.6|0.01|0.04|43.1133|24.3017
07|50|0|315|1.5|35.5|135|51.6|41.5|0.01|0.04|43.112|24.3017
07|51|0|315|1.5|35.5|135|52.3|41.3|0.01|0.04|43.112|24.7653
07|52|0|315|1.5|35.5|135|52.6|41.3|0.01|0.04|43.109|24.7653
07|53|0|315|0.0|35.5|135|52.8|41.3|0.01|0.04|43.1105|24.7653
07|54|0|315|0.0|35.5|135|52.8|41.2|0.01|0.04|43.1096|24.7653
07|55|0|315|1.6|35.5|135|52.4|41.2|0.01|0.04|43.1092|24.7653
07|56|0|135|1.5|35.5|135|52.4|41.2|0.01|0.04|43.1111|24.7653
07|57|0|180|2.9|35.5|135|52.3|41.2|0.01|0.04|43.1095|24.7653
07|58|0|180|1.5|35.5|135|52.1|41.2|0.01|0.04|43.1087|24.7653
07|59|0|180|1.5|1.6|180|51.9|41.2|0.01|0.00|43.1081|24.3017
08|00|0|270|1.5|3.2|180|51.8|41.2|0.01|0.00|43.1076|24.3017
08|01|0|270|1.6|3.2|180|51.7|41.2|0.01|0.00|43.1074|24.3017
08|02|0|315|1.6|4.4|315|51.7|41.3|0.01|0.00|43.109|24.3017
08|03|0|315|2.9|4.4|315|51.8|41.3|0.01|0.00|43.1078|24.3017
08|04|0|315|1.6|4.8|315|51.9|41.3|0.01|0.00|43.1076|24.3017
08|05|0|315|2.9|4.8|315|51.8|41.5|0.01|0.00|43.1077|24.3017
08|06|0|315|2.9|4.8|315|51.4|41.6|0.01|0.00|43.1065|24.3017
08|07|0|0|2.9|4.8|315|51.9|41.6|0.01|0.00|43.1062|24.3017
08|09|0|0|2.9|4.8|315|52.5|41.7|0.01|0.00|43.1051|24.7653
08|10|0|338|1.5|4.8|315|52.6|41.8|0.01|0.00|43.1064|24.7653
08|11|0|338|0.0|4.8|315|52.7|41.8|0.01|0.00|43.1049|24.7653
08|12|0|338|0.0|4.8|315|52.7|41.9|0.01|0.00|43.1078|24.7653
08|13|0|338|1.5|4.8|315|52.2|41.9|0.01|0.00|43.1044|24.7653
08|14|0|315|2.9|4.8|315|51.6|42.0|0.01|0.00|43.1051|25.2265
08|15|0|225|1.5|4.8|315|51.3|42.0|0.01|0.00|43.1029|25.2265
08|16|0|225|3.2|4.8|315|51.1|42.1|0.01|0.00|43.1039|25.2265
08|17|0|315|1.5|4.8|315|50.7|42.1|0.01|0.00|43.1032|24.7527
08|18|0|270|1.5|4.8|315|50.6|42.2|0.01|0.00|43.1035|24.7527
08|19|0|270|0.0|4.8|315|50.5|42.3|0.01|0.00|43.1044|24.7527
08|20|0|225|2.9|4.8|315|50.5|42.3|0.01|0.00|43.1032|24.7527
08|21|0|315|1.6|4.8|315|50.4|42.5|0.01|0.00|43.1054|24.7527
08|22|0|270|2.9|4.8|315|50.6|42.5|0.01|0.00|43.1068|24.7527
08|23|0|270|2.9|4.8|315|50.4|42.5|0.01|0.00|43.1067|24.7527
08|24|0|270|6.4|6.4|270|50.2|42.5|0.01|0.00|43.1057|24.7527
08|25|0|270|4.4|6.4|270|50.4|42.5|0.01|0.00|43.1057|24.7527
08|26|0|315|4.4|7.3|315|50.5|42.5|0.01|0.00|43.1035|24.7527
08|27|0|315|7.3|8.7|315|51.4|42.3|0.01|0.00|43.1028|25.2265
08|28|0|270|4.4|8.7|315|51.9|42.3|0.01|0.00|43.1041|25.2265
08|29|0|270|3.2|8.7|315|52.1|42.3|0.01|0.00|43.104|25.6922
08|31|0|315|2.9|8.7|315|52.4|42.5|0.01|0.00|43.1052|25.6922
08|32|0|315|1.6|8.7|315|53.1|42.5|0.01|0.00|43.1038|26.15
08|33|0|270|1.6|8.7|315|53.3|42.6|0.02|0.01|43.1023|26.15
08|34|0|315|4.8|8.7|315|54.1|42.6|0.02|0.01|43.1013|26.6002
08|35|0|315|4.4|8.7|315|54.1|42.5|0.02|0.01|43.0991|26.6002
08|36|0|225|3.2|8.7|315|54.2|42.5|0.02|0.01|43.1011|26.6002
08|37|0|315|5.8|8.7|315|54.6|42.5|0.02|0.01|43.098|26.6002
08|38|0|315|4.4|8.7|315|54.7|42.5|0.02|0.01|43.0977|26.6002
08|39|0|270|2.9|8.7|315|54.6|42.5|0.02|0.01|43.0981|26.6002
08|40|0|225|5.8|8.7|315|54.5|42.5|0.02|0.01|43.0965|26.6002
08|41|0|315|4.4|8.7|315|54.9|42.3|0.02|0.01|43.0974|26.6002
08|42|0|315|5.8|8.7|315|55.3|42.2|0.02|0.01|43.0937|27.0431
08|43|0|315|2.9|8.7|315|55.5|42.1|0.02|0.01|43.092|27.0431
08|45|0|270|7.3|8.7|315|56.6|42.0|0.02|0.01|43.089|27.4789
08|46|0|293|4.4|8.7|315|56.4|42.0|0.02|0.01|43.092|27.4789
08|47|0|315|4.4|8.7|315|56.5|41.9|0.02|0.01|43.0911|26.5442
08|48|0|315|2.9|8.7|315|56.7|41.9|0.02|0.01|43.0898|26.5442
08|49|0|315|3.2|8.7|315|57.2|41.9|0.02|0.01|43.0881|26.9713
08|51|0|315|1.5|8.7|315|57.6|41.9|0.02|0.01|43.0881|26.9713
08|52|0|315|1.5|8.7|315|57.6|42.0|0.01|0.01|43.0872|27.9079
08|53|0|315|1.6|8.7|315|57.4|42.0|0.01|0.01|43.088|27.9079
08|54|0|315|1.5|8.7|315|56.9|42.0|0.01|0.01|43.0855|27.4789
08|55|0|270|1.6|8.7|315|57.1|42.1|0.01|0.01|43.0895|27.9079
08|56|0|270|4.4|8.7|315|57.5|42.0|0.01|0.01|43.0876|27.9079
08|57|0|270|5.8|8.7|315|57.7|42.1|0.01|0.01|43.0915|27.9079
08|58|0|315|3.2|8.7|315|58.0|42.1|0.01|0.01|43.092|28.3303
09|00|0|315|2.9|8.7|315|58.7|42.0|0.01|0.01|43.0893|28.3303
09|01|0|315|4.4|8.7|315|59.0|42.0|0.01|0.01|43.0898|28.7462
09|02|0|270|1.5|8.7|315|59.3|41.9|0.01|0.01|43.089|27.8059
09|03|0|315|4.8|8.7|315|59.8|41.9|0.01|0.01|43.0886|27.8059
09|05|0|270|2.9|8.7|315|60.2|41.8|0.01|0.01|43.0908|28.2139
09|06|0|315|2.9|8.7|315|60.2|41.7|0.01|0.01|43.0886|28.2139
09|07|0|315|5.8|8.7|315|60.5|41.6|0.01|0.01|43.0885|28.2139
09|08|0|315|2.9|10.2|270|60.4|41.6|0.01|0.01|43.089|28.2139
09|10|0|315|7.3|11.6|315|60.7|41.3|0.01|0.01|43.0886|28.2139
09|11|0|315|5.8|11.6|315|61.3|41.3|0.01|0.01|43.0901|28.6158
09|12|0|315|4.4|11.6|315|61.8|41.3|0.01|0.01|43.0922|28.6158
09|13|0|315|4.4|11.6|315|62.0|41.2|0.01|0.01|43.0911|29.012
09|14|0|315|4.4|11.6|315|62.3|41.2|0.01|0.01|43.0902|29.012
09|15|0|315|5.8|11.6|315|62.5|41.2|0.01|0.01|43.0896|29.012
09|16|0|315|5.8|11.6|315|62.3|41.1|0.01|0.01|43.0909|29.012
09|17|0|315|5.8|11.6|315|62.2|41.1|0.01|0.01|43.0922|29.012
09|18|0|338|4.4|11.6|315|62.2|41.1|0.01|0.01|43.0903|29.012
09|19|0|293|2.9|11.6|315|62.6|41.1|0.01|0.01|43.0914|29.012
09|20|0|315|2.9|11.6|315|63.0|41.2|0.01|0.01|43.0902|29.4026
09|21|0|315|4.4|11.6|315|62.9|41.2|0.01|0.01|43.092|29.012
09|22|0|315|6.4|11.6|315|62.8|41.2|0.01|0.01|43.0922|29.012
09|23|0|315|7.3|11.6|315|62.7|41.2|0.01|0.01|43.0915|29.012
09|24|0|315|4.8|11.6|315|62.5|41.2|0.01|0.01|43.093|29.012
09|25|0|315|7.3|11.6|315|62.9|41.2|0.01|0.01|43.0898|29.012
09|26|0|315|4.4|11.6|315|63.0|41.2|0.01|0.01|43.093|29.4026
09|27|0|315|8.0|11.6|315|63.1|41.3|0.01|0.01|43.0911|29.4026
09|29|0|315|4.8|11.6|315|63.1|41.2|0.01|0.01|43.0895|29.4026
09|30|0|315|7.3|11.6|315|63.3|41.2|0.01|0.01|43.0851|29.4026
09|32|0|315|7.3|11.6|315|63.2|41.2|0.00|0.01|43.0863|29.4026
09|33|0|315|10.2|11.6|315|63.2|41.2|0.00|0.01|43.0835|29.4026
09|34|0|315|8.7|11.6|315|63.3|41.2|0.00|0.01|43.0862|29.4026
09|35|0|270|3.2|11.6|315|63.5|41.3|0.00|0.01|43.0894|29.4026
09|36|0|315|4.4|11.6|315|63.5|41.6|0.00|0.01|43.0887|29.4026
09|37|0|0|3.2|11.6|315|63.6|41.6|0.00|0.01|43.0865|29.4026
09|38|0|0|5.8|11.6|315|63.5|41.8|0.00|0.01|43.0872|29.4026
09|39|0|315|5.8|11.6|315|63.5|41.9|0.00|0.01|43.0856|29.4026
09|40|0|315|5.8|11.6|315|63.2|42.0|0.00|0.01|43.0871|30.3501
09|41|0|315|5.8|11.6|315|63.2|42.2|0.00|0.01|43.0864|30.3501
09|42|0|315|5.8|11.6|315|63.1|42.3|0.00|0.01|43.0845|30.3501
09|43|0|315|11.6|13.1|315|62.9|42.5|0.00|0.01|43.0808|29.9578
09|44|0|338|10.2|13.1|315|62.4|42.6|0.00|0.01|43.0842|29.9578
09|45|0|315|7.3|13.1|315|62.2|42.6|0.00|0.01|43.0851|29.9578
09|46|0|270|7.3|13.1|315|62.1|42.6|0.00|0.01|43.0875|29.9578
09|47|0|315|5.8|13.1|315|61.9|42.5|0.00|0.01|43.0855|29.5598
09|48|0|315|8.7|13.1|315|62.1|42.5|0.00|0.01|43.0864|29.9578
09|49|0|0|8.7|13.1|315|62.0|42.5|0.00|0.01|43.0858|29.9578
09|50|0|315|5.8|13.1|315|61.7|42.5|0.00|0.01|43.0867|29.5598
09|51|0|0|6.4|13.1|315|61.6|42.5|0.00|0.01|43.0847|29.5598
09|52|0|315|13.1|14.5|315|61.7|42.3|0.00|0.01|43.0859|29.5598
09|54|0|0|8.7|14.5|315|62.0|42.2|0.00|0.01|43.0875|29.9578
09|55|0|0|5.8|14.5|315|62.3|42.3|0.00|0.01|43.0896|29.9578
09|56|0|315|5.8|14.5|315|62.4|42.3|0.00|0.01|43.0889|29.9578
09|57|0|0|5.8|14.5|315|62.2|42.5|0.00|0.01|43.0905|29.9578
09|58|0|0|6.4|14.5|315|61.6|42.5|0.00|0.01|43.0897|29.5598
09|59|0|0|5.8|14.5|315|61.7|42.3|0.00|0.01|43.0871|29.5598
10|00|0|315|4.4|14.5|315|61.7|42.3|0.00|0.01|43.0879|29.5598
10|02|0|315|8.7|14.5|315|61.6|42.3|0.00|0.01|43.0887|29.5598
10|03|0|0|4.4|14.5|315|61.9|42.3|0.00|0.01|43.0881|29.5598
10|06|0|0|7.3|14.5|315|62.6|42.2|0.00|0.01|43.0883|29.9578
10|07|0|0|5.8|14.5|315|62.7|42.1|0.00|0.01|43.0887|29.9578
10|08|0|315|8.1|14.5|315|63.1|42.1|0.00|0.01|43.0876|30.3501
10|09|0|315|8.7|14.5|315|63.1|42.0|0.00|0.01|43.0872|30.3501
10|10|0|315|14.5|14.5|315|63.4|41.8|0.00|0.01|43.0848|29.4026
10|12|0|0|5.8|14.6|315|64.0|41.7|0.00|0.01|43.0863|29.7878
10|13|0|0|9.7|14.6|315|64.5|41.7|0.00|0.01|43.0858|29.7878
10|14|0|0|6.4|14.6|315|64.7|41.6|0.00|0.01|43.0861|29.7878
10|15|0|315|12.9|14.6|315|64.8|41.5|0.00|0.01|43.0817|29.7878
10|16|0|338|7.3|14.6|315|64.8|41.3|0.00|0.01|43.0841|29.7878
10|17|0|315|6.4|14.6|315|65.1|41.3|0.00|0.01|43.0867|30.1676
10|19|0|315|6.4|14.6|315|65.4|41.2|0.00|0.01|43.0886|30.1676
10|20|0|315|10.2|14.6|315|65.7|41.1|0.00|0.01|43.0881|30.1676
10|21|0|0|7.3|14.6|315|66.2|41.0|0.00|0.01|43.0906|30.5423
10|22|0|315|5.8|14.6|315|66.6|41.0|0.00|0.01|43.0898|30.5423
10|23|0|315|11.6|14.6|315|67.1|41.0|0.00|0.01|43.0886|30.912
10|24|0|315|8.0|14.6|315|67.0|40.9|0.00|0.01|43.0851|29.9577
10|25|0|315|10.2|14.6|315|67.2|40.9|0.00|0.01|43.0854|29.9577
10|26|0|0|8.0|14.6|315|67.4|40.9|0.00|0.01|43.0835|29.9577
10|27|0|0|10.2|14.6|315|67.4|41.0|0.00|0.01|43.0776|30.912
10|28|0|315|7.3|14.6|315|67.3|41.2|0.00|0.01|43.0743|30.912
10|29|0|0|13.1|14.6|315|67.2|41.5|0.00|0.01|43.0724|30.912
10|30|0|0|8.7|16.1|0|66.8|41.6|0.00|0.01|43.0696|30.5423
10|31|0|315|11.6|16.1|0|66.4|41.7|0.00|0.01|43.0755|30.5423
10|33|0|0|8.7|16.1|0|66.5|41.7|0.00|0.01|43.0753|30.5423
10|34|0|0|11.3|16.1|0|65.7|41.8|0.00|0.01|43.0752|30.1676
10|35|0|0|7.3|16.1|0|65.6|41.8|0.00|0.01|43.0753|30.1676
10|36|0|315|8.7|16.1|0|66.2|41.9|0.00|0.01|43.0751|30.5423
10|38|0|338|8.7|16.1|0|66.3|42.1|0.00|0.01|43.0791|31.4949
10|39|0|0|11.6|16.1|0|66.2|42.2|0.00|0.01|43.0748|31.4949
10|40|0|0|7.3|16.1|0|66.1|42.2|0.00|0.01|43.0754|31.4949
10|42|0|315|8.7|16.1|0|65.7|42.2|0.00|0.01|43.0758|31.1185
10|43|0|315|11.6|16.1|0|65.5|42.2|0.00|0.01|43.0745|31.1185
10|44|0|315|11.6|16.1|0|65.3|42.2|0.00|0.01|43.0746|31.1185
10|45|0|315|10.2|16.1|0|65.7|42.1|0.00|0.01|43.0729|31.1185
10|46|0|0|10.2|16.1|0|66.0|42.0|0.00|0.01|43.0708|31.4949
10|47|0|0|8.7|16.1|0|66.4|41.9|0.00|0.01|43.0739|30.5423
10|48|0|315|10.2|16.1|0|66.4|41.8|0.00|0.01|43.0737|30.5423
10|49|0|0|7.3|16.1|0|67.1|41.8|0.00|0.01|43.0752|30.912
10|50|0|315|10.2|16.1|0|67.1|41.8|0.00|0.01|43.0704|30.912
10|51|0|315|8.1|16.1|0|67.7|41.8|0.00|0.01|43.0769|30.912
10|53|0|315|7.3|16.1|0|67.9|41.8|0.00|0.01|43.0776|30.912
10|54|0|0|5.8|16.1|0|68.1|41.8|0.00|0.01|43.0772|31.2769
10|55|0|315|10.2|16.1|0|68.3|41.7|0.00|0.01|43.0784|31.2769
10|57|0|0|12.9|17.7|315|67.8|41.5|0.00|0.01|43.0783|30.912
10|58|0|315|7.3|17.7|315|67.6|41.3|0.00|0.01|43.0839|30.912
10|59|0|315|7.3|17.7|315|67.8|41.3|0.00|0.01|43.0851|30.912
11|00|0|0|8.1|17.7|315|67.8|41.2|0.00|0.01|43.0833|30.912
11|01|0|315|5.8|17.7|315|68.0|41.2|0.00|0.01|43.0858|31.2769
11|02|0|315|9.7|17.7|315|68.3|41.1|0.00|0.01|43.0863|31.2769
11|04|0|0|5.8|17.7|315|68.3|40.9|0.00|0.01|43.088|30.3209
11|06|0|315|7.3|17.7|315|68.6|40.8|0.00|0.01|43.0886|30.3209
11|07|0|315|11.3|17.7|315|69.0|40.4|0.00|0.01|43.0895|30.6795
11|08|0|270|8.7|17.7|315|69.5|40.3|0.00|0.01|43.0939|30.6795
11|11|0|0|6.4|17.7|315|69.2|40.1|0.00|0.01|43.0911|30.6795
11|12|0|315|11.6|17.7|315|69.3|40.0|0.00|0.01|43.0882|30.6795
11|13|0|0|8.0|17.7|315|69.8|39.8|0.00|0.01|43.0858|29.7218
11|14|0|315|8.7|17.7|315|70.1|39.8|0.00|0.01|43.085|30.0742
11|15|0|0|8.0|17.7|315|70.2|39.7|0.00|0.01|43.0841|30.0742
11|16|0|0|5.8|17.7|315|70.4|39.7|0.00|0.01|43.0804|30.0742
11|17|0|0|8.0|17.7|315|70.9|39.7|0.00|0.01|43.0832|30.0742
11|18|0|315|7.3|17.7|315|71.1|39.8|0.00|0.01|43.0839|30.4221
11|20|0|315|11.6|17.7|315|71.0|39.5|0.00|0.01|43.087|30.4221
11|21|0|315|7.3|17.7|315|71.3|39.3|0.00|0.01|43.0885|30.4221
11|22|0|315|11.6|17.7|315|71.7|39.3|0.00|0.01|43.0924|30.4221
11|23|0|315|7.3|17.7|315|71.8|39.2|0.00|0.01|43.0936|30.4221
11|24|0|270|4.8|17.7|315|72.2|39.2|0.00|0.01|43.0968|30.7658
11|25|0|315|5.8|17.7|315|72.3|39.1|0.00|0.01|43.0993|30.7658
11|26|0|315|4.8|17.7|315|72.6|39.1|0.00|0.01|43.1011|30.7658
11|27|0|315|5.8|17.7|315|72.7|39.1|0.00|0.01|43.1012|30.7658
11|28|0|315|5.8|17.7|315|72.8|39.1|0.00|0.01|43.1045|30.7658
11|29|0|315|6.5|17.7|315|72.8|39.0|0.00|0.01|43.1042|30.7658
11|31|0|315|7.3|17.7|315|73.0|39.0|0.00|0.01|43.1049|31.1053
11|33|0|315|7.3|17.7|315|72.8|38.9|0.00|0.01|43.1065|29.8033
11|35|0|315|8.7|17.7|315|73.2|38.7|0.00|0.01|43.1093|30.1413
11|36|0|315|8.7|17.7|315|73.5|38.6|0.00|0.01|43.11|30.1413
11|37|0|315|8.7|17.7|315|73.6|38.6|0.00|0.01|43.1108|30.1413
11|38|0|315|10.2|17.7|315|73.8|38.6|0.00|0.01|43.1126|30.1413
11|40|0|315|10.2|17.7|315|73.6|38.5|0.00|0.01|43.1175|30.1413
11|41|0|315|9.7|17.7|315|73.6|38.5|0.00|0.01|43.1198|30.1413
11|42|0|315|8.7|17.7|315|73.9|38.5|0.00|0.01|43.1217|30.1413
11|43|0|315|9.7|17.7|315|74.3|38.4|0.00|0.01|43.1233|30.4751
11|44|0|315|8.7|17.7|315|74.5|38.4|0.00|0.01|43.1256|30.4751
11|45|0|315|11.6|17.7|315|74.5|38.4|0.00|0.01|43.1289|30.4751
11|47|0|315|8.0|17.7|315|74.6|38.4|0.00|0.01|43.1319|30.4751
11|48|0|315|7.3|17.7|315|74.9|38.3|0.00|0.01|43.1345|30.4751
11|49|0|315|7.3|17.7|315|75.7|38.3|0.00|0.01|43.134|30.805
11|50|0|315|7.3|17.7|315|75.9|38.2|0.00|0.01|43.1368|30.805
11|51|0|315|14.5|17.7|315|76.5|37.8|0.00|0.01|43.1355|30.1624
11|52|0|315|8.7|17.7|315|77.4|37.7|0.00|0.01|43.1393|30.4832
11|53|0|315|9.7|17.7|315|78.4|37.6|0.00|0.01|43.1396|30.8003
11|54|0|315|11.6|18.9|315|79.0|37.5|0.00|0.01|43.1352|31.1139
11|55|0|315|7.3|18.9|315|79.8|37.3|0.00|0.01|43.1397|31.1139
11|56|0|315|8.7|18.9|315|80.2|37.0|0.00|0.01|43.1436|31.4239
11|57|0|270|12.9|18.9|315|80.5|36.8|0.00|0.01|43.1436|30.4495
11|58|0|225|11.6|18.9|315|80.4|36.6|0.00|0.01|43.1506|30.4495
12|00|0|225|8.1|18.9|315|80.2|36.5|0.00|0.01|43.1528|30.4495
12|02|0|270|4.4|18.9|315|79.3|36.0|0.00|0.01|43.149|30.1409
12|03|0|225|4.8|18.9|315|79.1|35.7|0.00|0.01|43.1457|29.1678
12|04|0|225|5.8|18.9|315|79.2|35.5|0.00|0.01|43.1478|29.1678
12|05|0|270|1.6|18.9|315|79.5|35.3|0.00|0.01|43.1491|29.1678
12|06|0|225|4.4|18.9|315|79.7|35.0|0.00|0.01|43.1476|29.1678
12|07|0|225|1.5|18.9|315|79.9|34.9|0.00|0.01|43.149|28.1947
12|08|0|270|1.5|18.9|315|80.4|34.7|0.00|0.01|43.1476|28.5006
12|09|0|0|2.9|18.9|315|81.1|34.5|0.00|0.01|43.1474|28.803
12|10|0|0|2.9|18.9|315|81.6|34.4|0.00|0.01|43.1467|28.803
12|11|0|0|1.5|18.9|315|82.1|34.2|0.00|0.01|43.1461|29.1022
12|12|0|0|2.9|18.9|315|82.6|34.0|0.00|0.01|43.1441|29.1022
12|14|0|0|4.4|18.9|315|83.1|33.9|0.00|0.01|43.1421|28.4194
12|15|0|0|4.8|18.9|315|83.7|33.8|0.00|0.01|43.1406|28.4194
12|16|0|0|2.9|18.9|315|84.2|33.7|0.00|0.01|43.1372|28.7109
12|17|0|0|2.9|18.9|315|84.6|33.6|0.00|0.01|43.1369|28.7109
12|18|0|0|4.4|18.9|315|85.1|33.5|0.00|0.01|43.133|28.9993
12|19|0|45|5.8|18.9|315|85.5|33.3|0.00|0.01|43.1316|28.9993
12|21|0|23|4.4|18.9|315|86.3|33.1|0.00|0.01|43.1283|29.2847
12|22|0|45|2.9|18.9|315|86.6|33.1|0.00|0.01|43.1299|29.2847
12|23|0|45|5.8|18.9|315|86.9|33.0|0.00|0.01|43.1285|29.2847
12|24|0|45|5.8|18.9|315|87.2|33.0|0.00|0.01|43.1256|29.5672
12|25|0|45|4.4|18.9|315|87.6|33.0|0.00|0.01|43.1272|29.5672
12|26|0|45|4.4|18.9|315|88.0|33.0|0.00|0.01|43.1253|29.8469
12|27|0|45|2.9|18.9|315|88.3|33.1|0.01|0.02|43.1247|29.8469
12|28|0|45|2.9|18.9|315|88.6|33.1|0.01|0.02|43.1224|29.8469
12|29|0|45|4.8|18.9|315|88.9|33.2|0.01|0.02|43.1228|29.8469
12|30|0|45|2.9|18.9|315|89.1|33.3|0.01|0.02|43.1223|30.1237
12|31|0|0|3.2|18.9|315|89.3|33.5|0.01|0.02|43.1229|30.1237
12|32|0|0|2.9|18.9|315|89.3|33.5|0.01|0.02|43.1222|30.1237
12|33|0|0|3.2|18.9|315|89.4|33.7|0.02|0.03|43.1228|30.1237
12|34|0|0|2.9|18.9|315|89.5|33.8|0.02|0.03|43.1221|30.1237
12|36|0|45|4.4|18.9|315|89.5|33.9|0.02|0.03|43.1176|30.1237
12|37|0|0|4.4|18.9|315|89.6|34.1|0.02|0.03|43.1196|31.1103
12|38|0|45|2.9|18.9|315|89.5|34.4|0.02|0.03|43.1173|31.1103
12|39|0|0|4.4|18.9|315|89.2|34.5|0.02|0.03|43.1188|31.1103
12|40|0|315|2.9|18.9|315|89.2|34.7|0.02|0.03|43.12|31.1103
12|41|0|0|4.4|18.9|315|89.1|34.8|0.03|0.04|43.1212|31.1103
12|42|0|45|1.5|18.9|315|88.9|35.0|0.03|0.04|43.1202|31.8174
12|43|0|0|2.9|18.9|315|88.7|35.3|0.03|0.04|43.118|31.8174
12|44|0|0|1.5|18.9|315|88.8|35.4|0.03|0.04|43.1189|31.8174
12|45|0|0|3.2|18.9|315|89.1|35.7|0.03|0.04|43.1221|32.0969
12|46|0|315|2.9|18.9|315|88.6|35.9|0.03|0.04|43.1261|31.8174
12|47|0|0|4.8|18.9|315|88.2|36.3|0.03|0.04|43.1251|32.8027
12|48|0|0|2.9|18.9|315|88.0|36.5|0.03|0.04|43.1244|32.8027
12|49|0|315|2.9|18.9|315|87.6|36.7|0.03|0.04|43.1238|32.5191
12|50|0|0|3.2|18.9|315|87.6|37.0|0.03|0.04|43.1266|33.503
12|51|0|0|4.4|18.9|315|87.8|37.2|0.03|0.04|43.1273|33.503
12|53|0|315|4.8|18.9|315|88.3|37.4|0.03|0.04|43.1307|33.7879
12|54|0|315|5.8|18.9|315|88.7|37.6|0.03|0.04|43.1318|33.7879
12|55|0|0|2.9|18.9|315|86.9|37.7|0.03|0.04|43.1326|33.2153
12|56|0|338|5.8|18.9|315|87.1|38.0|0.03|0.04|43.1331|34.4869
12|57|0|338|4.4|18.9|315|87.7|38.2|0.03|0.04|43.131|34.4869
12|58|0|315|4.8|18.9|315|85.1|38.3|0.03|0.04|43.1318|33.9058
12|59|0|315|5.8|18.9|315|82.9|38.4|0.03|0.04|43.1315|33.011
13|00|0|315|4.4|18.9|315|83.1|38.5|0.03|0.04|43.1324|33.3124
13|01|0|315|4.4|18.9|315|84.1|38.6|0.03|0.04|43.1313|33.6106
13|03|0|0|5.8|18.9|315|84.1|38.9|0.03|0.04|43.1306|33.6106
13|04|0|338|8.7|18.9|315|82.4|38.9|0.03|0.04|43.1285|33.011
13|05|0|315|6.4|18.9|315|82.1|39.0|0.03|0.04|43.1286|33.988
13|06|0|315|10.2|18.9|315|81.4|38.9|0.03|0.04|43.13|32.7063
13|07|0|315|4.4|18.9|315|80.4|38.9|0.03|0.04|43.1292|32.3982
13|08|0|315|10.2|18.9|315|81.2|38.9|0.03|0.04|43.1298|32.7063
13|10|0|315|8.0|18.9|315|81.4|38.7|0.03|0.04|43.134|32.7063
13|11|0|0|4.4|18.9|315|80.3|38.7|0.03|0.04|43.1363|32.3982
13|12|0|0|5.8|18.9|315|82.3|38.7|0.03|0.04|43.1364|33.011
13|14|0|0|4.4|18.9|315|82.7|38.7|0.03|0.04|43.1357|33.011
13|15|0|0|7.3|18.9|315|82.9|38.9|0.03|0.04|43.1353|33.011
13|16|0|315|9.7|18.9|315|80.8|38.6|0.03|0.04|43.1361|32.3982
13|17|0|315|5.8|18.9|315|79.7|38.6|0.03|0.04|43.1394|32.0868
13|18|0|0|10.2|18.9|315|82.2|38.5|0.03|0.04|43.1376|33.011
13|19|0|315|9.7|18.9|315|82.2|38.5|0.03|0.04|43.1412|33.011
13|20|0|0|5.8|18.9|315|83.3|38.4|0.03|0.04|43.1399|33.3124
13|21|0|338|7.3|18.9|315|83.7|38.4|0.03|0.04|43.1394|33.3124
13|22|0|0|5.8|18.9|315|83.5|38.4|0.03|0.04|43.1399|33.3124
13|23|0|315|7.3|18.9|315|83.7|38.4|0.03|0.04|43.137|33.3124
13|24|0|0|5.8|18.9|315|83.5|38.5|0.03|0.04|43.1371|33.3124
13|25|0|0|8.7|18.9|315|84.0|38.6|0.03|0.04|43.1349|33.6106
13|26|0|315|10.2|18.9|315|82.2|38.6|0.02|0.04|43.1247|33.011
13|27|0|0|7.3|18.9|315|81.0|38.6|0.02|0.04|43.1298|32.7063
13|29|0|0|6.4|18.9|315|81.8|38.7|0.02|0.04|43.1293|32.7063
13|31|0|0|7.3|18.9|315|81.5|38.7|0.02|0.04|43.1307|32.7063
13|32|0|0|8.1|18.9|315|81.8|38.7|0.02|0.04|43.1295|32.7063
13|33|0|0|14.5|18.9|315|82.4|38.9|0.02|0.04|43.1252|33.011
13|34|0|0|7.3|18.9|315|80.9|38.9|0.01|0.04|43.1297|32.3982
13|35|0|315|8.1|18.9|315|81.0|38.9|0.01|0.04|43.1286|32.7063
13|36|0|315|7.3|18.9|315|82.2|39.0|0.01|0.04|43.134|33.988
13|37|0|270|7.3|18.9|315|83.1|39.0|0.01|0.04|43.1321|34.2909
13|38|0|338|5.8|18.9|315|85.0|39.1|0.01|0.04|43.1371|34.8869
13|39|0|0|4.4|18.9|315|83.9|39.1|0.01|0.04|43.1359|34.2909
13|40|0|0|9.7|18.9|315|82.5|39.1|0.01|0.04|43.139|33.988
13|41|0|315|10.2|18.9|315|82.7|39.0|0.00|0.04|43.1417|33.988
13|42|0|270|8.7|18.9|315|82.0|38.9|0.00|0.04|43.1453|33.011
13|43|0|315|13.1|18.9|315|82.7|38.7|0.00|0.04|43.1436|33.011
13|44|0|315|11.6|18.9|315|82.6|38.5|0.00|0.04|43.1493|33.011
13|45|0|315|9.7|18.9|315|82.5|38.4|0.00|0.04|43.1504|33.011
13|46|0|0|10.2|18.9|315|82.4|38.3|0.00|0.04|43.149|33.011
13|48|0|315|9.7|18.9|315|82.4|38.2|0.00|0.04|43.154|33.011
13|49|0|315|7.3|18.9|315|83.1|38.1|0.00|0.04|43.1536|33.3124
13|50|0|270|5.8|18.9|315|83.9|38.1|0.00|0.04|43.1578|33.3124
13|51|0|315|11.6|18.9|315|82.4|37.8|0.00|0.04|43.1538|32.0339
13|52|0|338|7.3|18.9|315|83.1|37.7|0.00|0.04|43.1537|32.3339
13|53|0|315|6.4|18.9|315|84.9|37.7|0.00|0.04|43.1579|32.6308
13|54|0|315|20.4|20.4|315|83.1|37.5|0.00|0.04|43.148|32.3339
13|55|0|315|8.1|20.4|315|81.9|37.4|0.00|0.04|43.1554|31.7305
13|56|0|315|9.7|20.4|315|82.6|37.3|0.00|0.04|43.1545|32.0339
13|57|0|270|13.1|20.9|315|80.9|37.1|0.00|0.04|43.1489|31.4239
13|58|0|315|11.6|20.9|315|80.7|37.0|0.00|0.04|43.1593|31.4239
13|59|0|315|14.5|21.8|315|80.6|36.8|0.00|0.04|43.1482|30.4495
14|01|0|315|17.5|23.3|315|81.8|36.6|0.00|0.04|43.1535|30.7548
14|02|0|315|14.5|23.3|315|81.9|36.5|0.00|0.04|43.1556|30.7548
14|03|0|315|8.7|29.0|270|83.1|36.5|0.00|0.04|43.1606|31.3554
14|05|0|270|8.7|29.0|270|83.3|36.3|0.00|0.04|43.1608|31.3554
14|06|0|315|10.2|29.0|270|83.4|36.3|0.00|0.04|43.1576|31.3554
14|07|0|270|8.1|29.0|270|83.8|36.0|0.00|0.04|43.1578|31.3554
14|08|0|0|7.3|29.0|270|84.5|35.9|0.00|0.04|43.1579|30.6709
14|09|0|315|8.7|29.0|270|85.5|35.9|0.00|0.04|43.1583|30.962
14|10|0|315|4.8|29.0|270|85.9|35.9|0.00|0.04|43.1603|30.962
14|11|0|315|2.9|29.0|270|86.0|36.0|0.00|0.04|43.1617|32.2327
14|12|0|315|4.8|29.0|270|86.7|36.0|0.00|0.04|43.1618|32.2327
14|13|0|315|4.4|29.0|270|86.2|36.2|0.00|0.04|43.163|32.2327
14|14|0|315|3.2|29.0|270|85.9|36.2|0.00|0.04|43.1641|31.9433
14|15|0|270|2.9|29.0|270|87.1|36.2|0.00|0.04|43.1675|32.5191
14|16|0|315|5.8|29.0|270|87.1|36.3|0.00|0.04|43.1721|32.5191
14|17|0|315|7.3|29.0|270|87.3|36.2|0.00|0.04|43.1716|32.5191
14|18|0|270|11.3|29.0|270|87.0|36.0|0.00|0.04|43.1748|32.5191
14|19|0|315|8.7|29.0|270|85.9|35.8|0.00|0.04|43.1809|30.962
14|20|0|270|8.1|29.0|270|85.0|35.6|0.00|0.04|43.1838|30.962
14|21|0|315|5.8|29.0|270|84.4|35.5|0.00|0.04|43.1877|30.6709
14|22|0|315|7.3|29.0|270|84.4|35.3|0.00|0.04|43.187|30.6709
14|24|0|315|5.8|29.0|270|84.6|34.9|0.00|0.04|43.19|29.6909
14|27|0|315|4.4|29.0|270|86.1|34.8|0.00|0.04|43.1905|30.2674
14|28|0|270|7.3|29.0|270|86.7|34.9|0.00|0.04|43.1927|30.2674
14|29|0|315|8.7|29.0|270|86.9|34.9|0.00|0.04|43.1903|30.2674
14|30|0|315|5.8|29.0|270|86.9|34.9|0.00|0.04|43.1937|30.2674
14|31|0|270|3.2|29.0|270|87.0|35.0|0.00|0.04|43.1958|31.5352
14|32|0|315|7.3|29.0|270|87.4|35.0|0.00|0.04|43.1951|31.5352
14|33|0|315|6.5|29.0|270|86.6|35.0|0.00|0.04|43.194|31.2501
14|34|0|315|8.7|29.0|270|84.8|34.9|0.00|0.04|43.1936|29.6909
14|35|0|315|5.8|29.0|270|83.5|34.8|0.00|0.04|43.1963|29.3981
14|36|0|315|4.8|29.0|270|83.6|34.8|0.00|0.04|43.1976|29.3981
14|37|0|270|4.4|29.0|270|83.6|34.8|0.00|0.04|43.1958|29.3981
14|38|0|315|4.8|29.0|270|84.7|34.8|0.00|0.04|43.1977|29.6909
14|39|0|225|4.4|29.0|270|85.0|34.9|0.00|0.04|43.1983|29.9807
14|40|0|315|8.7|29.0|270|84.2|34.9|0.00|0.04|43.1998|29.6909
14|41|0|315|8.7|29.0|270|83.0|34.8|0.00|0.04|43.1976|29.3981
14|42|0|315|7.3|29.0|270|81.4|34.8|0.00|0.04|43.1991|28.803
14|43|0|315|2.9|29.0|270|81.4|34.8|0.00|0.04|43.1986|28.803
14|45|0|315|7.3|29.0|270|82.3|34.9|0.00|0.04|43.1996|29.1022
14|46|0|315|7.3|29.0|270|81.5|34.8|0.00|0.04|43.1972|28.803
14|48|0|315|5.8|29.0|270|81.1|34.9|0.00|0.04|43.1969|28.803
14|49|0|315|5.8|29.0|270|80.5|34.9|0.00|0.04|43.1973|28.5006
14|51|0|315|6.4|29.0|270|80.4|35.0|0.00|0.04|43.1941|29.4751
14|52|0|315|7.3|29.0|270|79.4|35.0|0.00|0.04|43.196|29.1678
14|53|0|315|7.3|29.0|270|79.1|35.0|0.00|0.04|43.1947|29.1678
14|54|0|315|8.7|29.0|270|79.6|35.2|0.00|0.04|43.1949|29.1678
14|55|0|315|6.4|29.0|270|79.3|35.3|0.00|0.04|43.1957|29.1678
14|56|0|315|8.7|29.0|270|79.7|35.3|0.00|0.04|43.1942|29.1678
14|57|0|315|5.8|29.0|270|79.5|35.4|0.00|0.04|43.1937|29.1678
14|58|0|0|4.8|29.0|270|79.8|35.4|0.00|0.04|43.1936|29.1678
14|59|0|315|7.3|29.0|270|80.2|35.5|0.00|0.04|43.1918|29.4751
15|00|0|315|10.2|29.0|270|79.8|35.5|0.00|0.04|43.1928|29.1678
15|01|0|315|6.4|29.0|270|78.5|35.6|0.00|0.04|43.1929|28.8572
15|03|0|315|8.1|29.0|270|78.2|35.8|0.00|0.04|43.1923|28.8572
15|04|0|315|7.3|29.0|270|77.9|35.8|0.00|0.04|43.1927|28.5429
15|06|0|315|7.3|29.0|270|77.4|36.0|0.00|0.04|43.1939|29.5131
15|07|0|315|7.3|29.0|270|76.9|36.2|0.00|0.04|43.1951|29.1938
15|08|0|315|5.8|29.0|270|77.2|36.3|0.00|0.04|43.1943|29.5131
15|09|0|315|8.1|29.0|270|77.1|36.4|0.00|0.04|43.1917|29.5131
15|10|0|315|7.3|29.0|270|75.7|36.5|0.00|0.04|43.1912|28.8707
15|11|0|270|7.3|29.0|270|75.8|36.6|0.00|0.04|43.19|28.8707
15|12|0|0|8.7|29.0|270|76.2|36.7|0.00|0.04|43.1912|29.1938
15|13|0|270|7.3|29.0|270|75.6|37.0|0.00|0.04|43.1909|29.8379
15|14|0|315|8.0|29.0|270|73.3|37.1|0.00|0.04|43.1944|29.1772
15|15|0|270|7.3|29.0|270|72.2|37.1|0.00|0.04|43.1951|28.8408
15|16|0|315|9.7|29.0|270|71.5|37.2|0.00|0.04|43.1962|28.5002
15|17|0|315|8.1|29.0|270|72.7|37.4|0.00|0.04|43.1993|28.8408
15|18|0|315|7.3|29.0|270|72.3|37.5|0.00|0.04|43.2003|28.8408
15|20|0|315|4.4|29.0|270|71.5|37.7|0.00|0.04|43.2016|28.5002
15|21|0|315|4.4|29.0|270|72.5|37.8|0.00|0.04|43.2004|28.8408
15|23|0|270|9.7|29.0|270|73.5|38.1|0.00|0.04|43.2015|30.1413
15|25|0|315|5.8|29.0|270|69.3|38.1|0.00|0.04|43.2027|28.764
15|26|0|315|11.3|29.0|270|67.8|38.1|0.00|0.04|43.1998|28.0487
15|27|0|315|5.8|29.0|270|67.7|38.1|0.00|0.04|43.2035|28.0487
15|28|0|315|11.3|29.0|270|67.9|38.0|0.00|0.04|43.2005|28.0487
15|29|0|315|5.8|29.0|270|67.6|38.1|0.00|0.04|43.2025|28.0487
15|30|0|315|8.7|29.0|270|68.7|38.2|0.00|0.04|43.2025|28.4087
15|31|0|315|16.0|29.0|270|67.9|38.1|0.00|0.04|43.2029|28.0487
15|32|0|315|5.8|29.0|270|67.6|38.2|0.00|0.04|43.2031|28.0487
15|33|0|315|6.5|29.0|270|68.6|38.2|0.00|0.04|43.2048|28.4087
15|34|0|315|8.7|29.0|270|68.1|38.3|0.00|0.04|43.2042|28.4087
15|35|0|315|4.4|29.0|270|67.6|38.3|0.00|0.04|43.2066|28.0487
15|36|0|315|6.4|29.0|270|68.5|38.4|0.00|0.04|43.2084|28.4087
15|37|0|315|8.7|29.0|270|67.7|38.5|0.00|0.04|43.2051|28.0487
15|38|0|315|11.3|29.0|270|66.1|38.5|0.00|0.04|43.2069|27.684
15|40|0|315|7.3|29.0|270|66.3|38.5|0.00|0.04|43.2079|27.684
15|41|0|315|10.2|29.0|270|66.7|38.6|0.00|0.04|43.2085|27.684
15|42|0|315|11.3|29.0|270|66.8|38.5|0.00|0.04|43.2062|27.684
15|43|0|315|8.7|29.0|270|66.3|38.6|0.00|0.04|43.2093|27.684
15|44|0|315|8.0|29.0|270|66.4|38.6|0.00|0.04|43.2094|27.684
15|45|0|0|7.3|29.0|270|67.4|38.7|0.00|0.04|43.2099|28.0487
15|46|0|315|10.2|29.0|270|66.7|38.7|0.00|0.04|43.2094|27.684
15|48|0|315|11.3|29.0|270|67.4|38.9|0.00|0.04|43.2128|28.0487
15|49|0|315|8.7|29.0|270|65.6|38.9|0.00|0.04|43.2144|27.3143
15|50|0|315|4.4|29.0|270|64.6|38.9|0.00|0.04|43.2154|26.9395
15|51|0|270|5.8|29.0|270|64.6|39.0|0.00|0.04|43.2184|27.889
15|52|0|315|4.4|29.0|270|64.4|39.1|0.00|0.04|43.2194|27.889
15|53|0|315|4.4|29.0|270|64.1|39.1|0.00|0.04|43.2218|27.889
15|54|0|270|4.4|29.0|270|65.5|39.1|0.00|0.04|43.2218|28.2655
15|55|0|315|5.8|29.0|270|65.3|39.2|0.00|0.04|43.2221|28.2655
15|56|0|315|5.8|29.0|270|64.8|39.2|0.00|0.04|43.2256|27.889
15|57|0|315|9.7|29.0|270|65.2|39.3|0.00|0.04|43.2246|28.2655
15|58|0|315|5.8|29.0|270|65.0|39.3|0.00|0.04|43.2268|28.2655
15|59|0|315|6.4|29.0|270|65.5|39.4|0.00|0.04|43.2281|28.2655
16|01|0|315|3.2|29.0|270|65.0|39.4|0.00|0.04|43.2306|28.2655
16|02|0|0|1.6|29.0|270|65.3|39.5|0.00|0.04|43.2306|28.2655
16|03|0|270|7.3|29.0|270|64.9|39.7|0.00|0.04|43.2307|27.889
16|04|0|315|7.3|29.0|270|63.7|39.7|0.00|0.04|43.2301|27.5073
16|05|0|315|8.7|29.0|270|63.6|39.5|0.00|0.04|43.2301|27.5073
16|06|0|270|4.4|29.0|270|63.3|39.7|0.00|0.04|43.2357|27.5073
16|07|0|270|4.4|29.0|270|62.7|39.7|0.00|0.04|43.234|27.1202
16|08|0|270|8.1|29.0|270|61.3|39.7|0.00|0.04|43.2336|26.7276
16|09|0|0|5.8|29.0|270|61.1|39.7|0.00|0.04|43.2363|26.7276
16|10|0|315|12.9|29.0|270|61.7|39.7|0.00|0.04|43.2336|26.7276
16|11|0|270|5.8|29.0|270|62.2|39.7|0.00|0.04|43.2354|27.1202
16|12|0|315|11.6|29.0|270|61.2|39.5|0.00|0.04|43.2341|26.7276
16|14|0|315|5.8|29.0|270|62.1|39.5|0.00|0.04|43.238|27.1202
16|15|0|315|4.8|29.0|270|62.6|39.5|0.00|0.04|43.2363|27.1202
16|16|0|315|5.8|29.0|270|63.6|39.7|0.00|0.04|43.238|27.5073
16|17|0|315|7.3|29.0|270|62.2|39.5|0.00|0.04|43.2394|27.1202
16|18|0|270|4.4|29.0|270|62.8|39.7|0.00|0.04|43.2395|27.1202
16|20|0|270|7.3|29.0|270|62.7|39.8|0.00|0.04|43.2398|27.1202
16|21|0|225|4.8|29.0|270|61.7|39.9|0.00|0.04|43.2472|26.7276
16|22|0|270|10.2|29.0|270|61.1|39.9|0.00|0.04|43.2434|26.7276
16|23|0|315|4.8|29.0|270|60.1|39.9|0.00|0.04|43.2449|26.3292
16|24|0|315|5.8|29.0|270|61.4|39.9|0.00|0.04|43.2474|26.7276
16|25|0|315|10.2|29.0|270|61.6|39.9|0.00|0.04|43.2486|26.7276
16|26|0|315|7.3|29.0|270|60.8|39.9|0.01|0.05|43.2504|26.3292
16|27|0|315|8.7|29.0|270|61.0|39.9|0.01|0.05|43.2496|26.7276
16|28|0|315|6.4|29.0|270|60.9|39.9|0.01|0.05|43.2521|26.3292
16|29|0|315|10.2|29.0|270|61.0|39.9|0.01|0.05|43.2503|26.7276
16|30|0|315|8.7|29.0|270|61.2|39.8|0.01|0.05|43.2508|26.7276
16|31|0|270|8.7|29.0|270|61.9|39.7|0.01|0.05|43.2548|26.7276
16|32|0|270|10.2|29.0|270|61.2|39.5|0.01|0.05|43.2522|26.7276
16|33|0|315|7.3|29.0|270|59.9|39.5|0.01|0.05|43.2528|25.9248
16|34|0|270|11.6|29.0|270|60.3|39.5|0.01|0.05|43.2543|26.3292
16|35|0|180|3.2|29.0|270|60.5|39.5|0.01|0.05|43.2582|26.3292
16|36|0|315|5.8|29.0|270|61.2|39.5|0.01|0.05|43.2578|26.7276
16|37|0|315|12.9|29.0|270|62.3|39.5|0.01|0.05|43.2572|27.1202
16|38|0|315|10.2|29.0|270|62.3|39.4|0.01|0.05|43.252|27.1202
16|39|0|0|4.4|29.0|270|62.4|39.4|0.01|0.05|43.2582|27.1202
16|40|0|315|8.7|29.0|270|61.6|39.4|0.01|0.05|43.2588|26.7276
16|42|0|270|11.6|29.0|270|61.1|39.4|0.01|0.05|43.2614|26.7276
16|43|0|315|9.7|29.0|270|59.8|39.5|0.01|0.05|43.2616|25.9248
16|44|0|270|7.3|29.0|270|60.9|39.5|0.01|0.05|43.2626|26.3292
16|45|0|315|10.2|29.0|270|60.3|39.5|0.01|0.05|43.2618|26.3292
16|46|0|0|5.8|29.0|270|60.4|39.5|0.01|0.05|43.2615|26.3292
16|47|0|315|8.7|29.0|270|61.1|39.8|0.01|0.05|43.2685|26.7276
16|48|0|270|6.5|29.0|270|60.0|39.8|0.01|0.05|43.2674|26.3292
16|49|0|315|7.3|29.0|270|60.1|39.9|0.01|0.05|43.2688|26.3292
16|50|0|315|6.4|29.0|270|61.5|39.9|0.01|0.05|43.2681|26.7276
16|51|0|270|5.8|29.0|270|61.5|40.0|0.01|0.05|43.2714|27.6718
16|52|0|315|14.5|29.0|270|60.3|40.0|0.01|0.05|43.2726|27.2716
16|53|0|270|10.2|29.0|270|58.1|40.0|0.01|0.05|43.2726|26.4531
16|54|0|270|5.8|29.0|270|58.2|40.0|0.01|0.05|43.2741|26.4531
16|55|0|270|6.4|29.0|270|58.8|40.0|0.01|0.05|43.2755|26.4531
16|56|0|270|5.8|29.0|270|59.4|40.0|0.01|0.05|43.2771|26.8654
16|57|0|315|2.9|29.0|270|60.0|40.1|0.01|0.05|43.2773|27.2716
16|59|0|315|4.8|29.0|270|60.3|40.1|0.01|0.05|43.2802|27.2716
17|00|0|315|8.7|29.0|270|59.9|40.0|0.01|0.05|43.2784|26.8654
17|01|0|315|11.3|29.0|270|59.8|39.9|0.01|0.05|43.2775|25.9248
17|02|0|0|13.1|29.0|270|60.0|39.8|0.01|0.05|43.2709|26.3292
17|03|0|315|5.8|29.0|270|60.5|39.7|0.01|0.05|43.2776|26.3292
17|04|0|270|2.9|29.0|270|60.9|39.8|0.01|0.05|43.2789|26.3292
17|05|0|270|5.8|29.0|270|60.9|40.0|0.01|0.05|43.2815|27.2716
17|06|0|315|8.1|29.0|270|60.3|40.0|0.01|0.05|43.2802|27.2716
17|07|0|315|7.3|29.0|270|60.4|40.1|0.01|0.05|43.2854|27.2716
17|08|0|270|6.4|29.0|270|59.8|40.1|0.01|0.05|43.282|26.8654
17|09|0|315|10.2|29.0|270|59.7|40.1|0.01|0.05|43.2846|26.8654
17|10|0|315|8.1|29.0|270|59.9|40.1|0.01|0.05|43.2863|26.8654
17|11|0|315|5.8|29.0|270|59.9|40.2|0.01|0.05|43.2869|26.8654
17|12|0|270|11.6|29.0|270|59.4|40.2|0.01|0.05|43.2886|26.8654
17|14|0|270|7.3|29.0|270|59.2|40.2|0.01|0.05|43.2886|26.8654
17|15|0|270|4.8|29.0|270|58.7|40.2|0.01|0.05|43.2934|26.4531
17|16|0|315|5.8|29.0|270|59.9|40.2|0.01|0.05|43.2936|26.8654
17|17|0|315|6.4|29.0|270|60.5|40.2|0.01|0.05|43.2952|27.2716
17|18|0|225|11.6|29.0|270|60.5|40.2|0.01|0.05|43.2956|27.2716
17|19|0|315|7.3|29.0|270|59.5|40.2|0.01|0.05|43.2958|26.8654
17|21|0|270|11.3|29.0|270|59.1|40.0|0.01|0.05|43.2941|26.8654
17|22|0|315|7.3|29.0|270|60.1|40.0|0.01|0.05|43.2931|27.2716
17|23|0|270|4.8|29.0|270|59.7|40.0|0.01|0.05|43.2967|26.8654
17|24|0|315|7.3|29.0|270|59.7|39.9|0.01|0.05|43.2965|25.9248
17|25|0|315|7.3|29.0|270|59.9|39.7|0.01|0.05|43.2978|25.9248
17|27|0|270|8.7|29.0|270|59.6|39.7|0.00|0.05|43.2995|25.9248
17|28|0|315|10.2|29.0|270|58.7|39.7|0.00|0.05|43.2996|25.5144
17|29|0|225|11.3|29.0|270|58.3|39.5|0.00|0.05|43.3046|25.5144
17|30|0|270|5.8|29.0|270|58.1|39.5|0.00|0.05|43.3061|25.5144
17|31|0|315|16.0|29.0|270|59.2|39.4|0.00|0.05|43.3051|25.9248
17|32|0|315|16.0|29.0|270|59.6|39.2|0.00|0.05|43.3075|25.9248
17|34|0|315|7.3|29.0|270|60.5|39.2|0.00|0.05|43.3135|26.3292
17|36|0|270|13.1|29.0|270|60.0|39.2|0.00|0.05|43.3116|26.3292
17|37|0|315|12.9|29.0|270|59.9|39.2|0.00|0.05|43.3125|25.9248
17|38|0|270|11.6|29.0|270|59.8|39.1|0.00|0.05|43.3181|25.9248
17|40|0|225|21.8|29.0|270|60.1|39.1|0.00|0.05|43.3187|26.3292
17|41|0|315|8.0|29.0|270|60.5|39.0|0.00|0.05|43.3202|26.3292
17|42|0|270|11.3|29.0|270|61.3|39.0|0.00|0.05|43.318|26.7276
17|43|0|315|8.1|29.0|270|61.2|39.0|0.00|0.05|43.3238|26.7276
17|44|0|270|2.9|29.0|270|62.0|39.0|0.00|0.05|43.3254|27.1202
17|45|0|270|14.5|29.0|270|61.8|39.1|0.00|0.05|43.3215|26.7276
17|47|0|315|14.5|29.0|270|61.3|38.6|0.00|0.05|43.3316|25.7832
17|48|0|315|16.1|29.0|270|61.0|38.5|0.00|0.05|43.3342|25.7832
17|49|0|315|10.2|29.0|270|60.4|38.3|0.00|0.05|43.3364|25.3866
17|50|0|315|13.1|29.0|270|60.7|38.2|0.00|0.05|43.3382|25.3866
17|52|0|315|7.3|29.0|270|61.5|38.2|0.00|0.05|43.3423|25.7832
17|53|0|315|14.5|29.0|270|61.7|38.2|0.00|0.05|43.3416|25.7832
17|54|0|315|8.1|29.0|270|61.0|38.2|0.00|0.05|43.3432|25.7832
17|56|0|270|7.3|29.0|270|61.4|38.2|0.00|0.05|43.3498|25.7832
17|58|0|315|8.7|29.0|270|61.5|38.2|0.01|0.07|43.3544|25.7832
17|59|0|315|7.3|29.0|270|61.3|38.2|0.01|0.07|43.3532|25.7832
18|00|0|315|11.3|29.0|270|61.8|38.2|0.01|0.07|43.3546|25.7832
18|01|0|315|8.7|29.0|270|62.2|38.2|0.01|0.07|43.3559|26.1742
18|02|0|270|6.4|29.0|270|61.9|38.2|0.02|0.08|43.3563|25.7832
18|03|0|315|16.0|29.0|270|61.3|38.2|0.02|0.08|43.3546|25.7832
18|04|0|315|11.6|29.0|270|61.2|38.2|0.02|0.08|43.3587|25.7832
18|05|0|270|8.1|29.0|270|61.2|38.2|0.02|0.08|43.3577|25.7832
18|06|0|315|11.6|29.0|270|59.4|38.2|0.02|0.08|43.3626|24.9841
18|07|0|0|12.9|29.0|270|60.1|38.2|0.02|0.08|43.3635|25.3866
18|09|0|315|17.7|29.0|270|57.3|38.1|0.02|0.08|43.359|24.1605
18|11|0|338|8.7|29.0|270|55.6|38.1|0.02|0.08|43.3626|23.311
18|12|0|315|14.5|29.0|270|55.9|38.1|0.02|0.08|43.3635|23.311
18|13|0|315|10.2|29.0|270|56.3|38.2|0.02|0.08|43.3678|23.7391
18|14|0|315|10.2|29.0|270|57.4|38.2|0.02|0.08|43.3679|24.1605
18|15|0|270|13.1|29.0|270|59.3|38.2|0.02|0.08|43.3683|24.9841
18|16|0|315|14.5|29.0|270|60.1|38.2|0.02|0.08|43.368|25.3866
18|18|0|315|11.6|29.0|270|60.6|38.2|0.02|0.08|43.3698|25.3866
18|19|0|315|8.7|29.0|270|61.1|38.2|0.02|0.08|43.3721|25.7832
18|20|0|315|11.3|29.0|270|61.3|38.2|0.02|0.08|43.3736|25.7832
18|21|0|270|10.2|29.0|270|61.5|38.2|0.02|0.08|43.3741|25.7832
18|22|0|315|6.5|29.0|270|61.0|38.3|0.02|0.08|43.3791|25.7832
18|23|0|315|7.3|29.0|270|60.5|38.3|0.02|0.08|43.3769|25.3866
18|24|0|315|13.1|29.0|270|60.6|38.2|0.02|0.08|43.3741|25.3866
18|25|0|315|7.3|29.0|270|60.7|38.1|0.02|0.08|43.3798|25.3866
18|26|0|270|8.7|29.0|270|60.6|38.1|0.02|0.08|43.3797|25.3866
18|27|0|270|8.7|29.0|270|60.9|38.2|0.02|0.08|43.3806|25.3866
18|28|0|315|5.8|29.0|270|60.6|38.2|0.02|0.08|43.3816|25.3866
18|29|0|315|6.5|29.0|270|60.4|38.1|0.02|0.08|43.3819|25.3866
18|30|0|0|4.4|29.0|270|60.4|38.1|0.02|0.08|43.383|25.3866
18|31|0|315|6.4|29.0|270|60.2|38.1|0.02|0.08|43.3829|25.3866
18|32|0|315|7.3|29.0|270|60.7|38.1|0.02|0.08|43.3874|25.3866
18|33|0|315|10.2|29.0|270|60.6|38.1|0.02|0.08|43.3867|25.3866
18|34|0|270|12.9|29.0|270|60.7|38.1|0.02|0.08|43.3866|25.3866
18|35|0|270|5.8|29.0|270|60.6|38.1|0.02|0.08|43.3886|25.3866
18|36|0|315|11.6|29.0|270|60.9|38.0|0.02|0.08|43.3873|25.3866
18|39|0|270|7.3|29.0|270|61.6|38.0|0.02|0.08|43.3903|25.7832
18|40|0|315|7.3|29.0|270|61.0|37.8|0.02|0.08|43.3906|24.8388
18|41|0|315|4.8|29.0|270|61.5|37.8|0.02|0.08|43.3913|24.8388
18|42|0|315|4.4|29.0|270|61.4|37.8|0.02|0.08|43.391|24.8388
18|43|0|315|5.8|29.0|270|61.3|37.8|0.02|0.08|43.3935|24.8388
18|44|0|315|5.8|29.0|270|60.9|38.0|0.02|0.08|43.3941|25.3866
18|45|0|225|7.3|29.0|270|60.4|38.0|0.02|0.08|43.3941|25.3866
18|46|0|293|9.7|29.0|270|59.9|38.0|0.02|0.08|43.3918|24.9841
18|47|0|315|5.8|29.0|270|59.8|38.1|0.02|0.08|43.3954|24.9841
18|48|0|315|9.7|29.0|270|60.4|38.0|0.02|0.08|43.3935|25.3866
18|49|0|315|4.4|29.0|270|60.8|38.0|0.02|0.08|43.3952|25.3866
18|50|0|315|5.8|29.0|270|61.2|38.0|0.02|0.08|43.3978|25.7832
18|51|0|315|8.7|29.0|270|61.0|38.0|0.02|0.08|43.393|25.7832
18|53|0|315|7.3|29.0|270|60.4|38.1|0.02|0.08|43.3967|25.3866
18|54|0|315|8.7|29.0|270|60.7|38.0|0.02|0.08|43.3961|25.3866
18|55|0|315|10.2|29.0|270|60.9|38.0|0.02|0.08|43.3962|25.3866
18|56|0|338|7.3|29.0|270|61.1|38.0|0.01|0.08|43.3969|25.7832
18|57|0|315|7.3|29.0|270|61.4|37.8|0.01|0.08|43.3948|24.8388
18|59|0|315|10.2|29.0|270|61.9|37.8|0.01|0.08|43.395|24.8388
19|00|0|270|8.7|29.0|270|62.1|37.7|0.01|0.08|43.3977|25.228
19|01|0|270|6.4|29.0|270|62.5|37.8|0.01|0.08|43.3993|25.228
19|02|0|315|7.3|29.0|270|62.5|37.7|0.00|0.08|43.3981|25.228
19|03|0|315|8.1|29.0|270|62.6|37.7|0.00|0.08|43.4008|25.228
19|04|0|315|8.7|29.0|270|62.5|37.7|0.00|0.08|43.4012|25.228
19|05|0|315|10.2|29.0|270|62.8|37.7|0.00|0.08|43.3998|25.228
19|06|0|315|7.3|29.0|270|63.0|37.7|0.00|0.08|43.402|25.6116
19|07|0|315|10.2|29.0|270|63.1|37.7|0.00|0.08|43.4002|25.6116
19|08|0|315|8.0|29.0|270|63.1|37.7|0.00|0.08|43.4052|25.6116
19|09|0|315|8.7|29.0|270|63.1|37.6|0.00|0.08|43.4078|25.6116
19|10|0|315|5.8|29.0|270|63.4|37.6|0.00|0.08|43.4069|25.6116
19|11|0|270|10.2|29.0|270|64.1|37.7|0.00|0.08|43.4099|25.9899
19|12|0|270|4.4|29.0|270|64.2|37.6|0.00|0.08|43.4101|25.9899
19|13|0|315|7.3|29.0|270|64.2|37.6|0.00|0.08|43.4116|25.9899
19|14|0|315|5.8|29.0|270|64.3|37.6|0.00|0.08|43.4124|25.9899
19|15|0|315|7.3|29.0|270|63.4|37.6|0.00|0.08|43.4126|25.6116
19|16|0|315|4.4|29.0|270|63.7|37.6|0.00|0.08|43.412|25.6116
19|17|0|315|4.4|29.0|270|64.1|37.6|0.00|0.08|43.4141|25.9899
19|18|0|315|7.3|29.0|270|64.2|37.6|0.00|0.08|43.4152|25.9899
19|20|0|315|6.4|29.0|270|64.0|37.6|0.00|0.08|43.4177|25.9899
19|21|0|315|8.7|29.0|270|62.9|37.5|0.00|0.08|43.4145|25.228
19|22|0|270|6.4|29.0|270|62.7|37.5|0.00|0.08|43.4159|25.228
19|23|0|315|5.8|29.0|270|61.4|37.5|0.00|0.08|43.4184|24.8388
19|24|0|270|4.4|29.0|270|60.2|37.4|0.00|0.08|43.4189|24.4439
19|25|0|315|4.8|29.0|270|58.9|37.4|0.00|0.08|43.4194|23.6364
19|26|0|270|7.3|29.0|270|57.9|37.4|0.00|0.08|43.4206|23.2233
19|27|0|315|4.4|29.0|270|56.8|37.4|0.00|0.08|43.4199|22.8038
19|28|0|270|4.4|29.0|270|56.9|37.4|0.00|0.08|43.4205|22.8038
19|29|0|0|5.8|29.0|270|56.5|37.4|0.00|0.08|43.422|22.8038
19|30|0|315|6.5|29.0|270|56.5|37.4|0.00|0.08|43.4224|22.8038
19|31|0|315|4.4|29.0|270|55.6|37.4|0.00|0.08|43.4227|22.3776
19|32|0|315|6.4|29.0|270|55.9|37.3|0.00|0.08|43.4227|22.3776
19|33|0|315|2.9|29.0|270|55.5|37.3|0.00|0.08|43.4252|22.3776
19|34|0|315|7.3|29.0|270|55.7|37.3|0.00|0.08|43.4253|22.3776
19|35|0|315|9.7|29.0|270|55.3|37.2|0.00|0.08|43.4262|22.3776
19|36|0|315|7.3|29.0|270|54.7|37.2|0.00|0.08|43.4271|21.9444
19|37|0|315|6.4|29.0|270|55.1|37.2|0.00|0.08|43.4278|22.3776
19|38|0|315|5.8|29.0|270|55.3|37.2|0.00|0.08|43.4299|22.3776
19|40|0|315|7.3|29.0|270|55.1|37.1|0.00|0.08|43.4293|22.3776
19|41|0|315|10.2|29.0|270|54.8|37.1|0.00|0.08|43.4287|21.9444
19|43|0|315|8.7|29.0|270|54.4|37.1|0.00|0.08|43.4318|21.9444
19|44|0|270|5.8|29.0|270|54.7|37.1|0.00|0.08|43.4339|21.9444
19|45|0|315|8.0|29.0|270|55.2|37.1|0.00|0.08|43.4356|22.3776
19|46|0|315|5.8|29.0|270|55.4|37.1|0.00|0.08|43.4367|22.3776
19|47|0|315|7.3|29.0|270|55.4|37.0|0.00|0.08|43.4364|22.3776
19|49|0|315|7.3|29.0|270|54.8|37.0|0.00|0.08|43.4371|21.9444
19|50|0|315|11.6|29.0|270|54.0|37.0|0.00|0.08|43.4365|21.9444
19|51|0|315|5.8|29.0|270|53.6|37.0|0.00|0.08|43.4388|21.5041
19|52|0|315|5.8|29.0|270|54.0|37.0|0.00|0.08|43.4382|21.9444
19|53|0|315|6.5|29.0|270|54.9|37.0|0.00|0.08|43.439|21.9444
19|54|0|315|5.8|29.0|270|54.9|37.0|0.00|0.08|43.438|21.9444
19|55|0|0|5.8|29.0|270|55.0|37.0|0.00|0.08|43.4383|22.3776
19|56|0|0|4.4|29.0|270|55.1|37.0|0.00|0.08|43.4411|22.3776
19|57|0|315|5.8|29.0|270|55.0|37.0|0.01|0.09|43.4399|22.3776
19|58|0|315|7.3|29.0|270|55.2|37.0|0.01|0.09|43.4403|22.3776
19|59|0|0|5.8|29.0|270|55.1|36.8|0.01|0.09|43.4411|21.444
20|01|0|315|4.8|29.0|270|55.1|36.8|0.01|0.09|43.4412|21.444
20|02|0|338|7.3|29.0|270|54.7|36.8|0.01|0.09|43.4406|21.0128
20|03|0|0|5.8|29.0|270|54.8|36.7|0.01|0.09|43.4404|21.0128
20|05|0|0|7.3|29.0|270|54.9|36.7|0.01|0.09|43.4415|21.0128
20|06|0|338|8.0|29.0|270|54.8|36.7|0.01|0.09|43.4425|21.0128
20|07|0|0|5.8|29.0|270|54.7|36.7|0.01|0.09|43.4463|21.0128
20|08|0|0|6.4|29.0|270|54.8|36.7|0.01|0.09|43.4463|21.0128
20|09|0|315|7.3|29.0|270|54.9|36.7|0.01|0.09|43.4435|21.0128
20|10|0|315|8.7|29.0|270|55.1|36.7|0.01|0.09|43.4477|21.444
20|11|0|338|5.8|29.0|270|55.4|36.7|0.01|0.09|43.4501|21.444
20|12|0|315|4.4|29.0|270|55.1|36.6|0.01|0.09|43.4491|21.444
20|13|0|315|13.1|29.0|270|55.3|36.6|0.01|0.09|43.4478|21.444
20|14|0|315|8.7|29.0|270|55.4|36.5|0.01|0.09|43.4517|21.444
20|15|0|0|4.4|29.0|270|55.5|36.5|0.01|0.09|43.4552|21.444
20|17|0|0|4.4|29.0|270|56.1|36.5|0.01|0.09|43.4573|21.8684
20|18|0|315|6.4|29.0|270|55.9|36.4|0.01|0.09|43.4585|21.444
20|19|0|315|5.8|29.0|270|55.7|36.4|0.01|0.09|43.4601|21.444
20|21|0|315|7.3|29.0|270|55.6|36.4|0.01|0.09|43.4605|21.444
20|24|0|315|6.5|29.0|270|55.6|36.3|0.01|0.09|43.4634|21.444
20|25|0|338|5.8|29.0|270|56.0|36.4|0.01|0.09|43.4667|21.8684
20|27|0|338|4.4|29.0|270|56.0|36.4|0.01|0.09|43.4685|21.8684
20|28|0|315|5.8|29.0|270|56.2|36.4|0.01|0.09|43.4704|21.8684
20|30|0|315|7.3|29.0|270|56.0|36.4|0.01|0.09|43.4725|21.8684
20|31|0|315|7.3|29.0|270|55.7|36.3|0.01|0.09|43.4713|21.444
20|32|0|315|4.4|29.0|270|55.8|36.4|0.01|0.09|43.4764|21.444
20|33|0|315|7.3|29.0|270|56.1|36.4|0.01|0.09|43.4747|21.8684
20|34|0|315|7.3|29.0|270|55.6|36.4|0.01|0.09|43.4771|21.444
20|35|0|315|5.8|29.0|270|54.8|36.4|0.01|0.09|43.4771|21.0128
20|36|0|315|6.4|29.0|270|54.9|36.4|0.01|0.09|43.4779|21.0128
20|37|0|315|7.3|29.0|270|55.5|36.5|0.01|0.09|43.4805|21.444
20|38|0|0|3.2|29.0|270|55.4|36.5|0.01|0.09|43.4803|21.444
20|39|0|315|4.4|29.0|270|56.0|36.5|0.01|0.09|43.4809|21.8684
20|41|0|315|9.7|29.0|270|55.7|36.5|0.01|0.09|43.4785|21.444
20|42|0|0|4.4|29.0|270|54.8|36.4|0.01|0.09|43.4797|21.0128
20|43|0|270|2.9|29.0|270|54.7|36.5|0.01|0.09|43.4831|21.0128
20|45|0|0|5.8|29.0|270|54.5|36.5|0.02|0.10|43.4837|21.0128
20|46|0|315|6.4|29.0|270|54.6|36.5|0.02|0.10|43.4838|21.0128
20|47|0|315|5.8|29.0|270|54.7|36.5|0.02|0.10|43.4838|21.0128
20|48|0|315|4.8|29.0|270|54.8|36.5|0.02|0.10|43.4849|21.0128
20|49|0|315|4.4|29.0|270|55.4|36.5|0.02|0.10|43.4877|21.444
20|50|0|315|5.8|29.0|270|55.6|36.5|0.02|0.10|43.4898|21.444
20|51|0|315|4.4|29.0|270|55.2|36.6|0.02|0.10|43.4915|21.444
20|52|0|315|4.4|29.0|270|55.4|36.5|0.02|0.10|43.4918|21.444
20|54|0|315|4.8|29.0|270|55.6|36.5|0.02|0.10|43.4918|21.444
20|55|0|315|4.4|29.0|270|55.8|36.5|0.02|0.10|43.4961|21.444
20|57|0|0|5.8|29.0|270|56.3|36.5|0.01|0.10|43.4969|21.8684
20|58|0|315|4.4|29.0|270|55.7|36.5|0.01|0.10|43.4984|21.444
21|00|0|0|5.8|29.0|270|55.8|36.5|0.01|0.10|43.4978|21.444
21|01|0|338|3.2|29.0|270|55.6|36.4|0.01|0.10|43.4978|21.444
21|02|0|315|6.4|29.0|270|56.0|36.5|0.01|0.10|43.5006|21.8684
21|03|0|315|2.9|29.0|270|56.2|36.4|0.01|0.10|43.4996|21.8684
21|05|0|315|4.4|29.0|270|55.6|36.4|0.01|0.10|43.5009|21.444
21|06|0|315|5.8|29.0|270|55.7|36.4|0.01|0.10|43.5006|21.444
21|07|0|315|4.8|29.0|270|55.2|36.3|0.01|0.10|43.5009|21.444
21|09|0|315|4.8|29.0|270|54.8|36.3|0.01|0.10|43.5013|21.0128
21|10|0|315|5.8|29.0|270|54.7|36.3|0.01|0.10|43.4999|21.0128
21|11|0|315|4.4|29.0|270|55.0|36.3|0.01|0.10|43.5028|21.444
21|14|0|315|4.8|29.0|270|54.9|36.3|0.01|0.10|43.5047|21.0128
21|15|0|315|2.9|29.0|270|54.5|36.3|0.01|0.10|43.5054|21.0128
21|16|0|315|4.4|29.0|270|54.6|36.3|0.01|0.10|43.5055|21.0128
21|17|0|315|5.8|29.0|270|54.9|36.3|0.01|0.10|43.5074|21.0128
21|18|0|315|5.8|29.0|270|55.0|36.3|0.01|0.10|43.5081|21.444
21|19|0|338|4.4|29.0|270|54.9|36.3|0.01|0.10|43.5095|21.0128
21|20|0|315|5.8|29.0|270|55.0|36.2|0.01|0.10|43.5089|21.444
21|21|0|315|6.5|29.0|270|55.2|36.2|0.01|0.10|43.51|21.444
21|22|0|338|2.9|29.0|270|55.0|36.2|0.01|0.10|43.5097|21.444
21|23|0|315|4.4|29.0|270|54.7|36.2|0.01|0.10|43.5117|21.0128
21|24|0|315|6.4|29.0|270|54.7|36.2|0.01|0.10|43.5122|21.0128
21|26|0|0|5.8|29.0|270|54.6|36.2|0.01|0.10|43.5114|21.0128
21|27|0|0|4.4|29.0|270|54.3|36.2|0.01|0.10|43.512|21.0128
21|28|0|0|4.4|29.0|270|54.5|36.2|0.01|0.10|43.5139|21.0128
21|29|0|315|4.4|29.0|270|54.3|36.2|0.01|0.10|43.5145|21.0128
21|30|0|315|4.4|29.0|270|54.3|36.2|0.01|0.10|43.5146|21.0128
21|31|0|315|2.9|29.0|270|54.3|36.2|0.01|0.10|43.5156|21.0128
21|33|0|315|3.2|29.0|270|54.5|36.2|0.01|0.10|43.5167|21.0128
21|34|0|315|2.9|29.0|270|54.6|36.0|0.01|0.10|43.5172|21.0128
21|35|0|315|3.2|29.0|270|55.0|36.0|0.01|0.10|43.517|21.444
21|36|0|315|1.5|29.0|270|55.5|36.0|0.01|0.10|43.5187|21.444
21|37|0|315|4.4|29.0|270|55.7|36.0|0.01|0.10|43.5199|21.444
21|38|0|315|1.5|29.0|270|55.7|35.9|0.01|0.10|43.5213|20.5103
21|39|0|315|4.8|29.0|270|56.0|35.8|0.01|0.10|43.5233|20.9328
21|40|0|315|2.9|29.0|270|56.1|35.8|0.01|0.10|43.5242|20.9328
21|41|0|0|1.6|29.0|270|56.1|35.7|0.01|0.10|43.5256|20.9328
21|42|0|315|2.9|29.0|270|56.1|35.6|0.01|0.10|43.5255|20.9328
21|43|0|315|2.9|29.0|270|56.3|35.6|0.00|0.10|43.5279|20.9328
21|45|0|315|2.9|29.0|270|56.7|35.4|0.00|0.10|43.5304|20.9328
21|46|0|315|2.9|29.0|270|57.1|35.3|0.00|0.10|43.5314|21.3486
21|47|0|315|1.5|29.0|270|57.4|35.3|0.00|0.10|43.5322|21.3486
21|48|0|315|2.9|29.0|270|57.4|35.2|0.00|0.10|43.5339|21.3486
21|49|0|315|2.9|29.0|270|57.8|35.0|0.00|0.10|43.5329|21.3486
21|50|0|315|2.9|29.0|270|58.2|34.9|0.00|0.10|43.5337|20.8185
21|51|0|315|3.2|29.0|270|58.6|34.8|0.00|0.10|43.535|20.8185
21|52|0|315|2.9|29.0|270|58.6|34.7|0.00|0.10|43.5347|20.8185
21|54|0|315|3.2|29.0|270|58.8|34.6|0.00|0.10|43.5379|20.8185
21|55|0|315|2.9|29.0|270|59.2|34.6|0.00|0.10|43.5374|21.2198
21|56|0|315|1.5|29.0|270|59.6|34.5|0.00|0.10|43.5377|21.2198
21|57|0|315|2.9|29.0|270|59.7|34.5|0.00|0.10|43.5366|21.2198
21|58|0|315|4.4|29.0|270|59.4|34.4|0.00|0.10|43.5355|21.2198
21|59|0|315|3.2|29.0|270|59.7|34.4|0.00|0.10|43.5362|21.2198
22|00|0|315|2.9|29.0|270|60.0|34.4|0.00|0.10|43.5358|21.6152
22|01|0|315|3.2|29.0|270|60.1|34.4|0.00|0.10|43.5368|21.6152
22|02|0|315|2.9|29.0|270|60.3|34.2|0.00|0.10|43.5379|21.6152
22|03|0|315|2.9|29.0|270|60.1|34.2|0.00|0.10|43.5389|21.6152
22|04|0|315|2.9|29.0|270|60.3|34.2|0.00|0.10|43.5428|21.6152
22|05|0|315|2.9|29.0|270|60.4|34.1|0.00|0.10|43.5433|21.6152
22|06|0|315|1.5|29.0|270|60.4|34.1|0.00|0.10|43.5451|21.6152
22|07|0|315|2.9|29.0|270|60.4|34.0|0.00|0.10|43.5466|21.6152
22|08|0|315|2.9|29.0|270|60.4|34.0|0.00|0.10|43.548|21.6152
22|09|0|315|2.9|29.0|270|60.6|34.0|0.00|0.10|43.5493|21.6152
22|10|0|315|2.9|29.0|270|60.1|34.0|0.00|0.10|43.5508|21.6152
22|11|0|315|4.8|29.0|270|60.0|34.0|0.00|0.10|43.5494|21.6152
22|12|0|315|4.4|29.0|270|60.1|34.0|0.00|0.10|43.5498|21.6152
22|13|0|270|3.2|29.0|270|60.6|34.0|0.00|0.10|43.548|21.6152
22|16|0|315|1.5|29.0|270|60.0|34.1|0.00|0.10|43.549|21.6152
22|17|0|270|2.9|29.0|270|60.0|34.2|0.00|0.10|43.5479|21.6152
22|18|0|270|2.9|29.0|270|59.7|34.2|0.00|0.10|43.5455|21.2198
22|19|0|270|3.2|29.0|270|59.6|34.2|0.00|0.10|43.5466|21.2198
22|20|0|315|1.5|29.0|270|59.5|34.4|0.00|0.10|43.5477|21.2198
22|21|0|270|1.5|29.0|270|59.7|34.4|0.00|0.10|43.5453|21.2198
22|22|0|315|1.6|29.0|270|59.9|34.5|0.00|0.10|43.5463|21.2198
22|23|0|315|2.9|29.0|270|59.9|34.5|0.00|0.10|43.5479|21.2198
22|25|0|315|1.5|29.0|270|60.1|34.5|0.00|0.10|43.5495|21.6152
22|26|0|315|1.5|29.0|270|60.4|34.5|0.00|0.10|43.5505|21.6152
22|27|0|315|2.9|29.0|270|60.5|34.5|0.00|0.10|43.5515|21.6152
22|28|0|315|2.9|29.0|270|60.6|34.4|0.00|0.10|43.549|21.6152
22|29|0|315|3.2|29.0|270|60.3|34.4|0.00|0.10|43.5518|21.6152
22|30|0|315|2.9|29.0|270|60.2|34.2|0.00|0.10|43.5541|21.6152
22|31|0|315|2.9|29.0|270|60.4|34.2|0.00|0.10|43.5562|21.6152
22|33|0|315|2.9|29.0|270|61.2|34.1|0.00|0.10|43.5559|22.0047
22|34|0|315|1.5|29.0|270|61.3|34.1|0.00|0.10|43.5577|22.0047
22|35|0|315|1.6|29.0|270|61.3|34.1|0.00|0.10|43.5621|22.0047
22|37|0|315|2.9|29.0|270|61.3|34.0|0.00|0.10|43.5614|22.0047
22|38|0|315|1.6|29.0|270|61.4|33.9|0.00|0.10|43.5623|21.0598
22|39|0|315|0.0|29.0|270|61.4|33.9|0.00|0.10|43.5591|21.0598
22|40|0|270|1.5|29.0|270|61.5|33.8|0.00|0.10|43.5621|21.0598
22|41|0|270|1.5|29.0|270|61.3|33.8|0.00|0.10|43.5614|21.0598
22|42|0|315|0.0|29.0|270|61.3|33.8|0.00|0.10|43.5631|21.0598
22|43|0|315|1.6|29.0|270|61.5|33.7|0.00|0.10|43.564|21.0598
22|44|0|315|0.0|29.0|270|61.6|33.7|0.00|0.10|43.5661|21.0598
22|45|0|315|0.0|29.0|270|61.8|33.7|0.00|0.10|43.5638|21.0598
22|46|0|315|0.0|29.0|270|62.1|33.6|0.00|0.10|43.5651|21.442
22|47|0|315|0.0|29.0|270|62.2|33.6|0.00|0.10|43.5657|21.442
22|49|0|315|0.0|29.0|270|62.2|33.6|0.00|0.10|43.5651|21.442
22|50|0|315|1.5|29.0|270|62.2|33.5|0.00|0.10|43.5648|21.442
22|51|0|315|0.0|29.0|270|62.0|33.5|0.00|0.10|43.5649|21.442
22|52|0|315|1.5|29.0|270|62.0|33.3|0.00|0.10|43.5655|21.442
22|53|0|315|0.0|29.0|270|61.9|33.3|0.00|0.10|43.5653|21.0598
22|54|0|315|1.5|29.0|270|62.0|33.3|0.01|0.11|43.5658|21.442
22|55|0|315|1.5|29.0|270|62.1|33.5|0.01|0.11|43.5657|21.442
22|56|0|315|1.6|29.0|270|62.2|33.3|0.01|0.11|43.5646|21.442
22|58|0|315|1.5|29.0|270|62.5|33.3|0.01|0.11|43.5684|21.442
22|59|0|315|1.6|29.0|270|62.7|33.3|0.01|0.11|43.5681|21.442
23|01|0|315|2.9|29.0|270|63.2|33.2|0.01|0.11|43.5697|21.8187
23|02|0|315|1.5|29.0|270|62.9|33.1|0.01|0.11|43.5677|21.442
23|03|0|315|1.5|29.0|270|62.8|33.1|0.01|0.11|43.5687|21.442
23|04|0|315|0.0|29.0|270|62.8|33.0|0.01|0.11|43.5708|21.442
23|05|0|270|1.5|29.0|270|62.8|33.0|0.01|0.11|43.5724|21.442
23|06|0|315|1.5|29.0|270|62.9|32.9|0.01|0.11|43.5759|20.4952
23|07|0|270|1.5|29.0|270|63.0|32.9|0.01|0.11|43.5768|20.8702
23|08|0|270|1.5|29.0|270|63.1|32.9|0.01|0.11|43.5747|20.8702
23|09|0|270|0.0|29.0|270|63.3|32.9|0.01|0.11|43.5768|20.8702
23|11|0|270|1.6|29.0|270|63.5|32.9|0.01|0.11|43.5758|20.8702
23|12|0|270|1.5|29.0|270|63.5|32.9|0.01|0.11|43.5776|20.8702
23|13|0|270|1.6|29.0|270|63.6|33.0|0.01|0.11|43.5772|21.8187
23|14|0|270|1.5|29.0|270|63.7|33.0|0.01|0.11|43.5748|21.8187
23|15|0|270|1.6|29.0|270|63.6|33.0|0.01|0.11|43.5759|21.8187
23|16|0|270|2.9|29.0|270|63.7|33.1|0.01|0.11|43.5749|21.8187
23|17|0|270|5.8|29.0|270|63.3|33.1|0.01|0.11|43.5752|21.8187
23|19|0|270|4.4|29.0|270|63.2|33.0|0.01|0.11|43.5729|21.8187
23|20|0|270|1.5|29.0|270|62.9|33.1|0.01|0.11|43.5763|21.442
23|21|0|270|2.9|29.0|270|62.9|33.2|0.01|0.11|43.5763|21.442
23|22|0|270|1.5|29.0|270|62.7|33.2|0.01|0.11|43.5749|21.442
23|23|0|270|1.6|29.0|270|62.7|33.3|0.01|0.11|43.5767|21.442
23|24|0|315|1.5|29.0|270|62.5|33.3|0.01|0.11|43.5757|21.442
23|25|0|270|0.0|29.0|270|62.5|33.3|0.01|0.11|43.5759|21.442
23|26|0|315|0.0|29.0|270|62.5|33.3|0.01|0.11|43.5759|21.442
23|27|0|315|1.5|29.0|270|62.6|33.5|0.01|0.11|43.5768|21.442
23|28|0|270|1.6|29.0|270|62.7|33.5|0.01|0.11|43.5791|21.442
23|29|0|315|1.5|29.0|270|62.6|33.5|0.01|0.11|43.5798|21.442
23|30|0|270|1.5|29.0|270|62.5|33.5|0.01|0.11|43.58|21.442
23|31|0|270|3.2|29.0|270|62.5|33.5|0.01|0.11|43.5807|21.442
23|33|0|270|0.0|29.0|270|62.6|33.3|0.01|0.11|43.5825|21.442
23|34|0|315|2.9|29.0|270|62.8|33.3|0.01|0.11|43.5829|21.442
23|35|0|315|1.5|29.0|270|62.8|33.2|0.01|0.11|43.584|21.442
23|36|0|293|1.5|29.0|270|63.0|33.2|0.01|0.11|43.5845|21.8187
23|37|0|315|1.5|29.0|270|63.1|33.1|0.02|0.12|43.584|21.8187
23|40|0|315|2.9|29.0|270|63.5|32.9|0.02|0.12|43.5869|20.8702
23|41|0|315|3.2|29.0|270|63.6|32.9|0.02|0.12|43.5873|20.8702
23|42|0|315|1.5|29.0|270|63.7|32.8|0.02|0.12|43.5862|20.8702
23|43|0|315|2.9|29.0|270|63.9|32.8|0.02|0.12|43.587|20.8702
23|44|0|315|2.9|29.0|270|64.0|32.7|0.02|0.12|43.5869|21.24
23|45|0|315|0.0|29.0|270|64.1|32.7|0.02|0.12|43.5868|21.24
23|46|0|315|2.9|29.0|270|64.2|32.7|0.02|0.12|43.5874|21.24
23|47|0|315|2.9|29.0|270|64.3|32.7|0.02|0.12|43.5883|21.24
23|48|0|315|2.9|29.0|270|64.5|32.7|0.02|0.12|43.5884|21.24
23|49|0|315|1.5|29.0|270|64.7|32.6|0.02|0.12|43.587|21.24
23|50|0|315|2.9|29.0|270|64.9|32.6|0.02|0.12|43.5856|21.24
23|51|0|315|4.4|29.0|270|65.1|32.5|0.02|0.12|43.5864|21.6047
23|52|0|315|2.9|29.0|270|65.2|32.6|0.02|0.12|43.588|21.6047
23|53|0|315|6.4|29.0|270|65.3|32.5|0.01|0.12|43.587|21.6047
23|54|0|315|2.9|29.0|270|65.2|32.5|0.01|0.12|43.5851|21.6047
23|55|0|315|4.8|29.0|270|65.4|32.5|0.01|0.12|43.5836|21.6047
23|56|0|315|2.9|29.0|270|65.7|32.5|0.01|0.12|43.5861|21.6047
23|57|0|315|2.9|29.0|270|66.1|32.5|0.01|0.12|43.5878|21.9645
23|59|0|315|2.9|29.0|270|66.2|32.5|0.01|0.12|43.589|21.9645
