00|00|0|135|8.7|45.1|135|39.2|62.7|0.00|0.00|43.1768|36.7956
00|02|0|135|5.8|45.1|135|39.3|62.6|0.00|0.00|43.1791|36.7956
00|03|0|113|7.3|45.1|135|39.3|62.6|0.00|0.00|43.1799|36.7956
00|05|0|135|4.4|45.1|135|39.2|62.6|0.00|0.00|43.1824|36.7956
00|06|0|90|4.4|45.1|135|39.3|62.6|0.00|0.00|43.1825|36.7956
00|07|0|90|5.8|45.1|135|39.2|62.6|0.00|0.00|43.183|36.7956
00|08|0|180|8.7|45.1|135|39.0|62.5|0.00|0.00|43.1809|36.7956
00|09|0|135|7.3|45.1|135|38.9|62.6|0.00|0.00|43.181|36.1397
00|11|0|225|4.4|45.1|135|38.8|62.6|0.00|0.00|43.184|36.1397
00|12|0|90|5.8|45.1|135|38.8|62.6|0.00|0.00|43.1849|36.1397
00|13|0|135|9.7|45.1|135|38.6|62.6|0.00|0.00|43.183|36.1397
00|14|0|135|7.3|45.1|135|38.4|62.6|0.00|0.00|43.1834|36.1397
00|15|0|135|6.4|45.1|135|38.5|62.6|0.00|0.00|43.1848|36.1397
00|16|0|180|10.2|45.1|135|38.4|62.7|0.00|0.00|43.1853|36.1397
00|17|0|135|5.8|45.1|135|38.5|62.7|0.00|0.00|43.187|36.1397
00|18|0|135|7.3|45.1|135|38.4|62.7|0.00|0.00|43.1863|36.1397
00|19|0|90|8.1|45.1|135|38.2|62.8|0.00|0.00|43.1913|36.1397
00|21|0|135|7.3|45.1|135|38.0|62.8|0.00|0.00|43.1905|36.1397
00|22|0|135|8.7|45.1|135|37.8|62.9|0.00|0.00|43.1908|35.4683
00|23|0|180|7.3|45.1|135|37.6|63.0|0.00|0.00|43.1921|36.3554
00|24|0|135|7.3|45.1|135|37.7|63.0|0.00|0.00|43.194|36.3554
00|25|0|135|7.3|45.1|135|37.6|63.2|0.00|0.00|43.1979|36.3554
00|26|0|135|3.2|45.1|135|37.4|63.2|0.00|0.00|43.1968|36.3554
00|27|0|135|8.7|45.1|135|37.5|63.3|0.00|0.00|43.1981|36.3554
00|29|0|135|5.8|45.1|135|37.3|63.3|0.00|0.00|43.2012|36.3554
00|30|0|135|8.7|45.1|135|37.2|63.3|0.00|0.00|43.1983|36.3554
00|32|0|135|8.7|45.1|135|37.1|63.4|0.00|0.00|43.1993|36.3554
00|33|0|135|9.7|45.1|135|36.9|63.4|0.00|0.00|43.1986|35.665
00|34|0|180|14.5|45.1|135|36.9|63.5|0.00|0.00|43.1934|35.665
00|35|0|90|7.3|45.1|135|36.8|63.6|0.00|0.00|43.2018|35.665
00|36|0|135|2.9|45.1|135|36.8|63.6|0.00|0.00|43.2019|35.665
00|37|0|158|11.3|45.1|135|36.7|63.6|0.00|0.00|43.2027|35.665
00|38|0|113|20.4|45.1|135|36.7|63.7|0.00|0.00|43.2006|35.665
00|39|0|135|5.8|45.1|135|36.6|63.6|0.00|0.00|43.2022|35.665
00|40|0|135|8.0|45.1|135|36.6|63.7|0.00|0.00|43.2047|35.665
00|41|0|90|4.4|45.1|135|36.6|63.8|0.00|0.00|43.2069|35.665
00|42|0|135|2.9|45.1|135|36.6|63.7|0.00|0.00|43.2074|35.665
00|44|0|180|10.2|45.1|135|36.7|63.7|0.00|0.00|43.2062|35.665
00|45|0|135|7.3|45.1|135|36.6|63.7|0.00|0.00|43.2093|35.665
00|46|0|113|10.2|45.1|135|36.7|63.7|0.00|0.00|43.2077|35.665
00|47|0|90|8.7|45.1|135|36.6|63.7|0.00|0.00|43.2081|35.665
00|48|0|90|4.8|45.1|135|36.7|63.7|0.00|0.00|43.209|35.665
00|49|0|90|4.4|45.1|135|36.8|63.7|0.00|0.00|43.211|35.665
00|50|0|45|4.4|45.1|135|36.7|63.7|0.00|0.00|43.2124|35.665
00|51|0|135|13.1|45.1|135|36.6|63.7|0.00|0.00|43.211|35.665
00|52|0|180|6.4|45.1|135|36.6|63.7|0.00|0.00|43.2169|35.665
00|53|0|90|1.6|45.1|135|36.7|63.7|0.00|0.00|43.2162|35.665
00|55|0|135|2.9|45.1|135|36.7|63.7|0.00|0.00|43.2153|35.665
00|57|0|45|2.9|45.1|135|36.6|63.8|0.00|0.00|43.2148|35.665
00|58|0|113|4.4|45.1|135|36.6|63.8|0.00|0.00|43.2179|35.665
01|00|0|113|2.9|45.1|135|36.7|63.7|0.00|0.00|43.216|35.665
01|01|0|180|7.3|45.1|135|36.7|63.6|0.00|0.00|43.2131|35.665
01|03|0|135|6.4|45.1|135|36.6|63.6|0.00|0.00|43.2167|35.665
01|04|0|90|4.4|45.1|135|36.6|63.6|0.00|0.00|43.2184|35.665
01|06|0|45|6.4|45.1|135|36.8|63.6|0.00|0.00|43.2187|35.665
01|07|0|113|2.9|45.1|135|36.9|63.6|0.00|0.00|43.2196|35.665
01|08|0|90|1.6|45.1|135|36.9|63.5|0.00|0.00|43.2188|35.665
01|09|0|45|2.9|45.1|135|36.9|63.5|0.00|0.00|43.218|35.665
01|10|0|135|7.3|45.1|135|37.0|63.5|0.00|0.00|43.2198|36.3554
01|11|0|135|8.7|45.1|135|37.0|63.4|0.00|0.00|43.2184|36.3554
01|12|0|45|4.4|45.1|135|36.9|63.4|0.00|0.00|43.2182|35.665
01|13|0|180|2.9|45.1|135|37.1|63.5|0.00|0.00|43.2207|36.3554
01|14|0|45|4.4|45.1|135|37.0|63.5|0.00|0.00|43.2244|36.3554
01|15|0|90|4.8|45.1|135|36.8|63.4|0.00|0.00|43.2251|35.665
01|17|0|90|8.1|45.1|135|36.8|63.4|0.00|0.00|43.223|35.665
01|18|0|90|7.3|45.1|135|37.1|63.4|0.00|0.00|43.2235|36.3554
01|19|0|90|8.7|45.1|135|37.3|63.3|0.00|0.00|43.2206|36.3554
01|20|0|90|8.7|45.1|135|37.2|63.3|0.00|0.00|43.2229|36.3554
01|21|0|90|2.9|45.1|135|37.1|63.3|0.00|0.00|43.2254|36.3554
01|22|0|135|7.3|45.1|135|37.1|63.3|0.00|0.00|43.2228|36.3554
01|23|0|68|8.7|45.1|135|36.9|63.3|0.00|0.00|43.2233|35.665
01|24|0|90|7.3|45.1|135|36.9|63.2|0.00|0.00|43.2242|35.665
01|25|0|90|2.9|45.1|135|37.2|63.3|0.00|0.00|43.2241|36.3554
01|26|0|90|6.5|45.1|135|37.0|63.3|0.00|0.00|43.227|36.3554
01|27|0|90|7.3|45.1|135|37.3|63.3|0.00|0.00|43.2284|36.3554
01|28|0|90|8.1|45.1|135|37.7|63.2|0.00|0.00|43.229|36.3554
01|30|0|90|11.6|45.1|135|37.9|63.0|0.00|0.00|43.2274|36.3554
01|31|0|90|7.3|45.1|135|37.7|62.9|0.00|0.00|43.2295|35.4683
01|32|0|135|6.5|45.1|135|38.2|62.8|0.00|0.00|43.2331|36.1397
01|33|0|90|1.5|45.1|135|38.4|62.8|0.00|0.00|43.2319|36.1397
01|36|0|90|4.8|45.1|135|40.5|62.0|0.00|0.00|43.2277|37.4369
01|37|0|23|7.3|45.1|135|40.7|61.7|0.00|0.00|43.2191|36.5414
01|39|0|90|4.8|45.1|135|41.9|61.5|0.00|0.00|43.2261|37.166
01|40|0|90|4.4|45.1|135|41.5|61.2|0.00|0.00|43.2249|37.166
01|41|0|90|5.8|45.1|135|41.7|61.1|0.00|0.00|43.2216|37.166
01|42|0|90|5.8|45.1|135|42.1|60.9|0.00|0.00|43.2212|36.8765
01|43|0|135|10.2|45.1|135|41.8|60.8|0.00|0.00|43.2182|36.2677
01|44|0|90|6.4|45.1|135|41.8|60.8|0.00|0.00|43.2213|36.2677
01|46|0|0|7.3|45.1|135|42.2|60.6|0.00|0.00|43.2179|36.8765
01|47|0|45|8.1|45.1|135|42.5|60.6|0.00|0.00|43.2205|36.8765
01|49|0|90|6.4|45.1|135|43.2|60.3|0.00|0.00|43.2205|37.4727
01|51|0|45|5.8|45.1|135|43.1|60.3|0.00|0.00|43.2173|37.4727
01|52|0|45|5.8|45.1|135|42.8|60.3|0.00|0.00|43.2213|36.8765
01|53|0|68|4.4|45.1|135|42.7|60.3|0.00|0.00|43.2214|36.8765
01|54|0|45|8.7|45.1|135|43.2|60.2|0.00|0.00|43.2139|37.4727
01|55|0|90|10.2|45.1|135|42.9|60.3|0.00|0.00|43.2184|36.8765
01|56|0|90|10.2|45.1|135|42.4|60.3|0.00|0.00|43.2174|36.8765
01|57|0|90|13.1|45.1|135|42.2|60.5|0.00|0.00|43.2222|36.8765
01|58|0|90|8.1|45.1|135|42.2|60.5|0.00|0.00|43.2189|36.8765
01|59|0|90|11.6|45.1|135|42.4|60.5|0.00|0.00|43.2202|36.8765
02|00|0|135|5.8|45.1|135|42.2|60.6|0.00|0.00|43.221|36.8765
02|01|0|90|11.6|45.1|135|42.0|60.6|0.00|0.00|43.2202|36.8765
02|02|0|113|11.6|45.1|135|42.0|60.6|0.00|0.00|43.2219|36.8765
02|03|0|90|7.3|45.1|135|42.6|60.6|0.00|0.00|43.2222|36.8765
02|05|0|45|10.2|45.1|135|42.4|60.6|0.00|0.00|43.2223|36.8765
02|06|0|90|8.7|45.1|135|43.0|60.5|0.00|0.00|43.2211|37.4727
02|07|0|45|4.8|45.1|135|42.7|60.5|0.00|0.00|43.2219|36.8765
02|09|0|45|8.7|45.1|135|42.9|60.3|0.00|0.00|43.2218|36.8765
02|10|0|45|9.7|45.1|135|43.0|60.3|0.00|0.00|43.2234|37.4727
02|11|0|90|8.7|45.1|135|42.7|60.3|0.00|0.00|43.2293|36.8765
02|12|0|90|4.8|45.1|135|42.5|60.2|0.00|0.00|43.2272|36.8765
02|13|0|90|11.6|45.1|135|42.4|60.2|0.00|0.00|43.2276|36.8765
02|14|0|90|3.2|45.1|135|42.5|60.3|0.00|0.00|43.2216|36.8765
02|15|0|68|4.4|45.1|135|42.6|60.3|0.00|0.00|43.2244|36.8765
02|16|0|90|7.3|45.1|135|42.5|60.2|0.00|0.00|43.2291|36.8765
02|17|0|90|1.5|45.1|135|42.3|60.3|0.00|0.00|43.2261|36.8765
02|18|0|45|12.9|45.1|135|42.3|60.2|0.00|0.00|43.2229|36.8765
02|19|0|45|11.6|45.1|135|42.6|60.2|0.00|0.00|43.2261|36.8765
02|20|0|90|7.3|45.1|135|42.8|60.1|0.00|0.00|43.2219|36.8765
02|22|0|90|5.8|45.1|135|43.4|60.0|0.00|0.00|43.2196|37.4727
02|23|0|90|6.4|45.1|135|44.3|59.9|0.00|0.00|43.218|37.1508
02|25|0|45|4.8|45.1|135|44.4|59.8|0.00|0.00|43.2187|37.1508
02|27|0|90|7.3|45.1|135|44.5|59.8|0.00|0.00|43.2214|37.1508
02|28|0|45|5.8|45.1|135|44.2|59.7|0.00|0.00|43.2222|37.1508
02|29|0|45|4.4|45.1|135|44.6|59.7|0.00|0.00|43.2198|37.1508
02|30|0|45|6.4|45.1|135|45.1|59.6|0.00|0.00|43.2234|37.7208
02|31|0|45|7.3|45.1|135|45.1|59.6|0.00|0.00|43.2199|37.7208
02|32|0|90|7.3|45.1|135|44.5|59.6|0.00|0.00|43.2206|37.1508
02|33|0|45|4.8|45.1|135|44.4|59.6|0.00|0.00|43.2195|37.1508
02|34|0|45|4.4|45.1|135|44.7|59.5|0.00|0.00|43.218|37.1508
02|35|0|45|4.8|45.1|135|44.6|59.5|0.00|0.00|43.2158|37.1508
02|36|0|90|7.3|45.1|135|44.8|59.3|0.00|0.00|43.2164|37.1508
02|37|0|113|8.1|45.1|135|44.8|59.3|0.00|0.00|43.219|37.1508
02|38|0|90|7.3|45.1|135|44.4|59.3|0.00|0.00|43.2179|37.1508
02|39|0|45|7.3|45.1|135|43.9|59.3|0.00|0.00|43.2226|36.5692
02|41|0|90|17.5|45.1|135|43.9|59.5|0.00|0.00|43.2244|36.5692
02|42|0|45|7.3|45.1|135|43.6|59.5|0.00|0.00|43.2227|36.5692
02|44|0|0|2.9|45.1|135|43.8|59.7|0.00|0.00|43.2272|36.5692
02|45|0|68|6.4|45.1|135|43.6|59.7|0.00|0.00|43.2275|36.5692
02|46|0|90|5.8|45.1|135|43.4|59.7|0.00|0.00|43.2284|36.5692
02|47|0|45|4.8|45.1|135|43.5|59.7|0.00|0.00|43.2301|36.5692
02|48|0|90|5.8|45.1|135|43.2|59.7|0.00|0.00|43.227|36.5692
02|49|0|90|7.3|45.1|135|43.1|59.7|0.00|0.00|43.2272|36.5692
02|51|0|68|3.2|45.1|135|43.1|59.7|0.00|0.00|43.2283|36.5692
02|53|0|90|4.8|45.1|135|43.4|59.8|0.00|0.00|43.227|36.5692
02|54|0|113|2.9|45.1|135|43.5|59.8|0.00|0.00|43.2258|36.5692
02|55|0|113|4.4|45.1|135|43.6|59.6|0.00|0.00|43.222|36.5692
02|56|0|68|8.1|45.1|135|44.2|59.6|0.00|0.00|43.223|37.1508
02|57|0|90|13.1|45.1|135|43.8|59.5|0.00|0.00|43.2204|36.5692
03|00|0|45|8.7|45.1|135|43.9|59.5|0.00|0.00|43.2237|36.5692
03|01|0|45|5.8|45.1|135|44.0|59.5|0.00|0.00|43.2216|37.1508
03|02|0|68|2.9|45.1|135|44.2|59.5|0.00|0.00|43.2237|37.1508
03|03|0|90|7.3|45.1|135|44.1|59.3|0.00|0.00|43.2227|37.1508
03|04|0|135|4.4|45.1|135|43.8|59.3|0.00|0.00|43.2218|36.5692
03|06|0|180|2.9|45.1|135|43.8|59.3|0.00|0.00|43.2209|36.5692
03|07|0|90|2.9|45.1|135|43.9|59.3|0.00|0.00|43.2205|36.5692
03|08|0|45|3.2|45.1|135|44.9|59.3|0.00|0.00|43.2195|37.1508
03|09|0|68|4.4|45.1|135|45.1|59.2|0.00|0.00|43.2196|37.7208
03|10|0|45|4.4|45.1|135|45.0|59.0|0.00|0.00|43.2169|37.7208
03|11|0|45|8.7|45.1|135|45.3|59.0|0.00|0.00|43.2156|37.7208
03|12|0|45|4.4|45.1|135|46.7|58.9|0.00|0.00|43.2177|37.3689
03|13|0|90|6.5|45.1|135|46.3|58.8|0.00|0.00|43.2169|37.3689
03|14|0|90|4.4|45.1|135|47.0|58.7|0.00|0.00|43.2178|37.915
03|15|0|23|5.8|45.1|135|47.0|58.7|0.00|0.00|43.2211|37.915
03|16|0|45|7.3|45.1|135|47.3|58.5|0.00|0.00|43.2202|37.915
03|17|0|45|5.8|45.1|135|48.1|58.4|0.00|0.00|43.2223|38.4509
03|18|0|90|5.8|45.1|135|48.1|58.4|0.00|0.00|43.2211|38.4509
03|19|0|45|2.9|45.1|135|48.1|58.3|0.00|0.00|43.2225|38.4509
03|21|0|68|2.9|45.1|135|48.8|58.2|0.00|0.00|43.2221|38.4509
03|22|0|45|5.8|45.1|135|48.6|58.1|0.00|0.00|43.222|38.4509
03|23|0|90|2.9|45.1|135|48.6|58.1|0.00|0.00|43.2242|38.4509
03|24|0|0|2.9|45.1|135|48.2|58.0|0.00|0.00|43.2221|38.4509
03|25|0|90|5.8|45.1|135|48.6|57.9|0.00|0.00|43.2246|37.5352
03|26|0|45|5.8|45.1|135|47.1|57.9|0.00|0.00|43.2248|37.0016
03|27|0|90|5.8|45.1|135|47.2|57.8|0.00|0.00|43.2222|37.0016
03|28|0|90|6.5|45.1|135|47.4|57.8|0.00|0.00|43.2223|37.0016
03|29|0|45|4.4|45.1|135|47.8|57.8|0.00|0.00|43.2202|37.0016
03|30|0|113|8.1|45.1|135|47.3|57.8|0.00|0.00|43.2218|37.0016
03|31|0|90|10.2|45.1|135|46.9|57.8|0.00|0.00|43.2219|36.4578
03|32|0|90|4.4|45.1|135|46.6|57.8|0.00|0.00|43.2228|36.4578
03|33|0|90|3.2|45.1|135|47.2|57.9|0.00|0.00|43.2236|37.0016
03|34|0|90|2.9|45.1|135|47.1|57.9|0.00|0.00|43.2267|37.0016
03|35|0|90|4.8|45.1|135|46.5|57.9|0.00|0.00|43.2226|36.4578
03|36|0|135|4.4|45.1|135|46.2|57.9|0.00|0.00|43.223|36.4578
03|39|0|90|5.8|45.1|135|45.9|57.9|0.00|0.00|43.2227|35.9035
03|40|0|90|4.4|45.1|135|45.8|58.0|0.00|0.00|43.2234|36.8123
03|41|0|90|1.5|45.1|135|45.8|58.0|0.00|0.00|43.2227|36.8123
03|42|0|68|5.8|45.1|135|45.8|58.0|0.00|0.00|43.218|36.8123
03|43|0|180|1.5|45.1|135|46.0|58.0|0.00|0.00|43.2214|37.3689
03|44|0|90|1.6|45.1|135|45.9|58.0|0.00|0.00|43.2216|36.8123
03|45|0|90|1.5|45.1|135|45.7|58.0|0.00|0.00|43.2204|36.8123
03|46|0|90|6.4|45.1|135|45.7|58.1|0.00|0.00|43.221|36.8123
03|47|0|90|2.9|45.1|135|45.6|58.1|0.00|0.00|43.2201|36.8123
03|48|0|90|6.4|45.1|135|46.5|58.0|0.00|0.00|43.2193|37.3689
03|49|0|90|2.9|45.1|135|46.0|58.1|0.00|0.00|43.2191|37.3689
03|50|0|45|4.8|45.1|135|45.8|58.1|0.00|0.00|43.2207|36.8123
03|51|0|90|2.9|45.1|135|45.5|58.1|0.00|0.00|43.2202|36.8123
03|52|0|225|1.5|45.1|135|45.3|58.1|0.00|0.00|43.2186|36.8123
03|53|0|45|1.5|45.1|135|45.1|58.1|0.00|0.00|43.2184|36.8123
03|55|0|135|7.3|45.1|135|44.5|58.2|0.00|0.00|43.2183|36.2446
03|56|0|45|2.9|45.1|135|43.1|58.3|0.00|0.00|43.2184|35.6654
03|57|0|90|1.5|45.1|135|43.0|58.5|0.00|0.00|43.218|35.6654
03|59|0|158|7.3|45.1|135|41.9|59.1|0.00|0.00|43.2186|35.3692
04|00|0|113|1.6|45.1|135|41.4|59.5|0.00|0.00|43.2214|35.3692
04|01|0|135|8.7|45.1|135|40.7|59.8|0.00|0.00|43.2212|34.7497
04|03|0|180|4.4|45.1|135|40.1|60.3|0.00|0.00|43.2204|35.6456
04|04|0|180|7.3|45.1|135|39.8|60.6|0.00|0.00|43.2182|35.0096
04|05|0|135|11.6|45.1|135|39.4|60.8|0.00|0.00|43.2167|35.0096
04|06|0|135|16.1|45.1|135|39.1|61.0|0.00|0.00|43.2126|35.9027
04|07|0|135|5.8|45.1|135|38.9|61.2|0.00|0.00|43.2198|35.2495
04|10|0|135|10.2|45.1|135|38.6|61.5|0.00|0.00|43.2216|35.2495
04|12|0|135|10.2|45.1|135|38.2|61.6|0.00|0.00|43.2205|35.2495
04|13|0|180|5.8|45.1|135|38.1|61.7|0.00|0.00|43.2235|35.2495
04|14|0|180|13.1|45.1|135|37.9|61.7|0.00|0.00|43.2199|34.5809
04|15|0|180|8.7|45.1|135|37.8|61.7|0.00|0.00|43.2219|34.5809
04|16|0|180|8.7|45.1|135|37.7|61.8|0.00|0.00|43.222|34.5809
04|17|0|135|11.6|45.1|135|37.7|61.8|0.00|0.00|43.2189|34.5809
04|18|0|90|11.6|45.1|135|37.6|61.9|0.00|0.00|43.2194|34.5809
04|19|0|135|3.2|45.1|135|37.7|61.9|0.00|0.00|43.2218|34.5809
04|21|0|135|10.2|45.1|135|37.7|61.9|0.00|0.00|43.2206|34.5809
04|23|0|135|8.7|45.1|135|37.6|61.9|0.00|0.00|43.2189|34.5809
04|24|0|135|2.9|45.1|135|37.6|62.0|0.00|0.00|43.2189|35.4683
04|25|0|180|4.4|45.1|135|37.5|61.9|0.00|0.00|43.2169|34.5809
04|26|0|135|8.7|45.1|135|37.6|61.9|0.00|0.00|43.2186|34.5809
04|27|0|135|5.8|45.1|135|37.5|61.9|0.00|0.00|43.2187|34.5809
04|28|0|158|13.1|45.1|135|37.6|61.8|0.00|0.00|43.2178|34.5809
04|29|0|135|9.7|45.1|135|37.6|61.7|0.00|0.00|43.2153|34.5809
04|30|0|135|14.5|45.1|135|37.7|61.8|0.00|0.00|43.2154|34.5809
04|31|0|180|10.2|45.1|135|37.6|61.7|0.00|0.00|43.2139|34.5809
04|33|0|158|11.6|45.1|135|37.6|61.7|0.00|0.00|43.214|34.5809
04|34|0|135|16.1|45.1|135|37.5|61.7|0.00|0.00|43.2167|34.5809
04|36|0|135|4.4|45.1|135|37.5|61.7|0.00|0.00|43.2171|34.5809
04|37|0|113|8.7|45.1|135|37.5|61.7|0.00|0.00|43.2156|34.5809
04|38|0|135|19.3|45.1|135|37.5|61.7|0.00|0.00|43.2107|34.5809
04|39|0|90|14.5|45.1|135|37.6|61.7|0.00|0.00|43.2143|34.5809
04|40|0|90|11.6|45.1|135|37.6|61.7|0.00|0.00|43.2137|34.5809
04|41|0|135|16.0|45.1|135|37.5|61.7|0.00|0.00|43.2112|34.5809
04|42|0|135|17.5|45.1|135|37.4|61.7|0.00|0.00|43.2112|34.5809
04|43|0|135|13.1|45.1|135|37.4|61.6|0.00|0.00|43.2133|34.5809
04|44|0|248|8.7|45.1|135|37.5|61.6|0.00|0.00|43.2115|34.5809
04|47|0|135|14.5|45.1|135|37.6|61.5|0.00|0.00|43.2106|34.5809
04|48|0|90|6.5|45.1|135|37.8|61.5|0.00|0.00|43.2112|34.5809
04|49|0|158|8.7|45.1|135|38.0|61.4|0.00|0.00|43.2099|35.2495
04|50|0|135|4.8|45.1|135|38.2|61.2|0.00|0.00|43.2125|35.2495
04|51|0|203|4.4|45.1|135|38.4|61.1|0.00|0.00|43.211|35.2495
04|52|0|135|8.7|45.1|135|38.6|61.0|0.00|0.00|43.2143|35.2495
04|53|0|135|4.8|45.1|135|38.8|60.9|0.00|0.00|43.2121|34.3591
04|54|0|180|5.8|45.1|135|39.0|60.8|0.00|0.00|43.2122|35.0096
04|55|0|135|8.7|45.1|135|39.2|60.7|0.00|0.00|43.2092|35.0096
04|56|0|135|9.7|45.1|135|39.3|60.6|0.00|0.00|43.2103|35.0096
04|58|0|180|11.3|45.1|135|39.6|60.3|0.00|0.00|43.2119|35.0096
04|59|0|180|5.8|45.1|135|39.9|60.3|0.00|0.00|43.2148|35.0096
05|01|0|135|8.7|45.1|135|40.6|60.1|0.00|0.00|43.2133|35.6456
05|02|0|180|7.3|45.1|135|41.2|60.1|0.00|0.00|43.2143|36.2677
05|03|0|135|2.9|45.1|135|41.5|60.0|0.00|0.00|43.217|36.2677
05|04|0|135|8.7|45.1|135|41.7|59.9|0.00|0.00|43.2157|35.3692
05|05|0|135|8.7|45.1|135|41.8|59.8|0.00|0.00|43.2174|35.3692
05|06|0|180|8.7|45.1|135|41.8|59.7|0.00|0.00|43.219|35.3692
05|07|0|135|9.7|45.1|135|41.8|59.5|0.00|0.00|43.2198|35.3692
05|08|0|113|4.4|45.1|135|41.9|59.5|0.00|0.00|43.2177|35.3692
05|09|0|135|6.4|45.1|135|42.1|59.3|0.00|0.00|43.2179|35.9755
05|10|0|135|7.3|45.1|135|41.9|59.2|0.00|0.00|43.2169|35.3692
05|13|0|135|5.8|45.1|135|42.2|59.1|0.00|0.00|43.2171|35.9755
05|14|0|135|5.8|45.1|135|42.2|59.0|0.00|0.00|43.2167|35.9755
05|15|0|135|4.4|45.1|135|42.3|59.0|0.00|0.00|43.2176|35.9755
05|16|0|180|8.7|45.1|135|42.3|59.0|0.00|0.00|43.2166|35.9755
05|17|0|135|5.8|45.1|135|42.5|58.9|0.00|0.00|43.2197|35.0742
05|19|0|90|4.4|45.1|135|42.5|58.9|0.00|0.00|43.2196|35.0742
05|20|0|180|5.8|45.1|135|42.7|58.9|0.00|0.00|43.219|35.0742
05|22|0|135|8.7|45.1|135|43.0|58.8|0.00|0.00|43.2178|35.6654
05|23|0|135|7.3|45.1|135|43.0|58.7|0.00|0.00|43.2171|35.6654
05|24|0|135|5.8|45.1|135|43.2|58.5|0.00|0.00|43.2211|35.6654
05|25|0|180|4.4|45.1|135|43.4|58.4|0.00|0.00|43.2233|35.6654
05|28|0|135|6.4|45.1|135|44.0|58.1|0.00|0.00|43.2257|36.2446
05|29|0|135|4.4|45.1|135|44.1|58.0|0.00|0.00|43.2249|36.2446
05|30|0|135|7.3|45.1|135|44.3|57.9|0.00|0.00|43.2282|35.3382
05|31|0|135|5.8|45.1|135|44.4|57.8|0.00|0.00|43.2243|35.3382
05|32|0|135|5.8|45.1|135|44.8|57.5|0.00|0.00|43.2266|35.3382
05|33|0|135|8.0|45.1|135|45.1|57.5|0.00|0.00|43.2261|35.9035
05|34|0|90|5.8|45.1|135|45.0|57.4|0.00|0.00|43.2295|35.9035
05|35|0|135|4.4|45.1|135|45.2|57.4|0.00|0.00|43.2292|35.9035
05|36|0|135|10.2|45.1|135|45.4|57.3|0.00|0.00|43.2315|35.9035
05|37|0|135|2.9|45.1|135|45.5|57.2|0.00|0.00|43.2335|35.9035
05|38|0|135|4.8|45.1|135|45.6|57.1|0.00|0.00|43.2319|35.9035
05|40|0|135|5.8|45.1|135|45.9|57.0|0.00|0.00|43.2318|35.9035
05|41|0|135|8.7|45.1|135|46.4|56.9|0.00|0.00|43.2328|35.5465
05|42|0|135|4.8|45.1|135|46.7|56.7|0.00|0.00|43.2318|35.5465
05|43|0|135|10.2|45.1|135|47.2|56.6|0.00|0.00|43.2292|36.088
05|44|0|180|6.4|45.1|135|46.9|56.5|0.00|0.00|43.2321|35.5465
05|45|0|180|10.2|45.1|135|47.0|56.4|0.00|0.00|43.236|36.088
05|46|0|158|8.0|45.1|135|47.5|56.3|0.00|0.00|43.2353|36.088
05|47|0|180|4.4|45.1|135|47.8|56.1|0.00|0.00|43.2331|36.088
05|48|0|135|5.8|45.1|135|48.0|56.1|0.00|0.00|43.2365|36.6194
05|49|0|180|12.9|45.1|135|48.0|55.8|0.00|0.00|43.233|35.7033
05|50|0|135|5.8|45.1|135|48.1|55.7|0.00|0.00|43.2352|35.7033
05|51|0|203|7.3|45.1|135|48.2|55.6|0.00|0.00|43.2352|35.7033
05|52|0|135|5.8|45.1|135|48.0|55.6|0.00|0.00|43.2324|35.7033
05|53|0|135|5.8|45.1|135|48.2|55.6|0.00|0.00|43.2352|35.7033
05|55|0|135|8.1|45.1|135|48.2|55.6|0.00|0.00|43.2352|35.7033
05|57|0|113|6.4|45.1|135|48.2|55.6|0.00|0.00|43.238|35.7033
05|58|0|135|4.4|45.1|135|48.0|55.6|0.00|0.00|43.2379|35.7033
05|59|0|90|5.8|45.1|135|47.9|55.6|0.00|0.00|43.2378|35.1742
06|01|0|90|13.1|45.1|135|47.8|55.7|0.00|0.00|43.2386|35.1742
06|02|0|180|5.8|45.1|135|47.9|55.6|0.00|0.00|43.2365|35.1742
06|03|0|135|6.5|45.1|135|48.0|55.6|0.00|0.00|43.2367|35.7033
06|04|0|158|7.3|45.1|135|48.1|55.6|0.00|0.00|43.2376|35.7033
06|05|0|135|8.1|45.1|135|48.1|55.5|0.00|0.00|43.2392|35.7033
06|06|0|135|5.8|45.1|135|48.1|55.5|0.00|0.00|43.2388|35.7033
06|07|0|135|7.3|45.1|135|47.9|55.5|0.00|0.00|43.2372|35.1742
06|08|0|180|12.9|45.1|135|48.0|55.5|0.00|0.00|43.2379|35.7033
06|09|0|135|8.7|45.1|135|48.1|55.4|0.00|0.00|43.2392|35.7033
06|12|0|135|5.8|45.1|135|48.2|55.4|0.00|0.00|43.2367|35.7033
06|13|0|135|7.3|45.1|135|48.3|55.3|0.00|0.00|43.2377|35.7033
06|14|0|113|10.2|45.1|135|48.4|55.3|0.00|0.00|43.2358|35.7033
06|15|0|180|7.3|45.1|135|48.6|55.2|0.00|0.00|43.2361|35.7033
06|16|0|135|8.1|45.1|135|48.6|55.2|0.00|0.00|43.2351|35.7033
06|17|0|45|4.4|45.1|135|48.3|55.2|0.00|0.00|43.2367|35.7033
06|18|0|180|5.8|45.1|135|48.5|55.2|0.00|0.00|43.2384|35.7033
06|19|0|135|8.0|45.1|135|48.5|55.2|0.00|0.00|43.2377|35.7033
06|20|0|135|4.4|45.1|135|48.5|55.1|0.00|0.00|43.2374|35.7033
06|21|0|135|5.8|45.1|135|48.7|55.1|0.00|0.00|43.2371|35.7033
06|22|0|135|2.9|45.1|135|48.7|55.1|0.00|0.00|43.2371|35.7033
06|24|0|135|7.3|45.1|135|48.7|55.1|0.00|0.00|43.2367|35.7033
06|26|0|180|2.9|45.1|135|48.7|55.0|0.00|0.00|43.2365|35.7033
06|27|0|180|4.8|45.1|135|48.6|55.0|0.00|0.00|43.2371|35.7033
06|28|0|135|7.3|45.1|135|48.6|55.0|0.00|0.00|43.2357|35.7033
06|30|0|135|3.2|45.1|135|48.6|55.0|0.00|0.00|43.2371|35.7033
06|31|0|135|8.7|45.1|135|48.5|55.0|0.00|0.00|43.2379|35.7033
06|33|0|180|2.9|45.1|135|48.6|55.1|0.00|0.00|43.2417|35.7033
06|34|0|158|2.9|45.1|135|48.7|55.1|0.00|0.00|43.2452|35.7033
06|35|0|135|2.9|45.1|135|48.6|55.1|0.00|0.00|43.2455|35.7033
06|36|0|135|4.4|45.1|135|48.6|55.2|0.00|0.00|43.2453|35.7033
06|37|0|225|4.4|45.1|135|48.3|55.1|0.00|0.00|43.2464|35.7033
06|38|0|135|4.4|45.1|135|48.2|55.1|0.00|0.00|43.2477|35.7033
06|39|0|135|5.8|45.1|135|48.3|55.2|0.00|0.00|43.249|35.7033
06|40|0|135|2.9|45.1|135|48.2|55.2|0.00|0.00|43.2514|35.7033
06|42|0|135|3.2|45.1|135|47.9|55.3|0.00|0.00|43.2515|35.1742
06|43|0|180|5.8|45.1|135|47.9|55.4|0.00|0.00|43.252|35.1742
06|44|0|113|2.9|45.1|135|47.6|55.5|0.00|0.00|43.2537|35.1742
06|45|0|158|4.8|45.1|135|47.4|55.5|0.00|0.00|43.2528|35.1742
06|46|0|135|5.8|45.1|135|47.1|55.6|0.00|0.00|43.253|35.1742
06|47|0|135|6.4|45.1|135|46.9|55.7|0.00|0.00|43.2561|34.635
06|48|0|135|2.9|45.1|135|46.8|55.8|0.00|0.00|43.2583|34.635
06|49|0|135|4.4|45.1|135|46.8|56.0|0.00|0.00|43.2593|35.5465
06|50|0|135|1.5|45.1|135|46.8|56.1|0.00|0.00|43.2597|35.5465
06|51|0|135|5.8|45.1|135|46.5|56.2|0.00|0.00|43.2604|35.5465
06|52|0|180|4.4|45.1|135|46.4|56.3|0.00|0.00|43.2595|35.5465
06|53|0|90|1.6|45.1|135|46.4|56.4|0.00|0.00|43.261|35.5465
06|54|0|135|2.9|45.1|135|46.1|56.4|0.00|0.00|43.2632|35.5465
06|55|0|180|3.2|45.1|135|46.2|56.5|0.00|0.00|43.2619|35.5465
06|57|0|90|3.2|45.1|135|45.7|56.6|0.00|0.00|43.2627|34.9945
06|58|0|135|2.9|45.1|135|45.7|56.9|0.00|0.00|43.2643|34.9945
06|59|0|180|4.8|45.1|135|45.4|57.0|0.00|0.00|43.2609|35.9035
07|00|0|180|5.8|45.1|135|45.2|57.0|0.00|0.00|43.2608|35.9035
07|01|0|135|7.3|45.1|135|45.3|57.1|0.00|0.00|43.2599|35.9035
07|02|0|135|3.2|45.1|135|45.2|57.1|0.00|0.00|43.2577|35.9035
07|03|0|180|2.9|45.1|135|45.3|57.2|0.00|0.00|43.2595|35.9035
07|04|0|135|4.8|45.1|135|45.1|57.3|0.00|0.00|43.2622|35.9035
07|05|0|90|7.3|45.1|135|45.1|57.3|0.00|0.00|43.2619|35.9035
07|06|0|135|3.2|45.1|135|44.9|57.2|0.00|0.00|43.2622|35.3382
07|07|0|135|2.9|45.1|135|44.9|57.1|0.00|0.00|43.2612|35.3382
07|08|0|135|2.9|45.1|135|45.1|57.1|0.00|0.00|43.2593|35.9035
07|10|0|180|5.8|45.1|135|45.3|57.1|0.00|0.00|43.2576|35.9035
07|13|0|135|3.2|45.1|135|45.4|57.2|0.00|0.00|43.2548|35.9035
07|14|0|180|4.4|45.1|135|44.9|57.3|0.00|0.00|43.2538|35.3382
07|15|0|180|5.8|45.1|135|44.7|57.5|0.00|0.00|43.2558|35.3382
07|16|0|90|5.8|45.1|135|44.7|57.8|0.00|0.00|43.2529|35.3382
07|17|0|90|5.8|45.1|135|44.3|58.0|0.00|0.00|43.252|36.2446
07|18|0|135|5.8|45.1|135|44.0|58.1|0.00|0.00|43.2525|36.2446
07|19|0|135|5.8|45.1|135|44.0|58.2|0.00|0.00|43.2515|36.2446
07|20|0|180|7.3|45.1|135|43.9|58.3|0.00|0.00|43.2511|35.6654
07|21|0|90|4.4|45.1|135|43.8|58.4|0.00|0.00|43.2507|35.6654
07|22|0|135|8.7|45.1|135|43.6|58.5|0.00|0.00|43.2488|35.6654
07|23|0|180|8.7|45.1|135|43.4|58.5|0.00|0.00|43.2452|35.6654
07|24|0|135|5.8|45.1|135|43.4|58.7|0.00|0.00|43.2475|35.6654
07|26|0|135|6.4|45.1|135|43.2|58.8|0.00|0.00|43.241|35.6654
07|27|0|135|5.8|45.1|135|43.2|58.9|0.00|0.00|43.2405|35.6654
07|28|0|135|8.1|45.1|135|43.1|59.1|0.00|0.00|43.2392|36.5692
07|29|0|180|7.3|45.1|135|42.5|59.1|0.00|0.00|43.2352|35.9755
07|30|0|135|7.3|45.1|135|42.9|59.2|0.00|0.00|43.2385|35.9755
07|31|0|180|4.8|45.1|135|42.6|59.3|0.00|0.00|43.2397|35.9755
07|32|0|135|7.3|45.1|135|42.3|59.5|0.00|0.00|43.2396|35.9755
07|34|0|135|5.8|45.1|135|41.8|59.7|0.00|0.00|43.2377|35.3692
07|35|0|180|9.7|45.1|135|41.9|59.8|0.00|0.00|43.2378|35.3692
07|36|0|135|7.3|45.1|135|41.4|59.9|0.00|0.00|43.2392|35.3692
07|37|0|180|6.4|45.1|135|41.0|60.0|0.00|0.00|43.2397|36.2677
07|38|0|135|8.7|45.1|135|41.0|60.1|0.00|0.00|43.24|36.2677
07|39|0|180|5.8|45.1|135|40.8|60.2|0.00|0.00|43.2385|35.6456
07|41|0|135|4.8|45.1|135|40.5|60.3|0.00|0.00|43.2381|35.6456
07|42|0|180|4.4|45.1|135|40.4|60.6|0.00|0.00|43.2376|35.6456
07|43|0|135|6.4|45.1|135|40.2|60.8|0.00|0.00|43.2395|35.6456
07|44|0|135|11.6|45.1|135|39.8|61.0|0.00|0.00|43.2352|35.9027
07|45|0|135|4.4|45.1|135|39.7|61.1|0.00|0.00|43.2382|35.9027
07|46|0|113|8.7|45.1|135|39.4|61.2|0.00|0.00|43.2348|35.9027
07|47|0|90|7.3|45.1|135|39.2|61.2|0.00|0.00|43.2344|35.9027
07|48|0|135|9.7|45.1|135|39.0|61.4|0.00|0.00|43.2356|35.9027
07|49|0|180|8.7|45.1|135|38.8|61.5|0.00|0.00|43.2369|35.2495
07|50|0|180|7.3|45.1|135|38.9|61.7|0.00|0.00|43.2381|35.2495
07|51|0|135|10.2|45.1|135|38.5|61.8|0.00|0.00|43.2338|35.2495
07|52|0|135|10.2|45.1|135|38.1|61.8|0.00|0.00|43.2362|35.2495
07|53|0|113|11.6|45.1|135|38.3|61.9|0.00|0.00|43.2352|35.2495
07|54|0|90|11.3|45.1|135|38.1|62.0|0.00|0.00|43.2378|36.1397
07|55|0|180|10.2|45.1|135|37.9|62.2|0.00|0.00|43.2371|35.4683
07|56|0|90|8.1|45.1|135|37.7|62.2|0.00|0.00|43.2374|35.4683
07|57|0|135|7.3|45.1|135|37.4|62.3|0.00|0.00|43.2371|35.4683
07|58|0|135|7.3|45.1|135|37.6|62.4|0.00|0.00|43.2393|35.4683
08|00|0|135|8.7|45.1|135|37.4|62.4|0.00|0.00|43.2367|35.4683
08|01|0|135|7.3|45.1|135|37.7|62.4|0.00|0.00|43.2379|35.4683
08|02|0|135|8.7|45.1|135|37.6|62.4|0.00|0.00|43.2353|35.4683
08|03|0|135|10.2|45.1|135|37.4|62.5|0.00|0.00|43.2354|35.4683
08|04|0|225|8.1|45.1|135|37.5|62.6|0.00|0.00|43.2377|35.4683
08|06|0|90|2.9|45.1|135|37.6|62.8|0.00|0.00|43.2342|35.4683
08|07|0|158|8.1|45.1|135|37.3|62.9|0.00|0.00|43.2323|35.4683
08|08|0|135|7.3|45.1|135|36.7|63.0|0.00|0.00|43.23|35.665
08|09|0|135|4.8|45.1|135|36.9|63.2|0.00|0.00|43.2305|35.665
08|10|0|135|11.6|45.1|135|36.7|63.3|0.00|0.00|43.2261|35.665
08|11|0|135|9.7|45.1|135|36.5|63.5|0.00|0.00|43.2278|35.665
08|12|0|135|9.7|45.1|135|35.7|63.5|0.00|0.00|43.2273|34.9574
08|14|0|180|11.3|45.1|135|35.0|63.8|0.00|0.00|43.23|34.9574
08|16|0|135|14.5|45.1|135|34.5|63.8|0.00|0.00|43.2262|34.2317
08|17|0|135|8.7|45.1|135|34.7|64.0|0.00|0.00|43.2324|35.11
08|18|0|135|8.7|45.1|135|34.1|64.1|0.00|0.00|43.2354|35.11
08|19|0|135|8.1|45.1|135|33.9|64.2|0.00|0.00|43.2341|34.3621
08|20|0|180|5.8|45.1|135|34.0|64.3|0.00|0.00|43.2342|35.11
08|21|0|135|8.1|45.1|135|33.9|64.4|0.00|0.00|43.236|34.3621
08|22|0|68|5.8|45.1|135|33.3|64.5|0.00|0.00|43.2356|34.3621
08|23|0|113|12.9|45.1|135|33.2|64.5|0.00|0.00|43.2333|34.3621
08|24|0|135|11.6|45.1|135|32.8|64.6|0.00|0.00|43.2318|33.594
08|25|0|180|9.7|45.1|135|32.7|64.7|0.00|0.00|43.2308|33.594
08|28|0|135|9.7|45.1|135|30.6|65.2|0.00|0.00|43.2268|32.8571
08|29|0|135|7.3|45.1|135|30.1|65.3|0.00|0.00|43.2239|32.8571
08|32|0|135|11.6|45.1|135|29.7|65.8|0.00|0.00|43.2241|32.0169
08|33|0|135|5.8|45.1|135|29.4|65.9|0.00|0.00|43.2293|32.0169
08|34|0|135|11.6|45.1|135|29.3|66.0|0.00|0.00|43.2278|32.8785
08|35|0|135|10.2|45.1|135|29.6|66.1|0.00|0.00|43.2274|32.8785
08|36|0|135|11.6|45.1|135|29.7|66.2|0.00|0.00|43.2272|32.8785
08|37|0|180|10.2|45.1|135|29.4|66.3|0.00|0.00|43.2232|32.8785
08|38|0|135|7.3|45.1|135|29.1|66.4|0.00|0.00|43.229|32.8785
08|39|0|135|13.1|45.1|135|29.0|66.4|0.00|0.00|43.2239|32.8785
08|40|0|135|20.4|45.1|135|28.6|66.5|0.00|0.00|43.2198|32.0088
08|41|0|135|10.2|45.1|135|28.5|66.7|0.00|0.00|43.2256|32.0088
08|43|0|135|11.3|45.1|135|28.7|66.8|0.00|0.00|43.2254|32.0088
08|45|0|135|11.3|45.1|135|28.3|66.8|0.00|0.00|43.2216|32.0088
08|46|0|135|21.8|45.1|135|28.1|66.7|0.00|0.00|43.2132|32.0088
08|47|0|135|8.7|45.1|135|28.2|66.8|0.00|0.00|43.2276|32.0088
08|48|0|135|7.3|45.1|135|27.5|66.8|0.00|0.00|43.2249|31.1112
08|51|0|0|4.4|45.1|135|28.1|66.9|0.00|0.00|43.2263|32.0088
08|54|0|180|8.7|45.1|135|28.4|66.9|0.00|0.00|43.2259|32.0088
08|55|0|180|11.6|45.1|135|28.5|66.9|0.00|0.00|43.2227|32.0088
08|56|0|135|9.7|45.1|135|28.5|66.8|0.00|0.00|43.2259|32.0088
08|57|0|135|9.7|45.1|135|28.5|66.8|0.00|0.00|43.2284|32.0088
08|58|0|135|18.9|45.1|135|28.5|66.5|0.00|0.00|43.2243|32.0088
08|59|0|135|8.7|45.1|135|28.6|66.7|0.00|0.00|43.2263|32.0088
09|01|0|135|12.9|45.1|135|28.0|66.5|0.00|0.00|43.2232|32.0088
09|02|0|0|4.4|45.1|135|28.1|66.7|0.00|0.00|43.2229|32.0088
09|03|0|135|9.7|45.1|135|28.3|66.7|0.00|0.00|43.2243|32.0088
09|04|0|180|14.5|45.1|135|28.2|66.7|0.00|0.00|43.2209|32.0088
09|05|0|135|10.2|45.1|135|27.9|66.8|0.00|0.00|43.2236|31.1112
09|07|0|180|4.8|45.1|135|27.9|66.9|0.00|0.00|43.2232|31.1112
09|08|0|225|10.2|45.1|135|27.5|66.9|0.00|0.00|43.2205|31.1112
09|09|0|203|7.3|45.1|135|27.6|66.9|0.00|0.00|43.2242|31.1112
09|10|0|135|13.1|45.1|135|27.3|66.9|0.00|0.00|43.2183|31.1112
09|11|0|135|10.2|45.1|135|27.0|66.9|0.00|0.00|43.2226|31.1112
09|12|0|135|8.7|45.1|135|26.7|66.9|0.01|0.01|43.2234|30.1837
09|13|0|158|11.6|45.1|135|26.3|66.9|0.01|0.01|43.219|30.1837
09|14|0|180|13.1|45.1|135|26.7|67.0|0.01|0.01|43.2209|31.0342
09|16|0|135|8.1|45.1|135|27.1|67.0|0.01|0.01|43.2211|31.9655
09|17|0|135|13.1|45.1|135|27.0|67.1|0.01|0.01|43.2227|31.9655
09|18|0|180|17.5|45.1|135|26.9|67.0|0.01|0.01|43.2138|31.0342
09|19|0|135|10.2|45.1|135|27.2|67.0|0.01|0.01|43.2189|31.9655
09|20|0|135|5.8|45.1|135|27.8|67.1|0.01|0.01|43.2197|31.9655
09|21|0|135|16.0|45.1|135|27.4|67.1|0.01|0.01|43.2167|31.9655
09|23|0|45|8.7|45.1|135|26.8|67.2|0.01|0.01|43.2189|31.0342
09|24|0|180|11.6|45.1|135|26.4|67.2|0.01|0.01|43.2141|31.0342
09|25|0|135|11.6|45.1|135|26.4|67.3|0.01|0.01|43.2154|31.0342
09|26|0|90|8.1|45.1|135|26.4|67.3|0.01|0.01|43.2206|31.0342
09|27|0|135|10.2|45.1|135|26.7|67.4|0.01|0.01|43.2203|31.0342
09|28|0|180|6.5|45.1|135|26.5|67.4|0.01|0.01|43.2216|31.0342
09|29|0|135|10.2|45.1|135|26.8|67.6|0.01|0.01|43.2193|31.0342
09|30|0|135|11.3|45.1|135|26.7|67.6|0.01|0.01|43.2214|31.0342
09|31|0|90|13.1|45.1|135|27.0|67.8|0.01|0.01|43.2207|31.9655
09|33|0|135|11.6|45.1|135|26.8|67.8|0.01|0.01|43.2213|31.0342
09|34|0|135|18.9|45.1|135|26.4|67.8|0.01|0.01|43.2139|31.0342
09|35|0|135|14.5|45.1|135|26.4|67.8|0.01|0.01|43.2183|31.0342
09|36|0|135|6.4|45.1|135|26.9|67.8|0.01|0.01|43.2226|31.0342
09|37|0|90|8.7|45.1|135|26.9|67.8|0.01|0.01|43.2223|31.0342
09|38|0|180|8.1|45.1|135|26.9|67.7|0.01|0.01|43.2236|31.0342
09|39|0|180|9.7|45.1|135|27.1|67.7|0.01|0.01|43.2212|31.9655
09|42|0|158|10.2|45.1|135|26.9|67.8|0.01|0.01|43.2207|31.0342
09|43|0|135|9.7|45.1|135|26.0|67.8|0.01|0.01|43.2217|31.0342
09|44|0|135|8.7|45.1|135|26.0|67.8|0.01|0.01|43.2202|31.0342
09|46|0|135|8.7|45.1|135|25.1|68.0|0.01|0.01|43.2223|30.9172
09|47|0|135|20.4|45.1|135|25.1|68.1|0.01|0.01|43.2191|30.9172
09|48|0|135|8.7|45.1|135|24.6|68.3|0.01|0.01|43.2119|29.915
09|49|0|180|10.2|45.1|135|24.6|68.5|0.01|0.01|43.2086|29.915
09|50|0|135|6.4|45.1|135|24.7|68.7|0.01|0.01|43.2207|29.915
09|51|0|225|8.7|45.1|135|24.5|68.8|0.01|0.01|43.2162|29.915
09|52|0|180|9.7|45.1|135|24.6|68.8|0.01|0.01|43.2156|29.915
09|54|0|90|5.8|45.1|135|24.7|68.9|0.01|0.01|43.2198|29.915
09|55|0|180|11.3|45.1|135|24.7|68.9|0.01|0.01|43.2141|29.915
09|56|0|135|5.8|45.1|135|24.2|69.0|0.01|0.01|43.2153|30.7571
09|57|0|135|7.3|45.1|135|24.5|69.2|0.01|0.01|43.2157|30.7571
09|58|0|135|5.8|45.1|135|24.1|69.5|0.01|0.01|43.216|30.7571
09|59|0|225|9.7|45.1|135|24.2|69.8|0.01|0.01|43.2158|30.7571
10|01|0|135|5.8|45.1|135|23.5|70.0|0.01|0.01|43.2241|30.5509
10|02|0|0|7.3|45.1|135|23.1|70.1|0.01|0.01|43.227|30.5509
10|03|0|158|6.4|45.1|135|22.8|70.0|0.01|0.01|43.2245|29.4617
10|04|0|135|6.4|45.1|135|22.6|70.1|0.02|0.02|43.2239|29.4617
10|05|0|180|18.9|45.1|135|22.2|70.1|0.02|0.02|43.2191|29.4617
10|06|0|180|7.3|45.1|135|22.1|70.0|0.02|0.02|43.2299|29.4617
10|07|0|135|7.3|45.1|135|22.2|70.0|0.02|0.02|43.2289|29.4617
10|08|0|180|16.1|45.1|135|21.8|70.1|0.02|0.02|43.2267|28.3278
10|10|0|135|7.3|45.1|135|21.6|70.1|0.02|0.02|43.2283|28.3278
10|11|0|203|8.7|45.1|135|21.7|70.4|0.02|0.02|43.2372|28.3278
10|12|0|180|2.9|45.1|135|21.6|70.6|0.01|0.02|43.2346|28.3278
10|13|0|135|7.3|45.1|135|21.2|70.9|0.01|0.02|43.2317|28.3278
10|14|0|180|10.2|45.1|135|20.0|71.2|0.01|0.02|43.2316|27.9691
10|15|0|158|11.6|45.1|135|18.2|71.2|0.01|0.02|43.2319|25.4275
10|16|0|225|9.7|45.1|135|18.5|71.3|0.01|0.02|43.2314|25.4275
10|17|0|180|11.6|45.1|135|17.8|71.4|0.01|0.02|43.2354|24.0614
10|18|0|180|11.3|45.1|135|17.3|71.6|0.01|0.02|43.2321|24.0614
10|19|0|135|4.4|45.1|135|16.9|71.8|0.01|0.02|43.2364|22.6222
10|21|0|180|5.8|45.1|135|17.7|71.8|0.01|0.02|43.2363|24.0614
10|22|0|225|2.9|45.1|135|17.8|72.1|0.01|0.02|43.2387|24.87
10|23|0|90|3.2|45.1|135|17.2|72.3|0.01|0.02|43.2353|24.87
10|24|0|180|4.4|45.1|135|15.6|72.4|0.01|0.02|43.2361|21.898
10|25|0|225|4.4|45.1|135|15.3|72.8|0.01|0.02|43.2355|21.898
10|26|0|180|4.8|45.1|135|14.3|73.0|0.01|0.02|43.2369|21.0683
10|27|0|180|6.4|45.1|135|14.2|73.2|0.01|0.02|43.2392|21.0683
10|28|0|180|8.1|45.1|135|14.6|73.3|0.01|0.02|43.2367|21.0683
10|29|0|135|5.8|45.1|135|16.1|73.2|0.01|0.02|43.2369|24.2279
10|31|0|135|4.4|45.1|135|17.0|73.3|0.01|0.02|43.2367|25.6782
10|32|0|135|5.8|45.1|135|17.0|73.0|0.01|0.02|43.2348|25.6782
10|33|0|180|4.8|45.1|135|16.6|72.8|0.01|0.02|43.234|23.4252
10|34|0|180|10.2|45.1|135|15.3|72.6|0.01|0.02|43.2329|21.898
10|35|0|180|6.4|45.1|135|15.6|72.6|0.01|0.02|43.2376|21.898
10|36|0|180|6.4|45.1|135|16.4|72.7|0.01|0.02|43.2376|23.4252
10|37|0|180|10.2|45.1|135|15.6|72.5|0.01|0.02|43.2369|21.898
10|38|0|180|5.8|45.1|135|15.9|72.5|0.01|0.02|43.2367|21.898
10|40|0|225|4.4|45.1|135|16.3|72.7|0.01|0.02|43.2371|23.4252
10|41|0|225|8.0|45.1|135|16.3|72.8|0.01|0.02|43.2346|23.4252
10|42|0|135|8.7|45.1|135|16.1|72.8|0.01|0.02|43.2369|23.4252
10|43|0|180|5.8|45.1|135|16.0|72.8|0.01|0.02|43.2385|23.4252
10|44|0|158|5.8|45.1|135|16.2|73.0|0.01|0.02|43.2401|24.2279
10|46|0|158|12.9|45.1|135|15.4|72.8|0.01|0.02|43.241|21.898
10|47|0|225|5.8|45.1|135|15.0|72.8|0.01|0.02|43.2446|21.898
10|48|0|225|7.3|45.1|135|14.2|72.8|0.01|0.02|43.2404|20.2777
10|49|0|225|5.8|45.1|135|13.6|73.0|0.01|0.02|43.2392|19.3353
10|50|0|135|14.5|45.1|135|13.3|72.8|0.01|0.02|43.2329|18.5512
10|51|0|135|10.2|45.1|135|13.6|72.8|0.01|0.02|43.2342|18.5512
10|52|0|180|8.7|45.1|135|13.5|73.0|0.01|0.02|43.2351|19.3353
10|53|0|225|6.5|45.1|135|13.5|73.2|0.01|0.02|43.2352|19.3353
10|54|0|180|10.2|45.1|135|13.5|73.2|0.01|0.02|43.2319|19.3353
10|56|0|180|8.7|45.1|135|14.1|73.3|0.01|0.02|43.2337|21.0683
10|57|0|225|7.3|45.1|135|14.0|73.5|0.01|0.02|43.2346|21.0683
10|58|0|225|5.8|45.1|135|13.4|73.5|0.01|0.02|43.2342|19.3353
10|59|0|135|6.4|45.1|135|13.2|73.6|0.01|0.02|43.2352|19.3353
11|00|0|225|4.8|45.1|135|12.9|73.7|0.01|0.02|43.2339|17.4796
11|01|0|180|8.7|45.1|135|12.8|74.1|0.01|0.02|43.2355|18.2562
11|02|0|135|4.4|45.1|135|12.8|74.2|0.01|0.02|43.2345|18.2562
11|03|0|180|8.0|45.1|135|12.9|74.4|0.00|0.02|43.2278|18.2562
11|05|0|225|11.3|45.1|135|12.4|74.2|0.00|0.02|43.23|18.2562
11|06|0|158|10.2|45.1|135|12.0|74.0|0.00|0.02|43.2267|18.2562
11|07|0|135|7.3|45.1|135|11.9|74.0|0.00|0.02|43.2246|16.2502
11|08|0|180|10.2|45.1|135|12.4|74.2|0.00|0.02|43.2251|18.2562
11|09|0|225|4.8|45.1|135|11.9|74.1|0.00|0.02|43.233|16.2502
11|10|0|180|1.5|45.1|135|12.6|74.3|0.00|0.02|43.2323|18.2562
11|11|0|135|5.8|45.1|135|12.4|74.4|0.00|0.02|43.2243|18.2562
11|12|0|135|9.7|45.1|135|12.6|74.8|0.00|0.02|43.2213|18.2562
11|13|0|135|5.8|45.1|135|12.2|74.8|0.00|0.02|43.2193|18.2562
11|14|0|135|5.8|45.1|135|11.9|74.8|0.00|0.02|43.2207|16.2502
11|15|0|248|8.7|45.1|135|12.1|74.9|0.00|0.02|43.2234|18.2562
11|16|0|225|4.4|45.1|135|11.9|74.6|0.00|0.02|43.2261|16.2502
11|18|0|135|3.2|45.1|135|12.0|74.6|0.00|0.02|43.2257|18.2562
11|19|0|180|11.6|45.1|135|12.1|74.6|0.00|0.02|43.2212|18.2562
11|20|0|225|10.2|45.1|135|11.9|74.4|0.00|0.02|43.2202|16.2502
11|21|0|180|13.1|45.1|135|12.0|74.2|0.00|0.02|43.2262|18.2562
11|22|0|180|11.3|45.1|135|11.9|74.0|0.00|0.02|43.2291|16.2502
11|23|0|180|13.1|45.1|135|12.2|74.1|0.00|0.02|43.2277|18.2562
11|24|0|135|14.5|45.1|135|11.8|74.1|0.00|0.02|43.2266|16.2502
11|25|0|158|7.3|45.1|135|11.7|74.1|0.00|0.02|43.2326|16.2502
11|26|0|225|3.2|45.1|135|11.3|74.4|0.00|0.02|43.2261|16.2502
11|27|0|270|5.8|45.1|135|11.0|74.6|0.00|0.02|43.215|16.2502
11|28|0|225|4.8|45.1|135|10.9|74.8|0.00|0.02|43.2121|14.0751
11|30|0|270|5.8|45.1|135|11.2|74.8|0.00|0.02|43.2118|16.2502
11|31|0|0|3.2|45.1|135|11.0|74.9|0.00|0.02|43.2103|16.2502
11|32|0|248|7.3|45.1|135|11.1|75.1|0.00|0.02|43.2076|17.019
11|33|0|270|2.9|45.1|135|11.5|75.2|0.00|0.02|43.2055|17.019
11|34|0|225|2.9|45.1|135|11.3|75.3|0.00|0.02|43.2015|17.019
11|35|0|180|7.3|45.1|135|11.8|75.2|0.00|0.02|43.2122|17.019
11|36|0|180|5.8|45.1|135|11.1|75.1|0.00|0.02|43.2195|17.019
11|37|0|180|5.8|45.1|135|11.7|75.3|0.00|0.02|43.2178|17.019
11|40|0|225|8.1|45.1|135|11.4|75.0|0.00|0.02|43.2118|17.019
11|41|0|158|4.4|45.1|135|10.6|75.0|0.00|0.02|43.2106|14.8358
11|42|0|180|10.2|45.1|135|10.7|74.9|0.00|0.02|43.2104|14.0751
11|43|0|180|10.2|45.1|135|10.7|74.5|0.00|0.02|43.211|14.0751
11|44|0|225|7.3|45.1|135|10.8|74.5|0.00|0.02|43.2139|14.0751
11|45|0|135|1.6|45.1|135|11.1|74.9|0.00|0.02|43.2103|16.2502
11|46|0|180|5.8|45.1|135|11.2|75.0|0.00|0.02|43.2062|17.019
11|48|0|225|4.4|45.1|135|11.2|75.1|0.00|0.02|43.206|17.019
11|49|0|45|1.5|45.1|135|10.9|75.1|0.00|0.02|43.206|14.8358
11|50|0|203|4.4|45.1|135|11.2|75.2|0.00|0.02|43.2071|17.019
11|51|0|158|8.7|45.1|135|11.8|75.2|0.00|0.02|43.2046|17.019
11|52|0|180|4.8|45.1|135|11.7|75.1|0.00|0.02|43.2082|17.019
11|53|0|180|4.4|45.1|135|12.0|75.2|0.00|0.02|43.2037|19.0325
11|54|0|135|4.4|45.1|135|11.8|75.3|0.00|0.02|43.2024|17.019
11|56|0|135|3.2|45.1|135|12.5|75.3|0.00|0.02|43.2031|19.0325
11|57|0|135|6.4|45.1|135|12.2|75.2|0.00|0.02|43.2003|19.0325
11|59|0|225|9.7|45.1|135|12.2|75.2|0.01|0.03|43.1987|19.0325
12|00|0|180|4.4|45.1|135|11.6|74.9|0.01|0.03|43.2|16.2502
12|02|0|180|4.4|45.1|135|11.7|74.4|0.01|0.03|43.1941|16.2502
12|03|0|180|4.4|45.1|135|12.6|74.6|0.01|0.03|43.1951|18.2562
12|04|0|180|3.2|45.1|135|12.1|74.6|0.01|0.03|43.1937|18.2562
12|06|0|135|7.3|45.1|135|11.7|74.5|0.01|0.03|43.1911|16.2502
12|07|0|135|2.9|45.1|135|11.6|74.5|0.01|0.03|43.1916|16.2502
12|08|0|180|8.1|45.1|135|12.2|74.5|0.01|0.03|43.1899|18.2562
12|09|0|180|4.4|45.1|135|11.8|74.4|0.01|0.03|43.1845|16.2502
12|10|0|270|7.3|45.1|135|11.7|74.5|0.01|0.03|43.1874|16.2502
12|11|0|270|4.4|45.1|135|11.4|74.8|0.01|0.03|43.1853|16.2502
12|12|0|270|1.6|45.1|135|10.9|75.0|0.01|0.03|43.184|14.8358
12|13|0|45|4.4|45.1|135|11.2|75.1|0.01|0.03|43.18|17.019
12|14|0|225|5.8|45.1|135|11.4|75.2|0.01|0.03|43.1858|17.019
12|15|0|180|4.4|45.1|135|11.5|75.4|0.01|0.03|43.1863|17.019
12|16|0|270|10.2|45.1|135|11.8|75.5|0.01|0.03|43.1844|17.019
12|17|0|180|11.6|45.1|135|11.3|75.7|0.01|0.03|43.1829|17.019
12|19|0|135|13.1|45.1|135|12.1|75.7|0.01|0.03|43.1768|19.0325
12|20|0|180|7.3|45.1|135|11.3|75.7|0.01|0.03|43.1755|17.019
12|22|0|135|1.6|45.1|135|11.9|76.0|0.01|0.03|43.1765|17.7873
12|23|0|225|11.6|45.1|135|11.5|76.2|0.01|0.03|43.1723|17.7873
12|24|0|158|8.0|45.1|135|11.5|76.4|0.01|0.03|43.1768|17.7873
12|25|0|180|8.1|45.1|135|11.5|76.4|0.01|0.03|43.1765|17.7873
12|26|0|180|10.2|45.1|135|11.5|76.4|0.01|0.03|43.1751|17.7873
12|27|0|225|7.3|45.1|135|11.1|76.3|0.01|0.03|43.1743|17.7873
12|28|0|135|8.1|45.1|135|11.1|76.7|0.01|0.03|43.1753|17.7873
12|30|0|180|13.1|45.1|135|11.2|76.6|0.01|0.03|43.1739|17.7873
12|31|0|225|5.8|45.1|135|11.0|76.6|0.01|0.03|43.1745|17.7873
12|32|0|180|6.5|45.1|135|10.7|76.9|0.01|0.03|43.1751|15.596
12|33|0|180|7.3|45.1|135|10.7|77.0|0.01|0.03|43.1735|16.3558
12|34|0|180|14.5|45.1|135|10.7|77.0|0.01|0.03|43.1674|16.3558
12|35|0|225|8.0|45.1|135|10.6|77.1|0.01|0.03|43.1716|16.3558
12|36|0|180|10.2|45.1|135|10.7|76.8|0.01|0.03|43.171|15.596
12|37|0|180|10.2|45.1|135|10.8|77.0|0.01|0.03|43.1689|16.3558
12|38|0|180|9.7|45.1|135|10.9|76.9|0.01|0.03|43.1678|15.596
12|39|0|225|7.3|45.1|135|11.2|77.1|0.01|0.03|43.1663|18.5553
12|41|0|135|4.4|45.1|135|10.5|77.1|0.01|0.03|43.1656|16.3558
12|42|0|113|6.4|45.1|135|10.6|77.0|0.01|0.03|43.1673|16.3558
12|44|0|135|8.7|45.1|135|10.7|76.8|0.01|0.03|43.1662|15.596
12|45|0|158|17.5|45.1|135|10.7|76.6|0.01|0.03|43.1632|15.596
12|46|0|180|4.4|45.1|135|11.1|76.4|0.01|0.03|43.1688|17.7873
12|48|0|315|4.4|45.1|135|11.3|77.0|0.01|0.03|43.161|18.5553
12|49|0|135|3.2|45.1|135|11.5|77.3|0.01|0.03|43.1541|18.5553
12|50|0|90|5.8|45.1|135|10.8|77.6|0.01|0.03|43.1478|16.3558
12|51|0|90|1.5|45.1|135|10.8|77.6|0.01|0.03|43.148|16.3558
12|52|0|270|4.4|45.1|135|10.6|77.7|0.01|0.03|43.1446|16.3558
12|53|0|180|8.7|45.1|135|11.8|77.9|0.01|0.03|43.1432|18.5553
12|54|0|225|6.4|45.1|135|10.3|78.0|0.01|0.03|43.1445|17.1152
12|55|0|315|2.9|45.1|135|10.1|78.1|0.01|0.03|43.1426|17.1152
12|56|0|113|5.8|45.1|135|10.3|78.0|0.01|0.03|43.1368|17.1152
12|57|0|180|10.2|45.1|135|10.6|77.7|0.01|0.03|43.1362|16.3558
12|58|0|135|8.7|45.1|135|10.8|77.6|0.00|0.03|43.1381|16.3558
13|00|0|158|14.5|45.1|135|10.6|77.5|0.00|0.03|43.1334|16.3558
13|01|0|225|2.9|45.1|135|10.6|77.3|0.00|0.03|43.1347|16.3558
13|02|0|135|0.0|45.1|135|10.3|77.5|0.00|0.03|43.1321|16.3558
13|03|0|180|4.8|45.1|135|11.2|77.7|0.00|0.03|43.1335|18.5553
13|04|0|180|1.5|45.1|135|10.7|77.8|0.00|0.03|43.1319|16.3558
13|05|0|315|4.8|45.1|135|10.7|77.8|0.00|0.03|43.1305|16.3558
13|06|0|23|4.4|45.1|135|11.2|78.0|0.00|0.03|43.139|19.3228
13|07|0|225|2.9|45.1|135|10.9|78.1|0.00|0.03|43.1409|17.1152
13|08|0|135|2.9|45.1|135|11.2|78.2|0.00|0.03|43.1402|19.3228
13|09|0|270|3.2|45.1|135|11.0|78.4|0.00|0.03|43.1389|19.3228
13|10|0|180|4.4|45.1|135|11.4|78.6|0.00|0.03|43.1378|19.3228
13|11|0|135|6.4|45.1|135|11.3|78.6|0.00|0.03|43.1396|19.3228
13|12|0|180|11.3|45.1|135|10.4|78.2|0.00|0.03|43.1358|17.1152
13|14|0|180|12.9|45.1|135|10.4|78.1|0.00|0.03|43.1355|17.1152
13|15|0|180|7.3|45.1|135|10.7|78.1|0.00|0.03|43.1356|17.1152
13|16|0|135|5.8|45.1|135|9.8|77.9|0.00|0.03|43.1332|13.9514
13|17|0|180|4.8|45.1|135|10.0|77.7|0.00|0.03|43.1343|16.3558
13|18|0|180|5.8|45.1|135|10.2|77.5|0.00|0.03|43.1365|16.3558
13|19|0|203|5.8|45.1|135|10.1|77.5|0.00|0.03|43.1355|16.3558
13|20|0|180|6.4|45.1|135|9.8|77.6|0.00|0.03|43.134|13.9514
13|21|0|180|5.8|45.1|135|10.6|77.5|0.00|0.03|43.1326|16.3558
13|22|0|270|2.9|45.1|135|10.5|77.5|0.00|0.03|43.1341|16.3558
13|24|0|270|1.5|45.1|135|10.7|77.8|0.00|0.03|43.1272|16.3558
13|25|0|225|7.3|45.1|135|10.6|77.9|0.00|0.03|43.1278|16.3558
13|26|0|225|6.4|45.1|135|10.2|78.1|0.00|0.03|43.1251|17.1152
13|30|0|158|7.3|45.1|135|10.2|78.0|0.00|0.03|43.1276|17.1152
13|32|0|270|1.5|45.1|135|10.7|78.0|0.00|0.03|43.1237|17.1152
13|33|0|180|4.4|45.1|135|10.9|78.1|0.00|0.03|43.1246|17.1152
13|34|0|180|4.4|45.1|135|10.0|78.1|0.00|0.03|43.1247|17.1152
13|35|0|135|7.3|45.1|135|10.1|78.1|0.00|0.03|43.1246|17.1152
13|36|0|45|2.9|45.1|135|10.2|77.9|0.00|0.03|43.1254|16.3558
13|38|0|180|5.8|45.1|135|10.8|77.6|0.00|0.03|43.1209|16.3558
13|39|0|180|4.8|45.1|135|10.6|77.5|0.00|0.03|43.1211|16.3558
13|40|0|0|5.8|45.1|135|10.3|77.3|0.00|0.03|43.1242|16.3558
13|41|0|225|5.8|45.1|135|10.2|77.3|0.00|0.03|43.1203|16.3558
13|42|0|225|1.5|45.1|135|10.3|77.5|0.00|0.03|43.1235|16.3558
13|44|0|270|5.8|45.1|135|10.2|77.5|0.00|0.03|43.1238|16.3558
13|45|0|225|1.6|45.1|135|10.1|77.6|0.00|0.03|43.1215|16.3558
13|46|0|270|1.6|45.1|135|10.0|77.7|0.00|0.03|43.1199|16.3558
13|48|0|180|3.2|45.1|135|10.1|77.9|0.00|0.03|43.1203|16.3558
13|49|0|225|4.4|45.1|135|10.2|78.1|0.00|0.03|43.1191|17.1152
13|50|0|225|1.5|45.1|135|10.2|78.2|0.00|0.03|43.1203|17.1152
13|52|0|338|4.4|45.1|135|10.1|78.5|0.00|0.03|43.1179|17.1152
13|53|0|315|6.4|45.1|135|10.8|78.4|0.00|0.03|43.1168|17.1152
13|55|0|315|1.6|45.1|135|10.9|78.2|0.00|0.03|43.1184|17.1152
13|56|0|225|1.6|45.1|135|11.1|78.4|0.00|0.03|43.1166|19.3228
13|57|0|0|2.9|45.1|135|10.6|78.4|0.00|0.03|43.1151|17.1152
13|58|0|225|2.9|45.1|135|10.2|78.4|0.00|0.03|43.1182|17.1152
14|00|0|180|4.4|45.1|135|10.4|78.2|0.00|0.03|43.1228|17.1152
14|01|0|180|4.8|45.1|135|9.9|78.2|0.00|0.03|43.1204|14.702
14|02|0|135|5.8|45.1|135|9.7|78.1|0.00|0.03|43.1196|14.702
14|03|0|135|3.2|45.1|135|9.6|77.9|0.00|0.03|43.1183|13.9514
14|04|0|180|1.5|45.1|135|9.7|77.9|0.00|0.03|43.1149|13.9514
14|05|0|135|4.4|45.1|135|9.9|77.8|0.00|0.03|43.1144|13.9514
14|06|0|180|4.4|45.1|135|9.9|77.7|0.00|0.03|43.1112|13.9514
14|07|0|225|1.5|45.1|135|11.3|77.6|0.00|0.03|43.114|18.5553
14|08|0|135|4.4|45.1|135|10.8|77.7|0.00|0.03|43.1112|16.3558
14|10|0|180|8.1|45.1|135|10.2|77.3|0.00|0.03|43.1097|16.3558
14|11|0|135|7.3|45.1|135|10.4|77.2|0.00|0.03|43.1103|16.3558
14|12|0|180|7.3|45.1|135|10.2|77.0|0.00|0.03|43.1091|16.3558
14|13|0|180|5.8|45.1|135|9.8|76.9|0.00|0.03|43.1055|13.2005
14|14|0|180|4.8|45.1|135|10.4|77.1|0.00|0.03|43.1037|16.3558
14|15|0|135|1.5|45.1|135|10.1|77.1|0.00|0.03|43.1048|16.3558
14|16|0|113|2.9|45.1|135|10.6|77.2|0.00|0.03|43.1064|16.3558
14|17|0|158|11.3|45.1|135|10.2|77.3|0.00|0.03|43.1062|16.3558
14|18|0|225|3.2|45.1|135|9.4|77.2|0.00|0.03|43.1046|13.9514
14|19|0|180|2.9|45.1|135|9.6|77.3|0.00|0.03|43.1054|13.9514
14|20|0|225|8.7|45.1|135|9.9|77.5|0.00|0.03|43.0994|13.9514
14|21|0|135|4.8|45.1|135|8.7|77.7|0.00|0.03|43.1015|11.2966
14|22|0|45|5.8|45.1|135|8.7|77.7|0.00|0.03|43.1|11.2966
14|23|0|180|10.2|45.1|135|8.7|77.6|0.00|0.03|43.0981|11.2966
14|24|0|180|14.5|45.1|135|8.5|77.7|0.00|0.03|43.0926|11.2966
14|26|0|135|14.5|45.1|135|8.4|77.9|0.00|0.03|43.092|11.2966
14|29|0|135|7.3|45.1|135|8.2|78.2|0.00|0.03|43.0936|12.0374
14|30|0|180|5.8|45.1|135|8.1|78.4|0.00|0.03|43.0938|12.0374
14|31|0|135|13.1|45.1|135|8.1|78.1|0.00|0.03|43.093|12.0374
14|32|0|180|7.3|45.1|135|8.3|78.0|0.00|0.03|43.0939|12.0374
14|33|0|135|10.2|45.1|135|8.7|78.1|0.00|0.03|43.0878|12.0374
14|34|0|113|8.7|45.1|135|8.2|77.9|0.00|0.03|43.0908|11.2966
14|35|0|180|16.1|45.1|135|7.9|77.8|0.00|0.03|43.0851|8.32822
14|36|0|225|5.8|45.1|135|8.2|77.7|0.00|0.03|43.087|11.2966
14|37|0|180|16.0|45.1|135|8.4|77.6|0.00|0.03|43.0883|11.2966
14|38|0|180|13.1|45.1|135|8.0|77.2|0.00|0.03|43.087|11.2966
14|40|0|158|12.9|45.1|135|8.0|77.0|0.00|0.03|43.0894|11.2966
14|41|0|180|16.0|45.1|135|7.9|76.8|0.00|0.03|43.0894|7.59773
14|42|0|225|4.8|45.1|135|8.3|76.9|0.00|0.03|43.0941|10.5554
14|43|0|180|8.0|45.1|135|8.1|77.1|0.00|0.03|43.0902|11.2966
14|44|0|135|6.5|45.1|135|8.1|77.1|0.00|0.03|43.0896|11.2966
14|45|0|225|4.4|45.1|135|8.3|77.2|0.00|0.03|43.0912|11.2966
14|46|0|225|8.7|45.1|135|8.0|77.2|0.00|0.03|43.0879|11.2966
14|47|0|203|7.3|45.1|135|7.5|77.5|0.00|0.03|43.0888|8.32822
14|49|0|180|8.7|45.1|135|7.5|77.6|0.00|0.03|43.0911|8.32822
14|50|0|180|5.8|45.1|135|7.3|77.6|0.00|0.03|43.0885|8.32822
14|51|0|180|6.4|45.1|135|7.6|77.6|0.00|0.03|43.0886|8.32822
14|53|0|135|10.2|45.1|135|7.8|77.3|0.00|0.03|43.0809|8.32822
14|54|0|180|10.2|45.1|135|7.9|77.2|0.00|0.03|43.0777|8.32822
14|55|0|135|7.3|45.1|135|8.2|77.2|0.00|0.03|43.083|11.2966
14|56|0|180|11.6|45.1|135|7.9|77.1|0.00|0.03|43.0731|8.32822
14|57|0|135|8.0|45.1|135|8.0|77.3|0.00|0.03|43.0748|11.2966
14|58|0|113|4.4|45.1|135|8.3|77.6|0.00|0.03|43.0798|11.2966
14|59|0|135|8.1|45.1|135|8.0|77.7|0.00|0.03|43.08|11.2966
15|00|0|180|10.2|45.1|135|7.9|77.5|0.00|0.03|43.0719|8.32822
15|01|0|158|10.2|45.1|135|7.9|77.8|0.00|0.03|43.0748|8.32822
15|02|0|135|11.6|45.1|135|8.1|78.0|0.00|0.03|43.0695|12.0374
15|03|0|135|9.7|45.1|135|8.0|78.2|0.00|0.03|43.0698|12.0374
15|06|0|180|5.8|45.1|135|7.6|78.0|0.00|0.03|43.0789|9.05825
15|07|0|135|4.8|45.1|135|7.5|78.2|0.00|0.03|43.074|9.05825
15|08|0|158|10.2|45.1|135|8.0|78.2|0.00|0.03|43.073|12.0374
15|09|0|315|1.5|45.1|135|8.3|78.4|0.00|0.03|43.0798|12.0374
15|10|0|180|1.6|45.1|135|8.5|78.6|0.00|0.03|43.0756|12.0374
15|11|0|225|7.3|45.1|135|8.0|78.7|0.00|0.03|43.0775|12.0374
15|12|0|225|4.8|45.1|135|7.7|78.8|0.00|0.03|43.0793|9.05825
15|13|0|135|10.2|45.1|135|7.3|78.9|0.00|0.03|43.0721|9.05825
15|14|0|180|9.7|45.1|135|7.0|78.9|0.00|0.03|43.067|9.05825
15|15|0|180|7.3|45.1|135|7.5|79.0|0.00|0.03|43.0645|9.78784
15|16|0|225|5.8|45.1|135|7.7|79.4|0.00|0.03|43.0659|9.78784
15|17|0|135|10.2|45.1|135|7.6|79.5|0.00|0.03|43.0714|9.78784
15|18|0|135|8.1|45.1|135|6.9|79.4|0.00|0.03|43.0668|6.39018
15|19|0|315|4.8|45.1|135|8.1|79.8|0.00|0.03|43.0703|12.7778
15|21|0|225|8.7|45.1|135|7.6|79.7|0.00|0.03|43.0742|9.78784
15|22|0|203|10.2|45.1|135|7.5|79.6|0.00|0.03|43.075|9.78784
15|23|0|180|2.9|45.1|135|7.2|79.6|0.00|0.03|43.0812|9.78784
15|24|0|180|11.6|45.1|135|7.4|79.6|0.00|0.03|43.0784|9.78784
15|25|0|180|4.4|45.1|135|6.7|79.1|0.00|0.03|43.0788|6.39018
15|26|0|180|18.9|45.1|135|6.6|78.6|0.00|0.03|43.0791|5.67278
15|27|0|225|4.4|45.1|135|6.7|78.2|0.00|0.03|43.0834|5.67278
15|28|0|180|6.4|45.1|135|7.0|78.1|0.00|0.03|43.0756|9.05825
15|29|0|225|2.9|45.1|135|6.7|77.9|0.00|0.03|43.0812|4.95491
15|30|0|203|6.4|45.1|135|7.2|77.9|0.00|0.03|43.083|8.32822
15|31|0|225|6.4|45.1|135|6.9|77.7|0.00|0.03|43.0799|4.95491
15|33|0|180|14.5|45.1|135|6.9|77.3|0.00|0.03|43.0719|4.95491
15|34|0|180|13.1|45.1|135|7.2|77.0|0.00|0.03|43.0727|8.32822
15|35|0|90|4.8|45.1|135|7.5|77.0|0.00|0.03|43.0768|8.32822
15|36|0|180|4.4|45.1|135|8.1|77.0|0.00|0.03|43.0752|11.2966
15|37|0|135|5.8|45.1|135|7.7|77.1|0.00|0.03|43.0764|8.32822
15|38|0|225|5.8|45.1|135|7.4|77.1|0.00|0.03|43.077|8.32822
15|39|0|225|4.4|45.1|135|7.3|77.2|0.00|0.03|43.0761|8.32822
15|40|0|180|10.2|45.1|135|7.3|76.9|0.00|0.03|43.0704|7.59773
15|41|0|225|7.3|45.1|135|7.7|76.9|0.00|0.03|43.0716|7.59773
15|42|0|225|3.2|45.1|135|7.9|77.0|0.00|0.03|43.0721|8.32822
15|43|0|225|7.3|45.1|135|7.4|76.8|0.00|0.03|43.0683|7.59773
15|44|0|225|8.1|45.1|135|7.5|76.9|0.00|0.03|43.0683|7.59773
15|46|0|225|7.3|45.1|135|7.5|77.0|0.00|0.03|43.0682|8.32822
15|48|0|225|9.7|45.1|135|7.6|77.1|0.00|0.03|43.0688|8.32822
15|49|0|225|4.4|45.1|135|7.3|77.2|0.00|0.03|43.0651|8.32822
15|50|0|135|2.9|45.1|135|7.7|77.3|0.00|0.03|43.0723|8.32822
15|51|0|225|1.5|45.1|135|7.7|77.5|0.00|0.03|43.0705|8.32822
15|52|0|135|10.2|45.1|135|7.5|77.3|0.00|0.03|43.0672|8.32822
15|53|0|135|10.2|45.1|135|7.4|77.2|0.00|0.03|43.067|8.32822
15|54|0|135|11.3|45.1|135|7.6|77.0|0.00|0.03|43.0651|8.32822
15|55|0|180|11.3|45.1|135|7.5|76.7|0.00|0.03|43.0644|7.59773
15|56|0|180|8.7|45.1|135|7.5|76.7|0.00|0.03|43.0629|7.59773
15|57|0|180|14.5|45.1|135|7.3|76.4|0.00|0.03|43.0597|7.59773
15|58|0|180|4.4|45.1|135|7.4|76.3|0.00|0.03|43.0658|7.59773
15|59|0|225|4.4|45.1|135|7.4|76.3|0.00|0.03|43.0629|7.59773
16|00|0|90|2.9|45.1|135|7.2|76.4|0.00|0.03|43.0611|7.59773
16|01|0|135|7.3|45.1|135|7.3|76.3|0.00|0.03|43.0587|7.59773
16|02|0|180|4.8|45.1|135|7.5|76.1|0.00|0.03|43.0567|7.59773
16|04|0|113|1.5|45.1|135|7.9|76.2|0.00|0.03|43.0572|7.59773
16|05|0|180|2.9|45.1|135|7.8|76.1|0.00|0.03|43.0567|7.59773
16|07|0|225|2.9|45.1|135|8.3|76.2|0.00|0.03|43.057|10.5554
16|08|0|180|2.9|45.1|135|8.1|76.3|0.00|0.03|43.0579|10.5554
16|09|0|135|1.5|45.1|135|7.9|76.3|0.00|0.03|43.0578|7.59773
16|10|0|158|2.9|45.1|135|8.1|76.4|0.00|0.03|43.0545|10.5554
16|11|0|180|4.4|45.1|135|8.4|76.6|0.00|0.03|43.0554|10.5554
16|12|0|203|1.5|45.1|135|8.2|76.6|0.00|0.03|43.0564|10.5554
16|13|0|225|7.3|45.1|135|7.8|76.6|0.00|0.03|43.051|7.59773
16|14|0|225|17.5|45.1|135|7.6|76.3|0.00|0.03|43.0406|7.59773
16|15|0|180|17.7|45.1|135|7.0|76.0|0.00|0.03|43.0381|7.59773
16|16|0|135|18.9|45.1|135|7.1|75.8|0.00|0.03|43.0411|6.86679
16|17|0|180|10.2|45.1|135|7.2|75.8|0.00|0.03|43.0375|6.86679
16|19|0|135|14.5|45.1|135|7.2|75.8|0.00|0.03|43.0373|6.86679
16|20|0|135|14.5|45.1|135|7.0|75.8|0.00|0.03|43.0485|6.86679
16|21|0|135|4.4|45.1|135|7.2|76.0|0.00|0.03|43.0491|7.59773
16|23|0|180|4.4|45.1|135|7.2|76.2|0.00|0.03|43.044|7.59773
16|24|0|225|5.8|45.1|135|7.5|76.4|0.00|0.03|43.0484|7.59773
16|25|0|90|4.8|45.1|135|7.5|76.6|0.00|0.03|43.0502|7.59773
16|26|0|225|2.9|45.1|135|7.0|76.7|0.00|0.03|43.0497|7.59773
16|27|0|180|1.5|45.1|135|6.8|76.8|0.00|0.03|43.0506|4.23658
16|28|0|135|6.4|45.1|135|6.9|76.8|0.00|0.03|43.049|4.23658
16|29|0|180|13.1|45.1|135|7.2|76.9|0.00|0.03|43.0451|7.59773
16|30|0|180|10.2|45.1|135|6.9|76.8|0.00|0.03|43.0468|4.23658
16|31|0|135|6.4|45.1|135|7.4|76.8|0.00|0.03|43.0446|7.59773
16|32|0|180|5.8|45.1|135|7.4|76.7|0.00|0.03|43.0455|7.59773
16|33|0|225|4.4|45.1|135|7.4|76.9|0.00|0.03|43.0457|7.59773
16|34|0|225|3.2|45.1|135|7.6|77.0|0.00|0.03|43.0445|8.32822
16|35|0|203|4.4|6.4|225|7.1|77.1|0.00|0.00|43.0426|8.32822
16|36|0|180|7.3|10.2|225|7.0|77.2|0.00|0.00|43.0426|8.32822
16|38|0|180|10.2|11.6|180|7.4|77.2|0.00|0.00|43.0423|8.32822
16|39|0|225|4.8|13.1|180|7.4|77.3|0.00|0.00|43.044|8.32822
16|40|0|225|1.6|13.1|180|7.5|77.6|0.00|0.00|43.0375|8.32822
16|41|0|135|4.4|13.1|180|7.4|77.9|0.00|0.00|43.0325|8.32822
16|42|0|158|5.8|13.1|180|7.6|78.0|0.00|0.00|43.0301|9.05825
16|43|0|180|3.2|13.1|180|7.6|78.4|0.00|0.00|43.0286|9.05825
16|44|0|180|8.1|13.1|180|7.5|78.4|0.00|0.00|43.0255|9.05825
16|45|0|225|5.8|13.1|180|7.2|78.5|0.00|0.00|43.0264|9.05825
16|46|0|135|4.8|13.1|180|7.4|78.7|0.00|0.00|43.0285|9.05825
16|47|0|135|4.4|13.1|180|7.7|78.9|0.00|0.00|43.0326|9.05825
16|49|0|158|4.8|14.5|180|6.9|78.8|0.00|0.00|43.0309|5.67278
16|50|0|180|6.5|14.5|180|6.7|78.9|0.00|0.00|43.0289|5.67278
16|51|0|225|3.2|14.5|180|7.2|79.3|0.00|0.00|43.0288|9.78784
16|53|0|180|10.2|14.5|180|7.2|79.3|0.00|0.00|43.0241|9.78784
16|54|0|135|7.3|14.5|180|6.9|79.1|0.00|0.00|43.0268|6.39018
16|55|0|225|3.2|14.5|180|6.9|79.3|0.00|0.00|43.0257|6.39018
16|56|0|225|8.7|14.5|180|6.8|79.1|0.00|0.00|43.0263|6.39018
16|57|0|135|12.9|16.0|135|6.8|79.0|0.00|0.00|43.0254|6.39018
16|58|0|180|7.3|19.4|135|6.9|78.8|0.00|0.00|43.0302|5.67278
16|59|0|225|14.5|19.4|135|7.0|78.7|0.00|0.00|43.0277|9.05825
17|00|0|180|11.3|21.0|135|6.6|78.4|0.00|0.00|43.0245|5.67278
17|01|0|180|7.3|21.0|135|6.6|78.4|0.00|0.00|43.0295|5.67278
17|02|0|180|4.4|21.0|135|6.6|78.2|0.00|0.00|43.0318|5.67278
17|03|0|135|4.8|21.0|135|6.6|78.0|0.00|0.00|43.0303|5.67278
17|04|0|180|4.4|21.0|135|6.9|78.0|0.00|0.00|43.0318|5.67278
17|06|0|225|4.4|21.0|135|7.1|78.0|0.00|0.00|43.03|9.05825
17|08|0|225|2.9|21.0|135|6.7|78.1|0.00|0.00|43.0305|5.67278
17|10|0|225|8.0|21.0|135|6.9|78.2|0.00|0.00|43.0329|5.67278
17|11|0|180|13.1|21.0|135|6.6|78.0|0.00|0.00|43.0275|5.67278
17|12|0|180|6.4|21.0|135|6.5|77.8|0.00|0.00|43.0294|4.95491
17|13|0|225|7.3|21.0|135|7.2|77.9|0.00|0.00|43.039|8.32822
17|14|0|315|4.4|21.0|135|6.8|77.7|0.00|0.00|43.0318|4.95491
17|15|0|180|17.5|27.4|158|6.7|77.6|0.00|0.00|43.0337|4.95491
17|16|0|180|14.5|27.4|158|6.7|77.2|0.00|0.00|43.0387|4.95491
17|17|0|180|14.5|27.4|158|6.5|76.9|0.00|0.00|43.0359|4.23658
17|18|0|135|13.1|27.4|158|6.4|76.4|0.00|0.00|43.0269|4.23658
17|19|0|180|10.2|27.4|158|6.6|76.6|0.00|0.00|43.0244|4.23658
17|20|0|135|11.6|27.4|158|6.9|76.7|0.00|0.00|43.0213|4.23658
17|23|0|180|4.4|27.4|158|6.7|76.9|0.00|0.00|43.0208|4.23658
17|24|0|225|7.3|27.4|158|6.8|77.0|0.00|0.00|43.0261|4.95491
17|25|0|180|5.8|27.4|158|6.9|77.0|0.00|0.00|43.024|4.95491
17|26|0|180|7.3|27.4|158|7.2|77.2|0.00|0.00|43.0221|8.32822
17|27|0|180|9.7|27.4|158|7.2|77.3|0.00|0.00|43.0242|8.32822
17|28|0|135|13.1|27.6|180|6.8|77.2|0.00|0.00|43.0182|4.95491
17|29|0|135|11.6|27.6|180|6.8|77.1|0.00|0.00|43.0249|4.95491
17|30|0|180|8.7|27.6|180|7.0|76.9|0.00|0.00|43.0251|7.59773
17|31|0|180|17.5|27.6|180|6.8|76.8|0.00|0.00|43.0237|4.23658
17|32|0|135|18.9|27.6|180|6.9|76.7|0.00|0.00|43.0137|4.23658
17|33|0|135|8.1|27.6|180|6.9|76.8|0.00|0.00|43.015|4.23658
17|34|0|180|14.5|27.6|180|7.0|76.9|0.00|0.00|43.0152|7.59773
17|35|0|158|14.5|27.6|180|7.2|77.1|0.00|0.00|43.0186|8.32822
17|36|0|135|10.2|27.6|180|7.2|77.1|0.00|0.00|43.0287|8.32822
17|37|0|180|14.5|27.6|180|7.0|77.1|0.00|0.00|43.0286|8.32822
17|39|0|225|9.7|27.6|180|6.7|76.8|0.00|0.00|43.0297|4.23658
17|40|0|270|1.5|27.6|180|7.0|77.0|0.00|0.00|43.0338|8.32822
17|41|0|225|8.1|27.6|180|6.9|77.0|0.00|0.00|43.0302|4.95491
17|42|0|270|6.4|27.6|180|6.9|77.1|0.00|0.00|43.0222|4.95491
17|43|0|180|10.2|27.6|180|6.7|77.2|0.00|0.00|43.015|4.95491
17|44|0|135|7.3|27.6|180|6.6|77.2|0.00|0.00|43.0112|4.95491
17|45|0|225|5.8|27.6|180|6.7|77.3|0.00|0.00|43.015|4.95491
17|46|0|180|13.1|27.6|180|7.1|77.6|0.00|0.00|43.0228|8.32822
17|47|0|180|17.7|27.6|180|6.7|77.3|0.00|0.00|43.0169|4.95491
17|49|0|203|11.3|27.6|180|6.8|77.2|0.00|0.00|43.0194|4.95491
17|50|0|180|16.0|27.6|180|6.7|77.0|0.00|0.00|43.0068|4.95491
17|51|0|135|16.0|27.6|180|6.7|77.0|0.00|0.00|43.0102|4.95491
17|52|0|135|10.2|27.6|180|6.7|76.8|0.00|0.00|43.0099|4.23658
17|53|0|135|11.6|27.6|180|6.8|76.6|0.00|0.00|43.0162|4.23658
17|54|0|135|20.9|27.6|180|7.0|76.4|0.00|0.00|43.0067|7.59773
17|55|0|135|8.7|27.6|180|6.9|76.3|0.00|0.00|43.0181|4.23658
17|56|0|180|5.8|27.6|180|7.0|76.3|0.00|0.00|43.0113|7.59773
17|57|0|180|8.1|27.6|180|7.0|76.6|0.00|0.00|43.0131|7.59773
17|59|0|225|5.8|27.6|180|7.1|76.8|0.00|0.00|43.0098|7.59773
18|01|0|180|8.1|27.6|180|7.0|77.2|0.00|0.00|43.0077|8.32822
18|02|0|135|8.0|27.6|180|7.0|77.3|0.00|0.00|43.0078|8.32822
18|03|0|135|4.4|27.6|180|7.1|77.5|0.00|0.00|43.0082|8.32822
18|04|0|225|9.7|27.6|180|7.6|77.7|0.00|0.00|43.0048|8.32822
18|05|0|135|8.7|27.6|180|7.2|77.8|0.00|0.00|43.0044|8.32822
18|06|0|135|3.2|27.6|180|7.4|78.0|0.00|0.00|43.0015|9.05825
18|08|0|158|10.2|27.6|180|6.7|77.9|0.00|0.00|43.0007|4.95491
18|09|0|90|7.3|27.6|180|6.9|77.9|0.00|0.00|43.0017|4.95491
18|10|0|180|5.8|27.6|180|7.0|77.8|0.00|0.00|43.004|8.32822
18|11|0|225|5.8|27.6|180|7.2|77.9|0.00|0.00|43.0052|8.32822
18|12|0|225|2.9|27.6|180|7.2|77.9|0.00|0.00|43.0079|8.32822
18|13|0|203|8.7|27.6|180|6.9|77.9|0.00|0.00|43.0031|4.95491
18|14|0|225|8.1|27.6|180|7.1|77.9|0.00|0.00|43.0005|8.32822
18|15|0|135|7.3|27.6|180|7.1|78.0|0.00|0.00|43.001|9.05825
18|17|0|180|6.4|27.6|180|7.0|77.8|0.00|0.00|43.0051|8.32822
18|18|0|180|14.5|27.6|180|7.1|77.6|0.00|0.00|43.0083|8.32822
18|19|0|180|11.6|30.5|180|6.9|77.3|0.00|0.00|43.0063|4.95491
18|20|0|225|5.8|30.5|180|6.9|77.3|0.00|0.00|43.0103|4.95491
18|21|0|225|10.2|30.5|180|6.8|77.0|0.00|0.00|43.0066|4.95491
18|22|0|180|5.8|30.5|180|6.9|76.8|0.00|0.00|43.0087|4.23658
18|23|0|180|1.6|30.5|180|7.0|76.9|0.00|0.00|43.0108|7.59773
18|24|0|270|6.4|30.5|180|6.9|76.9|0.00|0.00|43.0086|4.23658
18|25|0|225|4.4|30.5|180|6.8|76.8|0.00|0.00|43.011|4.23658
18|26|0|203|3.2|30.5|180|7.0|76.7|0.00|0.00|43.0104|7.59773
18|27|0|180|1.5|30.5|180|7.3|76.9|0.00|0.00|43.0108|7.59773
18|28|0|225|5.8|30.5|180|7.3|76.8|0.00|0.00|43.0106|7.59773
18|29|0|270|2.9|30.5|180|7.0|76.8|0.00|0.00|43.0094|7.59773
18|30|0|225|5.8|30.5|180|7.0|76.7|0.00|0.00|43.0069|7.59773
18|31|0|315|5.8|30.5|180|7.1|76.7|0.00|0.00|43.0059|7.59773
18|33|0|225|8.0|30.5|180|7.1|76.6|0.00|0.00|43.0066|7.59773
18|34|0|180|4.4|30.5|180|6.9|76.4|0.00|0.00|43.0032|4.23658
18|35|0|158|8.7|30.5|180|6.9|76.3|0.00|0.00|43.0043|4.23658
18|36|0|180|2.9|30.5|180|7.2|76.3|0.00|0.00|43.0033|7.59773
18|37|0|225|3.2|30.5|180|7.2|76.3|0.00|0.00|43.005|7.59773
18|38|0|180|14.5|30.5|180|6.9|76.2|0.00|0.00|42.9991|4.23658
18|39|0|180|8.7|30.5|180|6.7|75.8|0.00|0.00|42.9995|3.51778
18|40|0|225|13.1|30.5|180|6.7|75.7|0.00|0.00|42.9942|3.51778
18|41|0|135|11.6|30.5|180|6.8|75.1|0.00|0.00|42.9918|3.51778
18|43|0|203|6.4|30.5|180|7.1|75.1|0.00|0.00|43.0011|6.86679
18|44|0|225|4.4|30.5|180|7.2|75.2|0.00|0.00|43.0008|6.86679
18|45|0|270|3.2|30.5|180|7.4|75.2|0.00|0.00|42.9978|6.86679
18|46|0|270|2.9|30.5|180|7.5|75.4|0.00|0.00|42.9964|6.86679
18|47|0|180|5.8|30.5|180|7.3|75.4|0.00|0.00|42.9952|6.86679
18|48|0|225|1.6|30.5|180|7.4|75.4|0.00|0.00|42.9952|6.86679
18|50|0|225|5.8|30.5|180|7.6|75.4|0.00|0.00|43.0002|6.86679
18|51|0|45|6.4|30.5|180|7.3|75.2|0.00|0.00|42.9947|6.86679
18|52|0|180|10.2|30.5|180|7.3|75.2|0.00|0.00|42.9932|6.86679
18|53|0|135|11.6|30.5|180|7.1|74.9|0.00|0.00|42.9901|6.13541
18|54|0|180|16.0|30.5|180|7.3|74.8|0.00|0.00|42.9894|6.13541
18|55|0|225|4.4|30.5|180|7.4|74.8|0.00|0.00|42.9944|6.13541
18|57|0|225|4.8|30.5|180|7.2|74.9|0.00|0.00|42.9944|6.13541
18|59|0|225|2.9|30.5|180|7.5|74.9|0.00|0.00|42.9931|6.13541
19|00|0|203|5.8|30.5|180|7.4|74.9|0.00|0.00|42.9946|6.13541
19|02|0|315|4.4|30.5|180|7.5|74.9|0.00|0.00|42.9938|6.13541
19|03|0|225|1.5|30.5|180|7.4|75.0|0.00|0.00|42.9925|6.86679
19|04|0|180|4.8|30.5|180|7.4|75.0|0.00|0.00|42.992|6.86679
19|05|0|225|5.8|30.5|180|7.5|74.9|0.00|0.00|42.9925|6.13541
19|06|0|225|4.4|30.5|180|7.4|74.9|0.00|0.00|42.9937|6.13541
19|07|0|225|1.6|30.5|180|7.5|75.0|0.00|0.00|42.9931|6.86679
19|08|0|225|3.2|30.5|180|7.6|75.1|0.00|0.00|42.9923|6.86679
19|09|0|315|4.4|30.5|180|9.0|75.1|0.00|0.00|42.9894|12.4491
19|10|0|315|1.5|30.5|180|10.1|75.2|0.00|0.00|42.9907|14.8358
19|11|0|270|1.5|30.5|180|10.7|75.2|0.00|0.00|42.9915|14.8358
19|12|0|270|2.9|30.5|180|9.7|75.2|0.00|0.00|42.9922|12.4491
19|14|0|270|1.5|30.5|180|9.3|75.1|0.00|0.00|42.9892|12.4491
19|15|0|315|2.9|30.5|180|9.4|75.1|0.00|0.00|42.9902|12.4491
19|16|0|0|2.9|30.5|180|10.3|75.1|0.00|0.00|42.9911|14.8358
19|17|0|270|8.1|30.5|180|10.1|75.0|0.00|0.00|42.9894|14.8358
19|18|0|0|4.8|30.5|180|10.5|74.6|0.00|0.00|42.9901|14.0751
19|19|0|338|6.4|30.5|180|11.7|74.4|0.00|0.00|42.9861|16.2502
19|20|0|0|3.2|30.5|180|11.7|74.1|0.00|0.00|42.9892|16.2502
19|21|0|315|5.8|30.5|180|10.5|73.9|0.00|0.00|42.9936|13.3141
19|22|0|338|8.7|30.5|180|11.0|73.5|0.00|0.00|42.9914|15.4811
19|23|0|0|7.3|30.5|180|10.6|73.2|0.00|0.00|42.9881|13.3141
19|24|0|0|8.7|30.5|180|10.8|72.8|0.00|0.00|42.9865|12.5526
19|25|0|0|6.4|30.5|180|10.7|72.5|0.00|0.00|42.9854|12.5526
19|26|0|0|7.3|30.5|180|10.4|72.3|0.00|0.00|42.9836|12.5526
19|28|0|0|10.2|30.5|180|10.5|71.9|0.00|0.00|42.9812|11.7907
19|29|0|338|4.4|30.5|180|11.4|71.8|0.00|0.00|42.9802|13.9415
19|30|0|315|1.5|30.5|180|12.7|71.7|0.00|0.00|42.9817|15.925
19|31|0|0|0.0|30.5|180|12.9|71.7|0.00|0.00|42.9821|15.925
19|32|0|315|1.5|30.5|180|12.5|71.6|0.00|0.00|42.9814|15.925
19|33|0|225|1.5|30.5|180|11.2|71.6|0.00|0.00|42.9795|13.9415
19|34|0|158|0.0|30.5|180|11.0|71.6|0.00|0.00|42.9812|13.9415
19|35|0|135|2.9|30.5|180|11.6|71.5|0.00|0.00|42.9799|13.9415
19|36|0|315|0.0|30.5|180|11.0|71.4|0.00|0.00|42.9786|13.9415
19|39|0|0|1.5|30.5|180|11.0|71.4|0.00|0.00|42.9791|13.9415
19|40|0|315|1.5|30.5|180|11.2|71.5|0.00|0.00|42.9802|13.9415
19|41|0|225|0.0|30.5|180|11.3|71.5|0.00|0.00|42.9763|13.9415
19|42|0|315|0.0|30.5|180|11.4|71.5|0.00|0.00|42.9783|13.9415
19|43|0|0|1.6|30.5|180|12.3|71.4|0.00|0.00|42.977|15.925
19|44|0|0|4.4|30.5|180|13.2|71.3|0.00|0.00|42.9763|17.7667
19|45|0|0|2.9|30.5|180|13.6|71.0|0.00|0.00|42.9738|17.7667
19|46|0|0|1.5|30.5|180|11.3|70.8|0.00|0.00|42.9718|13.1712
19|47|0|315|1.5|30.5|180|12.9|70.8|0.00|0.00|42.974|15.1472
19|48|0|315|1.5|30.5|180|13.4|70.7|0.00|0.00|42.9732|16.9819
19|49|0|338|2.9|30.5|180|13.3|70.6|0.00|0.00|42.9717|16.9819
19|50|0|0|3.2|30.5|180|12.1|70.5|0.00|0.00|42.9716|15.1472
19|52|0|0|1.5|30.5|180|12.8|70.4|0.00|0.00|42.9723|15.1472
19|53|0|0|1.6|30.5|180|12.8|70.3|0.00|0.00|42.9722|15.1472
19|55|0|0|4.4|30.5|180|11.9|70.0|0.00|0.00|42.9715|13.1712
19|57|0|0|1.6|30.5|180|13.5|69.9|0.00|0.00|42.9766|16.1967
19|58|0|0|2.9|30.5|180|14.1|69.8|0.00|0.00|42.9761|17.9036
19|59|0|0|3.2|30.5|180|13.1|69.7|0.00|0.00|42.9787|16.1967
20|00|0|0|2.9|30.5|180|12.2|69.6|0.00|0.00|42.9778|14.3689
20|01|0|0|1.6|30.5|180|11.3|69.5|0.00|0.00|42.9773|12.4004
20|02|0|0|2.9|30.5|180|12.3|69.4|0.00|0.00|42.9781|14.3689
20|03|0|0|1.6|30.5|180|14.4|69.4|0.00|0.00|42.977|17.9036
20|04|0|0|1.6|30.5|180|13.5|69.2|0.00|0.00|42.9759|16.1967
20|05|0|0|2.9|30.5|180|12.5|69.1|0.00|0.00|42.9741|14.3689
20|06|0|0|3.2|30.5|180|12.7|69.0|0.00|0.00|42.9729|14.3689
20|07|0|0|1.5|30.5|180|12.7|68.9|0.00|0.00|42.9749|13.5903
20|08|0|0|2.9|30.5|180|12.2|68.8|0.00|0.00|42.9732|13.5903
20|09|0|0|1.5|30.5|180|12.6|68.7|0.00|0.00|42.9717|13.5903
20|11|0|0|2.9|30.5|180|12.8|68.6|0.00|0.00|42.9729|13.5903
20|12|0|0|2.9|30.5|180|12.3|68.6|0.00|0.00|42.9746|13.5903
20|13|0|0|3.2|30.5|180|12.2|68.5|0.00|0.00|42.9714|13.5903
20|14|0|0|4.4|30.5|180|12.2|68.3|0.00|0.00|42.9724|13.5903
20|15|0|0|2.9|30.5|180|12.2|68.3|0.00|0.00|42.9705|13.5903
20|16|0|0|1.5|30.5|180|12.4|68.3|0.00|0.00|42.9732|13.5903
20|17|0|0|1.6|30.5|180|12.4|68.2|0.00|0.00|42.9704|13.5903
20|18|0|0|2.9|30.5|180|12.4|68.2|0.00|0.00|42.9719|13.5903
20|19|0|0|1.5|30.5|180|12.6|68.2|0.00|0.00|42.9709|13.5903
20|20|0|0|1.5|30.5|180|12.5|68.1|0.00|0.00|42.9707|13.5903
20|21|0|315|0.0|30.5|180|12.5|68.1|0.00|0.00|42.9722|13.5903
20|22|0|315|1.5|30.5|180|12.1|68.1|0.00|0.00|42.9725|13.5903
20|24|0|225|0.0|30.5|180|12.4|68.0|0.00|0.00|42.9717|13.5903
20|25|0|225|1.5|30.5|180|12.9|68.0|0.00|0.00|42.9742|13.5903
20|26|0|225|0.0|30.5|180|13.6|68.0|0.00|0.00|42.9732|15.4111
20|27|0|135|0.0|30.5|180|13.9|67.9|0.00|0.00|42.9727|14.6251
20|29|0|225|1.5|30.5|180|14.0|67.7|0.00|0.00|42.9715|16.3189
20|31|0|225|1.5|30.5|180|14.2|67.4|0.00|0.00|42.9704|16.3189
20|32|0|225|1.5|30.5|180|13.6|67.4|0.00|0.00|42.9716|14.6251
20|33|0|270|1.5|30.5|180|13.0|67.2|0.00|0.00|42.9694|14.6251
20|35|0|225|1.5|30.5|180|13.1|67.1|0.00|0.00|42.9703|14.6251
20|36|0|225|1.6|30.5|180|13.1|67.1|0.00|0.00|42.9711|14.6251
20|37|0|270|0.0|30.5|180|13.7|67.0|0.00|0.00|42.9716|14.6251
20|38|0|270|1.5|30.5|180|13.2|67.0|0.00|0.00|42.9722|14.6251
20|39|0|270|1.5|30.5|180|13.0|66.9|0.00|0.00|42.972|13.8387
20|41|0|270|1.5|30.5|180|12.9|66.7|0.00|0.00|42.9731|12.0318
20|42|0|270|1.5|30.5|180|13.3|66.5|0.00|0.00|42.9732|13.8387
20|44|0|225|1.6|30.5|180|15.2|66.4|0.00|0.00|42.9741|17.1094
20|46|0|225|1.5|30.5|180|15.6|66.2|0.00|0.00|42.9726|17.1094
20|47|0|225|0.0|30.5|180|15.7|66.1|0.00|0.00|42.9716|17.1094
20|49|0|225|0.0|30.5|180|15.8|65.9|0.00|0.00|42.9737|16.3101
20|51|0|225|0.0|30.5|180|15.6|65.8|0.00|0.00|42.9714|16.3101
20|52|0|225|0.0|30.5|180|15.5|65.5|0.00|0.00|42.9685|16.3101
20|54|0|315|0.0|30.5|180|15.1|65.4|0.00|0.00|42.967|16.3101
20|55|0|0|1.5|30.5|180|15.3|65.2|0.00|0.00|42.9645|16.3101
20|56|0|0|0.0|30.5|180|17.4|65.2|0.00|0.00|42.9655|19.2027
20|57|0|225|0.0|30.5|180|17.0|65.1|0.00|0.00|42.9678|19.2027
20|59|0|180|1.5|30.5|180|17.3|65.0|0.00|0.00|42.9692|19.2027
21|00|0|180|0.0|30.5|180|18.2|64.7|0.00|0.00|42.9677|19.721
21|01|0|180|0.0|30.5|180|17.6|64.6|0.00|0.00|42.9663|18.3916
21|02|0|45|1.5|30.5|180|18.0|64.5|0.00|0.00|42.966|19.721
21|03|0|45|1.5|30.5|180|18.1|64.3|0.00|0.00|42.9651|19.721
21|04|0|45|0.0|30.5|180|17.7|64.1|0.00|0.00|42.9635|18.3916
21|05|0|45|0.0|30.5|180|17.2|64.0|0.00|0.00|42.9647|18.3916
21|06|0|225|1.5|30.5|180|17.9|63.7|0.00|0.00|42.9729|17.5803
21|07|0|225|1.5|30.5|180|18.7|63.5|0.00|0.00|42.9756|18.9044
21|08|0|225|1.5|30.5|180|19.4|63.4|0.00|0.00|42.9772|20.1647
21|09|0|225|0.0|30.5|180|19.2|63.2|0.00|0.00|42.9763|20.1647
21|10|0|225|0.0|30.5|180|18.6|63.0|0.00|0.00|42.9748|18.9044
21|13|0|90|0.0|30.5|180|17.3|62.7|0.00|0.00|42.9722|16.7685
21|14|0|45|0.0|30.5|180|18.9|62.6|0.00|0.00|42.9705|18.0874
21|15|0|90|1.5|30.5|180|18.2|62.5|0.00|0.00|42.9718|18.0874
21|16|0|90|2.9|30.5|180|18.4|62.4|0.00|0.00|42.9717|18.0874
21|17|0|45|2.9|30.5|180|19.6|62.2|0.00|0.00|42.9702|19.3428
21|19|0|45|1.5|30.5|180|23.1|61.8|0.00|0.00|42.9674|23.0004
21|20|0|45|1.5|30.5|180|22.9|61.6|0.00|0.00|42.9685|21.9494
21|21|0|135|1.5|30.5|180|22.5|61.5|0.00|0.00|42.9724|21.9494
21|22|0|135|1.5|30.5|180|22.1|61.4|0.00|0.00|42.9712|21.9494
21|23|0|45|1.5|30.5|180|22.1|61.1|0.00|0.00|42.9687|21.9494
21|24|0|45|0.0|30.5|180|21.1|61.0|0.00|0.00|42.9692|20.8552
21|26|0|45|0.0|30.5|180|20.3|60.8|0.00|0.00|42.9705|18.8865
21|28|0|45|0.0|30.5|180|20.0|60.7|0.00|0.00|42.9716|18.8865
21|29|0|90|0.0|30.5|180|21.3|60.7|0.00|0.00|42.9716|20.0234
21|30|0|135|1.6|30.5|180|20.5|60.6|0.00|0.00|42.9739|18.8865
21|31|0|135|0.0|30.5|180|23.0|60.5|0.00|0.00|42.9755|22.1599
21|32|0|135|0.0|30.5|180|23.5|60.5|0.00|0.00|42.9741|22.1599
21|33|0|135|0.0|30.5|180|23.3|60.3|0.00|0.00|42.9738|22.1599
21|34|0|135|0.0|30.5|180|22.4|60.2|0.00|0.00|42.9754|21.1132
21|35|0|135|0.0|30.5|180|21.0|60.2|0.00|0.00|42.9777|20.0234
21|36|0|135|0.0|30.5|180|20.8|60.2|0.00|0.00|42.9761|18.8865
21|37|0|135|0.0|30.5|180|21.1|60.2|0.00|0.00|42.9765|20.0234
21|38|0|0|0.0|30.5|180|22.6|60.1|0.00|0.00|42.9781|21.1132
21|39|0|0|0.0|30.5|180|23.1|60.1|0.00|0.00|42.9807|22.1599
21|40|0|0|0.0|30.5|180|22.2|60.0|0.00|0.00|42.9797|21.1132
21|41|0|0|0.0|30.5|180|21.5|60.0|0.00|0.00|42.9809|20.0234
21|43|0|0|0.0|30.5|180|23.7|60.0|0.00|0.00|42.9825|22.1599
21|44|0|0|0.0|30.5|180|24.8|60.0|0.00|0.00|42.9865|23.167
21|45|0|0|0.0|30.5|180|23.4|59.9|0.00|0.00|42.9852|21.3191
21|46|0|0|1.5|30.5|180|24.5|59.9|0.00|0.00|42.9866|22.3222
21|47|0|0|1.5|30.5|180|28.4|59.8|0.00|0.00|42.9855|25.996
21|48|0|0|1.6|30.5|180|29.1|59.6|0.00|0.00|42.9868|26.8414
21|49|0|0|0.0|30.5|180|28.0|59.5|0.00|0.00|42.9857|25.996
21|50|0|180|0.0|30.5|180|27.8|59.3|0.00|0.00|42.9866|25.1235
21|51|0|180|0.0|30.5|180|28.7|59.2|0.00|0.00|42.9849|25.996
21|52|0|225|0.0|30.5|180|27.9|59.1|0.00|0.00|42.9865|25.1235
21|53|0|270|1.5|30.5|180|28.7|59.0|0.00|0.00|42.9862|25.996
21|54|0|270|0.0|30.5|180|28.6|58.9|0.00|0.00|42.986|25.136
21|55|0|270|0.0|30.5|180|28.5|58.8|0.00|0.00|42.9885|25.136
21|56|0|270|0.0|30.5|180|28.5|58.8|0.00|0.00|42.9876|25.136
21|57|0|135|0.0|30.5|180|29.4|58.7|0.00|0.00|42.9874|25.9779
21|58|0|45|0.0|30.5|180|29.7|58.5|0.00|0.00|42.9869|25.9779
21|59|0|0|1.5|30.5|180|31.4|58.4|0.00|0.00|42.9867|27.5873
22|00|0|0|1.6|30.5|180|33.0|58.3|0.00|0.00|42.9884|29.1073
22|01|0|0|0.0|30.5|180|31.5|58.2|0.00|0.00|42.9875|27.5873
22|03|0|315|1.6|30.5|180|29.6|58.1|0.00|0.00|42.9891|25.9779
22|04|0|315|2.9|30.5|180|30.5|57.9|0.00|0.00|42.9859|25.9273
22|05|0|0|3.2|30.5|180|35.4|57.5|0.00|0.00|42.9841|29.6652
22|06|0|0|2.9|30.5|180|35.6|57.3|0.00|0.00|42.9797|29.6652
22|07|0|315|1.6|30.5|180|36.0|57.1|0.00|0.00|42.9792|30.3555
22|08|0|180|1.5|30.5|180|35.2|56.9|0.00|0.00|42.9798|28.7823
22|09|0|180|1.6|30.5|180|33.5|56.5|0.00|0.00|42.9766|27.3537
22|11|0|23|2.9|30.5|180|33.9|56.2|0.00|0.00|42.9686|27.3537
22|12|0|0|0.0|30.5|180|35.5|56.1|0.00|0.00|42.9725|28.7823
22|13|0|135|0.0|30.5|180|35.0|56.0|0.00|0.00|42.9741|28.7823
22|14|0|180|2.9|30.5|180|34.3|55.8|0.00|0.00|42.9751|27.1972
22|15|0|158|4.4|30.5|180|32.1|55.7|0.00|0.00|42.9777|25.7363
22|16|0|135|1.6|30.5|180|30.3|55.6|0.00|0.00|42.9772|24.1923
22|17|0|0|0.0|30.5|180|28.2|55.7|0.00|0.00|42.9739|22.5541
22|18|0|45|1.5|30.5|180|28.1|55.7|0.00|0.00|42.9718|22.5541
22|19|0|135|2.9|30.5|180|27.6|55.8|0.00|0.00|42.9712|21.6957
22|20|0|180|2.9|30.5|180|27.3|56.0|0.00|0.00|42.9735|22.5531
22|21|0|180|1.6|30.5|180|27.9|56.1|0.00|0.00|42.9726|22.5531
22|23|0|90|1.5|30.5|180|27.5|56.2|0.00|0.00|42.9714|22.5531
22|24|0|90|1.5|30.5|180|26.3|56.3|0.00|0.00|42.9708|21.6624
22|25|0|180|1.5|30.5|180|26.0|56.4|0.00|0.00|42.9719|21.6624
22|26|0|135|0.0|30.5|180|26.4|56.5|0.00|0.00|42.9725|21.6624
22|27|0|0|0.0|30.5|180|26.7|56.6|0.00|0.00|42.9719|21.6624
22|28|0|315|2.9|30.5|180|26.9|56.6|0.00|0.00|42.9701|21.6624
22|29|0|0|2.9|30.5|180|29.7|56.6|0.00|0.00|42.9705|24.25
22|30|0|0|1.5|30.5|180|33.1|56.7|0.00|0.00|42.9703|27.3537
22|31|0|45|1.6|30.5|180|30.2|56.7|0.00|0.00|42.9709|25.0599
22|32|0|45|0.0|30.5|180|26.5|56.6|0.00|0.00|42.9699|21.6624
22|35|0|45|0.0|30.5|180|24.7|57.0|0.00|0.00|42.971|20.6316
22|36|0|68|0.0|30.5|180|25.1|57.1|0.00|0.00|42.9731|21.5904
22|38|0|90|0.0|30.5|180|25.9|57.1|0.00|0.00|42.9722|21.5904
22|39|0|0|1.5|30.5|180|25.8|57.3|0.00|0.00|42.9756|21.5904
22|40|0|0|1.6|30.5|180|26.8|57.3|0.00|0.00|42.9752|22.5158
22|41|0|0|1.6|30.5|180|27.0|57.4|0.00|0.00|42.9742|23.4102
22|42|0|45|0.0|30.5|180|27.5|57.4|0.00|0.00|42.9764|23.4102
22|43|0|45|1.6|30.5|180|27.3|57.4|0.00|0.00|42.9741|23.4102
22|44|0|135|1.5|30.5|180|26.0|57.5|0.00|0.00|42.9768|22.5158
22|46|0|225|0.0|30.5|180|27.1|57.4|0.00|0.00|42.9777|23.4102
22|47|0|225|0.0|30.5|180|27.1|57.4|0.00|0.00|42.977|23.4102
22|49|0|225|0.0|30.5|180|26.8|57.4|0.00|0.00|42.9791|22.5158
22|50|0|0|1.6|30.5|180|26.0|57.3|0.00|0.00|42.975|22.5158
22|52|0|270|1.5|30.5|180|32.3|57.3|0.00|0.00|42.9775|27.4842
22|53|0|270|3.2|30.5|180|33.1|57.3|0.00|0.00|42.9792|28.2306
22|54|0|270|2.9|30.5|180|30.7|57.2|0.00|0.00|42.9787|25.9273
22|55|0|315|1.5|30.5|180|30.4|57.1|0.00|0.00|42.9788|25.9273
22|56|0|0|1.6|30.5|180|33.5|57.0|0.00|0.00|42.9785|28.2306
22|57|0|0|0.0|30.5|180|33.5|56.9|0.00|0.00|42.9772|27.3537
22|58|0|315|1.5|30.5|180|33.3|56.7|0.00|0.00|42.9765|27.3537
22|59|0|315|1.5|30.5|180|35.0|56.6|0.00|0.00|42.9749|28.7823
23|00|0|315|1.5|30.5|180|33.8|56.4|0.00|0.00|42.974|27.3537
23|01|0|315|0.0|30.5|180|34.2|56.3|0.00|0.00|42.974|28.0773
23|02|0|315|1.6|30.5|180|34.4|56.1|0.00|0.00|42.9758|28.0773
23|03|0|315|1.5|30.5|180|34.0|56.0|0.00|0.00|42.9751|28.0773
23|04|0|90|0.0|30.5|180|35.1|55.8|0.00|0.00|42.9789|27.8992
23|05|0|90|0.0|30.5|180|32.7|55.6|0.00|0.00|42.9791|25.7363
23|06|0|225|2.9|30.5|180|31.4|55.5|0.00|0.00|42.9832|24.9753
23|08|0|0|1.6|30.5|180|33.0|55.4|0.00|0.00|42.9805|26.4765
23|09|0|0|1.6|30.5|180|33.1|55.3|0.00|0.00|42.9806|26.4765
23|10|0|0|4.4|30.5|180|33.6|55.3|0.00|0.00|42.9777|26.4765
23|11|0|158|1.6|30.5|180|37.8|55.2|0.00|0.00|42.9806|29.2517
23|12|0|225|0.0|30.5|180|36.8|55.1|0.00|0.00|42.9801|28.5838
23|13|0|270|1.5|30.5|180|33.5|55.0|0.00|0.00|42.9788|26.4765
23|16|0|0|0.0|30.5|180|34.3|54.7|0.00|0.00|42.9759|26.3168
23|17|0|180|0.0|30.5|180|35.0|54.7|0.00|0.00|42.9764|27.0159
23|18|0|180|0.0|30.5|180|33.6|54.7|0.00|0.00|42.9789|25.5991
23|19|0|135|1.5|30.5|180|32.3|54.7|0.00|0.00|42.9777|24.862
23|20|0|180|0.0|30.5|180|32.7|54.6|0.00|0.00|42.9772|24.862
23|21|0|45|0.0|30.5|180|30.7|54.6|0.00|0.00|42.9755|23.3243
23|23|0|45|0.0|30.5|180|30.5|54.7|0.00|0.00|42.9772|23.3243
23|24|0|45|0.0|30.5|180|30.8|54.7|0.00|0.00|42.9774|23.3243
23|25|0|45|1.5|30.5|180|30.4|54.7|0.00|0.00|42.9766|23.3243
23|26|0|90|1.5|30.5|180|29.2|54.7|0.00|0.00|42.9763|22.5211
23|27|0|135|1.6|30.5|180|30.4|54.8|0.00|0.00|42.9765|23.3243
23|28|0|45|1.6|30.5|180|30.5|55.0|0.00|0.00|42.979|24.1923
23|29|0|45|1.5|30.5|180|29.8|55.0|0.00|0.00|42.9795|23.3857
23|31|0|0|0.0|30.5|180|28.9|55.1|0.00|0.00|42.9801|22.5541
23|32|0|45|0.0|30.5|180|30.2|55.1|0.00|0.00|42.9787|24.1923
23|33|0|90|0.0|30.5|180|30.9|55.2|0.00|0.00|42.9799|24.1923
23|34|0|45|0.0|30.5|180|31.2|55.2|0.00|0.00|42.9786|24.9753
23|37|0|45|1.6|30.5|180|30.3|55.2|0.00|0.00|42.9775|24.1923
23|38|0|90|1.5|30.5|180|28.9|55.3|0.00|0.00|42.9787|22.5541
23|39|0|90|1.5|30.5|180|28.7|55.3|0.00|0.00|42.9797|22.5541
23|40|0|45|1.6|30.5|180|29.1|55.4|0.00|0.00|42.9797|23.3857
23|41|0|90|0.0|30.5|180|27.7|55.4|0.00|0.00|42.978|21.6957
23|42|0|45|0.0|30.5|180|28.4|55.5|0.00|0.00|42.9783|22.5541
23|43|0|90|1.5|30.5|180|27.2|55.6|0.00|0.00|42.9765|21.6957
23|44|0|113|1.5|30.5|180|25.7|55.7|0.00|0.00|42.9759|19.8908
23|45|0|135|1.5|30.5|180|24.8|55.8|0.00|0.00|42.9739|18.9398
23|46|0|180|1.6|30.5|180|24.1|56.1|0.00|0.00|42.9732|19.7858
23|47|0|135|4.4|30.5|180|24.7|56.2|0.00|0.00|42.974|19.7858
23|48|0|180|4.4|30.5|180|22.7|56.3|0.00|0.00|42.9715|17.765
23|50|0|158|3.2|30.5|180|21.7|56.5|0.00|0.00|42.9732|16.6926
23|51|0|135|1.5|30.5|180|19.8|56.9|0.00|0.00|42.9766|14.4043
23|52|0|180|5.8|30.5|180|18.3|57.4|0.00|0.00|42.9786|13.9976
23|53|0|180|7.3|30.5|180|17.0|57.9|0.00|0.00|42.9815|12.7046
23|54|0|180|5.8|30.5|180|15.8|58.4|0.00|0.00|42.9815|10.7041
23|55|0|180|4.8|30.5|180|14.6|59.1|0.00|0.00|42.9815|9.9653
23|56|0|180|7.3|30.5|180|13.8|59.8|0.00|0.00|42.9886|8.32329
23|57|0|135|2.9|30.5|180|13.1|60.6|0.00|0.00|42.9832|9.11237
23|58|0|135|4.4|30.5|180|12.7|61.2|0.00|0.00|42.9814|8.12871
23|59|0|135|6.5|30.5|180|12.3|61.9|0.00|0.00|42.9827|8.12871
