13|23|0|0|11.6|16.3|315|29.5|56.1|0.00|0.00|43.4113|24.25
13|24|0|0|4.8|16.3|315|29.5|56.1|0.00|0.00|43.4113|24.25
13|25|0|0|5.8|16.3|315|29.5|56.1|0.00|0.00|43.4108|24.25
13|26|0|315|6.4|16.3|315|30.6|56.2|0.00|0.00|43.418|25.0599
13|28|0|315|7.3|16.3|315|30.3|55.8|0.00|0.00|43.4171|24.1923
13|30|0|315|5.8|16.3|315|30.2|55.8|0.00|0.00|43.4211|24.1923
13|31|0|315|5.8|16.3|315|30.0|55.8|0.00|0.00|43.4212|24.1923
13|33|0|338|6.4|16.3|315|30.1|55.7|0.00|0.00|43.4132|24.1923
13|34|0|0|7.3|16.3|315|29.7|56.0|0.00|0.00|43.4133|24.25
13|35|0|315|6.4|16.3|315|30.5|56.2|0.00|0.00|43.4128|25.0599
13|36|0|315|8.7|16.3|315|30.0|56.1|0.00|0.00|43.4154|25.0599
13|37|0|0|8.0|16.3|315|30.9|56.0|0.00|0.00|43.4163|25.0599
13|40|0|315|5.8|16.3|315|30.2|55.8|0.00|0.00|43.416|24.1923
13|41|0|0|8.7|16.3|315|30.1|55.6|0.00|0.00|43.4135|24.1923
13|42|0|0|5.8|16.3|315|29.9|55.6|0.00|0.00|43.4137|23.3857
13|43|0|315|10.2|16.3|315|30.5|55.8|0.00|0.00|43.4068|24.1923
13|44|0|315|7.3|16.3|315|30.7|56.1|0.00|0.00|43.406|25.0599
13|45|0|315|10.2|16.3|315|30.5|56.2|0.00|0.00|43.4137|25.0599
13|46|0|0|6.4|16.3|315|29.8|56.3|0.00|0.00|43.4136|24.25
13|47|0|315|5.8|16.3|315|29.5|56.2|0.00|0.00|43.4069|24.25
13|48|0|315|8.7|16.3|315|29.8|56.5|0.00|0.00|43.4007|24.25
13|49|0|315|7.3|16.3|315|29.9|56.7|0.00|0.00|43.4014|24.25
13|50|0|315|4.4|16.3|315|30.0|57.1|0.00|0.00|43.4011|25.9273
13|51|0|315|5.8|16.3|315|29.5|57.0|0.00|0.00|43.4041|25.1141
13|53|0|315|4.8|16.3|315|28.4|57.0|0.00|0.00|43.4056|24.2756
13|54|0|0|6.4|16.3|315|28.6|56.7|0.00|0.00|43.4079|23.415
13|55|0|0|4.4|16.3|315|29.0|56.6|0.00|0.00|43.4141|24.25
13|56|0|315|3.2|16.3|315|29.3|56.4|0.00|0.00|43.4119|24.25
13|57|0|338|4.4|16.3|315|29.8|56.3|0.00|0.00|43.4147|24.25
14|00|0|315|8.0|16.3|315|30.0|55.8|0.00|0.00|43.4048|24.1923
14|01|0|315|7.3|16.3|315|30.3|55.6|0.00|0.00|43.4031|24.1923
14|02|0|315|9.7|16.3|315|30.6|55.7|0.00|0.00|43.4021|24.1923
14|03|0|45|4.4|16.3|315|30.1|56.0|0.00|0.00|43.3996|25.0599
14|04|0|315|10.2|16.3|315|30.7|56.1|0.00|0.00|43.3999|25.0599
14|06|0|45|5.8|16.3|315|30.5|56.6|0.00|0.00|43.3961|25.0599
14|07|0|315|8.1|16.3|315|29.3|57.0|0.00|0.00|43.3952|25.1141
14|08|0|315|8.7|16.3|315|29.3|57.1|0.00|0.00|43.3893|25.1141
14|09|0|0|3.2|16.3|315|29.6|57.3|0.00|0.00|43.39|25.1141
14|10|0|315|14.5|16.3|315|29.2|57.5|0.00|0.00|43.3848|25.1141
14|11|0|0|5.8|18.9|315|28.3|57.4|0.00|0.00|43.3862|24.2756
14|12|0|0|8.7|18.9|315|28.7|57.7|0.00|0.00|43.3819|24.2756
14|13|0|315|5.8|18.9|315|28.6|57.8|0.00|0.00|43.3872|24.2756
14|14|0|315|11.6|18.9|315|29.2|57.5|0.00|0.00|43.3787|25.1141
14|16|0|0|8.0|18.9|315|29.3|57.8|0.00|0.00|43.38|25.1141
14|17|0|315|13.1|18.9|315|28.6|57.9|0.00|0.00|43.3755|24.2756
14|18|0|0|8.0|18.9|315|28.4|58.0|0.00|0.00|43.3793|25.136
14|19|0|0|7.3|18.9|315|28.5|58.1|0.00|0.00|43.3778|25.136
14|20|0|315|10.2|18.9|315|28.7|58.3|0.00|0.00|43.3792|25.136
14|21|0|0|7.3|18.9|315|28.4|58.4|0.00|0.00|43.3782|25.136
14|23|0|315|8.7|18.9|315|28.1|58.5|0.00|0.00|43.3764|25.136
14|24|0|0|8.7|18.9|315|28.0|58.9|0.00|0.00|43.3747|25.136
14|25|0|0|8.7|18.9|315|27.0|59.0|0.00|0.00|43.3722|25.1235
14|26|0|315|9.7|18.9|315|26.7|59.0|0.00|0.00|43.3746|24.2218
14|28|0|0|9.7|18.9|315|26.8|58.9|0.00|0.00|43.3764|23.3689
14|29|0|315|7.3|18.9|315|26.7|58.8|0.00|0.00|43.3774|23.3689
14|30|0|315|4.8|18.9|315|27.6|58.8|0.00|0.00|43.3761|24.2669
14|31|0|0|2.9|18.9|315|26.8|58.9|0.00|0.00|43.3747|23.3689
14|32|0|0|5.8|18.9|315|26.6|58.9|0.00|0.00|43.3718|23.3689
14|34|0|0|4.8|18.9|315|26.1|58.9|0.00|0.00|43.37|23.3689
14|35|0|0|2.9|18.9|315|26.4|59.0|0.00|0.00|43.3679|24.2218
14|37|0|0|4.4|18.9|315|26.4|59.1|0.00|0.00|43.3687|24.2218
14|39|0|315|4.4|18.9|315|26.5|59.2|0.00|0.00|43.3703|24.2218
14|40|0|270|8.7|18.9|315|26.3|59.1|0.00|0.00|43.3665|24.2218
14|41|0|315|4.4|18.9|315|26.2|59.2|0.00|0.00|43.3688|24.2218
14|42|0|0|10.2|18.9|315|27.7|59.1|0.00|0.00|43.3671|25.1235
14|43|0|0|6.4|18.9|315|26.6|59.1|0.00|0.00|43.3703|24.2218
14|44|0|0|7.3|18.9|315|26.5|59.2|0.00|0.00|43.3672|24.2218
14|45|0|0|8.7|18.9|315|26.1|59.2|0.00|0.00|43.3674|24.2218
14|46|0|0|6.4|18.9|315|25.9|59.2|0.00|0.00|43.3688|23.2888
14|47|0|0|8.7|18.9|315|26.3|59.3|0.00|0.00|43.3682|24.2218
14|48|0|0|12.9|20.4|0|25.9|59.2|0.00|0.00|43.3646|23.2888
14|49|0|315|7.3|20.4|0|26.1|59.2|0.00|0.00|43.3638|24.2218
14|50|0|338|4.4|20.4|0|26.0|59.2|0.00|0.00|43.3673|24.2218
14|52|0|0|11.6|20.4|0|26.0|59.2|0.00|0.00|43.362|24.2218
14|53|0|0|7.3|20.4|0|26.0|59.1|0.00|0.00|43.3594|24.2218
14|54|0|315|10.2|20.4|0|26.4|59.1|0.00|0.00|43.3639|24.2218
14|55|0|315|7.3|20.4|0|26.1|59.2|0.00|0.00|43.3643|24.2218
14|56|0|0|8.7|20.4|0|25.9|59.2|0.00|0.00|43.3609|23.2888
14|57|0|315|5.8|20.4|0|25.8|59.2|0.00|0.00|43.3629|23.2888
14|58|0|0|8.7|20.4|0|25.5|59.3|0.00|0.00|43.363|23.2888
14|59|0|315|7.3|20.4|0|25.9|59.5|0.00|0.00|43.3636|23.2888
15|00|0|315|8.7|20.4|0|25.8|59.7|0.00|0.00|43.3606|23.2888
15|02|0|0|11.6|20.4|0|24.8|59.6|0.00|0.00|43.3671|22.3222
15|04|0|338|6.4|20.4|0|25.2|59.5|0.00|0.00|43.3585|23.2888
15|06|0|315|7.3|20.4|0|25.0|59.5|0.00|0.00|43.3572|23.2888
15|08|0|0|4.4|20.4|0|25.6|59.6|0.00|0.00|43.352|23.2888
15|10|0|315|13.1|20.4|0|25.5|59.1|0.00|0.00|43.359|23.2888
15|12|0|23|11.6|20.4|0|25.7|58.4|0.00|0.00|43.3546|22.4398
15|13|0|315|13.1|20.4|0|25.9|58.2|0.00|0.00|43.356|22.4398
15|14|0|0|6.4|20.4|0|25.9|58.1|0.00|0.00|43.3501|22.4398
15|15|0|315|8.7|20.4|0|25.7|57.9|0.00|0.00|43.3499|21.5904
15|16|0|0|4.8|20.4|0|25.8|57.7|0.00|0.00|43.3467|21.5904
15|17|0|0|7.3|20.4|0|26.0|57.5|0.00|0.00|43.3409|22.5158
15|18|0|0|13.1|20.4|0|26.2|57.4|0.00|0.00|43.3391|22.5158
15|19|0|315|17.5|20.4|0|26.9|57.3|0.00|0.00|43.3338|22.5158
15|20|0|315|7.3|20.4|0|27.0|57.3|0.00|0.00|43.3356|23.4102
15|21|0|0|5.8|20.4|0|26.2|57.7|0.00|0.00|43.3352|22.5158
15|23|0|315|2.9|20.4|0|26.0|57.9|0.00|0.00|43.338|22.5158
15|24|0|315|5.8|20.4|0|26.6|58.3|0.00|0.00|43.3363|23.3689
15|25|0|0|10.2|20.4|0|27.0|58.4|0.00|0.00|43.3389|24.2669
15|26|0|0|7.3|20.4|0|26.6|58.4|0.00|0.00|43.3444|23.3689
15|28|0|0|10.2|20.4|0|26.1|58.3|0.00|0.00|43.3467|23.3689
15|29|0|45|11.3|20.4|0|26.2|58.2|0.00|0.00|43.3403|23.3689
15|32|0|0|5.8|20.4|0|25.3|58.0|0.00|0.00|43.3457|22.4398
15|33|0|270|3.2|20.4|0|25.6|57.8|0.00|0.00|43.3444|21.5904
15|34|0|315|5.8|20.4|0|25.4|57.7|0.00|0.00|43.3409|21.5904
15|35|0|315|4.4|20.4|0|26.0|57.5|0.00|0.00|43.3421|22.5158
15|36|0|315|5.8|20.4|0|26.4|57.4|0.00|0.00|43.34|22.5158
15|37|0|0|7.3|20.4|0|26.5|57.3|0.00|0.00|43.3403|22.5158
15|38|0|315|5.8|20.4|0|26.8|57.2|0.00|0.00|43.34|22.5158
15|41|0|315|8.1|20.4|0|26.9|57.2|0.00|0.00|43.3364|22.5158
15|43|0|0|13.1|20.4|0|26.8|57.1|0.00|0.00|43.3317|22.5158
15|44|0|338|11.3|20.4|0|27.0|57.0|0.00|0.00|43.3349|23.4102
15|45|0|315|4.8|20.4|0|26.9|56.9|0.00|0.00|43.3351|21.6624
15|46|0|0|7.3|20.4|0|27.2|56.9|0.00|0.00|43.334|22.5531
15|47|0|315|9.7|20.4|0|27.2|56.9|0.00|0.00|43.3331|22.5531
15|48|0|315|7.3|20.4|0|27.0|56.7|0.00|0.00|43.3324|22.5531
15|49|0|0|8.7|20.4|0|27.2|56.7|0.00|0.00|43.3306|22.5531
15|50|0|0|10.2|20.4|0|27.2|56.7|0.00|0.00|43.331|22.5531
15|51|0|0|5.8|20.4|0|27.2|56.9|0.00|0.00|43.3307|22.5531
15|52|0|0|8.7|20.4|0|27.2|56.9|0.00|0.00|43.3293|22.5531
15|54|0|315|8.7|20.4|0|26.9|57.0|0.00|0.00|43.3268|22.5158
15|56|0|315|11.6|20.4|0|27.3|57.0|0.00|0.00|43.3291|23.4102
15|57|0|315|13.1|20.4|0|27.5|57.0|0.00|0.00|43.3254|23.4102
15|58|0|270|7.3|20.4|0|27.1|56.9|0.00|0.00|43.3275|22.5531
15|59|0|0|5.8|20.4|0|27.4|57.0|0.00|0.00|43.327|23.4102
16|00|0|0|7.3|20.4|0|27.1|57.1|0.00|0.00|43.3292|23.4102
16|01|0|0|4.4|20.4|0|26.9|57.1|0.00|0.00|43.3245|22.5158
16|02|0|0|8.7|20.4|0|27.1|57.2|0.00|0.00|43.3259|23.4102
16|03|0|0|5.8|20.4|0|26.8|57.2|0.00|0.00|43.3258|22.5158
16|04|0|315|6.5|20.4|0|26.3|57.2|0.00|0.00|43.3236|22.5158
16|05|0|0|8.7|20.4|0|26.5|57.2|0.00|0.00|43.3246|22.5158
16|06|0|0|8.7|20.4|0|26.4|57.1|0.00|0.00|43.3233|22.5158
16|07|0|0|11.6|20.4|0|26.6|57.1|0.00|0.00|43.3229|22.5158
16|08|0|0|8.7|20.4|0|26.7|57.2|0.00|0.00|43.3204|22.5158
16|09|0|23|9.7|20.4|0|26.5|57.2|0.00|0.00|43.3184|22.5158
16|10|0|45|8.7|20.4|0|26.3|57.3|0.00|0.00|43.3195|22.5158
16|11|0|0|4.8|20.4|0|26.7|57.3|0.00|0.00|43.3171|22.5158
16|12|0|338|5.8|20.4|0|27.5|57.7|0.00|0.00|43.3205|23.4102
16|13|0|0|4.8|20.4|0|27.9|58.1|0.00|0.00|43.3187|24.2669
16|15|0|0|8.7|20.4|0|27.0|58.4|0.00|0.00|43.3196|24.2669
16|16|0|315|6.4|20.4|0|27.0|58.8|0.00|0.00|43.3227|24.2669
16|17|0|0|8.1|20.4|0|26.6|59.0|0.00|0.00|43.322|24.2218
16|18|0|0|10.2|20.4|0|25.5|59.1|0.00|0.00|43.3209|23.2888
16|19|0|315|8.7|20.4|0|26.3|59.2|0.00|0.00|43.3241|24.2218
16|20|0|0|16.0|20.4|0|26.1|59.5|0.00|0.00|43.3147|24.2218
16|21|0|0|11.6|20.4|0|25.5|59.6|0.00|0.00|43.3237|23.2888
16|22|0|0|7.3|20.4|0|25.3|59.5|0.00|0.00|43.3209|23.2888
16|23|0|315|10.2|20.4|0|25.9|59.3|0.00|0.00|43.322|23.2888
16|24|0|0|4.8|20.4|0|26.4|59.2|0.00|0.00|43.3276|24.2218
16|25|0|0|8.7|20.4|0|26.3|59.2|0.00|0.00|43.3306|24.2218
16|27|0|315|11.6|20.4|0|25.8|58.4|0.00|0.00|43.3301|22.4398
16|30|0|0|7.3|20.4|0|26.6|57.9|0.00|0.00|43.3289|22.5158
16|31|0|0|10.2|20.4|0|26.7|57.7|0.00|0.00|43.3251|22.5158
16|32|0|0|13.1|20.4|0|27.1|57.4|0.00|0.00|43.3204|23.4102
16|34|0|0|7.3|25.8|0|28.0|57.1|0.00|0.00|43.3182|24.2756
16|36|0|0|11.6|25.8|0|28.7|57.3|0.00|0.00|43.3134|24.2756
16|37|0|0|12.9|25.8|0|28.6|57.5|0.00|0.00|43.3124|24.2756
16|38|0|0|14.5|25.8|0|28.1|57.8|0.00|0.00|43.3126|24.2756
16|40|0|0|12.9|25.8|0|27.9|57.8|0.00|0.00|43.3155|23.4102
16|41|0|0|20.4|27.6|338|27.8|57.9|0.00|0.00|43.3057|23.4102
16|42|0|0|14.5|27.6|338|27.6|57.9|0.00|0.00|43.3131|23.4102
16|43|0|0|10.2|27.6|338|27.4|57.9|0.00|0.00|43.3165|23.4102
16|44|0|0|14.5|27.6|338|27.8|57.8|0.00|0.00|43.3206|23.4102
16|47|0|0|14.5|27.6|338|27.8|57.1|0.00|0.00|43.3196|23.4102
16|48|0|0|17.7|27.6|338|28.1|56.7|0.00|0.00|43.3138|23.415
16|49|0|315|8.7|27.6|338|28.4|56.5|0.00|0.00|43.313|23.415
16|51|0|315|14.5|27.6|338|28.9|56.5|0.00|0.00|43.314|23.415
16|52|0|0|11.3|27.6|338|28.6|56.5|0.00|0.00|43.315|23.415
16|53|0|315|5.8|27.6|338|29.2|56.6|0.00|0.00|43.3179|24.25
16|54|0|0|11.6|27.6|338|29.7|56.6|0.00|0.00|43.3189|24.25
16|55|0|0|8.7|27.6|338|29.6|56.9|0.00|0.00|43.3207|24.25
16|56|0|0|7.3|27.6|338|29.1|56.9|0.00|0.00|43.3243|24.25
16|58|0|0|8.7|27.6|338|29.5|57.0|0.00|0.00|43.3222|25.1141
16|59|0|0|7.3|27.6|338|29.5|57.2|0.00|0.00|43.3217|25.1141
17|00|0|315|5.8|27.6|338|29.6|57.4|0.00|0.00|43.3242|25.1141
17|01|0|0|14.5|27.6|338|29.7|57.5|0.00|0.00|43.3227|25.1141
17|02|0|0|8.7|27.6|338|29.3|57.5|0.00|0.00|43.3253|25.1141
17|03|0|0|8.1|27.6|338|28.9|57.5|0.00|0.00|43.3314|24.2756
17|04|0|23|1.5|27.6|338|28.9|57.4|0.00|0.00|43.329|24.2756
17|05|0|45|8.1|27.6|338|28.7|57.3|0.00|0.00|43.3283|24.2756
17|07|0|0|10.2|27.6|338|29.2|57.1|0.00|0.00|43.3291|25.1141
17|08|0|0|7.3|27.6|338|28.8|56.9|0.00|0.00|43.3284|23.415
17|09|0|315|8.1|27.6|338|29.1|56.6|0.00|0.00|43.3273|24.25
17|10|0|315|8.7|27.6|338|29.6|56.5|0.00|0.00|43.3266|24.25
17|11|0|315|8.1|27.6|338|29.6|56.4|0.00|0.00|43.3261|24.25
17|12|0|315|7.3|27.6|338|29.6|56.4|0.00|0.00|43.329|24.25
17|13|0|0|12.9|27.6|338|29.7|56.4|0.00|0.00|43.3158|24.25
17|14|0|0|7.3|27.6|338|29.2|56.5|0.00|0.00|43.3166|24.25
17|17|0|0|10.2|27.6|338|29.0|56.6|0.00|0.00|43.3148|24.25
17|18|0|23|8.7|27.6|338|28.8|56.6|0.00|0.00|43.3159|23.415
17|19|0|0|7.3|27.6|338|28.6|56.6|0.00|0.00|43.3125|23.415
17|21|0|0|8.7|27.6|338|28.9|56.9|0.00|0.00|43.3139|23.415
17|23|0|0|17.7|27.6|338|28.8|57.1|0.00|0.00|43.3112|24.2756
17|24|0|0|10.2|27.6|338|28.9|57.2|0.00|0.00|43.3133|24.2756
17|26|0|0|17.5|27.6|338|28.9|57.0|0.00|0.00|43.3112|24.2756
17|28|0|45|11.6|27.6|338|29.0|56.9|0.00|0.00|43.3119|24.25
17|29|0|0|8.7|27.6|338|29.2|56.9|0.00|0.00|43.3163|24.25
17|30|0|0|10.2|27.6|338|29.2|56.9|0.00|0.00|43.3189|24.25
17|32|0|45|5.8|27.6|338|29.7|56.9|0.00|0.00|43.3175|24.25
17|33|0|0|8.0|27.6|338|29.6|57.0|0.00|0.00|43.3169|25.1141
17|34|0|0|5.8|27.6|338|30.0|57.1|0.00|0.00|43.3177|25.9273
17|35|0|0|9.7|27.6|338|29.2|57.2|0.00|0.00|43.3182|25.1141
17|36|0|0|4.4|27.6|338|28.9|57.1|0.00|0.00|43.3195|24.2756
17|37|0|0|9.7|27.6|338|29.3|57.2|0.00|0.00|43.3198|25.1141
17|38|0|0|8.1|27.6|338|29.1|57.3|0.00|0.00|43.3194|25.1141
17|39|0|0|8.7|27.6|338|28.5|57.4|0.00|0.00|43.3207|24.2756
17|40|0|0|6.4|27.6|338|28.7|57.4|0.00|0.00|43.3212|24.2756
17|42|0|0|9.7|27.6|338|28.9|57.7|0.00|0.00|43.3213|24.2756
17|43|0|315|5.8|27.6|338|28.4|57.8|0.00|0.00|43.3224|24.2756
17|44|0|68|10.2|27.6|338|28.0|57.9|0.00|0.00|43.3236|24.2756
17|45|0|0|11.6|27.6|338|27.5|57.8|0.00|0.00|43.3196|23.4102
17|46|0|315|4.4|27.6|338|27.6|57.8|0.00|0.00|43.3233|23.4102
17|47|0|0|7.3|27.6|338|27.8|57.9|0.00|0.00|43.3227|23.4102
17|48|0|315|12.9|27.6|338|27.9|57.9|0.00|0.00|43.322|23.4102
17|51|0|0|11.6|27.6|338|27.9|57.8|0.00|0.00|43.3284|23.4102
17|52|0|45|5.8|27.6|338|27.7|57.5|0.00|0.00|43.3309|23.4102
17|53|0|0|10.2|27.6|338|27.4|57.3|0.00|0.00|43.3297|23.4102
17|54|0|0|9.7|27.6|338|27.8|57.1|0.00|0.00|43.3309|23.4102
17|55|0|0|5.8|27.6|338|27.9|57.0|0.00|0.00|43.3335|23.4102
17|56|0|0|8.1|27.6|338|28.2|56.7|0.00|0.00|43.3315|23.415
17|57|0|0|4.4|27.6|338|28.9|56.4|0.00|0.00|43.3339|23.415
17|58|0|0|8.7|27.6|338|29.1|56.2|0.00|0.00|43.336|24.25
17|59|0|0|8.7|27.6|338|29.3|55.8|0.00|0.00|43.3362|23.3857
18|00|0|0|10.2|27.6|338|29.4|55.6|0.00|0.00|43.3366|23.3857
18|02|0|0|9.7|27.6|338|29.7|55.4|0.00|0.00|43.3391|23.3857
18|04|0|0|12.9|27.6|338|30.1|55.1|0.00|0.00|43.3363|24.1923
18|06|0|0|6.4|27.6|338|30.9|54.8|0.00|0.00|43.3379|23.3243
18|07|0|0|5.8|27.6|338|30.7|54.8|0.00|0.00|43.3391|23.3243
18|08|0|45|8.7|27.6|338|31.8|54.7|0.00|0.00|43.3427|24.1041
18|09|0|0|11.6|27.6|338|33.7|54.5|0.00|0.00|43.3419|25.5991
18|10|0|45|8.7|27.6|338|36.7|54.0|0.00|0.00|43.3394|27.6976
18|11|0|45|8.1|27.6|338|38.6|53.7|0.00|0.00|43.3484|28.1202
18|12|0|45|5.8|27.6|338|39.6|53.5|0.00|0.00|43.3491|28.752
18|13|0|45|8.1|27.6|338|40.1|53.0|0.00|0.00|43.3463|29.3696
18|15|0|0|10.2|27.6|338|41.8|52.2|0.00|0.00|43.3436|29.0737
18|16|0|45|7.3|27.6|338|42.3|51.8|0.00|0.00|43.3474|28.7597
18|19|0|45|11.6|27.6|338|44.7|51.0|0.00|0.00|43.3573|29.8959
18|20|0|45|7.3|27.6|338|45.0|50.8|0.00|0.00|43.3616|29.5369
18|22|0|0|5.8|27.6|338|45.6|50.6|0.00|0.00|43.3642|29.5369
18|23|0|45|7.3|27.6|338|46.1|50.5|0.00|0.00|43.367|30.0749
18|24|0|45|5.8|27.6|338|46.1|50.2|0.00|0.00|43.3695|30.0749
18|25|0|45|11.3|27.6|338|47.3|50.0|0.00|0.00|43.3699|30.6027
18|26|0|45|11.6|27.6|338|47.7|49.8|0.00|0.00|43.3752|29.6879
18|27|0|45|6.5|27.6|338|48.1|49.4|0.00|0.00|43.376|30.2036
18|28|0|45|10.2|27.6|338|48.9|49.3|0.00|0.00|43.3752|30.2036
18|29|0|45|7.3|27.6|338|49.1|49.1|0.00|0.00|43.3762|30.7099
18|30|0|45|11.6|27.6|338|50.0|48.9|0.00|0.00|43.3779|30.2856
18|31|0|45|10.2|27.6|338|50.2|48.7|0.00|0.00|43.3771|30.2856
18|33|0|0|10.2|27.6|338|51.1|48.3|0.00|0.00|43.381|30.772
18|34|0|45|11.3|27.6|338|51.5|48.2|0.00|0.00|43.3893|30.772
18|35|0|45|7.3|27.6|338|52.1|48.1|0.00|0.00|43.3962|31.25
18|36|0|0|7.3|27.6|338|52.0|48.0|0.00|0.00|43.3951|31.25
18|39|0|45|10.2|27.6|338|52.2|47.7|0.00|0.00|43.399|30.3241
18|40|0|0|6.4|27.6|338|52.4|47.7|0.00|0.00|43.4023|30.3241
18|42|0|45|8.0|27.6|338|53.3|47.4|0.00|0.00|43.4005|30.7921
18|43|0|45|11.3|27.6|338|53.5|47.3|0.00|0.00|43.4009|30.7921
18|44|0|45|8.7|27.6|338|53.9|47.2|0.00|0.00|43.4012|30.7921
18|45|0|45|5.8|27.6|338|53.9|47.2|0.00|0.00|43.4053|30.7921
18|47|0|45|4.4|27.6|338|53.9|47.3|0.00|0.00|43.4058|30.7921
18|48|0|23|4.4|27.6|338|53.3|47.3|0.00|0.00|43.4025|30.7921
18|49|0|45|4.4|27.6|338|52.5|47.4|0.00|0.00|43.4041|30.3241
18|50|0|0|5.8|27.6|338|52.0|47.6|0.00|0.00|43.4061|30.3241
18|51|0|45|7.3|27.6|338|51.5|47.7|0.00|0.00|43.4064|29.8481
18|52|0|23|5.8|27.6|338|51.2|48.0|0.00|0.00|43.4111|30.772
18|55|0|0|5.8|27.6|338|49.5|48.3|0.00|0.00|43.4131|29.7905
18|56|0|45|6.4|27.6|338|49.3|48.4|0.00|0.00|43.4144|29.7905
18|57|0|45|4.4|27.6|338|49.2|48.7|0.00|0.00|43.4167|29.7905
18|58|0|0|10.2|27.6|338|49.6|48.7|0.01|0.01|43.416|29.7905
18|59|0|45|7.3|27.6|338|49.9|48.5|0.01|0.01|43.4197|29.7905
19|00|0|0|8.7|27.6|338|49.8|48.5|0.01|0.01|43.4219|29.7905
19|01|0|45|4.8|27.6|338|50.0|48.4|0.01|0.01|43.4239|30.2856
19|02|0|45|2.9|27.6|338|50.2|48.5|0.02|0.02|43.426|30.2856
19|03|0|0|6.4|27.6|338|50.1|48.5|0.02|0.02|43.4269|30.2856
19|04|0|0|7.3|27.6|338|50.0|48.4|0.02|0.02|43.4259|30.2856
19|05|0|45|4.8|27.6|338|50.0|48.4|0.02|0.02|43.4277|30.2856
19|06|0|45|7.3|27.6|338|50.4|48.4|0.02|0.02|43.4304|30.2856
19|07|0|23|4.8|27.6|338|51.0|48.4|0.02|0.02|43.4296|30.772
19|08|0|0|4.4|27.6|338|50.9|48.3|0.02|0.02|43.432|30.2856
19|09|0|45|2.9|27.6|338|51.2|48.2|0.02|0.02|43.4333|30.772
19|11|0|45|5.8|27.6|338|51.8|47.9|0.02|0.02|43.4302|29.8481
19|12|0|90|4.4|27.6|338|52.3|47.9|0.02|0.02|43.4341|30.3241
19|13|0|45|4.4|27.6|338|53.1|47.7|0.02|0.02|43.4365|30.7921
19|14|0|45|8.1|27.6|338|53.1|47.6|0.02|0.02|43.4431|30.7921
19|16|0|45|8.7|27.6|338|53.5|47.5|0.02|0.02|43.4476|30.7921
19|17|0|45|7.3|27.6|338|53.8|47.3|0.02|0.02|43.4489|30.7921
19|18|0|0|5.8|27.6|338|53.7|47.3|0.02|0.02|43.4518|30.7921
19|19|0|0|4.4|27.6|338|54.0|47.2|0.02|0.02|43.4489|31.2523
19|20|0|45|3.2|27.6|338|54.0|47.1|0.02|0.02|43.4479|31.2523
19|21|0|45|2.9|27.6|338|54.1|47.1|0.02|0.02|43.4412|31.2523
19|22|0|45|6.4|27.6|338|54.1|47.0|0.02|0.02|43.4378|31.2523
19|23|0|90|14.5|27.6|338|53.7|47.0|0.02|0.02|43.4298|30.7921
19|24|0|45|3.2|27.6|338|53.6|46.8|0.02|0.02|43.4286|29.8639
19|25|0|90|5.8|27.6|338|53.7|46.8|0.02|0.02|43.4276|29.8639
19|26|0|68|11.3|27.6|338|53.8|46.7|0.02|0.02|43.4281|29.8639
19|27|0|45|8.7|27.6|338|53.4|46.6|0.02|0.02|43.4332|29.8639
19|28|0|45|5.8|27.6|338|53.5|46.5|0.02|0.02|43.4375|29.8639
19|29|0|90|8.1|27.6|338|53.2|46.5|0.02|0.02|43.4425|29.8639
19|30|0|45|5.8|27.6|338|52.7|46.4|0.02|0.02|43.4467|29.398
19|31|0|45|6.5|27.6|338|53.1|46.3|0.02|0.02|43.4503|29.8639
19|32|0|45|8.7|27.6|338|53.3|46.3|0.02|0.02|43.4501|29.8639
19|33|0|0|4.4|27.6|338|53.6|46.2|0.02|0.02|43.4506|29.8639
19|34|0|45|4.4|27.6|338|53.6|46.2|0.02|0.02|43.4534|29.8639
19|35|0|45|10.2|27.6|338|52.8|46.1|0.02|0.02|43.449|29.398
19|37|0|45|10.2|27.6|338|52.2|46.0|0.02|0.02|43.4532|29.398
19|38|0|0|7.3|27.6|338|52.4|46.0|0.02|0.02|43.4556|29.398
19|39|0|45|7.3|27.6|338|52.6|45.8|0.02|0.02|43.4554|28.4718
19|40|0|45|5.8|27.6|338|53.0|45.7|0.02|0.02|43.4581|28.9357
19|41|0|45|5.8|27.6|338|53.3|45.7|0.02|0.02|43.4609|28.9357
19|42|0|45|4.8|27.6|338|53.5|45.6|0.02|0.02|43.4598|28.9357
19|43|0|90|8.7|27.6|338|53.8|45.5|0.02|0.02|43.4607|28.9357
19|44|0|45|12.9|27.6|338|54.0|45.3|0.02|0.02|43.4588|29.3919
19|45|0|45|4.4|27.6|338|54.6|45.3|0.02|0.02|43.4616|29.3919
19|46|0|45|4.4|27.6|338|54.5|45.2|0.02|0.02|43.4628|29.3919
19|47|0|90|4.8|27.6|338|55.0|45.0|0.02|0.02|43.4637|29.8407
19|48|0|45|5.8|27.6|338|55.1|45.0|0.02|0.02|43.4636|29.8407
19|49|0|45|8.1|27.6|338|55.6|44.9|0.02|0.02|43.4655|28.9083
19|50|0|45|5.8|27.6|338|55.9|44.8|0.02|0.02|43.4638|28.9083
19|51|0|45|6.5|27.6|338|55.5|44.8|0.02|0.02|43.4636|28.9083
19|52|0|45|7.3|27.6|338|55.6|44.8|0.02|0.02|43.4661|28.9083
19|53|0|45|4.4|27.6|338|55.7|44.7|0.02|0.02|43.469|28.9083
19|54|0|68|6.4|27.6|338|55.8|44.7|0.02|0.02|43.4692|28.9083
19|55|0|45|4.4|27.6|338|56.2|44.7|0.02|0.02|43.4695|29.348
19|56|0|45|3.2|27.6|338|56.8|44.7|0.02|0.02|43.4715|29.348
19|57|0|45|4.4|27.6|338|56.8|44.7|0.01|0.02|43.4732|29.348
19|59|0|45|4.8|27.6|338|56.2|44.7|0.01|0.02|43.475|29.348
20|00|0|45|5.8|27.6|338|55.9|44.6|0.01|0.02|43.4757|28.9083
20|01|0|45|4.4|27.6|338|55.6|44.6|0.01|0.02|43.4776|28.9083
20|02|0|45|4.4|27.6|338|55.4|44.5|0.00|0.02|43.4788|28.9083
20|04|0|45|2.9|27.6|338|55.4|44.5|0.00|0.02|43.4848|28.9083
20|06|0|45|2.9|27.6|338|55.6|44.6|0.00|0.02|43.4888|28.9083
20|07|0|45|2.9|27.6|338|55.8|44.6|0.00|0.02|43.4899|28.9083
20|08|0|45|2.9|27.6|338|56.2|44.6|0.00|0.02|43.4895|29.348
20|09|0|45|1.5|27.6|338|56.0|44.6|0.00|0.02|43.489|29.348
20|11|0|45|0.0|27.6|338|55.1|44.7|0.00|0.02|43.4928|28.9083
20|12|0|45|0.0|27.6|338|55.1|44.7|0.01|0.03|43.4916|28.9083
20|13|0|45|0.0|27.6|338|55.0|44.8|0.01|0.03|43.4909|28.9083
20|14|0|45|0.0|27.6|338|55.0|44.8|0.01|0.03|43.4918|28.9083
20|15|0|180|2.9|27.6|338|54.9|44.8|0.01|0.03|43.4927|28.4615
20|16|0|180|1.5|27.6|338|54.8|44.8|0.01|0.03|43.4944|28.4615
20|17|0|180|1.5|27.6|338|54.7|44.8|0.01|0.03|43.4958|28.4615
20|18|0|180|1.5|27.6|338|54.6|44.8|0.01|0.03|43.4938|28.4615
20|19|0|180|1.5|27.6|338|54.7|44.8|0.01|0.03|43.4962|28.4615
20|21|0|180|2.9|27.6|338|54.7|44.8|0.01|0.03|43.4961|28.4615
20|22|0|135|3.2|27.6|338|54.7|44.9|0.01|0.03|43.4984|28.4615
20|24|0|135|1.5|27.6|338|54.6|44.9|0.01|0.03|43.504|28.4615
20|25|0|135|1.5|27.6|338|54.6|44.9|0.01|0.03|43.504|28.4615
20|26|0|135|2.9|27.6|338|54.7|44.9|0.01|0.03|43.5045|28.4615
20|27|0|135|4.4|27.6|338|54.7|44.9|0.01|0.03|43.5048|28.4615
20|28|0|180|2.9|27.6|338|54.9|44.8|0.01|0.03|43.5054|28.4615
20|29|0|135|2.9|27.6|338|55.0|44.9|0.01|0.03|43.5061|28.9083
20|30|0|180|3.2|27.6|338|55.0|44.8|0.01|0.03|43.505|28.9083
20|31|0|158|4.4|27.6|338|55.2|44.8|0.01|0.03|43.5089|28.9083
20|32|0|158|2.9|27.6|338|55.3|44.8|0.01|0.03|43.5082|28.9083
20|34|0|135|2.9|27.6|338|55.4|44.8|0.01|0.03|43.5115|28.9083
20|35|0|180|2.9|27.6|338|55.5|44.7|0.01|0.03|43.5089|28.9083
20|36|0|180|1.5|27.6|338|55.5|44.7|0.01|0.03|43.51|28.9083
20|37|0|90|1.5|27.6|338|55.5|44.7|0.01|0.03|43.512|28.9083
20|39|0|90|1.5|27.6|338|55.4|44.7|0.01|0.03|43.5126|28.9083
20|40|0|113|1.5|27.6|338|55.4|44.7|0.01|0.03|43.5123|28.9083
20|41|0|113|0.0|27.6|338|55.5|44.6|0.01|0.03|43.5138|28.9083
20|43|0|90|0.0|27.6|338|55.5|44.6|0.01|0.03|43.5144|28.9083
20|44|0|90|0.0|27.6|338|55.5|44.6|0.01|0.03|43.5156|28.9083
20|45|0|90|0.0|27.6|338|55.6|44.6|0.01|0.03|43.5176|28.9083
20|46|0|90|0.0|27.6|338|55.6|44.6|0.01|0.03|43.5152|28.9083
20|47|0|90|0.0|27.6|338|55.4|44.6|0.01|0.03|43.5176|28.9083
20|48|0|90|0.0|27.6|338|55.3|44.6|0.01|0.03|43.5186|28.9083
20|49|0|90|1.5|27.6|338|55.3|44.6|0.01|0.03|43.5193|28.9083
20|52|0|180|0.0|27.6|338|55.6|44.5|0.01|0.03|43.522|28.9083
20|53|0|180|0.0|27.6|338|55.6|44.5|0.01|0.03|43.5247|28.9083
20|54|0|180|0.0|27.6|338|55.5|44.5|0.01|0.03|43.5266|28.9083
20|55|0|180|0.0|27.6|338|55.5|44.5|0.01|0.03|43.5269|28.9083
20|56|0|180|0.0|27.6|338|55.6|44.4|0.01|0.03|43.5263|28.9083
20|57|0|180|0.0|27.6|338|55.6|44.4|0.01|0.03|43.5266|28.9083
20|58|0|180|1.6|27.6|338|55.8|44.4|0.01|0.03|43.528|28.9083
20|59|0|180|0.0|27.6|338|55.8|44.4|0.01|0.03|43.5274|28.9083
21|00|0|180|1.5|27.6|338|56.0|44.3|0.01|0.03|43.5259|29.348
21|01|0|180|0.0|27.6|338|56.1|44.3|0.01|0.03|43.5265|29.348
21|02|0|180|2.9|27.6|338|56.1|44.2|0.01|0.03|43.5288|29.348
21|03|0|180|1.6|27.6|338|56.1|44.2|0.01|0.03|43.5275|29.348
21|04|0|180|1.6|27.6|338|56.1|44.2|0.01|0.03|43.5302|29.348
21|05|0|180|1.5|27.6|338|56.0|44.0|0.01|0.03|43.5318|29.348
21|06|0|180|0.0|27.6|338|56.2|44.0|0.01|0.03|43.5334|29.348
21|07|0|180|0.0|27.6|338|56.3|44.0|0.01|0.03|43.5338|29.348
21|09|0|135|2.9|27.6|338|56.5|44.0|0.01|0.03|43.5347|29.348
21|11|0|90|2.9|27.6|338|56.7|43.9|0.00|0.03|43.534|28.4135
21|12|0|90|1.5|27.6|338|56.6|43.9|0.00|0.03|43.5351|28.4135
21|13|0|90|1.5|27.6|338|56.7|43.8|0.00|0.03|43.5358|28.4135
21|14|0|90|1.5|27.6|338|56.9|43.8|0.00|0.03|43.5381|28.4135
21|15|0|90|1.5|27.6|338|56.9|43.7|0.00|0.03|43.537|28.4135
21|16|0|90|1.5|27.6|338|56.9|43.7|0.00|0.03|43.5389|28.4135
21|17|0|90|1.6|27.6|338|57.0|43.7|0.00|0.03|43.5405|28.8444
21|18|0|90|1.5|27.6|338|57.1|43.7|0.00|0.03|43.5395|28.8444
21|19|0|90|1.6|27.6|338|57.2|43.6|0.00|0.03|43.5398|28.8444
21|20|0|90|0.0|27.6|338|57.1|43.6|0.00|0.03|43.5395|28.8444
21|21|0|90|0.0|27.6|338|57.0|43.6|0.00|0.03|43.5405|28.8444
21|23|0|90|0.0|27.6|338|56.8|43.5|0.00|0.03|43.5399|28.4135
21|24|0|90|1.5|27.6|338|56.8|43.5|0.00|0.03|43.5405|28.4135
21|25|0|90|0.0|27.6|338|57.0|43.5|0.00|0.03|43.5418|28.8444
21|26|0|90|0.0|27.6|338|56.9|43.5|0.00|0.03|43.5427|28.4135
21|27|0|90|0.0|27.6|338|56.9|43.4|0.00|0.03|43.5437|28.4135
21|28|0|90|1.5|27.6|338|56.9|43.4|0.00|0.03|43.5433|28.4135
21|30|0|90|0.0|27.6|338|57.0|43.2|0.00|0.03|43.5447|28.8444
21|31|0|90|0.0|27.6|338|57.0|43.2|0.00|0.03|43.5455|28.8444
21|32|0|90|0.0|27.6|338|56.9|43.1|0.00|0.03|43.5451|28.4135
21|33|0|90|0.0|27.6|338|56.8|43.1|0.00|0.03|43.546|28.4135
21|34|0|90|0.0|27.6|338|56.8|43.0|0.00|0.03|43.5455|28.4135
21|35|0|90|1.5|27.6|338|57.0|43.0|0.00|0.03|43.5472|28.8444
21|36|0|90|1.6|27.6|338|57.3|42.9|0.00|0.03|43.5446|27.9079
21|37|0|180|1.5|27.6|338|57.9|42.8|0.00|0.03|43.544|27.9079
21|39|0|180|0.0|27.6|338|58.4|42.8|0.00|0.03|43.5474|28.3303
21|40|0|180|0.0|27.6|338|58.3|42.8|0.00|0.03|43.549|28.3303
21|41|0|180|0.0|27.6|338|58.4|42.7|0.00|0.03|43.5483|28.3303
21|42|0|180|0.0|27.6|338|58.5|42.7|0.00|0.03|43.5498|28.3303
21|43|0|180|0.0|27.6|338|58.6|42.7|0.00|0.03|43.5514|28.3303
21|45|0|180|0.0|27.6|338|58.7|42.6|0.00|0.03|43.5527|28.3303
21|47|0|180|0.0|27.6|338|58.5|42.6|0.00|0.03|43.5546|28.3303
21|48|0|180|0.0|27.6|338|58.4|42.6|0.00|0.03|43.5582|28.3303
21|50|0|180|1.5|27.6|338|58.3|42.6|0.00|0.03|43.5581|28.3303
21|53|0|180|0.0|27.6|338|58.4|42.5|0.00|0.03|43.5589|28.3303
21|54|0|180|0.0|27.6|338|58.4|42.5|0.00|0.03|43.5622|28.3303
21|55|0|180|0.0|27.6|338|58.4|42.5|0.00|0.03|43.5614|28.3303
21|56|0|180|0.0|27.6|338|58.2|42.3|0.00|0.03|43.5606|28.3303
21|58|0|180|0.0|27.6|338|58.2|42.2|0.00|0.03|43.5625|28.3303
21|59|0|180|0.0|27.6|338|58.4|42.2|0.00|0.03|43.5622|28.3303
22|00|0|180|0.0|27.6|338|58.4|42.2|0.00|0.03|43.5612|28.3303
22|01|0|180|0.0|27.6|338|58.4|42.1|0.00|0.03|43.5627|28.3303
22|02|0|180|0.0|27.6|338|58.5|42.1|0.00|0.03|43.5634|28.3303
22|03|0|180|0.0|27.6|338|58.7|42.0|0.00|0.03|43.5621|28.3303
22|05|0|180|2.9|27.6|338|58.9|42.0|0.00|0.03|43.5601|28.3303
22|06|0|180|1.5|27.6|338|59.3|41.9|0.00|0.03|43.56|27.8059
22|07|0|180|1.6|27.6|338|59.5|41.8|0.00|0.03|43.5605|27.8059
22|08|0|180|1.5|27.6|338|59.6|41.8|0.00|0.03|43.5608|27.8059
22|09|0|180|0.0|27.6|338|59.6|41.7|0.00|0.03|43.5629|27.8059
22|11|0|180|1.6|27.6|338|59.5|41.7|0.00|0.03|43.5658|27.8059
22|12|0|180|1.5|27.6|338|59.8|41.6|0.00|0.03|43.5662|27.8059
22|13|0|180|0.0|27.6|338|59.8|41.6|0.00|0.03|43.5665|27.8059
22|14|0|180|1.6|27.6|338|59.9|41.6|0.00|0.03|43.5654|27.8059
22|15|0|180|2.9|27.6|338|60.2|41.5|0.00|0.03|43.5616|28.2139
22|16|0|180|2.9|27.6|338|60.5|41.5|0.00|0.03|43.5606|28.2139
22|17|0|180|3.2|27.6|338|60.7|41.3|0.00|0.03|43.5612|28.2139
22|18|0|180|1.5|27.6|338|60.8|41.3|0.00|0.03|43.5609|28.2139
22|19|0|180|0.0|27.6|338|60.7|41.3|0.00|0.03|43.5617|28.2139
22|20|0|180|1.6|27.6|338|60.7|41.3|0.00|0.03|43.5623|28.2139
22|21|0|180|1.5|27.6|338|60.9|41.3|0.00|0.03|43.5634|28.2139
22|22|0|180|1.5|27.6|338|60.8|41.3|0.00|0.03|43.5653|28.2139
22|23|0|180|1.6|27.6|338|60.7|41.2|0.00|0.03|43.5629|28.2139
22|24|0|180|1.5|27.6|338|60.5|41.2|0.00|0.03|43.5637|28.2139
22|25|0|180|0.0|27.6|338|60.4|41.2|0.00|0.03|43.5631|28.2139
22|26|0|180|0.0|27.6|338|60.8|41.1|0.00|0.03|43.5617|28.2139
22|27|0|180|0.0|27.6|338|60.9|41.1|0.00|0.03|43.5624|28.2139
22|29|0|180|0.0|27.6|338|61.0|41.1|0.00|0.03|43.5621|28.6158
22|31|0|180|0.0|27.6|338|61.0|41.1|0.00|0.03|43.5614|28.6158
22|32|0|180|0.0|27.6|338|61.0|41.1|0.00|0.03|43.5609|28.6158
22|33|0|180|0.0|27.6|338|60.7|41.1|0.00|0.03|43.5627|28.2139
22|34|0|180|1.5|27.6|338|60.6|41.1|0.00|0.03|43.5619|28.2139
22|35|0|180|1.5|27.6|338|60.5|41.1|0.00|0.03|43.5624|28.2139
22|36|0|180|1.6|27.6|338|60.4|41.0|0.00|0.03|43.5611|28.2139
22|37|0|180|1.5|27.6|338|60.5|41.0|0.00|0.03|43.5614|28.2139
22|38|0|180|1.5|27.6|338|60.7|41.0|0.00|0.03|43.5605|28.2139
22|39|0|180|2.9|27.6|338|60.9|41.0|0.00|0.03|43.5615|28.2139
22|40|0|180|0.0|27.6|338|61.0|40.9|0.00|0.03|43.5616|27.6718
22|41|0|180|0.0|27.6|338|61.0|40.9|0.00|0.03|43.5623|27.6718
22|42|0|180|0.0|27.6|338|61.0|40.9|0.00|0.03|43.5624|27.6718
22|43|0|180|0.0|27.6|338|60.9|40.9|0.00|0.03|43.5624|27.2716
22|44|0|180|0.0|27.6|338|60.8|40.9|0.00|0.03|43.5637|27.2716
22|45|0|180|2.9|27.6|338|60.9|40.8|0.00|0.03|43.5614|27.2716
22|46|0|180|1.5|27.6|338|61.2|40.8|0.00|0.03|43.5613|27.6718
22|47|0|180|1.6|27.6|338|61.4|40.8|0.00|0.03|43.5598|27.6718
22|49|0|180|1.5|27.6|338|61.7|40.7|0.00|0.03|43.5589|27.6718
22|51|0|180|0.0|27.6|338|61.8|40.8|0.00|0.03|43.5615|27.6718
22|52|0|180|1.5|27.6|338|61.9|40.8|0.00|0.03|43.5615|27.6718
22|53|0|45|1.6|27.6|338|62.0|40.7|0.00|0.03|43.5597|28.0662
22|54|0|45|1.5|27.6|338|61.9|40.7|0.00|0.03|43.5612|27.6718
22|55|0|45|1.6|27.6|338|62.3|40.5|0.00|0.03|43.5613|28.0662
22|56|0|68|2.9|27.6|338|62.4|40.4|0.00|0.03|43.5618|28.0662
22|57|0|90|2.9|27.6|338|62.3|40.4|0.00|0.03|43.5642|28.0662
22|58|0|90|3.2|27.6|338|62.4|40.3|0.00|0.03|43.5632|28.0662
22|59|0|90|2.9|27.6|338|62.4|40.2|0.00|0.03|43.5635|28.0662
23|00|0|68|2.9|27.6|338|62.6|40.1|0.00|0.03|43.5647|28.0662
23|01|0|68|1.5|27.6|338|62.6|40.0|0.00|0.03|43.5618|28.0662
23|02|0|68|0.0|27.6|338|62.6|40.0|0.00|0.03|43.5625|28.0662
23|03|0|68|1.5|27.6|338|62.7|40.0|0.00|0.03|43.5608|28.0662
23|04|0|68|1.5|27.6|338|62.9|40.0|0.00|0.03|43.5615|28.0662
23|05|0|68|0.0|27.6|338|62.9|39.9|0.00|0.03|43.5614|27.1202
23|06|0|68|1.5|27.6|338|62.9|39.9|0.00|0.03|43.5601|27.1202
23|07|0|68|0.0|27.6|338|63.0|39.9|0.00|0.03|43.5613|27.5073
23|08|0|68|1.6|27.6|338|63.0|39.9|0.00|0.03|43.5616|27.5073
23|09|0|68|1.5|27.6|338|63.3|39.9|0.00|0.03|43.5616|27.5073
23|11|0|68|0.0|27.6|338|64.1|39.8|0.00|0.03|43.5601|27.889
23|12|0|68|1.5|27.6|338|64.0|39.8|0.00|0.03|43.5612|27.889
23|13|0|68|0.0|27.6|338|63.5|39.8|0.00|0.03|43.5616|27.5073
23|14|0|68|0.0|27.6|338|63.1|39.8|0.00|0.03|43.5619|27.5073
23|15|0|68|1.5|27.6|338|63.0|39.8|0.00|0.03|43.5628|27.5073
23|17|0|68|0.0|27.6|338|62.7|39.8|0.00|0.03|43.5621|27.1202
23|18|0|68|0.0|27.6|338|62.6|39.7|0.00|0.03|43.5612|27.1202
23|19|0|68|0.0|27.6|338|62.8|39.7|0.00|0.03|43.5616|27.1202
23|20|0|68|1.6|27.6|338|63.1|39.7|0.00|0.03|43.5622|27.5073
23|21|0|68|0.0|27.6|338|63.2|39.8|0.00|0.03|43.5637|27.5073
23|22|0|68|2.9|27.6|338|63.3|39.8|0.00|0.03|43.5629|27.5073
23|23|0|68|2.9|27.6|338|63.3|39.8|0.00|0.03|43.5661|27.5073
23|24|0|68|1.5|27.6|338|63.4|39.7|0.00|0.03|43.5661|27.5073
23|25|0|68|0.0|27.6|338|63.2|39.7|0.00|0.03|43.5661|27.5073
23|27|0|68|1.6|27.6|338|63.1|39.7|0.00|0.03|43.5676|27.5073
23|28|0|68|1.5|27.6|338|63.0|39.8|0.00|0.03|43.5672|27.5073
23|29|0|68|1.6|27.6|338|63.1|39.8|0.00|0.03|43.5671|27.5073
23|30|0|68|2.9|27.6|338|63.1|39.8|0.00|0.03|43.5682|27.5073
23|31|0|68|2.9|27.6|338|63.2|39.7|0.00|0.03|43.5664|27.5073
23|32|0|68|1.5|27.6|338|63.3|39.7|0.00|0.03|43.5686|27.5073
23|34|0|45|1.5|27.6|338|63.4|39.5|0.00|0.03|43.5699|27.5073
23|35|0|90|2.9|27.6|338|63.4|39.5|0.01|0.04|43.57|27.5073
23|37|0|90|0.0|27.6|338|63.1|39.5|0.01|0.04|43.5722|27.5073
23|38|0|90|1.5|27.6|338|63.0|39.5|0.01|0.04|43.5713|27.5073
23|39|0|90|1.6|27.6|338|63.0|39.5|0.02|0.05|43.5722|27.5073
23|40|0|90|1.5|27.6|338|62.9|39.5|0.02|0.05|43.5729|27.1202
23|41|0|45|3.2|27.6|338|62.8|39.5|0.02|0.05|43.5729|27.1202
23|43|0|90|2.9|27.6|338|63.2|39.4|0.02|0.05|43.575|27.5073
23|44|0|90|2.9|27.6|338|63.3|39.4|0.02|0.05|43.5759|27.5073
23|47|0|90|1.5|27.6|338|63.6|39.3|0.02|0.05|43.5776|27.5073
23|48|0|90|1.5|27.6|338|63.5|39.4|0.02|0.05|43.5765|27.5073
23|49|0|90|4.4|27.6|338|63.5|39.4|0.02|0.05|43.578|27.5073
23|50|0|90|2.9|27.6|338|63.6|39.4|0.02|0.05|43.5786|27.5073
23|51|0|90|2.9|27.6|338|63.6|39.4|0.02|0.05|43.5786|27.5073
23|52|0|90|0.0|27.6|338|63.7|39.4|0.02|0.05|43.5781|27.5073
23|53|0|90|1.6|27.6|338|63.7|39.4|0.02|0.05|43.5789|27.5073
23|54|0|90|0.0|27.6|338|63.7|39.4|0.02|0.05|43.5802|27.5073
23|56|0|90|1.6|27.6|338|63.7|39.4|0.02|0.05|43.5818|27.5073
23|57|0|90|0.0|27.6|338|63.9|39.3|0.02|0.05|43.5813|27.5073
23|58|0|90|1.6|27.6|338|63.9|39.3|0.02|0.05|43.5827|27.5073
23|59|0|90|0.0|27.6|338|64.1|39.3|0.02|0.05|43.583|27.889
