00|00|0|90|0.0|17.7|315|27.7|43.1|0.02|0.03|43.5781|11.3854
00|01|0|270|1.5|17.7|315|27.7|43.0|0.02|0.03|43.58|11.3854
00|02|0|225|1.5|17.7|315|27.8|43.0|0.02|0.03|43.5817|11.3854
00|03|0|225|1.6|17.7|315|28.0|43.0|0.02|0.03|43.5861|12.2018
00|04|0|225|0.0|17.7|315|28.2|42.9|0.02|0.03|43.5862|11.3373
00|05|0|225|0.0|17.7|315|28.5|42.9|0.02|0.03|43.5883|11.3373
00|06|0|225|1.5|17.7|315|28.7|42.8|0.02|0.03|43.5884|11.3373
00|07|0|225|0.0|17.7|315|29.0|42.8|0.02|0.03|43.5897|12.1248
00|08|0|225|0.0|17.7|315|29.3|42.7|0.02|0.03|43.5913|12.1248
00|09|0|225|0.0|17.7|315|29.3|42.6|0.02|0.03|43.5921|12.1248
00|11|0|225|0.0|17.7|315|29.6|42.6|0.02|0.03|43.5938|12.1248
00|12|0|225|0.0|17.7|315|29.8|42.5|0.02|0.03|43.5942|12.1248
00|13|0|225|0.0|17.7|315|30.3|42.3|0.02|0.03|43.5968|12.8885
00|14|0|225|0.0|17.7|315|30.5|42.3|0.01|0.03|43.5998|12.8885
00|15|0|225|0.0|17.7|315|30.7|42.2|0.01|0.03|43.6028|12.8885
00|16|0|225|0.0|17.7|315|31.5|42.2|0.01|0.03|43.6059|13.6299
00|17|0|225|1.5|17.7|315|32.2|42.1|0.01|0.03|43.6063|14.3503
00|18|0|315|1.5|17.7|315|36.7|42.0|0.01|0.03|43.6079|17.0453
00|19|0|315|1.6|17.7|315|36.4|41.9|0.01|0.03|43.6075|16.1561
00|20|0|315|0.0|17.7|315|35.5|41.7|0.01|0.03|43.6048|15.511
00|21|0|315|0.0|17.7|315|35.0|41.6|0.01|0.03|43.6043|15.511
00|22|0|315|0.0|17.7|315|34.2|41.5|0.01|0.03|43.6028|14.8495
00|24|0|315|0.0|17.7|315|33.1|41.2|0.01|0.03|43.6027|14.1703
00|25|0|315|0.0|17.7|315|32.7|41.1|0.01|0.03|43.6019|13.4726
00|26|0|315|0.0|17.7|315|32.4|41.1|0.01|0.03|43.603|13.4726
00|29|0|315|0.0|17.7|315|32.5|41.0|0.00|0.03|43.6032|13.4726
00|30|0|315|0.0|17.7|315|33.3|41.0|0.00|0.03|43.6044|14.1703
00|31|0|315|0.0|17.7|315|33.4|40.9|0.00|0.03|43.6021|13.2894
00|32|0|315|0.0|17.7|315|33.4|40.9|0.00|0.03|43.5992|13.2894
00|33|0|315|0.0|17.7|315|33.4|40.8|0.00|0.03|43.6005|13.2894
00|34|0|315|0.0|17.7|315|33.4|40.7|0.00|0.03|43.6|13.2894
00|35|0|315|0.0|17.7|315|33.9|40.7|0.00|0.03|43.6021|13.2894
00|36|0|315|0.0|17.7|315|34.0|40.5|0.00|0.03|43.6012|13.9657
00|37|0|225|1.5|17.7|315|34.0|40.5|0.00|0.03|43.603|13.9657
00|38|0|225|1.6|17.7|315|34.0|40.5|0.00|0.03|43.6046|13.9657
00|39|0|225|1.5|17.7|315|34.1|40.4|0.00|0.03|43.6031|13.9657
00|40|0|270|1.6|17.7|315|34.4|40.3|0.00|0.03|43.6048|13.9657
00|41|0|270|1.5|17.7|315|34.3|40.3|0.00|0.03|43.6035|13.9657
00|42|0|270|0.0|17.7|315|34.1|40.3|0.00|0.03|43.6044|13.9657
00|43|0|270|0.0|17.7|315|34.0|40.2|0.00|0.03|43.6022|13.9657
00|44|0|270|0.0|17.7|315|33.8|40.2|0.00|0.03|43.6055|13.2894
00|45|0|270|0.0|17.7|315|33.7|40.2|0.00|0.03|43.6041|13.2894
00|46|0|270|0.0|17.7|315|33.9|40.1|0.00|0.03|43.6056|13.2894
00|47|0|270|1.5|17.7|315|33.9|40.1|0.00|0.03|43.6046|13.2894
00|48|0|270|1.5|17.7|315|33.9|40.1|0.00|0.03|43.6054|13.2894
00|50|0|270|0.0|17.7|315|34.3|40.0|0.00|0.03|43.6064|13.9657
00|51|0|270|1.5|17.7|315|34.2|40.0|0.00|0.03|43.6081|13.9657
00|52|0|270|1.5|17.7|315|33.8|40.0|0.00|0.03|43.6051|13.2894
00|53|0|270|1.5|17.7|315|33.1|40.0|0.00|0.03|43.6063|13.2894
00|54|0|270|1.5|17.7|315|32.8|39.9|0.00|0.03|43.6063|11.7166
00|55|0|270|1.6|17.7|315|32.6|39.9|0.00|0.03|43.6056|11.7166
00|57|0|270|0.0|17.7|315|32.4|39.9|0.00|0.03|43.6044|11.7166
00|58|0|270|0.0|17.7|315|32.3|40.0|0.00|0.03|43.6055|12.5948
00|59|0|270|0.0|17.7|315|32.8|40.0|0.00|0.03|43.6046|12.5948
01|00|0|270|1.5|17.7|315|33.5|40.0|0.00|0.03|43.6048|13.2894
01|01|0|270|1.5|17.7|315|33.9|40.0|0.00|0.03|43.6087|13.2894
01|02|0|270|1.5|17.7|315|34.2|40.0|0.00|0.03|43.6083|13.9657
01|03|0|270|1.5|17.7|315|34.1|40.0|0.00|0.03|43.611|13.9657
01|04|0|270|0.0|17.7|315|34.0|40.0|0.00|0.03|43.6102|13.9657
01|06|0|270|0.0|17.7|315|34.0|39.9|0.00|0.03|43.6055|13.0816
01|07|0|270|0.0|17.7|315|34.0|40.0|0.00|0.03|43.6092|13.9657
01|08|0|270|1.6|17.7|315|34.2|39.9|0.00|0.03|43.6088|13.0816
01|09|0|270|0.0|17.7|315|34.3|39.9|0.00|0.03|43.6093|13.0816
01|10|0|270|0.0|17.7|315|34.4|39.8|0.00|0.03|43.6104|13.0816
01|11|0|270|0.0|17.7|315|34.6|39.8|0.00|0.03|43.6088|13.0816
01|12|0|270|3.2|17.7|315|34.7|39.8|0.00|0.03|43.6112|13.0816
01|13|0|270|0.0|17.7|315|34.9|39.7|0.00|0.03|43.6111|13.0816
01|14|0|270|0.0|17.7|315|35.0|39.5|0.00|0.03|43.612|13.7375
01|15|0|270|0.0|17.7|315|35.0|39.5|0.00|0.03|43.6148|13.7375
01|16|0|270|0.0|17.7|315|34.9|39.4|0.00|0.03|43.6141|13.0816
01|17|0|270|1.6|17.7|315|35.7|39.4|0.00|0.03|43.6171|13.7375
01|18|0|270|1.5|17.7|315|35.9|39.3|0.00|0.03|43.6167|13.7375
01|19|0|270|2.9|17.7|315|36.0|39.3|0.00|0.03|43.618|14.377
01|20|0|270|0.0|17.7|315|36.0|39.2|0.00|0.03|43.6174|14.377
01|21|0|270|0.0|17.7|315|36.0|39.1|0.00|0.03|43.6175|14.377
01|22|0|270|1.5|17.7|315|36.0|39.0|0.00|0.03|43.6154|14.377
01|23|0|270|1.6|17.7|315|36.1|38.9|0.00|0.03|43.6143|13.4871
01|24|0|270|0.0|17.7|315|36.1|38.9|0.00|0.03|43.6151|13.4871
01|25|0|270|3.2|17.7|315|36.1|38.9|0.00|0.03|43.6124|13.4871
01|27|0|90|2.9|17.7|315|36.7|38.9|0.01|0.04|43.6122|13.4871
01|28|0|90|2.9|17.7|315|38.8|38.9|0.01|0.04|43.6126|14.7146
01|29|0|90|1.5|17.7|315|38.4|38.7|0.01|0.04|43.6116|14.7146
01|31|0|90|1.6|17.7|315|38.5|38.9|0.01|0.04|43.6107|14.7146
01|32|0|90|0.0|17.7|315|38.0|38.9|0.02|0.05|43.6117|14.7146
01|33|0|90|1.6|17.7|315|37.6|39.0|0.02|0.05|43.6119|15.0008
01|34|0|90|1.5|17.7|315|37.1|39.0|0.02|0.05|43.6103|15.0008
01|35|0|90|1.6|17.7|315|36.4|39.1|0.02|0.05|43.6127|14.377
01|36|0|90|0.0|17.7|315|36.1|39.1|0.02|0.05|43.6131|14.377
01|38|0|90|0.0|17.7|315|36.3|39.2|0.02|0.05|43.6117|14.377
01|39|0|90|1.5|17.7|315|36.8|39.2|0.02|0.05|43.6143|14.377
01|40|0|90|0.0|17.7|315|37.0|39.3|0.02|0.05|43.6141|15.0008
01|41|0|90|0.0|17.7|315|37.1|39.3|0.02|0.05|43.6136|15.0008
01|42|0|90|0.0|17.7|315|37.1|39.3|0.02|0.05|43.6144|15.0008
01|43|0|90|0.0|17.7|315|37.3|39.3|0.02|0.05|43.6158|15.0008
01|45|0|90|0.0|17.7|315|37.4|39.2|0.02|0.05|43.6174|15.0008
01|46|0|90|0.0|17.7|315|37.6|39.2|0.02|0.05|43.6176|15.0008
01|47|0|90|0.0|17.7|315|37.6|39.2|0.02|0.05|43.618|15.0008
01|50|0|90|1.5|17.7|315|37.7|39.2|0.02|0.05|43.6181|15.0008
01|51|0|90|0.0|17.7|315|37.8|39.2|0.02|0.05|43.6166|15.0008
01|52|0|90|0.0|17.7|315|37.9|39.2|0.02|0.05|43.6156|15.0008
01|53|0|90|0.0|17.7|315|38.2|39.2|0.02|0.05|43.6167|15.6098
01|54|0|90|0.0|17.7|315|38.2|39.2|0.02|0.05|43.6155|15.6098
01|55|0|90|0.0|17.7|315|38.3|39.1|0.02|0.05|43.6134|15.6098
01|56|0|90|0.0|17.7|315|38.5|39.1|0.02|0.05|43.6141|15.6098
01|57|0|90|0.0|17.7|315|38.9|39.1|0.02|0.05|43.6128|15.6098
01|58|0|90|0.0|17.7|315|39.0|39.1|0.02|0.05|43.6134|16.2048
01|59|0|90|0.0|17.7|315|38.7|39.0|0.02|0.05|43.6143|15.6098
02|00|0|90|0.0|17.7|315|39.0|39.0|0.02|0.05|43.6131|16.2048
02|01|0|90|0.0|17.7|315|39.3|39.0|0.02|0.05|43.6125|16.2048
02|02|0|90|1.6|17.7|315|39.9|38.9|0.02|0.05|43.6128|15.3069
02|03|0|90|0.0|17.7|315|40.2|38.9|0.02|0.05|43.6109|15.886
02|04|0|90|1.5|17.7|315|40.4|38.9|0.02|0.05|43.6107|15.886
02|05|0|90|1.6|17.7|315|40.5|38.7|0.02|0.05|43.6118|15.886
02|06|0|90|1.5|17.7|315|40.8|38.7|0.02|0.05|43.6113|15.886
02|07|0|90|1.5|17.7|315|40.9|38.6|0.02|0.05|43.6094|15.886
02|09|0|90|1.5|17.7|315|41.1|38.6|0.02|0.05|43.611|16.4522
02|10|0|90|1.5|17.7|315|41.6|38.5|0.02|0.05|43.6097|16.4522
02|11|0|90|1.6|17.7|315|41.9|38.4|0.02|0.05|43.6075|16.4522
02|14|0|90|0.0|17.7|315|42.3|38.3|0.02|0.05|43.6086|17.0064
02|15|0|90|0.0|17.7|315|42.1|38.3|0.02|0.05|43.6076|17.0064
02|16|0|90|0.0|17.7|315|41.8|38.2|0.02|0.05|43.6095|16.4522
02|17|0|90|0.0|17.7|315|41.6|38.2|0.02|0.05|43.6097|16.4522
02|18|0|90|0.0|17.7|315|41.6|38.2|0.02|0.05|43.6091|16.4522
02|19|0|90|0.0|17.7|315|41.9|38.2|0.02|0.05|43.6097|16.4522
02|20|0|90|0.0|17.7|315|42.4|38.1|0.02|0.05|43.6105|17.0064
02|21|0|90|0.0|17.7|315|42.6|38.1|0.02|0.05|43.6096|17.0064
02|22|0|90|0.0|17.7|315|42.8|38.0|0.02|0.05|43.6087|17.0064
02|23|0|90|1.6|17.7|315|42.9|37.8|0.02|0.05|43.6092|16.1009
02|24|0|90|1.5|17.7|315|43.2|37.8|0.02|0.05|43.609|16.6411
02|25|0|90|0.0|17.7|315|43.2|37.7|0.02|0.05|43.6084|16.6411
02|26|0|90|0.0|17.7|315|43.0|37.7|0.01|0.05|43.6104|16.6411
02|27|0|90|0.0|17.7|315|42.9|37.6|0.01|0.05|43.6118|16.1009
02|29|0|90|0.0|17.7|315|42.7|37.6|0.01|0.05|43.612|16.1009
02|30|0|90|0.0|17.7|315|42.6|37.6|0.01|0.05|43.6115|16.1009
02|31|0|90|1.5|17.7|315|42.8|37.6|0.00|0.05|43.6144|16.1009
02|32|0|90|0.0|17.7|315|43.1|37.6|0.00|0.05|43.6129|16.6411
02|33|0|90|0.0|17.7|315|43.5|37.5|0.00|0.05|43.6113|16.6411
02|34|0|90|1.5|17.7|315|43.4|37.5|0.00|0.05|43.6128|16.6411
02|35|0|90|0.0|17.7|315|43.4|37.5|0.00|0.05|43.6136|16.6411
02|36|0|90|0.0|17.7|315|43.4|37.5|0.00|0.05|43.6144|16.6411
02|37|0|90|0.0|17.7|315|43.4|37.4|0.00|0.05|43.6139|16.6411
02|38|0|90|0.0|17.7|315|43.4|37.4|0.00|0.05|43.6152|16.6411
02|39|0|90|0.0|17.7|315|43.6|37.4|0.00|0.05|43.6168|16.6411
02|40|0|90|0.0|17.7|315|43.8|37.4|0.00|0.05|43.6166|16.6411
02|41|0|90|0.0|17.7|315|43.8|37.3|0.00|0.05|43.6182|16.6411
02|42|0|90|1.5|17.7|315|44.2|37.3|0.00|0.05|43.6174|17.1702
02|43|0|90|0.0|17.7|315|44.2|37.2|0.00|0.05|43.6168|17.1702
02|45|0|90|0.0|17.7|315|43.8|37.1|0.00|0.05|43.6165|16.6411
02|48|0|90|1.5|17.7|315|43.7|37.1|0.00|0.05|43.6149|16.6411
02|49|0|90|0.0|17.7|315|42.9|37.1|0.00|0.05|43.6154|16.1009
02|50|0|90|1.5|17.7|315|42.9|37.1|0.00|0.05|43.6141|16.1009
02|51|0|90|1.5|17.7|315|43.4|37.1|0.00|0.05|43.614|16.6411
02|52|0|90|0.0|17.7|315|44.2|37.1|0.00|0.05|43.6123|17.1702
02|53|0|90|1.6|17.7|315|44.7|37.1|0.00|0.05|43.6128|17.1702
02|54|0|90|0.0|17.7|315|44.6|37.1|0.00|0.05|43.614|17.1702
02|55|0|90|1.6|17.7|315|44.5|37.1|0.00|0.05|43.6132|17.1702
02|56|0|90|1.5|17.7|315|44.3|37.1|0.00|0.05|43.6138|17.1702
02|57|0|90|1.5|17.7|315|44.2|37.1|0.00|0.05|43.6147|17.1702
02|58|0|90|1.5|17.7|315|44.2|37.2|0.00|0.05|43.6152|17.1702
02|59|0|90|1.5|17.7|315|44.2|37.3|0.01|0.07|43.6168|17.1702
03|00|0|90|1.6|17.7|315|44.3|37.3|0.01|0.07|43.6151|17.1702
03|01|0|90|1.5|17.7|315|43.3|37.3|0.01|0.07|43.6157|16.6411
03|02|0|90|1.6|17.7|315|41.5|37.4|0.01|0.07|43.6167|15.5492
03|04|0|90|1.5|17.7|315|39.8|37.5|0.01|0.07|43.6155|14.4089
03|05|0|90|1.6|17.7|315|39.5|37.5|0.01|0.07|43.6151|14.4089
03|07|0|90|1.5|17.7|315|39.6|37.6|0.01|0.07|43.6133|14.4089
03|08|0|90|2.9|17.7|315|39.7|37.6|0.01|0.07|43.6117|14.4089
03|09|0|90|0.0|17.7|315|39.5|37.7|0.01|0.07|43.6132|14.4089
03|10|0|90|0.0|17.7|315|39.3|37.7|0.01|0.07|43.6123|14.4089
03|11|0|90|0.0|17.7|315|39.3|37.7|0.01|0.07|43.6111|14.4089
03|12|0|90|1.5|17.7|315|39.5|37.7|0.01|0.07|43.6115|14.4089
03|13|0|90|0.0|17.7|315|39.6|37.7|0.01|0.07|43.6108|14.4089
03|14|0|90|0.0|17.7|315|39.7|37.7|0.01|0.07|43.6103|14.4089
03|15|0|90|0.0|17.7|315|39.7|37.7|0.01|0.07|43.6123|14.4089
03|16|0|90|0.0|17.7|315|39.7|37.7|0.01|0.07|43.6126|14.4089
03|17|0|90|0.0|17.7|315|39.7|37.6|0.01|0.07|43.6134|14.4089
03|18|0|90|0.0|17.7|315|39.7|37.6|0.01|0.07|43.6132|14.4089
03|19|0|90|0.0|17.7|315|39.6|37.6|0.01|0.07|43.6148|14.4089
03|20|0|90|0.0|17.7|315|39.7|37.5|0.01|0.07|43.6161|14.4089
03|21|0|90|0.0|17.7|315|39.8|37.5|0.01|0.07|43.6184|14.4089
03|22|0|90|0.0|17.7|315|40.0|37.5|0.01|0.07|43.6186|14.9854
03|23|0|90|0.0|17.7|315|40.0|37.4|0.01|0.07|43.6183|14.9854
03|24|0|90|0.0|17.7|315|40.0|37.4|0.01|0.07|43.6186|14.9854
03|25|0|90|0.0|17.7|315|39.9|37.4|0.01|0.07|43.6188|14.4089
03|26|0|90|0.0|17.7|315|39.7|37.3|0.01|0.07|43.6175|14.4089
03|28|0|90|1.6|17.7|315|39.7|37.3|0.01|0.07|43.619|14.4089
03|29|0|90|1.5|17.7|315|39.8|37.2|0.01|0.07|43.618|14.4089
03|30|0|90|0.0|17.7|315|39.9|37.2|0.01|0.07|43.6198|14.4089
03|31|0|90|0.0|17.7|315|39.9|37.2|0.01|0.07|43.618|14.4089
03|32|0|90|0.0|17.7|315|40.0|37.1|0.01|0.07|43.6171|14.9854
03|33|0|90|0.0|17.7|315|40.2|37.1|0.01|0.07|43.618|14.9854
03|34|0|90|0.0|17.7|315|40.4|37.1|0.01|0.07|43.6171|14.9854
03|35|0|90|0.0|17.7|315|40.4|37.1|0.01|0.07|43.616|14.9854
03|36|0|90|0.0|17.7|315|40.2|37.1|0.01|0.07|43.6175|14.9854
03|37|0|90|0.0|17.7|315|40.2|37.1|0.01|0.07|43.6151|14.9854
03|38|0|90|0.0|17.7|315|40.5|37.1|0.01|0.07|43.6132|14.9854
03|39|0|90|0.0|17.7|315|40.9|37.1|0.01|0.07|43.6133|14.9854
03|40|0|90|0.0|17.7|315|41.0|37.1|0.01|0.07|43.6133|15.5492
03|41|0|90|0.0|17.7|315|40.9|37.1|0.01|0.07|43.6133|14.9854
03|42|0|90|0.0|17.7|315|40.7|37.0|0.01|0.07|43.6123|14.9854
03|44|0|90|0.0|17.7|315|40.4|37.0|0.01|0.07|43.6119|14.9854
03|45|0|90|0.0|17.7|315|40.5|37.0|0.01|0.07|43.6128|14.9854
03|47|0|90|0.0|17.7|315|40.6|37.0|0.01|0.07|43.6116|14.9854
03|48|0|90|0.0|17.7|315|40.6|37.0|0.01|0.07|43.6112|14.9854
03|51|0|90|0.0|17.7|315|41.3|37.0|0.01|0.07|43.6095|15.5492
03|53|0|90|0.0|17.7|315|41.4|37.0|0.01|0.07|43.6118|15.5492
03|54|0|90|0.0|17.7|315|41.7|36.8|0.01|0.07|43.6132|14.6459
03|55|0|90|0.0|17.7|315|41.9|36.7|0.01|0.07|43.611|14.6459
03|56|0|90|0.0|17.7|315|42.0|36.6|0.01|0.07|43.6094|15.1952
03|58|0|90|0.0|17.7|315|42.5|36.5|0.01|0.07|43.6088|15.1952
03|59|0|90|1.6|17.7|315|43.2|36.4|0.00|0.07|43.6073|15.733
04|01|0|90|1.5|17.7|315|43.0|36.4|0.00|0.07|43.6063|15.733
04|02|0|90|0.0|17.7|315|43.0|36.4|0.00|0.07|43.6071|15.733
04|03|0|90|0.0|17.7|315|42.9|36.4|0.00|0.07|43.6076|15.1952
04|04|0|90|0.0|17.7|315|42.7|36.3|0.00|0.07|43.6059|15.1952
04|05|0|90|0.0|17.7|315|42.6|36.4|0.00|0.07|43.6083|15.1952
04|06|0|90|0.0|17.7|315|42.6|36.3|0.00|0.07|43.6055|15.1952
04|07|0|90|0.0|17.7|315|42.7|36.3|0.00|0.07|43.6062|15.1952
04|08|0|90|1.5|17.7|315|42.9|36.3|0.00|0.07|43.6038|15.1952
04|09|0|90|0.0|17.7|315|43.1|36.3|0.00|0.07|43.6041|15.733
04|10|0|90|1.5|17.7|315|43.3|36.2|0.00|0.07|43.603|15.733
04|12|0|90|1.5|17.7|315|43.3|36.2|0.00|0.07|43.6051|15.733
04|13|0|90|0.0|17.7|315|43.3|36.2|0.00|0.07|43.604|15.733
04|15|0|90|1.5|17.7|315|43.3|36.2|0.00|0.07|43.6028|15.733
04|16|0|90|0.0|17.7|315|43.2|36.2|0.00|0.07|43.6029|15.733
04|17|0|90|1.5|17.7|315|43.2|36.0|0.00|0.07|43.6027|15.733
04|19|0|90|1.5|17.7|315|43.1|36.0|0.00|0.07|43.6038|15.733
04|20|0|90|0.0|17.7|315|43.0|35.9|0.00|0.07|43.6031|14.8247
04|21|0|90|0.0|17.7|315|42.9|35.9|0.00|0.07|43.6067|14.2892
04|22|0|90|0.0|17.7|315|42.9|35.9|0.00|0.07|43.6068|14.2892
04|24|0|90|0.0|17.7|315|42.8|35.8|0.00|0.07|43.6054|14.2892
04|25|0|90|0.0|17.7|315|42.7|35.8|0.00|0.07|43.6059|14.2892
04|26|0|90|0.0|17.7|315|42.8|35.7|0.00|0.07|43.6041|14.2892
04|27|0|90|0.0|17.7|315|43.1|35.7|0.00|0.07|43.6047|14.8247
04|30|0|90|0.0|17.7|315|45.8|35.7|0.00|0.07|43.6076|15.8631
04|33|0|90|0.0|17.7|315|45.8|35.7|0.00|0.07|43.6129|15.8631
04|34|0|90|0.0|17.7|315|45.3|35.6|0.00|0.07|43.6117|15.8631
04|35|0|90|0.0|17.7|315|44.7|35.6|0.00|0.07|43.6135|15.3491
04|37|0|90|0.0|17.7|315|44.8|35.6|0.00|0.07|43.6145|15.3491
04|38|0|90|1.5|17.7|315|45.8|35.6|0.00|0.07|43.6129|15.8631
04|39|0|90|0.0|17.7|315|46.4|35.6|0.00|0.07|43.6154|16.367
04|40|0|90|0.0|17.7|315|46.3|35.6|0.00|0.07|43.6149|16.367
04|41|0|90|0.0|17.7|315|46.0|35.6|0.00|0.07|43.6141|16.367
04|43|0|90|0.0|17.7|315|45.9|35.6|0.00|0.07|43.615|15.8631
04|44|0|90|0.0|17.7|315|45.8|35.5|0.00|0.07|43.6123|15.8631
04|45|0|90|2.9|17.7|315|45.9|35.6|0.00|0.07|43.614|15.8631
04|46|0|90|1.5|17.7|315|46.4|35.5|0.00|0.07|43.6123|16.367
04|47|0|90|1.5|17.7|315|47.1|35.5|0.00|0.07|43.6138|16.8613
04|48|0|90|1.5|17.7|315|47.5|35.5|0.00|0.07|43.615|16.8613
04|49|0|90|2.9|17.7|315|47.5|35.5|0.00|0.07|43.6152|16.8613
04|51|0|90|1.5|17.7|315|45.7|35.5|0.00|0.07|43.6109|15.8631
04|52|0|90|3.2|17.7|315|45.1|35.6|0.00|0.07|43.6119|15.8631
04|53|0|90|0.0|17.7|315|44.6|35.6|0.00|0.07|43.6117|15.3491
04|54|0|68|1.6|17.7|315|44.2|35.7|0.00|0.07|43.6103|15.3491
04|55|0|45|1.5|17.7|315|44.1|35.7|0.00|0.07|43.6094|15.3491
04|57|0|90|1.6|17.7|315|43.9|35.9|0.00|0.07|43.6112|14.8247
04|58|0|90|0.0|17.7|315|43.8|36.0|0.00|0.07|43.6116|15.733
04|59|0|90|0.0|17.7|315|43.8|36.0|0.00|0.07|43.6118|15.733
05|00|0|90|1.5|17.7|315|43.8|36.0|0.00|0.07|43.6101|15.733
05|01|0|90|1.5|17.7|315|43.7|36.0|0.00|0.07|43.6109|15.733
05|03|0|90|0.0|17.7|315|43.5|36.0|0.00|0.07|43.61|15.733
05|04|0|90|0.0|17.7|315|43.4|36.0|0.00|0.07|43.6101|15.733
05|05|0|90|0.0|17.7|315|43.3|36.0|0.00|0.07|43.6116|15.733
05|06|0|90|0.0|17.7|315|43.1|36.0|0.00|0.07|43.6107|15.733
05|07|0|90|0.0|17.7|315|43.1|36.0|0.01|0.08|43.6141|15.733
05|09|0|90|0.0|17.7|315|43.2|35.9|0.01|0.08|43.6171|14.8247
05|10|0|90|0.0|17.7|315|43.3|35.9|0.01|0.08|43.6167|14.8247
05|11|0|90|0.0|17.7|315|43.3|35.8|0.01|0.08|43.6152|14.8247
05|12|0|90|0.0|17.7|315|43.0|35.8|0.01|0.08|43.6149|14.8247
05|13|0|90|1.5|17.7|315|42.9|35.8|0.01|0.08|43.6129|14.2892
05|14|0|90|1.5|17.7|315|42.9|35.8|0.01|0.08|43.6161|14.2892
05|15|0|90|0.0|17.7|315|43.0|35.8|0.01|0.08|43.6145|14.8247
05|16|0|90|0.0|17.7|315|43.0|35.7|0.01|0.08|43.6135|14.8247
05|17|0|90|0.0|17.7|315|42.9|35.7|0.01|0.08|43.6151|14.2892
05|19|0|270|0.0|17.7|315|42.7|35.7|0.01|0.08|43.617|14.2892
05|20|0|225|1.5|17.7|315|42.9|35.7|0.01|0.08|43.617|14.2892
05|21|0|225|1.6|17.7|315|43.6|35.7|0.01|0.08|43.6175|14.8247
05|23|0|225|0.0|17.7|315|44.0|35.6|0.01|0.08|43.6159|15.3491
05|24|0|113|1.5|17.7|315|44.2|35.6|0.01|0.08|43.6151|15.3491
05|25|0|113|1.6|17.7|315|44.0|35.5|0.01|0.08|43.616|15.3491
05|26|0|113|1.5|17.7|315|43.6|35.4|0.01|0.08|43.6166|14.8247
05|27|0|113|0.0|17.7|315|43.3|35.4|0.01|0.08|43.6177|14.8247
05|28|0|113|0.0|17.7|315|43.3|35.3|0.01|0.08|43.6206|14.8247
05|30|0|113|1.5|17.7|315|43.6|35.2|0.01|0.08|43.6237|14.8247
05|31|0|113|1.5|17.7|315|44.1|35.2|0.01|0.08|43.6244|15.3491
05|32|0|113|0.0|17.7|315|44.2|35.0|0.01|0.08|43.6226|15.3491
05|33|0|113|0.0|17.7|315|44.0|35.0|0.01|0.08|43.6239|15.3491
05|34|0|113|0.0|17.7|315|43.8|34.9|0.01|0.08|43.6241|13.9162
05|35|0|113|0.0|17.7|315|43.9|34.9|0.01|0.08|43.6231|13.9162
05|36|0|113|0.0|17.7|315|44.1|34.8|0.01|0.08|43.6229|14.4383
05|37|0|113|0.0|17.7|315|44.1|34.8|0.01|0.08|43.6215|14.4383
05|38|0|113|0.0|17.7|315|44.2|34.8|0.01|0.08|43.6229|14.4383
05|39|0|113|0.0|17.7|315|45.0|34.7|0.01|0.08|43.6241|14.95
05|40|0|270|1.5|17.7|315|45.6|34.6|0.01|0.08|43.6219|14.95
05|41|0|270|0.0|17.7|315|45.7|34.6|0.01|0.08|43.6224|14.95
05|42|0|270|0.0|17.7|315|45.5|34.5|0.01|0.08|43.6203|14.95
05|45|0|270|1.5|17.7|315|46.4|34.4|0.01|0.08|43.6215|15.4517
05|46|0|270|1.5|17.7|315|46.6|34.4|0.01|0.08|43.6215|15.4517
05|47|0|270|1.6|17.7|315|46.5|34.2|0.01|0.08|43.6222|15.4517
05|48|0|270|1.5|17.7|315|46.4|34.1|0.01|0.08|43.6208|15.4517
05|49|0|270|1.6|17.7|315|46.4|34.0|0.01|0.08|43.6206|15.4517
05|50|0|270|0.0|17.7|315|46.6|33.9|0.01|0.08|43.6182|14.5362
05|51|0|270|1.5|17.7|315|46.7|33.9|0.01|0.08|43.6205|14.5362
05|52|0|270|1.5|17.7|315|46.9|33.9|0.01|0.08|43.6204|14.5362
05|53|0|270|0.0|17.7|315|46.7|33.8|0.01|0.08|43.6207|14.5362
05|54|0|270|0.0|17.7|315|46.5|33.8|0.01|0.08|43.6232|14.5362
05|55|0|270|0.0|17.7|315|46.5|33.8|0.01|0.08|43.6218|14.5362
05|56|0|270|1.5|17.7|315|46.5|33.8|0.01|0.08|43.623|14.5362
05|57|0|270|1.5|17.7|315|46.4|33.8|0.01|0.08|43.6244|14.5362
05|58|0|270|1.5|17.7|315|46.2|33.8|0.01|0.08|43.6228|14.5362
05|59|0|225|1.6|17.7|315|46.2|33.8|0.01|0.08|43.623|14.5362
06|01|0|225|1.5|17.7|315|46.7|33.7|0.01|0.08|43.6252|14.5362
06|02|0|225|0.0|17.7|315|47.1|33.7|0.01|0.08|43.6258|15.0261
06|04|0|225|1.5|17.7|315|47.1|33.7|0.01|0.08|43.6287|15.0261
06|05|0|225|1.6|17.7|315|47.1|33.7|0.01|0.08|43.6295|15.0261
06|06|0|225|0.0|17.7|315|47.0|33.7|0.01|0.08|43.6282|15.0261
06|07|0|225|0.0|17.7|315|46.9|33.7|0.00|0.08|43.63|14.5362
06|08|0|225|0.0|17.7|315|46.6|33.6|0.00|0.08|43.6283|14.5362
06|09|0|225|1.5|17.7|315|46.8|33.6|0.00|0.08|43.6286|14.5362
06|10|0|225|0.0|17.7|315|46.8|33.5|0.00|0.08|43.6262|14.5362
06|11|0|225|1.5|17.7|315|47.1|33.5|0.00|0.08|43.6302|15.0261
06|12|0|225|0.0|17.7|315|47.4|33.5|0.00|0.08|43.6279|15.0261
06|13|0|225|0.0|17.7|315|47.3|33.5|0.00|0.08|43.629|15.0261
06|14|0|225|0.0|17.7|315|47.1|33.3|0.00|0.08|43.6291|15.0261
06|15|0|225|0.0|17.7|315|47.0|33.3|0.00|0.08|43.6282|15.0261
06|16|0|225|0.0|17.7|315|46.9|33.3|0.00|0.08|43.627|14.5362
06|17|0|225|0.0|17.7|315|47.0|33.3|0.00|0.08|43.6266|15.0261
06|18|0|225|0.0|17.7|315|47.0|33.3|0.00|0.08|43.6268|15.0261
06|19|0|225|0.0|17.7|315|46.8|33.3|0.00|0.08|43.6261|14.5362
06|20|0|225|0.0|17.7|315|46.5|33.3|0.00|0.08|43.6277|14.5362
06|21|0|225|0.0|17.7|315|46.4|33.3|0.00|0.08|43.6275|14.5362
06|22|0|225|0.0|17.7|315|46.2|33.3|0.00|0.08|43.6261|14.5362
06|23|0|225|0.0|17.7|315|46.0|33.5|0.00|0.08|43.6276|14.5362
06|26|0|225|0.0|17.7|315|46.0|33.5|0.01|0.09|43.6264|14.5362
06|27|0|225|0.0|17.7|315|46.2|33.6|0.01|0.09|43.6275|14.5362
06|28|0|225|0.0|17.7|315|46.4|33.6|0.01|0.09|43.6279|14.5362
06|29|0|225|1.5|17.7|315|46.3|33.6|0.01|0.09|43.6275|14.5362
06|30|0|225|0.0|17.7|315|46.4|33.6|0.01|0.09|43.6278|14.5362
06|31|0|225|0.0|17.7|315|46.6|33.6|0.01|0.09|43.6287|14.5362
06|32|0|225|0.0|17.7|315|46.6|33.6|0.01|0.09|43.6289|14.5362
06|33|0|225|0.0|17.7|315|46.7|33.6|0.01|0.09|43.6302|14.5362
06|34|0|225|0.0|17.7|315|46.6|33.5|0.01|0.09|43.6267|14.5362
06|35|0|225|1.6|17.7|315|47.0|33.5|0.01|0.09|43.629|15.0261
06|36|0|225|1.5|17.7|315|47.3|33.5|0.01|0.09|43.629|15.0261
06|37|0|225|0.0|17.7|315|47.6|33.3|0.01|0.09|43.626|15.0261
06|38|0|225|0.0|17.7|315|47.6|33.3|0.01|0.09|43.6273|15.0261
06|39|0|225|0.0|17.7|315|47.6|33.2|0.01|0.09|43.6276|15.0261
06|40|0|225|0.0|17.7|315|47.4|33.2|0.01|0.09|43.6285|15.0261
06|41|0|225|0.0|17.7|315|47.1|33.2|0.01|0.09|43.629|15.0261
06|42|0|225|1.5|17.7|315|46.7|33.2|0.01|0.09|43.6286|14.5362
06|43|0|225|0.0|17.7|315|46.7|33.2|0.01|0.09|43.6294|14.5362
06|45|0|225|1.5|17.7|315|46.7|33.2|0.01|0.09|43.6285|14.5362
06|47|0|225|0.0|17.7|315|46.7|33.2|0.01|0.09|43.6287|14.5362
06|48|0|225|0.0|17.7|315|47.0|33.2|0.01|0.09|43.6294|15.0261
06|49|0|225|0.0|17.7|315|47.4|33.2|0.01|0.09|43.6252|15.0261
06|50|0|225|0.0|17.7|315|47.4|33.3|0.01|0.09|43.6271|15.0261
06|51|0|225|1.5|17.7|315|47.1|33.3|0.01|0.09|43.6268|15.0261
06|52|0|225|1.6|17.7|315|47.4|33.3|0.01|0.09|43.6282|15.0261
06|53|0|225|0.0|17.7|315|47.4|33.2|0.01|0.09|43.6277|15.0261
06|55|0|225|0.0|17.7|315|46.9|33.2|0.01|0.09|43.6291|14.5362
06|56|0|225|0.0|17.7|315|46.8|33.2|0.01|0.09|43.631|14.5362
06|57|0|225|0.0|17.7|315|46.9|33.2|0.01|0.09|43.6303|14.5362
06|58|0|225|0.0|17.7|315|47.4|33.2|0.01|0.09|43.6315|15.0261
06|59|0|225|0.0|17.7|315|47.7|33.2|0.01|0.09|43.6315|15.0261
07|00|0|225|1.5|17.7|315|48.4|33.2|0.01|0.09|43.6303|15.5068
07|03|0|225|0.0|17.7|315|48.8|33.2|0.01|0.09|43.6331|15.5068
07|04|0|225|0.0|17.7|315|48.5|33.2|0.01|0.09|43.6319|15.5068
07|05|0|225|0.0|17.7|315|48.6|33.2|0.01|0.09|43.6322|15.5068
07|07|0|225|0.0|17.7|315|48.3|33.2|0.01|0.09|43.6327|15.5068
07|08|0|225|0.0|17.7|315|48.0|33.2|0.01|0.09|43.6333|15.5068
07|09|0|225|0.0|17.7|315|48.1|33.2|0.01|0.09|43.635|15.5068
07|10|0|225|0.0|17.7|315|48.0|33.2|0.01|0.09|43.6319|15.5068
07|11|0|225|0.0|17.7|315|47.8|33.3|0.01|0.09|43.6327|15.0261
07|12|0|225|1.5|17.7|315|47.9|33.3|0.01|0.09|43.6342|15.0261
07|13|0|225|0.0|17.7|315|47.9|33.3|0.01|0.09|43.634|15.0261
07|14|0|225|0.0|17.7|315|47.9|33.5|0.01|0.09|43.6363|15.0261
07|16|0|225|0.0|17.7|315|48.0|33.3|0.01|0.09|43.6355|15.5068
07|17|0|225|0.0|17.7|315|47.9|33.3|0.01|0.09|43.6367|15.0261
07|18|0|225|1.5|17.7|315|48.2|33.3|0.01|0.09|43.638|15.5068
07|19|0|225|1.5|17.7|315|48.7|33.3|0.01|0.09|43.6407|15.5068
07|21|0|225|0.0|17.7|315|48.7|33.3|0.01|0.09|43.6424|15.5068
07|22|0|225|0.0|17.7|315|48.4|33.3|0.01|0.09|43.6429|15.5068
07|23|0|225|0.0|17.7|315|48.1|33.2|0.00|0.09|43.6439|15.5068
07|24|0|225|1.5|17.7|315|47.5|33.3|0.00|0.09|43.6445|15.0261
07|25|0|225|1.6|17.7|315|47.1|33.3|0.00|0.09|43.6453|15.0261
07|26|0|225|0.0|17.7|315|46.6|33.3|0.00|0.09|43.6458|14.5362
07|28|0|225|1.5|17.7|315|46.4|33.5|0.00|0.09|43.6461|14.5362
07|29|0|225|0.0|17.7|315|46.3|33.6|0.00|0.09|43.6457|14.5362
07|30|0|225|0.0|17.7|315|45.9|33.7|0.00|0.09|43.6473|14.0367
07|31|0|225|0.0|17.7|315|45.4|33.8|0.00|0.09|43.6461|14.0367
07|32|0|225|0.0|17.7|315|45.3|34.0|0.00|0.09|43.6511|14.95
07|33|0|225|0.0|17.7|315|45.9|34.1|0.00|0.09|43.6476|14.95
07|34|0|225|0.0|17.7|315|46.1|34.4|0.00|0.09|43.6485|15.4517
07|35|0|225|1.5|17.7|315|46.1|34.5|0.00|0.09|43.6505|15.4517
07|36|0|225|0.0|17.7|315|46.0|34.5|0.00|0.09|43.6518|15.4517
07|37|0|225|0.0|17.7|315|45.7|34.5|0.00|0.09|43.6498|14.95
07|38|0|225|0.0|17.7|315|45.5|34.6|0.00|0.09|43.6514|14.95
07|39|0|225|0.0|17.7|315|45.1|34.6|0.00|0.09|43.6517|14.95
07|42|0|225|1.5|17.7|315|45.8|34.7|0.00|0.09|43.6503|14.95
07|43|0|225|1.5|17.7|315|45.5|34.7|0.00|0.09|43.6508|14.95
07|44|0|225|0.0|17.7|315|45.1|34.8|0.00|0.09|43.653|14.95
07|45|0|225|0.0|17.7|315|44.5|34.9|0.00|0.09|43.6527|14.4383
07|46|0|225|0.0|17.7|315|44.0|35.0|0.00|0.09|43.6526|15.3491
07|47|0|225|0.0|17.7|315|43.5|35.2|0.00|0.09|43.6539|14.8247
07|48|0|225|0.0|17.7|315|43.1|35.3|0.00|0.09|43.6544|14.8247
07|51|0|225|0.0|17.7|315|43.2|35.4|0.00|0.09|43.6555|14.8247
07|52|0|225|0.0|17.7|315|42.8|35.5|0.00|0.09|43.6558|14.2892
07|53|0|225|0.0|17.7|315|42.4|35.6|0.00|0.09|43.6574|14.2892
07|54|0|225|0.0|17.7|315|42.1|35.7|0.00|0.09|43.6579|14.2892
07|55|0|225|0.0|17.7|315|41.8|35.8|0.00|0.09|43.6588|13.7424
07|56|0|225|0.0|17.7|315|41.4|35.9|0.00|0.09|43.658|13.7424
07|57|0|225|0.0|17.7|315|41.1|36.0|0.00|0.09|43.6541|14.6459
07|58|0|225|0.0|17.7|315|41.1|36.3|0.00|0.09|43.653|14.6459
07|59|0|225|0.0|17.7|315|41.2|36.6|0.00|0.09|43.6532|14.6459
08|00|0|225|0.0|17.7|315|41.0|37.0|0.00|0.09|43.6508|15.5492
08|01|0|225|0.0|17.7|315|40.4|37.2|0.00|0.09|43.6503|14.9854
08|02|0|225|0.0|17.7|315|39.7|37.5|0.00|0.09|43.6501|14.4089
08|03|0|225|0.0|17.7|315|39.2|37.8|0.00|0.09|43.651|14.4089
08|04|0|225|0.0|17.7|315|38.9|38.2|0.00|0.09|43.649|14.7146
08|06|0|180|0.0|17.7|315|39.3|38.7|0.00|0.09|43.6464|15.3069
08|07|0|180|1.5|17.7|315|39.3|39.1|0.00|0.09|43.6498|16.2048
08|08|0|180|0.0|17.7|315|39.3|39.5|0.00|0.09|43.6518|16.2048
08|09|0|180|0.0|17.7|315|39.2|39.9|0.00|0.09|43.6546|16.2048
08|11|0|180|0.0|17.7|315|39.0|40.2|0.00|0.09|43.6537|17.1024
08|13|0|180|1.5|17.7|315|39.1|41.1|0.00|0.09|43.6515|17.9998
08|14|0|135|0.0|17.7|315|39.3|41.5|0.00|0.09|43.6524|17.9998
08|16|0|45|0.0|17.7|315|39.4|42.2|0.00|0.09|43.653|18.897
08|17|0|45|1.5|17.7|315|38.9|42.7|0.00|0.09|43.6566|18.2943
08|19|0|315|0.0|17.7|315|38.7|43.4|0.00|0.09|43.6556|19.1887
08|20|0|315|1.6|17.7|315|39.0|43.7|0.00|0.09|43.654|19.794
08|21|0|90|1.5|17.7|315|39.4|44.0|0.00|0.09|43.6556|20.6908
08|22|0|135|1.5|17.7|315|39.3|44.3|0.00|0.09|43.653|20.6908
08|23|0|180|1.5|17.7|315|39.3|44.6|0.00|0.09|43.6509|20.6908
08|24|0|180|3.2|17.7|315|38.6|44.8|0.00|0.09|43.6501|20.0828
08|25|0|135|2.9|17.7|315|36.8|45.0|0.00|0.09|43.6525|19.7115
08|27|0|180|0.0|17.7|315|36.0|45.4|0.00|0.09|43.6558|19.7115
08|28|0|180|0.0|17.7|315|36.1|45.5|0.00|0.09|43.6559|19.7115
08|30|0|180|1.5|17.7|315|36.3|45.6|0.00|0.09|43.6549|19.7115
08|31|0|315|3.2|17.7|315|36.5|45.7|0.00|0.09|43.6565|19.7115
08|32|0|315|2.9|17.7|315|37.0|45.7|0.01|0.10|43.656|20.3517
08|33|0|315|1.5|17.7|315|37.5|45.7|0.01|0.10|43.6549|20.3517
08|34|0|0|1.6|17.7|315|37.7|46.0|0.01|0.10|43.6582|21.2427
08|35|0|270|1.5|17.7|315|37.6|46.0|0.01|0.10|43.6569|21.2427
08|36|0|315|1.6|17.7|315|37.3|46.1|0.01|0.10|43.6565|21.2427
08|37|0|270|1.5|17.7|315|36.7|46.2|0.01|0.10|43.6564|20.5997
08|38|0|225|1.5|17.7|315|36.2|46.3|0.01|0.10|43.657|20.5997
08|39|0|225|0.0|17.7|315|35.9|46.4|0.01|0.10|43.6566|19.9407
08|41|0|180|4.4|17.7|315|34.2|46.7|0.01|0.10|43.6575|19.2648
08|42|0|135|1.6|17.7|315|31.4|47.0|0.01|0.10|43.6596|17.9987
08|44|0|135|4.4|17.7|315|30.1|47.1|0.01|0.10|43.6575|17.2414
08|45|0|135|2.9|17.7|315|29.4|47.1|0.01|0.10|43.657|16.4613
08|46|0|135|2.9|17.7|315|29.5|47.2|0.01|0.10|43.6581|16.4613
08|47|0|135|1.5|17.7|315|29.6|47.3|0.01|0.10|43.6574|16.4613
08|48|0|135|1.6|17.7|315|31.5|47.4|0.01|0.10|43.6566|17.9987
08|49|0|90|2.9|17.7|315|33.6|47.5|0.01|0.10|43.6558|19.4504
08|50|0|90|1.5|17.7|315|35.9|47.6|0.01|0.10|43.656|20.826
08|51|0|90|2.9|17.7|315|36.4|47.7|0.01|0.10|43.6554|21.4878
08|52|0|135|3.2|17.7|315|36.7|47.9|0.01|0.10|43.6558|21.4878
08|53|0|135|1.5|17.7|315|37.0|47.9|0.01|0.10|43.6558|22.1335
08|54|0|135|2.9|17.7|315|37.2|47.9|0.01|0.10|43.6567|22.1335
08|55|0|135|1.5|17.7|315|37.3|47.9|0.01|0.10|43.6563|22.1335
08|56|0|135|1.5|17.7|315|37.2|48.0|0.01|0.10|43.6579|23.0241
08|57|0|135|1.5|17.7|315|37.5|48.0|0.01|0.10|43.6586|23.0241
08|58|0|135|1.5|17.7|315|37.6|48.0|0.01|0.10|43.6596|23.0241
08|59|0|135|1.6|17.7|315|37.9|48.0|0.01|0.10|43.6603|23.0241
09|01|0|135|2.9|17.7|315|37.7|48.1|0.01|0.10|43.6573|23.0241
09|02|0|135|4.4|17.7|315|37.7|48.2|0.01|0.10|43.658|23.0241
09|03|0|135|1.5|17.7|315|37.9|48.3|0.01|0.10|43.6549|23.0241
09|05|0|135|2.9|17.7|315|37.9|48.5|0.01|0.10|43.6591|23.0241
09|06|0|135|1.6|17.7|315|37.5|48.5|0.01|0.10|43.6585|23.0241
09|07|0|90|2.9|17.7|315|37.4|48.8|0.01|0.10|43.6629|23.0241
09|08|0|135|1.6|17.7|315|37.2|48.8|0.01|0.10|43.6579|23.0241
09|09|0|180|1.5|17.7|315|37.2|49.0|0.01|0.10|43.6587|23.9144
09|10|0|180|4.4|17.7|315|37.1|49.1|0.01|0.10|43.6573|23.9144
09|11|0|180|4.4|17.7|315|37.1|49.3|0.01|0.10|43.6553|23.9144
09|12|0|135|4.4|17.7|315|36.9|49.4|0.01|0.10|43.6585|23.2632
09|13|0|113|3.2|17.7|315|36.6|49.7|0.01|0.10|43.6576|23.2632
09|14|0|225|4.4|17.7|315|34.6|49.5|0.01|0.10|43.6602|21.9111
09|15|0|180|2.9|17.7|315|32.9|49.8|0.01|0.10|43.6571|20.4865
09|16|0|225|3.2|17.7|315|32.5|50.1|0.01|0.10|43.6585|21.3621
09|17|0|135|2.9|17.7|315|34.1|50.3|0.01|0.10|43.6608|22.7927
09|18|0|113|3.2|17.7|315|34.7|50.5|0.01|0.10|43.665|22.7927
09|19|0|135|1.6|17.7|315|34.7|50.6|0.01|0.10|43.6653|22.7927
09|20|0|225|2.9|17.7|315|35.1|50.7|0.01|0.10|43.661|23.4802
09|22|0|90|1.6|17.7|315|35.1|50.8|0.01|0.10|43.6626|23.4802
09|23|0|90|1.5|17.7|315|35.1|50.9|0.01|0.10|43.6559|23.4802
09|24|0|90|1.6|17.7|315|34.9|51.1|0.01|0.10|43.6563|23.6741
09|25|0|135|3.2|17.7|315|35.1|51.2|0.01|0.10|43.6567|24.3645
09|26|0|135|2.9|17.7|315|34.8|51.2|0.01|0.10|43.6548|23.6741
09|27|0|135|2.9|17.7|315|34.3|51.3|0.01|0.10|43.6535|23.6741
09|28|0|135|4.4|17.7|315|34.4|51.5|0.01|0.10|43.6555|23.6741
09|29|0|135|2.9|17.7|315|33.5|51.3|0.01|0.10|43.6528|22.9654
09|30|0|135|3.2|17.7|315|33.6|51.5|0.01|0.10|43.6509|22.9654
09|31|0|90|2.9|17.7|315|32.6|51.3|0.00|0.10|43.6501|22.2375
09|32|0|135|2.9|17.7|315|31.7|51.2|0.00|0.10|43.6419|21.4891
09|33|0|90|1.6|17.7|315|31.4|51.3|0.00|0.10|43.6315|21.4891
09|34|0|68|3.2|17.7|315|30.9|51.5|0.00|0.10|43.63|20.7189
09|35|0|135|1.5|17.7|315|30.2|51.6|0.00|0.10|43.6282|20.7189
09|36|0|135|1.6|17.7|315|30.8|51.7|0.00|0.10|43.6286|20.7189
09|37|0|90|2.9|17.7|315|30.5|51.7|0.00|0.10|43.6307|20.7189
09|38|0|45|1.5|17.7|315|30.7|51.7|0.00|0.10|43.6351|20.7189
09|40|0|135|4.4|17.7|315|30.7|51.8|0.00|0.10|43.6373|20.7189
09|41|0|90|1.5|17.7|315|30.2|51.8|0.00|0.10|43.6386|20.7189
09|42|0|90|1.6|17.7|315|30.0|51.9|0.00|0.10|43.6365|20.7189
09|43|0|113|2.9|17.7|315|29.9|51.9|0.00|0.10|43.6299|19.9257
09|44|0|90|3.2|17.7|315|29.8|51.9|0.00|0.10|43.6286|19.9257
09|45|0|180|1.5|17.7|315|29.6|52.1|0.00|0.10|43.6322|20.7911
09|46|0|135|5.8|17.7|315|29.7|52.0|0.00|0.10|43.6324|20.7911
09|48|0|90|2.9|17.7|315|29.6|52.1|0.00|0.10|43.6365|20.7911
09|49|0|90|4.4|17.7|315|29.8|52.2|0.00|0.10|43.6393|20.7911
09|51|0|180|2.9|17.7|315|29.7|52.2|0.00|0.10|43.6397|20.7911
09|52|0|135|1.6|17.7|315|30.0|52.2|0.00|0.10|43.6405|21.5877
09|53|0|135|2.9|17.7|315|30.2|52.4|0.00|0.10|43.6401|21.5877
09|54|0|180|3.2|17.7|315|30.5|52.4|0.00|0.10|43.6438|21.5877
09|56|0|180|1.6|17.7|315|30.3|52.6|0.00|0.10|43.6451|21.5877
09|57|0|90|1.5|17.7|315|30.2|52.7|0.00|0.10|43.642|21.5877
09|58|0|135|2.9|17.7|315|29.9|52.8|0.00|0.10|43.6423|20.7911
09|59|0|90|1.5|17.7|315|30.0|52.9|0.00|0.10|43.6446|21.5877
10|00|0|135|1.5|17.7|315|30.3|52.9|0.00|0.10|43.6421|21.5877
10|01|0|180|0.0|17.7|315|30.5|53.0|0.00|0.10|43.6413|22.4561
10|02|0|135|1.5|17.7|315|30.0|53.3|0.00|0.10|43.6418|22.4561
10|03|0|90|1.5|17.7|315|29.7|53.3|0.00|0.10|43.6406|21.6562
10|05|0|180|2.9|17.7|315|29.5|53.4|0.00|0.10|43.6421|21.6562
10|06|0|180|3.2|17.7|315|29.2|53.3|0.00|0.10|43.6416|21.6562
10|07|0|135|1.5|17.7|315|29.2|53.2|0.00|0.10|43.6378|21.6562
10|08|0|135|4.4|17.7|315|29.2|53.3|0.00|0.10|43.6386|21.6562
10|11|0|113|2.9|17.7|315|28.9|53.3|0.00|0.10|43.6389|20.8315
10|12|0|135|3.2|17.7|315|28.7|53.2|0.00|0.10|43.6383|20.8315
10|13|0|135|2.9|17.7|315|28.4|53.2|0.00|0.10|43.6344|20.8315
10|14|0|180|1.5|17.7|315|28.5|53.3|0.00|0.10|43.6358|20.8315
10|16|0|180|2.9|17.7|315|28.5|53.2|0.00|0.10|43.6356|20.8315
10|17|0|135|1.5|17.7|315|28.2|53.3|0.00|0.10|43.6388|20.8315
10|18|0|45|0.0|17.7|315|28.1|53.4|0.00|0.10|43.6383|20.8315
10|19|0|45|0.0|17.7|315|28.2|53.6|0.00|0.10|43.6396|20.8315
10|20|0|180|0.0|17.7|315|28.6|53.8|0.00|0.10|43.6422|20.8315
10|21|0|135|3.2|17.7|315|28.9|53.9|0.00|0.10|43.6426|20.8315
10|22|0|225|1.5|17.7|315|28.4|54.0|0.00|0.10|43.6439|21.6929
10|23|0|225|2.9|17.7|315|28.2|54.2|0.00|0.10|43.6467|21.6929
10|25|0|225|2.9|17.7|315|26.4|54.3|0.00|0.10|43.6438|19.9547
10|26|0|315|1.6|17.7|315|26.2|54.4|0.00|0.10|43.6461|19.9547
10|27|0|180|1.5|17.7|315|25.8|54.5|0.00|0.10|43.6453|19.0406
10|28|0|225|1.5|17.7|315|25.8|54.6|0.00|0.10|43.647|19.0406
10|30|0|225|1.5|17.7|315|26.4|54.7|0.00|0.10|43.6463|19.9547
10|31|0|315|1.5|17.7|315|26.1|54.8|0.00|0.10|43.6432|19.9547
10|32|0|0|1.5|17.7|315|25.7|55.0|0.00|0.10|43.6426|19.8908
10|34|0|0|1.5|17.7|315|25.7|55.1|0.00|0.10|43.6441|19.8908
10|35|0|0|1.6|17.7|315|26.1|55.1|0.00|0.10|43.6422|20.8087
10|36|0|135|2.9|17.7|315|26.3|55.1|0.00|0.10|43.6446|20.8087
10|37|0|113|4.4|17.7|315|26.6|55.1|0.00|0.10|43.6431|20.8087
10|38|0|90|3.2|17.7|315|26.4|55.1|0.00|0.10|43.6442|20.8087
10|39|0|90|1.5|17.7|315|26.3|55.1|0.00|0.10|43.6427|20.8087
10|40|0|135|1.6|17.7|315|26.6|55.1|0.00|0.10|43.6401|20.8087
10|41|0|90|4.4|17.7|315|27.0|55.2|0.00|0.10|43.6383|21.6957
10|42|0|90|2.9|17.7|315|26.8|55.3|0.00|0.10|43.637|20.8087
10|43|0|180|5.8|17.7|315|27.0|55.4|0.00|0.10|43.6317|21.6957
10|44|0|180|2.9|17.7|315|26.7|55.6|0.00|0.10|43.6332|20.8087
10|45|0|90|2.9|17.7|315|26.4|55.6|0.00|0.10|43.6328|20.8087
10|46|0|135|4.8|17.7|315|26.5|55.6|0.00|0.10|43.6346|20.8087
10|47|0|90|2.9|17.7|315|26.4|55.8|0.00|0.10|43.634|20.8087
10|48|0|90|1.6|17.7|315|26.4|56.0|0.00|0.10|43.6325|21.6624
10|49|0|113|2.9|17.7|315|26.4|56.1|0.00|0.10|43.634|21.6624
10|50|0|90|1.6|17.7|315|26.4|56.2|0.00|0.10|43.6343|21.6624
10|51|0|90|3.2|17.7|315|26.3|56.2|0.00|0.10|43.6311|21.6624
10|52|0|45|1.5|17.7|315|25.8|56.2|0.00|0.10|43.6295|20.7408
10|53|0|45|1.6|17.7|315|25.8|56.3|0.00|0.10|43.629|20.7408
10|55|0|45|1.5|17.7|315|26.3|56.5|0.00|0.10|43.6273|21.6624
10|56|0|135|1.5|17.7|315|26.1|56.6|0.00|0.10|43.6289|21.6624
10|57|0|90|4.4|17.7|315|25.6|56.9|0.00|0.10|43.6269|20.7408
10|59|0|90|1.6|17.7|315|25.4|57.0|0.00|0.10|43.6243|21.5904
11|01|0|90|3.2|17.7|315|24.7|57.1|0.00|0.10|43.6255|20.6316
11|03|0|90|1.5|17.7|315|24.7|57.2|0.00|0.10|43.6239|20.6316
11|04|0|90|4.8|17.7|315|24.8|57.2|0.00|0.10|43.6237|20.6316
11|05|0|135|1.5|17.7|315|24.8|57.3|0.00|0.10|43.6236|20.6316
11|07|0|180|1.5|17.7|315|25.4|57.5|0.00|0.10|43.623|21.5904
11|08|0|135|1.6|17.7|315|25.0|57.8|0.00|0.10|43.6245|21.5904
11|09|0|90|3.2|17.7|315|24.8|57.9|0.00|0.10|43.6237|20.6316
11|10|0|90|2.9|17.7|315|24.5|58.1|0.00|0.10|43.6231|21.477
11|11|0|135|3.2|17.7|315|24.6|58.2|0.00|0.10|43.6226|21.477
11|12|0|90|5.8|17.7|315|24.7|58.1|0.00|0.10|43.6205|21.477
11|14|0|45|4.4|17.7|315|24.6|58.1|0.00|0.10|43.62|21.477
11|15|0|180|2.9|17.7|315|25.3|58.2|0.00|0.10|43.6195|22.4398
11|17|0|45|2.9|17.7|315|24.7|58.5|0.00|0.10|43.6214|21.477
11|19|0|45|2.9|17.7|315|24.9|59.0|0.00|0.10|43.6177|22.3222
11|20|0|135|4.4|17.7|315|24.1|59.1|0.00|0.10|43.6174|22.3222
11|21|0|90|2.9|17.7|315|23.4|59.1|0.00|0.10|43.6171|21.3191
11|24|0|135|4.4|17.7|315|23.4|59.3|0.00|0.10|43.6167|21.3191
11|25|0|90|4.4|17.7|315|23.8|59.5|0.00|0.10|43.6189|21.3191
11|26|0|68|1.5|17.7|315|23.3|59.5|0.00|0.10|43.6183|21.3191
11|27|0|135|1.5|17.7|315|23.3|59.7|0.00|0.10|43.62|21.3191
11|28|0|90|1.6|17.7|315|23.4|59.7|0.00|0.10|43.62|21.3191
11|29|0|90|2.9|17.7|315|23.0|59.7|0.00|0.10|43.6189|21.3191
11|30|0|90|4.4|17.7|315|22.4|59.6|0.00|0.10|43.6196|20.2766
11|31|0|45|4.8|17.7|315|22.2|59.6|0.00|0.10|43.6191|20.2766
11|32|0|90|1.5|17.7|315|22.3|59.6|0.00|0.10|43.6189|20.2766
11|33|0|45|1.6|17.7|315|22.6|59.6|0.00|0.10|43.6188|20.2766
11|34|0|90|1.5|17.7|315|22.8|59.7|0.00|0.10|43.6187|20.2766
11|35|0|113|4.4|17.7|315|22.8|59.7|0.00|0.10|43.6218|20.2766
11|36|0|45|3.2|17.7|315|23.2|59.7|0.00|0.10|43.6199|21.3191
11|39|0|90|2.9|17.7|315|23.2|59.8|0.00|0.10|43.6192|21.3191
11|40|0|135|4.8|17.7|315|22.9|60.0|0.00|0.10|43.6183|21.1132
11|41|0|135|4.4|17.7|315|22.8|60.0|0.00|0.10|43.619|21.1132
11|42|0|90|3.2|17.7|315|22.8|60.0|0.00|0.10|43.6174|21.1132
11|43|0|180|5.8|17.7|315|22.4|60.0|0.00|0.10|43.6171|21.1132
11|44|0|135|5.8|17.7|315|22.3|59.9|0.00|0.10|43.6175|20.2766
11|45|0|90|1.5|17.7|315|22.5|59.9|0.00|0.10|43.6148|20.2766
11|46|0|180|0.0|17.7|315|22.7|60.0|0.00|0.10|43.6171|21.1132
11|47|0|180|0.0|17.7|315|22.6|60.2|0.00|0.10|43.6177|21.1132
11|49|0|90|1.6|17.7|315|22.1|60.3|0.00|0.10|43.6172|21.1132
11|50|0|45|4.8|17.7|315|22.0|60.5|0.00|0.10|43.6143|21.1132
11|51|0|45|2.9|17.7|315|21.9|60.6|0.00|0.10|43.61|20.0234
11|52|0|90|1.5|17.7|315|21.8|60.7|0.00|0.10|43.6086|20.0234
11|53|0|135|2.9|17.7|315|21.8|61.0|0.00|0.10|43.6077|20.8552
11|54|0|45|1.5|17.7|315|21.6|61.4|0.00|0.10|43.6037|20.8552
11|55|0|203|2.9|17.7|315|21.8|61.6|0.00|0.10|43.602|20.8552
11|56|0|180|1.6|17.7|315|21.8|61.9|0.00|0.10|43.6031|20.8552
11|57|0|135|4.8|17.7|315|21.2|62.0|0.00|0.10|43.6035|21.6868
11|58|0|90|2.9|17.7|315|20.5|62.3|0.00|0.10|43.6024|20.5408
11|59|0|45|3.2|17.7|315|20.0|62.4|0.00|0.10|43.6045|20.5408
12|00|0|45|0.0|17.7|315|20.0|62.5|0.00|0.10|43.6045|20.5408
12|01|0|225|1.5|17.7|315|20.1|62.5|0.00|0.10|43.6061|20.5408
12|03|0|338|2.9|17.7|315|20.4|62.6|0.00|0.10|43.6051|20.5408
12|04|0|270|1.6|17.7|315|19.7|62.7|0.00|0.10|43.607|19.3428
12|05|0|315|1.5|17.7|315|19.9|62.8|0.00|0.10|43.6068|19.3428
12|06|0|158|0.0|17.7|315|20.2|62.9|0.00|0.10|43.6061|20.5408
12|07|0|135|1.5|17.7|315|19.6|63.0|0.00|0.10|43.6053|20.1647
12|08|0|180|4.4|17.7|315|19.0|63.0|0.00|0.10|43.6027|20.1647
12|09|0|225|1.5|17.7|315|19.2|63.0|0.00|0.10|43.6031|20.1647
12|10|0|180|1.5|17.7|315|19.2|63.2|0.00|0.10|43.6028|20.1647
12|11|0|135|0.0|17.7|315|19.0|63.3|0.00|0.10|43.604|20.1647
12|12|0|180|4.4|17.7|315|18.9|63.3|0.00|0.10|43.6022|18.9044
12|13|0|135|4.8|17.7|315|19.1|63.3|0.00|0.10|43.6009|20.1647
12|14|0|203|1.6|17.7|315|18.9|63.4|0.00|0.10|43.6004|18.9044
12|15|0|135|3.2|4.4|135|18.9|63.6|0.00|0.00|43.6006|18.9044
12|16|0|45|5.8|7.3|90|18.9|63.4|0.00|0.00|43.5992|18.9044
12|17|0|45|2.9|7.3|90|19.2|63.3|0.00|0.00|43.5989|20.1647
12|18|0|45|4.8|7.3|90|19.6|63.2|0.00|0.00|43.5966|20.1647
12|20|0|0|3.2|7.3|90|19.0|63.2|0.00|0.00|43.5953|20.1647
12|23|0|315|1.5|7.3|90|19.0|63.4|0.00|0.00|43.5958|20.1647
12|24|0|45|1.6|7.3|90|19.1|63.4|0.00|0.00|43.5966|20.1647
12|25|0|45|2.9|7.3|90|19.2|63.4|0.00|0.00|43.5938|20.1647
12|26|0|45|1.5|7.3|90|19.1|63.3|0.00|0.00|43.5933|20.1647
12|29|0|315|1.5|7.3|90|19.3|62.7|0.00|0.00|43.5906|19.3428
12|30|0|315|3.2|7.3|90|19.4|62.7|0.00|0.00|43.5928|19.3428
12|32|0|225|2.9|7.3|90|19.5|62.6|0.00|0.00|43.5919|19.3428
12|33|0|248|1.6|7.3|90|19.5|62.5|0.00|0.00|43.5902|19.3428
12|34|0|315|1.5|7.3|90|19.6|62.5|0.00|0.00|43.5926|19.3428
12|35|0|0|2.9|7.3|90|19.5|62.5|0.00|0.00|43.5924|19.3428
12|36|0|315|1.5|7.3|90|19.6|62.4|0.00|0.00|43.5895|19.3428
12|37|0|270|1.5|7.3|90|19.5|62.4|0.00|0.00|43.5905|19.3428
12|38|0|270|1.5|7.3|90|19.4|62.3|0.00|0.00|43.5873|19.3428
12|39|0|270|1.5|7.3|90|19.7|62.3|0.00|0.00|43.5881|19.3428
12|41|0|270|1.5|7.3|90|19.8|62.4|0.00|0.00|43.5886|19.3428
12|42|0|180|1.5|7.3|90|19.8|62.5|0.00|0.00|43.5862|19.3428
12|43|0|315|0.0|7.3|90|19.6|62.5|0.00|0.00|43.5868|19.3428
12|44|0|225|1.5|7.3|90|19.6|62.6|0.00|0.00|43.5846|19.3428
12|46|0|180|1.5|7.3|90|19.9|62.7|0.00|0.00|43.5798|19.3428
12|47|0|270|1.5|7.3|90|19.9|62.7|0.00|0.00|43.5792|19.3428
12|48|0|270|2.9|7.3|90|19.8|62.7|0.00|0.00|43.5757|19.3428
12|49|0|270|0.0|7.3|90|19.7|62.8|0.00|0.00|43.576|19.3428
12|50|0|270|0.0|7.3|90|19.9|62.9|0.00|0.00|43.5752|19.3428
12|51|0|270|1.5|7.3|90|20.0|63.0|0.00|0.00|43.5727|21.3675
12|52|0|270|2.9|7.3|90|20.2|63.3|0.00|0.00|43.5764|21.3675
12|53|0|270|1.5|7.3|90|19.8|63.4|0.00|0.00|43.5737|20.1647
12|54|0|270|1.5|7.3|90|19.7|63.6|0.00|0.00|43.5685|20.1647
12|55|0|135|3.2|7.3|90|19.9|63.7|0.00|0.00|43.567|20.1647
12|56|0|315|0.0|7.3|90|20.1|64.0|0.00|0.00|43.5647|22.1938
12|57|0|315|2.9|7.3|90|19.8|64.1|0.00|0.00|43.5662|20.9863
12|58|0|270|1.6|7.3|90|19.7|64.2|0.00|0.00|43.5649|20.9863
13|00|0|270|0.0|7.3|90|19.5|64.4|0.00|0.00|43.5602|20.9863
13|01|0|0|1.5|7.3|90|19.3|64.6|0.00|0.00|43.5585|20.9863
13|02|0|90|2.9|7.3|90|19.1|65.0|0.00|0.00|43.5561|21.8075
13|03|0|270|1.6|7.3|90|19.1|65.1|0.00|0.00|43.553|21.8075
13|04|0|90|1.5|7.3|90|19.2|65.3|0.00|0.00|43.5537|21.8075
13|05|0|135|3.2|7.3|90|19.7|65.4|0.00|0.00|43.5525|21.8075
13|06|0|135|1.5|7.3|90|19.1|65.5|0.00|0.00|43.5542|21.8075
13|07|0|90|2.9|7.3|90|19.3|65.5|0.00|0.00|43.5538|21.8075
13|08|0|45|3.2|7.3|90|19.5|65.5|0.00|0.00|43.555|21.8075
13|09|0|0|1.5|7.3|90|19.1|65.5|0.00|0.00|43.5547|21.8075
13|11|0|315|1.6|7.3|90|18.7|65.8|0.00|0.00|43.5524|20.5372
13|12|0|315|1.5|7.3|90|18.8|65.9|0.00|0.00|43.5526|20.5372
13|13|0|270|1.5|7.3|90|18.7|66.1|0.00|0.00|43.5493|21.3531
13|14|0|90|0.0|7.3|90|18.7|66.2|0.00|0.00|43.5483|21.3531
13|15|0|225|1.5|7.3|90|19.1|66.2|0.00|0.00|43.5482|22.6284
13|16|0|180|1.6|7.3|90|19.3|66.2|0.00|0.00|43.5505|22.6284
13|17|0|135|1.5|7.3|90|19.3|66.3|0.00|0.00|43.5497|22.6284
13|18|0|135|2.9|7.3|90|19.2|66.3|0.00|0.00|43.5505|22.6284
13|19|0|180|1.5|7.3|90|19.2|66.4|0.00|0.00|43.5492|22.6284
13|22|0|315|1.6|7.3|90|19.0|66.7|0.00|0.00|43.5485|22.6284
13|23|0|315|2.9|7.3|90|19.0|66.9|0.00|0.00|43.5472|22.6284
13|24|0|225|3.2|7.3|90|19.3|66.9|0.00|0.00|43.546|22.6284
13|25|0|135|2.9|7.3|90|18.7|66.9|0.00|0.00|43.5438|21.3531
13|26|0|0|2.9|7.3|90|19.0|66.9|0.00|0.00|43.5401|22.6284
13|27|0|315|5.8|7.3|90|19.9|66.8|0.00|0.00|43.5379|22.6284
13|28|0|0|5.8|10.2|315|19.9|66.3|0.00|0.00|43.5392|22.6284
13|29|0|315|4.4|10.2|315|19.5|66.2|0.00|0.00|43.5401|22.6284
13|30|0|315|3.2|10.2|315|20.0|66.1|0.00|0.00|43.5413|23.8455
13|31|0|315|5.8|10.2|315|20.7|66.0|0.00|0.00|43.5392|23.8455
13|32|0|315|5.8|10.2|315|21.0|65.8|0.00|0.00|43.539|24.1796
13|33|0|338|3.2|10.2|315|20.3|65.4|0.00|0.00|43.5393|23.0199
13|34|0|315|7.3|10.2|315|20.2|65.3|0.00|0.00|43.5373|23.0199
13|36|0|338|4.4|10.2|315|20.0|65.1|0.00|0.00|43.5346|23.0199
13|38|0|0|4.4|10.2|315|19.9|65.0|0.00|0.00|43.5331|21.8075
13|39|0|315|2.9|10.2|315|19.8|65.0|0.00|0.00|43.5324|21.8075
13|40|0|270|1.5|10.2|315|19.8|65.1|0.00|0.00|43.5323|21.8075
13|41|0|315|4.4|10.2|315|19.7|65.0|0.00|0.00|43.5331|21.8075
13|42|0|270|1.5|10.2|315|19.8|65.0|0.00|0.00|43.5314|21.8075
13|43|0|270|1.5|10.2|315|19.6|65.1|0.00|0.00|43.5295|21.8075
13|45|0|0|1.5|10.2|315|19.4|65.5|0.00|0.00|43.5282|21.8075
13|46|0|90|1.5|10.2|315|19.2|65.6|0.00|0.00|43.525|21.8075
13|47|0|0|0.0|10.2|315|19.4|65.8|0.00|0.00|43.5239|21.8075
13|48|0|135|1.5|10.2|315|19.6|66.0|0.00|0.00|43.517|22.6284
13|49|0|135|4.4|10.2|315|19.4|66.2|0.00|0.00|43.517|22.6284
13|50|0|90|0.0|10.2|315|19.0|66.4|0.00|0.00|43.5175|22.6284
13|51|0|90|1.5|10.2|315|18.9|66.5|0.00|0.00|43.5197|21.3531
13|54|0|0|1.5|10.2|315|19.2|67.0|0.00|0.00|43.5192|23.449
13|55|0|90|4.4|10.2|315|19.2|67.1|0.00|0.00|43.5182|23.449
13|56|0|45|1.5|10.2|315|18.7|67.0|0.00|0.00|43.5162|22.1687
13|57|0|90|1.6|10.2|315|18.8|67.2|0.00|0.00|43.5169|22.1687
13|58|0|0|1.5|10.2|315|19.0|67.4|0.00|0.00|43.5176|23.449
13|59|0|90|2.9|10.2|315|19.0|67.6|0.00|0.00|43.5168|23.449
14|00|0|45|3.2|10.2|315|19.3|67.8|0.00|0.00|43.5131|23.449
14|01|0|45|2.9|10.2|315|19.0|68.0|0.00|0.00|43.513|24.2692
14|02|0|315|6.4|10.2|315|19.3|68.1|0.00|0.00|43.511|24.2692
14|03|0|270|2.9|10.2|315|19.1|68.2|0.00|0.00|43.5142|24.2692
14|04|0|135|1.5|10.2|315|18.9|68.5|0.00|0.00|43.5103|22.9839
14|06|0|203|1.5|10.2|315|18.8|68.7|0.00|0.00|43.5115|22.9839
14|07|0|225|1.6|10.2|315|18.7|68.9|0.00|0.00|43.5121|22.9839
14|08|0|0|3.2|10.2|315|18.6|69.0|0.00|0.00|43.5133|23.7988
14|09|0|315|3.2|10.2|315|18.4|69.2|0.00|0.00|43.5153|23.7988
14|10|0|203|2.9|10.2|315|18.7|69.2|0.00|0.00|43.512|23.7988
14|11|0|270|5.8|10.2|315|19.4|69.1|0.00|0.00|43.512|25.0891
14|12|0|315|7.3|10.2|315|19.5|68.8|0.00|0.00|43.5105|24.2692
14|13|0|270|4.4|10.2|315|18.9|68.5|0.00|0.00|43.5094|22.9839
14|14|0|338|3.2|10.2|315|19.2|68.2|0.00|0.00|43.5074|24.2692
14|15|0|225|2.9|10.2|315|19.2|68.1|0.00|0.00|43.5065|24.2692
14|16|0|270|2.9|10.2|315|19.4|67.9|0.00|0.00|43.506|23.449
14|17|0|270|1.5|10.2|315|19.4|67.8|0.00|0.00|43.5087|23.449
14|18|0|225|2.9|10.2|315|19.5|67.7|0.00|0.00|43.5107|23.449
14|19|0|270|3.2|10.2|315|19.4|67.7|0.00|0.00|43.5112|23.449
14|21|0|270|4.4|11.6|315|19.7|67.3|0.00|0.00|43.5113|23.449
14|22|0|315|6.4|11.6|315|19.8|67.2|0.00|0.00|43.509|23.449
14|23|0|225|2.9|11.6|315|19.9|67.2|0.00|0.00|43.5094|23.449
14|24|0|45|1.6|11.6|315|20.0|67.2|0.00|0.00|43.5081|24.6709
14|25|0|315|2.9|11.6|315|20.3|67.2|0.00|0.00|43.5061|24.6709
14|26|0|270|5.8|12.9|203|20.3|67.2|0.00|0.00|43.5072|24.6709
14|27|0|315|2.9|12.9|203|20.1|67.1|0.00|0.00|43.5049|24.6709
14|29|0|315|7.3|12.9|203|20.7|67.1|0.00|0.00|43.5076|24.6709
14|30|0|315|4.8|12.9|203|21.4|66.9|0.00|0.00|43.5073|25.0099
14|31|0|315|7.3|12.9|203|21.8|66.9|0.00|0.00|43.506|25.0099
14|32|0|270|4.8|12.9|203|21.7|66.8|0.00|0.00|43.5064|25.0099
14|33|0|315|7.3|12.9|203|20.6|66.8|0.00|0.00|43.5051|23.8455
14|34|0|315|5.8|12.9|203|21.6|66.7|0.00|0.00|43.5028|25.0099
14|35|0|338|5.8|12.9|203|21.1|66.4|0.00|0.00|43.5022|25.0099
14|37|0|315|8.7|12.9|203|21.1|66.1|0.00|0.00|43.4968|25.0099
14|38|0|0|4.4|12.9|203|21.3|66.0|0.00|0.00|43.4983|25.0099
14|39|0|0|4.4|12.9|203|21.3|66.1|0.00|0.00|43.4979|25.0099
14|41|0|0|6.4|12.9|203|22.0|66.1|0.00|0.00|43.4971|26.1261
14|42|0|315|5.8|12.9|203|21.7|66.1|0.00|0.00|43.4944|25.0099
14|43|0|315|8.0|13.1|315|21.6|66.0|0.00|0.00|43.4908|25.0099
14|44|0|315|8.0|13.1|315|22.4|66.0|0.00|0.00|43.4911|26.1261
14|45|0|315|11.6|13.1|315|21.6|65.8|0.00|0.00|43.4861|24.1796
14|46|0|338|4.4|13.1|315|21.6|65.8|0.00|0.00|43.4864|24.1796
14|47|0|0|2.9|13.1|315|22.4|65.9|0.00|0.00|43.4864|25.2914
14|48|0|315|7.3|13.1|315|21.9|66.0|0.00|0.00|43.489|25.0099
14|49|0|315|8.7|13.1|315|21.4|66.0|0.00|0.00|43.4856|25.0099
14|51|0|315|2.9|13.1|315|21.2|66.1|0.00|0.00|43.4859|25.0099
14|52|0|315|3.2|13.1|315|21.2|66.2|0.00|0.00|43.4851|25.0099
14|53|0|315|5.8|13.1|315|21.4|66.2|0.00|0.00|43.4829|25.0099
14|54|0|0|5.8|13.1|315|22.0|66.4|0.00|0.00|43.4834|26.1261
14|55|0|315|10.2|16.1|315|22.4|66.5|0.00|0.00|43.4827|26.1261
14|56|0|315|13.1|19.4|315|22.0|66.4|0.00|0.00|43.4809|26.1261
14|57|0|315|11.6|19.4|315|21.5|66.4|0.00|0.00|43.4791|25.0099
14|58|0|315|11.6|19.4|315|21.6|66.5|0.00|0.00|43.4791|25.0099
14|59|0|315|13.1|19.4|315|22.0|66.5|0.00|0.00|43.4811|26.1261
15|00|0|315|12.9|19.4|315|21.3|66.4|0.00|0.00|43.4804|25.0099
15|01|0|0|4.4|19.4|315|21.3|66.5|0.00|0.00|43.484|25.0099
15|02|0|0|5.8|19.4|315|21.2|66.7|0.00|0.00|43.484|25.0099
15|04|0|315|4.4|19.4|315|21.1|66.7|0.00|0.00|43.484|25.0099
15|05|0|0|10.2|19.4|315|21.4|66.5|0.00|0.00|43.4819|25.0099
15|06|0|0|13.1|19.4|315|20.9|66.3|0.00|0.00|43.478|23.8455
15|07|0|0|14.5|19.4|315|20.8|66.1|0.00|0.00|43.4739|23.8455
15|09|0|0|11.6|19.4|315|21.1|66.1|0.00|0.00|43.4724|25.0099
15|10|0|0|8.7|19.4|315|20.8|66.0|0.00|0.00|43.4659|23.8455
15|11|0|0|9.7|19.4|315|21.1|66.0|0.00|0.00|43.4653|25.0099
15|12|0|0|10.2|19.4|315|21.1|66.1|0.00|0.00|43.4659|25.0099
15|13|0|0|8.0|19.4|315|20.7|66.3|0.00|0.00|43.4688|23.8455
15|14|0|315|8.7|19.4|315|20.8|66.4|0.00|0.00|43.4706|23.8455
15|15|0|315|7.3|19.4|315|21.1|66.5|0.00|0.00|43.4729|25.0099
15|18|0|338|10.2|19.4|315|21.1|66.7|0.00|0.00|43.4755|25.0099
15|19|0|315|7.3|19.4|315|20.7|66.5|0.00|0.00|43.4779|23.8455
15|20|0|315|8.7|19.4|315|20.1|66.5|0.00|0.00|43.4749|23.8455
15|21|0|315|8.1|19.4|315|20.5|66.5|0.00|0.00|43.4764|23.8455
15|22|0|0|5.8|19.4|315|21.2|66.4|0.00|0.00|43.4734|25.0099
15|23|0|0|4.4|19.4|315|21.1|66.5|0.00|0.00|43.4737|25.0099
15|24|0|0|3.2|19.4|315|20.6|66.5|0.00|0.00|43.477|23.8455
15|25|0|0|4.4|19.4|315|20.6|66.7|0.00|0.00|43.4771|23.8455
15|27|0|45|2.9|19.4|315|20.5|66.7|0.00|0.00|43.4778|23.8455
15|28|0|45|1.6|19.4|315|20.6|66.8|0.00|0.00|43.4787|23.8455
15|29|0|315|1.5|19.4|315|20.4|66.9|0.00|0.00|43.4791|23.8455
15|30|0|225|4.4|19.4|315|20.3|67.1|0.00|0.00|43.4813|24.6709
15|31|0|135|1.6|19.4|315|20.1|67.2|0.00|0.00|43.4773|24.6709
15|32|0|270|4.8|19.4|315|19.9|67.2|0.00|0.00|43.4743|23.449
15|33|0|225|2.9|19.4|315|20.4|67.4|0.00|0.00|43.4734|24.6709
15|35|0|180|1.5|19.4|315|20.4|67.6|0.00|0.00|43.4695|24.6709
15|36|0|225|4.4|19.4|315|20.3|67.7|0.00|0.00|43.4688|24.6709
15|37|0|225|2.9|19.4|315|20.0|67.9|0.00|0.00|43.4679|24.6709
15|38|0|270|2.9|19.4|315|19.9|68.0|0.00|0.00|43.4684|24.2692
15|39|0|225|3.2|19.4|315|20.0|68.2|0.00|0.00|43.4707|25.496
15|40|0|270|5.8|19.4|315|19.9|68.3|0.00|0.00|43.4705|24.2692
15|42|0|315|7.3|19.4|315|20.4|68.3|0.00|0.00|43.4711|25.496
15|43|0|270|8.7|19.4|315|20.7|68.3|0.00|0.00|43.4701|25.496
15|44|0|315|5.8|19.4|315|20.5|68.2|0.00|0.00|43.4685|25.496
15|45|0|270|4.4|19.4|315|20.4|68.0|0.00|0.00|43.4651|25.496
15|46|0|315|8.7|19.4|315|20.1|67.7|0.00|0.00|43.4625|24.6709
15|47|0|225|4.8|19.4|315|20.7|67.7|0.00|0.00|43.4666|24.6709
15|48|0|315|7.3|19.4|315|20.7|67.2|0.00|0.00|43.4661|24.6709
15|49|0|315|7.3|19.4|315|20.7|67.1|0.00|0.00|43.464|24.6709
15|51|0|315|3.2|19.4|315|20.8|67.0|0.00|0.00|43.4634|24.6709
15|53|0|315|7.3|19.4|315|21.5|66.7|0.00|0.00|43.4609|25.0099
15|55|0|315|2.9|19.4|315|20.8|66.7|0.00|0.00|43.4614|23.8455
15|56|0|270|4.4|19.4|315|21.7|66.8|0.00|0.00|43.4596|25.0099
15|57|0|270|2.9|19.4|315|20.9|66.8|0.00|0.00|43.4598|23.8455
15|58|0|225|2.9|19.4|315|20.8|67.0|0.00|0.00|43.4552|24.6709
15|59|0|180|4.4|19.4|315|20.8|67.2|0.00|0.00|43.4558|24.6709
16|00|0|180|3.2|19.4|315|20.9|67.4|0.00|0.00|43.4528|24.6709
16|01|0|225|2.9|19.4|315|21.0|67.8|0.00|0.00|43.4532|25.8398
16|02|0|315|4.8|19.4|315|20.8|68.1|0.00|0.00|43.4533|25.496
16|03|0|225|3.2|19.4|315|20.6|68.5|0.00|0.00|43.4531|25.496
16|04|0|225|2.9|19.4|315|20.2|68.8|0.00|0.00|43.4473|25.496
16|05|0|270|4.8|19.4|315|20.2|69.1|0.00|0.00|43.4454|26.3207
16|07|0|315|4.8|19.4|315|20.4|69.4|0.00|0.00|43.4452|26.3207
16|08|0|315|5.8|19.4|315|20.2|69.5|0.00|0.00|43.4452|26.3207
16|09|0|315|5.8|19.4|315|20.2|69.6|0.00|0.00|43.4452|26.3207
16|10|0|315|5.8|19.4|315|20.5|69.8|0.00|0.00|43.4429|26.3207
16|11|0|270|11.3|19.4|315|20.4|69.9|0.00|0.00|43.4381|26.3207
16|12|0|315|4.8|19.4|315|20.1|70.1|0.00|0.00|43.4413|27.145
16|13|0|270|8.7|19.4|315|19.7|70.1|0.00|0.00|43.4411|25.9087
16|14|0|315|4.8|19.4|315|19.5|70.3|0.00|0.00|43.4391|25.9087
16|15|0|315|8.7|19.4|315|19.5|70.0|0.00|0.00|43.4397|25.9087
16|16|0|180|4.4|19.4|315|19.7|70.3|0.00|0.00|43.4412|25.9087
16|18|0|270|1.5|19.4|315|19.5|70.4|0.00|0.00|43.4455|25.9087
16|19|0|270|8.7|19.4|315|19.3|70.1|0.00|0.00|43.4423|25.9087
16|20|0|180|3.2|19.4|315|19.3|70.1|0.00|0.00|43.4416|25.9087
16|22|0|225|2.9|19.4|315|19.6|69.6|0.00|0.00|43.4507|25.0891
16|23|0|338|2.9|19.4|315|19.7|69.5|0.00|0.00|43.4379|25.0891
16|26|0|0|2.9|19.4|315|20.5|69.2|0.00|0.00|43.4507|26.3207
16|27|0|248|6.4|19.4|315|21.1|68.9|0.00|0.00|43.4542|26.6695
16|28|0|315|8.1|19.4|315|21.3|68.2|0.00|0.00|43.4468|26.6695
16|29|0|270|8.7|19.4|315|21.4|68.0|0.00|0.00|43.4446|26.6695
16|30|0|315|8.7|19.4|315|22.0|68.0|0.00|0.00|43.4448|27.7945
16|31|0|315|7.3|19.4|315|21.8|67.8|0.00|0.00|43.4453|25.8398
16|32|0|0|1.5|19.4|315|21.5|67.8|0.00|0.00|43.451|25.8398
16|33|0|338|5.8|19.4|315|21.4|67.6|0.01|0.01|43.4459|25.8398
16|34|0|315|9.7|19.4|315|21.4|67.4|0.01|0.01|43.448|25.8398
16|35|0|0|4.4|19.4|315|21.3|67.2|0.01|0.01|43.4461|25.8398
16|36|0|315|8.7|19.4|315|21.8|66.8|0.01|0.01|43.4462|25.0099
16|38|0|315|7.3|19.4|315|22.1|66.7|0.01|0.01|43.4375|26.1261
16|39|0|315|9.7|19.4|315|22.2|66.7|0.01|0.01|43.4379|26.1261
16|40|0|0|7.3|19.4|315|22.3|66.7|0.01|0.01|43.4334|26.1261
16|41|0|315|9.7|19.4|315|23.2|66.4|0.01|0.01|43.4412|27.1982
16|42|0|315|9.7|19.4|315|22.9|66.4|0.01|0.01|43.4367|26.1261
16|43|0|270|4.4|19.4|315|22.1|66.4|0.01|0.01|43.4372|26.1261
16|44|0|225|2.9|19.4|315|21.8|66.7|0.01|0.01|43.4364|25.0099
16|45|0|225|4.8|19.4|315|21.6|66.8|0.01|0.01|43.4359|25.0099
16|46|0|315|4.4|19.4|315|21.6|67.0|0.01|0.01|43.4348|25.8398
16|47|0|270|3.2|19.4|315|21.6|67.0|0.01|0.01|43.433|25.8398
16|48|0|315|4.8|19.4|315|21.7|67.1|0.01|0.01|43.4312|25.8398
16|49|0|270|1.5|19.4|315|21.6|67.2|0.01|0.01|43.4366|25.8398
16|50|0|315|6.5|19.4|315|21.7|67.2|0.01|0.01|43.4298|25.8398
16|52|0|315|8.7|19.4|315|22.1|67.2|0.01|0.01|43.4272|26.9604
16|53|0|315|10.2|19.4|315|22.4|67.1|0.01|0.01|43.4289|26.9604
16|54|0|0|8.7|19.4|315|22.2|66.9|0.01|0.01|43.4303|26.1261
16|55|0|315|2.9|19.4|315|22.3|66.9|0.01|0.01|43.4314|26.1261
16|56|0|23|4.4|19.4|315|22.0|67.1|0.01|0.01|43.4321|26.9604
16|58|0|0|3.2|19.4|315|21.6|67.3|0.01|0.01|43.4284|25.8398
16|59|0|0|7.3|19.4|315|21.5|67.3|0.01|0.01|43.4331|25.8398
17|01|0|0|6.4|19.4|315|22.0|67.2|0.01|0.01|43.4328|26.9604
17|02|0|0|2.9|19.4|315|21.9|67.1|0.01|0.01|43.4315|25.8398
17|03|0|315|9.7|19.4|315|22.0|67.0|0.01|0.01|43.4291|26.9604
17|04|0|338|5.8|19.4|315|22.6|66.8|0.01|0.01|43.4271|26.1261
17|05|0|0|5.8|19.4|315|22.0|66.8|0.01|0.01|43.4188|26.1261
17|06|0|0|8.7|19.4|315|22.1|66.9|0.01|0.01|43.4194|26.1261
17|07|0|45|5.8|19.4|315|21.8|66.7|0.01|0.01|43.4251|25.0099
17|08|0|0|3.2|19.4|315|21.7|66.5|0.01|0.01|43.426|25.0099
17|10|0|0|9.7|19.4|315|21.8|66.2|0.01|0.01|43.4298|25.0099
17|11|0|0|6.4|19.4|315|22.1|66.0|0.01|0.01|43.4286|26.1261
17|12|0|0|7.3|19.4|315|22.1|65.8|0.01|0.01|43.427|25.2914
17|13|0|0|8.1|19.4|315|22.4|65.6|0.01|0.01|43.4278|25.2914
17|16|0|315|4.8|19.4|315|23.2|65.3|0.01|0.01|43.4251|26.3592
17|17|0|0|5.8|19.4|315|22.7|65.2|0.01|0.01|43.4253|25.2914
17|19|0|270|2.9|19.4|315|22.8|64.9|0.01|0.01|43.4223|24.4564
17|20|0|270|2.9|19.4|315|22.5|64.9|0.01|0.01|43.4247|24.4564
17|22|0|0|2.9|19.4|315|22.8|64.7|0.01|0.01|43.421|24.4564
17|23|0|45|0.0|19.4|315|22.6|64.7|0.01|0.01|43.423|24.4564
17|24|0|45|2.9|19.4|315|22.8|64.7|0.01|0.01|43.4231|24.4564
17|25|0|45|4.8|19.4|315|22.9|64.7|0.01|0.01|43.4232|24.4564
17|27|0|0|2.9|19.4|315|22.9|64.6|0.01|0.01|43.4214|24.4564
17|28|0|0|5.8|19.4|315|23.1|64.5|0.01|0.01|43.4203|25.52
17|29|0|0|5.8|19.4|315|22.9|64.5|0.01|0.01|43.4194|24.4564
17|30|0|0|2.9|19.4|315|22.9|64.4|0.01|0.01|43.42|24.4564
17|32|0|0|4.4|19.4|315|23.1|64.4|0.01|0.01|43.4173|25.52
17|33|0|0|6.5|19.4|315|23.4|64.3|0.00|0.01|43.4161|25.52
17|34|0|0|7.3|19.4|315|23.2|64.2|0.00|0.01|43.4147|25.52
17|35|0|0|7.3|19.4|315|23.3|64.2|0.00|0.01|43.4134|25.52
17|36|0|0|8.1|19.4|315|23.5|64.2|0.00|0.01|43.4143|25.52
17|37|0|0|4.4|19.4|315|23.3|64.2|0.00|0.01|43.4132|25.52
17|38|0|0|2.9|19.4|315|23.7|64.2|0.00|0.01|43.4141|25.52
17|39|0|0|4.8|19.4|315|23.8|64.3|0.00|0.01|43.4131|25.52
17|40|0|0|2.9|19.4|315|23.3|64.4|0.00|0.01|43.4131|25.52
17|42|0|0|3.2|19.4|315|23.5|64.4|0.00|0.01|43.4134|25.52
17|43|0|0|2.9|19.4|315|23.3|64.4|0.00|0.01|43.4139|25.52
17|44|0|0|5.8|19.4|315|23.2|64.4|0.00|0.01|43.412|25.52
17|45|0|0|2.9|19.4|315|23.2|64.5|0.00|0.01|43.4154|25.52
17|46|0|315|4.8|19.4|315|23.4|64.5|0.00|0.01|43.4144|25.52
17|47|0|0|4.4|19.4|315|23.5|64.5|0.00|0.01|43.4148|25.52
17|48|0|0|4.8|19.4|315|23.7|64.5|0.00|0.01|43.4159|25.52
17|50|0|0|2.9|19.4|315|23.5|64.6|0.00|0.01|43.4159|25.52
17|51|0|0|2.9|19.4|315|23.3|64.7|0.00|0.01|43.4163|25.52
17|52|0|23|5.8|19.4|315|23.0|64.7|0.00|0.01|43.4161|25.52
17|53|0|45|4.8|19.4|315|23.1|64.7|0.00|0.01|43.4097|25.52
17|54|0|0|5.8|19.4|315|22.9|64.9|0.00|0.01|43.4128|24.4564
17|56|0|0|4.4|19.4|315|23.0|65.0|0.00|0.01|43.4128|26.3592
17|57|0|0|4.8|19.4|315|22.9|65.1|0.00|0.01|43.4187|25.2914
17|58|0|45|2.9|19.4|315|22.9|65.1|0.00|0.01|43.4196|25.2914
17|59|0|0|4.8|19.4|315|22.8|65.1|0.00|0.01|43.4189|25.2914
18|00|0|45|1.5|19.4|315|23.0|65.0|0.00|0.01|43.4177|26.3592
18|01|0|0|5.8|19.4|315|22.8|65.0|0.00|0.01|43.4174|25.2914
18|02|0|0|2.9|19.4|315|22.7|65.0|0.00|0.01|43.418|25.2914
18|03|0|0|4.4|19.4|315|22.5|64.9|0.00|0.01|43.4172|24.4564
18|04|0|0|2.9|19.4|315|22.7|64.9|0.00|0.01|43.4181|24.4564
18|05|0|0|1.5|19.4|315|22.6|64.9|0.00|0.01|43.416|24.4564
18|06|0|0|1.5|19.4|315|22.5|65.1|0.00|0.01|43.419|25.2914
18|07|0|0|3.2|19.4|315|22.6|65.2|0.00|0.01|43.4196|25.2914
18|08|0|90|1.5|19.4|315|22.6|65.2|0.00|0.01|43.4201|25.2914
18|09|0|0|1.6|19.4|315|22.6|65.3|0.00|0.01|43.4219|25.2914
18|11|0|45|0.0|19.4|315|22.4|65.2|0.00|0.01|43.4213|25.2914
18|12|0|45|1.6|19.4|315|22.7|65.2|0.00|0.01|43.421|25.2914
18|13|0|0|3.2|19.4|315|23.6|65.2|0.00|0.01|43.4199|26.3592
18|15|0|0|1.6|19.4|315|22.8|65.1|0.00|0.01|43.4208|25.2914
18|16|0|0|1.5|19.4|315|22.8|65.1|0.00|0.01|43.4205|25.2914
18|17|0|0|0.0|19.4|315|23.1|65.1|0.00|0.01|43.4205|26.3592
18|21|0|180|0.0|19.4|315|23.3|65.1|0.00|0.01|43.4205|26.3592
18|22|0|315|0.0|19.4|315|23.0|65.1|0.00|0.01|43.4197|26.3592
18|24|0|225|0.0|19.4|315|22.9|65.1|0.00|0.01|43.4223|25.2914
18|25|0|315|2.9|19.4|315|22.9|65.1|0.00|0.01|43.4192|25.2914
18|26|0|270|2.9|19.4|315|23.4|65.0|0.00|0.01|43.4185|26.3592
18|27|0|315|4.4|19.4|315|24.1|65.0|0.00|0.01|43.4185|27.3867
18|28|0|315|4.8|19.4|315|24.4|64.7|0.00|0.01|43.417|26.5434
18|29|0|315|4.4|19.4|315|24.5|64.6|0.00|0.01|43.416|26.5434
18|30|0|0|3.2|19.4|315|24.8|64.5|0.00|0.01|43.4155|26.5434
18|32|0|315|7.3|19.4|315|24.4|64.3|0.00|0.01|43.4152|26.5434
18|33|0|315|4.8|19.4|315|24.0|64.1|0.00|0.01|43.415|26.5434
18|34|0|315|4.4|19.4|315|24.4|64.0|0.00|0.01|43.418|26.5434
18|35|0|315|4.8|19.4|315|25.3|63.8|0.00|0.01|43.4163|26.6821
18|38|0|315|5.8|19.4|315|24.6|63.6|0.00|0.01|43.4203|25.6997
18|39|0|315|4.4|19.4|315|25.0|63.5|0.00|0.01|43.419|26.6821
18|40|0|338|4.8|19.4|315|24.4|63.4|0.00|0.01|43.4204|25.6997
18|41|0|0|5.8|19.4|315|24.6|63.3|0.00|0.01|43.4188|25.6997
18|42|0|0|3.2|19.4|315|25.2|63.3|0.00|0.01|43.4201|26.6821
18|43|0|0|3.2|19.4|315|25.0|63.3|0.00|0.01|43.417|26.6821
18|44|0|315|4.4|19.4|315|24.7|63.2|0.00|0.01|43.4179|25.6997
18|45|0|0|3.2|19.4|315|24.7|63.2|0.00|0.01|43.4173|25.6997
18|46|0|0|2.9|19.4|315|24.6|63.2|0.00|0.01|43.4182|25.6997
18|47|0|0|0.0|19.4|315|24.4|63.2|0.00|0.01|43.4176|25.6997
18|48|0|315|2.9|19.4|315|24.8|63.2|0.00|0.01|43.4181|25.6997
18|49|0|315|2.9|19.4|315|25.3|63.3|0.00|0.01|43.4189|26.6821
18|51|0|270|1.5|19.4|315|25.8|63.2|0.00|0.01|43.417|26.6821
18|52|0|315|4.8|19.4|315|25.2|63.2|0.00|0.01|43.4166|26.6821
18|53|0|315|2.9|19.4|315|25.4|63.0|0.00|0.01|43.4159|26.6821
18|54|0|315|2.9|19.4|315|25.4|63.0|0.00|0.01|43.4149|26.6821
18|55|0|315|3.2|19.4|315|25.7|62.9|0.00|0.01|43.4136|25.8342
18|56|0|315|1.5|19.4|315|26.0|62.9|0.00|0.01|43.4158|26.7786
18|57|0|315|3.2|19.4|315|25.9|62.8|0.00|0.01|43.4127|25.8342
18|58|0|315|2.9|19.4|315|25.6|62.8|0.00|0.01|43.414|25.8342
18|59|0|315|1.5|19.4|315|26.2|62.8|0.00|0.01|43.4125|26.7786
19|00|0|0|2.9|19.4|315|25.8|62.7|0.00|0.01|43.4117|25.8342
19|02|0|0|3.2|19.4|315|25.3|62.6|0.00|0.01|43.4083|25.8342
19|03|0|315|1.5|19.4|315|25.5|62.6|0.00|0.01|43.41|25.8342
19|04|0|180|0.0|19.4|315|26.0|62.5|0.00|0.01|43.4084|26.7786
19|05|0|180|1.5|19.4|315|26.0|62.5|0.00|0.01|43.4108|26.7786
19|06|0|315|1.5|19.4|315|25.5|62.5|0.00|0.01|43.4102|25.8342
19|07|0|270|3.2|19.4|315|25.3|62.5|0.00|0.01|43.4093|25.8342
19|09|0|315|1.5|19.4|315|25.3|62.5|0.00|0.01|43.4089|25.8342
19|10|0|225|1.5|19.4|315|25.3|62.6|0.00|0.01|43.4103|25.8342
19|11|0|315|4.8|19.4|315|25.1|62.6|0.00|0.01|43.4089|25.8342
19|12|0|315|1.5|19.4|315|25.2|62.6|0.00|0.01|43.4113|25.8342
19|13|0|248|4.8|19.4|315|25.1|62.5|0.00|0.01|43.4083|25.8342
19|14|0|315|4.4|19.4|315|25.1|62.5|0.00|0.01|43.4092|25.8342
19|15|0|270|4.4|19.4|315|25.2|62.5|0.00|0.01|43.4089|25.8342
19|16|0|270|0.0|19.4|315|25.0|62.5|0.00|0.01|43.4074|25.8342
19|17|0|315|2.9|19.4|315|25.1|62.6|0.00|0.01|43.4065|25.8342
19|19|0|315|3.2|19.4|315|25.0|62.6|0.00|0.01|43.406|25.8342
19|20|0|270|1.5|19.4|315|25.0|62.6|0.00|0.01|43.4063|25.8342
19|22|0|270|2.9|19.4|315|24.9|62.6|0.00|0.01|43.4064|24.8558
19|23|0|315|2.9|19.4|315|25.2|62.6|0.00|0.01|43.4062|25.8342
19|24|0|270|4.4|19.4|315|24.8|62.5|0.00|0.01|43.4048|24.8558
19|26|0|225|2.9|19.4|315|24.7|62.5|0.00|0.01|43.4038|24.8558
19|27|0|270|3.2|19.4|315|24.7|62.6|0.00|0.01|43.406|24.8558
19|28|0|270|2.9|19.4|315|24.7|62.6|0.00|0.01|43.4039|24.8558
19|29|0|225|2.9|19.4|315|24.7|62.6|0.00|0.01|43.405|24.8558
19|30|0|270|5.8|19.4|315|24.6|62.6|0.00|0.01|43.4047|24.8558
19|31|0|315|5.8|19.4|315|24.5|62.6|0.00|0.01|43.4033|24.8558
19|32|0|270|6.4|19.4|315|24.4|62.6|0.00|0.01|43.4054|24.8558
19|33|0|270|5.8|19.4|315|24.5|62.6|0.00|0.01|43.4054|24.8558
19|35|0|270|2.9|19.4|315|24.6|62.6|0.00|0.01|43.4069|24.8558
19|36|0|270|4.4|19.4|315|24.5|62.6|0.00|0.01|43.4049|24.8558
19|37|0|270|2.9|19.4|315|24.5|62.7|0.00|0.01|43.4077|24.8558
19|38|0|270|1.5|19.4|315|24.5|62.7|0.00|0.01|43.4079|24.8558
19|39|0|315|1.6|19.4|315|24.6|62.7|0.00|0.01|43.407|24.8558
19|41|0|270|1.5|19.4|315|24.5|62.7|0.00|0.01|43.4074|24.8558
19|42|0|225|0.0|19.4|315|24.5|62.7|0.00|0.01|43.4073|24.8558
19|45|0|270|1.6|19.4|315|24.5|62.8|0.00|0.01|43.4092|24.8558
19|46|0|225|2.9|19.4|315|24.5|62.9|0.00|0.01|43.4102|24.8558
19|47|0|225|2.9|19.4|315|24.5|62.9|0.00|0.01|43.4103|24.8558
19|48|0|270|2.9|19.4|315|24.5|62.9|0.00|0.01|43.4086|24.8558
19|49|0|225|4.4|19.4|315|24.5|62.8|0.00|0.01|43.4077|24.8558
19|50|0|225|10.2|19.4|315|24.5|62.8|0.00|0.01|43.4048|24.8558
19|51|0|225|5.8|19.4|315|24.6|62.7|0.00|0.01|43.4062|24.8558
19|52|0|225|4.4|19.4|315|24.7|62.7|0.00|0.01|43.4078|24.8558
19|53|0|225|4.4|19.4|315|24.7|62.6|0.00|0.01|43.408|24.8558
19|54|0|270|4.8|19.4|315|24.8|62.6|0.00|0.01|43.4069|24.8558
19|56|0|225|3.2|19.4|315|24.9|62.6|0.00|0.01|43.4063|24.8558
19|57|0|180|1.5|19.4|315|25.0|62.6|0.00|0.01|43.4039|25.8342
19|58|0|225|2.9|19.4|315|25.1|62.6|0.00|0.01|43.4055|25.8342
19|59|0|225|2.9|19.4|315|25.0|62.6|0.00|0.01|43.4062|25.8342
20|00|0|225|4.4|19.4|315|25.0|62.5|0.00|0.01|43.4023|25.8342
20|01|0|225|3.2|19.4|315|25.0|62.5|0.00|0.01|43.4052|25.8342
20|02|0|225|14.5|19.4|315|25.1|62.5|0.00|0.01|43.404|25.8342
20|03|0|225|4.4|19.4|315|25.1|62.4|0.00|0.01|43.4036|25.8342
20|04|0|225|4.8|19.4|315|25.2|62.4|0.00|0.01|43.4024|25.8342
20|05|0|270|1.5|19.4|315|25.3|62.4|0.00|0.01|43.4055|25.8342
20|06|0|315|1.5|19.4|315|25.3|62.4|0.00|0.01|43.4041|25.8342
20|07|0|180|2.9|19.4|315|25.3|62.3|0.00|0.01|43.4043|25.8342
20|08|0|225|2.9|19.4|315|25.4|62.3|0.00|0.01|43.4043|25.8342
20|10|0|225|1.6|19.4|315|25.5|62.2|0.00|0.01|43.4047|25.8342
20|11|0|225|5.8|19.4|315|25.6|62.2|0.00|0.01|43.4032|25.8342
20|12|0|270|5.8|19.4|315|25.7|62.2|0.00|0.01|43.4049|25.8342
20|13|0|270|6.4|19.4|315|25.9|62.0|0.00|0.01|43.405|25.8342
20|14|0|270|7.3|19.4|315|26.0|62.0|0.00|0.01|43.4069|26.7786
20|15|0|225|2.9|19.4|315|26.1|61.9|0.00|0.01|43.4045|25.9266
20|16|0|225|4.8|19.4|315|26.1|61.9|0.00|0.01|43.4034|25.9266
20|17|0|315|1.5|19.4|315|26.1|61.9|0.00|0.01|43.4033|25.9266
20|18|0|270|2.9|19.4|315|26.2|61.9|0.00|0.01|43.4034|25.9266
20|19|0|270|6.4|19.4|315|26.2|61.9|0.00|0.01|43.402|25.9266
20|20|0|270|4.4|19.4|315|26.3|61.9|0.00|0.01|43.4011|25.9266
20|21|0|225|5.8|19.4|315|26.3|61.8|0.00|0.01|43.4|25.9266
20|22|0|225|1.6|19.4|315|26.4|61.8|0.00|0.01|43.4011|25.9266
20|24|0|225|0.0|19.4|315|26.4|61.8|0.00|0.01|43.4041|25.9266
20|25|0|270|1.5|19.4|315|26.4|61.8|0.00|0.01|43.4058|25.9266
20|26|0|270|1.5|19.4|315|26.5|61.7|0.00|0.01|43.4077|25.9266
20|27|0|225|1.5|19.4|315|26.5|61.7|0.00|0.01|43.4085|25.9266
20|28|0|225|2.9|19.4|315|26.6|61.7|0.00|0.01|43.4086|25.9266
20|30|0|180|2.9|19.4|315|26.5|61.6|0.00|0.01|43.4081|25.9266
20|31|0|225|2.9|19.4|315|26.6|61.6|0.00|0.01|43.4077|25.9266
20|32|0|225|1.6|19.4|315|26.6|61.5|0.00|0.01|43.4046|25.9266
20|33|0|225|0.0|19.4|315|26.7|61.6|0.00|0.01|43.4064|25.9266
20|34|0|225|1.6|19.4|315|26.7|61.5|0.00|0.01|43.4048|25.9266
20|35|0|225|1.5|19.4|315|26.7|61.6|0.00|0.01|43.4067|25.9266
20|36|0|225|1.5|19.4|315|26.7|61.5|0.00|0.01|43.4054|25.9266
20|37|0|225|1.6|19.4|315|26.8|61.6|0.00|0.01|43.4068|25.9266
20|38|0|225|1.5|19.4|315|26.8|61.6|0.00|0.01|43.4063|25.9266
20|40|0|180|1.5|19.4|315|26.9|61.5|0.00|0.01|43.4083|25.9266
20|41|0|180|1.5|19.4|315|26.9|61.5|0.00|0.01|43.4092|25.9266
20|42|0|225|3.2|19.4|315|26.9|61.5|0.00|0.01|43.4106|25.9266
20|43|0|180|2.9|19.4|315|26.9|61.5|0.00|0.01|43.4127|25.9266
20|44|0|180|4.4|19.4|315|27.0|61.4|0.00|0.01|43.4124|26.8356
20|45|0|180|1.6|19.4|315|27.0|61.2|0.00|0.01|43.4126|26.8356
20|46|0|180|2.9|19.4|315|27.2|61.2|0.00|0.01|43.4135|26.8356
20|47|0|180|2.9|19.4|315|27.2|61.1|0.00|0.01|43.4126|26.8356
20|48|0|180|3.2|19.4|315|27.2|61.0|0.00|0.01|43.4101|26.8356
20|50|0|180|4.4|19.4|315|27.3|60.9|0.00|0.01|43.4124|25.9797
20|51|0|180|5.8|19.4|315|27.3|60.8|0.00|0.01|43.4128|25.9797
20|52|0|180|4.8|19.4|315|27.4|60.7|0.00|0.01|43.4125|25.9797
20|53|0|225|1.5|19.4|315|27.5|60.7|0.00|0.01|43.4152|25.9797
20|54|0|180|3.2|19.4|315|27.6|60.7|0.00|0.01|43.4144|25.9797
20|55|0|135|1.5|19.4|315|27.7|60.7|0.00|0.01|43.4144|25.9797
20|56|0|180|1.5|19.4|315|27.7|60.7|0.00|0.01|43.4128|25.9797
20|57|0|180|1.5|19.4|315|27.7|60.6|0.00|0.01|43.411|25.9797
20|58|0|135|4.8|19.4|315|27.7|60.6|0.00|0.01|43.4128|25.9797
20|59|0|225|2.9|19.4|315|27.7|60.6|0.00|0.01|43.4127|25.9797
21|00|0|180|3.2|19.4|315|27.8|60.6|0.00|0.01|43.4151|25.9797
21|01|0|135|1.5|19.4|315|27.8|60.5|0.00|0.01|43.4126|25.9797
21|02|0|180|2.9|19.4|315|27.8|60.5|0.00|0.01|43.412|25.9797
21|03|0|135|1.5|19.4|315|27.9|60.5|0.00|0.01|43.4134|25.9797
21|04|0|180|2.9|19.4|315|27.8|60.5|0.00|0.01|43.4116|25.9797
21|06|0|135|3.2|19.4|315|27.8|60.5|0.00|0.01|43.4118|25.9797
21|08|0|180|1.6|19.4|315|27.8|60.3|0.00|0.01|43.4102|25.9797
21|09|0|180|1.6|19.4|315|27.8|60.3|0.00|0.01|43.4095|25.9797
21|10|0|180|1.5|19.4|315|27.8|60.3|0.00|0.01|43.4116|25.9797
21|11|0|135|1.5|19.4|315|27.8|60.3|0.00|0.01|43.4111|25.9797
21|12|0|135|0.0|19.4|315|27.8|60.3|0.00|0.01|43.4093|25.9797
21|14|0|180|1.5|19.4|315|27.9|60.3|0.00|0.01|43.4078|25.9797
21|15|0|180|1.6|19.4|315|28.0|60.3|0.00|0.01|43.4055|26.8558
21|16|0|180|0.0|19.4|315|28.0|60.3|0.00|0.01|43.4078|26.8558
21|17|0|180|0.0|19.4|315|28.0|60.2|0.00|0.01|43.406|26.8558
21|18|0|180|1.5|19.4|315|28.1|60.2|0.00|0.01|43.4086|26.8558
21|19|0|180|2.9|19.4|315|28.1|60.1|0.00|0.01|43.4058|26.8558
21|21|0|180|1.6|19.4|315|28.2|60.0|0.00|0.01|43.4077|26.8558
21|24|0|225|4.8|19.4|315|28.6|59.9|0.00|0.01|43.4061|25.996
21|25|0|180|2.9|19.4|315|28.6|59.8|0.00|0.01|43.4054|25.996
21|26|0|180|2.9|19.4|315|28.8|59.7|0.00|0.01|43.4038|25.996
21|27|0|180|1.6|19.4|315|28.8|59.6|0.00|0.01|43.404|25.996
21|28|0|180|2.9|19.4|315|28.8|59.6|0.00|0.01|43.4047|25.996
21|29|0|180|1.6|19.4|315|28.8|59.5|0.00|0.01|43.4071|25.996
21|30|0|180|1.5|19.4|315|28.8|59.5|0.00|0.01|43.4039|25.996
21|32|0|180|1.5|19.4|315|28.8|59.5|0.00|0.01|43.4067|25.996
21|33|0|180|1.6|19.4|315|28.9|59.5|0.00|0.01|43.4064|25.996
21|34|0|225|1.5|19.4|315|28.9|59.3|0.00|0.01|43.4061|25.996
21|35|0|180|0.0|19.4|315|28.9|59.3|0.00|0.01|43.405|25.996
21|36|0|180|0.0|19.4|315|28.9|59.3|0.00|0.01|43.406|25.996
21|37|0|180|1.5|19.4|315|28.9|59.3|0.00|0.01|43.4056|25.996
21|39|0|180|1.6|19.4|315|28.9|59.3|0.00|0.01|43.4073|25.996
21|40|0|180|0.0|19.4|315|28.9|59.3|0.00|0.01|43.4062|25.996
21|41|0|180|0.0|19.4|315|29.0|59.3|0.00|0.01|43.4057|26.8414
21|42|0|180|0.0|19.4|315|29.7|59.3|0.00|0.01|43.4086|26.8414
21|44|0|180|0.0|19.4|315|29.7|59.1|0.00|0.01|43.4056|26.8414
21|46|0|180|1.6|19.4|315|29.4|59.0|0.00|0.01|43.4068|26.8414
21|47|0|180|0.0|19.4|315|29.5|58.9|0.00|0.01|43.407|25.9779
21|48|0|180|0.0|19.4|315|29.4|58.8|0.00|0.01|43.4043|25.9779
21|49|0|225|1.6|19.4|315|29.5|58.8|0.00|0.01|43.4043|25.9779
21|50|0|225|0.0|19.4|315|29.5|58.7|0.00|0.01|43.4053|25.9779
21|53|0|225|1.5|19.4|315|30.0|58.4|0.00|0.01|43.4094|26.7945
21|55|0|225|1.6|19.4|315|29.9|58.4|0.00|0.01|43.4133|25.9779
21|56|0|225|0.0|19.4|315|29.9|58.3|0.00|0.01|43.4108|25.9779
21|57|0|225|0.0|19.4|315|29.9|58.3|0.00|0.01|43.4124|25.9779
21|58|0|225|0.0|19.4|315|29.9|58.2|0.00|0.01|43.412|25.9779
22|01|0|225|1.5|19.4|315|30.0|58.2|0.00|0.01|43.4172|26.7945
22|02|0|225|0.0|19.4|315|30.1|58.2|0.00|0.01|43.4203|26.7945
22|03|0|225|0.0|19.4|315|30.0|58.2|0.00|0.01|43.4227|26.7945
22|04|0|225|0.0|19.4|315|30.0|58.1|0.00|0.01|43.4231|26.7945
22|05|0|225|0.0|19.4|315|30.0|58.1|0.00|0.01|43.4253|26.7945
22|06|0|225|2.9|19.4|315|30.0|58.1|0.00|0.01|43.4266|26.7945
22|07|0|225|1.5|19.4|315|30.0|58.0|0.00|0.01|43.4268|26.7945
22|08|0|225|1.5|19.4|315|30.2|58.0|0.00|0.01|43.4263|26.7945
22|09|0|225|3.2|19.4|315|30.1|58.0|0.00|0.01|43.4263|26.7945
22|10|0|225|1.5|19.4|315|30.0|58.0|0.00|0.01|43.4271|26.7945
22|11|0|203|2.9|19.4|315|30.1|57.9|0.00|0.01|43.4263|25.9273
22|12|0|225|3.2|19.4|315|30.1|57.9|0.00|0.01|43.4304|25.9273
22|13|0|225|2.9|19.4|315|30.1|57.9|0.00|0.01|43.4325|25.9273
22|15|0|270|1.5|19.4|315|29.9|57.9|0.00|0.01|43.4353|25.1141
22|16|0|225|1.5|19.4|315|29.9|57.9|0.00|0.01|43.4358|25.1141
22|17|0|225|1.6|19.4|315|29.7|57.9|0.00|0.01|43.4369|25.1141
22|18|0|180|2.9|19.4|315|29.7|57.9|0.00|0.01|43.4366|25.1141
22|19|0|225|1.5|19.4|315|29.5|58.0|0.00|0.01|43.4373|25.9779
22|21|0|225|1.5|19.4|315|29.6|58.0|0.00|0.01|43.4381|25.9779
22|22|0|225|4.4|19.4|315|29.5|58.0|0.00|0.01|43.4372|25.9779
22|23|0|270|2.9|19.4|315|29.3|58.0|0.00|0.01|43.4364|25.9779
22|24|0|248|2.9|19.4|315|29.3|58.0|0.00|0.01|43.4359|25.9779
22|25|0|225|4.4|19.4|315|29.3|58.1|0.00|0.01|43.4355|25.9779
22|26|0|225|1.6|19.4|315|29.2|58.1|0.00|0.01|43.4378|25.9779
22|27|0|225|8.7|19.4|315|29.3|58.1|0.00|0.01|43.4389|25.9779
22|28|0|270|1.6|19.4|315|29.1|58.2|0.00|0.01|43.438|25.9779
22|29|0|270|7.3|19.4|315|29.2|58.1|0.00|0.01|43.434|25.9779
22|30|0|225|2.9|19.4|315|29.4|58.2|0.00|0.01|43.4355|25.9779
22|31|0|225|2.9|19.4|315|29.3|58.3|0.00|0.01|43.4362|25.9779
22|32|0|248|2.9|19.4|315|29.4|58.3|0.00|0.01|43.4363|25.9779
22|34|0|270|6.4|19.4|315|29.8|58.4|0.00|0.01|43.4353|25.9779
22|35|0|225|7.3|19.4|315|30.4|58.5|0.00|0.01|43.4393|26.7945
22|36|0|225|6.4|19.4|315|30.7|58.5|0.00|0.01|43.4419|26.7945
22|37|0|270|2.9|19.4|315|30.8|58.5|0.00|0.01|43.4426|26.7945
22|39|0|225|5.8|19.4|315|30.9|58.7|0.00|0.01|43.4438|26.7945
22|40|0|225|4.4|19.4|315|30.9|58.7|0.00|0.01|43.4437|26.7945
22|41|0|225|5.8|19.4|315|31.1|58.7|0.00|0.01|43.443|27.5873
22|42|0|225|5.8|19.4|315|31.2|58.8|0.00|0.01|43.4453|27.5873
22|43|0|225|1.6|19.4|315|31.3|58.8|0.00|0.01|43.4436|27.5873
22|44|0|225|4.8|19.4|315|31.5|58.9|0.00|0.01|43.4442|27.5873
22|45|0|225|10.2|19.4|315|31.7|58.8|0.00|0.01|43.4407|27.5873
22|46|0|225|3.2|19.4|315|31.9|58.8|0.00|0.01|43.4397|27.5873
22|47|0|203|8.1|19.4|315|32.1|58.8|0.00|0.01|43.4387|28.3578
22|48|0|225|7.3|19.4|315|32.2|58.8|0.00|0.01|43.4397|28.3578
22|49|0|225|1.6|19.4|315|32.2|58.8|0.00|0.01|43.4422|28.3578
22|50|0|225|4.4|19.4|315|32.2|58.8|0.00|0.01|43.4412|28.3578
22|51|0|225|8.7|19.4|315|32.2|58.8|0.00|0.01|43.4401|28.3578
22|53|0|225|1.6|19.4|315|32.3|58.8|0.00|0.01|43.4411|28.3578
22|54|0|225|4.4|19.4|315|32.5|58.8|0.00|0.01|43.4397|28.3578
22|55|0|225|4.4|19.4|315|32.5|58.8|0.00|0.01|43.4391|28.3578
22|56|0|225|6.4|19.4|315|32.6|58.8|0.00|0.01|43.4367|28.3578
22|57|0|180|13.1|19.4|315|32.7|58.8|0.00|0.01|43.437|28.3578
22|58|0|225|5.8|19.4|315|32.7|58.7|0.00|0.01|43.4351|28.3578
22|59|0|225|3.2|19.4|315|32.7|58.7|0.00|0.01|43.4373|28.3578
23|00|0|180|4.4|19.4|315|32.8|58.7|0.00|0.01|43.4374|28.3578
23|01|0|180|5.8|19.4|315|32.7|58.7|0.00|0.01|43.4367|28.3578
23|02|0|180|5.8|19.4|315|32.7|58.7|0.00|0.01|43.4363|28.3578
23|03|0|180|4.4|19.4|315|32.5|58.5|0.00|0.01|43.4333|28.3578
23|04|0|225|6.4|19.4|315|32.5|58.7|0.00|0.01|43.4364|28.3578
23|05|0|225|6.4|19.4|315|32.5|58.5|0.00|0.01|43.4351|28.3578
23|08|0|180|2.9|19.4|315|32.4|58.7|0.00|0.01|43.4392|28.3578
23|09|0|225|7.3|19.4|315|32.4|58.8|0.00|0.01|43.4396|28.3578
23|10|0|135|5.8|19.4|315|32.3|58.8|0.00|0.01|43.4388|28.3578
23|13|0|225|3.2|19.4|315|32.2|58.9|0.00|0.01|43.4366|28.3578
23|14|0|225|2.9|19.4|315|32.1|58.9|0.00|0.01|43.4369|28.3578
23|15|0|225|1.5|19.4|315|32.1|58.9|0.00|0.01|43.4358|28.3578
23|16|0|225|1.5|19.4|315|32.1|58.9|0.00|0.01|43.4349|28.3578
23|17|0|225|2.9|19.4|315|32.0|58.9|0.00|0.01|43.4335|28.3578
23|18|0|225|1.6|19.4|315|32.0|58.9|0.00|0.01|43.4316|28.3578
23|19|0|225|1.5|19.4|315|32.0|58.9|0.00|0.01|43.4294|28.3578
23|20|0|180|2.9|19.4|315|32.0|58.9|0.00|0.01|43.4292|28.3578
23|21|0|180|6.4|19.4|315|32.1|58.8|0.00|0.01|43.4227|28.3578
23|22|0|180|2.9|19.4|315|31.9|58.8|0.00|0.01|43.4227|27.5873
23|23|0|180|1.6|19.4|315|31.9|58.8|0.00|0.01|43.4189|27.5873
23|25|0|180|1.5|19.4|315|31.9|58.8|0.00|0.01|43.4159|27.5873
23|27|0|180|2.9|19.4|315|31.8|58.8|0.00|0.01|43.4117|27.5873
23|28|0|180|0.0|19.4|315|31.7|58.8|0.00|0.01|43.409|27.5873
23|29|0|180|0.0|19.4|315|31.7|58.8|0.00|0.01|43.4065|27.5873
23|30|0|180|0.0|19.4|315|31.7|58.8|0.00|0.01|43.4078|27.5873
23|32|0|180|0.0|19.4|315|31.6|58.8|0.00|0.01|43.4058|27.5873
23|33|0|180|1.5|19.4|315|31.6|58.8|0.00|0.01|43.4032|27.5873
23|34|0|180|1.5|19.4|315|31.7|58.8|0.00|0.01|43.4008|27.5873
23|35|0|180|1.6|19.4|315|31.7|58.8|0.00|0.01|43.4012|27.5873
23|36|0|180|1.5|19.4|315|31.9|58.8|0.00|0.01|43.3984|27.5873
23|37|0|90|1.5|19.4|315|31.8|58.8|0.00|0.01|43.3975|27.5873
23|38|0|90|2.9|19.4|315|31.8|58.7|0.00|0.01|43.3935|27.5873
23|39|0|90|1.5|19.4|315|31.9|58.7|0.00|0.01|43.3921|27.5873
23|40|0|90|2.9|19.4|315|32.0|58.5|0.00|0.01|43.3894|28.3578
23|42|0|90|1.5|19.4|315|32.1|58.4|0.00|0.01|43.3846|28.3578
23|43|0|90|1.6|19.4|315|32.3|58.4|0.00|0.01|43.3855|28.3578
23|45|0|90|0.0|19.4|315|32.4|58.3|0.00|0.01|43.3836|28.3578
23|46|0|90|0.0|19.4|315|32.4|58.3|0.00|0.01|43.3841|28.3578
23|47|0|90|0.0|19.4|315|32.4|58.3|0.00|0.01|43.3826|28.3578
23|48|0|90|0.0|19.4|315|32.5|58.3|0.00|0.01|43.3825|28.3578
23|49|0|90|0.0|19.4|315|32.4|58.2|0.00|0.01|43.381|28.3578
23|50|0|90|1.5|19.4|315|32.5|58.2|0.00|0.01|43.379|28.3578
23|51|0|90|0.0|19.4|315|32.6|58.1|0.00|0.01|43.3784|28.3578
23|52|0|90|1.5|19.4|315|32.7|58.1|0.00|0.01|43.3786|28.3578
23|53|0|90|0.0|19.4|315|32.8|58.0|0.00|0.01|43.3773|28.3578
23|54|0|90|1.6|19.4|315|32.9|58.0|0.00|0.01|43.3743|28.3578
23|55|0|90|1.5|19.4|315|32.9|57.9|0.00|0.01|43.3735|27.4842
23|56|0|90|1.6|19.4|315|33.0|57.9|0.00|0.01|43.3757|28.2306
23|57|0|180|1.5|19.4|315|33.1|57.8|0.00|0.01|43.3758|28.2306
23|58|0|180|1.5|19.4|315|33.3|57.7|0.00|0.01|43.3763|28.2306
