00|00|0|135|1.5|29.0|0|28.8|50.9|0.01|0.01|43.5654|18.2455
00|01|0|135|1.6|29.0|0|28.8|50.8|0.01|0.01|43.5676|18.2455
00|02|0|135|0.0|29.0|0|28.9|50.8|0.01|0.01|43.566|18.2455
00|04|0|135|0.0|29.0|0|29.0|50.8|0.01|0.01|43.5662|19.06
00|05|0|135|0.0|29.0|0|29.2|50.8|0.01|0.01|43.565|19.06
00|06|0|135|0.0|29.0|0|30.2|50.8|0.01|0.01|43.5671|19.8499
00|08|0|135|0.0|29.0|0|33.5|50.7|0.01|0.01|43.5664|22.087
00|10|0|135|1.5|29.0|0|31.9|50.5|0.01|0.01|43.5672|20.6169
00|11|0|135|0.0|29.0|0|32.0|50.3|0.01|0.01|43.5657|21.3621
00|12|0|135|0.0|29.0|0|32.6|50.2|0.01|0.01|43.5637|21.3621
00|13|0|135|0.0|29.0|0|32.9|50.2|0.01|0.01|43.5646|21.3621
00|14|0|135|0.0|29.0|0|32.5|50.1|0.01|0.01|43.5662|21.3621
00|16|0|135|0.0|29.0|0|33.1|50.0|0.01|0.01|43.571|22.087
00|17|0|135|0.0|29.0|0|35.1|50.0|0.01|0.01|43.5717|23.4802
00|18|0|135|1.5|29.0|0|40.5|49.8|0.01|0.01|43.5727|25.7786
00|20|0|135|1.5|29.0|0|41.7|49.5|0.01|0.01|43.5752|26.3725
00|22|0|135|1.5|29.0|0|41.8|49.4|0.01|0.01|43.5764|26.3725
00|24|0|135|1.5|29.0|0|37.1|49.1|0.01|0.01|43.5769|23.9144
00|25|0|135|0.0|29.0|0|35.5|49.1|0.01|0.01|43.5797|22.5957
00|26|0|135|0.0|29.0|0|35.3|49.0|0.01|0.01|43.5799|22.5957
00|27|0|135|0.0|29.0|0|35.3|48.9|0.01|0.01|43.5772|21.711
00|28|0|135|1.6|29.0|0|35.7|48.9|0.01|0.01|43.5786|21.711
00|29|0|135|1.5|29.0|0|36.7|48.9|0.01|0.01|43.5773|22.3756
00|30|0|135|0.0|29.0|0|36.8|48.9|0.01|0.01|43.5774|22.3756
00|31|0|135|0.0|29.0|0|36.8|48.8|0.01|0.01|43.5772|22.3756
00|32|0|135|0.0|29.0|0|36.8|48.8|0.01|0.01|43.5761|22.3756
00|33|0|135|0.0|29.0|0|36.7|48.9|0.01|0.01|43.5772|22.3756
00|34|0|135|0.0|29.0|0|36.4|48.8|0.01|0.01|43.5767|22.3756
00|35|0|135|0.0|29.0|0|36.4|48.8|0.01|0.01|43.5754|22.3756
00|38|0|135|0.0|29.0|0|36.5|48.8|0.01|0.01|43.5772|22.3756
00|39|0|135|0.0|29.0|0|36.8|48.8|0.01|0.01|43.578|22.3756
00|40|0|135|0.0|29.0|0|37.3|48.8|0.01|0.01|43.5786|23.0241
00|41|0|135|0.0|29.0|0|36.3|48.8|0.01|0.01|43.5786|22.3756
00|42|0|135|0.0|29.0|0|35.5|48.8|0.01|0.01|43.5792|21.711
00|43|0|135|0.0|29.0|0|34.9|48.8|0.01|0.01|43.5789|21.0292
00|44|0|135|0.0|29.0|0|34.5|48.7|0.01|0.01|43.5792|21.0292
00|45|0|135|0.0|29.0|0|34.3|48.7|0.01|0.01|43.5802|21.0292
00|46|0|135|0.0|29.0|0|33.5|48.7|0.00|0.01|43.5798|20.3295
00|48|0|135|0.0|29.0|0|32.0|48.7|0.00|0.01|43.5831|19.6107
00|49|0|135|0.0|29.0|0|32.0|48.7|0.00|0.01|43.5853|19.6107
00|50|0|135|0.0|29.0|0|33.0|48.5|0.00|0.01|43.5858|20.3295
00|51|0|135|0.0|29.0|0|34.3|48.5|0.00|0.01|43.5869|21.0292
00|52|0|135|0.0|29.0|0|35.3|48.5|0.00|0.01|43.5857|21.711
00|53|0|135|1.5|29.0|0|36.1|48.5|0.00|0.01|43.589|22.3756
00|54|0|90|1.6|29.0|0|38.9|48.5|0.00|0.01|43.5878|23.6572
00|55|0|90|1.5|29.0|0|40.0|48.5|0.00|0.01|43.5908|24.8803
00|56|0|90|0.0|29.0|0|40.4|48.5|0.00|0.01|43.5928|24.8803
00|57|0|179|1.5|29.0|0|41.0|48.5|0.00|0.01|43.5931|25.4717
00|59|0|90|0.0|29.0|0|42.0|48.5|0.00|0.01|43.5952|26.0504
01|00|0|90|0.0|29.0|0|41.0|48.4|0.00|0.01|43.5943|25.4717
01|01|0|90|1.5|29.0|0|39.0|48.4|0.00|0.01|43.5945|24.2757
01|02|0|90|0.0|29.0|0|37.5|48.4|0.00|0.01|43.596|23.0241
01|03|0|90|0.0|29.0|0|35.6|48.4|0.00|0.01|43.5963|21.711
01|04|0|90|0.0|29.0|0|34.7|48.4|0.00|0.01|43.5966|21.0292
01|05|0|225|1.5|29.0|0|35.3|48.4|0.00|0.01|43.5984|21.711
01|06|0|225|1.5|29.0|0|37.1|48.4|0.00|0.01|43.5957|23.0241
01|07|0|225|0.0|29.0|0|38.4|48.4|0.00|0.01|43.5972|23.6572
01|08|0|225|1.5|29.0|0|39.8|48.4|0.00|0.01|43.5974|24.2757
01|11|0|225|0.0|29.0|0|42.6|48.3|0.00|0.01|43.5993|26.0504
01|12|0|225|0.0|29.0|0|43.2|48.2|0.00|0.01|43.5984|26.617
01|13|0|225|0.0|29.0|0|42.7|48.2|0.00|0.01|43.6003|26.0504
01|14|0|225|0.0|29.0|0|41.9|48.1|0.00|0.01|43.5989|25.4717
01|15|0|225|0.0|29.0|0|42.8|48.0|0.00|0.01|43.5995|26.0504
01|16|0|225|1.5|29.0|0|43.9|47.9|0.00|0.01|43.5995|25.7111
01|17|0|225|0.0|29.0|0|43.5|47.7|0.00|0.01|43.5977|25.7111
01|18|0|270|1.5|29.0|0|41.3|47.6|0.00|0.01|43.5986|24.5707
01|20|0|270|1.5|29.0|0|41.5|47.5|0.00|0.01|43.5961|24.5707
01|21|0|270|1.5|29.0|0|41.5|47.5|0.00|0.01|43.5968|24.5707
01|22|0|270|1.6|29.0|0|40.0|47.4|0.00|0.01|43.5961|23.9818
01|23|0|270|0.0|29.0|0|40.0|47.3|0.00|0.01|43.5956|23.9818
01|24|0|270|0.0|29.0|0|40.7|47.3|0.00|0.01|43.5951|23.9818
01|25|0|270|1.5|29.0|0|41.5|47.3|0.00|0.01|43.5949|24.5707
01|26|0|270|0.0|29.0|0|42.0|47.2|0.00|0.01|43.595|25.1469
01|27|0|270|0.0|29.0|0|42.1|47.2|0.00|0.01|43.5936|25.1469
01|28|0|270|0.0|29.0|0|41.8|47.2|0.00|0.01|43.5948|24.5707
01|29|0|270|0.0|29.0|0|41.4|47.1|0.00|0.01|43.5948|24.5707
01|31|0|180|1.5|29.0|0|40.9|47.1|0.00|0.01|43.5968|23.9818
01|32|0|180|1.5|29.0|0|40.2|47.0|0.00|0.01|43.5972|23.9818
01|33|0|180|1.6|29.0|0|40.0|47.0|0.00|0.01|43.5973|23.9818
01|34|0|180|0.0|29.0|0|39.6|47.0|0.00|0.01|43.5974|23.3798
01|35|0|180|1.5|29.0|0|39.4|46.8|0.00|0.01|43.5972|22.4837
01|36|0|180|0.0|29.0|0|38.9|46.8|0.00|0.01|43.5983|21.8704
01|37|0|315|0.0|29.0|0|38.5|46.8|0.00|0.01|43.5975|21.8704
01|39|0|225|1.6|29.0|0|39.0|46.8|0.00|0.01|43.5974|22.4837
01|40|0|225|1.5|29.0|0|38.7|46.7|0.00|0.01|43.5964|21.8704
01|41|0|225|0.0|29.0|0|39.4|46.7|0.00|0.01|43.5965|22.4837
01|42|0|225|0.0|29.0|0|39.6|46.7|0.00|0.01|43.5968|22.4837
01|43|0|225|0.0|29.0|0|39.6|46.7|0.00|0.01|43.5966|22.4837
01|44|0|225|0.0|29.0|0|39.6|46.7|0.00|0.01|43.5983|22.4837
01|45|0|225|1.6|29.0|0|43.3|46.6|0.00|0.01|43.5981|24.805
01|48|0|225|1.5|29.0|0|42.7|46.4|0.00|0.01|43.5988|24.2432
01|49|0|180|0.0|29.0|0|42.7|46.3|0.00|0.01|43.6006|24.2432
01|50|0|180|0.0|29.0|0|41.5|46.2|0.00|0.01|43.6004|23.6694
01|51|0|180|0.0|29.0|0|41.1|46.2|0.00|0.01|43.5997|23.6694
01|53|0|180|0.0|29.0|0|40.3|46.1|0.00|0.01|43.6006|23.0831
01|54|0|180|0.0|29.0|0|40.4|46.1|0.00|0.01|43.5995|23.0831
01|55|0|180|0.0|29.0|0|40.8|46.1|0.00|0.01|43.6005|23.0831
01|56|0|180|0.0|29.0|0|40.8|46.0|0.00|0.01|43.5988|23.0831
01|57|0|180|0.0|29.0|0|40.7|46.0|0.00|0.01|43.5997|23.0831
01|58|0|315|1.5|29.0|0|43.9|46.0|0.00|0.01|43.6018|24.805
02|00|0|315|1.6|29.0|0|48.2|46.0|0.00|0.01|43.6009|27.4514
02|01|0|315|0.0|29.0|0|47.4|45.8|0.00|0.01|43.5986|26.0267
02|02|0|315|0.0|29.0|0|47.2|45.7|0.00|0.01|43.5993|26.0267
02|03|0|315|1.5|29.0|0|48.0|45.6|0.00|0.01|43.5975|26.5336
02|04|0|315|1.5|29.0|0|50.1|45.5|0.00|0.01|43.597|27.5199
02|05|0|0|1.5|29.0|0|48.9|45.4|0.00|0.01|43.5973|26.5336
02|06|0|0|0.0|29.0|0|47.0|45.3|0.01|0.02|43.5964|26.0267
02|07|0|0|1.5|29.0|0|46.6|45.3|0.01|0.02|43.5956|25.5102
02|08|0|0|0.0|29.0|0|46.4|45.2|0.01|0.02|43.5958|25.5102
02|10|0|0|0.0|29.0|0|47.4|45.2|0.01|0.02|43.5955|26.0267
02|11|0|0|0.0|29.0|0|47.5|45.2|0.01|0.02|43.5953|26.0267
02|12|0|0|0.0|29.0|0|47.1|45.0|0.01|0.02|43.5935|26.0267
02|13|0|0|0.0|29.0|0|46.4|45.0|0.01|0.02|43.5949|25.5102
02|14|0|0|0.0|29.0|0|46.6|45.0|0.01|0.02|43.5929|25.5102
02|15|0|0|0.0|29.0|0|46.3|45.2|0.01|0.02|43.5943|25.5102
02|16|0|0|1.5|29.0|0|45.9|45.2|0.01|0.02|43.5949|24.9837
02|17|0|0|0.0|29.0|0|46.1|45.2|0.01|0.02|43.5941|25.5102
02|18|0|0|1.5|29.0|0|46.5|45.2|0.01|0.02|43.5923|25.5102
02|19|0|0|0.0|29.0|0|46.2|45.3|0.01|0.02|43.5938|25.5102
02|22|0|0|0.0|29.0|0|45.2|45.4|0.01|0.02|43.5941|24.9837
02|23|0|45|1.6|29.0|0|45.3|45.4|0.01|0.02|43.5925|24.9837
02|24|0|45|2.9|29.0|0|47.2|45.4|0.02|0.03|43.5948|26.0267
02|25|0|45|1.5|29.0|0|48.3|45.4|0.02|0.03|43.5941|26.5336
02|26|0|45|1.5|29.0|0|46.9|45.5|0.02|0.03|43.5964|25.5102
02|27|0|45|1.5|29.0|0|44.8|45.5|0.02|0.03|43.596|24.4466
02|28|0|45|1.5|29.0|0|44.3|45.5|0.02|0.03|43.5959|24.4466
02|29|0|45|1.5|29.0|0|44.7|45.5|0.02|0.03|43.5979|24.4466
02|30|0|45|0.0|29.0|0|44.1|45.5|0.02|0.03|43.5945|24.4466
02|31|0|45|0.0|29.0|0|43.5|45.5|0.02|0.03|43.596|23.8987
02|32|0|45|0.0|29.0|0|42.1|45.5|0.02|0.03|43.5959|23.3393
02|33|0|45|0.0|29.0|0|41.4|45.6|0.02|0.03|43.596|22.768
02|34|0|45|0.0|29.0|0|42.3|45.6|0.02|0.03|43.5964|23.3393
02|35|0|45|1.5|29.0|0|42.8|45.6|0.02|0.03|43.5966|23.3393
02|38|0|45|0.0|29.0|0|43.4|45.7|0.02|0.03|43.5987|23.8987
02|39|0|45|0.0|29.0|0|43.1|45.7|0.02|0.03|43.5982|23.8987
02|40|0|45|0.0|29.0|0|43.0|45.8|0.02|0.03|43.6006|23.8987
02|41|0|45|0.0|29.0|0|43.4|45.8|0.02|0.03|43.602|23.8987
02|42|0|45|0.0|29.0|0|43.8|45.8|0.02|0.03|43.6031|23.8987
02|43|0|45|1.6|29.0|0|44.3|45.8|0.02|0.03|43.6016|24.4466
02|44|0|45|0.0|29.0|0|45.0|45.8|0.02|0.03|43.602|24.9837
02|46|0|45|0.0|29.0|0|44.7|45.7|0.02|0.03|43.6027|24.4466
02|47|0|225|0.0|29.0|0|44.0|45.7|0.02|0.03|43.6039|24.4466
02|48|0|225|1.5|29.0|0|43.9|45.7|0.02|0.03|43.6057|23.8987
02|49|0|270|0.0|29.0|0|44.3|45.6|0.02|0.03|43.6057|24.4466
02|52|0|270|0.0|29.0|0|43.9|45.5|0.02|0.03|43.6027|23.8987
02|53|0|270|1.6|29.0|0|44.2|45.6|0.02|0.03|43.6032|24.4466
02|54|0|270|0.0|29.0|0|44.0|45.5|0.02|0.03|43.6013|24.4466
02|55|0|270|0.0|29.0|0|44.1|45.5|0.02|0.03|43.6039|24.4466
02|56|0|270|0.0|29.0|0|44.2|45.5|0.02|0.03|43.6032|24.4466
02|58|0|270|0.0|29.0|0|44.8|45.4|0.02|0.03|43.6077|24.4466
02|59|0|270|1.5|29.0|0|44.6|45.3|0.02|0.03|43.608|24.4466
03|00|0|270|0.0|29.0|0|44.8|45.3|0.02|0.03|43.6076|24.4466
03|02|0|225|1.5|29.0|0|44.3|45.0|0.02|0.03|43.6044|24.4466
03|03|0|225|1.6|29.0|0|44.3|45.0|0.02|0.03|43.6054|24.4466
03|04|0|225|0.0|29.0|0|44.7|44.9|0.02|0.03|43.6039|23.5378
03|05|0|225|0.0|29.0|0|45.1|44.9|0.01|0.03|43.6062|24.0725
03|06|0|225|0.0|29.0|0|45.3|44.9|0.01|0.03|43.6076|24.0725
03|07|0|225|0.0|29.0|0|45.1|44.9|0.01|0.03|43.6055|24.0725
03|08|0|225|0.0|29.0|0|44.9|44.8|0.01|0.03|43.605|23.5378
03|10|0|225|0.0|29.0|0|44.7|44.9|0.01|0.03|43.6063|23.5378
03|11|0|225|0.0|29.0|0|44.8|44.8|0.01|0.03|43.6041|23.5378
03|12|0|225|0.0|29.0|0|45.2|44.8|0.01|0.03|43.6064|24.0725
03|13|0|225|0.0|29.0|0|45.5|44.8|0.01|0.03|43.6085|24.0725
03|14|0|225|1.5|29.0|0|45.6|44.8|0.01|0.03|43.6091|24.0725
03|15|0|225|1.5|29.0|0|45.4|44.7|0.01|0.03|43.6096|24.0725
03|16|0|225|1.6|29.0|0|45.1|44.7|0.01|0.03|43.6126|24.0725
03|17|0|225|0.0|29.0|0|44.9|44.7|0.01|0.03|43.6159|23.5378
03|18|0|45|1.5|29.0|0|44.9|44.7|0.01|0.03|43.618|23.5378
03|19|0|45|1.6|29.0|0|45.0|44.7|0.01|0.03|43.6203|24.0725
03|20|0|45|2.9|29.0|0|45.3|44.6|0.01|0.03|43.6222|24.0725
03|22|0|45|1.5|29.0|0|44.8|44.5|0.02|0.04|43.6271|23.5378
03|23|0|45|0.0|29.0|0|44.6|44.5|0.01|0.04|43.6261|23.5378
03|25|0|225|1.5|29.0|0|44.8|44.5|0.01|0.04|43.6218|23.5378
03|26|0|225|1.5|29.0|0|46.4|44.5|0.01|0.04|43.6167|24.5967
03|27|0|270|1.5|29.0|0|46.5|44.5|0.01|0.04|43.6142|24.5967
03|28|0|225|1.5|29.0|0|46.3|44.5|0.01|0.04|43.6126|24.5967
03|29|0|225|1.6|29.0|0|46.4|44.5|0.01|0.04|43.6128|24.5967
03|31|0|180|1.5|29.0|0|46.3|44.4|0.01|0.04|43.6084|24.5967
03|32|0|225|1.5|29.0|0|46.3|44.4|0.01|0.04|43.6115|24.5967
03|33|0|225|1.5|29.0|0|46.3|44.4|0.01|0.04|43.6095|24.5967
03|34|0|225|1.5|29.0|0|46.3|44.4|0.01|0.04|43.6092|24.5967
03|35|0|225|1.5|29.0|0|46.2|44.4|0.01|0.04|43.6105|24.5967
03|36|0|225|0.0|29.0|0|46.2|44.4|0.01|0.04|43.6102|24.5967
03|37|0|225|0.0|29.0|0|46.1|44.3|0.01|0.04|43.6081|24.5967
03|39|0|225|1.6|29.0|0|46.7|44.3|0.01|0.04|43.6046|24.5967
03|40|0|225|0.0|29.0|0|47.0|44.2|0.02|0.05|43.6037|25.111
03|41|0|225|1.5|29.0|0|47.8|44.2|0.02|0.05|43.603|25.111
03|42|0|225|0.0|29.0|0|48.3|44.0|0.02|0.05|43.6028|25.6157
03|44|0|225|0.0|29.0|0|48.9|43.8|0.02|0.05|43.6037|24.6975
03|45|0|45|1.6|29.0|0|49.8|43.8|0.02|0.05|43.6092|25.1908
03|46|0|45|1.5|29.0|0|50.9|43.6|0.02|0.05|43.6118|25.6752
03|47|0|45|1.6|29.0|0|50.4|43.5|0.02|0.05|43.6128|25.6752
03|48|0|45|1.5|29.0|0|50.0|43.2|0.02|0.05|43.6136|25.6752
03|49|0|45|1.5|29.0|0|50.2|43.2|0.02|0.05|43.616|25.6752
03|50|0|45|2.9|29.0|0|51.2|43.1|0.02|0.05|43.6183|26.1512
03|53|0|45|0.0|29.0|0|53.1|42.9|0.02|0.05|43.6176|26.15
03|54|0|45|0.0|29.0|0|52.3|43.0|0.02|0.05|43.6188|26.6189
03|55|0|45|0.0|29.0|0|51.5|42.9|0.02|0.05|43.619|25.2265
03|56|0|45|0.0|29.0|0|51.5|42.9|0.02|0.05|43.6181|25.2265
03|57|0|45|0.0|29.0|0|51.5|42.9|0.02|0.05|43.6191|25.2265
03|59|0|45|1.5|29.0|0|50.6|42.9|0.02|0.05|43.6228|24.7527
04|00|0|45|1.5|29.0|0|50.9|43.0|0.02|0.05|43.6246|25.6752
04|01|0|45|1.6|29.0|0|51.5|43.0|0.02|0.05|43.6246|26.1512
04|03|0|90|1.5|29.0|0|51.4|43.1|0.02|0.05|43.625|26.1512
04|04|0|45|1.5|29.0|0|50.7|43.0|0.02|0.05|43.6252|25.6752
04|06|0|315|0.0|29.0|0|51.8|43.0|0.02|0.05|43.6252|26.1512
04|07|0|225|1.6|29.0|0|51.2|43.0|0.02|0.05|43.6278|26.1512
04|09|0|135|2.9|29.0|0|51.3|43.0|0.02|0.05|43.6331|26.1512
04|12|0|135|0.0|29.0|0|51.3|42.8|0.02|0.05|43.6334|25.2265
04|13|0|135|0.0|29.0|0|50.9|42.7|0.02|0.05|43.6321|24.7527
04|15|0|225|1.5|29.0|0|50.6|42.6|0.02|0.05|43.6295|24.7527
04|16|0|225|1.5|29.0|0|51.2|42.6|0.02|0.05|43.6308|25.2265
04|17|0|180|1.5|29.0|0|51.3|42.6|0.02|0.05|43.631|25.2265
04|18|0|90|0.0|29.0|0|51.4|42.5|0.02|0.05|43.6349|25.2265
04|19|0|45|1.5|29.0|0|51.5|42.3|0.02|0.05|43.6357|25.2265
04|20|0|0|1.5|29.0|0|52.3|42.3|0.02|0.05|43.6378|25.6922
04|21|0|0|1.5|29.0|0|53.3|42.2|0.01|0.05|43.6382|26.15
04|22|0|0|0.0|29.0|0|53.3|42.1|0.02|0.07|43.6363|26.15
04|23|0|0|0.0|29.0|0|52.9|42.1|0.02|0.07|43.6354|25.6922
04|24|0|0|0.0|29.0|0|52.5|42.0|0.02|0.07|43.635|25.6922
04|25|0|0|1.5|29.0|0|52.1|42.0|0.02|0.07|43.6367|25.6922
04|26|0|0|0.0|29.0|0|52.0|41.9|0.02|0.07|43.6376|24.7653
04|27|0|0|0.0|29.0|0|51.6|41.9|0.02|0.07|43.6378|24.3017
04|29|0|90|1.5|29.0|0|52.9|41.8|0.02|0.07|43.6412|24.7653
04|30|0|90|0.0|29.0|0|53.6|41.8|0.02|0.07|43.6395|25.2211
04|32|0|90|0.0|29.0|0|53.2|41.8|0.02|0.07|43.6393|25.2211
04|34|0|225|1.5|29.0|0|53.1|41.8|0.02|0.07|43.6384|25.2211
04|35|0|225|1.5|29.0|0|53.3|41.8|0.02|0.07|43.6393|25.2211
04|36|0|225|0.0|29.0|0|53.1|41.8|0.02|0.07|43.6399|25.2211
04|37|0|225|0.0|29.0|0|53.2|41.8|0.02|0.07|43.6432|25.2211
04|38|0|45|1.5|29.0|0|52.7|41.8|0.02|0.07|43.6437|24.7653
04|39|0|90|1.5|29.0|0|51.2|41.8|0.02|0.07|43.6423|24.3017
04|40|0|90|1.5|29.0|0|50.9|41.7|0.01|0.07|43.6429|23.8299
04|41|0|45|1.5|29.0|0|50.9|41.8|0.01|0.07|43.6469|23.8299
04|42|0|45|0.0|29.0|0|50.0|41.8|0.01|0.07|43.6447|23.8299
04|43|0|45|0.0|29.0|0|48.3|41.8|0.01|0.07|43.643|22.8608
04|44|0|45|0.0|29.0|0|47.8|41.8|0.01|0.07|43.6446|22.3627
04|45|0|45|1.5|29.0|0|48.7|41.8|0.01|0.07|43.6455|22.8608
04|47|0|45|1.5|29.0|0|50.5|41.8|0.01|0.07|43.645|23.8299
04|49|0|90|1.6|29.0|0|47.9|41.8|0.01|0.07|43.6443|22.3627
04|50|0|90|1.5|29.0|0|47.5|41.8|0.01|0.07|43.6451|22.3627
04|52|0|225|1.5|29.0|0|47.4|41.8|0.01|0.07|43.6491|22.3627
04|54|0|225|1.5|29.0|0|48.7|41.8|0.02|0.08|43.6486|22.8608
04|55|0|225|1.6|29.0|0|48.9|41.8|0.02|0.08|43.6505|22.8608
04|56|0|270|1.5|29.0|0|49.0|41.8|0.02|0.08|43.6502|23.3498
04|57|0|270|1.5|29.0|0|48.8|41.7|0.02|0.08|43.65|22.8608
04|58|0|270|0.0|29.0|0|48.7|41.7|0.02|0.08|43.6512|22.8608
04|59|0|135|2.9|29.0|0|48.6|41.7|0.02|0.08|43.6512|22.8608
05|00|0|135|1.6|29.0|0|50.0|41.7|0.02|0.08|43.6518|23.8299
05|01|0|135|1.5|29.0|0|50.1|41.6|0.02|0.08|43.6512|23.8299
05|02|0|135|0.0|29.0|0|49.5|41.5|0.02|0.08|43.6523|23.3498
05|03|0|0|0.0|29.0|0|48.8|41.5|0.02|0.08|43.6537|22.8608
05|04|0|225|1.5|29.0|0|48.5|41.3|0.02|0.08|43.6506|22.8608
05|05|0|225|0.0|29.0|0|48.6|41.2|0.02|0.08|43.6518|22.8608
05|06|0|0|1.5|29.0|0|48.9|41.2|0.02|0.08|43.6546|22.8608
05|07|0|0|0.0|29.0|0|48.8|41.1|0.02|0.08|43.6527|22.8608
05|08|0|0|1.5|29.0|0|49.4|41.1|0.02|0.08|43.6555|23.3498
05|09|0|0|1.5|29.0|0|49.8|41.0|0.02|0.08|43.6578|23.3498
05|10|0|0|0.0|29.0|0|49.6|41.0|0.02|0.08|43.6569|23.3498
05|11|0|225|1.5|29.0|0|49.5|41.0|0.02|0.08|43.6581|23.3498
05|13|0|180|1.6|29.0|0|49.8|40.9|0.02|0.08|43.659|22.429
05|14|0|45|0.0|29.0|0|50.2|40.8|0.02|0.08|43.6602|22.907
05|15|0|45|0.0|29.0|0|50.7|40.8|0.02|0.08|43.6591|22.907
05|16|0|225|1.6|29.0|0|50.7|40.8|0.02|0.08|43.6611|22.907
05|17|0|225|0.0|29.0|0|50.8|40.7|0.02|0.08|43.6606|22.907
05|18|0|0|0.0|29.0|0|51.0|40.5|0.02|0.08|43.6602|23.3767
05|19|0|270|0.0|29.0|0|51.1|40.5|0.02|0.08|43.6656|23.3767
05|20|0|0|0.0|29.0|0|51.7|40.5|0.02|0.08|43.6643|23.3767
05|21|0|225|0.0|29.0|0|52.2|40.4|0.02|0.08|43.6638|23.8383
05|22|0|0|0.0|29.0|0|51.9|40.3|0.01|0.08|43.6669|23.3767
05|23|0|0|1.5|29.0|0|52.5|40.3|0.01|0.08|43.6688|23.8383
05|24|0|0|0.0|29.0|0|53.1|40.2|0.01|0.08|43.6672|24.2921
05|25|0|270|0.0|29.0|0|52.4|40.2|0.01|0.08|43.6683|23.8383
05|26|0|270|1.6|29.0|0|52.2|40.1|0.01|0.08|43.6667|23.8383
05|27|0|270|2.9|29.0|0|52.3|40.1|0.01|0.08|43.6669|23.8383
05|28|0|270|1.5|29.0|0|52.4|40.1|0.01|0.08|43.6675|23.8383
05|30|0|270|1.5|29.0|0|52.5|40.1|0.01|0.08|43.6646|23.8383
05|31|0|270|0.0|29.0|0|52.5|40.1|0.01|0.08|43.6688|23.8383
05|32|0|270|1.5|29.0|0|53.1|40.0|0.01|0.08|43.6675|24.2921
05|33|0|45|2.9|29.0|0|53.5|40.0|0.01|0.08|43.6684|24.2921
05|34|0|45|1.5|29.0|0|54.6|39.9|0.01|0.08|43.6701|23.8072
05|35|0|45|0.0|29.0|0|54.2|39.8|0.01|0.08|43.671|23.8072
05|36|0|45|1.5|29.0|0|53.7|39.7|0.01|0.08|43.6698|23.3629
05|37|0|0|0.0|29.0|0|52.3|39.5|0.01|0.08|43.6674|22.9111
05|38|0|270|1.6|29.0|0|51.7|39.5|0.01|0.08|43.6661|22.4516
05|39|0|270|2.9|29.0|0|50.5|39.4|0.01|0.08|43.6643|21.984
05|40|0|270|3.2|29.0|0|50.1|39.4|0.01|0.08|43.6637|21.984
05|41|0|315|1.5|29.0|0|50.5|39.4|0.01|0.08|43.6627|21.984
05|42|0|315|1.5|29.0|0|51.1|39.5|0.01|0.08|43.6643|22.4516
05|43|0|270|1.6|29.0|0|51.4|39.5|0.01|0.08|43.6642|22.4516
05|44|0|270|1.5|29.0|0|51.1|39.7|0.01|0.08|43.6665|22.4516
05|45|0|270|1.5|29.0|0|50.7|39.7|0.01|0.08|43.6666|21.984
05|46|0|270|0.0|29.0|0|51.0|39.8|0.01|0.08|43.6675|22.4516
05|48|0|270|1.5|29.0|0|51.2|39.8|0.01|0.08|43.6683|22.4516
05|49|0|135|0.0|29.0|0|52.1|39.9|0.01|0.08|43.6697|22.9111
05|50|0|135|1.6|29.0|0|51.8|39.9|0.01|0.08|43.6698|22.4516
05|51|0|90|1.5|29.0|0|51.5|39.9|0.01|0.08|43.6691|22.4516
05|53|0|90|1.6|29.0|0|51.3|39.8|0.01|0.08|43.6717|22.4516
05|54|0|90|2.9|29.0|0|51.2|39.8|0.01|0.09|43.6702|22.4516
05|55|0|90|0.0|29.0|0|51.0|39.8|0.01|0.09|43.6705|22.4516
05|56|0|90|1.5|29.0|0|50.9|39.8|0.01|0.09|43.6715|21.984
05|57|0|90|1.6|29.0|0|50.3|39.9|0.01|0.09|43.6725|21.984
05|58|0|90|0.0|29.0|0|50.0|39.9|0.01|0.09|43.6745|21.984
05|59|0|90|1.5|29.0|0|49.7|39.9|0.01|0.09|43.6741|21.508
06|00|0|90|0.0|29.0|0|49.4|39.9|0.01|0.09|43.6755|21.508
06|01|0|90|1.5|29.0|0|49.2|40.0|0.01|0.09|43.678|22.429
06|02|0|90|2.9|29.0|0|49.0|40.0|0.01|0.09|43.6786|22.429
06|03|0|90|1.5|29.0|0|49.2|40.0|0.01|0.09|43.6787|22.429
06|04|0|90|0.0|29.0|0|49.4|40.0|0.01|0.09|43.6788|22.429
06|05|0|90|0.0|29.0|0|49.3|40.0|0.01|0.09|43.6778|22.429
06|06|0|270|0.0|29.0|0|49.3|40.0|0.01|0.09|43.6764|22.429
06|07|0|270|1.6|29.0|0|49.0|40.0|0.01|0.09|43.6768|22.429
06|09|0|225|0.0|29.0|0|49.0|40.0|0.01|0.09|43.6755|22.429
06|10|0|180|1.5|29.0|0|49.4|40.1|0.01|0.09|43.679|22.429
06|11|0|158|2.9|29.0|0|50.3|40.0|0.01|0.09|43.6788|22.907
06|14|0|135|2.9|29.0|0|50.3|39.9|0.01|0.09|43.6807|21.984
06|15|0|135|0.0|29.0|0|50.4|39.9|0.01|0.09|43.6805|21.984
06|16|0|90|0.0|29.0|0|50.6|39.9|0.01|0.09|43.6821|21.984
06|17|0|45|2.9|29.0|0|50.7|39.8|0.01|0.09|43.682|21.984
06|18|0|90|1.6|29.0|0|50.7|39.8|0.01|0.09|43.6821|21.984
06|19|0|180|4.4|29.0|0|50.8|39.7|0.01|0.09|43.6802|21.984
06|20|0|180|1.5|29.0|0|51.4|39.7|0.01|0.09|43.6811|22.4516
06|21|0|180|0.0|29.0|0|51.6|39.7|0.02|0.10|43.6817|22.4516
06|22|0|0|0.0|29.0|0|51.5|39.5|0.02|0.10|43.6819|22.4516
06|23|0|0|0.0|29.0|0|51.4|39.5|0.02|0.10|43.6829|22.4516
06|24|0|45|1.6|29.0|0|52.3|39.5|0.02|0.10|43.6834|22.9111
06|25|0|45|1.5|29.0|0|52.2|39.5|0.02|0.10|43.685|22.9111
06|27|0|45|1.6|29.0|0|52.0|39.4|0.02|0.10|43.6847|22.9111
06|28|0|135|0.0|29.0|0|52.0|39.4|0.02|0.10|43.6863|22.9111
06|29|0|135|0.0|29.0|0|52.1|39.4|0.02|0.10|43.6879|22.9111
06|30|0|135|1.5|29.0|0|52.2|39.4|0.02|0.10|43.6882|22.9111
06|31|0|180|0.0|29.0|0|52.3|39.4|0.02|0.10|43.6867|22.9111
06|32|0|180|0.0|29.0|0|52.1|39.4|0.02|0.10|43.6886|22.9111
06|33|0|203|1.6|29.0|0|51.9|39.4|0.02|0.10|43.6885|22.4516
06|34|0|180|1.5|29.0|0|52.1|39.4|0.02|0.10|43.6882|22.9111
06|35|0|180|0.0|29.0|0|52.2|39.5|0.02|0.10|43.6909|22.9111
06|36|0|90|1.6|29.0|0|51.8|39.5|0.02|0.10|43.6923|22.4516
06|37|0|90|1.5|29.0|0|51.8|39.5|0.02|0.10|43.6931|22.4516
06|39|0|90|0.0|29.0|0|51.8|39.7|0.02|0.10|43.6943|22.4516
06|40|0|90|0.0|29.0|0|51.8|39.8|0.02|0.10|43.6975|22.4516
06|41|0|90|0.0|29.0|0|51.7|39.8|0.02|0.10|43.6984|22.4516
06|43|0|135|1.6|29.0|0|51.7|40.0|0.02|0.10|43.702|23.3767
06|44|0|135|0.0|29.0|0|51.6|40.0|0.02|0.10|43.7034|23.3767
06|45|0|135|0.0|29.0|0|51.5|40.1|0.02|0.10|43.7048|23.3767
06|47|0|135|0.0|29.0|0|51.5|40.1|0.02|0.10|43.7057|23.3767
06|48|0|135|0.0|29.0|0|51.9|40.2|0.03|0.11|43.7064|23.3767
06|49|0|135|0.0|29.0|0|52.4|40.3|0.03|0.11|43.7093|23.8383
06|50|0|45|1.5|29.0|0|51.5|40.3|0.03|0.11|43.7125|23.3767
06|51|0|45|1.5|29.0|0|51.3|40.4|0.03|0.11|43.7145|23.3767
06|52|0|45|0.0|29.0|0|50.8|40.5|0.03|0.11|43.7116|22.907
06|53|0|45|0.0|29.0|0|51.0|40.7|0.03|0.11|43.7128|23.3767
06|54|0|225|1.5|29.0|0|51.1|40.8|0.02|0.11|43.7121|23.3767
06|55|0|225|1.6|29.0|0|51.3|40.9|0.02|0.11|43.7165|23.3767
06|56|0|45|0.0|29.0|0|51.3|41.0|0.02|0.11|43.7198|24.3017
06|57|0|0|1.5|29.0|0|52.0|41.1|0.02|0.11|43.7202|24.7653
06|58|0|0|1.6|29.0|0|52.3|41.2|0.02|0.11|43.7176|24.7653
06|59|0|270|2.9|29.0|0|51.8|41.3|0.02|0.11|43.7153|24.3017
07|00|0|270|1.6|29.0|0|50.3|41.5|0.02|0.11|43.7155|23.8299
07|01|0|270|0.0|29.0|0|49.7|41.6|0.02|0.11|43.7133|23.3498
07|02|0|270|0.0|29.0|0|50.4|41.7|0.02|0.11|43.7151|23.8299
07|03|0|270|2.9|29.0|0|51.2|41.8|0.02|0.11|43.7155|24.3017
07|04|0|270|1.5|29.0|0|49.5|41.8|0.02|0.11|43.7138|23.3498
07|06|0|270|1.5|29.0|0|49.0|41.9|0.02|0.11|43.7133|23.3498
07|07|0|315|0.0|29.0|0|50.1|42.0|0.02|0.11|43.7114|24.7527
07|08|0|270|1.5|29.0|0|49.9|42.2|0.02|0.11|43.7113|24.2704
07|09|0|270|1.6|29.0|0|48.3|42.3|0.02|0.11|43.7113|23.7793
07|10|0|270|0.0|29.0|0|48.9|42.5|0.02|0.11|43.7126|23.7793
07|12|0|225|0.0|29.0|0|47.1|42.7|0.02|0.11|43.7158|23.279
07|13|0|180|0.0|29.0|0|47.7|42.8|0.02|0.11|43.7163|23.279
07|14|0|180|0.0|29.0|0|48.8|43.0|0.02|0.11|43.7183|24.6975
07|15|0|180|0.0|29.0|0|49.3|43.1|0.02|0.11|43.7217|25.1908
07|16|0|180|0.0|29.0|0|49.2|43.4|0.02|0.11|43.7238|25.1908
07|17|0|180|1.5|29.0|0|48.5|43.6|0.02|0.11|43.7234|24.6975
07|18|0|180|1.6|29.0|0|47.9|43.7|0.03|0.12|43.7241|24.1951
07|19|0|180|1.5|29.0|0|47.9|43.9|0.03|0.12|43.7291|24.1951
07|20|0|135|1.5|29.0|0|47.6|44.2|0.02|0.12|43.7291|25.111
07|21|0|135|1.6|29.0|0|47.5|44.3|0.02|0.12|43.7293|25.111
07|22|0|180|2.9|29.0|0|47.6|44.4|0.02|0.12|43.7288|25.111
07|23|0|180|2.9|29.0|0|47.0|44.5|0.02|0.12|43.7258|25.111
07|24|0|180|0.0|29.0|0|46.6|44.8|0.02|0.12|43.7275|24.5967
07|25|0|270|0.0|29.0|0|46.9|44.9|0.02|0.12|43.7268|24.5967
07|27|0|135|0.0|29.0|0|46.8|45.2|0.02|0.12|43.7278|25.5102
07|28|0|135|0.0|29.0|0|46.0|45.4|0.02|0.12|43.7286|25.5102
07|29|0|135|0.0|29.0|0|45.9|45.6|0.02|0.12|43.7291|24.9837
07|30|0|45|0.0|29.0|0|45.6|45.7|0.02|0.12|43.7302|24.9837
07|31|0|0|1.6|29.0|0|45.5|46.0|0.02|0.12|43.7281|25.8947
07|32|0|315|1.5|29.0|0|45.0|46.2|0.02|0.12|43.7278|25.8947
07|33|0|315|0.0|29.0|0|45.9|46.3|0.03|0.13|43.7297|25.8947
07|34|0|45|1.6|29.0|0|46.0|46.5|0.03|0.13|43.7293|26.4235
07|35|0|45|0.0|29.0|0|46.8|46.6|0.03|0.13|43.73|26.4235
07|36|0|315|1.6|29.0|0|45.3|46.7|0.03|0.13|43.7307|25.8947
07|37|0|0|1.5|29.0|0|45.0|46.8|0.03|0.13|43.7309|25.8947
07|38|0|0|1.5|29.0|0|45.2|47.0|0.03|0.13|43.7317|26.8055
07|39|0|0|0.0|29.0|0|45.6|47.1|0.04|0.14|43.7353|26.8055
07|40|0|0|1.5|29.0|0|46.4|47.2|0.04|0.14|43.7336|27.3367
07|41|0|45|3.2|29.0|0|45.1|47.3|0.04|0.14|43.7344|26.8055
07|42|0|45|0.0|29.0|0|44.2|47.4|0.04|0.14|43.7355|26.2638
07|44|0|270|1.5|29.0|0|43.9|47.6|0.04|0.14|43.7353|25.7111
07|45|0|270|1.5|29.0|0|43.1|47.7|0.04|0.14|43.7361|25.7111
07|46|0|270|0.0|29.0|0|41.9|47.9|0.04|0.14|43.7346|24.5707
07|47|0|270|1.5|29.0|0|41.8|48.1|0.04|0.14|43.7369|25.4717
07|48|0|270|0.0|29.0|0|41.6|48.2|0.03|0.14|43.7379|25.4717
07|49|0|315|1.5|29.0|0|41.3|48.3|0.03|0.14|43.7382|25.4717
07|50|0|270|1.6|29.0|0|41.0|48.5|0.03|0.14|43.74|25.4717
07|51|0|270|1.5|29.0|0|40.5|48.7|0.03|0.14|43.7381|24.8803
07|52|0|225|1.5|29.0|0|40.6|48.8|0.03|0.14|43.7371|24.8803
07|53|0|225|0.0|29.0|0|40.5|48.9|0.03|0.14|43.7369|24.8803
07|54|0|225|1.5|29.0|0|40.9|49.1|0.03|0.14|43.7366|25.7786
07|55|0|270|0.0|29.0|0|40.5|49.3|0.04|0.15|43.7342|25.7786
07|56|0|270|0.0|29.0|0|40.3|49.5|0.04|0.15|43.7323|25.7786
07|57|0|270|0.0|29.0|0|40.1|49.8|0.04|0.15|43.7334|25.7786
07|59|0|135|2.9|29.0|0|40.2|50.3|0.05|0.17|43.7344|26.6766
08|01|0|180|1.5|29.0|0|39.2|50.5|0.05|0.17|43.7353|26.0669
08|02|0|135|1.6|29.0|0|39.3|50.7|0.05|0.17|43.7357|26.0669
08|03|0|135|0.0|29.0|0|39.1|50.9|0.05|0.17|43.7357|26.0669
08|04|0|135|1.5|29.0|0|38.7|51.1|0.05|0.17|43.7349|26.3356
08|05|0|158|1.5|29.0|0|38.6|51.2|0.05|0.17|43.7357|26.3356
08|06|0|135|0.0|29.0|0|38.5|51.5|0.05|0.17|43.7377|26.3356
08|07|0|180|3.2|29.0|0|38.2|51.6|0.05|0.17|43.7368|26.3356
08|09|0|135|1.5|29.0|0|37.5|52.0|0.05|0.17|43.732|26.5841
08|10|0|135|3.2|29.0|0|36.9|52.1|0.05|0.17|43.7328|25.9245
08|12|0|135|3.2|29.0|0|36.0|52.2|0.05|0.17|43.7309|25.9245
08|13|0|135|2.9|29.0|0|36.2|52.2|0.05|0.17|43.7318|25.9245
08|14|0|180|2.9|29.0|0|36.3|52.4|0.05|0.17|43.7308|25.9245
08|15|0|180|1.5|29.0|0|35.9|52.4|0.05|0.17|43.731|25.2485
08|16|0|180|0.0|29.0|0|35.8|52.5|0.05|0.17|43.7314|25.2485
08|17|0|135|1.5|29.0|0|35.5|52.6|0.04|0.17|43.7339|25.2485
08|19|0|135|0.0|29.0|0|34.8|52.7|0.04|0.17|43.7325|24.5552
08|20|0|270|1.5|29.0|0|34.7|52.8|0.04|0.17|43.7292|24.5552
08|21|0|135|1.6|29.0|0|34.4|53.0|0.04|0.17|43.7315|25.4361
08|22|0|225|0.0|29.0|0|34.5|53.3|0.04|0.17|43.7309|25.4361
08|23|0|270|0.0|29.0|0|34.0|53.5|0.04|0.17|43.7306|25.4361
08|24|0|225|1.5|29.0|0|33.4|53.7|0.04|0.17|43.7318|24.7215
08|25|0|315|1.5|29.0|0|32.9|54.0|0.04|0.17|43.7327|24.862
08|26|0|315|1.5|29.0|0|32.4|54.3|0.04|0.17|43.7317|24.862
08|28|0|315|1.5|29.0|0|33.0|54.7|0.04|0.17|43.726|25.5991
08|29|0|315|1.5|29.0|0|33.1|55.0|0.04|0.17|43.7268|26.4765
08|30|0|338|1.5|29.0|0|32.8|55.1|0.04|0.17|43.7293|25.7363
08|31|0|0|1.6|29.0|0|31.9|55.2|0.04|0.17|43.7289|24.9753
08|32|0|315|2.9|29.0|0|31.8|55.3|0.03|0.17|43.7309|24.9753
08|33|0|315|1.6|29.0|0|31.6|55.4|0.03|0.17|43.7317|24.9753
08|35|0|0|1.6|29.0|0|32.6|55.5|0.03|0.17|43.7338|25.7363
08|36|0|0|1.5|29.0|0|31.9|55.6|0.03|0.17|43.7336|24.9753
08|37|0|315|1.5|29.0|0|32.3|55.6|0.03|0.17|43.7349|25.7363
08|38|0|315|1.5|29.0|0|31.4|55.6|0.02|0.17|43.7344|24.9753
08|40|0|315|2.9|29.0|0|30.8|55.7|0.02|0.17|43.7371|24.1923
08|42|0|0|1.5|29.0|0|31.3|55.8|0.02|0.17|43.7373|24.9753
08|43|0|315|1.5|29.0|0|29.9|55.8|0.02|0.17|43.7386|23.3857
08|44|0|315|1.5|29.0|0|29.0|56.0|0.02|0.17|43.7389|24.25
08|45|0|315|1.5|29.0|0|31.0|56.0|0.02|0.17|43.7375|25.8462
08|46|0|0|3.2|29.0|0|31.4|56.1|0.02|0.17|43.7397|25.8462
08|47|0|315|1.6|29.0|0|32.9|56.2|0.02|0.17|43.7418|26.6104
08|48|0|315|2.9|29.0|0|32.2|56.2|0.02|0.17|43.7414|26.6104
08|49|0|315|4.4|29.0|0|30.7|56.2|0.02|0.17|43.7416|25.0599
08|50|0|315|1.5|29.0|0|30.8|56.2|0.03|0.18|43.7411|25.0599
08|51|0|0|1.5|29.0|0|30.4|56.3|0.03|0.18|43.741|25.0599
08|52|0|315|1.6|29.0|0|30.3|56.3|0.03|0.18|43.7417|25.0599
08|53|0|0|1.5|29.0|0|30.0|56.4|0.03|0.18|43.7397|25.0599
08|54|0|315|1.5|29.0|0|29.2|56.5|0.03|0.18|43.7404|24.25
08|55|0|315|2.9|29.0|0|29.4|56.6|0.02|0.18|43.7372|24.25
08|56|0|315|2.9|29.0|0|29.8|56.7|0.02|0.18|43.7377|24.25
08|58|0|0|2.9|29.0|0|28.9|56.9|0.02|0.18|43.7368|23.415
08|59|0|0|1.5|29.0|0|30.1|57.1|0.02|0.18|43.7379|25.9273
09|00|0|315|1.6|29.0|0|30.0|57.2|0.01|0.18|43.7368|25.9273
09|01|0|0|2.9|29.0|0|29.5|57.3|0.01|0.18|43.7354|25.1141
09|02|0|0|1.5|29.0|0|29.2|57.5|0.01|0.18|43.736|25.1141
09|03|0|315|2.9|29.0|0|28.1|57.9|0.01|0.18|43.7363|24.2756
09|05|0|315|2.9|29.0|0|27.7|58.1|0.01|0.18|43.7334|24.2669
09|06|0|315|4.4|29.0|0|26.6|58.1|0.01|0.18|43.7301|23.3689
09|08|0|315|2.9|29.0|0|27.9|58.3|0.01|0.18|43.729|24.2669
09|09|0|270|3.2|29.0|0|26.9|58.4|0.01|0.18|43.7256|23.3689
09|11|0|270|2.9|29.0|0|25.5|58.5|0.01|0.18|43.7235|22.4398
09|12|0|270|0.0|29.0|0|25.1|58.7|0.01|0.18|43.7226|22.4398
09|13|0|315|1.5|29.0|0|25.4|58.9|0.01|0.18|43.7256|22.4398
09|14|0|45|1.5|29.0|0|25.8|59.1|0.01|0.18|43.726|23.2888
09|15|0|270|1.5|29.0|0|26.5|59.3|0.01|0.18|43.7276|24.2218
09|16|0|270|2.9|29.0|0|26.2|59.6|0.01|0.18|43.73|24.2218
09|17|0|270|2.9|29.0|0|25.2|59.8|0.01|0.18|43.7328|23.2888
09|18|0|225|4.4|29.0|0|25.4|59.9|0.01|0.18|43.7318|23.2888
09|19|0|315|2.9|29.0|0|25.9|60.1|0.01|0.18|43.7345|24.1376
09|20|0|315|2.9|29.0|0|26.3|60.2|0.01|0.18|43.7345|25.0743
09|21|0|315|1.5|29.0|0|25.7|60.3|0.01|0.18|43.7344|24.1376
09|22|0|225|0.0|29.0|0|25.3|60.6|0.01|0.18|43.7347|24.1376
09|23|0|270|1.5|29.0|0|25.3|60.8|0.01|0.18|43.7325|24.1376
09|24|0|225|3.2|29.0|0|24.5|60.9|0.01|0.18|43.7307|23.167
09|25|0|270|2.9|29.0|0|24.5|61.1|0.01|0.18|43.7341|24.0116
09|26|0|315|4.4|29.0|0|24.5|61.2|0.01|0.18|43.7347|24.0116
09|28|0|270|3.2|29.0|0|23.8|61.5|0.01|0.18|43.7345|23.0004
09|29|0|315|1.5|29.0|0|23.3|61.7|0.01|0.18|43.7354|23.0004
09|30|0|225|1.5|29.0|0|22.9|61.9|0.01|0.18|43.7378|21.9494
09|31|0|270|4.4|29.0|0|22.8|62.2|0.01|0.18|43.7387|22.7854
09|32|0|225|1.6|29.0|0|22.5|62.3|0.01|0.18|43.7371|22.7854
09|33|0|315|1.6|29.0|0|23.0|62.5|0.01|0.18|43.7377|23.8406
09|35|0|315|4.4|29.0|0|24.2|62.7|0.01|0.18|43.7368|24.8558
09|36|0|315|4.4|29.0|0|25.1|62.8|0.01|0.18|43.7339|25.8342
09|37|0|315|1.6|29.0|0|24.1|62.9|0.01|0.18|43.7331|24.8558
09|38|0|315|1.6|29.0|0|22.8|63.2|0.01|0.18|43.7361|23.621
09|39|0|45|1.5|29.0|0|23.4|63.3|0.01|0.18|43.734|24.6804
09|41|0|270|2.9|29.0|0|23.4|63.5|0.01|0.18|43.7329|24.6804
09|42|0|315|4.4|29.0|0|22.2|63.5|0.01|0.18|43.7321|23.621
09|44|0|270|4.8|29.0|0|23.4|63.5|0.01|0.18|43.7354|24.6804
09|45|0|270|1.5|29.0|0|22.3|63.6|0.01|0.18|43.7328|23.621
09|46|0|270|2.9|29.0|0|21.7|63.6|0.01|0.18|43.7313|22.5181
09|47|0|270|4.8|29.0|0|21.2|63.7|0.01|0.18|43.731|22.5181
09|48|0|315|4.4|29.0|0|22.3|63.7|0.01|0.18|43.7302|23.621
09|49|0|315|1.5|29.0|0|22.2|63.6|0.01|0.18|43.7304|23.621
09|50|0|225|2.9|29.0|0|21.6|63.7|0.00|0.18|43.7301|22.5181
09|51|0|180|0.0|29.0|0|21.8|63.8|0.00|0.18|43.7304|22.5181
09|52|0|270|1.6|29.0|0|21.8|64.0|0.00|0.18|43.7309|23.349
09|53|0|315|1.5|29.0|0|21.0|64.1|0.00|0.18|43.7331|23.349
09|54|0|225|3.2|29.0|0|21.4|64.1|0.00|0.18|43.7321|23.349
09|55|0|270|2.9|29.0|0|23.0|64.2|0.00|0.18|43.735|25.52
09|56|0|315|2.9|29.0|0|22.4|64.3|0.00|0.18|43.7339|24.4564
09|57|0|0|1.6|29.0|0|22.6|64.2|0.00|0.18|43.7345|24.4564
09|58|0|315|5.8|29.0|0|23.6|64.2|0.00|0.18|43.733|25.52
09|59|0|270|4.8|29.0|0|24.7|64.2|0.00|0.18|43.7341|26.5434
10|00|0|315|2.9|29.0|0|24.1|64.2|0.00|0.18|43.735|26.5434
10|02|0|315|5.8|29.0|0|23.6|64.2|0.00|0.18|43.7341|25.52
10|04|0|315|2.9|29.0|0|23.5|64.3|0.00|0.18|43.7371|25.52
10|05|0|225|2.9|29.0|0|21.5|64.3|0.00|0.18|43.7347|23.349
10|06|0|315|4.8|29.0|0|21.9|64.4|0.00|0.18|43.7345|23.349
10|07|0|270|4.4|29.0|0|22.3|64.4|0.00|0.18|43.7356|24.4564
10|08|0|270|4.4|29.0|0|21.9|64.4|0.00|0.18|43.7344|23.349
10|09|0|315|3.2|29.0|0|21.9|64.5|0.00|0.18|43.7378|23.349
10|10|0|270|4.4|29.0|0|22.0|64.6|0.00|0.18|43.7362|24.4564
10|11|0|315|3.2|29.0|0|20.8|64.6|0.00|0.18|43.7353|22.1938
10|13|0|315|3.2|29.0|0|20.7|64.6|0.00|0.18|43.7378|22.1938
10|14|0|315|4.4|29.0|0|21.3|64.7|0.00|0.18|43.7377|23.349
10|15|0|270|4.4|29.0|0|22.0|64.7|0.00|0.18|43.7375|24.4564
10|16|0|270|0.0|29.0|0|20.5|64.9|0.00|0.18|43.7384|22.1938
10|17|0|315|2.9|29.0|0|20.2|65.2|0.00|0.18|43.7411|23.0199
10|18|0|315|2.9|29.0|0|20.6|65.3|0.00|0.18|43.7414|23.0199
10|19|0|45|1.5|29.0|0|19.6|65.4|0.00|0.18|43.7412|21.8075
10|23|0|270|0.0|29.0|0|19.8|66.1|0.00|0.18|43.7443|22.6284
10|24|0|270|2.9|29.0|0|19.4|66.2|0.00|0.18|43.7443|22.6284
10|25|0|270|2.9|29.0|0|19.5|66.2|0.00|0.18|43.7427|22.6284
10|26|0|225|1.5|29.0|0|20.2|66.4|0.00|0.18|43.745|23.8455
10|27|0|0|1.6|29.0|0|20.9|66.7|0.00|0.18|43.7467|23.8455
10|28|0|315|4.4|29.0|0|21.5|66.8|0.00|0.18|43.745|25.0099
10|29|0|0|2.9|29.0|0|19.4|66.7|0.00|0.18|43.7444|22.6284
10|30|0|315|2.9|29.0|0|19.1|66.9|0.00|0.18|43.7434|22.6284
10|31|0|0|3.2|29.0|0|22.0|66.9|0.00|0.18|43.7436|26.1261
10|33|0|315|5.8|29.0|0|21.5|66.9|0.00|0.18|43.7433|25.0099
10|35|0|0|4.4|29.0|0|19.5|67.0|0.00|0.18|43.7402|23.449
10|36|0|270|2.9|29.0|0|18.8|67.0|0.00|0.18|43.7408|22.1687
10|38|0|315|2.9|29.0|0|21.2|67.2|0.00|0.18|43.7377|25.8398
10|39|0|0|1.6|29.0|0|20.6|67.4|0.00|0.18|43.7387|24.6709
10|40|0|315|1.6|29.0|0|21.2|67.6|0.00|0.18|43.7345|25.8398
10|41|0|315|7.3|29.0|0|22.4|67.7|0.00|0.18|43.7381|26.9604
10|42|0|315|8.7|29.0|0|22.9|67.6|0.00|0.18|43.7364|26.9604
10|43|0|270|6.4|29.0|0|20.9|67.6|0.00|0.18|43.7384|24.6709
10|47|0|180|2.9|29.0|0|19.2|68.0|0.00|0.18|43.7333|24.2692
10|49|0|315|2.9|29.0|0|23.0|68.5|0.00|0.18|43.7413|28.8752
10|50|0|270|1.6|29.0|0|23.5|68.8|0.00|0.18|43.7451|28.8752
10|51|0|225|11.6|29.0|0|19.1|68.6|0.00|0.18|43.7339|24.2692
10|52|0|180|8.7|29.0|0|17.8|68.1|0.00|0.18|43.7324|21.6336
10|54|0|180|7.3|29.0|0|19.0|68.1|0.00|0.18|43.7295|24.2692
10|55|0|180|5.8|29.0|0|18.7|68.2|0.00|0.18|43.7312|22.9839
10|56|0|0|2.9|29.0|0|18.3|68.5|0.00|0.18|43.737|22.9839
10|57|0|45|5.8|29.0|0|19.7|68.1|0.01|0.19|43.7344|24.2692
10|58|0|315|4.4|29.0|0|19.1|68.0|0.01|0.19|43.7372|24.2692
10|59|0|45|5.8|29.0|0|19.9|67.8|0.01|0.19|43.742|23.449
11|00|0|90|4.8|29.0|0|19.6|67.9|0.01|0.19|43.7389|23.449
11|01|0|45|1.6|29.0|0|18.7|67.6|0.01|0.19|43.7405|22.1687
11|02|0|90|2.9|29.0|0|18.6|67.6|0.01|0.19|43.7417|22.1687
11|03|0|68|2.9|29.0|0|18.3|67.7|0.01|0.19|43.7426|22.1687
11|04|0|45|7.3|29.0|0|19.0|67.6|0.01|0.19|43.7395|23.449
11|05|0|45|2.9|29.0|0|19.4|67.7|0.01|0.19|43.7375|23.449
11|06|0|0|10.2|29.0|0|20.0|67.8|0.01|0.19|43.7362|24.6709
11|08|0|0|3.2|29.0|0|19.0|67.7|0.01|0.19|43.7401|23.449
11|09|0|0|4.8|29.0|0|20.5|67.8|0.01|0.19|43.7373|24.6709
11|10|0|90|7.3|29.0|0|20.2|67.9|0.01|0.19|43.7376|24.6709
11|11|0|90|13.1|29.0|0|18.4|67.3|0.01|0.19|43.7401|22.1687
11|12|0|68|7.3|29.0|0|18.7|67.1|0.01|0.19|43.7424|22.1687
11|13|0|45|4.4|29.0|0|19.5|67.1|0.01|0.19|43.7418|23.449
11|14|0|90|4.8|29.0|0|19.4|67.1|0.01|0.19|43.7421|23.449
11|15|0|68|7.3|29.0|0|18.3|67.2|0.01|0.19|43.7414|22.1687
11|17|0|90|10.2|29.0|0|19.5|67.4|0.01|0.19|43.7388|23.449
11|18|0|90|8.7|29.0|0|18.5|67.6|0.01|0.19|43.7361|22.1687
11|19|0|90|12.9|29.0|0|17.9|67.4|0.01|0.19|43.737|20.8237
11|20|0|90|2.9|29.0|0|17.8|67.4|0.01|0.19|43.7379|20.8237
11|22|0|90|6.4|29.0|0|18.5|67.7|0.01|0.19|43.7385|22.1687
11|23|0|135|2.9|29.0|0|18.0|67.7|0.01|0.19|43.7379|22.1687
11|24|0|90|4.4|29.0|0|18.2|67.8|0.01|0.19|43.7364|22.1687
11|25|0|45|4.4|29.0|0|18.8|68.1|0.01|0.19|43.7354|22.9839
11|26|0|45|1.5|29.0|0|19.2|68.3|0.01|0.19|43.732|24.2692
11|27|0|45|2.9|29.0|0|19.4|68.7|0.01|0.19|43.7344|24.2692
11|28|0|45|2.9|29.0|0|19.1|68.9|0.01|0.19|43.7361|24.2692
11|29|0|68|10.2|29.0|0|19.5|69.0|0.01|0.19|43.7357|25.0891
11|30|0|45|2.9|29.0|0|18.1|68.8|0.01|0.19|43.735|22.9839
11|31|0|45|2.9|29.0|0|18.8|69.0|0.01|0.19|43.7353|23.7988
11|32|0|180|2.9|29.0|0|19.6|69.1|0.01|0.19|43.735|25.0891
11|35|0|45|2.9|29.0|0|17.5|69.6|0.01|0.19|43.7281|22.4433
11|36|0|0|1.5|29.0|0|17.0|69.8|0.01|0.19|43.7267|22.4433
11|38|0|45|5.8|29.0|0|18.4|70.3|0.01|0.19|43.7283|24.6133
11|39|0|0|4.4|29.0|0|18.4|70.1|0.01|0.19|43.7232|24.6133
11|40|0|45|4.8|29.0|0|19.3|70.1|0.01|0.19|43.726|25.9087
11|41|0|45|7.3|29.0|0|19.4|70.0|0.01|0.19|43.726|25.9087
11|42|0|45|4.4|29.0|0|19.3|70.0|0.01|0.19|43.7244|25.9087
11|43|0|68|7.3|29.0|0|18.9|69.8|0.01|0.19|43.7291|23.7988
11|44|0|45|2.9|29.0|0|18.7|69.8|0.01|0.19|43.727|23.7988
11|45|0|45|5.8|29.0|0|19.5|69.9|0.01|0.19|43.7244|25.0891
11|46|0|90|5.8|29.0|0|19.9|69.8|0.01|0.19|43.7288|25.0891
11|48|0|68|5.8|29.0|0|19.9|69.8|0.01|0.19|43.7301|25.0891
11|50|0|0|3.2|29.0|0|19.2|69.9|0.01|0.19|43.7273|25.0891
11|51|0|45|3.2|29.0|0|18.5|70.0|0.01|0.19|43.7276|24.6133
11|52|0|135|7.3|29.0|0|19.0|70.0|0.01|0.19|43.7264|25.9087
11|53|0|0|4.4|29.0|0|19.1|70.0|0.01|0.19|43.7272|25.9087
11|54|0|45|3.2|29.0|0|19.3|70.3|0.01|0.19|43.7281|25.9087
11|55|0|45|3.2|29.0|0|19.8|70.4|0.01|0.19|43.7291|25.9087
11|56|0|45|1.5|29.0|0|18.0|70.6|0.00|0.19|43.7293|24.6133
11|57|0|45|1.5|29.0|0|18.7|70.8|0.00|0.19|43.7308|24.6133
11|58|0|225|2.9|29.0|0|19.3|71.0|0.00|0.19|43.7327|26.7279
12|00|0|45|2.9|29.0|0|17.8|71.4|0.00|0.19|43.7331|24.0614
12|01|0|90|2.9|29.0|0|16.9|71.5|0.00|0.19|43.7338|22.6222
12|02|0|90|1.6|29.0|0|17.2|71.6|0.00|0.19|43.7316|24.0614
12|04|0|45|2.9|29.0|0|18.7|71.8|0.00|0.19|43.7329|25.4275
12|05|0|45|4.8|29.0|0|18.9|71.8|0.00|0.19|43.7305|25.4275
12|06|0|45|4.8|29.0|0|17.6|71.8|0.00|0.19|43.7298|24.0614
12|07|0|0|2.9|29.0|0|16.9|71.6|0.00|0.19|43.7296|22.6222
12|08|0|0|4.8|29.0|0|16.9|71.5|0.00|0.19|43.7273|22.6222
12|10|0|315|3.2|29.0|0|17.4|71.0|0.00|0.19|43.7225|24.0614
12|11|0|0|2.9|29.0|0|17.9|70.9|0.00|0.19|43.7256|23.2525
12|12|0|0|7.3|29.0|0|19.1|70.8|0.00|0.19|43.7234|25.9087
12|13|0|90|3.2|29.0|0|19.0|70.8|0.00|0.19|43.7218|25.9087
12|14|0|90|2.9|29.0|0|18.4|70.7|0.00|0.19|43.7181|24.6133
12|15|0|45|5.8|29.0|0|18.7|70.8|0.00|0.19|43.7203|24.6133
12|16|0|0|7.3|29.0|0|20.4|70.9|0.00|0.19|43.7215|27.145
12|17|0|45|7.3|29.0|0|18.5|71.0|0.00|0.19|43.7213|25.4275
12|18|0|270|4.4|29.0|0|18.4|70.9|0.00|0.19|43.7235|24.6133
12|20|0|0|4.4|29.0|0|18.5|70.9|0.00|0.19|43.7226|24.6133
12|21|0|45|4.4|29.0|0|18.4|70.8|0.00|0.19|43.7229|24.6133
12|23|0|45|2.9|29.0|0|17.9|70.8|0.00|0.19|43.7212|23.2525
12|25|0|315|5.8|29.0|0|16.5|70.8|0.00|0.19|43.7188|21.8188
12|26|0|0|4.8|29.0|0|18.7|70.7|0.00|0.19|43.7172|24.6133
12|27|0|315|7.3|29.0|0|19.1|70.7|0.00|0.19|43.7164|25.9087
12|28|0|315|3.2|29.0|0|18.5|70.7|0.00|0.19|43.7162|24.6133
12|30|0|270|7.3|29.0|0|18.8|70.9|0.00|0.19|43.7148|24.6133
12|31|0|270|5.8|29.0|0|16.9|71.0|0.00|0.19|43.714|22.6222
12|32|0|225|1.5|29.0|0|16.8|71.3|0.00|0.19|43.7141|22.6222
12|33|0|225|4.4|29.0|0|17.0|71.5|0.00|0.19|43.7081|24.0614
12|34|0|0|4.8|29.0|0|18.6|71.7|0.00|0.19|43.7085|25.4275
12|35|0|315|4.8|29.0|0|18.0|71.8|0.00|0.19|43.7089|25.4275
12|36|0|315|4.4|29.0|0|17.4|71.8|0.00|0.19|43.707|24.0614
12|37|0|315|6.4|29.0|0|17.5|71.8|0.00|0.19|43.711|24.0614
12|38|0|315|4.4|29.0|0|17.3|71.9|0.00|0.19|43.7054|24.0614
12|39|0|315|8.0|29.0|0|16.9|71.8|0.00|0.19|43.7055|22.6222
12|41|0|0|7.3|29.0|0|17.3|71.8|0.00|0.19|43.7041|24.0614
12|42|0|0|7.3|29.0|0|16.7|71.5|0.00|0.19|43.7035|22.6222
12|43|0|0|5.8|29.0|0|16.6|71.5|0.00|0.19|43.7041|22.6222
12|44|0|0|6.4|29.0|0|17.6|71.5|0.00|0.19|43.7065|24.0614
12|45|0|0|4.4|29.0|0|17.4|71.4|0.00|0.19|43.7039|24.0614
12|46|0|338|4.4|29.0|0|16.9|71.4|0.00|0.19|43.7001|22.6222
12|47|0|315|1.6|29.0|0|16.5|71.5|0.00|0.19|43.6996|22.6222
12|49|0|113|3.2|29.0|0|17.2|71.8|0.00|0.19|43.698|24.0614
12|50|0|45|8.7|29.0|0|17.0|71.7|0.00|0.19|43.6953|24.0614
12|51|0|0|5.8|29.0|0|16.3|71.4|0.00|0.19|43.695|22.6222
12|53|0|0|4.8|29.0|0|17.2|71.5|0.00|0.19|43.6946|24.0614
12|54|0|0|7.3|29.0|0|17.4|71.6|0.00|0.19|43.692|24.0614
12|56|0|0|5.8|29.0|0|16.1|71.6|0.00|0.19|43.6943|22.6222
12|57|0|45|6.4|29.0|0|17.0|71.6|0.00|0.19|43.6946|24.0614
12|58|0|45|4.4|29.0|0|18.0|71.8|0.00|0.19|43.6945|25.4275
12|59|0|68|5.8|29.0|0|17.3|71.9|0.00|0.19|43.6969|24.0614
13|00|0|45|4.4|29.0|0|16.5|71.9|0.00|0.19|43.6957|22.6222
13|01|0|0|3.2|29.0|0|15.9|72.1|0.00|0.19|43.6962|21.898
13|02|0|45|4.4|29.0|0|15.8|72.2|0.00|0.19|43.6956|21.898
13|03|0|0|4.4|29.0|0|16.0|72.3|0.00|0.19|43.6956|23.4252
13|05|0|45|3.2|29.0|0|15.9|72.2|0.00|0.19|43.694|21.898
13|06|0|315|0.0|29.0|0|15.9|72.3|0.00|0.19|43.6964|21.898
13|07|0|90|1.5|29.0|0|15.2|72.5|0.00|0.19|43.6938|21.898
13|08|0|0|1.6|29.0|0|15.1|72.6|0.00|0.19|43.6925|21.898
13|09|0|90|4.4|29.0|0|15.0|72.7|0.00|0.19|43.6925|21.898
13|10|0|90|2.9|29.0|0|15.1|72.7|0.00|0.19|43.6938|21.898
13|11|0|180|2.9|29.0|0|14.8|72.8|0.00|0.19|43.6891|20.2777
13|12|0|90|0.0|29.0|0|15.8|73.0|0.00|0.19|43.6875|22.6948
13|13|0|113|5.8|29.0|0|16.5|73.2|0.00|0.19|43.6872|24.2279
13|14|0|135|2.9|29.0|0|15.4|73.2|0.00|0.19|43.6876|22.6948
13|17|0|135|5.8|29.0|0|15.5|73.1|0.00|0.19|43.685|22.6948
13|18|0|45|4.4|29.0|0|16.7|73.3|0.00|0.19|43.6867|24.2279
13|19|0|45|5.8|29.0|0|17.1|73.4|0.00|0.19|43.6852|25.6782
13|20|0|45|4.8|29.0|0|17.4|73.5|0.00|0.19|43.6872|25.6782
13|21|0|45|4.4|29.0|0|16.5|73.6|0.00|0.19|43.6865|24.2279
13|22|0|90|3.2|29.0|0|16.2|73.7|0.00|0.19|43.686|24.2279
13|23|0|225|1.5|29.0|0|15.8|73.9|0.00|0.19|43.6833|22.6948
13|24|0|23|8.7|29.0|0|17.6|73.9|0.00|0.19|43.6785|25.6782
13|25|0|0|4.8|29.0|0|15.9|73.9|0.00|0.19|43.6788|22.6948
13|26|0|315|7.3|29.0|0|15.3|73.6|0.00|0.19|43.6794|22.6948
13|27|0|0|6.4|29.0|0|15.7|73.5|0.00|0.19|43.6779|22.6948
13|28|0|315|7.3|29.0|0|16.5|73.5|0.00|0.19|43.6753|24.2279
13|29|0|315|5.8|29.0|0|17.2|73.4|0.00|0.19|43.6713|25.6782
13|30|0|0|4.8|29.0|0|15.8|73.1|0.00|0.19|43.6701|22.6948
13|31|0|45|5.8|29.0|0|15.3|73.1|0.00|0.19|43.6771|22.6948
13|32|0|45|4.4|29.0|0|16.0|73.1|0.00|0.19|43.6794|24.2279
13|34|0|45|6.4|29.0|0|16.8|73.2|0.00|0.19|43.6796|24.2279
13|35|0|90|4.4|29.0|0|15.4|73.0|0.00|0.19|43.6781|22.6948
13|36|0|23|3.2|29.0|0|16.0|73.1|0.00|0.19|43.681|24.2279
13|37|0|180|0.0|29.0|0|14.7|73.3|0.00|0.19|43.6765|21.0683
13|38|0|0|1.5|29.0|0|15.2|73.5|0.00|0.19|43.6758|22.6948
13|39|0|0|4.4|29.0|0|15.0|73.6|0.00|0.19|43.6737|22.6948
13|40|0|45|7.3|29.0|0|14.8|73.4|0.00|0.19|43.677|21.0683
13|41|0|0|5.8|29.0|0|14.6|73.4|0.00|0.19|43.6774|21.0683
13|42|0|45|4.4|29.0|0|14.9|73.3|0.00|0.19|43.6783|21.0683
13|43|0|45|6.4|29.0|0|14.9|73.2|0.00|0.19|43.6757|21.0683
13|44|0|0|5.8|29.0|0|15.7|73.2|0.00|0.19|43.677|22.6948
13|45|0|90|2.9|29.0|0|15.1|73.1|0.00|0.19|43.6769|22.6948
13|46|0|45|8.0|29.0|0|15.2|73.0|0.00|0.19|43.6771|22.6948
13|48|0|90|3.2|29.0|0|15.1|73.0|0.00|0.19|43.6761|22.6948
13|50|0|45|2.9|29.0|0|15.8|73.4|0.00|0.19|43.6691|22.6948
13|51|0|315|3.2|29.0|0|15.1|73.6|0.00|0.19|43.6678|22.6948
13|52|0|0|0.0|29.0|0|13.8|73.9|0.00|0.19|43.6665|19.3353
13|54|0|90|7.3|29.0|0|14.7|74.2|0.00|0.19|43.665|21.8586
13|55|0|45|5.8|29.0|0|15.4|74.2|0.00|0.19|43.6627|23.4913
13|56|0|45|5.8|29.0|0|15.9|74.0|0.00|0.19|43.6642|23.4913
13|57|0|0|4.4|29.0|0|15.5|74.1|0.00|0.19|43.6636|23.4913
13|59|0|45|2.9|29.0|0|15.5|74.1|0.00|0.19|43.6651|23.4913
14|00|0|45|10.2|29.0|0|15.7|74.1|0.00|0.19|43.6635|23.4913
14|02|0|0|7.3|29.0|0|15.1|74.0|0.00|0.19|43.6603|23.4913
14|03|0|0|8.1|29.0|0|14.9|74.0|0.00|0.19|43.6598|21.8586
14|05|0|225|4.4|29.0|0|15.0|73.9|0.00|0.19|43.6543|22.6948
14|06|0|135|1.5|29.0|0|14.4|74.1|0.00|0.19|43.6544|21.8586
14|07|0|135|1.5|29.0|0|14.8|74.3|0.00|0.19|43.6555|21.8586
14|08|0|0|3.2|29.0|0|14.2|74.5|0.00|0.19|43.6569|21.8586
14|09|0|45|8.7|29.0|0|16.1|74.5|0.00|0.19|43.6578|25.0302
14|10|0|45|4.4|29.0|0|15.0|74.6|0.00|0.19|43.6597|23.4913
14|11|0|90|7.3|29.0|0|15.8|74.4|0.00|0.19|43.6581|23.4913
14|12|0|45|4.4|29.0|0|15.2|74.4|0.00|0.19|43.6567|23.4913
14|13|0|45|0.0|29.0|0|16.0|74.5|0.00|0.19|43.6548|25.0302
14|15|0|45|4.8|29.0|0|15.9|74.8|0.00|0.19|43.6549|23.4913
14|16|0|45|8.0|29.0|0|15.4|74.6|0.00|0.19|43.6542|23.4913
14|17|0|45|5.8|29.0|0|16.3|74.6|0.00|0.19|43.6571|25.0302
14|19|0|90|7.3|29.0|0|15.6|74.4|0.00|0.19|43.6524|23.4913
14|20|0|45|2.9|29.0|0|15.3|74.4|0.00|0.19|43.6521|23.4913
14|21|0|0|4.4|29.0|0|14.9|74.5|0.00|0.19|43.6494|21.8586
14|22|0|45|4.4|29.0|0|14.7|74.5|0.00|0.19|43.6499|21.8586
14|23|0|90|1.6|29.0|0|14.4|74.5|0.00|0.19|43.6485|21.8586
14|26|0|45|2.9|29.0|0|15.0|74.6|0.00|0.19|43.6518|23.4913
14|27|0|45|8.1|29.0|0|15.8|74.5|0.00|0.19|43.6493|23.4913
14|28|0|0|3.2|29.0|0|15.1|74.6|0.00|0.19|43.6518|23.4913
14|29|0|45|2.9|29.0|0|14.8|74.6|0.00|0.19|43.6507|21.8586
14|30|0|23|4.4|29.0|0|16.0|74.8|0.00|0.19|43.6498|25.0302
14|31|0|90|1.6|29.0|0|16.7|74.9|0.00|0.19|43.65|25.0302
14|32|0|90|4.4|29.0|0|15.5|75.0|0.00|0.19|43.6478|24.2874
14|33|0|90|7.3|29.0|0|15.5|75.0|0.00|0.19|43.6485|24.2874
14|34|0|90|1.6|29.0|0|15.3|74.9|0.00|0.19|43.6494|23.4913
14|35|0|315|1.5|29.0|0|15.5|75.1|0.00|0.19|43.6482|24.2874
14|36|0|45|7.3|29.0|0|15.9|75.1|0.00|0.19|43.6491|24.2874
14|38|0|45|4.4|29.0|0|16.2|75.1|0.00|0.19|43.6511|25.8321
14|40|0|90|5.8|29.0|0|15.5|75.0|0.00|0.19|43.6468|24.2874
14|41|0|45|7.3|29.0|0|15.2|75.1|0.00|0.19|43.6485|24.2874
14|42|0|45|4.4|29.0|0|15.5|75.1|0.00|0.19|43.6485|24.2874
14|43|0|23|5.8|29.0|0|15.2|75.1|0.00|0.19|43.6462|24.2874
14|44|0|45|5.8|29.0|0|15.7|75.1|0.00|0.19|43.6467|24.2874
14|45|0|0|4.4|29.0|0|16.9|75.1|0.00|0.19|43.6477|25.8321
14|46|0|315|11.6|29.0|0|16.0|75.1|0.00|0.19|43.6442|25.8321
14|47|0|23|10.2|29.0|0|16.1|74.9|0.00|0.19|43.6437|25.0302
14|48|0|45|5.8|29.0|0|15.5|74.8|0.00|0.19|43.6448|23.4913
14|49|0|45|4.4|29.0|0|15.4|74.8|0.00|0.19|43.6473|23.4913
14|50|0|45|4.8|29.0|0|15.3|74.4|0.00|0.19|43.6447|23.4913
14|51|0|135|1.6|29.0|0|15.7|74.5|0.00|0.19|43.6423|23.4913
14|53|0|90|3.2|29.0|0|14.6|74.8|0.00|0.19|43.6424|21.8586
14|54|0|45|7.3|29.0|0|15.2|74.9|0.00|0.19|43.6419|23.4913
14|56|0|45|6.4|29.0|0|15.9|74.9|0.00|0.19|43.6407|23.4913
14|57|0|45|6.4|29.0|0|15.9|74.9|0.00|0.19|43.6404|23.4913
14|58|0|0|8.1|29.0|0|15.9|74.8|0.00|0.19|43.6406|23.4913
15|00|0|0|4.4|29.0|0|15.5|74.9|0.00|0.19|43.6373|23.4913
15|01|0|0|4.8|29.0|0|15.2|75.0|0.00|0.19|43.6406|24.2874
15|02|0|45|4.4|29.0|0|15.8|75.0|0.00|0.19|43.6404|24.2874
15|03|0|45|4.4|29.0|0|15.4|75.0|0.00|0.19|43.6396|24.2874
15|04|0|180|3.2|29.0|0|15.1|74.9|0.00|0.19|43.6365|23.4913
15|06|0|68|8.1|29.0|0|14.7|74.8|0.00|0.19|43.6343|21.8586
15|08|0|0|2.9|29.0|0|15.0|75.1|0.00|0.19|43.6393|24.2874
15|10|0|90|1.5|29.0|0|14.5|75.2|0.00|0.19|43.6381|22.6485
15|11|0|90|4.4|29.0|0|14.9|75.2|0.00|0.19|43.6388|22.6485
15|12|0|158|3.2|29.0|0|14.4|75.2|0.00|0.19|43.6378|22.6485
15|13|0|180|4.4|29.0|0|14.8|75.4|0.00|0.19|43.635|22.6485
15|14|0|180|4.8|29.0|0|14.3|75.3|0.00|0.19|43.6356|22.6485
15|15|0|135|0.0|29.0|0|14.0|75.5|0.00|0.19|43.6337|22.6485
15|16|0|180|4.4|29.0|0|14.5|75.8|0.00|0.19|43.63|22.6485
15|17|0|135|2.9|29.0|0|14.0|75.9|0.00|0.19|43.6267|22.6485
15|18|0|315|3.2|29.0|0|14.0|76.1|0.00|0.19|43.6242|23.438
15|19|0|0|4.4|29.0|0|14.6|76.1|0.00|0.19|43.6248|23.438
15|21|0|23|4.4|29.0|0|15.3|76.2|0.00|0.19|43.6242|25.0831
15|22|0|45|4.4|29.0|0|15.4|76.4|0.00|0.19|43.6275|25.0831
15|24|0|0|1.5|29.0|0|14.2|76.6|0.00|0.19|43.6253|23.438
15|25|0|0|6.5|29.0|0|14.8|76.7|0.00|0.19|43.6215|23.438
15|26|0|23|8.7|29.0|0|15.8|76.7|0.00|0.19|43.6223|25.0831
15|27|0|45|5.8|29.0|0|15.5|76.6|0.00|0.19|43.6235|25.0831
15|28|0|45|2.9|29.0|0|14.3|76.6|0.00|0.19|43.6243|23.438
15|29|0|45|1.6|29.0|0|13.8|76.7|0.00|0.19|43.6231|21.6852
15|30|0|45|1.6|29.0|0|14.0|76.8|0.00|0.19|43.6223|23.438
15|31|0|45|2.9|29.0|0|13.6|76.7|0.00|0.19|43.6221|21.6852
15|32|0|45|4.4|29.0|0|14.3|76.7|0.00|0.19|43.6208|23.438
15|33|0|45|2.9|29.0|0|13.9|76.6|0.00|0.19|43.6199|21.6852
15|35|0|0|10.2|29.0|0|14.9|76.4|0.00|0.19|43.6181|23.438
15|36|0|315|2.9|29.0|0|14.3|76.2|0.00|0.19|43.618|23.438
15|37|0|0|4.4|29.0|0|14.1|76.3|0.00|0.19|43.6161|23.438
15|39|0|0|4.4|29.0|0|14.0|76.2|0.00|0.19|43.6154|23.438
15|40|0|315|2.9|29.0|0|14.7|76.1|0.00|0.19|43.6159|23.438
15|41|0|225|4.8|29.0|0|13.7|76.1|0.00|0.19|43.6111|21.6852
15|42|0|180|3.2|29.0|0|13.6|76.2|0.00|0.19|43.6135|21.6852
15|45|0|90|4.8|29.0|0|14.7|76.6|0.00|0.19|43.6108|23.438
15|46|0|338|1.6|29.0|0|14.4|76.7|0.00|0.19|43.612|23.438
15|47|0|45|4.8|29.0|0|14.7|76.9|0.00|0.19|43.6119|23.438
15|49|0|225|1.5|29.0|0|13.2|77.0|0.00|0.19|43.6097|22.4677
15|50|0|113|6.4|29.0|0|14.4|77.2|0.00|0.19|43.6116|24.2271
15|51|0|135|4.4|29.0|0|13.0|77.1|0.00|0.19|43.6108|22.4677
15|52|0|90|1.5|29.0|0|13.1|77.2|0.00|0.19|43.6113|22.4677
15|53|0|135|2.9|29.0|0|13.8|77.3|0.00|0.19|43.6117|22.4677
15|54|0|135|3.2|29.0|0|14.3|77.3|0.00|0.19|43.608|24.2271
15|56|0|90|1.5|29.0|0|13.7|77.5|0.00|0.19|43.6064|22.4677
15|57|0|180|1.5|29.0|0|14.5|77.7|0.00|0.19|43.6078|24.2271
15|58|0|135|1.5|29.0|0|13.8|77.8|0.00|0.19|43.6054|22.4677
16|00|0|225|3.2|29.0|0|13.6|78.1|0.00|0.19|43.6055|23.2498
16|01|0|315|2.9|29.0|0|13.5|78.2|0.00|0.19|43.6056|23.2498
16|03|0|90|1.6|1.6|315|13.0|78.5|0.00|0.00|43.6053|23.2498
16|04|0|45|2.9|4.4|0|14.1|78.6|0.00|0.00|43.6048|25.0159
16|05|0|45|4.4|5.8|45|13.5|78.6|0.00|0.00|43.6019|23.2498
16|06|0|90|4.4|7.3|90|13.0|78.4|0.00|0.00|43.6041|23.2498
16|07|0|135|4.4|7.3|90|13.3|78.2|0.00|0.00|43.6035|23.2498
16|08|0|45|5.8|7.3|90|13.1|77.9|0.00|0.00|43.6039|22.4677
16|09|0|135|4.4|7.3|90|12.8|77.7|0.00|0.00|43.6006|20.5839
16|10|0|135|2.9|7.3|90|13.5|77.6|0.00|0.00|43.6009|22.4677
16|11|0|90|5.8|7.3|90|14.1|77.6|0.00|0.00|43.6012|24.2271
16|12|0|45|1.6|7.3|90|13.3|77.5|0.00|0.00|43.6002|22.4677
16|13|0|158|2.9|7.3|90|13.1|77.3|0.00|0.00|43.5958|22.4677
16|14|0|180|5.8|7.3|90|13.3|77.3|0.00|0.00|43.597|22.4677
16|15|0|23|4.4|14.5|203|13.6|77.3|0.00|0.00|43.5926|22.4677
16|17|0|0|10.2|14.5|203|15.5|77.1|0.00|0.00|43.5938|25.8784
16|18|0|45|5.8|14.5|203|14.4|77.1|0.00|0.00|43.5965|24.2271
16|19|0|45|5.8|14.5|203|14.2|77.0|0.00|0.00|43.5958|24.2271
16|20|0|0|4.8|14.5|203|14.7|77.0|0.00|0.00|43.5967|24.2271
16|21|0|45|2.9|14.5|203|14.3|77.1|0.00|0.00|43.5982|24.2271
16|22|0|90|4.4|14.5|203|13.9|77.0|0.00|0.00|43.5977|22.4677
16|23|0|23|4.4|14.5|203|13.8|76.8|0.00|0.00|43.5933|21.6852
16|24|0|90|5.8|14.5|203|14.0|76.7|0.00|0.00|43.5943|23.438
16|25|0|90|2.9|14.5|203|13.5|76.7|0.00|0.00|43.5943|21.6852
16|26|0|0|4.4|14.5|203|15.1|76.7|0.00|0.00|43.5937|25.0831
16|27|0|90|1.5|14.5|203|14.5|76.7|0.00|0.00|43.592|23.438
16|28|0|180|0.0|14.5|203|14.4|76.9|0.00|0.00|43.5921|23.438
16|29|0|0|1.5|14.5|203|14.6|77.0|0.00|0.00|43.5935|24.2271
16|31|0|68|2.9|14.5|203|13.7|77.1|0.00|0.00|43.5932|22.4677
16|32|0|90|1.5|14.5|203|13.7|77.3|0.00|0.00|43.59|22.4677
16|33|0|0|1.5|14.5|203|14.1|77.5|0.00|0.00|43.5903|24.2271
16|35|0|45|2.9|14.5|203|14.1|77.6|0.00|0.00|43.5863|24.2271
16|36|0|0|3.2|14.5|203|14.4|77.7|0.00|0.00|43.5865|24.2271
16|37|0|315|2.9|14.5|203|14.4|77.7|0.00|0.00|43.5862|24.2271
16|38|0|270|1.5|14.5|203|13.9|77.9|0.00|0.00|43.586|22.4677
16|39|0|315|0.0|14.5|203|12.9|78.1|0.00|0.00|43.5877|21.359
16|41|0|23|1.5|14.5|203|13.6|78.4|0.00|0.00|43.5853|23.2498
16|42|0|45|0.0|14.5|203|13.9|78.5|0.00|0.00|43.5861|23.2498
16|43|0|270|2.9|14.5|203|13.6|78.6|0.00|0.00|43.583|23.2498
16|44|0|45|3.2|14.5|203|14.5|78.6|0.00|0.00|43.5828|25.0159
16|45|0|90|4.4|14.5|203|13.0|78.0|0.00|0.00|43.5852|23.2498
16|46|0|45|4.4|14.5|203|13.4|77.9|0.00|0.00|43.5844|22.4677
16|47|0|135|1.6|14.5|203|13.4|77.8|0.00|0.00|43.5851|22.4677
16|48|0|0|1.5|14.5|203|12.7|77.8|0.00|0.00|43.5837|20.5839
16|49|0|0|3.2|14.5|203|13.3|77.8|0.00|0.00|43.5807|22.4677
16|51|0|0|2.9|14.5|203|12.8|77.8|0.00|0.00|43.5804|20.5839
16|52|0|0|1.5|14.5|203|13.0|77.8|0.00|0.00|43.5823|22.4677
16|53|0|68|4.4|14.5|203|13.4|77.8|0.00|0.00|43.5822|22.4677
16|54|0|45|4.4|14.5|203|13.3|77.8|0.00|0.00|43.5793|22.4677
16|55|0|0|3.2|14.5|203|14.1|77.7|0.00|0.00|43.5789|24.2271
16|56|0|45|2.9|14.5|203|14.5|77.7|0.00|0.00|43.5795|24.2271
16|57|0|0|2.9|14.5|203|14.8|77.7|0.00|0.00|43.5798|24.2271
16|58|0|270|1.6|14.5|203|14.6|77.8|0.00|0.00|43.5782|24.2271
16|59|0|45|0.0|14.5|203|13.2|77.9|0.00|0.00|43.5792|22.4677
17|00|0|315|0.0|14.5|203|13.3|78.0|0.00|0.00|43.578|23.2498
17|01|0|0|1.6|14.5|203|13.2|78.1|0.00|0.00|43.5786|23.2498
17|02|0|45|2.9|14.5|203|13.3|78.2|0.00|0.00|43.5783|23.2498
17|03|0|45|1.5|14.5|203|13.5|78.4|0.00|0.00|43.5789|23.2498
17|06|0|90|3.2|14.5|203|12.4|78.6|0.00|0.00|43.5784|21.359
17|07|0|0|2.9|14.5|203|12.6|78.5|0.00|0.00|43.5765|21.359
17|08|0|45|5.8|14.5|203|13.1|78.1|0.00|0.00|43.5765|23.2498
17|09|0|45|6.4|14.5|203|12.9|78.1|0.00|0.00|43.5767|21.359
17|10|0|45|4.8|14.5|203|13.1|77.9|0.00|0.00|43.5763|22.4677
17|11|0|90|5.8|14.5|203|13.2|77.7|0.00|0.00|43.5764|22.4677
17|12|0|90|3.2|14.5|203|12.5|77.3|0.00|0.00|43.5735|20.5839
17|13|0|45|1.5|14.5|203|12.8|77.3|0.00|0.00|43.5726|20.5839
17|14|0|0|1.5|14.5|203|12.3|77.3|0.00|0.00|43.5708|20.5839
17|15|0|0|1.5|14.5|203|12.8|77.3|0.00|0.00|43.5731|20.5839
17|16|0|0|3.2|14.5|203|13.7|77.3|0.00|0.00|43.5727|22.4677
17|17|0|0|0.0|14.5|203|13.7|77.5|0.00|0.00|43.572|22.4677
17|18|0|315|5.8|14.5|203|13.1|77.3|0.00|0.00|43.5709|22.4677
17|19|0|315|1.6|14.5|203|13.0|77.3|0.00|0.00|43.572|22.4677
17|20|0|0|2.9|14.5|203|14.2|77.5|0.00|0.00|43.5717|24.2271
17|21|0|0|4.4|14.5|203|14.5|77.6|0.00|0.00|43.5732|24.2271
17|22|0|315|2.9|14.5|203|13.8|77.6|0.00|0.00|43.574|22.4677
17|24|0|338|2.9|14.5|203|14.3|77.7|0.00|0.00|43.5731|24.2271
17|25|0|315|4.4|14.5|203|14.7|77.7|0.00|0.00|43.5727|24.2271
17|26|0|225|2.9|14.5|203|13.9|77.8|0.00|0.00|43.5731|22.4677
17|27|0|315|3.2|14.5|203|13.6|77.8|0.00|0.00|43.5728|22.4677
17|28|0|248|2.9|14.5|203|13.6|77.9|0.00|0.00|43.5717|22.4677
17|29|0|270|4.4|14.5|203|13.2|77.9|0.00|0.00|43.5732|22.4677
17|30|0|315|5.8|14.5|203|13.2|77.7|0.00|0.00|43.5706|22.4677
17|31|0|315|3.2|14.5|203|13.6|77.6|0.00|0.00|43.5685|22.4677
17|32|0|315|2.9|14.5|203|13.2|77.5|0.00|0.00|43.5667|22.4677
17|33|0|315|4.8|14.5|203|13.8|77.2|0.00|0.00|43.5664|22.4677
17|34|0|315|4.4|14.5|203|13.0|76.9|0.00|0.00|43.5678|21.6852
17|35|0|315|5.8|14.5|203|13.4|76.7|0.00|0.00|43.5689|21.6852
17|36|0|315|2.9|14.5|203|14.1|76.7|0.00|0.00|43.5704|23.438
17|37|0|315|4.4|14.5|203|14.8|76.7|0.00|0.00|43.5682|23.438
17|38|0|0|4.4|14.5|203|14.8|76.7|0.00|0.00|43.5681|23.438
17|40|0|315|5.8|14.5|203|14.1|76.6|0.00|0.00|43.5653|23.438
17|41|0|0|7.3|14.5|203|14.2|76.4|0.00|0.00|43.5655|23.438
17|42|0|315|4.4|14.5|203|15.0|76.3|0.00|0.00|43.5656|25.0831
17|43|0|315|5.8|14.5|203|13.9|76.3|0.00|0.00|43.5638|21.6852
17|44|0|0|2.9|14.5|203|14.0|76.6|0.00|0.00|43.5656|23.438
17|45|0|315|3.2|14.5|203|13.1|76.6|0.00|0.00|43.5656|21.6852
17|46|0|315|2.9|14.5|203|14.0|76.7|0.00|0.00|43.5677|23.438
17|47|0|315|4.8|14.5|203|14.2|76.7|0.00|0.00|43.5655|23.438
17|48|0|0|1.5|14.5|203|13.6|76.8|0.00|0.00|43.5686|21.6852
17|49|0|0|2.9|14.5|203|13.3|76.9|0.00|0.00|43.5692|21.6852
17|50|0|315|1.5|14.5|203|14.8|76.9|0.00|0.00|43.5702|23.438
17|52|0|315|1.6|14.5|203|13.8|77.0|0.00|0.00|43.5689|22.4677
17|53|0|315|2.9|14.5|203|14.1|77.0|0.00|0.00|43.5671|24.2271
17|54|0|0|4.4|14.5|203|14.8|77.1|0.00|0.00|43.5682|24.2271
17|55|0|315|2.9|14.5|203|13.7|77.1|0.00|0.00|43.5664|22.4677
17|57|0|0|4.8|14.5|203|13.1|77.1|0.00|0.00|43.5654|22.4677
17|58|0|0|1.5|14.5|203|13.2|77.1|0.00|0.00|43.5686|22.4677
17|59|0|0|0.0|14.5|203|13.2|77.1|0.00|0.00|43.567|22.4677
18|00|0|0|4.8|14.5|203|14.1|77.0|0.00|0.00|43.5693|24.2271
18|01|0|0|1.5|14.5|203|13.3|76.9|0.00|0.00|43.5697|21.6852
18|02|0|45|1.6|14.5|203|13.4|76.9|0.00|0.00|43.5685|21.6852
18|03|0|113|3.2|14.5|203|12.9|76.9|0.00|0.00|43.5689|19.8084
18|05|0|90|2.9|14.5|203|12.9|76.9|0.00|0.00|43.5676|19.8084
18|06|0|45|0.0|14.5|203|13.3|76.8|0.00|0.00|43.5674|21.6852
18|07|0|0|0.0|14.5|203|13.3|76.9|0.00|0.00|43.5655|21.6852
18|08|0|225|1.6|14.5|203|13.4|77.0|0.00|0.00|43.5676|22.4677
18|09|0|270|1.6|14.5|203|12.9|77.1|0.00|0.00|43.5638|20.5839
18|10|0|180|1.5|14.5|203|12.7|77.3|0.00|0.00|43.566|20.5839
18|11|0|225|2.9|14.5|203|12.6|77.5|0.00|0.00|43.5658|20.5839
18|12|0|135|1.5|14.5|203|12.9|77.6|0.00|0.00|43.5667|20.5839
18|14|0|90|1.5|14.5|203|13.2|77.7|0.00|0.00|43.5673|22.4677
18|15|0|135|2.9|14.5|203|13.2|77.8|0.00|0.00|43.5682|22.4677
18|16|0|90|2.9|14.5|203|12.6|77.8|0.00|0.00|43.5685|20.5839
18|17|0|90|1.5|14.5|203|12.8|77.7|0.00|0.00|43.5684|20.5839
18|18|0|135|2.9|14.5|203|12.5|77.6|0.00|0.00|43.5662|20.5839
18|19|0|90|1.6|14.5|203|12.4|77.5|0.00|0.00|43.5642|20.5839
18|20|0|90|1.5|14.5|203|13.1|77.5|0.00|0.00|43.5638|22.4677
18|21|0|135|1.5|14.5|203|13.1|77.3|0.00|0.00|43.5634|22.4677
18|22|0|135|1.6|14.5|203|13.6|77.3|0.00|0.00|43.5617|22.4677
18|23|0|180|0.0|14.5|203|13.5|77.3|0.00|0.00|43.5628|22.4677
18|24|0|225|3.2|14.5|203|13.2|77.3|0.00|0.00|43.5651|22.4677
18|25|0|203|1.6|14.5|203|13.1|77.3|0.00|0.00|43.5653|22.4677
18|28|0|180|4.8|14.5|203|13.1|77.6|0.00|0.00|43.5648|22.4677
18|29|0|225|2.9|14.5|203|12.7|77.6|0.00|0.00|43.5664|20.5839
18|30|0|180|3.2|14.5|203|12.5|77.5|0.00|0.00|43.5653|20.5839
18|31|0|180|3.2|14.5|203|12.6|77.5|0.00|0.00|43.5646|20.5839
18|32|0|180|1.5|14.5|203|12.6|77.3|0.00|0.00|43.5633|20.5839
18|33|0|270|2.9|14.5|203|12.7|77.3|0.00|0.00|43.5638|20.5839
18|35|0|270|0.0|14.5|203|12.9|77.5|0.00|0.00|43.5614|20.5839
18|36|0|135|1.6|14.5|203|13.5|77.6|0.00|0.00|43.5623|22.4677
18|37|0|135|4.4|14.5|203|13.6|77.6|0.00|0.00|43.565|22.4677
18|38|0|203|2.9|14.5|203|13.7|77.3|0.00|0.00|43.5608|22.4677
18|41|0|113|1.5|14.5|203|13.4|77.3|0.00|0.00|43.5624|22.4677
18|42|0|23|1.5|14.5|203|13.7|77.3|0.00|0.00|43.5624|22.4677
18|43|0|0|0.0|14.5|203|13.9|77.3|0.00|0.00|43.5611|22.4677
18|44|0|135|2.9|14.5|203|14.0|77.2|0.00|0.00|43.5599|24.2271
18|46|0|135|1.5|14.5|203|14.2|77.2|0.00|0.00|43.5598|24.2271
18|47|0|135|2.9|14.5|203|14.3|77.1|0.00|0.00|43.5599|24.2271
18|48|0|135|1.6|14.5|203|14.9|77.1|0.00|0.00|43.5609|24.2271
18|50|0|113|4.4|14.5|203|14.2|77.0|0.00|0.00|43.5602|24.2271
18|51|0|45|3.2|14.5|203|14.0|76.8|0.00|0.00|43.5608|23.438
18|52|0|135|1.6|14.5|203|14.0|76.8|0.00|0.00|43.5609|23.438
18|53|0|203|8.7|14.5|203|14.3|76.7|0.00|0.00|43.5591|23.438
18|54|0|90|2.9|14.5|203|14.0|76.4|0.00|0.00|43.5601|23.438
18|55|0|180|1.5|14.5|203|14.1|76.4|0.00|0.00|43.5612|23.438
18|56|0|270|0.0|14.5|203|14.4|76.4|0.00|0.00|43.5592|23.438
18|57|0|315|1.6|14.5|203|14.1|76.3|0.00|0.00|43.5572|23.438
18|58|0|248|4.4|14.5|203|14.2|76.3|0.00|0.00|43.556|23.438
19|01|0|0|0.0|14.5|203|14.0|76.2|0.00|0.00|43.5578|23.438
19|02|0|135|1.5|14.5|203|14.0|76.2|0.00|0.00|43.5575|23.438
19|03|0|113|1.5|14.5|203|14.0|76.2|0.00|0.00|43.5573|23.438
19|05|0|225|1.5|14.5|203|14.0|76.0|0.00|0.00|43.5561|23.438
19|06|0|225|0.0|14.5|203|14.2|75.9|0.00|0.00|43.5544|22.6485
19|07|0|158|1.5|14.5|203|14.5|75.9|0.00|0.00|43.5558|22.6485
19|08|0|180|1.6|14.5|203|14.3|75.9|0.00|0.00|43.5542|22.6485
19|09|0|180|1.5|14.5|203|14.4|75.8|0.00|0.00|43.5538|22.6485
19|10|0|90|1.5|14.5|203|14.3|75.9|0.00|0.00|43.555|22.6485
19|11|0|45|0.0|14.5|203|14.6|75.8|0.00|0.00|43.5549|22.6485
19|12|0|45|2.9|14.5|203|15.3|75.8|0.00|0.00|43.5545|24.2874
19|14|0|45|2.9|14.5|203|15.2|75.5|0.00|0.00|43.5541|24.2874
19|15|0|68|4.4|14.5|203|15.4|75.4|0.00|0.00|43.5537|24.2874
19|16|0|0|5.8|14.5|203|14.8|75.0|0.00|0.00|43.5534|22.6485
19|17|0|0|4.4|14.5|203|15.7|74.8|0.00|0.00|43.5535|23.4913
19|18|0|0|4.4|14.5|203|16.5|74.5|0.00|0.00|43.5526|25.0302
19|19|0|0|1.5|14.5|203|15.2|74.3|0.00|0.00|43.5581|23.4913
19|20|0|0|1.5|14.5|203|17.0|74.2|0.00|0.00|43.5585|26.4861
19|21|0|0|2.9|14.5|203|16.4|74.1|0.00|0.00|43.5602|25.0302
19|22|0|0|1.5|14.5|203|15.9|73.9|0.00|0.00|43.5602|22.6948
19|24|0|0|2.9|14.5|203|16.2|73.6|0.00|0.00|43.5614|24.2279
19|25|0|0|2.9|14.5|203|16.7|73.5|0.00|0.00|43.5589|24.2279
19|26|0|0|4.4|14.5|203|16.5|73.3|0.00|0.00|43.5581|24.2279
19|27|0|315|5.8|14.5|203|16.0|73.0|0.00|0.00|43.555|24.2279
19|28|0|45|3.2|14.5|203|16.7|72.7|0.00|0.00|43.5576|23.4252
19|29|0|0|1.6|14.5|203|16.4|72.6|0.00|0.00|43.5541|23.4252
19|30|0|45|2.9|14.5|203|16.7|72.4|0.00|0.00|43.5542|23.4252
19|31|0|45|2.9|14.5|203|17.8|72.3|0.00|0.00|43.5536|24.87
19|32|0|0|2.9|14.5|203|16.7|72.2|0.00|0.00|43.5534|23.4252
19|33|0|0|2.9|14.5|203|16.3|72.1|0.00|0.00|43.5543|23.4252
19|34|0|90|2.9|14.5|203|16.8|71.9|0.00|0.00|43.5577|22.6222
19|35|0|90|1.6|14.5|203|17.4|71.7|0.00|0.00|43.5561|24.0614
19|36|0|45|2.9|14.5|203|18.0|71.7|0.00|0.00|43.5578|25.4275
19|38|0|45|1.5|14.5|203|18.0|71.6|0.00|0.00|43.5583|25.4275
19|39|0|45|2.9|14.5|203|18.3|71.5|0.00|0.00|43.5585|25.4275
19|40|0|45|1.5|14.5|203|18.4|71.4|0.00|0.00|43.5596|25.4275
19|44|0|45|3.2|14.5|203|18.0|71.2|0.00|0.00|43.5607|25.4275
19|45|0|45|2.9|14.5|203|17.7|70.9|0.00|0.00|43.5604|23.2525
19|46|0|0|2.9|14.5|203|17.5|70.8|0.00|0.00|43.5593|23.2525
19|47|0|0|3.2|14.5|203|17.7|70.7|0.00|0.00|43.5629|23.2525
19|48|0|0|1.5|14.5|203|17.9|70.6|0.00|0.00|43.5617|23.2525
19|49|0|0|1.5|14.5|203|17.8|70.5|0.00|0.00|43.5669|23.2525
19|50|0|45|1.6|14.5|203|18.1|70.5|0.00|0.00|43.567|24.6133
19|51|0|0|1.5|14.5|203|17.3|70.5|0.00|0.00|43.5673|23.2525
19|52|0|0|1.6|14.5|203|17.6|70.4|0.00|0.00|43.5674|23.2525
19|54|0|0|1.5|14.5|203|18.0|70.3|0.00|0.00|43.5685|24.6133
19|55|0|0|0.0|14.5|203|17.6|70.1|0.00|0.00|43.5692|23.2525
19|57|0|0|1.5|14.5|203|18.7|70.0|0.00|0.00|43.5676|24.6133
20|00|0|45|2.9|14.5|203|17.6|69.8|0.00|0.00|43.5676|22.4433
20|01|0|45|1.6|14.5|203|17.5|69.8|0.00|0.00|43.5671|22.4433
20|02|0|45|4.4|14.5|203|17.3|69.7|0.00|0.00|43.568|22.4433
20|03|0|45|1.5|14.5|203|18.7|69.6|0.00|0.00|43.5661|23.7988
20|04|0|0|2.9|14.5|203|19.1|69.5|0.00|0.00|43.5676|25.0891
20|05|0|45|1.6|14.5|203|19.9|69.4|0.00|0.00|43.5663|25.0891
20|06|0|45|1.5|14.5|203|19.6|69.2|0.00|0.00|43.567|25.0891
20|07|0|45|2.9|14.5|203|20.0|69.1|0.00|0.00|43.5682|26.3207
20|08|0|45|1.5|14.5|203|19.1|69.0|0.00|0.00|43.5665|25.0891
20|09|0|45|2.9|14.5|203|19.3|68.9|0.00|0.00|43.5685|24.2692
20|10|0|45|2.9|14.5|203|19.5|68.9|0.00|0.00|43.5708|24.2692
20|12|0|45|3.2|14.5|203|18.5|68.8|0.00|0.00|43.5721|22.9839
20|13|0|0|1.6|14.5|203|18.0|68.7|0.00|0.00|43.5718|22.9839
20|14|0|0|1.6|14.5|203|17.8|68.7|0.00|0.00|43.5716|21.6336
20|15|0|45|1.5|14.5|203|17.4|68.7|0.00|0.00|43.5722|21.6336
20|16|0|45|1.6|14.5|203|18.3|68.7|0.00|0.00|43.5735|22.9839
20|17|0|0|1.5|14.5|203|18.4|68.6|0.00|0.00|43.5738|22.9839
20|18|0|0|2.9|14.5|203|17.8|68.6|0.00|0.00|43.5726|21.6336
20|19|0|45|1.5|14.5|203|17.4|68.5|0.00|0.00|43.572|21.6336
20|22|0|45|1.6|14.5|203|17.1|68.3|0.00|0.00|43.575|21.6336
20|23|0|0|2.9|14.5|203|18.4|68.2|0.00|0.00|43.5712|22.9839
20|24|0|45|2.9|14.5|203|17.8|68.2|0.00|0.00|43.5721|21.6336
20|25|0|45|4.4|14.5|203|17.7|68.1|0.00|0.00|43.5701|21.6336
20|26|0|45|2.9|14.5|203|17.2|68.1|0.00|0.00|43.5711|21.6336
20|28|0|0|4.4|14.5|203|17.5|68.0|0.00|0.00|43.5711|21.6336
20|29|0|0|4.8|14.5|203|17.9|68.0|0.00|0.00|43.5722|21.6336
20|30|0|0|4.4|14.5|203|17.7|67.9|0.00|0.00|43.572|20.8237
20|31|0|45|3.2|14.5|203|17.7|67.9|0.00|0.00|43.5741|20.8237
20|32|0|0|2.9|14.5|203|17.7|67.8|0.00|0.00|43.5725|20.8237
20|33|0|0|2.9|14.5|203|17.7|67.8|0.00|0.00|43.5748|20.8237
20|35|0|45|3.2|14.5|203|17.7|67.8|0.00|0.00|43.5738|20.8237
20|36|0|23|1.5|14.5|203|18.3|67.7|0.00|0.00|43.5745|22.1687
20|37|0|0|1.5|14.5|203|18.3|67.7|0.00|0.00|43.5743|22.1687
20|38|0|0|1.5|14.5|203|18.3|67.7|0.00|0.00|43.5747|22.1687
20|39|0|0|1.5|14.5|203|18.3|67.6|0.00|0.00|43.5748|22.1687
20|40|0|45|2.9|14.5|203|18.2|67.6|0.00|0.00|43.5736|22.1687
20|41|0|0|2.9|14.5|203|18.7|67.4|0.00|0.00|43.575|22.1687
20|42|0|45|0.0|14.5|203|18.3|67.3|0.00|0.00|43.5732|22.1687
20|43|0|45|1.5|14.5|203|18.1|67.3|0.00|0.00|43.5729|22.1687
20|44|0|45|1.6|14.5|203|17.9|67.2|0.00|0.00|43.5733|20.8237
20|45|0|45|2.9|14.5|203|17.8|67.1|0.00|0.00|43.5734|20.8237
20|46|0|45|2.9|14.5|203|17.8|67.1|0.00|0.00|43.5756|20.8237
20|47|0|45|2.9|14.5|203|18.1|67.0|0.00|0.00|43.5768|22.1687
20|49|0|45|2.9|14.5|203|17.8|66.9|0.00|0.00|43.577|20.0133
20|50|0|23|2.9|14.5|203|17.5|66.9|0.00|0.00|43.5772|20.0133
20|51|0|0|2.9|14.5|203|17.8|66.8|0.00|0.00|43.578|20.0133
20|52|0|0|2.9|14.5|203|17.8|66.8|0.00|0.00|43.5802|20.0133
20|53|0|0|2.9|14.5|203|17.9|66.7|0.00|0.00|43.5806|20.0133
20|54|0|45|1.6|14.5|203|17.9|66.5|0.00|0.00|43.5806|20.0133
20|55|0|0|1.5|14.5|203|17.9|66.5|0.00|0.00|43.5842|20.0133
20|56|0|45|3.2|14.5|203|17.6|66.4|0.00|0.00|43.5849|20.0133
20|57|0|45|2.9|14.5|203|17.9|66.3|0.00|0.00|43.583|20.0133
20|58|0|45|2.9|14.5|203|18.1|66.2|0.00|0.00|43.5856|21.3531
20|59|0|45|4.4|14.5|203|17.9|66.1|0.00|0.00|43.5869|20.0133
21|00|0|45|3.2|14.5|203|17.9|66.0|0.00|0.00|43.5841|20.0133
21|01|0|45|4.4|14.5|203|17.5|65.9|0.00|0.00|43.584|19.2027
21|02|0|45|3.2|14.5|203|17.5|65.9|0.00|0.00|43.5841|19.2027
21|03|0|0|4.4|14.5|203|17.6|65.8|0.00|0.00|43.5844|19.2027
21|04|0|0|2.9|14.5|203|17.7|65.8|0.00|0.00|43.583|19.2027
21|05|0|23|2.9|14.5|203|17.7|65.8|0.00|0.00|43.5854|19.2027
21|07|0|45|3.2|14.5|203|17.9|65.6|0.00|0.00|43.586|19.2027
21|09|0|68|2.9|14.5|203|17.8|65.6|0.00|0.00|43.5874|19.2027
21|10|0|45|2.9|14.5|203|18.1|65.6|0.00|0.00|43.587|20.5372
21|11|0|45|2.9|14.5|203|17.8|65.5|0.00|0.00|43.5853|19.2027
21|12|0|45|4.4|14.5|203|17.9|65.5|0.00|0.00|43.5857|19.2027
21|13|0|23|4.8|14.5|203|18.2|65.4|0.00|0.00|43.5858|20.5372
21|14|0|45|4.4|14.5|203|18.0|65.4|0.00|0.00|43.5874|20.5372
21|15|0|45|3.2|14.5|203|18.0|65.3|0.00|0.00|43.5887|20.5372
21|17|0|0|4.4|14.5|203|18.5|65.3|0.00|0.00|43.5885|20.5372
21|18|0|45|2.9|14.5|203|18.5|65.2|0.00|0.00|43.5887|20.5372
21|19|0|0|2.9|14.5|203|18.7|65.2|0.00|0.00|43.5899|20.5372
21|20|0|45|1.5|14.5|203|19.3|65.2|0.00|0.00|43.5903|21.8075
21|21|0|45|3.2|14.5|203|19.7|65.2|0.00|0.00|43.5919|21.8075
21|23|0|45|2.9|14.5|203|19.6|65.1|0.00|0.00|43.5923|21.8075
21|24|0|45|1.5|14.5|203|19.6|65.0|0.00|0.00|43.5936|21.8075
21|25|0|45|2.9|14.5|203|19.9|64.9|0.00|0.00|43.5959|20.9863
21|26|0|45|2.9|14.5|203|19.9|64.7|0.00|0.00|43.5956|20.9863
21|27|0|0|2.9|14.5|203|20.1|64.7|0.00|0.00|43.597|22.1938
21|28|0|45|2.9|14.5|203|20.3|64.6|0.00|0.00|43.5987|22.1938
21|30|0|90|2.9|14.5|203|21.1|64.5|0.00|0.00|43.6019|23.349
21|31|0|45|2.9|14.5|203|21.2|64.4|0.00|0.00|43.6007|23.349
21|32|0|45|1.5|14.5|203|21.0|64.4|0.00|0.00|43.6022|23.349
21|33|0|90|0.0|14.5|203|21.5|64.4|0.00|0.00|43.6051|23.349
21|34|0|90|1.5|14.5|203|22.3|64.4|0.00|0.00|43.6062|24.4564
21|35|0|90|1.6|14.5|203|21.5|64.3|0.00|0.00|43.6054|23.349
21|36|0|135|1.5|14.5|203|20.8|64.2|0.00|0.00|43.6076|22.1938
21|37|0|225|1.5|14.5|203|21.5|64.2|0.00|0.00|43.6085|23.349
21|39|0|315|0.0|14.5|203|21.4|64.1|0.00|0.00|43.6086|23.349
21|40|0|180|1.6|14.5|203|21.2|64.1|0.00|0.00|43.6095|23.349
21|41|0|270|0.0|14.5|203|21.1|64.0|0.00|0.00|43.6111|23.349
21|42|0|270|0.0|14.5|203|20.7|64.0|0.00|0.00|43.6124|22.1938
21|43|0|203|0.0|14.5|203|20.3|63.8|0.00|0.00|43.6117|21.3675
21|44|0|225|0.0|14.5|203|20.4|63.7|0.00|0.00|43.6128|21.3675
21|45|0|225|0.0|14.5|203|20.3|63.7|0.00|0.00|43.6126|21.3675
21|46|0|225|0.0|14.5|203|20.1|63.6|0.00|0.00|43.6122|21.3675
21|47|0|225|1.6|14.5|203|19.9|63.6|0.00|0.00|43.6113|20.1647
21|48|0|225|0.0|14.5|203|19.9|63.5|0.00|0.00|43.6112|20.1647
21|49|0|225|0.0|14.5|203|19.9|63.5|0.00|0.00|43.6122|20.1647
21|50|0|225|0.0|14.5|203|20.1|63.4|0.00|0.00|43.6124|21.3675
21|52|0|45|0.0|14.5|203|20.7|63.3|0.00|0.00|43.6129|21.3675
21|53|0|135|0.0|14.5|203|21.1|63.3|0.00|0.00|43.6125|22.5181
21|54|0|180|0.0|14.5|203|21.2|63.0|0.00|0.00|43.6118|22.5181
21|56|0|180|0.0|14.5|203|21.3|63.0|0.00|0.00|43.6105|22.5181
21|57|0|225|0.0|14.5|203|21.2|63.0|0.00|0.00|43.6115|22.5181
21|58|0|225|1.5|14.5|203|21.1|63.0|0.00|0.00|43.6127|22.5181
21|59|0|225|0.0|14.5|203|21.2|62.9|0.00|0.00|43.6126|21.6868
22|00|0|225|2.9|14.5|203|21.2|62.9|0.00|0.00|43.6135|21.6868
22|01|0|225|0.0|14.5|203|21.4|62.8|0.00|0.00|43.6134|21.6868
22|02|0|225|0.0|14.5|203|21.6|62.7|0.00|0.00|43.6138|21.6868
22|03|0|225|1.5|14.5|203|21.3|62.6|0.00|0.00|43.6118|21.6868
22|04|0|225|1.5|14.5|203|21.2|62.5|0.00|0.00|43.6112|21.6868
22|05|0|225|1.6|14.5|203|21.7|62.4|0.00|0.00|43.6108|21.6868
22|07|0|225|1.5|14.5|203|22.0|62.4|0.00|0.00|43.6105|22.7854
22|08|0|225|0.0|14.5|203|22.3|62.3|0.00|0.00|43.6096|22.7854
22|10|0|225|1.5|14.5|203|22.4|62.0|0.00|0.00|43.6099|22.7854
22|11|0|225|1.5|14.5|203|22.5|61.9|0.00|0.00|43.6091|21.9494
22|13|0|135|1.5|14.5|203|22.7|61.7|0.00|0.00|43.6073|21.9494
22|14|0|180|1.5|14.5|203|22.6|61.6|0.00|0.00|43.6053|21.9494
22|15|0|225|1.6|14.5|203|22.5|61.5|0.00|0.00|43.6043|21.9494
22|16|0|225|2.9|14.5|203|22.5|61.4|0.00|0.00|43.6064|21.9494
22|17|0|270|2.9|14.5|203|22.3|61.2|0.00|0.00|43.6081|21.9494
22|19|0|225|1.5|14.5|203|21.4|61.1|0.00|0.00|43.6078|20.8552
22|20|0|90|1.6|14.5|203|22.5|61.1|0.00|0.00|43.6092|21.9494
22|21|0|90|1.5|14.5|203|24.6|61.0|0.00|0.00|43.6103|24.0116
22|22|0|180|0.0|14.5|203|24.8|60.9|0.00|0.00|43.609|23.167
22|23|0|180|0.0|14.5|203|24.9|60.7|0.00|0.00|43.6105|23.167
22|24|0|180|0.0|14.5|203|24.7|60.6|0.00|0.00|43.6116|23.167
22|26|0|270|0.0|14.5|203|25.0|60.2|0.00|0.00|43.6165|24.1376
22|27|0|270|0.0|14.5|203|24.5|60.0|0.00|0.00|43.6163|23.167
22|28|0|270|0.0|14.5|203|26.5|59.9|0.00|0.00|43.6164|24.2218
22|29|0|270|1.5|14.5|203|25.8|59.8|0.00|0.00|43.6164|23.2888
22|30|0|270|1.5|14.5|203|25.4|59.7|0.00|0.00|43.6176|23.2888
22|32|0|270|2.9|14.5|203|25.1|59.5|0.00|0.00|43.6141|23.2888
22|33|0|270|3.2|14.5|203|24.4|59.3|0.00|0.00|43.614|22.3222
22|34|0|225|1.5|14.5|203|24.3|59.2|0.00|0.00|43.6133|22.3222
22|35|0|225|1.5|14.5|203|25.1|59.2|0.00|0.00|43.6143|23.2888
22|36|0|225|3.2|14.5|203|26.5|59.1|0.00|0.00|43.6145|24.2218
22|37|0|225|1.5|14.5|203|25.9|59.1|0.00|0.00|43.6128|23.2888
22|38|0|225|1.5|14.5|203|27.2|59.0|0.00|0.00|43.6132|25.1235
22|40|0|0|1.5|14.5|203|29.7|58.9|0.00|0.00|43.6147|25.9779
22|41|0|0|1.5|14.5|203|30.9|58.8|0.00|0.00|43.6175|26.7945
22|42|0|0|1.5|14.5|203|32.5|58.5|0.00|0.00|43.6197|28.3578
22|43|0|0|1.5|14.5|203|31.6|58.3|0.00|0.00|43.6176|27.5873
22|44|0|0|1.5|14.5|203|30.0|58.1|0.00|0.00|43.6161|26.7945
22|45|0|315|1.5|14.5|203|30.0|57.9|0.00|0.00|43.6158|25.9273
22|48|0|315|3.2|14.5|203|31.8|57.5|0.00|0.00|43.6128|26.7169
22|49|0|270|1.5|14.5|203|32.1|57.3|0.00|0.00|43.6113|27.4842
22|50|0|225|0.0|14.5|203|29.6|57.3|0.00|0.00|43.6093|25.1141
22|51|0|180|0.0|14.5|203|30.0|57.3|0.00|0.00|43.6094|25.9273
22|52|0|180|0.0|14.5|203|30.5|57.3|0.00|0.00|43.6086|25.9273
22|53|0|0|1.6|14.5|203|32.0|57.3|0.00|0.00|43.6115|27.4842
22|55|0|0|1.5|14.5|203|35.5|57.2|0.00|0.00|43.6094|29.6652
22|56|0|0|1.5|14.5|203|34.8|57.1|0.00|0.00|43.6079|28.9573
22|57|0|0|1.5|14.5|203|33.6|57.1|0.00|0.00|43.61|28.2306
22|58|0|0|0.0|14.5|203|31.9|57.1|0.00|0.00|43.6087|26.7169
22|59|0|0|0.0|14.5|203|30.8|57.0|0.00|0.00|43.6069|25.9273
23|00|0|0|0.0|14.5|203|31.6|57.0|0.00|0.00|43.6073|26.7169
23|01|0|0|0.0|14.5|203|32.7|57.0|0.00|0.00|43.6085|27.4842
23|02|0|0|0.0|14.5|203|33.4|57.0|0.00|0.00|43.6064|28.2306
23|04|0|0|0.0|14.5|203|32.1|56.9|0.00|0.00|43.6067|26.6104
23|05|0|0|0.0|14.5|203|32.0|57.0|0.00|0.00|43.6081|27.4842
23|06|0|0|0.0|14.5|203|31.7|57.0|0.00|0.00|43.6087|26.7169
23|07|0|0|0.0|14.5|203|31.8|56.9|0.00|0.00|43.6087|25.8462
23|08|0|0|0.0|14.5|203|31.4|56.9|0.00|0.00|43.6083|25.8462
23|09|0|0|0.0|14.5|203|29.2|56.9|0.00|0.00|43.6073|24.25
23|10|0|0|3.2|14.5|203|33.4|56.9|0.00|0.00|43.6097|27.3537
23|11|0|315|1.5|14.5|203|35.8|56.7|0.00|0.00|43.6087|28.7823
23|12|0|315|1.5|14.5|203|35.4|56.6|0.00|0.00|43.6091|28.7823
23|13|0|270|1.5|14.5|203|34.6|56.5|0.00|0.00|43.6069|28.0773
23|14|0|225|2.9|14.5|203|34.2|56.4|0.00|0.00|43.6094|28.0773
23|15|0|225|1.5|14.5|203|35.2|56.3|0.00|0.00|43.6144|28.7823
23|16|0|270|1.5|14.5|203|34.4|56.2|0.00|0.00|43.616|28.0773
23|17|0|180|1.5|14.5|203|35.3|56.1|0.00|0.00|43.6147|28.7823
23|18|0|180|0.0|14.5|203|35.7|56.0|0.00|0.00|43.6161|28.7823
23|19|0|180|0.0|14.5|203|35.4|56.0|0.00|0.00|43.6188|28.7823
23|20|0|158|1.5|14.5|203|35.5|55.8|0.00|0.00|43.6191|27.8992
23|22|0|135|1.5|14.5|203|35.5|55.7|0.00|0.00|43.6182|27.8992
23|24|0|135|0.0|14.5|203|34.5|55.5|0.00|0.00|43.6181|27.1972
23|26|0|135|0.0|14.5|203|32.9|55.4|0.00|0.00|43.6187|25.7363
23|27|0|135|0.0|14.5|203|32.8|55.3|0.00|0.00|43.6189|25.7363
23|28|0|135|0.0|14.5|203|32.6|55.2|0.00|0.00|43.6175|25.7363
23|29|0|135|0.0|14.5|203|32.0|55.2|0.00|0.00|43.6179|25.7363
23|30|0|135|0.0|14.5|203|32.0|55.2|0.00|0.00|43.6212|25.7363
23|31|0|135|0.0|14.5|203|31.7|55.2|0.00|0.00|43.6191|24.9753
23|32|0|135|0.0|14.5|203|31.4|55.3|0.00|0.00|43.6211|24.9753
23|34|0|135|0.0|14.5|203|32.1|55.3|0.00|0.00|43.6229|25.7363
23|35|0|135|0.0|14.5|203|32.3|55.3|0.00|0.00|43.6184|25.7363
23|36|0|135|1.5|14.5|203|32.5|55.3|0.00|0.00|43.619|25.7363
23|37|0|135|0.0|14.5|203|32.4|55.3|0.00|0.00|43.6202|25.7363
23|38|0|135|0.0|14.5|203|31.9|55.3|0.00|0.00|43.6189|24.9753
23|39|0|135|0.0|14.5|203|32.0|55.3|0.00|0.00|43.6195|25.7363
23|41|0|225|0.0|14.5|203|31.8|55.3|0.00|0.00|43.6202|24.9753
23|42|0|225|0.0|14.5|203|31.5|55.3|0.00|0.00|43.6206|24.9753
23|43|0|225|0.0|14.5|203|31.4|55.2|0.00|0.00|43.62|24.9753
23|44|0|225|1.5|14.5|203|32.0|55.2|0.00|0.00|43.6203|25.7363
23|45|0|225|0.0|14.5|203|31.8|55.1|0.00|0.00|43.6198|24.9753
23|46|0|225|0.0|14.5|203|31.1|55.1|0.00|0.00|43.6182|24.9753
23|47|0|225|0.0|14.5|203|31.0|55.1|0.00|0.00|43.6166|24.9753
23|48|0|225|0.0|14.5|203|31.0|55.0|0.00|0.00|43.6165|24.9753
23|50|0|0|2.9|14.5|203|35.7|55.0|0.00|0.00|43.6191|27.8992
23|51|0|0|1.6|14.5|203|40.3|55.0|0.00|0.00|43.6174|31.1638
23|52|0|315|1.6|14.5|203|40.1|54.8|0.00|0.00|43.619|30.2668
23|53|0|315|1.5|14.5|203|37.1|54.7|0.00|0.00|43.6179|28.3627
23|54|0|315|1.5|14.5|203|36.4|54.6|0.00|0.00|43.6193|27.6976
23|55|0|315|1.5|14.5|203|35.7|54.5|0.00|0.00|43.6204|27.0159
23|56|0|315|1.6|14.5|203|37.6|54.4|0.00|0.00|43.6211|28.3627
23|57|0|315|1.5|14.5|203|38.3|54.3|0.00|0.00|43.6196|29.0121
23|58|0|315|0.0|14.5|203|38.8|54.2|0.00|0.00|43.6209|29.0121
23|59|0|315|1.5|14.5|203|37.7|54.0|0.00|0.00|43.6222|28.3627
