00|00|0|135|0.0|13.1|45|35.0|35.9|0.00|0.20|43.6827|10.1876
00|01|0|135|0.0|13.1|45|34.8|35.9|0.00|0.20|43.6829|9.54301
00|02|0|135|0.0|13.1|45|34.8|35.8|0.00|0.20|43.6828|9.54301
00|03|0|135|1.5|13.1|45|34.6|35.8|0.00|0.20|43.6853|9.54301
00|04|0|135|1.6|13.1|45|34.4|35.8|0.00|0.20|43.6851|9.54301
00|08|0|135|2.9|13.1|45|34.0|35.8|0.00|0.20|43.6851|9.54301
00|09|0|135|1.5|13.1|45|33.4|35.8|0.00|0.20|43.6858|8.88134
00|10|0|135|0.0|13.1|45|33.0|35.7|0.00|0.20|43.6842|8.88134
00|12|0|135|1.6|13.1|45|33.2|35.8|0.00|0.20|43.685|8.88134
00|13|0|135|0.0|13.1|45|32.9|35.7|0.00|0.20|43.6828|8.20156
00|14|0|135|0.0|13.1|45|32.8|35.7|0.00|0.20|43.6822|8.20156
00|15|0|135|0.0|13.1|45|32.8|35.7|0.00|0.20|43.6814|8.20156
00|16|0|135|0.0|13.1|45|32.7|35.8|0.00|0.20|43.6826|8.20156
00|18|0|45|1.5|13.1|45|32.6|35.7|0.00|0.20|43.6816|8.20156
00|19|0|45|0.0|13.1|45|32.6|35.7|0.00|0.20|43.6806|8.20156
00|20|0|45|0.0|13.1|45|32.4|35.7|0.00|0.20|43.6816|8.20156
00|21|0|45|1.5|13.1|45|32.4|35.7|0.00|0.20|43.6827|8.20156
00|22|0|45|1.5|13.1|45|32.2|35.7|0.00|0.20|43.6816|8.20156
00|23|0|45|1.5|13.1|45|32.1|35.7|0.00|0.20|43.6816|8.20156
00|24|0|45|0.0|13.1|45|32.1|35.7|0.00|0.20|43.6819|8.20156
00|25|0|45|0.0|13.1|45|32.3|35.7|0.00|0.20|43.6822|8.20156
00|27|0|135|1.5|13.1|45|32.5|35.7|0.00|0.20|43.6841|8.20156
00|28|0|135|1.6|13.1|45|32.6|35.6|0.00|0.20|43.6811|8.20156
00|29|0|135|0.0|13.1|45|32.6|35.7|0.00|0.20|43.6826|8.20156
00|30|0|135|1.5|13.1|45|32.7|35.6|0.00|0.20|43.6816|8.20156
00|31|0|135|0.0|13.1|45|32.7|35.7|0.00|0.20|43.6828|8.20156
00|32|0|135|0.0|13.1|45|32.7|35.7|0.00|0.20|43.6831|8.20156
00|33|0|135|0.0|13.1|45|32.6|35.7|0.00|0.20|43.6817|8.20156
00|34|0|135|0.0|13.1|45|32.6|35.7|0.00|0.20|43.6824|8.20156
00|36|0|135|0.0|13.1|45|32.5|35.8|0.01|0.21|43.6828|8.20156
00|37|0|135|0.0|13.1|45|32.5|35.8|0.01|0.21|43.6831|8.20156
00|38|0|135|0.0|13.1|45|32.4|35.8|0.01|0.21|43.682|8.20156
00|39|0|135|0.0|13.1|45|32.3|35.8|0.01|0.21|43.6812|8.20156
00|40|0|135|0.0|13.1|45|32.3|35.8|0.01|0.21|43.6828|8.20156
00|41|0|135|0.0|13.1|45|32.2|35.9|0.01|0.21|43.6814|8.20156
00|42|0|135|0.0|13.1|45|32.3|35.9|0.01|0.21|43.6816|8.20156
00|43|0|135|0.0|13.1|45|32.2|35.9|0.01|0.21|43.6805|8.20156
00|46|0|135|0.0|13.1|45|32.1|35.9|0.01|0.21|43.6818|8.20156
00|47|0|135|0.0|13.1|45|32.0|35.9|0.01|0.21|43.6807|8.20156
00|48|0|135|0.0|13.1|45|32.0|35.9|0.01|0.21|43.6802|8.20156
00|49|0|135|0.0|13.1|45|32.0|35.9|0.01|0.21|43.6785|8.20156
00|50|0|135|0.0|13.1|45|32.1|35.9|0.01|0.21|43.6794|8.20156
00|51|0|135|0.0|13.1|45|32.3|35.9|0.01|0.21|43.6807|8.20156
00|52|0|135|0.0|13.1|45|32.3|35.9|0.01|0.21|43.6802|8.20156
00|53|0|135|0.0|13.1|45|32.4|35.9|0.01|0.21|43.6798|8.20156
00|54|0|135|0.0|13.1|45|32.5|35.9|0.01|0.21|43.6796|8.20156
00|55|0|135|0.0|13.1|45|32.5|35.9|0.01|0.21|43.6794|8.20156
00|56|0|135|0.0|13.1|45|32.5|35.9|0.01|0.21|43.6811|8.20156
00|57|0|135|0.0|13.1|45|32.4|35.9|0.01|0.21|43.6796|8.20156
00|58|0|135|0.0|13.1|45|32.2|35.9|0.01|0.21|43.6806|8.20156
00|59|0|135|0.0|13.1|45|32.0|35.9|0.01|0.21|43.6795|8.20156
01|00|0|135|0.0|13.1|45|31.8|35.9|0.01|0.21|43.6802|7.5026
01|01|0|135|1.6|13.1|45|31.8|35.9|0.01|0.21|43.6807|7.5026
01|02|0|135|0.0|13.1|45|31.8|35.9|0.01|0.21|43.6814|7.5026
01|03|0|135|0.0|13.1|45|32.0|35.9|0.01|0.21|43.6807|8.20156
01|04|0|135|0.0|13.1|45|32.1|35.9|0.01|0.21|43.6794|8.20156
01|06|0|135|0.0|13.1|45|32.1|35.9|0.01|0.21|43.6794|8.20156
01|07|0|135|0.0|13.1|45|32.2|35.9|0.01|0.21|43.6786|8.20156
01|08|0|135|0.0|13.1|45|32.3|35.9|0.01|0.21|43.6793|8.20156
01|09|0|135|0.0|13.1|45|32.4|35.9|0.01|0.21|43.6789|8.20156
01|10|0|135|0.0|13.1|45|32.4|35.9|0.01|0.21|43.6778|8.20156
01|11|0|135|0.0|13.1|45|32.3|35.9|0.01|0.21|43.6796|8.20156
01|12|0|135|0.0|13.1|45|32.3|35.9|0.01|0.21|43.6798|8.20156
01|13|0|135|0.0|13.1|45|32.4|35.8|0.01|0.21|43.6786|8.20156
01|14|0|135|0.0|13.1|45|32.5|35.8|0.01|0.21|43.6782|8.20156
01|15|0|135|0.0|13.1|45|32.7|35.8|0.01|0.21|43.6802|8.20156
01|16|0|135|0.0|13.1|45|32.5|35.8|0.01|0.21|43.6807|8.20156
01|17|0|135|0.0|13.1|45|32.2|35.8|0.01|0.21|43.6802|8.20156
01|18|0|135|0.0|13.1|45|32.1|35.8|0.01|0.21|43.6794|8.20156
01|19|0|135|0.0|13.1|45|32.3|35.7|0.01|0.21|43.6766|8.20156
01|20|0|135|0.0|13.1|45|32.5|35.7|0.01|0.21|43.6752|8.20156
01|21|0|135|0.0|13.1|45|32.6|35.7|0.01|0.21|43.6761|8.20156
01|22|0|135|0.0|13.1|45|32.7|35.7|0.01|0.21|43.6765|8.20156
01|23|0|135|0.0|13.1|45|32.9|35.7|0.01|0.21|43.6756|8.20156
01|24|0|135|1.5|13.1|45|33.0|35.7|0.01|0.21|43.6761|8.88134
01|25|0|135|0.0|13.1|45|33.2|35.6|0.01|0.21|43.6753|8.88134
01|28|0|135|0.0|13.1|45|33.5|35.6|0.01|0.21|43.6745|8.88134
01|29|0|135|0.0|13.1|45|33.5|35.6|0.01|0.21|43.6775|8.88134
01|30|0|135|0.0|13.1|45|33.5|35.6|0.01|0.21|43.6764|8.88134
01|31|0|135|0.0|13.1|45|33.6|35.6|0.01|0.21|43.6768|8.88134
01|32|0|135|0.0|13.1|45|33.6|35.6|0.01|0.21|43.6778|8.88134
01|33|0|135|0.0|13.1|45|33.5|35.6|0.01|0.21|43.6779|8.88134
01|34|0|135|0.0|13.1|45|33.5|35.6|0.00|0.21|43.6785|8.88134
01|35|0|135|0.0|13.1|45|33.5|35.6|0.00|0.21|43.6779|8.88134
01|36|0|135|1.5|13.1|45|33.7|35.6|0.00|0.21|43.6781|8.88134
01|37|0|135|0.0|13.1|45|33.8|35.5|0.00|0.21|43.678|8.88134
01|38|0|135|1.5|13.1|45|34.1|35.5|0.00|0.21|43.6771|9.54301
01|39|0|135|0.0|13.1|45|34.2|35.5|0.00|0.21|43.6774|9.54301
01|42|0|135|1.6|13.1|45|34.6|35.5|0.00|0.21|43.6786|9.54301
01|43|0|135|0.0|13.1|45|34.8|35.4|0.00|0.21|43.6781|9.54301
01|44|0|135|0.0|13.1|45|35.0|35.4|0.00|0.21|43.679|10.1876
01|45|0|135|0.0|13.1|45|35.1|35.4|0.00|0.21|43.6786|10.1876
01|47|0|135|0.0|13.1|45|35.1|35.4|0.00|0.21|43.6786|10.1876
01|48|0|135|0.0|13.1|45|35.1|35.4|0.00|0.21|43.6782|10.1876
01|49|0|135|1.5|13.1|45|35.1|35.3|0.00|0.21|43.6765|10.1876
01|50|0|135|1.5|13.1|45|35.0|35.3|0.00|0.21|43.6753|10.1876
01|51|0|135|1.5|13.1|45|35.1|35.3|0.00|0.21|43.6748|10.1876
01|52|0|135|0.0|13.1|45|35.2|35.3|0.00|0.21|43.6768|10.1876
01|54|0|135|0.0|13.1|45|35.2|35.3|0.00|0.21|43.6774|10.1876
01|55|0|135|0.0|13.1|45|35.2|35.3|0.01|0.22|43.6771|10.1876
01|56|0|135|0.0|13.1|45|35.3|35.3|0.01|0.22|43.6794|10.1876
01|58|0|135|1.5|13.1|45|36.3|35.2|0.01|0.22|43.6803|10.816
01|59|0|135|1.6|13.1|45|36.5|35.2|0.01|0.22|43.6795|10.816
02|00|0|135|1.5|13.1|45|36.4|35.0|0.01|0.22|43.6791|10.816
02|01|0|135|1.5|13.1|45|36.1|35.0|0.01|0.22|43.6805|10.816
02|02|0|135|0.0|13.1|45|36.1|34.9|0.01|0.22|43.6786|9.92513
02|03|0|135|1.6|13.1|45|36.0|34.9|0.01|0.22|43.6806|9.92513
02|04|0|135|1.6|13.1|45|36.3|34.8|0.01|0.22|43.679|9.92513
02|05|0|135|0.0|13.1|45|36.6|34.9|0.01|0.22|43.6813|9.92513
02|07|0|135|0.0|13.1|45|36.8|34.9|0.01|0.22|43.682|9.92513
02|08|0|135|0.0|13.1|45|36.9|34.8|0.01|0.22|43.6807|9.92513
02|09|0|135|0.0|13.1|45|36.8|34.8|0.01|0.22|43.6798|9.92513
02|10|0|135|0.0|13.1|45|37.0|34.8|0.01|0.22|43.6808|10.5355
02|11|0|135|0.0|13.1|45|37.0|34.8|0.01|0.22|43.6793|10.5355
02|12|0|135|0.0|13.1|45|37.1|34.8|0.01|0.22|43.6803|10.5355
02|13|0|135|0.0|13.1|45|36.9|34.7|0.01|0.22|43.6768|9.92513
02|14|0|135|0.0|13.1|45|36.8|34.7|0.01|0.22|43.6789|9.92513
02|15|0|135|0.0|13.1|45|36.8|34.7|0.01|0.22|43.6776|9.92513
02|17|0|135|0.0|13.1|45|36.7|34.6|0.01|0.22|43.6783|9.92513
02|18|0|135|0.0|13.1|45|36.7|34.6|0.01|0.22|43.6757|9.92513
02|19|0|135|0.0|13.1|45|36.9|34.6|0.01|0.22|43.6758|9.92513
02|20|0|135|0.0|13.1|45|37.1|34.6|0.01|0.22|43.6766|10.5355
02|21|0|135|1.5|13.1|45|37.4|34.6|0.01|0.22|43.6756|10.5355
02|22|0|135|0.0|13.1|45|37.6|34.6|0.01|0.22|43.6771|10.5355
02|23|0|135|1.5|13.1|45|38.1|34.7|0.01|0.22|43.6778|11.1313
02|24|0|135|0.0|13.1|45|38.3|34.7|0.01|0.22|43.6781|11.1313
02|25|0|135|0.0|13.1|45|38.5|34.6|0.01|0.22|43.6769|11.1313
02|28|0|135|0.0|13.1|45|38.4|34.7|0.01|0.22|43.678|11.1313
02|29|0|135|0.0|13.1|45|38.3|34.7|0.01|0.22|43.6785|11.1313
02|30|0|135|0.0|13.1|45|38.0|34.7|0.01|0.22|43.6781|11.1313
02|31|0|45|0.0|13.1|45|38.1|34.7|0.01|0.22|43.6776|11.1313
02|32|0|45|0.0|13.1|45|38.7|34.7|0.01|0.22|43.6783|11.1313
02|33|0|45|1.5|13.1|45|38.7|34.7|0.01|0.22|43.6742|11.1313
02|34|0|45|0.0|13.1|45|38.7|34.7|0.01|0.22|43.6745|11.1313
02|35|0|45|0.0|13.1|45|38.5|34.7|0.01|0.22|43.6738|11.1313
02|37|0|135|0.0|13.1|45|38.8|34.7|0.01|0.22|43.6729|11.1313
02|39|0|135|1.5|13.1|45|39.0|34.8|0.01|0.22|43.6757|11.7134
02|40|0|180|0.0|13.1|45|39.1|34.7|0.01|0.22|43.6745|11.7134
02|41|0|180|0.0|13.1|45|39.1|34.7|0.01|0.22|43.6737|11.7134
02|42|0|180|0.0|13.1|45|38.9|34.7|0.01|0.22|43.6734|11.1313
02|43|0|180|0.0|13.1|45|38.9|34.7|0.01|0.22|43.6717|11.1313
02|44|0|180|0.0|13.1|45|38.8|34.8|0.01|0.22|43.6707|11.1313
02|45|0|180|0.0|13.1|45|38.7|34.8|0.01|0.22|43.6704|11.1313
02|47|0|180|0.0|13.1|45|38.6|34.8|0.01|0.22|43.671|11.1313
02|48|0|180|0.0|13.1|45|38.6|34.8|0.01|0.22|43.672|11.1313
02|49|0|180|0.0|13.1|45|38.5|34.8|0.01|0.22|43.6702|11.1313
02|50|0|180|0.0|13.1|45|38.4|34.9|0.01|0.22|43.6713|11.1313
02|51|0|180|0.0|13.1|45|38.4|34.9|0.01|0.22|43.6721|11.1313
02|52|0|180|0.0|13.1|45|38.5|34.9|0.01|0.22|43.6714|11.1313
02|53|0|180|1.5|13.1|45|38.7|34.9|0.01|0.22|43.6695|11.1313
02|54|0|180|1.5|13.1|45|38.8|34.9|0.01|0.22|43.6693|11.1313
02|55|0|180|1.5|13.1|45|39.0|34.9|0.00|0.22|43.6689|11.7134
02|57|0|180|0.0|13.1|45|38.9|34.9|0.00|0.22|43.6682|11.1313
02|58|0|180|0.0|13.1|45|38.7|35.0|0.00|0.22|43.6676|12.0275
02|59|0|180|0.0|13.1|45|38.5|35.0|0.00|0.22|43.6673|12.0275
03|00|0|180|0.0|13.1|45|38.5|35.0|0.00|0.22|43.6667|12.0275
03|01|0|180|0.0|13.1|45|38.5|35.0|0.00|0.22|43.6641|12.0275
03|02|0|180|0.0|13.1|45|38.4|35.0|0.00|0.22|43.6659|12.0275
03|03|0|180|0.0|13.1|45|38.3|35.0|0.00|0.22|43.6636|12.0275
03|04|0|180|0.0|13.1|45|38.2|35.0|0.01|0.23|43.662|12.0275
03|05|0|180|0.0|13.1|45|38.3|35.2|0.02|0.24|43.6619|12.0275
03|06|0|180|0.0|13.1|45|38.4|35.2|0.02|0.24|43.661|12.0275
03|07|0|180|0.0|13.1|45|38.4|35.2|0.02|0.24|43.6599|12.0275
03|09|0|180|0.0|13.1|45|38.4|35.2|0.02|0.24|43.6619|12.0275
03|10|0|180|0.0|13.1|45|38.7|35.2|0.02|0.24|43.6587|12.0275
03|11|0|180|0.0|13.1|45|38.8|35.2|0.02|0.24|43.6614|12.0275
03|12|0|180|1.5|13.1|45|38.8|35.2|0.02|0.24|43.6615|12.0275
03|13|0|180|0.0|13.1|45|38.9|35.2|0.02|0.24|43.6618|12.0275
03|14|0|180|1.6|13.1|45|38.9|35.2|0.02|0.24|43.6627|12.0275
03|15|0|180|0.0|13.1|45|38.8|35.2|0.02|0.24|43.6637|12.0275
03|16|0|180|1.5|13.1|45|38.7|35.2|0.02|0.24|43.6641|12.0275
03|17|0|180|0.0|13.1|45|38.7|35.2|0.02|0.24|43.6644|12.0275
03|18|0|180|1.5|13.1|45|38.8|35.2|0.02|0.24|43.6638|12.0275
03|19|0|315|1.6|13.1|45|39.7|35.0|0.02|0.24|43.6631|12.6121
03|20|0|315|1.6|13.1|45|40.3|35.0|0.02|0.24|43.6637|13.1835
03|21|0|315|1.5|13.1|45|40.6|34.9|0.02|0.24|43.6626|12.2823
03|22|0|315|1.6|13.1|45|40.8|34.8|0.02|0.24|43.6618|12.2823
03|23|0|315|1.5|13.1|45|40.7|34.7|0.02|0.24|43.6624|12.2823
03|24|0|315|0.0|13.1|45|40.4|34.6|0.02|0.24|43.6613|12.2823
03|25|0|315|0.0|13.1|45|40.0|34.5|0.02|0.24|43.661|12.2823
03|27|0|315|0.0|13.1|45|39.7|34.4|0.02|0.24|43.6589|11.7134
03|28|0|315|0.0|13.1|45|39.7|34.4|0.02|0.24|43.6608|11.7134
03|29|0|315|0.0|13.1|45|39.9|34.2|0.02|0.24|43.6569|11.7134
03|30|0|315|0.0|13.1|45|40.1|34.2|0.02|0.24|43.6572|12.2823
03|31|0|315|0.0|13.1|45|40.3|34.2|0.02|0.24|43.6569|12.2823
03|33|0|315|0.0|13.1|45|40.2|34.1|0.02|0.24|43.6608|12.2823
03|34|0|315|0.0|13.1|45|40.2|34.1|0.02|0.24|43.6605|12.2823
03|35|0|315|0.0|13.1|45|40.1|34.0|0.02|0.24|43.6605|12.2823
03|36|0|315|1.5|13.1|45|40.3|34.0|0.02|0.24|43.6618|12.2823
03|37|0|315|0.0|13.1|45|40.3|34.0|0.02|0.24|43.6628|12.2823
03|38|0|315|1.5|13.1|45|40.2|34.0|0.02|0.24|43.6631|12.2823
03|39|0|315|0.0|13.1|45|40.1|34.0|0.02|0.24|43.6606|12.2823
03|40|0|315|0.0|13.1|45|40.1|34.0|0.02|0.24|43.6606|12.2823
03|41|0|315|0.0|13.1|45|40.3|34.0|0.02|0.24|43.662|12.2823
03|42|0|315|0.0|13.1|45|40.4|33.9|0.02|0.24|43.6588|11.3808
03|44|0|315|0.0|13.1|45|40.1|33.9|0.02|0.24|43.6581|11.3808
03|45|0|315|0.0|13.1|45|40.2|33.9|0.02|0.24|43.658|11.3808
03|46|0|315|0.0|13.1|45|40.1|33.9|0.02|0.24|43.6586|11.3808
03|47|0|315|0.0|13.1|45|40.0|33.9|0.02|0.24|43.6587|11.3808
03|50|0|315|0.0|13.1|45|39.8|33.9|0.02|0.24|43.6585|10.8144
03|51|0|315|0.0|13.1|45|39.8|33.9|0.02|0.24|43.6592|10.8144
03|52|0|315|0.0|13.1|45|39.7|33.9|0.02|0.24|43.6599|10.8144
03|53|0|315|0.0|13.1|45|39.9|33.9|0.02|0.24|43.6596|10.8144
03|54|0|315|0.0|13.1|45|40.0|33.9|0.02|0.24|43.6604|11.3808
03|55|0|315|0.0|13.1|45|40.0|34.0|0.02|0.24|43.6618|12.2823
03|56|0|315|0.0|13.1|45|40.1|34.0|0.02|0.24|43.6621|12.2823
03|57|0|315|0.0|13.1|45|40.1|34.0|0.02|0.24|43.6618|12.2823
03|58|0|315|0.0|13.1|45|40.0|34.0|0.02|0.24|43.6627|12.2823
03|59|0|315|0.0|13.1|45|40.0|34.0|0.02|0.24|43.661|12.2823
04|00|0|315|0.0|13.1|45|40.1|34.0|0.02|0.24|43.6615|12.2823
04|01|0|315|0.0|13.1|45|40.2|34.1|0.02|0.24|43.6622|12.2823
04|02|0|315|0.0|13.1|45|40.1|34.0|0.02|0.24|43.6591|12.2823
04|03|0|315|1.5|13.1|45|40.1|34.1|0.01|0.24|43.6606|12.2823
04|04|0|315|0.0|13.1|45|40.5|34.1|0.01|0.24|43.6594|12.2823
04|05|0|315|0.0|13.1|45|41.1|34.1|0.00|0.24|43.6589|12.8387
04|06|0|315|1.5|13.1|45|40.9|34.0|0.00|0.24|43.6569|12.2823
04|08|0|315|0.0|13.1|45|40.8|34.1|0.00|0.24|43.6587|12.2823
04|09|0|315|0.0|13.1|45|40.5|34.0|0.00|0.24|43.6557|12.2823
04|10|0|315|0.0|13.1|45|40.2|34.0|0.00|0.24|43.6565|12.2823
04|11|0|315|0.0|13.1|45|40.1|34.0|0.00|0.24|43.6566|12.2823
04|12|0|315|0.0|13.1|45|40.2|34.0|0.00|0.24|43.6572|12.2823
04|14|0|315|0.0|13.1|45|40.7|34.0|0.00|0.24|43.6602|12.2823
04|15|0|315|0.0|13.1|45|41.4|34.0|0.00|0.24|43.6592|12.8387
04|16|0|315|0.0|13.1|45|42.0|34.0|0.00|0.24|43.6597|13.3831
04|17|0|315|1.5|13.1|45|42.7|34.0|0.01|0.25|43.6604|13.3831
04|18|0|315|1.5|13.1|45|43.4|34.0|0.01|0.25|43.6612|13.9162
04|19|0|315|0.0|13.1|45|43.6|34.0|0.01|0.25|43.6596|13.9162
04|20|0|315|0.0|13.1|45|43.6|34.1|0.01|0.25|43.6605|13.9162
04|21|0|315|1.5|13.1|45|43.4|34.1|0.01|0.25|43.6596|13.9162
04|22|0|315|1.5|13.1|45|42.9|34.1|0.01|0.25|43.6589|13.3831
04|23|0|315|1.5|13.1|45|42.6|34.1|0.01|0.25|43.658|13.3831
04|24|0|315|1.5|13.1|45|42.2|34.1|0.01|0.25|43.6583|13.3831
04|25|0|315|1.5|13.1|45|43.0|34.1|0.01|0.25|43.6595|13.9162
04|26|0|315|1.5|13.1|45|43.5|34.1|0.01|0.25|43.6581|13.9162
04|28|0|315|0.0|13.1|45|43.5|34.1|0.01|0.25|43.6557|13.9162
04|30|0|315|1.6|13.1|45|41.6|34.2|0.01|0.25|43.6582|12.8387
04|32|0|315|1.6|13.1|45|41.2|34.2|0.01|0.25|43.6554|12.8387
04|33|0|315|0.0|13.1|45|41.3|34.2|0.01|0.25|43.6564|12.8387
04|34|0|315|0.0|13.1|45|41.4|34.2|0.01|0.25|43.6548|12.8387
04|35|0|315|0.0|13.1|45|41.5|34.2|0.01|0.25|43.6534|12.8387
04|36|0|315|0.0|13.1|45|41.5|34.2|0.01|0.25|43.6562|12.8387
04|37|0|315|0.0|13.1|45|41.4|34.2|0.01|0.25|43.6565|12.8387
04|38|0|315|0.0|13.1|45|41.6|34.2|0.01|0.25|43.6554|12.8387
04|40|0|315|0.0|13.1|45|41.8|34.1|0.01|0.25|43.655|12.8387
04|41|0|315|0.0|13.1|45|41.8|34.1|0.01|0.25|43.6563|12.8387
04|42|0|315|0.0|13.1|45|41.8|34.1|0.01|0.25|43.6538|12.8387
04|43|0|315|0.0|13.1|45|41.9|34.1|0.01|0.25|43.6537|12.8387
04|44|0|180|0.0|13.1|45|42.1|34.0|0.01|0.25|43.6534|13.3831
04|45|0|180|0.0|13.1|45|42.3|34.0|0.01|0.25|43.6541|13.3831
04|46|0|180|0.0|13.1|45|42.3|33.9|0.01|0.25|43.6523|12.4768
04|48|0|180|0.0|13.1|45|42.2|33.9|0.01|0.25|43.6535|12.4768
04|49|0|180|0.0|13.1|45|42.1|33.9|0.01|0.25|43.6528|12.4768
04|51|0|180|0.0|13.1|45|42.0|33.8|0.02|0.26|43.6544|12.4768
04|52|0|180|0.0|13.1|45|42.0|33.8|0.02|0.26|43.6537|12.4768
04|53|0|180|0.0|13.1|45|42.0|33.8|0.02|0.26|43.6555|12.4768
04|54|0|180|0.0|13.1|45|41.9|33.8|0.02|0.26|43.6581|11.9348
04|55|0|180|0.0|13.1|45|42.0|33.7|0.03|0.28|43.6576|12.4768
04|56|0|180|0.0|13.1|45|42.2|33.6|0.03|0.28|43.6596|12.4768
04|57|0|180|0.0|13.1|45|42.4|33.6|0.04|0.29|43.6592|12.4768
04|59|0|180|1.6|13.1|45|43.0|33.5|0.04|0.29|43.6606|13.0075
05|00|0|180|0.0|13.1|45|42.9|33.3|0.04|0.29|43.6597|12.4768
05|01|0|180|0.0|13.1|45|42.9|33.3|0.04|0.29|43.6613|12.4768
05|02|0|180|0.0|13.1|45|42.8|33.2|0.04|0.29|43.6614|12.4768
05|03|0|180|0.0|13.1|45|42.8|33.1|0.04|0.29|43.6603|12.4768
05|04|0|180|0.0|13.1|45|42.8|33.1|0.04|0.29|43.6628|12.4768
05|06|0|180|0.0|13.1|45|42.9|33.0|0.04|0.29|43.6628|12.4768
05|07|0|180|0.0|13.1|45|43.0|33.0|0.04|0.29|43.6645|13.0075
05|08|0|180|0.0|13.1|45|43.3|32.9|0.04|0.29|43.6643|12.0986
05|09|0|180|1.5|13.1|45|43.7|32.8|0.04|0.29|43.664|12.0986
05|10|0|180|0.0|1.6|180|43.9|32.7|0.04|0.00|43.6658|12.0986
05|11|0|315|1.5|2.9|315|44.0|32.5|0.04|0.00|43.6668|12.6161
05|12|0|0|1.5|2.9|315|44.2|32.2|0.04|0.00|43.6662|12.6161
05|14|0|0|1.5|3.2|0|44.5|32.0|0.04|0.00|43.6677|12.6161
05|15|0|0|1.6|3.2|0|45.2|31.9|0.04|0.00|43.6679|12.2096
05|16|0|0|1.5|3.2|0|45.4|31.8|0.04|0.00|43.6686|12.2096
05|17|0|0|1.6|3.2|0|45.4|31.7|0.04|0.00|43.6663|12.2096
05|18|0|0|1.5|3.2|0|44.9|31.5|0.04|0.00|43.6679|11.7047
05|19|0|0|1.5|3.2|0|44.8|31.4|0.04|0.00|43.6649|11.7047
05|20|0|0|0.0|3.2|0|44.8|31.4|0.04|0.00|43.6692|11.7047
05|21|0|0|1.5|3.2|0|44.8|31.4|0.04|0.00|43.6676|11.7047
05|22|0|0|0.0|3.2|0|44.8|31.4|0.04|0.00|43.6666|11.7047
05|23|0|0|0.0|3.2|0|44.7|31.3|0.04|0.00|43.6647|11.7047
05|25|0|0|0.0|3.2|0|44.6|31.4|0.04|0.00|43.6645|11.7047
05|26|0|0|0.0|3.2|0|44.7|31.4|0.04|0.00|43.6656|11.7047
05|27|0|0|0.0|3.2|0|45.0|31.4|0.03|0.00|43.6645|12.2096
05|29|0|0|0.0|3.2|0|44.9|31.4|0.03|0.00|43.6662|11.7047
05|30|0|0|0.0|3.2|0|44.8|31.4|0.03|0.00|43.6652|11.7047
05|31|0|0|0.0|3.2|0|44.9|31.4|0.03|0.00|43.6663|11.7047
05|32|0|0|0.0|3.2|0|44.8|31.4|0.03|0.00|43.6663|11.7047
05|33|0|0|0.0|3.2|0|44.6|31.4|0.03|0.00|43.6679|11.7047
05|34|0|0|0.0|3.2|0|44.6|31.4|0.03|0.00|43.6679|11.7047
05|35|0|0|0.0|3.2|0|44.5|31.4|0.03|0.00|43.6673|11.7047
05|36|0|0|0.0|3.2|0|44.5|31.4|0.03|0.00|43.6659|11.7047
05|37|0|0|0.0|3.2|0|44.4|31.3|0.03|0.00|43.6651|11.7047
05|38|0|0|0.0|3.2|0|44.4|31.3|0.03|0.00|43.6668|11.7047
05|39|0|0|0.0|3.2|0|44.4|31.3|0.03|0.00|43.6658|11.7047
05|40|0|0|0.0|3.2|0|44.5|31.3|0.03|0.00|43.6661|11.7047
05|41|0|0|0.0|3.2|0|44.5|31.3|0.03|0.00|43.6672|11.7047
05|42|0|0|0.0|3.2|0|44.5|31.3|0.03|0.00|43.6677|11.7047
05|43|0|0|0.0|3.2|0|44.5|31.2|0.03|0.00|43.6683|11.7047
05|45|0|0|0.0|3.2|0|44.6|31.2|0.03|0.00|43.6689|11.7047
05|47|0|0|0.0|3.2|0|44.8|31.2|0.03|0.00|43.6688|11.7047
05|48|0|0|0.0|3.2|0|44.9|31.2|0.03|0.00|43.6683|11.7047
05|49|0|0|0.0|3.2|0|45.3|31.1|0.03|0.00|43.67|12.2096
05|50|0|0|0.0|3.2|0|45.4|31.1|0.03|0.00|43.6701|12.2096
05|51|0|0|0.0|3.2|0|45.4|31.1|0.03|0.00|43.6723|12.2096
05|52|0|0|0.0|3.2|0|45.5|31.1|0.03|0.00|43.6721|12.2096
05|53|0|0|0.0|3.2|0|45.5|31.1|0.03|0.00|43.6755|12.2096
05|54|0|0|0.0|3.2|0|45.7|31.0|0.03|0.00|43.6735|12.2096
05|55|0|0|0.0|3.2|0|46.0|31.0|0.03|0.00|43.6749|12.7046
05|56|0|0|1.6|3.2|0|46.3|31.0|0.03|0.00|43.6779|12.7046
05|57|0|0|1.5|3.2|0|46.6|30.9|0.03|0.00|43.6786|11.7885
05|58|0|0|2.9|3.2|0|46.7|30.8|0.03|0.00|43.6791|11.7885
05|59|0|315|1.6|3.2|0|46.9|30.6|0.03|0.00|43.6818|11.7885
06|00|0|315|2.9|3.2|0|46.8|30.4|0.03|0.00|43.6823|11.7885
06|01|0|315|2.9|3.2|0|46.8|30.3|0.02|0.00|43.6844|11.7885
06|02|0|315|1.5|3.2|0|47.0|30.1|0.02|0.00|43.6845|12.2719
06|03|0|315|1.5|3.2|0|47.1|30.0|0.02|0.00|43.6847|12.2719
06|04|0|315|1.6|3.2|315|47.4|29.9|0.02|0.00|43.6834|11.3534
06|06|0|315|1.5|3.2|315|47.6|29.7|0.01|0.00|43.6836|11.3534
06|07|0|315|1.5|3.2|315|47.7|29.5|0.01|0.00|43.6807|11.3534
06|08|0|315|1.5|3.2|315|47.8|29.4|0.01|0.01|43.6769|11.3534
06|09|0|315|1.5|3.2|315|47.9|29.4|0.01|0.01|43.6789|11.3534
06|11|0|45|0.0|3.2|315|48.1|29.4|0.01|0.01|43.6753|11.8256
06|12|0|0|1.5|3.2|315|48.0|29.3|0.02|0.02|43.6737|11.8256
06|13|0|315|0.0|3.2|315|48.2|29.3|0.02|0.02|43.6747|11.8256
06|14|0|315|0.0|3.2|315|48.5|29.3|0.02|0.02|43.6738|11.8256
06|15|0|315|1.6|3.2|315|48.7|29.3|0.02|0.02|43.6727|11.8256
06|16|0|315|2.9|3.2|315|48.7|29.3|0.02|0.02|43.6727|11.8256
06|17|0|315|0.0|3.2|315|48.8|29.3|0.02|0.02|43.6717|11.8256
06|19|0|315|0.0|3.2|315|48.7|29.4|0.02|0.02|43.6766|11.8256
06|20|0|315|1.5|3.2|315|48.7|29.5|0.02|0.02|43.6761|11.8256
06|21|0|315|0.0|3.2|315|48.9|29.6|0.02|0.02|43.6775|11.8256
06|22|0|315|1.5|3.2|315|48.9|29.6|0.02|0.02|43.6788|11.8256
06|24|0|315|0.0|3.2|315|49.0|29.7|0.02|0.02|43.6805|12.289
06|25|0|315|1.5|3.2|315|48.9|29.7|0.02|0.02|43.683|11.8256
06|26|0|315|0.0|3.2|315|48.8|29.9|0.02|0.02|43.6835|11.8256
06|27|0|315|0.0|3.2|315|48.7|29.9|0.02|0.02|43.6829|11.8256
06|28|0|315|0.0|3.2|315|48.6|29.9|0.02|0.02|43.6839|11.8256
06|29|0|315|0.0|3.2|315|48.5|30.0|0.02|0.02|43.6843|12.7461
06|30|0|315|0.0|3.2|315|48.4|30.0|0.02|0.02|43.6828|12.7461
06|31|0|180|1.5|3.2|315|48.7|30.0|0.02|0.02|43.6827|12.7461
06|32|0|158|1.5|3.2|315|49.0|30.0|0.02|0.02|43.6808|13.2117
06|33|0|158|2.9|3.2|315|49.2|30.0|0.02|0.02|43.6817|13.2117
06|34|0|180|2.9|4.8|180|49.3|29.9|0.03|0.03|43.6823|12.289
06|35|0|180|3.2|4.8|180|49.4|29.9|0.03|0.03|43.6841|12.289
06|36|0|180|2.9|4.8|180|49.5|29.9|0.03|0.03|43.6822|12.289
06|37|0|180|2.9|4.8|180|49.5|29.9|0.03|0.03|43.6807|12.289
06|38|0|180|3.2|4.8|180|49.5|29.9|0.03|0.03|43.6813|12.289
06|39|0|180|0.0|4.8|180|49.6|29.9|0.03|0.03|43.6787|12.289
06|40|0|180|1.5|4.8|180|49.6|30.0|0.03|0.03|43.6806|13.2117
06|41|0|180|1.6|4.8|180|49.8|30.0|0.03|0.03|43.679|13.2117
06|42|0|180|3.2|4.8|180|50.0|30.0|0.03|0.03|43.6808|13.6689
06|44|0|180|2.9|4.8|180|50.4|30.1|0.03|0.03|43.6811|13.6689
06|45|0|180|2.9|4.8|180|51.4|30.1|0.03|0.03|43.6812|14.118
06|46|0|180|2.9|4.8|180|52.1|30.2|0.03|0.03|43.6826|14.5594
06|47|0|180|1.6|4.8|180|52.8|30.2|0.03|0.03|43.683|14.5594
06|48|0|180|1.6|4.8|180|53.3|30.2|0.03|0.03|43.6839|14.9933
06|49|0|180|1.5|4.8|180|53.8|30.2|0.03|0.03|43.683|14.9933
06|50|0|180|1.5|4.8|180|54.2|30.2|0.03|0.03|43.6831|15.42
06|51|0|180|0.0|4.8|180|54.3|30.3|0.03|0.03|43.6854|15.42
06|52|0|180|0.0|4.8|180|54.1|30.3|0.03|0.03|43.6874|15.42
06|53|0|180|0.0|4.8|180|53.7|30.3|0.03|0.03|43.6865|14.9933
06|54|0|180|0.0|4.8|180|53.4|30.3|0.03|0.03|43.6859|14.9933
06|55|0|180|0.0|4.8|180|53.4|30.4|0.03|0.03|43.687|14.9933
06|56|0|180|0.0|4.8|180|53.3|30.4|0.03|0.03|43.6873|14.9933
06|57|0|180|1.5|4.8|180|53.3|30.4|0.03|0.03|43.6873|14.9933
06|58|0|180|0.0|4.8|180|54.0|30.5|0.03|0.03|43.6868|15.42
06|59|0|180|0.0|4.8|180|54.6|30.5|0.03|0.03|43.6883|15.42
07|00|0|180|0.0|4.8|180|54.7|30.5|0.03|0.03|43.6879|15.42
07|01|0|180|0.0|4.8|180|55.0|30.6|0.03|0.03|43.6883|15.8397
07|02|0|180|0.0|4.8|180|54.8|30.5|0.03|0.03|43.6866|15.42
07|04|0|180|1.6|4.8|180|54.7|30.5|0.03|0.03|43.6886|15.42
07|05|0|180|1.6|4.8|180|54.7|30.5|0.03|0.03|43.6907|15.42
07|07|0|180|0.0|4.8|180|54.8|30.5|0.02|0.03|43.6924|15.42
07|08|0|180|0.0|4.8|180|55.0|30.4|0.02|0.03|43.6914|15.8397
07|09|0|180|1.6|4.8|180|55.2|30.4|0.02|0.03|43.694|15.8397
07|10|0|180|1.5|4.8|180|55.2|30.4|0.02|0.03|43.6937|15.8397
07|11|0|180|1.5|4.8|180|54.8|30.3|0.02|0.03|43.6943|15.42
07|12|0|180|0.0|4.8|180|54.3|30.3|0.01|0.03|43.6948|15.42
07|13|0|180|1.5|4.8|180|54.3|30.2|0.01|0.03|43.695|15.42
07|14|0|180|1.5|4.8|180|54.4|30.2|0.02|0.04|43.6949|15.42
07|15|0|180|3.2|4.8|180|54.0|30.2|0.02|0.04|43.6939|15.42
07|16|0|180|1.5|4.8|180|53.3|30.3|0.02|0.04|43.6963|14.9933
07|17|0|180|1.5|4.8|180|52.7|30.3|0.02|0.04|43.698|14.5594
07|18|0|180|1.5|4.8|180|52.4|30.3|0.03|0.05|43.6988|14.5594
07|19|0|180|0.0|4.8|180|52.2|30.4|0.03|0.05|43.6993|14.5594
07|20|0|180|0.0|4.8|180|52.0|30.4|0.03|0.05|43.7002|14.5594
07|21|0|180|0.0|4.8|180|51.9|30.4|0.03|0.05|43.7|14.118
07|22|0|180|1.5|4.8|180|51.9|30.5|0.03|0.05|43.7|14.118
07|24|0|180|0.0|4.8|180|51.9|30.6|0.03|0.05|43.6981|14.118
07|26|0|180|1.5|4.8|180|51.7|31.0|0.03|0.05|43.695|15.0446
07|27|0|180|0.0|4.8|180|51.3|31.2|0.03|0.05|43.6978|15.0446
07|28|0|180|0.0|4.8|180|51.1|31.3|0.03|0.05|43.6988|15.0446
07|29|0|180|0.0|4.8|180|51.0|31.5|0.03|0.05|43.6975|15.0446
07|30|0|180|0.0|4.8|180|51.0|31.7|0.03|0.05|43.6958|15.0446
07|31|0|180|0.0|4.8|180|50.7|31.9|0.03|0.05|43.6908|14.5935
07|32|0|180|0.0|4.8|180|50.4|32.1|0.03|0.05|43.6908|15.5179
07|33|0|180|0.0|4.8|180|50.1|32.2|0.03|0.05|43.6892|15.5179
07|34|0|180|0.0|4.8|180|49.7|32.5|0.02|0.05|43.6926|15.0565
07|35|0|180|0.0|4.8|180|49.2|32.7|0.02|0.05|43.6904|15.0565
07|36|0|180|0.0|4.8|180|48.7|32.9|0.02|0.05|43.6883|14.5868
07|37|0|180|0.0|4.8|180|48.5|33.1|0.02|0.05|43.6911|15.5068
07|38|0|180|0.0|4.8|180|48.3|33.3|0.02|0.05|43.6914|15.5068
07|40|0|180|0.0|4.8|180|47.9|33.8|0.02|0.05|43.6914|15.0261
07|41|0|180|0.0|4.8|180|47.3|34.0|0.02|0.05|43.6927|15.9438
07|42|0|180|0.0|4.8|180|46.7|34.1|0.02|0.05|43.6911|15.4517
07|43|0|180|0.0|4.8|180|46.4|34.4|0.02|0.05|43.6936|15.4517
07|45|0|180|0.0|4.8|180|46.4|34.6|0.02|0.05|43.6958|15.4517
07|46|0|180|0.0|4.8|180|46.6|34.7|0.02|0.05|43.6955|15.4517
07|47|0|180|0.0|4.8|180|46.0|34.9|0.02|0.05|43.6964|15.4517
07|48|0|180|0.0|4.8|180|44.6|35.2|0.02|0.05|43.694|15.3491
07|49|0|180|0.0|4.8|180|44.1|35.4|0.02|0.05|43.6948|15.3491
07|50|0|180|0.0|4.8|180|43.7|35.6|0.03|0.07|43.6943|14.8247
07|52|0|180|0.0|4.8|180|43.3|36.2|0.03|0.07|43.6954|15.733
07|53|0|180|1.6|4.8|180|42.5|36.5|0.03|0.07|43.6952|15.1952
07|54|0|180|1.5|4.8|180|40.9|36.7|0.03|0.07|43.6893|14.0845
07|55|0|135|1.5|4.8|180|39.5|37.1|0.03|0.07|43.6875|14.4089
07|56|0|135|0.0|4.8|180|39.3|37.3|0.03|0.07|43.6846|14.4089
07|57|0|135|0.0|4.8|180|39.3|37.6|0.03|0.07|43.6853|14.4089
07|58|0|180|2.9|4.8|180|39.1|38.0|0.03|0.07|43.6851|15.3069
07|59|0|135|0.0|4.8|180|37.6|38.2|0.03|0.07|43.6861|14.1082
08|00|0|180|2.9|4.8|180|36.4|38.4|0.03|0.07|43.6854|13.4871
08|02|0|180|2.9|4.8|180|35.7|39.0|0.03|0.07|43.6794|13.7375
08|03|0|113|2.9|4.8|180|34.9|39.2|0.03|0.07|43.6794|13.0816
08|04|0|135|3.2|4.8|180|33.8|39.4|0.03|0.07|43.6804|12.4083
08|06|0|135|2.9|4.8|180|33.3|39.7|0.03|0.07|43.6812|12.4083
08|08|0|180|2.9|4.8|180|32.5|39.9|0.03|0.07|43.6826|11.7166
08|09|0|180|4.4|4.8|180|32.3|40.0|0.03|0.07|43.6842|12.5948
08|10|0|180|2.9|4.8|180|32.6|40.2|0.03|0.07|43.6842|12.5948
08|11|0|135|3.2|4.8|180|32.7|40.3|0.03|0.07|43.6863|12.5948
08|12|0|135|2.9|4.8|180|32.5|40.7|0.03|0.07|43.6891|12.5948
08|13|0|135|1.5|4.8|180|32.2|40.7|0.02|0.07|43.6833|12.5948
08|14|0|90|1.5|4.8|180|32.1|41.0|0.02|0.07|43.6841|13.4726
08|15|0|90|1.5|4.8|180|31.7|41.1|0.02|0.07|43.6835|12.7553
08|16|0|90|1.5|4.8|180|31.7|41.3|0.02|0.07|43.6819|12.7553
08|17|0|135|2.9|4.8|180|31.7|41.5|0.02|0.07|43.6782|12.7553
08|18|0|135|1.5|4.8|180|31.4|41.8|0.01|0.07|43.6793|12.7553
08|19|0|90|1.6|4.8|180|31.3|41.9|0.01|0.07|43.679|12.7553
08|20|0|90|1.5|4.8|180|30.8|41.9|0.01|0.07|43.6782|12.0171
08|21|0|90|1.5|4.8|180|30.6|41.9|0.01|0.07|43.6778|12.0171
08|22|0|135|1.5|4.8|180|30.8|42.0|0.01|0.07|43.6778|12.8885
08|23|0|90|1.5|4.8|180|31.0|42.1|0.01|0.07|43.677|13.6299
08|24|0|45|1.6|4.8|180|31.0|42.2|0.01|0.07|43.6762|13.6299
08|26|0|180|1.6|4.8|180|31.6|42.5|0.01|0.07|43.6776|13.6299
08|27|0|180|1.5|4.8|180|31.6|42.7|0.01|0.07|43.6749|13.6299
08|28|0|90|1.5|4.8|180|31.3|42.9|0.02|0.08|43.678|13.6299
08|29|0|135|1.5|4.8|180|30.7|43.1|0.02|0.08|43.6759|13.7596
08|30|0|90|1.6|4.8|180|30.3|43.4|0.02|0.08|43.6772|13.7596
08|31|0|90|1.5|4.8|180|29.9|43.5|0.02|0.08|43.6756|12.9926
08|32|0|135|1.5|4.8|180|29.7|43.6|0.02|0.08|43.6754|12.9926
08|33|0|180|1.6|4.8|180|29.8|43.8|0.02|0.08|43.6747|12.9926
08|34|0|135|4.8|4.8|180|29.5|44.0|0.02|0.08|43.675|13.8602
08|36|0|45|1.6|4.8|180|28.8|44.3|0.03|0.09|43.6754|13.066
08|37|0|135|0.0|4.8|180|28.9|44.4|0.03|0.09|43.6762|13.066
08|38|0|225|1.5|4.8|180|29.2|44.6|0.03|0.09|43.6756|13.8602
08|39|0|90|1.5|4.8|180|28.8|44.8|0.03|0.09|43.6752|13.066
08|40|0|180|1.6|4.8|180|27.9|44.8|0.04|0.10|43.6716|12.2461
08|41|0|135|1.5|4.8|180|28.0|45.0|0.04|0.10|43.6733|13.9299
08|42|0|135|3.2|4.8|180|28.1|45.3|0.04|0.10|43.6727|13.9299
08|43|0|135|2.9|5.8|135|27.2|45.2|0.04|0.10|43.6716|13.1066
08|44|0|135|1.5|5.8|135|27.3|45.4|0.04|0.10|43.6742|13.1066
08|46|0|113|1.5|5.8|135|27.3|45.5|0.04|0.10|43.6749|13.1066
08|48|0|90|2.9|5.8|135|27.4|45.8|0.04|0.10|43.677|13.1066
08|49|0|135|2.9|6.4|135|26.7|46.0|0.03|0.10|43.6779|13.1123
08|50|0|135|1.5|6.4|135|26.3|46.0|0.03|0.10|43.6774|13.1123
08|51|0|90|0.0|6.4|135|26.4|46.1|0.03|0.10|43.6785|13.1123
08|52|0|90|1.5|6.4|135|26.3|46.2|0.03|0.10|43.6762|13.1123
08|53|0|135|0.0|6.4|135|26.5|46.3|0.03|0.10|43.6747|13.1123
08|54|0|135|1.5|6.4|135|26.5|46.5|0.03|0.10|43.6764|13.1123
08|55|0|90|0.0|6.4|135|26.3|46.7|0.03|0.10|43.6813|13.1123
08|56|0|90|1.5|6.4|135|26.2|47.0|0.03|0.10|43.6796|13.9686
08|57|0|135|4.4|6.4|135|26.0|47.0|0.03|0.10|43.6816|13.9686
08|58|0|135|3.2|6.4|135|26.0|47.1|0.03|0.10|43.682|13.9686
08|59|0|135|1.5|6.4|135|26.0|47.2|0.03|0.10|43.6836|13.9686
09|00|0|135|3.2|6.4|135|25.6|47.2|0.03|0.10|43.6844|13.0806
09|02|0|180|4.4|6.4|135|25.9|47.3|0.03|0.10|43.6827|13.0806
09|03|0|180|4.4|6.4|135|26.1|47.4|0.03|0.10|43.6838|13.9686
09|04|0|0|1.6|6.4|135|26.0|47.6|0.03|0.10|43.6849|13.9686
09|05|0|180|1.5|6.4|135|25.6|47.9|0.03|0.10|43.6859|13.0806
09|06|0|90|1.5|6.4|135|25.5|48.0|0.03|0.10|43.6838|13.9329
09|07|0|135|2.9|6.4|135|25.1|48.2|0.03|0.10|43.683|13.9329
09|08|0|135|2.9|6.4|135|24.7|48.3|0.03|0.10|43.6853|13.009
09|09|0|135|1.6|6.4|135|24.4|48.3|0.03|0.10|43.682|13.009
09|10|0|135|1.5|6.4|135|24.0|48.3|0.03|0.10|43.6816|13.009
09|11|0|135|3.2|6.4|135|23.7|48.4|0.03|0.10|43.6796|12.0501
09|12|0|90|4.4|6.4|135|23.4|48.4|0.03|0.10|43.681|12.0501
09|13|0|135|1.6|6.4|135|23.8|48.5|0.03|0.10|43.6786|12.0501
09|14|0|68|2.9|6.4|135|23.6|48.5|0.03|0.10|43.679|12.0501
09|15|0|90|3.2|6.4|135|23.0|48.3|0.03|0.10|43.6797|12.0501
09|16|0|90|2.9|6.4|135|22.5|48.2|0.03|0.10|43.6808|11.0535
09|18|0|135|4.4|7.3|135|23.2|48.3|0.03|0.10|43.6802|12.0501
09|19|0|90|5.8|8.7|135|23.0|48.3|0.04|0.11|43.6814|12.0501
09|20|0|90|2.9|8.7|135|23.0|48.3|0.04|0.11|43.6807|12.0501
09|22|0|90|5.8|8.7|135|22.4|48.4|0.04|0.11|43.6795|11.0535
09|23|0|135|4.4|8.7|135|22.1|48.3|0.04|0.11|43.6796|11.0535
09|24|0|90|4.4|8.7|135|22.3|48.4|0.04|0.11|43.6805|11.0535
09|25|0|90|2.9|8.7|135|22.3|48.5|0.04|0.11|43.6789|11.0535
09|26|0|45|2.9|8.7|135|22.5|48.8|0.04|0.11|43.6803|11.0535
09|27|0|90|1.5|8.7|135|22.8|48.7|0.03|0.11|43.6796|11.0535
09|28|0|90|5.8|8.7|135|22.5|48.7|0.03|0.11|43.6794|11.0535
09|29|0|90|3.2|8.7|135|21.9|48.5|0.03|0.11|43.6781|10.0156
09|30|0|90|4.8|8.7|135|21.7|48.7|0.03|0.11|43.6787|10.0156
09|31|0|113|2.9|8.7|135|21.4|48.8|0.03|0.11|43.6802|10.0156
09|32|0|180|3.2|8.7|135|21.4|48.9|0.03|0.11|43.6775|10.0156
09|33|0|135|4.4|8.7|135|21.4|49.1|0.03|0.11|43.6799|10.8514
09|34|0|90|2.9|8.7|135|21.1|49.2|0.03|0.11|43.6801|10.8514
09|35|0|135|5.8|8.7|135|20.7|49.1|0.02|0.11|43.6795|9.76409
09|36|0|90|2.9|8.7|135|20.5|49.2|0.02|0.11|43.6779|9.76409
09|37|0|45|4.8|8.7|135|20.4|49.3|0.02|0.11|43.6782|9.76409
09|38|0|90|4.4|8.7|135|20.7|49.2|0.02|0.11|43.6763|9.76409
09|39|0|90|4.4|9.7|90|20.4|49.1|0.02|0.11|43.6756|9.76409
09|40|0|113|2.9|9.7|90|20.6|49.2|0.01|0.11|43.675|9.76409
09|42|0|90|4.4|9.7|90|19.6|49.3|0.01|0.11|43.6768|8.6273
09|43|0|90|1.5|9.7|90|19.4|49.5|0.01|0.11|43.6755|8.6273
09|44|0|135|7.3|9.7|90|20.1|49.9|0.01|0.11|43.6726|9.76409
09|47|0|90|1.6|9.7|90|19.0|50.3|0.01|0.11|43.6716|9.45359
09|48|0|135|2.9|9.7|90|19.8|50.6|0.01|0.11|43.6725|9.45359
09|49|0|90|2.9|9.7|90|20.0|50.8|0.01|0.11|43.6697|10.595
09|50|0|45|2.9|9.7|90|20.4|51.0|0.01|0.11|43.6654|11.4257
09|51|0|90|1.5|9.7|90|20.1|51.2|0.01|0.11|43.6688|11.4257
09|52|0|90|1.6|9.7|90|19.3|51.5|0.01|0.11|43.6669|10.2795
09|53|0|135|1.5|9.7|90|19.0|51.8|0.01|0.11|43.6613|10.2795
09|54|0|90|5.8|9.7|90|18.7|51.7|0.01|0.11|43.6634|9.07841
09|55|0|68|5.8|9.7|90|18.6|51.8|0.01|0.11|43.6634|9.07841
09|57|0|90|4.4|9.7|90|19.1|51.9|0.01|0.11|43.6615|10.2795
09|58|0|90|3.2|9.7|90|18.3|52.0|0.01|0.11|43.6619|9.89914
10|00|0|135|1.5|9.7|90|17.8|52.0|0.01|0.11|43.6597|8.63192
10|01|0|90|2.9|9.7|90|18.3|52.2|0.01|0.11|43.6608|9.89914
10|02|0|90|3.2|9.7|90|17.9|52.1|0.01|0.11|43.661|8.63192
10|03|0|45|4.4|9.7|90|17.8|52.0|0.01|0.11|43.662|8.63192
10|04|0|90|5.8|9.7|90|17.8|51.7|0.01|0.11|43.6606|7.81632
10|05|0|180|4.4|9.7|90|18.4|51.6|0.01|0.11|43.6624|9.07841
10|06|0|90|1.6|9.7|90|18.6|51.7|0.01|0.11|43.6603|9.07841
10|07|0|225|1.5|9.7|90|18.3|51.8|0.01|0.11|43.6574|9.07841
10|08|0|135|4.4|9.7|90|18.7|52.0|0.01|0.11|43.659|9.89914
10|09|0|90|5.8|9.7|90|18.4|51.9|0.01|0.11|43.6591|9.07841
10|11|0|90|5.8|9.7|90|18.2|51.8|0.01|0.11|43.6582|9.07841
10|12|0|90|2.9|9.7|90|17.9|51.8|0.01|0.11|43.6555|7.81632
10|13|0|135|1.5|9.7|90|18.1|52.0|0.01|0.11|43.6589|9.89914
10|14|0|135|1.5|9.7|90|18.4|52.2|0.01|0.11|43.6582|9.89914
10|15|0|135|4.8|9.7|90|18.4|52.4|0.01|0.11|43.6588|9.89914
10|16|0|180|5.8|9.7|90|18.1|52.4|0.01|0.11|43.6574|9.89914
10|17|0|180|2.9|9.7|90|18.1|52.6|0.01|0.11|43.6601|9.89914
10|18|0|90|3.2|9.7|90|18.1|52.8|0.01|0.11|43.6602|9.89914
10|19|0|135|2.9|9.7|90|17.6|53.0|0.00|0.11|43.6613|9.44717
10|20|0|135|5.8|9.7|90|17.4|53.2|0.00|0.11|43.6575|9.44717
10|21|0|180|4.8|9.7|90|17.4|53.2|0.00|0.11|43.6601|9.44717
10|22|0|90|2.9|9.7|90|17.4|53.2|0.00|0.11|43.6575|9.44717
10|23|0|135|2.9|9.7|90|17.1|53.4|0.00|0.11|43.654|9.44717
10|24|0|135|2.9|9.7|90|17.3|53.5|0.00|0.11|43.6526|9.44717
10|25|0|113|6.4|9.7|90|17.0|53.6|0.00|0.11|43.6537|9.44717
10|27|0|113|4.4|9.7|90|16.6|53.5|0.00|0.11|43.6541|8.10636
10|28|0|90|4.4|9.7|90|16.5|53.4|0.00|0.11|43.656|8.10636
10|29|0|135|1.6|9.7|90|16.5|53.4|0.00|0.11|43.6539|8.10636
10|30|0|90|2.9|9.7|90|16.6|53.3|0.00|0.11|43.6563|8.10636
10|31|0|45|2.9|9.7|90|16.9|53.3|0.00|0.11|43.6548|8.10636
10|32|0|45|2.9|9.7|90|17.0|53.4|0.00|0.11|43.6537|9.44717
10|33|0|45|2.9|9.7|90|17.2|53.5|0.00|0.11|43.653|9.44717
10|34|0|0|2.9|9.7|90|17.3|53.6|0.00|0.11|43.6518|9.44717
10|35|0|45|1.6|9.7|90|17.2|53.7|0.00|0.11|43.6526|9.44717
10|36|0|45|1.5|9.7|90|16.5|53.8|0.01|0.12|43.6546|8.10636
10|37|0|90|1.6|9.7|90|17.0|54.0|0.01|0.12|43.6534|10.2621
10|38|0|90|1.5|9.7|90|17.0|54.2|0.01|0.12|43.6509|10.2621
10|40|0|90|1.5|9.7|90|16.8|54.4|0.01|0.12|43.6517|8.91585
10|41|0|45|2.9|9.7|90|16.8|54.5|0.01|0.12|43.6512|8.91585
10|42|0|135|2.9|9.7|90|16.8|54.6|0.01|0.12|43.6515|8.91585
10|44|0|45|0.0|9.7|90|15.9|55.0|0.01|0.12|43.651|8.29596
10|45|0|315|0.0|9.7|90|15.7|55.1|0.01|0.12|43.6515|8.29596
10|46|0|0|2.9|9.7|90|16.0|55.3|0.01|0.12|43.6483|9.72499
10|47|0|45|2.9|9.7|90|16.6|55.4|0.01|0.12|43.6506|9.72499
10|48|0|90|1.5|9.7|90|16.5|55.6|0.01|0.12|43.6506|9.72499
10|49|0|315|1.5|9.7|90|16.2|55.8|0.01|0.12|43.648|9.72499
10|50|0|23|4.8|9.7|90|16.5|56.0|0.01|0.12|43.6482|10.5338
10|51|0|45|2.9|9.7|90|15.9|56.1|0.01|0.12|43.6493|9.09903
10|52|0|45|3.2|9.7|90|15.6|56.1|0.01|0.12|43.6484|9.09903
10|53|0|90|1.5|9.7|90|15.9|56.1|0.01|0.12|43.6489|9.09903
10|55|0|90|2.9|9.7|90|15.5|56.0|0.01|0.12|43.6484|9.09903
10|56|0|45|3.2|9.7|90|15.6|56.1|0.01|0.12|43.6467|9.09903
10|57|0|0|4.4|9.7|90|15.9|56.1|0.01|0.12|43.6487|9.09903
10|58|0|0|4.4|9.7|90|15.4|56.1|0.01|0.12|43.649|9.09903
10|59|0|315|1.6|9.7|90|15.6|56.1|0.01|0.12|43.6471|9.09903
11|00|0|0|1.5|9.7|90|15.5|56.2|0.01|0.12|43.6501|9.09903
11|01|0|0|1.6|9.7|90|15.2|56.3|0.01|0.12|43.6487|9.09903
11|02|0|0|2.9|9.7|90|15.0|56.3|0.01|0.12|43.6479|9.09903
11|03|0|90|2.9|9.7|90|14.7|56.3|0.01|0.12|43.6478|7.57646
11|04|0|45|1.6|9.7|90|14.8|56.3|0.01|0.12|43.6466|7.57646
11|05|0|45|4.4|9.7|90|15.2|56.3|0.01|0.12|43.6454|9.09903
11|06|0|45|1.5|9.7|90|15.5|56.4|0.01|0.12|43.6459|9.09903
11|07|0|45|2.9|9.7|90|15.6|56.6|0.01|0.12|43.643|9.09903
11|08|0|45|1.5|9.7|90|15.0|56.7|0.01|0.12|43.6386|9.09903
11|09|0|0|1.5|9.7|90|14.4|57.0|0.01|0.12|43.6362|8.37312
11|10|0|0|2.9|9.7|90|13.9|57.1|0.01|0.12|43.6369|6.74396
11|11|0|90|1.6|9.7|90|13.9|57.2|0.01|0.12|43.6373|6.74396
11|12|0|45|1.5|9.7|90|13.8|57.3|0.01|0.12|43.6363|6.74396
11|13|0|180|1.5|9.7|90|13.7|57.4|0.01|0.12|43.6355|6.74396
11|14|0|180|2.9|9.7|90|13.5|57.5|0.01|0.12|43.6379|6.74396
11|15|0|135|1.5|9.7|90|13.5|57.7|0.01|0.12|43.6367|6.74396
11|17|0|90|2.9|9.7|90|12.9|57.9|0.01|0.12|43.6372|4.99907
11|18|0|135|1.5|9.7|90|12.6|57.9|0.01|0.12|43.6386|4.99907
11|19|0|135|1.5|9.7|90|13.2|58.0|0.01|0.12|43.6358|7.53382
11|20|0|135|2.9|9.7|90|13.3|58.0|0.01|0.12|43.6365|7.53382
11|21|0|135|2.9|9.7|90|13.0|58.1|0.01|0.12|43.6366|7.53382
11|22|0|135|1.5|9.7|90|12.7|58.0|0.01|0.12|43.6354|5.78207
11|23|0|225|1.5|9.7|90|13.0|58.1|0.01|0.12|43.6369|7.53382
11|24|0|135|1.5|9.7|90|13.1|58.1|0.01|0.12|43.6366|7.53382
11|25|0|90|1.5|9.7|90|12.9|58.2|0.01|0.12|43.6369|5.78207
11|27|0|45|2.9|9.7|90|12.8|58.2|0.01|0.12|43.6333|5.78207
11|28|0|0|1.5|9.7|90|12.8|58.1|0.01|0.12|43.6323|5.78207
11|29|0|45|1.5|9.7|90|12.9|58.1|0.01|0.12|43.6311|5.78207
11|30|0|90|0.0|9.7|90|12.7|58.1|0.01|0.12|43.63|5.78207
11|31|0|180|2.9|9.7|90|12.8|58.1|0.01|0.12|43.6305|5.78207
11|33|0|135|2.9|9.7|90|13.4|58.3|0.01|0.12|43.6292|7.53382
11|34|0|135|1.5|9.7|90|13.3|58.5|0.01|0.12|43.6328|7.53382
11|35|0|158|3.2|9.7|90|13.2|58.7|0.01|0.12|43.634|7.53382
11|36|0|0|1.5|9.7|90|13.4|58.8|0.00|0.12|43.6298|7.53382
11|37|0|0|1.5|9.7|90|12.9|59.0|0.00|0.12|43.6248|6.56468
11|38|0|45|0.0|9.7|90|12.6|59.2|0.00|0.12|43.6248|6.56468
11|40|0|0|1.5|9.7|90|12.5|59.5|0.00|0.12|43.6241|6.56468
11|41|0|270|1.6|9.7|90|12.4|59.6|0.00|0.12|43.6235|6.56468
11|42|0|270|0.0|9.7|90|12.4|59.7|0.00|0.12|43.6239|6.56468
11|43|0|45|3.2|9.7|90|12.8|59.8|0.00|0.12|43.6222|6.56468
11|44|0|68|2.9|9.7|90|12.8|59.9|0.00|0.12|43.6229|6.56468
11|45|0|45|1.5|9.7|90|12.3|59.9|0.00|0.12|43.6234|6.56468
11|46|0|45|1.6|9.7|90|12.3|59.9|0.00|0.12|43.6219|6.56468
11|47|0|45|0.0|9.7|90|12.3|59.9|0.00|0.12|43.6211|6.56468
11|48|0|0|1.6|9.7|90|12.3|59.9|0.00|0.12|43.6221|6.56468
11|49|0|45|1.6|9.7|90|12.3|60.1|0.00|0.12|43.6239|7.34689
11|51|0|0|1.6|9.7|90|12.4|60.2|0.00|0.12|43.623|7.34689
11|52|0|45|1.5|9.7|90|12.1|60.3|0.00|0.12|43.6236|7.34689
11|53|0|0|1.5|9.7|90|12.0|60.6|0.00|0.12|43.6184|7.34689
11|54|0|315|3.2|9.7|90|12.0|60.7|0.00|0.12|43.6191|7.34689
11|55|0|225|0.0|9.7|90|11.8|60.8|0.00|0.12|43.6171|5.44512
11|56|0|0|1.5|9.7|90|12.3|60.8|0.00|0.12|43.6163|7.34689
11|57|0|270|1.6|9.7|90|12.1|60.8|0.00|0.12|43.6155|7.34689
11|59|0|315|0.0|9.7|90|11.8|60.9|0.00|0.12|43.6134|5.44512
12|00|0|315|1.5|9.7|90|12.1|61.1|0.00|0.12|43.6143|8.12871
12|02|0|315|0.0|9.7|90|12.0|61.4|0.00|0.12|43.6101|8.12871
12|03|0|0|4.4|9.7|90|11.9|61.4|0.00|0.12|43.6108|6.21955
12|04|0|135|1.6|9.7|90|11.6|61.4|0.00|0.12|43.6091|6.21955
12|05|0|90|4.8|9.7|90|11.4|61.0|0.00|0.12|43.6081|6.21955
12|06|0|0|2.9|9.7|90|11.6|60.9|0.00|0.12|43.6081|5.44512
12|07|0|45|2.9|9.7|90|11.8|60.8|0.00|0.12|43.6075|5.44512
12|08|0|45|1.5|9.7|90|11.7|60.8|0.00|0.12|43.6063|5.44512
12|09|0|135|2.9|9.7|90|11.7|60.8|0.00|0.12|43.6048|5.44512
12|11|0|90|1.5|9.7|90|11.5|60.3|0.00|0.12|43.6024|5.44512
12|12|0|135|1.5|9.7|90|11.7|60.2|0.00|0.12|43.6039|5.44512
12|13|0|135|3.2|9.7|90|12.2|60.3|0.00|0.12|43.6025|7.34689
12|14|0|203|2.9|9.7|90|12.2|60.3|0.00|0.12|43.6009|7.34689
12|15|0|225|1.5|9.7|90|11.7|60.5|0.00|0.12|43.6016|5.44512
12|16|0|270|1.5|9.7|90|11.7|60.7|0.00|0.12|43.6008|5.44512
12|17|0|270|2.9|9.7|90|11.3|60.8|0.00|0.12|43.5974|5.44512
12|18|0|270|2.9|9.7|90|11.2|60.9|0.00|0.12|43.5965|5.44512
12|19|0|225|2.9|9.7|90|11.2|60.9|0.00|0.12|43.5944|5.44512
12|20|0|180|1.5|9.7|90|11.5|61.0|0.00|0.12|43.5911|6.21955
12|21|0|135|1.6|9.7|90|11.3|61.0|0.00|0.12|43.5918|6.21955
12|22|0|225|2.9|9.7|90|11.2|61.0|0.00|0.12|43.5884|6.21955
12|23|0|225|1.6|9.7|90|11.7|61.1|0.00|0.12|43.5852|6.21955
12|24|0|225|1.5|9.7|90|11.7|61.4|0.00|0.12|43.5854|6.21955
12|25|0|270|0.0|9.7|90|11.8|61.6|0.00|0.12|43.5867|6.21955
12|26|0|0|4.4|9.7|90|11.9|61.8|0.00|0.12|43.5858|6.21955
12|29|0|315|0.0|9.7|90|11.9|62.0|0.00|0.12|43.5865|6.99358
12|30|0|0|3.2|9.7|90|11.8|62.2|0.00|0.12|43.5853|6.99358
12|31|0|135|2.9|9.7|90|11.5|62.2|0.00|0.12|43.5858|6.99358
12|33|0|180|0.0|9.7|90|11.5|62.2|0.00|0.12|43.5828|6.99358
12|34|0|248|1.5|9.7|90|11.4|62.2|0.00|0.12|43.5807|6.99358
12|35|0|0|1.6|9.7|90|11.8|62.0|0.00|0.12|43.5786|6.99358
12|36|0|0|2.9|9.7|90|12.0|61.9|0.00|0.12|43.5775|8.12871
12|37|0|270|1.6|9.7|90|11.7|62.0|0.00|0.12|43.5764|6.99358
12|38|0|203|3.2|9.7|90|11.9|62.0|0.00|0.12|43.5753|6.99358
12|39|0|180|1.5|9.7|90|11.7|61.9|0.00|0.12|43.5735|6.21955
12|40|0|203|1.6|9.7|90|11.8|62.0|0.00|0.12|43.5736|6.99358
12|42|0|113|1.6|9.7|90|11.9|62.2|0.00|0.12|43.5714|6.99358
12|43|0|180|0.0|9.7|90|11.7|62.5|0.00|0.12|43.5685|6.99358
12|44|0|248|2.9|9.7|90|11.8|62.5|0.00|0.12|43.5685|6.99358
12|45|0|270|1.6|9.7|90|11.8|62.6|0.00|0.12|43.5672|6.99358
12|46|0|225|0.0|9.7|90|11.6|62.7|0.00|0.12|43.5674|6.99358
12|47|0|225|1.6|9.7|90|12.0|62.9|0.00|0.12|43.5678|8.91012
12|48|0|135|2.9|9.7|90|11.8|63.0|0.00|0.12|43.5667|7.7672
12|49|0|225|1.5|9.7|90|11.8|63.3|0.00|0.12|43.568|7.7672
12|50|0|0|0.0|9.7|90|11.8|63.6|0.00|0.12|43.5632|7.7672
12|51|0|225|2.9|9.7|90|11.9|63.8|0.00|0.12|43.5614|7.7672
12|52|0|270|2.9|9.7|90|11.6|64.1|0.00|0.12|43.5592|8.54041
12|53|0|180|6.4|9.7|90|11.4|64.3|0.00|0.12|43.5561|8.54041
12|54|0|203|4.4|9.7|90|11.4|64.2|0.00|0.12|43.5565|8.54041
12|55|0|0|1.5|9.7|90|11.4|64.1|0.00|0.12|43.5574|8.54041
12|56|0|90|1.6|9.7|90|11.6|64.2|0.00|0.12|43.5554|8.54041
12|57|0|270|0.0|9.7|90|11.6|64.3|0.00|0.12|43.5541|8.54041
12|58|0|180|0.0|9.7|90|11.6|64.4|0.00|0.12|43.5511|8.54041
13|00|0|270|1.6|9.7|90|11.8|64.5|0.00|0.12|43.5481|8.54041
13|01|0|315|1.6|9.7|90|11.5|64.6|0.00|0.12|43.5451|8.54041
13|02|0|315|2.9|9.7|90|11.4|64.5|0.00|0.12|43.5432|8.54041
13|05|0|45|0.0|9.7|90|11.2|64.1|0.00|0.12|43.5433|8.54041
13|06|0|90|1.5|9.7|90|11.1|64.0|0.00|0.12|43.5425|8.54041
13|07|0|315|2.9|9.7|90|11.4|63.8|0.00|0.12|43.5408|7.7672
13|08|0|315|0.0|9.7|90|11.5|63.6|0.00|0.12|43.5421|7.7672
13|09|0|0|4.4|9.7|90|12.0|63.4|0.00|0.12|43.5416|9.69114
13|10|0|0|5.8|9.7|90|12.9|63.2|0.00|0.12|43.5415|9.69114
13|11|0|0|2.9|9.7|0|12.5|62.8|0.00|0.12|43.5444|8.91012
13|12|0|315|1.6|9.7|0|12.5|62.7|0.00|0.12|43.5465|8.91012
13|13|0|0|5.8|9.7|0|12.6|62.5|0.00|0.12|43.5432|8.91012
13|14|0|315|3.2|9.7|0|12.6|62.4|0.00|0.12|43.5425|8.91012
13|15|0|225|1.5|9.7|0|12.3|62.4|0.00|0.12|43.5422|8.91012
13|18|0|45|0.0|9.7|0|12.1|62.4|0.00|0.12|43.539|8.91012
13|19|0|45|1.5|9.7|0|12.1|62.4|0.00|0.12|43.536|8.91012
13|21|0|135|1.5|9.7|0|12.4|62.5|0.00|0.12|43.5369|8.91012
13|22|0|225|1.5|9.7|0|12.7|62.6|0.00|0.12|43.5346|8.91012
13|23|0|315|1.5|9.7|0|12.9|62.8|0.00|0.12|43.5285|8.91012
13|24|0|45|4.4|9.7|0|12.8|62.9|0.00|0.12|43.5275|8.91012
13|25|0|0|2.9|9.7|0|12.7|63.0|0.00|0.12|43.5247|9.69114
13|26|0|315|3.2|9.7|0|12.6|63.2|0.00|0.12|43.524|9.69114
13|27|0|315|1.5|9.7|0|12.3|63.2|0.00|0.12|43.5199|9.69114
13|28|0|0|4.8|9.7|0|12.5|63.2|0.00|0.12|43.5207|9.69114
13|29|0|0|1.5|9.7|0|12.5|63.2|0.00|0.12|43.5203|9.69114
13|30|0|0|4.4|9.7|0|12.6|63.2|0.00|0.12|43.5186|9.69114
13|31|0|23|5.8|9.7|0|12.6|62.9|0.00|0.12|43.5202|8.91012
13|33|0|315|4.4|9.7|0|13.4|62.7|0.00|0.12|43.519|10.6894
13|34|0|315|2.9|9.7|0|13.1|62.5|0.00|0.12|43.5227|10.6894
13|35|0|315|1.6|9.7|0|12.9|62.6|0.00|0.12|43.5207|8.91012
13|36|0|180|1.5|9.7|0|12.6|62.5|0.00|0.12|43.5202|8.91012
13|37|0|158|1.5|9.7|0|12.7|62.6|0.00|0.12|43.5201|8.91012
13|38|0|225|1.6|9.7|0|13.0|62.6|0.00|0.12|43.5176|10.6894
13|39|0|180|1.5|9.7|0|13.0|62.7|0.00|0.12|43.5161|10.6894
13|40|0|315|1.5|9.7|0|12.9|62.9|0.00|0.12|43.5146|8.91012
13|41|0|315|4.8|9.7|0|13.1|63.0|0.00|0.12|43.5133|11.4773
13|42|0|315|4.4|9.7|0|13.1|63.2|0.00|0.12|43.5126|11.4773
13|43|0|0|4.4|9.7|0|12.8|63.2|0.00|0.12|43.5113|9.69114
13|44|0|315|4.4|9.7|0|12.7|63.2|0.00|0.12|43.51|9.69114
13|45|0|270|2.9|9.7|0|12.9|62.9|0.00|0.12|43.5099|8.91012
13|46|0|315|0.0|9.7|0|12.7|62.9|0.00|0.12|43.5099|8.91012
13|47|0|315|4.4|9.7|0|12.9|62.8|0.00|0.12|43.5073|8.91012
13|48|0|225|0.0|9.7|0|12.6|62.7|0.00|0.12|43.5096|8.91012
13|49|0|270|4.8|9.7|0|12.8|62.6|0.00|0.12|43.5094|8.91012
13|52|0|315|2.9|9.7|0|13.2|62.4|0.00|0.12|43.5103|10.6894
13|53|0|270|3.2|9.7|0|13.6|62.3|0.00|0.12|43.5079|10.6894
13|54|0|315|4.4|9.7|0|13.5|62.2|0.00|0.12|43.5049|10.6894
13|55|0|315|5.8|9.7|0|13.3|61.9|0.00|0.12|43.5059|9.90107
13|56|0|270|4.4|9.7|0|14.0|61.7|0.00|0.12|43.5055|11.556
13|57|0|315|3.2|9.7|0|13.9|61.6|0.00|0.12|43.5029|9.90107
13|58|0|315|4.4|9.7|0|14.1|61.7|0.00|0.12|43.5033|11.556
13|59|0|293|3.2|10.2|315|14.7|61.8|0.00|0.12|43.5026|11.556
14|00|0|315|2.9|10.2|315|14.6|62.0|0.00|0.12|43.504|12.3507
14|01|0|315|4.8|10.2|315|14.7|62.3|0.00|0.12|43.5002|12.3507
14|02|0|315|1.6|10.2|315|14.1|62.3|0.00|0.12|43.5018|12.3507
14|04|0|0|5.8|10.2|315|14.1|62.4|0.00|0.12|43.4972|12.3507
14|05|0|0|4.4|10.2|315|14.3|62.4|0.00|0.12|43.4971|12.3507
14|06|0|0|2.9|10.2|315|14.6|62.5|0.00|0.12|43.4971|12.3507
14|07|0|0|2.9|10.2|315|13.7|62.5|0.00|0.12|43.4948|10.6894
14|08|0|315|4.4|11.6|315|13.3|62.3|0.00|0.12|43.4965|10.6894
14|09|0|45|0.0|11.6|315|13.7|62.5|0.00|0.12|43.4948|10.6894
14|10|0|0|1.5|11.6|315|13.8|62.6|0.00|0.12|43.4939|10.6894
14|11|0|90|1.5|11.6|315|13.6|62.7|0.00|0.12|43.4928|10.6894
14|12|0|0|2.9|11.6|315|13.4|62.8|0.00|0.12|43.4908|10.6894
14|14|0|270|5.8|11.6|315|13.6|62.8|0.00|0.12|43.4868|10.6894
14|15|0|270|6.4|11.6|315|13.8|62.8|0.00|0.12|43.4851|10.6894
14|16|0|270|7.3|11.6|315|13.6|62.8|0.00|0.12|43.4875|10.6894
14|17|0|225|4.4|11.6|315|13.5|62.9|0.00|0.12|43.4849|10.6894
14|18|0|225|2.9|11.6|315|13.6|63.0|0.00|0.12|43.4821|11.4773
14|19|0|315|4.4|11.6|315|13.7|62.8|0.00|0.12|43.4824|10.6894
14|20|0|315|5.8|11.6|315|14.0|62.8|0.00|0.12|43.4827|12.3507
14|22|0|315|2.9|11.6|315|13.7|62.6|0.00|0.12|43.4847|10.6894
14|23|0|315|8.7|11.6|315|13.6|62.5|0.00|0.12|43.4833|10.6894
14|25|0|270|2.9|11.6|315|14.1|61.8|0.00|0.12|43.4832|11.556
14|26|0|0|1.5|11.6|315|14.3|61.8|0.00|0.12|43.4835|11.556
14|27|0|315|5.8|11.6|315|14.6|61.7|0.00|0.12|43.4831|11.556
14|28|0|315|2.9|11.6|315|14.8|61.6|0.00|0.12|43.4866|11.556
14|29|0|315|4.8|11.6|315|14.7|61.5|0.00|0.12|43.485|11.556
14|30|0|225|4.4|11.6|315|14.6|61.4|0.00|0.12|43.4834|11.556
14|31|0|315|2.9|11.6|315|14.5|61.5|0.00|0.12|43.4844|11.556
14|32|0|225|4.8|11.6|315|14.2|61.5|0.00|0.12|43.4813|11.556
14|33|0|315|4.4|11.6|315|14.4|61.6|0.00|0.12|43.4791|11.556
14|35|0|90|1.5|11.6|315|14.3|61.7|0.00|0.12|43.477|11.556
14|36|0|45|1.5|11.6|315|14.4|61.9|0.00|0.12|43.4773|11.556
14|38|0|315|6.4|11.6|315|15.2|61.9|0.00|0.12|43.4753|13.1088
14|40|0|270|1.5|11.6|315|14.5|62.0|0.00|0.12|43.4725|12.3507
14|41|0|0|4.8|11.6|315|14.6|62.0|0.00|0.12|43.4739|12.3507
14|42|0|315|7.3|11.6|315|14.8|61.9|0.00|0.12|43.4734|11.556
14|43|0|315|6.4|11.6|315|15.1|61.8|0.00|0.12|43.4738|13.1088
14|44|0|315|4.8|11.6|315|14.9|61.7|0.00|0.12|43.4745|11.556
14|45|0|315|4.4|11.6|315|14.9|61.7|0.00|0.12|43.4755|11.556
14|46|0|270|4.4|11.6|315|14.8|61.7|0.00|0.12|43.4739|11.556
14|47|0|315|3.2|11.6|315|14.6|61.7|0.00|0.12|43.4716|11.556
14|48|0|270|4.4|11.6|315|14.5|61.9|0.00|0.12|43.4702|11.556
14|49|0|0|2.9|11.6|315|14.7|61.9|0.00|0.12|43.4694|11.556
14|50|0|315|7.3|11.6|315|14.8|61.8|0.00|0.12|43.4691|11.556
14|52|0|270|4.4|11.6|315|14.8|61.7|0.00|0.12|43.4682|11.556
14|53|0|0|4.4|11.6|315|15.2|61.8|0.00|0.12|43.4672|13.1088
14|54|0|315|4.4|11.6|315|15.0|61.8|0.00|0.12|43.4674|13.1088
14|55|0|315|4.8|11.6|315|15.3|61.8|0.00|0.12|43.4706|13.1088
14|57|0|315|7.3|11.6|315|15.4|61.7|0.00|0.12|43.4686|13.1088
14|59|0|315|5.8|11.6|315|15.4|61.7|0.00|0.12|43.4694|13.1088
15|01|0|315|1.5|16.0|315|15.2|61.0|0.00|0.12|43.4694|13.1088
15|02|0|270|4.4|16.0|315|15.3|61.2|0.00|0.12|43.4721|13.1088
15|03|0|315|8.7|16.0|315|15.8|61.1|0.00|0.12|43.4694|13.1088
15|04|0|315|8.7|19.3|315|15.7|60.9|0.00|0.12|43.4702|12.3076
15|05|0|0|4.4|19.3|315|16.0|60.9|0.00|0.12|43.469|13.7653
15|06|0|315|5.8|19.3|315|16.2|60.9|0.00|0.12|43.4684|13.7653
15|07|0|315|11.6|19.3|315|16.2|60.8|0.00|0.12|43.4674|13.7653
15|11|0|315|2.9|19.3|315|16.1|60.3|0.00|0.12|43.4641|13.7653
15|12|0|315|2.9|19.3|315|16.0|60.6|0.00|0.12|43.4625|13.7653
15|13|0|0|7.3|19.3|315|16.3|60.6|0.00|0.12|43.462|13.7653
15|14|0|0|4.4|19.3|315|16.0|60.7|0.00|0.12|43.4627|13.7653
15|15|0|315|4.8|19.3|315|16.2|60.7|0.00|0.12|43.4626|13.7653
15|16|0|270|5.8|19.3|315|16.6|60.6|0.00|0.12|43.4627|13.7653
15|17|0|315|11.6|19.3|315|17.0|60.5|0.00|0.12|43.4645|15.144
15|18|0|315|9.7|19.3|315|17.1|60.3|0.00|0.12|43.4665|15.144
15|21|0|0|2.9|19.3|315|16.8|60.3|0.00|0.12|43.4641|13.7653
15|22|0|315|6.4|19.3|315|16.8|60.7|0.00|0.12|43.464|13.7653
15|23|0|270|2.9|19.3|315|16.6|60.8|0.00|0.12|43.4618|13.7653
15|24|0|315|7.3|19.3|315|16.7|60.9|0.00|0.12|43.4616|13.7653
15|25|0|315|5.8|19.3|315|17.0|60.6|0.00|0.12|43.4611|15.144
15|26|0|225|4.4|19.3|315|17.1|60.7|0.00|0.12|43.461|15.144
15|27|0|315|4.4|19.3|315|16.9|60.7|0.00|0.12|43.4611|13.7653
15|28|0|315|16.1|19.3|315|17.2|60.6|0.00|0.12|43.458|15.144
15|29|0|315|10.2|19.3|315|16.9|60.5|0.00|0.12|43.4582|13.7653
15|30|0|315|6.4|19.3|315|16.6|60.3|0.00|0.12|43.4582|13.7653
15|31|0|315|7.3|19.3|315|16.7|60.2|0.00|0.12|43.4594|13.7653
15|32|0|315|10.2|19.3|315|16.9|60.2|0.00|0.12|43.4534|13.7653
15|33|0|270|8.1|19.3|315|17.6|60.3|0.00|0.12|43.4532|15.144
15|34|0|315|7.3|19.3|315|17.6|60.3|0.00|0.12|43.4501|15.144
15|35|0|315|6.4|19.3|315|17.3|60.5|0.00|0.12|43.4487|15.144
15|36|0|315|3.2|19.3|315|17.3|60.7|0.00|0.12|43.4493|15.144
15|38|0|315|5.8|19.3|315|17.3|60.8|0.00|0.12|43.4498|15.144
15|39|0|315|6.5|19.3|315|17.2|60.7|0.00|0.12|43.4512|15.144
15|40|0|270|7.3|19.3|315|17.3|60.6|0.00|0.12|43.4471|15.144
15|41|0|315|16.0|19.3|315|17.7|60.6|0.00|0.12|43.4454|15.144
15|42|0|315|11.6|19.3|315|17.5|60.5|0.00|0.12|43.4448|15.144
15|43|0|315|18.9|19.3|315|17.1|60.5|0.00|0.12|43.4475|15.144
15|45|0|315|4.4|19.3|315|17.4|60.5|0.00|0.12|43.4512|15.144
15|46|0|315|6.4|19.3|315|17.1|60.2|0.00|0.12|43.4494|15.144
15|47|0|315|4.4|19.3|315|17.1|60.1|0.00|0.12|43.45|15.144
15|48|0|315|5.8|19.3|315|17.4|60.0|0.00|0.12|43.4491|15.144
15|49|0|270|3.2|19.3|315|17.2|59.9|0.00|0.12|43.4477|14.3313
15|50|0|270|2.9|19.3|315|17.5|60.0|0.00|0.12|43.4498|15.144
15|51|0|315|4.4|19.3|315|17.1|60.1|0.00|0.12|43.4478|15.144
15|52|0|315|4.8|19.3|315|17.3|60.1|0.00|0.12|43.4452|15.144
15|53|0|0|5.8|19.3|315|17.7|60.2|0.00|0.12|43.446|15.144
15|55|0|0|3.2|19.3|315|17.4|60.3|0.00|0.12|43.4474|15.144
15|56|0|315|2.9|19.3|315|17.1|60.5|0.00|0.12|43.4489|15.144
15|57|0|315|2.9|19.3|315|17.3|60.6|0.00|0.12|43.4497|15.144
15|59|0|0|2.9|19.3|315|17.3|60.8|0.00|0.12|43.4501|15.144
16|00|0|315|3.2|19.3|315|17.2|60.9|0.00|0.12|43.4508|15.144
16|01|0|315|2.9|19.3|315|17.0|61.0|0.00|0.12|43.4507|15.9565
16|02|0|315|2.9|19.3|315|16.6|61.0|0.00|0.12|43.4533|14.5722
16|03|0|315|4.4|19.3|315|16.8|61.0|0.00|0.12|43.4534|14.5722
16|04|0|0|4.8|19.3|315|17.0|61.0|0.00|0.12|43.4533|15.9565
16|05|0|315|2.9|19.3|315|16.3|61.0|0.00|0.12|43.4535|14.5722
16|06|0|270|1.6|19.3|315|16.7|61.0|0.00|0.12|43.4525|14.5722
16|08|0|315|2.9|19.3|315|16.6|61.0|0.00|0.12|43.4454|14.5722
16|10|0|315|3.2|19.3|315|17.2|61.0|0.00|0.12|43.4495|15.9565
16|11|0|315|5.8|19.3|315|16.9|60.9|0.00|0.12|43.445|13.7653
16|12|0|315|2.9|19.3|315|16.5|61.0|0.00|0.12|43.4505|14.5722
16|13|0|315|4.8|19.3|315|16.1|60.9|0.00|0.12|43.4495|13.7653
16|16|0|225|1.6|19.3|315|16.0|61.1|0.00|0.12|43.4466|14.5722
16|17|0|0|2.9|19.3|315|16.1|61.1|0.00|0.12|43.4461|14.5722
16|19|0|23|2.9|19.3|315|15.8|61.1|0.00|0.12|43.4447|13.1088
16|20|0|0|5.8|19.3|315|15.8|61.1|0.00|0.12|43.4422|13.1088
16|21|0|315|5.8|19.3|315|16.3|61.0|0.00|0.12|43.4402|14.5722
16|22|0|315|3.2|19.3|315|16.0|61.1|0.00|0.12|43.4419|14.5722
16|23|0|0|5.8|19.3|315|16.1|61.1|0.00|0.12|43.4447|14.5722
16|24|0|0|5.8|19.3|315|16.1|60.9|0.00|0.12|43.4435|13.7653
16|25|0|0|5.8|19.3|315|15.9|60.9|0.00|0.12|43.4477|12.3076
16|26|0|0|2.9|19.3|315|15.9|60.8|0.00|0.12|43.4437|12.3076
16|27|0|0|2.9|19.3|315|16.0|60.9|0.00|0.12|43.446|13.7653
16|29|0|270|4.4|19.3|315|16.2|60.8|0.00|0.12|43.4487|13.7653
16|30|0|315|3.2|19.3|315|16.7|60.7|0.00|0.12|43.4459|13.7653
16|31|0|0|3.2|19.3|315|17.2|60.6|0.00|0.12|43.4489|15.144
16|32|0|0|2.9|19.3|315|17.3|60.7|0.00|0.12|43.4474|15.144
16|33|0|0|4.4|19.3|315|16.4|60.7|0.00|0.12|43.4499|13.7653
16|34|0|0|3.2|19.3|315|16.0|60.7|0.00|0.12|43.4492|13.7653
16|36|0|0|4.4|19.3|315|16.1|60.6|0.00|0.12|43.4485|13.7653
16|37|0|0|4.4|19.3|315|16.3|60.6|0.00|0.12|43.4485|13.7653
16|38|0|0|5.8|19.3|315|16.1|60.5|0.00|0.12|43.4468|13.7653
16|39|0|0|5.8|19.3|315|16.0|60.3|0.00|0.12|43.4483|13.7653
16|40|0|0|4.4|19.3|315|16.2|60.1|0.00|0.12|43.4491|13.7653
16|41|0|315|4.4|19.3|315|16.7|60.0|0.00|0.12|43.4489|13.7653
16|42|0|0|4.4|19.3|315|16.5|59.9|0.00|0.12|43.4483|12.9579
16|43|0|0|2.9|19.3|315|16.9|59.8|0.00|0.12|43.4469|12.9579
16|44|0|0|4.4|19.3|315|16.9|59.7|0.00|0.12|43.4458|12.9579
16|45|0|0|7.3|19.3|315|16.6|59.6|0.00|0.12|43.4457|12.9579
16|48|0|315|4.4|19.3|315|16.6|59.2|0.00|0.12|43.4444|12.9579
16|49|0|315|2.9|19.3|315|16.8|59.2|0.00|0.12|43.445|12.9579
16|50|0|315|4.4|19.3|315|17.0|59.1|0.00|0.12|43.4432|14.3313
16|51|0|0|5.8|19.3|315|17.1|59.1|0.00|0.12|43.4436|14.3313
16|52|0|0|1.6|19.3|315|16.5|59.1|0.00|0.12|43.4428|12.9579
16|53|0|0|4.4|19.3|315|16.4|59.0|0.00|0.12|43.4418|12.9579
16|54|0|315|3.2|19.3|315|16.2|59.0|0.00|0.12|43.4437|12.9579
16|55|0|315|2.9|19.3|315|16.9|59.0|0.00|0.12|43.4421|12.9579
16|56|0|0|3.2|19.3|315|16.7|59.0|0.00|0.12|43.4418|12.9579
16|58|0|338|3.2|19.3|315|17.0|59.0|0.00|0.12|43.4408|14.3313
17|00|0|0|3.2|19.3|315|16.1|58.9|0.00|0.12|43.4393|12.1502
17|01|0|0|4.4|19.3|315|16.2|58.8|0.00|0.12|43.4382|12.1502
17|02|0|0|3.2|19.3|315|16.4|58.8|0.00|0.12|43.4393|12.1502
17|03|0|0|2.9|19.3|315|16.4|58.7|0.00|0.12|43.4387|12.1502
17|04|0|315|2.9|19.3|315|16.5|58.7|0.00|0.12|43.4387|12.1502
17|05|0|0|4.8|19.3|315|17.2|58.7|0.00|0.12|43.4354|13.5181
17|06|0|0|2.9|19.3|315|16.6|58.7|0.00|0.12|43.436|12.1502
17|07|0|0|1.6|19.3|315|16.5|58.5|0.00|0.12|43.4351|12.1502
17|09|0|0|2.9|19.3|315|16.6|58.4|0.00|0.12|43.435|12.1502
17|10|0|0|1.6|19.3|315|16.5|58.4|0.00|0.12|43.4342|12.1502
17|11|0|0|5.8|19.3|315|16.5|58.4|0.00|0.12|43.4321|12.1502
17|13|0|0|4.4|19.3|315|16.7|58.3|0.00|0.12|43.4336|12.1502
17|15|0|0|4.4|19.3|315|17.0|58.3|0.00|0.12|43.4331|13.5181
17|16|0|0|5.8|19.3|315|17.1|58.3|0.00|0.12|43.4343|13.5181
17|17|0|45|1.5|19.3|315|17.1|58.2|0.00|0.12|43.4325|13.5181
17|18|0|0|2.9|19.3|315|17.2|58.2|0.00|0.12|43.4333|13.5181
17|19|0|0|2.9|19.3|315|17.5|58.2|0.00|0.12|43.4317|13.5181
17|20|0|0|4.4|19.3|315|17.6|58.1|0.00|0.12|43.4333|13.5181
17|21|0|315|3.2|19.3|315|18.1|58.1|0.00|0.12|43.4343|14.8162
17|22|0|0|2.9|19.3|315|18.2|58.1|0.00|0.12|43.4347|14.8162
17|23|0|0|1.5|19.3|315|18.6|58.1|0.00|0.12|43.4336|14.8162
17|24|0|0|1.5|19.3|315|18.7|58.1|0.00|0.12|43.4362|14.8162
17|25|0|45|3.2|19.3|315|18.9|58.1|0.00|0.12|43.4332|14.8162
17|26|0|0|1.5|19.3|315|19.0|58.0|0.00|0.12|43.432|16.0518
17|27|0|0|4.4|19.3|315|19.2|58.0|0.00|0.12|43.4333|16.0518
17|28|0|0|2.9|19.3|315|19.4|57.9|0.00|0.12|43.4349|15.2282
17|30|0|0|4.8|19.3|315|19.7|57.8|0.00|0.12|43.4334|15.2282
17|31|0|0|4.4|19.3|315|20.0|57.8|0.00|0.12|43.433|16.4025
17|32|0|315|4.8|19.3|315|19.9|57.8|0.00|0.12|43.4333|15.2282
17|33|0|315|4.8|19.3|315|20.0|57.7|0.00|0.12|43.4326|16.4025
17|34|0|0|3.2|19.3|315|20.1|57.5|0.00|0.12|43.4346|16.4025
17|35|0|0|2.9|19.3|315|19.9|57.3|0.00|0.12|43.4332|15.2282
17|36|0|0|1.6|19.3|315|20.1|57.3|0.00|0.12|43.4359|16.4025
17|37|0|0|1.5|19.3|315|20.3|57.3|0.00|0.12|43.4362|16.4025
17|39|0|0|0.0|19.3|315|20.6|57.2|0.00|0.12|43.4344|16.4025
17|40|0|0|1.5|19.3|315|21.0|57.2|0.00|0.12|43.4351|17.5258
17|41|0|315|1.6|19.3|315|21.0|57.1|0.00|0.12|43.4347|17.5258
17|42|0|315|1.5|19.3|315|21.3|57.1|0.00|0.12|43.4351|17.5258
17|43|0|315|5.8|19.3|315|21.0|57.0|0.00|0.12|43.4355|17.5258
17|44|0|315|5.8|19.3|315|20.9|56.7|0.00|0.12|43.4358|15.5739
17|45|0|315|2.9|19.3|315|20.6|56.6|0.00|0.12|43.4367|15.5739
17|46|0|315|1.5|19.3|315|20.7|56.5|0.00|0.12|43.4367|15.5739
17|47|0|315|2.9|19.3|315|21.0|56.4|0.00|0.12|43.4349|16.6926
17|49|0|315|4.8|19.3|315|20.7|56.2|0.00|0.12|43.4327|15.5739
17|50|0|315|4.4|19.3|315|20.4|56.1|0.00|0.12|43.432|15.5739
17|51|0|315|4.4|19.3|315|20.5|55.8|0.00|0.12|43.4291|14.7449
17|53|0|315|2.9|19.3|315|21.3|56.0|0.00|0.12|43.4323|16.6926
17|54|0|315|3.2|19.3|315|21.5|55.7|0.00|0.12|43.4277|15.8591
17|55|0|315|4.4|19.3|315|21.8|55.7|0.00|0.12|43.43|15.8591
17|56|0|315|2.9|19.3|315|21.6|55.6|0.00|0.12|43.4287|15.8591
17|57|0|0|2.9|19.3|315|21.6|55.4|0.00|0.12|43.4324|15.8591
17|58|0|315|2.9|19.3|315|21.5|55.3|0.00|0.12|43.434|15.8591
18|00|0|315|4.4|19.3|315|21.7|55.1|0.00|0.12|43.4339|15.8591
18|01|0|270|1.5|19.3|315|22.0|55.0|0.00|0.12|43.4346|16.9271
18|04|0|315|1.5|19.3|315|22.1|54.8|0.00|0.12|43.4342|16.089
18|05|0|270|1.6|19.3|315|22.0|54.8|0.00|0.12|43.4358|16.089
18|06|0|270|1.6|19.3|315|21.9|54.7|0.00|0.12|43.4364|15.0253
18|07|0|225|2.9|19.3|315|21.7|54.7|0.00|0.12|43.437|15.0253
18|08|0|225|1.5|19.3|315|21.7|54.7|0.00|0.12|43.4344|15.0253
18|10|0|225|0.0|19.3|315|21.7|54.7|0.00|0.12|43.4372|15.0253
18|12|0|225|0.0|19.3|315|21.5|54.7|0.00|0.12|43.4376|15.0253
18|13|0|225|0.0|19.3|315|21.5|54.7|0.00|0.12|43.4374|15.0253
18|14|0|225|0.0|19.3|315|21.5|54.8|0.00|0.12|43.4385|15.0253
18|15|0|225|0.0|19.3|315|21.5|54.8|0.00|0.12|43.4376|15.0253
18|16|0|225|0.0|19.3|315|21.6|54.8|0.00|0.12|43.4381|15.0253
18|17|0|225|0.0|19.3|315|21.7|54.8|0.00|0.12|43.4364|15.0253
18|19|0|270|1.6|19.3|315|21.4|55.0|0.00|0.12|43.4373|15.8591
18|20|0|270|1.5|19.3|315|21.3|55.0|0.00|0.12|43.4371|15.8591
18|21|0|0|1.5|19.3|315|21.3|55.0|0.00|0.12|43.4393|15.8591
18|22|0|270|1.5|19.3|315|21.1|55.0|0.00|0.12|43.4381|15.8591
18|23|0|270|2.9|19.3|315|21.3|55.0|0.00|0.12|43.439|15.8591
18|24|0|270|0.0|19.3|315|21.0|54.8|0.00|0.12|43.4363|15.0253
18|25|0|270|0.0|19.3|315|21.0|55.0|0.00|0.12|43.4391|15.8591
18|27|0|270|0.0|19.3|315|21.1|54.8|0.00|0.12|43.4364|15.0253
18|28|0|270|0.0|19.3|315|21.1|55.0|0.00|0.12|43.4402|15.8591
18|29|0|270|1.5|19.3|315|21.3|54.8|0.00|0.12|43.4376|15.0253
18|30|0|270|1.6|19.3|315|21.2|54.8|0.00|0.12|43.4372|15.0253
18|31|0|270|0.0|19.3|315|21.2|54.8|0.00|0.12|43.4379|15.0253
18|34|0|270|0.0|19.3|315|21.4|54.7|0.00|0.12|43.4358|15.0253
18|35|0|270|0.0|19.3|315|21.4|54.8|0.00|0.12|43.4354|15.0253
18|38|0|225|0.0|19.3|315|21.2|54.6|0.00|0.12|43.434|15.0253
18|39|0|225|0.0|19.3|315|21.0|54.6|0.00|0.12|43.4349|15.0253
18|40|0|225|0.0|19.3|315|21.0|54.6|0.00|0.12|43.4343|15.0253
18|41|0|45|2.9|19.3|315|21.7|54.5|0.00|0.12|43.4355|15.0253
18|42|0|45|1.6|19.3|315|23.9|54.4|0.00|0.12|43.435|17.1106
18|43|0|45|2.9|19.3|315|26.4|54.2|0.00|0.12|43.4336|19.9547
18|44|0|45|1.6|19.3|315|26.4|54.0|0.00|0.12|43.4305|19.9547
18|45|0|45|0.0|19.3|315|25.7|53.8|0.00|0.12|43.4295|18.19
18|46|0|45|1.5|19.3|315|25.5|53.7|0.00|0.12|43.4285|18.19
18|48|0|45|0.0|19.3|315|25.1|53.4|0.00|0.12|43.427|18.19
18|49|0|45|1.5|19.3|315|25.3|53.2|0.00|0.12|43.4242|18.19
18|52|0|45|0.0|19.3|315|24.6|52.9|0.00|0.12|43.4226|16.3998
18|53|0|45|1.5|19.3|315|24.7|52.8|0.00|0.12|43.4243|16.3998
18|54|0|45|1.6|19.3|315|24.8|52.7|0.00|0.12|43.4254|16.3998
18|55|0|225|1.5|19.3|315|24.6|52.6|0.00|0.12|43.4271|16.3998
18|56|0|225|0.0|19.3|315|24.4|52.5|0.00|0.12|43.4294|16.3998
18|57|0|225|0.0|19.3|315|24.2|52.4|0.00|0.12|43.4311|16.3998
18|58|0|225|0.0|19.3|315|23.6|52.4|0.00|0.12|43.4309|15.425
18|59|0|225|0.0|19.3|315|23.3|52.2|0.00|0.12|43.4316|15.425
19|00|0|225|0.0|19.3|315|23.2|52.1|0.00|0.12|43.4334|15.425
19|01|0|225|1.5|19.3|315|23.3|52.0|0.00|0.12|43.4318|15.425
19|02|0|225|1.5|19.3|315|23.5|52.0|0.00|0.12|43.433|15.425
19|03|0|225|0.0|19.3|315|23.8|52.0|0.00|0.12|43.433|15.425
19|04|0|225|0.0|19.3|315|23.5|51.9|0.00|0.12|43.4321|14.5817
19|05|0|225|0.0|19.3|315|23.2|51.9|0.00|0.12|43.4327|14.5817
19|07|0|135|1.5|19.3|315|23.2|51.8|0.00|0.12|43.4325|14.5817
19|08|0|135|0.0|19.3|315|23.6|51.8|0.00|0.12|43.4341|14.5817
19|09|0|135|0.0|19.3|315|23.8|51.7|0.00|0.12|43.434|14.5817
19|11|0|135|1.6|19.3|315|23.8|51.6|0.00|0.12|43.4354|14.5817
19|12|0|315|1.5|19.3|315|24.3|51.5|0.00|0.12|43.4355|15.5526
19|13|0|0|0.0|19.3|315|24.1|51.3|0.00|0.12|43.4362|15.5526
19|14|0|0|0.0|19.3|315|23.8|51.2|0.00|0.12|43.4369|14.5817
19|15|0|180|0.0|19.3|315|24.1|51.1|0.00|0.12|43.4372|15.5526
19|16|0|180|1.6|19.3|315|24.7|51.0|0.00|0.12|43.4373|15.5526
19|17|0|180|1.6|19.3|315|24.8|50.9|0.00|0.12|43.4369|14.705
19|18|0|135|1.5|19.3|315|24.8|50.9|0.00|0.12|43.4367|14.705
19|19|0|135|0.0|19.3|315|24.9|50.8|0.00|0.12|43.4356|14.705
19|20|0|135|1.5|19.3|315|24.9|50.7|0.00|0.12|43.4358|14.705
19|21|0|135|1.6|19.3|315|25.1|50.6|0.00|0.12|43.4335|15.6367
19|22|0|135|0.0|19.3|315|25.2|50.5|0.00|0.12|43.4331|15.6367
19|23|0|135|0.0|19.3|315|25.3|50.3|0.00|0.12|43.4316|15.6367
19|24|0|135|0.0|19.3|315|25.2|50.3|0.00|0.12|43.431|15.6367
19|25|0|135|0.0|19.3|315|25.2|50.2|0.00|0.12|43.4299|15.6367
19|26|0|135|0.0|19.3|315|25.1|50.2|0.00|0.12|43.4302|15.6367
19|28|0|135|0.0|19.3|315|25.0|50.1|0.00|0.12|43.431|15.6367
19|29|0|135|0.0|19.3|315|25.0|50.1|0.00|0.12|43.431|15.6367
19|30|0|135|0.0|19.3|315|25.1|50.1|0.00|0.12|43.4327|15.6367
19|31|0|135|1.6|19.3|315|25.6|49.9|0.00|0.12|43.4307|14.785
19|32|0|0|1.5|19.3|315|25.7|49.8|0.00|0.12|43.4299|14.785
19|33|0|315|1.5|19.3|315|25.7|49.7|0.00|0.12|43.4292|14.785
19|34|0|315|1.5|19.3|315|25.6|49.5|0.00|0.12|43.4278|14.785
19|35|0|315|0.0|19.3|315|25.6|49.4|0.00|0.12|43.4293|14.785
19|36|0|315|1.5|19.3|315|25.6|49.3|0.00|0.12|43.4315|14.785
19|37|0|315|0.0|19.3|315|25.8|49.2|0.00|0.12|43.4312|14.785
19|38|0|315|0.0|19.3|315|25.9|49.2|0.00|0.12|43.4354|14.785
19|39|0|315|0.0|19.3|315|26.4|49.1|0.00|0.12|43.4372|15.6803
19|40|0|203|1.6|19.3|315|26.9|49.1|0.00|0.12|43.4372|15.6803
19|41|0|180|1.5|19.3|315|27.3|49.0|0.01|0.13|43.4385|16.5456
19|42|0|180|1.5|19.3|315|27.5|48.9|0.01|0.13|43.439|15.6863
19|43|0|180|0.0|19.3|315|27.5|48.8|0.01|0.13|43.4376|15.6863
19|45|0|180|0.0|19.3|315|27.4|48.7|0.01|0.13|43.4405|15.6863
19|47|0|180|0.0|19.3|315|27.4|48.5|0.01|0.13|43.4408|15.6863
19|48|0|180|0.0|19.3|315|27.2|48.4|0.01|0.13|43.4386|15.6863
19|49|0|180|0.0|19.3|315|27.1|48.4|0.01|0.13|43.4391|15.6863
19|50|0|180|0.0|19.3|315|27.2|48.3|0.01|0.13|43.4407|15.6863
19|51|0|180|0.0|19.3|315|27.2|48.3|0.01|0.13|43.4399|15.6863
19|52|0|180|0.0|19.3|315|27.3|48.2|0.01|0.13|43.4389|15.6863
19|53|0|180|0.0|19.3|315|27.5|48.2|0.01|0.13|43.4382|15.6863
19|54|0|180|0.0|19.3|315|27.7|48.2|0.01|0.13|43.4379|15.6863
19|55|0|180|0.0|19.3|315|27.9|48.1|0.01|0.13|43.4366|15.6863
19|56|0|180|0.0|19.3|315|27.9|48.0|0.01|0.13|43.4373|15.6863
19|57|0|180|0.0|19.3|315|27.8|48.0|0.01|0.13|43.4359|15.6863
19|58|0|180|0.0|19.3|315|27.8|47.9|0.01|0.13|43.436|14.8267
19|59|0|180|0.0|19.3|315|27.8|47.9|0.01|0.13|43.4365|14.8267
20|00|0|180|0.0|19.3|315|27.8|47.9|0.01|0.13|43.4363|14.8267
20|01|0|180|0.0|19.3|315|27.7|47.7|0.01|0.13|43.4385|14.8267
20|02|0|180|0.0|19.3|315|27.7|47.7|0.01|0.13|43.4375|14.8267
20|04|0|180|0.0|19.3|315|27.7|47.7|0.01|0.13|43.4397|14.8267
20|05|0|180|0.0|19.3|315|27.8|47.6|0.01|0.13|43.4395|14.8267
20|06|0|180|0.0|19.3|315|27.8|47.6|0.01|0.13|43.4418|14.8267
20|07|0|180|0.0|19.3|315|27.8|47.6|0.01|0.13|43.4423|14.8267
20|08|0|180|1.5|19.3|315|27.9|47.5|0.01|0.13|43.4422|14.8267
20|09|0|180|1.5|19.3|315|28.1|47.5|0.01|0.13|43.4432|15.657
20|10|0|180|1.5|19.3|315|28.4|47.5|0.01|0.13|43.442|15.657
20|11|0|45|1.5|19.3|315|29.2|47.5|0.01|0.13|43.4419|16.4613
20|12|0|45|1.5|19.3|315|30.0|47.5|0.01|0.13|43.4438|17.2414
20|13|0|45|1.5|19.3|315|30.1|47.4|0.01|0.13|43.4426|17.2414
20|14|0|45|1.6|19.3|315|30.5|47.4|0.01|0.13|43.4435|17.2414
20|15|0|45|1.5|19.3|315|31.1|47.4|0.01|0.13|43.442|17.9987
20|16|0|45|1.6|19.3|315|31.0|47.3|0.01|0.13|43.4419|17.9987
20|17|0|45|1.5|19.3|315|32.0|47.2|0.01|0.13|43.4419|18.7346
20|18|0|225|4.8|19.3|315|32.5|47.1|0.01|0.13|43.4405|18.7346
20|19|0|225|1.5|19.3|315|31.9|47.0|0.01|0.13|43.4427|17.9987
20|20|0|225|0.0|19.3|315|31.0|46.8|0.01|0.13|43.4422|17.1254
20|21|0|225|0.0|19.3|315|30.5|46.8|0.01|0.13|43.446|16.3713
20|22|0|225|1.5|19.3|315|30.0|46.7|0.01|0.13|43.4477|16.3713
20|24|0|225|1.5|19.3|315|29.8|46.6|0.01|0.13|43.4483|15.5945
20|25|0|225|0.0|19.3|315|29.8|46.5|0.01|0.13|43.4498|15.5945
20|26|0|225|0.0|19.3|315|30.0|46.4|0.01|0.13|43.4494|16.3713
20|27|0|225|0.0|19.3|315|30.2|46.4|0.01|0.13|43.4486|16.3713
20|28|0|225|0.0|19.3|315|29.9|46.3|0.01|0.13|43.447|15.5945
20|29|0|225|0.0|19.3|315|30.0|46.2|0.01|0.13|43.4447|16.3713
20|32|0|225|0.0|19.3|315|29.6|46.1|0.01|0.13|43.4479|15.5945
20|33|0|225|0.0|19.3|315|29.6|46.0|0.01|0.13|43.4478|15.5945
20|35|0|225|1.5|19.3|315|29.7|45.8|0.01|0.13|43.45|14.7275
20|36|0|225|1.5|19.3|315|29.9|45.8|0.01|0.13|43.4516|14.7275
20|37|0|225|0.0|19.3|315|30.6|45.7|0.01|0.13|43.4518|15.501
20|38|0|225|1.5|19.3|315|31.0|45.6|0.01|0.13|43.4529|16.2519
20|39|0|225|1.6|19.3|315|30.9|45.4|0.01|0.13|43.4538|15.501
20|40|0|225|1.5|19.3|315|30.7|45.2|0.01|0.13|43.4532|15.501
20|42|0|0|1.6|19.3|315|31.0|44.8|0.00|0.13|43.4518|15.3782
20|43|0|0|0.0|19.3|315|31.0|44.7|0.00|0.13|43.4533|15.3782
20|44|0|0|0.0|19.3|315|30.9|44.6|0.00|0.13|43.4529|14.6304
20|45|0|0|0.0|19.3|315|30.7|44.5|0.00|0.13|43.4554|14.6304
20|46|0|0|0.0|19.3|315|30.5|44.5|0.00|0.13|43.4561|14.6304
20|47|0|0|0.0|19.3|315|30.4|44.4|0.00|0.13|43.4568|14.6304
20|48|0|0|0.0|19.3|315|30.8|44.4|0.00|0.13|43.4566|14.6304
20|49|0|0|1.5|19.3|315|30.7|44.4|0.00|0.13|43.4572|14.6304
20|50|0|90|1.5|19.3|315|30.4|44.3|0.00|0.13|43.4556|14.6304
20|51|0|90|0.0|19.3|315|30.2|44.3|0.00|0.13|43.4543|14.6304
20|52|0|90|1.6|19.3|315|30.5|44.2|0.00|0.13|43.4534|14.6304
20|54|0|90|1.5|19.3|315|30.7|44.3|0.00|0.13|43.4559|14.6304
20|55|0|90|0.0|19.3|315|30.2|44.3|0.00|0.13|43.4572|14.6304
20|56|0|90|2.9|19.3|315|29.7|44.2|0.00|0.13|43.4563|13.8602
20|57|0|90|1.6|19.3|315|29.7|44.2|0.00|0.13|43.4564|13.8602
20|58|0|90|1.5|19.3|315|29.8|44.2|0.00|0.13|43.4577|13.8602
20|59|0|90|1.6|19.3|315|30.0|44.2|0.00|0.13|43.4582|14.6304
21|00|0|90|2.9|19.3|315|30.3|44.2|0.00|0.13|43.4585|14.6304
21|01|0|90|1.6|19.3|315|30.2|44.2|0.00|0.13|43.4585|14.6304
21|02|0|90|1.5|19.3|315|30.2|44.2|0.00|0.13|43.4606|14.6304
21|03|0|90|1.6|19.3|315|30.2|44.0|0.00|0.13|43.4582|14.6304
21|04|0|90|1.5|19.3|315|30.2|44.0|0.00|0.13|43.4579|14.6304
21|05|0|90|1.6|19.3|315|30.2|44.0|0.00|0.13|43.4582|14.6304
21|06|0|90|1.6|19.3|315|30.3|43.9|0.00|0.13|43.4586|13.7596
21|09|0|90|1.5|19.3|315|30.3|43.9|0.00|0.13|43.4588|13.7596
21|11|0|90|0.0|19.3|315|31.2|43.9|0.00|0.13|43.4587|14.5041
21|12|0|90|0.0|19.3|315|31.6|43.9|0.00|0.13|43.4602|14.5041
21|13|0|90|0.0|19.3|315|31.5|43.8|0.00|0.13|43.4598|14.5041
21|14|0|90|0.0|19.3|315|31.4|43.7|0.00|0.13|43.458|14.5041
21|15|0|90|0.0|19.3|315|31.4|43.7|0.00|0.13|43.4586|14.5041
21|16|0|90|0.0|19.3|315|31.5|43.6|0.00|0.13|43.4594|14.5041
21|17|0|90|0.0|19.3|315|32.2|43.6|0.00|0.13|43.4591|15.2276
21|19|0|90|0.0|19.3|315|32.6|43.5|0.00|0.13|43.459|15.2276
21|20|0|90|0.0|19.3|315|32.2|43.5|0.00|0.13|43.4596|15.2276
21|21|0|90|0.0|19.3|315|32.0|43.4|0.00|0.13|43.4575|15.2276
21|22|0|90|1.5|19.3|315|31.9|43.2|0.00|0.13|43.4591|14.5041
21|23|0|90|0.0|19.3|315|32.0|43.2|0.00|0.13|43.458|15.2276
21|24|0|90|0.0|19.3|315|32.0|43.1|0.00|0.13|43.4572|15.2276
21|25|0|90|0.0|19.3|315|32.0|43.0|0.00|0.13|43.4558|15.2276
21|26|0|90|0.0|19.3|315|31.9|42.9|0.00|0.13|43.4558|13.6299
21|27|0|90|0.0|19.3|315|31.7|42.8|0.00|0.13|43.4546|13.6299
21|28|0|90|1.5|19.3|315|31.9|42.8|0.00|0.13|43.4541|13.6299
21|29|0|179|1.5|19.3|315|32.4|42.7|0.00|0.13|43.4552|14.3503
21|30|0|90|0.0|19.3|315|32.7|42.6|0.00|0.13|43.4545|14.3503
21|31|0|90|1.5|19.3|315|32.9|42.5|0.00|0.13|43.4518|14.3503
21|32|0|90|1.6|19.3|315|32.6|42.3|0.00|0.13|43.4541|14.3503
21|33|0|90|1.6|19.3|315|32.5|42.2|0.00|0.13|43.4564|14.3503
21|34|0|90|1.5|19.3|315|32.5|42.1|0.00|0.13|43.4556|14.3503
21|35|0|90|1.6|19.3|315|32.5|42.0|0.00|0.13|43.4577|14.3503
21|37|0|90|1.5|19.3|315|32.8|41.9|0.00|0.13|43.458|13.4726
21|38|0|90|0.0|19.3|315|33.2|41.8|0.00|0.13|43.4568|14.1703
21|39|0|90|1.5|19.3|315|33.4|41.7|0.00|0.13|43.4562|14.1703
21|40|0|90|0.0|19.3|315|33.5|41.6|0.00|0.13|43.4559|14.1703
21|41|0|90|0.0|19.3|315|33.6|41.5|0.00|0.13|43.4563|14.1703
21|42|0|90|1.5|19.3|315|33.9|41.3|0.00|0.13|43.4539|14.1703
21|43|0|90|1.5|19.3|315|33.8|41.3|0.00|0.13|43.4542|14.1703
21|45|0|90|0.0|19.3|315|33.9|41.1|0.01|0.14|43.4573|14.1703
21|46|0|90|0.0|19.3|315|34.2|41.1|0.01|0.14|43.4562|14.8495
21|47|0|90|1.5|19.3|315|34.4|41.0|0.01|0.14|43.4552|14.8495
21|48|0|90|1.5|19.3|315|34.5|41.0|0.01|0.14|43.4566|14.8495
21|50|0|90|1.5|19.3|315|34.6|40.8|0.01|0.14|43.4566|13.9657
21|51|0|90|0.0|19.3|315|34.6|40.8|0.01|0.14|43.4573|13.9657
21|52|0|90|0.0|19.3|315|34.7|40.7|0.01|0.14|43.4585|13.9657
21|53|0|90|1.6|19.3|315|34.7|40.5|0.01|0.14|43.4586|13.9657
21|54|0|90|1.5|19.3|315|34.9|40.4|0.01|0.14|43.4588|13.9657
21|56|0|90|0.0|19.3|315|35.1|40.4|0.01|0.14|43.4607|14.6244
21|57|0|225|0.0|19.3|315|35.3|40.3|0.01|0.14|43.4602|14.6244
21|58|0|225|1.6|19.3|315|35.4|40.2|0.01|0.14|43.4612|14.6244
22|00|0|225|1.5|19.3|315|35.6|40.1|0.01|0.14|43.4589|14.6244
22|01|0|135|1.6|19.3|315|35.6|40.1|0.01|0.14|43.457|14.6244
22|02|0|90|1.5|19.3|315|35.6|40.1|0.01|0.14|43.4579|14.6244
22|03|0|90|1.5|19.3|315|35.5|40.0|0.01|0.14|43.4571|14.6244
22|05|0|90|0.0|19.3|315|35.6|40.0|0.01|0.14|43.4546|14.6244
22|06|0|90|1.5|19.3|315|35.8|39.9|0.01|0.14|43.455|13.7375
22|07|0|90|1.5|19.3|315|36.1|39.9|0.01|0.14|43.4552|14.377
22|08|0|90|1.5|19.3|315|36.1|39.9|0.01|0.14|43.4549|14.377
22|09|0|90|1.5|19.3|315|36.0|39.8|0.01|0.14|43.4558|14.377
22|11|0|90|0.0|19.3|315|36.3|39.8|0.01|0.14|43.4582|14.377
22|12|0|135|1.5|19.3|315|36.6|39.7|0.01|0.14|43.4558|14.377
22|13|0|135|1.5|19.3|315|36.8|39.7|0.01|0.14|43.4572|14.377
22|15|0|135|1.5|19.3|315|36.9|39.5|0.01|0.14|43.4577|14.377
22|16|0|135|1.5|19.3|315|37.0|39.4|0.01|0.14|43.4571|15.0008
22|17|0|135|1.5|19.3|315|37.1|39.4|0.01|0.14|43.4556|15.0008
22|18|0|135|0.0|19.3|315|37.2|39.3|0.01|0.14|43.4554|15.0008
22|19|0|135|0.0|19.3|315|37.2|39.2|0.01|0.14|43.4547|15.0008
22|20|0|135|0.0|19.3|315|37.4|39.2|0.01|0.14|43.4526|15.0008
22|21|0|135|1.6|19.3|315|37.4|39.1|0.01|0.14|43.4538|15.0008
22|22|0|180|1.5|19.3|315|37.8|39.0|0.01|0.14|43.4541|15.0008
22|23|0|180|1.5|19.3|315|37.9|39.0|0.01|0.14|43.4528|15.0008
22|24|0|180|0.0|19.3|315|38.0|38.9|0.01|0.14|43.4525|14.7146
22|25|0|180|0.0|19.3|315|38.1|38.9|0.01|0.14|43.4516|14.7146
22|26|0|90|1.6|19.3|315|38.2|38.7|0.01|0.14|43.4501|14.7146
22|28|0|90|2.9|19.3|315|38.7|38.5|0.01|0.14|43.4474|14.7146
22|30|0|90|1.5|19.3|315|39.0|38.4|0.01|0.14|43.4508|15.3069
22|31|0|90|1.5|19.3|315|39.2|38.3|0.01|0.14|43.4516|15.3069
22|32|0|90|1.5|19.3|315|39.7|38.2|0.01|0.14|43.4514|15.3069
22|33|0|90|1.6|19.3|315|40.0|38.1|0.01|0.14|43.4499|15.886
22|36|0|90|1.6|19.3|315|40.5|37.8|0.01|0.14|43.4476|14.9854
22|37|0|180|1.5|19.3|315|40.9|37.7|0.01|0.14|43.4486|14.9854
22|38|0|180|0.0|19.3|315|41.2|37.7|0.01|0.14|43.4491|15.5492
22|39|0|180|0.0|19.3|315|41.3|37.6|0.01|0.14|43.4458|15.5492
22|40|0|180|1.5|19.3|315|41.3|37.5|0.01|0.14|43.4478|15.5492
22|41|0|180|0.0|19.3|315|41.4|37.5|0.01|0.14|43.4486|15.5492
22|42|0|180|0.0|19.3|315|41.5|37.4|0.01|0.14|43.4505|15.5492
22|43|0|180|0.0|19.3|315|41.5|37.4|0.01|0.14|43.453|15.5492
22|44|0|180|1.6|19.3|315|41.6|37.4|0.01|0.14|43.4556|15.5492
22|45|0|180|0.0|19.3|315|41.8|37.4|0.00|0.14|43.4556|15.5492
22|46|0|180|0.0|19.3|315|42.0|37.4|0.00|0.14|43.4552|16.1009
22|47|0|180|0.0|19.3|315|42.0|37.4|0.00|0.14|43.4545|16.1009
22|48|0|180|1.6|19.3|315|42.0|37.3|0.00|0.14|43.4517|16.1009
22|49|0|180|0.0|19.3|315|42.0|37.3|0.00|0.14|43.4531|16.1009
22|50|0|180|0.0|19.3|315|41.9|37.3|0.00|0.14|43.4514|15.5492
22|51|0|180|1.6|19.3|315|41.8|37.3|0.00|0.14|43.4512|15.5492
22|52|0|180|0.0|19.3|315|41.9|37.3|0.00|0.14|43.4513|15.5492
22|53|0|180|0.0|19.3|315|42.0|37.3|0.00|0.14|43.4519|16.1009
22|55|0|180|0.0|19.3|315|42.2|37.2|0.00|0.14|43.451|16.1009
22|56|0|180|0.0|19.3|315|42.3|37.3|0.00|0.14|43.4525|16.1009
22|57|0|180|0.0|19.3|315|42.3|37.2|0.00|0.14|43.4489|16.1009
22|58|0|180|0.0|19.3|315|42.4|37.2|0.00|0.14|43.449|16.1009
22|59|0|180|0.0|19.3|315|42.4|37.2|0.00|0.14|43.4471|16.1009
23|00|0|180|0.0|19.3|315|42.5|37.2|0.00|0.14|43.4485|16.1009
23|01|0|180|0.0|19.3|315|42.5|37.2|0.00|0.14|43.4484|16.1009
23|02|0|180|0.0|19.3|315|42.6|37.2|0.00|0.14|43.4471|16.1009
23|03|0|180|0.0|19.3|315|42.8|37.2|0.00|0.14|43.4492|16.1009
23|04|0|180|0.0|19.3|315|42.8|37.1|0.00|0.14|43.4477|16.1009
23|05|0|180|0.0|19.3|315|42.7|37.1|0.00|0.14|43.4458|16.1009
23|06|0|180|0.0|19.3|315|42.8|37.1|0.00|0.14|43.4474|16.1009
23|07|0|180|1.6|19.3|315|42.8|37.2|0.00|0.14|43.4483|16.1009
23|08|0|90|1.5|19.3|315|42.8|37.2|0.00|0.14|43.4498|16.1009
23|09|0|90|1.5|19.3|315|42.8|37.1|0.00|0.14|43.4487|16.1009
23|10|0|90|0.0|19.3|315|42.7|37.1|0.00|0.14|43.4483|16.1009
23|11|0|179|1.5|19.3|315|42.8|37.1|0.00|0.14|43.4529|16.1009
23|13|0|90|0.0|19.3|315|42.9|37.0|0.00|0.14|43.4499|16.1009
23|14|0|90|0.0|19.3|315|42.9|37.0|0.00|0.14|43.4506|16.1009
23|15|0|90|0.0|19.3|315|42.7|37.0|0.00|0.14|43.4494|16.1009
23|16|0|90|1.6|19.3|315|42.9|37.0|0.00|0.14|43.4477|16.1009
23|17|0|90|0.0|19.3|315|43.1|36.8|0.00|0.14|43.4474|15.733
23|18|0|180|1.6|19.3|315|43.3|36.7|0.00|0.14|43.4466|15.733
23|19|0|180|1.5|19.3|315|43.6|36.7|0.00|0.14|43.4469|15.733
23|20|0|180|0.0|19.3|315|43.7|36.6|0.00|0.14|43.4476|15.733
23|21|0|180|0.0|19.3|315|43.7|36.6|0.00|0.14|43.4475|15.733
23|22|0|180|1.5|19.3|315|43.7|36.5|0.00|0.14|43.4463|15.733
23|23|0|90|1.6|19.3|315|44.0|36.5|0.00|0.14|43.446|16.2598
23|24|0|90|1.5|19.3|315|44.1|36.5|0.00|0.14|43.4467|16.2598
23|25|0|90|1.5|19.3|315|44.1|36.5|0.00|0.14|43.4473|16.2598
23|26|0|90|2.9|19.3|315|44.1|36.5|0.00|0.14|43.4475|16.2598
23|27|0|90|1.5|19.3|315|44.1|36.5|0.00|0.14|43.4486|16.2598
23|28|0|90|0.0|19.3|315|44.8|36.5|0.00|0.14|43.4501|16.2598
23|29|0|90|0.0|19.3|315|45.1|36.5|0.00|0.14|43.4512|16.776
23|30|0|90|0.0|19.3|315|44.8|36.4|0.00|0.14|43.451|16.2598
23|31|0|90|0.0|19.3|315|44.6|36.4|0.00|0.14|43.4497|16.2598
23|33|0|90|1.5|19.3|315|44.4|36.4|0.00|0.14|43.45|16.2598
23|34|0|90|1.5|19.3|315|44.4|36.4|0.00|0.14|43.4473|16.2598
23|35|0|90|0.0|19.3|315|44.4|36.3|0.00|0.14|43.4474|16.2598
23|36|0|90|0.0|19.3|315|44.4|36.3|0.00|0.14|43.4476|16.2598
23|37|0|90|1.5|19.3|315|44.4|36.3|0.00|0.14|43.4491|16.2598
23|38|0|90|0.0|19.3|315|44.4|36.2|0.00|0.14|43.4473|16.2598
23|39|0|180|1.6|19.3|315|44.5|36.0|0.00|0.14|43.4474|16.2598
23|40|0|225|1.5|19.3|315|44.7|36.0|0.00|0.14|43.449|16.2598
23|41|0|225|1.5|19.3|315|44.8|36.0|0.00|0.14|43.4493|16.2598
23|42|0|225|1.5|19.3|315|44.9|35.9|0.00|0.14|43.4485|15.3491
23|43|0|225|1.5|19.3|315|44.7|35.9|0.00|0.14|43.4495|15.3491
23|44|0|225|0.0|19.3|315|44.6|35.8|0.00|0.14|43.4494|15.3491
23|45|0|225|1.5|19.3|315|44.7|35.8|0.00|0.14|43.4519|15.3491
23|46|0|225|1.5|19.3|315|45.1|35.8|0.00|0.14|43.4486|15.8631
23|47|0|225|1.6|19.3|315|45.3|35.7|0.00|0.14|43.447|15.8631
23|48|0|225|0.0|19.3|315|45.3|35.7|0.00|0.14|43.446|15.8631
23|49|0|225|1.5|19.3|315|45.4|35.7|0.00|0.14|43.4462|15.8631
23|50|0|225|1.5|19.3|315|45.4|35.7|0.00|0.14|43.4474|15.8631
23|52|0|225|1.6|19.3|315|45.5|35.6|0.00|0.14|43.4445|15.8631
23|53|0|225|1.5|19.3|315|45.8|35.5|0.00|0.14|43.4455|15.8631
23|54|0|225|0.0|19.3|315|45.8|35.5|0.00|0.14|43.4448|15.8631
23|55|0|225|0.0|19.3|315|45.7|35.4|0.00|0.14|43.4466|15.8631
23|56|0|225|0.0|19.3|315|45.6|35.4|0.00|0.14|43.4446|15.8631
23|57|0|225|0.0|19.3|315|45.6|35.4|0.00|0.14|43.4455|15.8631
23|58|0|225|0.0|19.3|315|45.9|35.4|0.00|0.14|43.4467|15.8631
23|59|0|225|0.0|19.3|315|46.1|35.3|0.00|0.14|43.4475|16.367
