00|00|0|135|0.0|3.2|270|75.5|26.7|0.03|0.07|43.9091|19.195
00|01|0|135|0.0|3.2|270|75.1|26.7|0.03|0.07|43.9095|19.195
00|02|0|135|0.0|3.2|270|74.8|26.7|0.03|0.07|43.9078|18.8828
00|04|0|135|0.0|3.2|270|74.4|26.6|0.03|0.07|43.9075|18.8828
00|05|0|135|0.0|3.2|270|74.3|26.5|0.03|0.07|43.907|18.8828
00|06|0|135|0.0|3.2|270|74.3|26.5|0.02|0.07|43.9078|18.8828
00|07|0|135|0.0|3.2|270|74.3|26.4|0.02|0.07|43.9082|18.8828
00|08|0|135|0.0|3.2|270|74.5|26.4|0.02|0.07|43.9075|18.8828
00|09|0|135|0.0|3.2|270|74.6|26.4|0.02|0.07|43.9088|18.8828
00|10|0|135|0.0|3.2|270|74.8|26.3|0.02|0.07|43.9082|18.8828
00|11|0|135|0.0|3.2|270|75.0|26.1|0.02|0.07|43.909|19.195
00|12|0|135|0.0|3.2|270|75.1|26.1|0.02|0.07|43.9097|19.195
00|13|0|135|0.0|3.2|270|75.1|26.1|0.02|0.07|43.9106|19.195
00|14|0|135|0.0|3.2|270|75.0|26.0|0.02|0.07|43.9108|19.195
00|15|0|135|0.0|3.2|270|74.9|26.0|0.02|0.07|43.9105|18.8828
00|16|0|135|0.0|3.2|270|75.0|25.9|0.02|0.07|43.9086|18.227
00|18|0|135|0.0|3.2|270|75.1|25.8|0.02|0.07|43.9088|18.227
00|19|0|135|0.0|3.2|270|75.0|25.7|0.02|0.07|43.9066|18.227
00|22|0|135|0.0|3.2|270|75.3|25.7|0.02|0.07|43.9082|18.227
00|23|0|135|0.0|3.2|270|75.5|25.6|0.02|0.07|43.9078|18.227
00|24|0|135|0.0|3.2|270|75.8|25.5|0.02|0.07|43.9052|18.227
00|25|0|135|0.0|3.2|270|76.1|25.5|0.02|0.07|43.9061|18.5341
00|26|0|135|0.0|3.2|270|76.4|25.5|0.02|0.07|43.9057|18.5341
00|27|0|135|1.5|3.2|270|76.7|25.5|0.02|0.07|43.9036|18.5341
00|28|0|135|1.5|3.2|270|76.7|25.5|0.02|0.07|43.9041|18.5341
00|29|0|135|1.6|3.2|270|76.6|25.5|0.02|0.07|43.9032|18.5341
00|30|0|135|0.0|3.2|270|76.5|25.4|0.02|0.07|43.9021|18.5341
00|31|0|135|0.0|3.2|270|76.2|25.4|0.02|0.07|43.903|18.5341
00|32|0|135|0.0|3.2|270|76.0|25.2|0.02|0.07|43.901|18.5341
00|33|0|135|1.5|3.2|270|75.8|25.2|0.02|0.07|43.9027|18.227
00|35|0|135|0.0|3.2|270|75.9|25.1|0.00|0.07|43.9012|18.227
00|36|0|135|1.5|3.2|270|76.1|25.1|0.00|0.07|43.8995|18.5341
00|37|0|135|0.0|3.2|270|76.1|25.0|0.00|0.07|43.9009|18.5341
00|38|0|135|0.0|3.2|270|76.0|25.0|0.01|0.08|43.9001|18.5341
00|40|0|135|0.0|3.2|270|76.1|24.9|0.02|0.09|43.9011|17.5646
00|41|0|135|0.0|3.2|270|76.3|24.9|0.02|0.09|43.9009|17.5646
00|42|0|135|1.5|3.2|270|76.5|24.8|0.02|0.09|43.8996|17.5646
00|44|0|135|0.0|3.2|270|76.6|24.8|0.02|0.09|43.8992|17.5646
00|45|0|135|1.5|3.2|270|76.8|24.7|0.02|0.09|43.8984|17.5646
00|46|0|135|0.0|3.2|270|77.1|24.7|0.02|0.09|43.8986|17.8666
00|47|0|135|1.5|3.2|270|77.4|24.7|0.02|0.09|43.8973|17.8666
00|48|0|135|1.6|3.2|270|77.5|24.6|0.02|0.09|43.8967|17.8666
00|49|0|135|1.5|3.2|270|77.7|24.6|0.02|0.09|43.8942|17.8666
00|50|0|135|1.5|3.2|270|77.7|24.6|0.02|0.09|43.8931|17.8666
00|51|0|135|1.5|3.2|270|77.6|24.6|0.02|0.09|43.8935|17.8666
00|52|0|135|0.0|3.2|270|77.5|24.5|0.02|0.09|43.8924|17.8666
00|53|0|135|0.0|3.2|270|77.4|24.5|0.02|0.09|43.8892|17.8666
00|54|0|135|0.0|3.2|270|77.3|24.5|0.02|0.09|43.8891|17.8666
00|55|0|135|0.0|3.2|270|77.2|24.3|0.02|0.09|43.8884|17.8666
00|56|0|135|0.0|3.2|270|77.0|24.3|0.02|0.09|43.8878|17.8666
00|57|0|135|0.0|3.2|270|77.0|24.3|0.02|0.09|43.8901|17.8666
00|58|0|135|0.0|3.2|270|76.9|24.3|0.02|0.09|43.8895|17.5646
00|59|0|135|0.0|3.2|270|77.1|24.3|0.02|0.09|43.8901|17.8666
01|00|0|135|0.0|3.2|270|77.4|24.2|0.02|0.09|43.8885|17.8666
01|01|0|135|0.0|3.2|270|77.6|24.2|0.02|0.09|43.8873|17.8666
01|03|0|135|0.0|3.2|270|78.0|24.2|0.02|0.09|43.888|18.1652
01|04|0|135|0.0|3.2|270|78.5|24.3|0.02|0.09|43.8889|18.1652
01|05|0|135|0.0|3.2|270|78.7|24.3|0.02|0.09|43.8886|18.1652
01|06|0|135|0.0|3.2|270|78.6|24.2|0.02|0.09|43.8884|18.1652
01|07|0|135|1.5|3.2|270|78.7|24.3|0.02|0.09|43.8883|18.1652
01|08|0|135|0.0|3.2|270|78.6|24.3|0.02|0.09|43.8899|18.1652
01|09|0|135|1.5|3.2|270|78.8|24.3|0.02|0.09|43.8881|18.1652
01|10|0|135|1.5|3.2|270|79.0|24.2|0.02|0.09|43.8858|18.4604
01|11|0|135|0.0|3.2|270|78.9|24.2|0.02|0.09|43.8853|18.1652
01|12|0|135|0.0|3.2|270|78.8|24.2|0.02|0.09|43.8856|18.1652
01|13|0|135|1.5|3.2|270|78.8|24.2|0.02|0.09|43.8843|18.1652
01|14|0|135|0.0|3.2|270|78.8|24.2|0.02|0.09|43.8837|18.1652
01|15|0|135|0.0|3.2|270|78.4|24.2|0.02|0.09|43.8841|18.1652
01|16|0|135|0.0|3.2|270|78.1|24.2|0.02|0.09|43.8849|18.1652
01|17|0|135|0.0|3.2|270|77.9|24.1|0.02|0.09|43.8824|17.8666
01|18|0|135|0.0|3.2|270|77.9|24.1|0.02|0.09|43.8818|17.8666
01|20|0|135|0.0|3.2|270|77.7|24.1|0.02|0.09|43.8819|17.8666
01|21|0|135|0.0|3.2|270|78.2|24.1|0.02|0.09|43.8835|18.1652
01|22|0|135|1.5|3.2|270|79.0|24.1|0.02|0.09|43.8822|18.4604
01|23|0|135|1.6|3.2|270|79.4|24.0|0.02|0.09|43.8819|18.4604
01|25|0|135|1.5|3.2|270|79.7|24.0|0.02|0.09|43.882|18.4604
01|26|0|135|1.5|3.2|270|80.0|24.0|0.02|0.09|43.8836|18.7523
01|28|0|135|3.2|3.2|270|80.0|24.0|0.02|0.09|43.8806|18.7523
01|29|0|135|1.5|3.2|270|80.0|24.0|0.02|0.09|43.881|18.7523
01|30|0|135|0.0|3.2|270|79.9|24.0|0.02|0.09|43.8804|18.4604
01|31|0|135|0.0|3.2|270|79.9|24.0|0.02|0.09|43.8802|18.4604
01|32|0|135|0.0|3.2|270|79.8|24.0|0.02|0.09|43.8809|18.4604
01|33|0|135|1.5|3.2|270|79.6|24.0|0.02|0.09|43.8804|18.4604
01|34|0|135|1.5|3.2|270|79.5|24.1|0.02|0.09|43.8815|18.4604
01|35|0|135|1.6|3.2|270|79.5|24.1|0.02|0.09|43.8821|18.4604
01|36|0|135|1.5|3.2|270|79.6|24.1|0.03|0.10|43.8817|18.4604
01|38|0|135|1.5|3.2|270|79.6|24.1|0.02|0.10|43.8808|18.4604
01|38|0|135|1.5|3.2|270|79.7|24.1|0.01|0.10|43.8815|18.4604
01|39|0|135|1.5|3.2|270|79.7|24.1|0.01|0.10|43.8795|18.4604
01|40|0|135|0.0|3.2|270|79.5|24.2|0.01|0.10|43.879|18.4604
01|42|0|135|0.0|3.2|270|79.2|24.2|0.01|0.10|43.8796|18.4604
01|43|0|135|0.0|3.2|270|78.8|24.2|0.01|0.10|43.8819|18.1652
01|44|0|135|0.0|3.2|270|78.6|24.2|0.01|0.10|43.8813|18.1652
01|45|0|135|0.0|3.2|270|78.6|24.2|0.01|0.10|43.8808|18.1652
01|46|0|135|0.0|3.2|270|78.7|24.2|0.01|0.10|43.8829|18.1652
01|47|0|135|0.0|3.2|270|78.7|24.2|0.01|0.10|43.881|18.1652
01|49|0|135|0.0|3.2|270|78.4|24.2|0.01|0.10|43.8804|18.1652
01|51|0|135|0.0|3.2|270|78.1|24.2|0.01|0.10|43.88|18.1652
01|52|0|135|0.0|3.2|270|78.5|24.2|0.01|0.10|43.8803|18.1652
01|53|0|135|0.0|3.2|270|78.9|24.1|0.01|0.10|43.8804|18.1652
01|54|0|135|0.0|3.2|270|79.4|24.1|0.01|0.10|43.881|18.4604
01|55|0|135|1.5|3.2|270|79.6|24.1|0.01|0.10|43.8811|18.4604
01|56|0|135|0.0|3.2|270|79.6|24.2|0.01|0.10|43.8834|18.4604
01|57|0|135|0.0|3.2|270|79.4|24.1|0.01|0.10|43.8843|18.4604
01|58|0|135|0.0|3.2|270|79.3|24.1|0.01|0.10|43.8817|18.4604
01|59|0|135|1.5|3.2|270|79.5|24.1|0.01|0.10|43.8809|18.4604
02|00|0|135|0.0|3.2|270|79.6|24.1|0.01|0.10|43.883|18.4604
02|01|0|135|0.0|3.2|270|79.7|24.1|0.01|0.10|43.8822|18.4604
02|02|0|135|0.0|3.2|270|79.6|24.1|0.01|0.10|43.8825|18.4604
02|04|0|135|0.0|3.2|270|79.3|24.1|0.01|0.10|43.8835|18.4604
02|05|0|135|0.0|3.2|270|79.0|24.1|0.01|0.10|43.8837|18.4604
02|06|0|135|0.0|3.2|270|78.6|24.0|0.01|0.10|43.8805|18.1652
02|07|0|135|0.0|3.2|270|78.3|23.9|0.01|0.10|43.8811|17.1928
02|08|0|135|0.0|3.2|270|78.0|23.9|0.01|0.10|43.8827|17.1928
02|09|0|135|0.0|3.2|270|77.8|23.9|0.01|0.10|43.8809|16.8956
02|10|0|135|1.5|3.2|270|77.6|23.9|0.01|0.10|43.8822|16.8956
02|12|0|135|0.0|3.2|270|77.6|23.8|0.01|0.10|43.8808|16.8956
02|12|0|135|0.0|3.2|270|77.7|23.8|0.01|0.10|43.8834|16.8956
02|13|0|135|0.0|3.2|270|77.6|23.7|0.01|0.10|43.8805|16.8956
02|14|0|135|0.0|3.2|270|77.6|23.7|0.01|0.10|43.8819|16.8956
02|15|0|135|0.0|3.2|270|77.6|23.6|0.01|0.10|43.881|16.8956
02|16|0|135|0.0|3.2|270|77.7|23.5|0.01|0.10|43.8795|16.8956
02|17|0|135|0.0|3.2|270|77.9|23.5|0.01|0.10|43.8821|16.8956
02|19|0|135|1.5|3.2|270|78.1|23.3|0.01|0.10|43.8804|17.1928
02|20|0|135|1.5|3.2|270|78.4|23.3|0.01|0.10|43.8801|17.1928
02|21|0|135|0.0|3.2|270|78.6|23.2|0.01|0.10|43.8824|17.1928
02|22|0|135|1.5|3.2|270|78.6|23.2|0.01|0.10|43.8806|17.1928
02|23|0|135|0.0|3.2|270|78.6|23.2|0.01|0.10|43.8811|17.1928
02|24|0|135|1.6|3.2|270|78.5|23.1|0.01|0.10|43.8808|17.1928
02|25|0|135|1.5|3.2|270|78.4|23.1|0.01|0.10|43.8783|17.1928
02|26|0|135|0.0|3.2|270|78.3|23.1|0.01|0.10|43.8796|17.1928
02|27|0|135|1.5|3.2|270|78.2|23.0|0.01|0.10|43.8794|17.1928
02|28|0|135|1.5|3.2|270|78.2|23.0|0.01|0.10|43.8783|17.1928
02|29|0|135|0.0|3.2|270|78.3|23.0|0.01|0.10|43.877|17.1928
02|30|0|135|0.0|3.2|270|78.5|23.0|0.01|0.10|43.877|17.1928
02|31|0|135|0.0|3.2|270|78.7|22.9|0.01|0.10|43.8751|16.2204
02|32|0|135|0.0|3.2|270|78.8|22.9|0.01|0.10|43.8744|16.2204
02|33|0|135|0.0|3.2|270|79.0|22.9|0.01|0.10|43.8768|16.5128
02|34|0|135|0.0|3.2|270|79.1|23.0|0.01|0.10|43.8774|17.4866
02|35|0|135|0.0|3.2|270|79.2|23.0|0.00|0.10|43.8808|17.4866
02|36|0|135|1.6|3.2|270|79.6|23.0|0.00|0.10|43.881|17.4866
02|37|0|135|0.0|3.2|270|79.9|23.0|0.00|0.10|43.8817|17.4866
02|38|0|135|1.5|3.2|270|80.1|23.0|0.00|0.10|43.8826|17.7772
02|40|0|135|0.0|3.2|270|80.0|23.0|0.00|0.10|43.8854|17.7772
02|41|0|135|0.0|3.2|270|80.1|23.0|0.00|0.10|43.8845|17.7772
02|42|0|135|0.0|3.2|270|80.2|23.0|0.00|0.10|43.885|17.7772
02|43|0|135|1.6|3.2|270|80.1|23.0|0.00|0.10|43.885|17.7772
02|44|0|135|0.0|3.2|270|80.2|23.0|0.00|0.10|43.8843|17.7772
02|45|0|135|1.6|3.2|270|80.6|22.9|0.00|0.10|43.8836|16.802
02|46|0|135|0.0|3.2|270|80.7|22.9|0.00|0.10|43.8836|16.802
02|47|0|90|2.9|3.2|270|80.8|22.9|0.00|0.10|43.8834|16.802
02|48|0|90|3.2|4.4|90|81.2|22.9|0.00|0.10|43.8853|17.0879
02|49|0|90|2.9|4.4|90|81.4|22.9|0.00|0.10|43.8864|17.0879
02|50|0|90|2.9|4.4|90|81.6|22.8|0.00|0.10|43.8837|17.0879
02|51|0|90|1.5|4.4|90|82.0|22.9|0.00|0.10|43.8836|17.3708
02|52|0|90|1.5|4.4|90|82.1|22.9|0.00|0.10|43.8858|17.3708
02|53|0|90|0.0|4.4|90|81.9|22.9|0.00|0.10|43.8859|17.0879
02|54|0|90|0.0|4.4|90|81.7|22.9|0.00|0.10|43.884|17.0879
02|56|0|90|0.0|4.4|90|81.0|23.0|0.00|0.10|43.8849|18.0645
02|57|0|225|1.5|4.4|90|80.7|22.9|0.00|0.10|43.8826|16.802
02|58|0|225|1.5|4.4|90|80.4|23.0|0.00|0.10|43.8836|17.7772
03|00|0|225|1.5|4.4|90|80.1|22.9|0.00|0.10|43.8817|16.802
03|02|0|225|1.5|4.4|90|79.8|22.9|0.00|0.10|43.8829|16.5128
03|03|0|225|0.0|4.4|90|79.7|22.9|0.00|0.10|43.8813|16.5128
03|04|0|225|0.0|4.4|90|79.5|22.9|0.00|0.10|43.8808|16.5128
03|05|0|225|1.5|4.4|90|79.4|22.8|0.00|0.10|43.8795|16.5128
03|06|0|225|1.6|4.4|90|79.4|22.8|0.00|0.10|43.8794|16.5128
03|07|0|225|0.0|4.4|90|79.4|22.7|0.01|0.11|43.8774|16.5128
03|08|0|225|0.0|4.4|90|79.4|22.7|0.01|0.11|43.8778|16.5128
03|09|0|225|0.0|4.4|90|79.3|22.7|0.01|0.11|43.8801|16.5128
03|10|0|225|0.0|4.4|90|79.3|22.7|0.01|0.11|43.8789|16.5128
03|11|0|225|0.0|4.4|90|79.3|22.5|0.01|0.11|43.8774|16.5128
03|12|0|225|0.0|4.4|90|79.3|22.7|0.01|0.11|43.8809|16.5128
03|13|0|225|0.0|4.4|90|79.4|22.5|0.01|0.11|43.878|16.5128
03|14|0|225|0.0|4.4|90|79.4|22.5|0.01|0.11|43.8756|16.5128
03|15|0|225|0.0|4.4|90|79.4|22.4|0.01|0.11|43.876|16.5128
03|16|0|225|0.0|4.4|90|79.5|22.5|0.01|0.11|43.877|16.5128
03|17|0|225|0.0|4.4|90|79.8|22.4|0.01|0.11|43.8749|16.5128
03|18|0|225|0.0|4.4|90|80.3|22.4|0.02|0.12|43.8739|16.802
03|20|0|225|0.0|4.4|90|80.8|22.4|0.02|0.12|43.8749|16.802
03|21|0|225|0.0|4.4|90|81.2|22.4|0.02|0.12|43.8742|17.0879
03|22|0|225|0.0|4.4|90|81.2|22.4|0.02|0.12|43.8747|17.0879
03|23|0|225|0.0|4.4|90|81.1|22.4|0.02|0.12|43.8754|17.0879
03|24|0|225|0.0|4.4|90|81.1|22.4|0.02|0.12|43.8747|17.0879
03|25|0|225|0.0|4.4|90|81.0|22.4|0.02|0.12|43.8739|17.0879
03|26|0|225|0.0|4.4|90|81.0|22.3|0.02|0.12|43.8739|17.0879
03|27|0|225|0.0|4.4|90|81.1|22.3|0.02|0.12|43.8745|17.0879
03|28|0|225|0.0|4.4|90|81.2|22.3|0.02|0.12|43.8723|17.0879
03|29|0|225|0.0|4.4|90|81.1|22.3|0.02|0.12|43.8726|17.0879
03|30|0|225|0.0|4.4|90|81.0|22.3|0.02|0.12|43.8725|17.0879
03|31|0|225|0.0|4.4|90|80.7|22.2|0.02|0.12|43.871|16.802
03|32|0|225|1.5|4.4|90|80.5|22.2|0.02|0.12|43.8732|16.802
03|33|0|225|0.0|4.4|90|80.2|22.2|0.02|0.12|43.8725|16.802
03|34|0|225|0.0|4.4|90|80.1|22.2|0.02|0.12|43.8726|16.802
03|35|0|225|0.0|4.4|90|80.1|22.1|0.03|0.13|43.8721|16.802
03|36|0|225|0.0|4.4|90|80.3|22.1|0.03|0.13|43.8699|16.802
03|37|0|225|0.0|4.4|90|80.6|22.0|0.03|0.13|43.8709|16.802
03|38|0|225|0.0|4.4|90|80.9|22.0|0.03|0.13|43.8688|16.802
03|40|0|225|0.0|4.4|90|81.1|22.0|0.03|0.13|43.8714|17.0879
03|41|0|225|0.0|4.4|90|81.2|21.9|0.03|0.13|43.8685|16.1113
03|42|0|225|1.5|4.4|90|81.3|21.9|0.03|0.13|43.8678|16.1113
03|44|0|180|1.5|4.4|90|82.2|21.9|0.03|0.13|43.8688|16.3928
03|45|0|180|1.5|4.4|90|82.4|21.9|0.03|0.13|43.8664|16.3928
03|46|0|225|1.6|4.4|90|82.4|21.9|0.03|0.13|43.8673|16.3928
03|47|0|225|1.5|4.4|90|82.3|21.9|0.03|0.13|43.8685|16.3928
03|48|0|225|0.0|4.4|90|82.2|21.9|0.03|0.13|43.8667|16.3928
03|49|0|225|0.0|4.4|90|82.1|21.9|0.03|0.13|43.8671|16.3928
03|50|0|225|0.0|4.4|90|82.1|22.0|0.03|0.13|43.8667|17.3708
03|51|0|225|0.0|4.4|90|82.1|22.0|0.03|0.13|43.8662|17.3708
03|53|0|225|1.5|4.4|90|81.9|22.0|0.03|0.13|43.8658|17.0879
03|54|0|225|0.0|4.4|90|81.8|21.9|0.03|0.13|43.8629|16.1113
03|55|0|45|1.5|4.4|90|81.8|22.0|0.03|0.13|43.8638|17.0879
03|56|0|45|1.5|4.4|90|81.9|21.9|0.03|0.13|43.8606|16.1113
03|57|0|135|0.0|4.4|90|82.0|21.9|0.03|0.13|43.8608|16.3928
03|58|0|135|0.0|4.4|90|81.9|21.9|0.03|0.13|43.859|16.1113
03|59|0|135|0.0|4.4|90|81.8|21.9|0.03|0.13|43.8574|16.1113
04|00|0|135|0.0|4.4|90|81.9|21.9|0.03|0.13|43.858|16.1113
04|02|0|135|0.0|4.4|90|82.0|21.9|0.03|0.13|43.8572|16.3928
04|03|0|135|0.0|4.4|90|82.3|21.9|0.03|0.13|43.8562|16.3928
04|04|0|135|0.0|4.4|90|82.6|21.9|0.03|0.13|43.8562|16.3928
04|05|0|135|0.0|4.4|90|83.0|22.0|0.03|0.13|43.8578|17.6506
04|06|0|90|0.0|4.4|90|83.1|22.0|0.03|0.13|43.8585|17.6506
04|07|0|45|1.5|4.4|90|83.1|22.0|0.02|0.13|43.8574|17.6506
04|08|0|45|0.0|4.4|90|83.0|22.1|0.02|0.13|43.8604|17.6506
04|09|0|45|1.5|4.4|90|83.0|22.1|0.02|0.13|43.8588|17.6506
04|10|0|45|0.0|4.4|90|83.2|22.1|0.02|0.13|43.8604|17.6506
04|11|0|45|1.6|4.4|90|83.4|22.2|0.03|0.14|43.8609|17.6506
04|12|0|45|1.5|4.4|90|83.4|22.2|0.03|0.14|43.8606|17.6506
04|13|0|45|1.5|4.4|90|83.4|22.3|0.03|0.14|43.8624|17.6506
04|14|0|45|1.5|4.4|90|83.2|22.3|0.03|0.14|43.8618|17.6506
04|15|0|45|0.0|4.4|90|82.9|22.3|0.03|0.14|43.8614|17.3708
04|16|0|45|1.5|4.4|90|82.5|22.4|0.03|0.14|43.8637|17.3708
04|17|0|45|0.0|4.4|90|82.1|22.4|0.03|0.14|43.8638|17.3708
04|18|0|45|0.0|4.4|90|81.8|22.4|0.02|0.14|43.8619|17.0879
04|19|0|45|0.0|4.4|90|81.5|22.4|0.02|0.14|43.8644|17.0879
04|20|0|45|1.6|4.4|90|81.4|22.5|0.02|0.14|43.8679|17.0879
04|21|0|45|1.5|4.4|90|81.1|22.5|0.02|0.14|43.8682|17.0879
04|23|0|45|1.5|4.4|90|80.8|22.4|0.02|0.14|43.8678|16.802
04|24|0|45|1.5|4.4|90|80.5|22.4|0.02|0.14|43.8684|16.802
04|25|0|45|1.5|4.4|90|80.3|22.4|0.02|0.14|43.8679|16.802
04|26|0|45|1.5|4.4|90|80.2|22.5|0.02|0.14|43.8684|16.802
04|27|0|45|1.5|4.4|90|80.3|22.5|0.02|0.14|43.8673|16.802
04|28|0|45|0.0|4.4|90|80.5|22.5|0.02|0.14|43.8669|16.802
04|29|0|45|1.6|4.4|90|80.7|22.5|0.02|0.14|43.8676|16.802
04|30|0|45|0.0|4.4|90|81.0|22.7|0.02|0.14|43.8689|17.0879
04|31|0|45|0.0|4.4|90|81.2|22.7|0.02|0.14|43.8704|17.0879
04|32|0|45|0.0|4.4|90|81.4|22.7|0.02|0.14|43.8709|17.0879
04|33|0|45|0.0|4.4|90|81.4|22.8|0.02|0.14|43.8707|17.0879
04|34|0|45|1.6|4.4|90|81.3|22.8|0.02|0.15|43.872|17.0879
04|35|0|45|1.5|4.4|90|81.2|22.8|0.02|0.15|43.8716|17.0879
04|36|0|45|0.0|4.4|90|81.2|22.9|0.02|0.15|43.8731|17.0879
04|37|0|45|0.0|4.4|90|81.1|22.9|0.02|0.15|43.8737|17.0879
04|38|0|45|0.0|4.4|90|81.0|22.9|0.02|0.15|43.8751|17.0879
04|39|0|45|0.0|4.4|90|80.8|22.9|0.02|0.15|43.8744|16.802
04|40|0|45|0.0|4.4|90|80.7|22.9|0.02|0.15|43.8758|16.802
04|42|0|45|1.5|4.4|90|80.2|23.0|0.02|0.15|43.8754|17.7772
04|44|0|45|2.9|4.4|90|79.7|22.9|0.02|0.15|43.8747|16.5128
04|45|0|225|1.5|4.4|90|78.9|22.9|0.02|0.15|43.8731|16.2204
04|46|0|225|1.5|4.4|90|78.4|22.9|0.02|0.15|43.8737|16.2204
04|48|0|225|2.9|4.4|90|78.1|22.8|0.02|0.15|43.8691|16.2204
04|49|0|225|2.9|4.4|90|78.1|22.7|0.02|0.15|43.8665|16.2204
04|50|0|225|3.2|4.4|90|78.1|22.5|0.02|0.15|43.8622|16.2204
04|51|0|225|2.9|4.4|90|78.2|22.4|0.02|0.15|43.8645|16.2204
04|52|0|225|2.9|4.4|90|78.4|22.3|0.02|0.15|43.8636|16.2204
04|53|0|225|1.5|4.4|90|78.8|22.3|0.02|0.15|43.8665|16.2204
04|54|0|225|1.5|4.4|90|79.1|22.2|0.02|0.15|43.8666|16.5128
04|55|0|225|0.0|4.4|90|79.3|22.2|0.02|0.15|43.8672|16.5128
04|56|0|225|1.6|4.4|90|79.5|22.2|0.02|0.15|43.8652|16.5128
04|57|0|270|0.0|4.4|90|79.9|22.2|0.02|0.15|43.8667|16.5128
04|58|0|270|1.5|4.4|90|80.2|22.1|0.02|0.15|43.8656|16.802
04|59|0|270|1.5|4.4|90|80.5|22.1|0.02|0.15|43.8666|16.802
05|00|0|315|1.5|4.4|90|80.5|22.1|0.02|0.15|43.8699|16.802
05|01|0|315|2.9|4.4|90|80.2|22.0|0.02|0.15|43.8697|16.802
05|02|0|315|1.5|4.4|90|80.2|22.0|0.02|0.15|43.8696|16.802
05|04|0|315|0.0|4.4|90|80.3|22.0|0.02|0.15|43.8696|16.802
05|05|0|315|1.5|4.4|90|80.4|22.0|0.02|0.15|43.8689|16.802
05|06|0|315|0.0|4.4|90|80.6|21.9|0.02|0.15|43.8676|15.8267
05|07|0|315|0.0|4.4|90|80.8|22.0|0.02|0.15|43.8682|16.802
05|08|0|315|0.0|4.4|90|81.1|21.9|0.02|0.15|43.8657|16.1113
05|09|0|315|1.5|4.4|90|81.4|22.0|0.02|0.15|43.8672|17.0879
05|10|0|315|0.0|4.4|90|81.5|22.0|0.02|0.15|43.8691|17.0879
05|11|0|315|0.0|4.4|90|81.3|22.0|0.01|0.15|43.8683|17.0879
05|12|0|315|1.5|4.4|90|81.2|22.0|0.01|0.15|43.8691|17.0879
05|13|0|315|1.5|4.4|90|81.1|22.0|0.01|0.15|43.8698|17.0879
05|14|0|315|1.6|4.4|90|80.9|22.0|0.01|0.15|43.8693|16.802
05|15|0|315|0.0|4.4|90|80.7|21.9|0.01|0.15|43.8712|15.8267
05|16|0|315|0.0|4.4|90|80.9|21.9|0.01|0.15|43.8707|15.8267
05|17|0|270|2.9|4.4|90|81.1|21.9|0.01|0.15|43.8705|16.1113
05|18|0|270|1.5|4.4|90|81.4|21.9|0.01|0.15|43.8705|16.1113
05|19|0|270|1.5|4.4|90|81.5|21.9|0.01|0.15|43.8701|16.1113
05|20|0|270|0.0|4.4|90|81.4|21.9|0.01|0.15|43.8672|16.1113
05|21|0|270|1.5|4.4|90|81.4|21.9|0.01|0.15|43.8677|16.1113
05|22|0|270|1.5|4.4|90|81.9|21.9|0.01|0.15|43.8704|16.1113
05|25|0|180|0.0|4.4|90|81.9|21.9|0.01|0.15|43.8705|16.1113
05|26|0|180|1.6|4.4|90|81.9|21.9|0.01|0.15|43.8724|16.1113
05|27|0|180|1.5|4.4|90|82.0|21.8|0.01|0.15|43.8738|16.3928
05|28|0|180|1.5|4.4|90|82.2|21.8|0.01|0.15|43.8742|16.3928
05|29|0|180|1.5|4.4|90|82.3|21.8|0.01|0.15|43.8765|16.3928
05|30|0|180|1.6|4.4|90|82.4|21.8|0.01|0.15|43.8754|16.3928
05|31|0|315|1.5|4.4|90|82.4|21.8|0.01|0.15|43.8758|16.3928
05|32|0|315|1.5|4.4|90|82.2|21.8|0.01|0.15|43.8756|16.3928
05|33|0|315|1.5|4.4|90|82.0|21.6|0.01|0.15|43.8733|16.3928
05|34|0|315|1.5|4.4|90|81.9|21.6|0.00|0.15|43.8735|16.1113
05|35|0|315|1.5|4.4|90|82.0|21.5|0.00|0.15|43.8731|16.3928
05|36|0|315|0.0|4.4|90|82.3|21.5|0.00|0.15|43.8728|16.3928
05|38|0|315|0.0|4.4|90|82.4|21.5|0.00|0.15|43.8714|16.3928
05|39|0|315|0.0|4.4|90|82.4|21.5|0.00|0.15|43.8729|16.3928
05|40|0|315|0.0|4.4|90|82.5|21.5|0.00|0.15|43.8717|16.3928
05|41|0|315|0.0|4.4|90|82.7|21.5|0.00|0.15|43.8707|16.3928
05|42|0|315|0.0|4.4|90|82.8|21.6|0.00|0.15|43.8731|16.3928
05|43|0|315|0.0|4.4|90|82.9|21.6|0.00|0.15|43.8699|16.3928
05|45|0|315|0.0|4.4|90|82.9|21.6|0.00|0.15|43.8699|16.3928
05|46|0|315|0.0|4.4|90|82.8|21.6|0.00|0.15|43.8688|16.3928
05|47|0|315|0.0|4.4|90|82.7|21.8|0.00|0.15|43.8697|16.3928
05|48|0|315|0.0|4.4|90|82.7|21.8|0.00|0.15|43.8697|16.3928
05|49|0|315|0.0|4.4|90|82.6|21.8|0.00|0.15|43.8704|16.3928
05|50|0|315|0.0|4.4|90|82.5|21.8|0.00|0.15|43.8704|16.3928
05|51|0|315|0.0|4.4|90|82.3|21.8|0.00|0.15|43.8707|16.3928
05|52|0|315|0.0|4.4|90|82.2|21.8|0.00|0.15|43.8703|16.3928
05|53|0|315|0.0|4.4|90|82.0|21.8|0.00|0.15|43.8708|16.3928
05|54|0|315|0.0|4.4|90|81.9|21.8|0.00|0.15|43.8688|16.1113
05|55|0|315|0.0|4.4|90|82.2|21.8|0.00|0.15|43.8697|16.3928
05|56|0|315|0.0|4.4|90|82.3|21.8|0.00|0.15|43.8714|16.3928
05|57|0|315|0.0|4.4|90|82.3|21.8|0.00|0.15|43.8696|16.3928
05|58|0|315|0.0|4.4|90|82.3|21.8|0.01|0.17|43.8716|16.3928
05|59|0|315|0.0|4.4|90|82.3|21.8|0.01|0.17|43.8729|16.3928
06|00|0|315|0.0|4.4|90|82.2|21.8|0.01|0.17|43.8717|16.3928
06|01|0|315|0.0|4.4|90|82.1|21.6|0.01|0.17|43.8725|16.3928
06|03|0|315|0.0|4.4|90|81.9|21.6|0.01|0.17|43.8742|16.1113
06|06|0|315|1.5|4.4|90|81.1|21.5|0.01|0.17|43.8764|16.1113
06|07|0|315|1.5|4.4|90|80.8|21.4|0.01|0.17|43.8746|15.8267
06|08|0|315|1.6|4.4|90|80.8|21.3|0.01|0.17|43.8725|15.8267
06|09|0|315|0.0|4.4|90|81.0|21.3|0.01|0.17|43.8729|16.1113
06|10|0|315|0.0|4.4|90|81.3|21.2|0.01|0.17|43.8703|16.1113
06|11|0|315|0.0|4.4|90|81.6|21.1|0.01|0.17|43.8707|16.1113
06|12|0|315|1.5|4.4|90|81.9|21.0|0.01|0.17|43.8707|16.1113
06|13|0|315|1.5|4.4|90|82.2|21.0|0.01|0.17|43.8751|16.3928
06|14|0|315|1.5|4.4|90|82.3|20.9|0.01|0.17|43.877|15.4148
06|16|0|315|0.0|4.4|90|82.6|20.7|0.01|0.17|43.8801|15.4148
06|17|0|315|1.5|4.4|90|82.9|20.7|0.01|0.17|43.8795|15.4148
06|18|0|315|0.0|4.4|90|83.0|20.7|0.01|0.17|43.8821|15.692
06|19|0|315|0.0|4.4|90|83.1|20.7|0.01|0.17|43.8822|15.692
06|20|0|315|1.6|4.4|90|83.0|20.7|0.01|0.17|43.8834|15.692
06|21|0|180|1.6|4.4|90|82.9|20.7|0.01|0.17|43.8837|15.4148
06|22|0|225|1.5|4.4|90|82.5|20.6|0.01|0.17|43.8829|15.4148
06|23|0|225|1.6|4.4|90|82.1|20.5|0.01|0.17|43.8841|15.4148
06|25|0|225|0.0|4.4|90|81.6|20.5|0.01|0.17|43.8858|15.1346
06|27|0|225|0.0|4.4|90|81.5|20.5|0.01|0.17|43.8875|15.1346
06|30|0|180|1.6|4.4|90|81.4|20.3|0.01|0.17|43.8886|15.1346
06|31|0|180|1.5|4.4|90|81.4|20.3|0.01|0.17|43.89|15.1346
06|32|0|180|0.0|4.4|90|81.4|20.2|0.01|0.17|43.8898|15.1346
06|33|0|180|0.0|4.4|90|81.4|20.2|0.01|0.17|43.8933|15.1346
06|34|0|180|0.0|4.4|90|81.4|20.2|0.01|0.17|43.8926|15.1346
06|35|0|180|0.0|4.4|90|81.5|20.2|0.01|0.17|43.8926|15.1346
06|36|0|180|0.0|4.4|90|81.8|20.2|0.01|0.17|43.8936|15.1346
06|37|0|180|0.0|4.4|90|82.1|20.2|0.01|0.17|43.8895|15.4148
06|39|0|180|0.0|4.4|90|82.5|20.2|0.01|0.17|43.8892|15.4148
06|40|0|180|0.0|4.4|90|82.6|20.2|0.01|0.17|43.8908|15.4148
06|41|0|180|0.0|4.4|90|82.6|20.2|0.01|0.17|43.891|15.4148
06|42|0|180|0.0|4.4|90|82.8|20.2|0.01|0.17|43.8952|15.4148
06|43|0|180|0.0|4.4|90|83.2|20.2|0.01|0.17|43.8956|15.692
06|44|0|180|1.5|4.4|90|83.7|20.3|0.01|0.17|43.8986|15.692
06|45|0|180|0.0|4.4|90|84.2|20.3|0.01|0.17|43.8962|15.9662
06|48|0|180|0.0|4.4|90|84.5|20.3|0.01|0.17|43.8964|15.9662
06|49|0|180|0.0|4.4|90|84.5|20.3|0.01|0.17|43.8983|15.9662
06|50|0|180|0.0|4.4|90|84.5|20.3|0.01|0.17|43.8985|15.9662
06|51|0|180|0.0|4.4|90|84.6|20.4|0.01|0.17|43.8996|15.9662
06|52|0|180|0.0|4.4|90|84.6|20.4|0.01|0.17|43.8989|15.9662
06|53|0|180|0.0|4.4|90|84.6|20.4|0.01|0.17|43.8992|15.9662
06|54|0|180|0.0|4.4|90|84.6|20.4|0.01|0.17|43.8985|15.9662
06|56|0|180|0.0|4.4|90|84.4|20.4|0.01|0.17|43.8977|15.9662
06|57|0|180|0.0|4.4|90|84.3|20.5|0.00|0.17|43.8992|15.9662
06|58|0|180|0.0|4.4|90|84.2|20.4|0.00|0.17|43.8973|15.9662
06|59|0|180|0.0|4.4|90|84.1|20.4|0.00|0.17|43.8974|15.9662
07|00|0|180|0.0|4.4|90|84.1|20.4|0.00|0.17|43.8989|15.9662
07|02|0|180|0.0|4.4|90|84.1|20.4|0.00|0.17|43.9036|15.9662
07|03|0|180|0.0|4.4|90|84.1|20.4|0.00|0.17|43.9034|15.9662
07|04|0|180|0.0|4.4|90|84.2|20.4|0.00|0.17|43.9022|15.9662
07|05|0|180|0.0|4.4|90|84.3|20.4|0.00|0.17|43.9021|15.9662
07|07|0|180|1.5|4.4|90|84.7|20.4|0.00|0.17|43.9009|15.9662
07|08|0|180|0.0|4.4|90|85.0|20.4|0.00|0.17|43.9012|16.2375
07|09|0|180|0.0|4.4|90|85.2|20.4|0.00|0.17|43.8993|16.2375
07|10|0|180|0.0|4.4|90|85.1|20.4|0.00|0.17|43.8983|16.2375
07|11|0|180|0.0|4.4|90|85.0|20.4|0.00|0.17|43.8984|16.2375
07|12|0|180|0.0|4.4|90|84.8|20.4|0.00|0.17|43.8995|15.9662
07|13|0|180|0.0|4.4|90|84.7|20.4|0.00|0.17|43.9002|15.9662
07|14|0|180|0.0|4.4|90|84.7|20.4|0.00|0.17|43.8999|15.9662
07|15|0|180|0.0|4.4|90|84.7|20.4|0.00|0.17|43.8988|15.9662
07|16|0|180|0.0|4.4|90|84.8|20.4|0.00|0.17|43.899|15.9662
07|18|0|180|1.5|4.4|90|84.8|20.4|0.00|0.17|43.8983|15.9662
07|20|0|180|0.0|4.4|90|84.7|20.4|0.00|0.17|43.8952|15.9662
07|21|0|180|1.5|4.4|90|84.7|20.3|0.00|0.17|43.8952|15.9662
07|22|0|45|1.5|4.4|90|84.6|20.3|0.00|0.17|43.8947|15.9662
07|23|0|45|1.5|4.4|90|84.3|20.3|0.00|0.17|43.8939|15.9662
07|24|0|45|1.6|4.4|90|84.1|20.3|0.00|0.17|43.8944|15.9662
07|25|0|45|1.5|4.4|90|83.9|20.3|0.00|0.17|43.8933|15.692
07|26|0|45|0.0|4.4|90|83.9|20.3|0.00|0.17|43.8941|15.692
07|27|0|45|0.0|4.4|90|84.1|20.3|0.00|0.17|43.8921|15.9662
07|29|0|90|0.0|4.4|90|84.2|20.3|0.00|0.17|43.89|15.9662
07|30|0|90|1.6|4.4|90|84.3|20.3|0.00|0.17|43.8916|15.9662
07|31|0|90|0.0|4.4|90|84.3|20.3|0.00|0.17|43.8907|15.9662
07|32|0|90|0.0|4.4|90|84.3|20.3|0.00|0.17|43.8886|15.9662
07|33|0|90|0.0|4.4|90|84.2|20.3|0.00|0.17|43.8918|15.9662
07|35|0|90|1.5|4.4|90|84.0|20.3|0.00|0.17|43.8897|15.9662
07|36|0|90|1.6|4.4|90|84.0|20.4|0.00|0.17|43.8909|15.9662
07|37|0|90|1.5|4.4|90|83.9|20.4|0.01|0.18|43.8932|15.692
07|38|0|90|1.6|4.4|90|83.9|20.4|0.01|0.18|43.8947|15.692
07|39|0|45|1.5|4.4|90|83.9|20.4|0.01|0.18|43.8981|15.692
07|40|0|45|1.5|4.4|90|83.8|20.4|0.01|0.18|43.9009|15.692
07|41|0|45|1.5|4.4|90|83.3|20.5|0.01|0.18|43.9037|15.692
07|42|0|45|1.5|4.4|90|83.0|20.5|0.01|0.18|43.9022|15.692
07|43|0|45|1.6|4.4|90|82.9|20.5|0.01|0.18|43.9024|15.4148
07|45|0|45|1.5|4.4|90|82.9|20.5|0.01|0.18|43.9|15.4148
07|46|0|45|1.6|4.4|90|82.9|20.5|0.01|0.18|43.897|15.4148
07|47|0|45|0.0|4.4|90|83.3|20.6|0.01|0.18|43.8957|15.692
07|48|0|45|1.5|4.4|90|83.6|20.6|0.01|0.18|43.8955|15.692
07|49|0|45|1.6|4.4|90|83.9|20.7|0.01|0.18|43.8972|15.692
07|51|0|90|1.6|4.4|90|84.2|20.9|0.01|0.18|43.8939|15.9662
07|52|0|90|1.5|4.4|90|84.1|21.0|0.01|0.18|43.8892|16.9468
07|54|0|90|0.0|4.4|90|83.8|21.4|0.01|0.18|43.8821|16.6713
07|55|0|179|0.0|4.4|90|83.4|21.5|0.01|0.18|43.8834|16.6713
07|56|0|90|0.0|4.4|90|82.9|21.8|0.01|0.18|43.887|16.3928
07|57|0|90|1.5|4.4|90|82.3|21.9|0.01|0.18|43.8856|16.3928
07|58|0|90|0.0|4.4|90|81.9|22.1|0.01|0.18|43.8866|17.0879
07|59|0|90|0.0|4.4|90|81.6|22.3|0.01|0.18|43.8877|17.0879
08|00|0|90|0.0|4.4|90|81.4|22.4|0.01|0.18|43.8865|17.0879
08|01|0|90|0.0|4.4|90|81.1|22.5|0.01|0.18|43.8872|17.0879
08|04|0|90|1.6|4.4|90|80.7|23.1|0.01|0.18|43.8889|17.7772
08|05|0|90|1.5|4.4|90|80.1|23.3|0.01|0.18|43.889|17.7772
08|06|0|135|1.5|4.4|90|79.5|23.6|0.01|0.18|43.8888|17.4866
08|07|0|135|1.5|4.4|90|79.0|23.8|0.01|0.18|43.8872|17.4866
08|08|0|135|3.2|4.4|90|78.5|23.9|0.01|0.18|43.8837|17.1928
08|10|0|135|1.6|5.8|135|77.5|24.1|0.01|0.18|43.8817|17.8666
08|11|0|135|1.6|5.8|135|77.2|24.3|0.01|0.18|43.8826|17.8666
08|12|0|90|1.5|5.8|135|76.8|24.5|0.02|0.19|43.8811|17.5646
08|13|0|90|1.5|5.8|135|76.4|24.7|0.02|0.19|43.8827|17.5646
08|14|0|135|0.0|5.8|135|76.2|24.9|0.02|0.19|43.885|17.5646
08|15|0|90|1.5|5.8|135|75.9|25.0|0.02|0.19|43.8856|18.227
08|16|0|45|0.0|5.8|135|75.3|25.1|0.02|0.19|43.8873|18.227
08|17|0|45|2.9|5.8|135|74.8|25.2|0.02|0.19|43.8889|17.9163
08|18|0|90|2.9|5.8|135|74.2|25.5|0.02|0.19|43.8922|17.9163
08|19|0|45|1.6|5.8|135|73.7|25.5|0.02|0.19|43.8942|17.6019
08|20|0|90|1.5|5.8|135|73.6|25.6|0.02|0.19|43.8969|17.6019
08|21|0|90|3.2|5.8|135|73.6|25.6|0.02|0.19|43.8976|17.6019
08|23|0|90|2.9|5.8|135|73.7|25.6|0.02|0.19|43.9016|17.6019
08|24|0|90|2.9|5.8|135|73.8|25.7|0.02|0.19|43.9017|17.6019
08|25|0|90|2.9|5.8|135|74.0|25.7|0.02|0.19|43.9006|17.9163
08|26|0|90|2.9|5.8|135|74.0|25.8|0.02|0.19|43.9029|17.9163
08|27|0|90|2.9|5.8|135|74.0|25.8|0.02|0.19|43.9026|17.9163
08|28|0|90|1.5|5.8|135|74.0|25.9|0.02|0.19|43.9041|17.9163
08|29|0|90|1.5|5.8|135|74.1|26.0|0.02|0.19|43.9032|18.8828
08|30|0|90|1.5|5.8|135|74.0|26.3|0.02|0.19|43.9009|18.8828
08|31|0|90|3.2|5.8|135|73.8|26.4|0.02|0.19|43.9006|18.5669
08|32|0|90|2.9|5.8|135|73.6|26.5|0.02|0.19|43.901|18.5669
08|34|0|90|2.9|5.8|135|73.1|26.8|0.02|0.19|43.9008|18.5669
08|35|0|90|2.9|5.8|135|72.9|27.0|0.02|0.19|43.9008|19.2106
08|36|0|90|1.6|5.8|135|72.7|27.3|0.01|0.19|43.8983|19.2106
08|37|0|113|1.5|5.8|135|72.7|27.5|0.01|0.19|43.8999|19.2106
08|38|0|135|1.5|5.8|135|72.5|27.7|0.01|0.19|43.902|19.2106
08|39|0|135|1.5|5.8|135|72.4|28.0|0.01|0.19|43.8938|20.174
08|41|0|90|1.6|5.8|135|72.1|28.2|0.02|0.20|43.8918|20.174
08|43|0|90|1.5|5.8|135|71.5|28.7|0.02|0.20|43.8913|19.8472
08|44|0|135|1.5|5.8|135|71.0|29.0|0.02|0.20|43.8946|20.809
08|45|0|135|2.9|5.8|135|70.3|29.2|0.02|0.20|43.8948|20.4766
08|46|0|158|2.9|5.8|135|69.7|29.3|0.02|0.20|43.8981|20.14
08|47|0|135|2.9|5.8|135|69.2|29.4|0.03|0.21|43.8971|20.14
08|48|0|135|1.5|5.8|135|68.8|29.5|0.03|0.21|43.8979|19.7989
08|49|0|135|2.9|5.8|135|68.4|29.5|0.03|0.21|43.8962|19.7989
08|50|0|135|2.9|5.8|135|68.1|29.6|0.03|0.21|43.8952|19.7989
08|51|0|135|2.9|5.8|135|67.9|29.6|0.03|0.21|43.8971|19.4534
08|52|0|135|1.5|5.8|135|68.5|29.7|0.03|0.21|43.8978|19.7989
08|53|0|135|2.9|5.8|135|68.8|29.9|0.03|0.21|43.8992|19.7989
08|54|0|135|3.2|6.5|135|68.3|29.9|0.03|0.21|43.8974|19.7989
08|55|0|158|1.5|6.5|135|68.3|30.0|0.03|0.21|43.8973|20.756
08|56|0|135|3.2|6.5|135|68.0|30.1|0.03|0.21|43.8977|20.756
08|57|0|135|2.9|6.5|135|67.9|30.1|0.03|0.21|43.8953|20.4089
08|58|0|135|4.8|6.5|135|67.7|30.2|0.03|0.21|43.8973|20.4089
08|59|0|135|4.4|7.3|135|67.5|30.1|0.03|0.21|43.8989|20.4089
09|01|0|135|1.5|7.3|135|67.6|30.2|0.03|0.21|43.8999|20.4089
09|02|0|180|1.6|7.3|135|67.7|30.3|0.03|0.21|43.8994|20.4089
09|03|0|180|2.9|7.3|135|68.0|30.5|0.03|0.21|43.9012|20.756
09|04|0|135|2.9|7.3|135|67.9|30.8|0.03|0.21|43.9042|20.4089
09|05|0|135|1.5|7.3|135|67.7|30.9|0.03|0.21|43.9029|20.4089
09|06|0|135|1.5|7.3|135|67.5|31.1|0.03|0.21|43.9042|21.3642
09|07|0|135|2.9|7.3|135|67.5|31.2|0.03|0.21|43.9036|21.3642
09|08|0|180|5.8|7.3|135|66.6|31.3|0.03|0.21|43.9037|21.0109
09|09|0|135|2.9|7.3|135|66.3|31.4|0.03|0.21|43.9027|21.0109
09|10|0|135|2.9|7.3|135|65.5|31.4|0.03|0.21|43.9053|20.6527
09|11|0|135|3.2|7.3|135|65.1|31.4|0.02|0.21|43.9025|20.6527
09|12|0|135|2.9|7.3|135|64.9|31.5|0.02|0.21|43.9034|20.2897
09|13|0|135|4.4|7.3|135|65.1|31.8|0.02|0.21|43.9036|20.6527
09|14|0|158|1.6|8.7|135|64.9|31.8|0.02|0.21|43.9045|20.2897
09|15|0|135|7.3|8.7|135|64.0|31.7|0.02|0.21|43.902|20.2897
09|16|0|135|5.8|8.8|135|63.8|31.7|0.02|0.21|43.9019|19.9216
09|17|0|135|6.4|8.8|135|63.9|31.7|0.02|0.21|43.902|19.9216
09|18|0|135|5.8|8.8|135|63.6|31.7|0.02|0.21|43.902|19.9216
09|20|0|135|2.9|8.8|135|64.0|31.8|0.02|0.21|43.9035|20.2897
09|21|0|135|4.4|8.8|135|63.7|31.9|0.02|0.21|43.8997|19.9216
09|22|0|180|7.3|8.8|135|63.6|32.0|0.02|0.21|43.8981|20.8702
09|23|0|135|2.9|8.8|135|63.7|32.3|0.02|0.21|43.8939|20.8702
09|24|0|180|3.2|8.8|135|63.5|32.5|0.02|0.21|43.8927|20.8702
09|25|0|135|6.4|8.8|135|63.1|32.8|0.02|0.21|43.8924|20.8702
09|26|0|135|2.9|8.8|135|62.7|33.0|0.02|0.21|43.8945|21.442
09|27|0|135|1.6|8.8|135|62.8|33.2|0.02|0.21|43.8962|21.442
09|30|0|180|5.8|10.2|158|60.4|33.3|0.02|0.21|43.8932|20.672
09|31|0|180|4.4|11.6|180|60.3|33.5|0.02|0.21|43.8963|20.672
09|32|0|135|8.7|11.6|180|60.4|33.6|0.02|0.21|43.8962|20.672
09|33|0|158|5.8|11.6|180|60.0|33.7|0.02|0.21|43.8983|20.672
09|34|0|135|4.4|11.6|180|60.0|33.8|0.02|0.21|43.8984|20.672
09|35|0|135|5.8|11.6|180|59.9|34.0|0.02|0.21|43.9011|21.2198
09|36|0|135|4.4|11.6|180|59.5|34.1|0.02|0.21|43.9018|21.2198
09|37|0|135|5.8|11.6|180|59.4|34.4|0.02|0.21|43.9017|21.2198
09|38|0|180|7.3|11.6|180|59.0|34.4|0.02|0.21|43.8997|21.2198
09|40|0|135|5.8|11.6|180|58.8|34.5|0.01|0.21|43.8948|20.8185
09|41|0|158|7.3|11.6|180|58.7|34.5|0.01|0.21|43.8947|20.8185
09|43|0|180|4.4|11.6|180|58.2|34.7|0.01|0.21|43.8949|20.8185
09|44|0|180|3.2|11.6|180|58.0|34.8|0.01|0.21|43.8948|20.8185
09|46|0|180|7.3|11.6|180|58.0|35.2|0.01|0.21|43.8899|21.7579
09|47|0|135|4.8|11.6|180|57.4|35.4|0.00|0.21|43.8917|21.3486
09|48|0|135|4.4|11.6|180|56.9|35.4|0.00|0.21|43.8913|20.9328
09|49|0|180|7.3|11.6|180|56.7|35.6|0.00|0.21|43.8925|20.9328
09|50|0|135|4.4|11.6|180|56.4|35.7|0.00|0.21|43.8937|20.9328
09|52|0|180|4.8|11.6|180|56.2|35.7|0.00|0.21|43.8945|20.9328
09|53|0|180|4.4|11.6|180|56.4|35.9|0.00|0.21|43.8938|20.9328
09|54|0|180|4.4|11.6|180|56.4|36.2|0.00|0.21|43.8936|21.8684
09|55|0|135|8.7|11.6|180|55.9|36.2|0.00|0.21|43.8908|21.444
09|56|0|135|2.9|11.6|180|55.3|36.2|0.00|0.21|43.8922|21.444
09|57|0|135|4.4|11.6|180|55.2|36.4|0.00|0.21|43.8953|21.444
09|58|0|135|4.4|11.6|180|54.9|36.5|0.00|0.21|43.8947|21.0128
09|59|0|180|2.9|11.6|180|55.0|36.6|0.00|0.21|43.8949|21.444
10|00|0|135|4.4|11.6|180|54.6|36.7|0.00|0.21|43.8938|21.0128
10|02|0|135|5.8|11.6|180|54.4|36.8|0.00|0.21|43.897|21.0128
10|03|0|135|6.4|11.6|180|54.3|36.8|0.00|0.21|43.8952|21.0128
10|04|0|180|1.5|11.6|180|54.5|37.1|0.00|0.21|43.898|21.9444
10|05|0|135|4.8|11.6|180|54.5|37.1|0.00|0.21|43.8953|21.9444
10|07|0|135|5.8|11.6|180|54.3|37.3|0.00|0.21|43.895|21.9444
10|08|0|135|7.3|11.6|180|53.9|37.3|0.00|0.21|43.896|21.5041
10|09|0|135|2.9|11.6|180|53.9|37.4|0.00|0.21|43.8955|21.5041
10|10|0|135|4.4|11.6|180|54.1|37.5|0.00|0.21|43.8962|21.9444
10|11|0|180|8.1|11.6|180|53.9|37.4|0.00|0.21|43.8956|21.5041
10|12|0|90|8.7|11.6|180|54.1|37.4|0.00|0.21|43.8978|21.9444
10|13|0|135|7.3|11.6|180|53.7|37.3|0.00|0.21|43.8969|21.5041
10|14|0|135|6.4|11.6|180|53.5|37.1|0.00|0.21|43.8953|21.5041
10|15|0|135|7.3|11.6|180|53.6|37.1|0.00|0.21|43.897|21.5041
10|16|0|135|3.2|11.6|180|53.8|37.1|0.01|0.22|43.8964|21.5041
10|17|0|180|8.7|11.6|180|53.8|37.2|0.01|0.22|43.8942|21.5041
10|18|0|180|5.8|11.6|180|53.3|37.2|0.01|0.22|43.8953|21.5041
10|19|0|135|10.2|11.6|180|53.4|37.2|0.01|0.22|43.8916|21.5041
10|20|0|135|7.3|11.6|180|53.4|37.2|0.01|0.22|43.8907|21.5041
10|22|0|90|7.3|11.6|180|53.3|37.4|0.01|0.22|43.8935|21.5041
10|23|0|135|6.4|11.6|180|53.2|37.5|0.01|0.22|43.8905|21.5041
10|24|0|135|5.8|11.6|180|53.0|37.5|0.01|0.22|43.8914|21.5041
10|25|0|135|2.9|11.6|180|53.2|37.7|0.01|0.22|43.8923|21.5041
10|26|0|90|6.5|11.6|180|53.3|37.8|0.01|0.22|43.8904|21.5041
10|27|0|180|4.4|11.6|180|52.7|37.8|0.01|0.22|43.8889|21.0563
10|28|0|158|6.4|11.6|180|52.6|38.0|0.01|0.22|43.8882|21.9838
10|29|0|158|7.3|11.6|180|52.4|38.2|0.01|0.22|43.8885|21.9838
10|30|0|180|2.9|11.6|180|52.2|38.3|0.01|0.22|43.8908|21.9838
10|31|0|225|4.8|11.6|180|52.0|38.3|0.01|0.22|43.8891|21.9838
10|33|0|45|2.9|11.6|180|51.8|38.6|0.01|0.22|43.8902|21.5263
10|34|0|180|2.9|11.6|180|51.4|38.9|0.02|0.23|43.8873|21.5263
10|35|0|135|4.8|11.6|180|51.2|39.0|0.02|0.23|43.889|22.4516
10|36|0|90|2.9|11.6|180|50.9|39.1|0.02|0.23|43.8889|21.984
10|38|0|135|2.9|11.6|180|51.0|39.4|0.02|0.23|43.8914|22.4516
10|39|0|135|3.2|11.6|180|50.6|39.5|0.02|0.23|43.8885|21.984
10|40|0|135|7.3|11.6|180|50.0|39.8|0.02|0.23|43.8878|21.984
10|41|0|135|11.6|11.6|180|49.7|39.7|0.02|0.23|43.8837|21.508
10|43|0|135|7.3|11.6|180|49.1|39.9|0.02|0.23|43.8848|21.508
10|44|0|135|2.9|11.6|180|49.0|39.9|0.02|0.23|43.8834|21.508
10|46|0|180|5.8|11.6|180|49.1|40.4|0.02|0.23|43.8812|22.429
10|47|0|135|2.9|11.6|180|48.6|40.5|0.02|0.23|43.8795|21.9422
10|48|0|180|2.9|11.6|180|48.3|40.9|0.02|0.23|43.8802|21.9422
10|49|0|135|3.2|11.6|180|47.9|41.1|0.02|0.23|43.8812|22.3627
10|50|0|180|5.8|11.6|180|47.3|41.1|0.02|0.23|43.8784|22.3627
10|51|0|180|5.8|11.6|180|47.1|41.2|0.02|0.23|43.8793|22.3627
10|52|0|135|8.1|11.6|180|46.6|41.1|0.02|0.23|43.8748|21.8552
10|53|0|135|4.4|11.6|180|46.5|41.0|0.02|0.23|43.8755|21.8552
10|54|0|135|4.8|11.6|180|46.7|41.1|0.02|0.23|43.8762|21.8552
10|55|0|135|7.3|11.6|180|46.6|41.0|0.02|0.23|43.8746|21.8552
10|56|0|135|2.9|11.6|180|46.6|41.0|0.02|0.23|43.8751|21.8552
10|57|0|135|2.9|11.6|180|46.9|41.2|0.02|0.23|43.8774|21.8552
10|59|0|135|2.9|11.6|180|46.9|41.3|0.02|0.23|43.8773|21.8552
11|00|0|135|3.2|11.6|180|46.9|41.6|0.02|0.23|43.8733|21.8552
11|01|0|158|4.4|11.6|180|46.8|41.8|0.02|0.23|43.8728|21.8552
11|03|0|180|2.9|11.6|180|46.3|42.5|0.02|0.23|43.8661|22.7692
11|04|0|180|4.4|11.6|180|45.5|42.6|0.02|0.23|43.8665|22.2495
11|05|0|113|4.8|11.6|180|45.1|42.8|0.02|0.23|43.8677|22.2495
11|06|0|135|4.4|11.6|180|44.5|42.8|0.02|0.23|43.8669|21.7194
11|07|0|180|4.4|11.6|180|44.6|42.9|0.02|0.23|43.8673|21.7194
11|08|0|180|4.8|11.6|180|44.4|43.0|0.02|0.23|43.8652|22.6287
11|09|0|180|4.4|11.6|180|44.5|43.1|0.02|0.23|43.8669|22.6287
11|10|0|135|4.4|11.6|180|44.4|43.2|0.02|0.23|43.8688|22.6287
11|11|0|180|7.3|11.6|180|43.9|43.4|0.02|0.23|43.8696|22.0855
11|12|0|180|2.9|11.6|180|43.9|43.4|0.02|0.23|43.8661|22.0855
11|13|0|90|3.2|11.6|180|44.1|43.6|0.02|0.23|43.8647|22.6287
11|14|0|180|4.8|11.6|180|43.9|43.9|0.02|0.23|43.864|22.0855
11|15|0|180|5.8|11.6|180|43.6|44.0|0.02|0.23|43.8615|22.9922
11|16|0|180|4.8|11.6|180|43.2|44.2|0.01|0.23|43.8621|22.9922
11|17|0|180|4.4|11.6|180|43.0|44.3|0.01|0.23|43.8597|22.9922
11|19|0|135|4.8|11.6|180|42.6|44.4|0.01|0.23|43.8588|22.4352
11|21|0|180|2.9|11.6|180|42.3|44.5|0.01|0.23|43.8599|22.4352
11|22|0|180|4.4|11.6|180|42.3|44.6|0.01|0.23|43.8601|22.4352
11|23|0|135|3.2|11.6|180|41.9|44.6|0.01|0.23|43.8605|21.8664
11|24|0|180|0.0|11.6|180|41.9|44.8|0.01|0.23|43.8592|21.8664
11|25|0|135|4.8|11.6|180|42.0|44.8|0.01|0.23|43.8571|22.4352
11|26|0|135|5.8|11.6|180|41.9|44.7|0.01|0.23|43.8554|21.8664
11|27|0|203|2.9|11.6|180|41.9|44.8|0.01|0.23|43.8542|21.8664
11|28|0|135|5.8|11.6|180|41.9|44.9|0.01|0.23|43.8572|21.8664
11|29|0|90|4.4|11.6|180|41.7|45.0|0.01|0.23|43.8573|22.768
11|30|0|135|2.9|11.6|180|41.5|45.0|0.01|0.23|43.8578|22.768
11|31|0|135|4.4|11.6|180|41.7|45.2|0.02|0.24|43.8568|22.768
11|32|0|180|4.4|11.6|180|41.4|45.0|0.02|0.24|43.8549|22.768
11|33|0|180|4.8|11.6|180|41.3|44.9|0.02|0.24|43.8539|21.8664
11|34|0|135|4.4|11.6|180|41.4|44.9|0.01|0.24|43.8552|21.8664
11|35|0|135|4.4|11.6|180|41.4|44.9|0.01|0.24|43.8538|21.8664
11|36|0|135|3.2|11.6|180|41.4|45.0|0.01|0.24|43.8536|22.768
11|37|0|135|2.9|14.5|135|41.4|45.0|0.01|0.24|43.8539|22.768
11|38|0|203|2.9|14.5|135|41.5|45.0|0.01|0.24|43.853|22.768
11|39|0|113|5.8|14.5|135|41.5|45.0|0.01|0.24|43.8544|22.768
11|40|0|135|1.5|14.5|135|41.4|45.3|0.01|0.24|43.8525|22.768
11|43|0|45|1.5|14.5|135|41.1|45.4|0.01|0.24|43.8548|22.768
11|43|0|225|5.8|14.5|135|41.0|45.5|0.01|0.24|43.8492|22.768
11|44|0|135|7.3|14.5|135|41.0|45.6|0.01|0.24|43.8497|22.768
11|45|0|90|2.9|14.5|135|40.8|45.4|0.01|0.24|43.8468|22.1842
11|46|0|135|4.8|14.5|135|40.6|45.5|0.01|0.24|43.8496|22.1842
11|47|0|225|2.9|14.5|135|40.9|45.5|0.01|0.24|43.8471|22.1842
11|48|0|180|4.8|14.5|135|41.0|45.4|0.01|0.24|43.8461|22.768
11|49|0|135|4.8|14.5|135|40.9|45.5|0.01|0.24|43.8457|22.1842
11|50|0|135|1.5|14.5|135|40.8|45.5|0.01|0.24|43.8456|22.1842
11|51|0|90|1.6|14.5|135|40.9|45.7|0.02|0.25|43.8469|22.1842
11|52|0|135|1.5|14.5|135|40.9|46.0|0.02|0.25|43.8483|23.0831
11|53|0|180|4.8|14.5|135|40.8|46.0|0.02|0.25|43.8456|23.0831
11|54|0|180|4.8|14.5|135|40.7|46.0|0.02|0.25|43.8455|23.0831
11|55|0|135|4.4|14.5|135|40.5|45.8|0.02|0.25|43.8425|22.1842
11|56|0|135|3.2|14.5|135|40.4|46.0|0.02|0.25|43.8424|23.0831
11|57|0|180|4.4|14.5|135|40.6|46.2|0.02|0.25|43.8417|23.0831
11|58|0|135|4.4|14.5|135|40.4|46.3|0.02|0.25|43.8404|23.0831
12|00|0|180|2.9|14.5|135|40.0|46.4|0.02|0.25|43.842|23.0831
12|01|0|135|4.4|14.5|135|39.9|46.5|0.02|0.25|43.8405|22.4837
12|02|0|135|1.5|14.5|135|39.6|46.5|0.02|0.25|43.8385|22.4837
12|03|0|180|2.9|14.5|135|39.7|46.7|0.02|0.25|43.8377|22.4837
12|04|0|225|1.5|14.5|135|39.8|47.0|0.02|0.25|43.8354|23.3798
12|05|0|180|0.0|14.5|135|39.6|47.2|0.02|0.25|43.837|23.3798
12|06|0|68|4.4|14.5|135|39.2|47.4|0.02|0.25|43.8355|23.3798
12|07|0|135|4.4|14.5|135|38.9|47.5|0.02|0.25|43.8347|22.7639
12|09|0|135|1.5|14.5|135|38.5|47.7|0.03|0.26|43.8318|22.7639
12|10|0|90|3.2|14.5|135|38.3|47.9|0.03|0.26|43.8306|22.7639
12|11|0|135|0.0|14.5|135|38.0|47.9|0.03|0.26|43.8297|22.7639
12|12|0|0|0.0|14.5|135|37.9|48.0|0.03|0.26|43.8294|23.0241
12|13|0|68|1.5|14.5|135|38.1|48.1|0.03|0.26|43.828|23.6572
12|14|0|180|2.9|14.5|135|38.3|48.3|0.03|0.26|43.829|23.6572
12|15|0|135|1.5|14.5|135|37.9|48.4|0.03|0.26|43.8286|23.0241
12|17|0|180|1.6|14.5|135|37.4|48.5|0.03|0.26|43.8261|23.0241
12|20|0|135|0.0|14.5|135|37.3|48.9|0.03|0.26|43.8251|23.0241
12|21|0|90|1.5|14.5|135|36.9|49.1|0.03|0.26|43.8276|23.2632
12|22|0|135|2.9|14.5|135|36.5|49.2|0.03|0.26|43.8298|23.2632
12|23|0|90|1.5|14.5|135|36.5|49.1|0.03|0.26|43.828|23.2632
12|24|0|225|2.9|14.5|135|36.7|49.2|0.03|0.26|43.8261|23.2632
12|25|0|225|1.6|14.5|135|36.5|49.3|0.03|0.26|43.8261|23.2632
12|28|0|225|3.2|14.5|135|36.1|49.9|0.03|0.26|43.8312|23.2632
12|29|0|135|1.5|14.5|135|35.6|50.0|0.03|0.26|43.8312|23.4802
12|31|0|180|0.0|14.5|135|35.3|50.3|0.02|0.26|43.828|23.4802
12|32|0|135|2.9|14.5|135|35.0|50.5|0.02|0.26|43.8232|23.4802
12|33|0|180|1.5|14.5|135|34.9|50.6|0.02|0.26|43.8217|22.7927
12|34|0|180|0.0|14.5|135|35.1|50.7|0.02|0.26|43.8197|23.4802
12|35|0|135|1.5|14.5|135|35.0|50.9|0.02|0.26|43.8192|23.4802
12|37|0|158|3.2|14.5|135|34.7|51.0|0.02|0.26|43.8175|23.6741
12|38|0|135|1.5|14.5|135|34.3|51.0|0.02|0.26|43.8138|23.6741
12|39|0|90|1.5|14.5|135|34.3|51.0|0.02|0.26|43.8123|23.6741
12|40|0|135|1.5|14.5|135|33.9|51.0|0.02|0.26|43.8113|22.9654
12|41|0|90|1.5|14.5|135|33.9|51.0|0.02|0.26|43.8113|22.9654
12|43|0|90|1.6|14.5|135|34.1|50.8|0.02|0.26|43.8118|22.7927
12|44|0|0|1.5|14.5|135|34.5|50.8|0.02|0.26|43.8109|22.7927
12|45|0|45|1.5|14.5|135|35.0|50.8|0.02|0.26|43.8093|23.4802
12|46|0|45|1.5|14.5|135|34.9|50.9|0.02|0.26|43.8073|22.7927
12|47|0|90|0.0|14.5|135|34.4|50.9|0.02|0.26|43.8057|22.7927
12|48|0|0|2.9|14.5|135|34.3|50.9|0.02|0.26|43.8022|22.7927
12|49|0|45|3.2|14.5|135|34.6|50.9|0.02|0.26|43.8032|22.7927
12|50|0|90|0.0|14.5|135|34.1|51.0|0.01|0.26|43.8031|23.6741
12|51|0|0|1.5|14.5|135|34.1|51.0|0.01|0.26|43.8022|23.6741
12|52|0|0|1.6|14.5|135|34.0|51.0|0.01|0.26|43.8015|23.6741
12|53|0|45|0.0|14.5|135|33.9|51.1|0.01|0.26|43.8017|22.9654
12|54|0|315|1.6|14.5|135|33.9|51.1|0.01|0.26|43.8019|22.9654
12|56|0|0|1.5|14.5|135|33.9|51.1|0.01|0.26|43.8015|22.9654
12|57|0|315|1.6|14.5|135|33.7|51.2|0.01|0.26|43.8001|22.9654
12|58|0|113|1.5|14.5|135|33.7|51.2|0.01|0.26|43.7994|22.9654
12|59|0|90|1.5|14.5|135|33.5|51.2|0.01|0.26|43.797|22.9654
13|00|0|90|1.5|14.5|135|33.2|51.2|0.01|0.26|43.7965|22.9654
13|01|0|90|1.5|14.5|135|33.2|51.2|0.01|0.26|43.7967|22.9654
13|02|0|90|1.6|14.5|135|33.4|51.2|0.01|0.26|43.7945|22.9654
13|03|0|270|1.5|14.5|135|33.7|51.2|0.01|0.26|43.7928|22.9654
13|04|0|180|1.6|14.5|135|34.0|51.3|0.01|0.26|43.7914|23.6741
13|05|0|315|1.5|14.5|135|33.8|51.6|0.01|0.26|43.7894|22.9654
13|06|0|315|1.5|14.5|135|33.2|51.7|0.01|0.26|43.7859|22.9654
13|07|0|315|0.0|14.5|135|33.0|51.9|0.01|0.26|43.7833|22.9654
13|08|0|270|0.0|14.5|135|33.1|52.1|0.01|0.26|43.7853|23.8436
13|09|0|0|1.5|14.5|135|32.8|52.2|0.00|0.26|43.7827|23.1126
13|10|0|0|1.5|14.5|135|32.3|52.4|0.00|0.26|43.7827|23.1126
13|12|0|0|1.5|14.5|135|32.0|52.4|0.00|0.26|43.7824|23.1126
13|12|0|0|0.0|14.5|135|31.9|52.5|0.00|0.26|43.7798|22.361
13|14|0|0|0.0|14.5|135|32.0|52.6|0.00|0.26|43.7792|23.1126
13|15|0|45|0.0|14.5|135|31.8|52.6|0.00|0.26|43.7756|22.361
13|16|0|45|0.0|14.5|135|31.7|52.7|0.00|0.26|43.7725|22.361
13|17|0|45|0.0|14.5|135|31.8|52.8|0.00|0.26|43.7729|22.361
13|18|0|45|0.0|14.5|135|31.9|52.9|0.01|0.28|43.7734|22.361
13|19|0|90|0.0|14.5|135|32.2|53.0|0.01|0.28|43.7717|23.9874
13|20|0|135|1.5|14.5|135|32.1|53.0|0.01|0.28|43.7721|23.9874
13|21|0|135|2.9|14.5|135|31.9|53.3|0.01|0.28|43.774|23.2327
13|22|0|225|0.0|14.5|135|31.8|53.5|0.01|0.28|43.7737|23.2327
13|23|0|270|1.6|14.5|135|31.5|53.6|0.01|0.28|43.7699|23.2327
13|24|0|315|2.9|14.5|135|31.5|53.8|0.01|0.28|43.7695|23.2327
13|25|0|135|1.5|14.5|135|31.2|54.0|0.01|0.28|43.7697|24.1041
13|26|0|0|1.5|14.5|135|31.1|54.2|0.01|0.28|43.769|24.1041
13|27|0|270|2.9|14.5|135|30.8|54.3|0.01|0.28|43.7688|23.3243
13|28|0|225|1.6|14.5|135|30.7|54.4|0.01|0.28|43.7704|23.3243
13|31|0|315|1.5|14.5|135|30.6|54.5|0.01|0.28|43.7713|23.3243
13|32|0|270|1.6|14.5|135|30.6|54.5|0.01|0.28|43.7733|23.3243
13|33|0|90|0.0|14.5|135|30.6|54.4|0.01|0.28|43.7747|23.3243
13|34|0|0|1.6|14.5|135|30.8|54.4|0.01|0.28|43.7729|23.3243
13|35|0|225|0.0|14.5|135|31.1|54.4|0.01|0.28|43.7745|24.1041
13|36|0|180|0.0|14.5|135|31.0|54.6|0.02|0.29|43.7745|24.1041
13|37|0|315|1.5|14.5|135|30.7|54.7|0.02|0.29|43.7733|23.3243
13|38|0|315|1.5|14.5|135|30.2|54.7|0.02|0.29|43.7756|23.3243
13|39|0|315|1.6|14.5|135|30.1|54.5|0.02|0.29|43.7718|23.3243
13|40|0|315|4.4|14.5|135|30.2|54.3|0.02|0.29|43.77|23.3243
13|41|0|270|1.5|14.5|135|30.2|53.9|0.02|0.29|43.7696|22.4561
13|42|0|315|3.2|14.5|135|30.5|53.7|0.02|0.29|43.7713|22.4561
13|43|0|0|1.6|14.5|135|30.6|53.5|0.02|0.29|43.7748|22.4561
13|45|0|315|1.6|14.5|135|30.9|53.5|0.02|0.29|43.7763|22.4561
13|46|0|0|2.9|14.5|135|32.4|53.4|0.02|0.29|43.7777|23.9874
13|47|0|0|1.6|14.5|135|31.9|53.3|0.02|0.29|43.777|23.2327
13|48|0|0|2.9|14.5|135|31.6|53.2|0.02|0.29|43.7782|23.2327
13|50|0|0|1.6|14.5|135|31.7|53.0|0.02|0.29|43.7763|23.2327
13|51|0|315|2.9|14.5|135|31.9|52.9|0.02|0.29|43.7778|22.361
13|52|0|315|1.6|14.5|135|32.1|52.9|0.02|0.29|43.778|23.1126
13|53|0|315|0.0|14.5|135|31.9|52.9|0.02|0.29|43.7761|22.361
13|54|0|270|1.5|14.5|135|31.7|52.9|0.02|0.29|43.7747|22.361
13|55|0|180|1.6|14.5|135|31.6|53.0|0.02|0.29|43.7762|23.2327
13|56|0|315|1.5|14.5|135|31.7|53.0|0.02|0.29|43.7763|23.2327
13|59|0|270|1.5|14.5|135|31.6|52.9|0.02|0.29|43.7784|22.361
14|00|0|315|2.9|14.5|135|31.7|52.8|0.02|0.29|43.7786|22.361
14|03|0|0|1.5|14.5|135|32.1|52.8|0.02|0.29|43.7789|23.1126
14|04|0|0|1.5|14.5|135|32.1|52.8|0.02|0.29|43.7768|23.1126
14|05|0|0|1.5|14.5|135|32.1|52.9|0.02|0.29|43.7786|23.1126
14|06|0|315|2.9|14.5|135|32.2|53.0|0.02|0.29|43.7782|23.9874
14|09|0|45|0.0|14.5|135|32.2|52.8|0.02|0.29|43.7772|23.1126
14|10|0|135|1.5|14.5|135|32.0|52.9|0.02|0.29|43.7763|23.1126
14|11|0|0|1.5|14.5|135|32.2|52.9|0.02|0.29|43.7788|23.1126
14|12|0|45|1.5|14.5|135|32.1|52.8|0.02|0.29|43.7812|23.1126
14|13|0|0|2.9|14.5|135|32.2|52.7|0.02|0.29|43.7832|23.1126
14|14|0|45|0.0|14.5|135|32.6|52.7|0.02|0.29|43.7848|23.1126
14|15|0|315|1.6|14.5|135|32.9|52.6|0.02|0.29|43.7869|23.1126
14|16|0|0|4.4|14.5|135|32.8|52.5|0.02|0.29|43.7869|23.1126
14|17|0|0|2.9|14.5|135|32.9|52.2|0.01|0.29|43.7882|23.1126
14|18|0|315|2.9|14.5|135|33.4|52.0|0.01|0.29|43.7872|23.8436
14|20|0|315|5.8|14.5|135|33.9|51.8|0.01|0.29|43.7867|22.9654
14|21|0|315|3.2|14.5|135|33.8|51.7|0.01|0.29|43.7935|22.9654
14|22|0|0|2.9|14.5|135|34.1|51.5|0.01|0.29|43.7971|23.6741
14|23|0|315|4.8|14.5|135|34.1|51.3|0.01|0.29|43.7957|23.6741
14|24|0|270|0.0|14.5|135|34.2|51.2|0.01|0.29|43.7935|23.6741
14|25|0|315|0.0|14.5|135|34.3|51.2|0.01|0.29|43.7916|23.6741
14|26|0|270|0.0|14.5|135|34.5|51.2|0.01|0.29|43.7881|23.6741
14|29|0|23|4.4|14.5|135|34.4|51.5|0.01|0.29|43.7846|23.6741
14|30|0|45|4.4|14.5|135|34.7|51.5|0.01|0.29|43.7882|23.6741
14|31|0|45|3.2|14.5|135|35.0|51.5|0.01|0.29|43.79|24.3645
14|33|0|0|6.4|14.5|135|35.1|51.1|0.01|0.29|43.7932|24.3645
14|34|0|0|3.2|14.5|135|35.1|50.9|0.02|0.30|43.7952|23.4802
14|35|0|45|4.4|14.5|135|35.5|50.7|0.01|0.30|43.7963|23.4802
14|36|0|45|2.9|14.5|135|35.8|50.6|0.01|0.30|43.7939|23.4802
14|37|0|0|6.4|14.5|135|36.0|50.6|0.01|0.30|43.7877|24.1505
14|38|0|23|2.9|14.5|135|35.8|50.6|0.01|0.30|43.7885|23.4802
14|39|0|0|3.2|14.5|135|35.9|50.7|0.01|0.30|43.7873|23.4802
14|42|0|0|2.9|14.5|135|36.1|50.8|0.01|0.30|43.786|24.1505
14|43|0|0|5.8|14.5|135|36.4|50.9|0.01|0.30|43.7882|24.1505
14|44|0|0|5.8|14.5|135|36.0|50.9|0.01|0.30|43.7894|24.1505
14|45|0|45|4.8|14.5|135|35.7|50.9|0.01|0.30|43.7897|23.4802
14|46|0|0|7.3|14.5|135|34.8|50.8|0.01|0.30|43.789|22.7927
14|47|0|0|7.3|14.5|135|34.4|50.7|0.01|0.30|43.791|22.7927
14|48|0|0|10.2|16.0|23|34.0|50.5|0.01|0.30|43.7866|22.7927
14|49|0|0|11.6|16.0|23|33.9|50.3|0.01|0.30|43.783|22.087
14|50|0|0|7.3|16.0|23|34.1|50.5|0.01|0.30|43.7891|22.7927
14|52|0|23|13.1|16.1|0|33.9|50.0|0.01|0.30|43.7893|22.087
14|53|0|45|8.7|16.1|0|33.7|49.8|0.01|0.30|43.7954|21.2084
14|55|0|0|8.7|16.1|0|34.2|49.7|0.01|0.30|43.7935|21.9111
14|56|0|0|13.1|16.1|0|34.5|49.4|0.02|0.31|43.7951|21.9111
14|57|0|0|11.6|16.1|0|34.5|49.3|0.02|0.31|43.7962|21.9111
14|58|0|0|11.6|16.1|0|34.7|49.1|0.02|0.31|43.7929|21.9111
14|59|0|45|14.5|16.1|0|34.9|48.9|0.02|0.31|43.7896|21.0292
15|00|0|45|8.7|16.1|0|35.0|49.0|0.02|0.31|43.7931|22.5957
15|02|0|0|8.7|16.1|0|35.0|49.0|0.02|0.31|43.7919|22.5957
15|04|0|45|8.7|16.1|0|35.3|49.1|0.02|0.31|43.7974|22.5957
15|05|0|23|10.2|16.1|0|35.2|49.0|0.02|0.31|43.798|22.5957
15|06|0|45|7.3|16.1|0|35.1|48.9|0.02|0.31|43.7981|21.711
15|07|0|0|8.7|16.1|0|35.2|48.8|0.02|0.31|43.7972|21.711
15|08|0|45|8.7|16.1|0|35.3|48.7|0.02|0.31|43.7932|21.711
15|09|0|0|14.5|16.1|0|35.4|48.7|0.02|0.31|43.7899|21.711
15|10|0|0|11.6|16.1|0|35.3|48.4|0.02|0.31|43.7905|21.711
15|11|0|45|11.6|16.1|0|35.4|48.4|0.02|0.31|43.793|21.711
15|14|0|45|8.7|16.1|0|35.6|48.2|0.02|0.31|43.7965|21.711
15|15|0|0|8.7|16.1|0|35.7|48.1|0.02|0.31|43.8005|21.711
15|16|0|45|10.2|16.1|0|35.9|48.1|0.02|0.31|43.8065|21.711
15|17|0|23|10.2|16.1|0|36.1|48.0|0.02|0.31|43.8028|22.3756
15|18|0|45|8.7|16.1|0|36.1|47.9|0.02|0.31|43.8054|21.4878
15|19|0|0|14.5|16.1|0|36.1|47.7|0.02|0.31|43.8004|21.4878
15|20|0|0|11.3|16.1|0|36.2|47.7|0.02|0.31|43.8002|21.4878
15|21|0|45|11.6|16.1|0|36.2|47.7|0.02|0.31|43.8024|21.4878
15|22|0|0|9.7|16.1|0|36.1|47.7|0.02|0.31|43.8016|21.4878
15|23|0|0|8.7|16.1|0|36.0|47.7|0.02|0.31|43.8001|21.4878
15|24|0|45|8.1|16.1|0|36.2|47.7|0.02|0.31|43.8043|21.4878
15|25|0|0|11.6|16.1|0|36.2|47.7|0.02|0.31|43.8037|21.4878
15|26|0|45|7.3|16.1|0|36.2|47.7|0.02|0.31|43.8079|21.4878
15|27|0|0|8.1|16.1|0|36.2|47.7|0.02|0.31|43.8109|21.4878
15|28|0|23|5.8|16.1|0|36.2|47.7|0.02|0.31|43.8139|21.4878
15|29|0|45|4.8|16.1|0|36.4|47.7|0.02|0.31|43.8177|21.4878
15|30|0|45|5.8|16.1|0|36.7|47.7|0.02|0.31|43.8164|21.4878
15|31|0|45|8.0|16.1|0|36.6|47.6|0.02|0.31|43.8161|21.4878
15|32|0|45|5.8|16.1|0|36.7|47.5|0.02|0.31|43.8192|21.4878
15|34|0|23|10.2|16.1|0|36.4|47.4|0.02|0.31|43.8182|21.4878
15|35|0|45|8.0|16.1|0|36.6|47.2|0.01|0.31|43.8203|21.4878
15|36|0|23|7.3|16.1|0|36.8|47.2|0.01|0.31|43.8203|21.4878
15|37|0|45|10.2|16.1|0|36.6|47.1|0.01|0.31|43.8242|21.4878
15|38|0|0|4.8|16.1|0|36.8|47.0|0.01|0.31|43.8236|21.4878
15|39|0|0|5.8|16.1|0|37.0|47.0|0.01|0.31|43.8218|22.1335
15|40|0|45|4.8|16.1|0|37.1|47.1|0.01|0.31|43.8223|22.1335
15|41|0|45|10.2|16.1|0|37.1|47.1|0.02|0.32|43.8226|22.1335
15|42|0|90|4.8|16.1|0|36.8|47.1|0.02|0.32|43.8203|21.4878
15|43|0|23|9.7|16.1|0|36.7|47.1|0.02|0.32|43.8209|21.4878
15|44|0|0|10.2|16.1|0|36.6|47.1|0.02|0.32|43.8166|21.4878
15|45|0|45|11.3|16.1|0|36.5|47.2|0.02|0.32|43.8193|21.4878
15|47|0|0|10.2|16.1|0|36.4|47.1|0.02|0.32|43.822|21.4878
15|49|0|0|7.3|16.1|0|36.6|47.0|0.02|0.32|43.8237|21.4878
15|50|0|0|5.8|16.1|0|36.8|47.0|0.02|0.32|43.8279|21.4878
15|51|0|0|6.4|16.1|0|36.9|46.8|0.02|0.32|43.8266|20.5997
15|52|0|23|4.4|16.1|0|37.0|46.7|0.02|0.32|43.8265|21.2427
15|53|0|0|4.8|16.1|0|37.3|46.7|0.02|0.32|43.8274|21.2427
15|54|0|45|7.3|16.1|0|37.2|46.6|0.02|0.32|43.8281|21.2427
15|55|0|0|7.3|16.1|0|37.3|46.7|0.02|0.32|43.8266|21.2427
15|56|0|0|4.4|16.1|0|37.2|46.6|0.01|0.32|43.8274|21.2427
15|57|0|0|5.8|16.1|0|37.1|46.5|0.01|0.32|43.8281|21.2427
15|58|0|45|6.5|16.1|0|37.3|46.5|0.01|0.32|43.8294|21.2427
15|59|0|0|7.3|16.1|0|37.5|46.5|0.01|0.32|43.8244|21.2427
16|00|0|45|7.3|16.1|0|37.3|46.6|0.01|0.32|43.824|21.2427
16|01|0|0|8.7|16.1|0|37.2|46.6|0.01|0.32|43.8203|21.2427
16|03|0|0|10.2|16.1|0|36.6|46.7|0.01|0.32|43.8155|20.5997
16|04|0|0|10.2|16.1|0|36.5|46.8|0.01|0.32|43.8124|20.5997
16|05|0|0|6.4|16.1|0|36.5|47.0|0.01|0.32|43.816|21.4878
16|06|0|0|8.7|16.1|0|36.4|47.0|0.01|0.32|43.8203|21.4878
16|08|0|23|7.3|16.1|0|36.5|47.0|0.01|0.32|43.8244|21.4878
16|09|0|45|5.8|16.1|0|36.7|47.0|0.01|0.32|43.8285|21.4878
16|10|0|0|5.8|16.1|0|36.8|46.8|0.01|0.32|43.8279|20.5997
16|11|0|0|7.3|16.1|0|36.7|46.7|0.01|0.32|43.8305|20.5997
16|14|0|0|8.7|16.1|0|37.0|46.5|0.01|0.32|43.8348|21.2427
16|15|0|0|8.7|16.1|0|37.1|46.4|0.01|0.32|43.8368|21.2427
16|16|0|0|5.8|16.1|0|37.5|46.4|0.01|0.32|43.8375|21.2427
16|17|0|0|5.8|16.1|0|38.0|46.4|0.02|0.33|43.8361|21.8704
16|18|0|0|5.8|16.1|0|37.7|46.3|0.02|0.33|43.8388|21.2427
16|19|0|45|8.7|16.1|0|37.6|46.3|0.02|0.33|43.8395|21.2427
16|20|0|0|8.0|16.1|0|37.6|46.3|0.02|0.33|43.836|21.2427
16|22|0|45|7.3|16.1|0|37.6|46.3|0.02|0.33|43.8347|21.2427
16|22|0|0|6.4|16.1|0|37.6|46.3|0.02|0.33|43.8344|21.2427
16|23|0|0|7.3|16.1|0|37.7|46.4|0.02|0.33|43.8345|21.2427
16|27|0|0|5.8|16.1|0|37.5|46.3|0.02|0.33|43.8376|21.2427
16|28|0|0|6.4|16.1|0|37.4|46.2|0.02|0.33|43.8375|21.2427
16|29|0|0|5.8|16.1|0|37.6|46.2|0.02|0.33|43.8373|21.2427
16|31|0|0|5.8|16.1|0|37.4|46.1|0.02|0.33|43.8357|21.2427
16|32|0|0|5.8|16.1|0|37.5|46.1|0.02|0.33|43.8349|21.2427
16|33|0|0|5.8|16.1|0|37.6|46.1|0.02|0.33|43.8348|21.2427
16|34|0|0|4.4|16.1|0|37.6|46.0|0.02|0.33|43.8353|21.2427
16|35|0|0|2.9|16.1|0|37.7|46.0|0.02|0.33|43.8354|21.2427
16|36|0|0|2.9|16.1|0|37.8|46.0|0.02|0.33|43.8368|21.2427
16|37|0|0|4.8|16.1|0|37.8|45.8|0.02|0.33|43.8331|20.3517
16|38|0|0|2.9|16.1|0|37.7|46.0|0.02|0.33|43.834|21.2427
16|39|0|315|4.4|16.1|0|37.9|46.0|0.02|0.33|43.8338|21.2427
16|40|0|315|4.8|16.1|0|37.9|45.8|0.02|0.33|43.8321|20.3517
16|41|0|315|2.9|16.1|0|38.0|45.7|0.01|0.33|43.8333|20.9767
16|42|0|0|1.6|16.1|0|38.2|45.6|0.01|0.33|43.8314|20.9767
16|43|0|0|1.5|16.1|0|38.4|45.6|0.01|0.33|43.8311|20.9767
16|45|0|0|4.4|16.1|0|38.5|45.4|0.01|0.33|43.828|20.9767
16|46|0|0|5.8|16.1|0|38.5|45.3|0.01|0.33|43.8245|20.9767
16|47|0|0|5.8|16.1|0|38.7|45.2|0.01|0.33|43.8223|20.9767
16|48|0|0|6.4|16.1|0|38.7|45.2|0.01|0.33|43.8228|20.9767
16|49|0|0|2.9|16.1|0|38.9|45.2|0.01|0.33|43.8252|20.9767
16|50|0|0|4.4|16.1|0|38.9|45.2|0.01|0.33|43.826|20.9767
16|51|0|0|5.8|16.1|0|39.0|45.0|0.01|0.33|43.8288|21.5873
16|52|0|0|5.8|16.1|0|39.1|44.9|0.01|0.33|43.8308|20.6908
16|53|0|0|4.4|16.1|0|39.2|44.8|0.01|0.33|43.8309|20.6908
16|54|0|0|4.4|16.1|0|39.2|44.8|0.01|0.33|43.8322|20.6908
16|55|0|0|1.5|16.1|0|39.4|44.8|0.01|0.33|43.8344|20.6908
16|56|0|45|4.8|16.1|0|39.5|44.7|0.01|0.33|43.8364|20.6908
16|57|0|0|4.4|16.1|0|39.6|44.7|0.01|0.33|43.8357|20.6908
16|59|0|45|1.5|16.1|0|39.6|44.6|0.01|0.33|43.8354|20.6908
17|00|0|0|1.5|16.1|0|39.6|44.6|0.01|0.33|43.8363|20.6908
17|03|0|0|4.4|16.1|0|39.4|44.4|0.01|0.33|43.837|20.6908
17|04|0|45|2.9|16.1|0|39.7|44.4|0.01|0.33|43.841|20.6908
17|05|0|45|1.6|16.1|0|39.9|44.3|0.01|0.33|43.8421|20.6908
17|06|0|0|1.5|16.1|0|39.7|44.3|0.01|0.33|43.8469|20.6908
17|07|0|23|2.9|16.1|0|39.7|44.2|0.01|0.33|43.846|20.6908
17|08|0|23|2.9|16.1|0|39.7|44.2|0.01|0.33|43.8476|20.6908
17|10|0|0|1.5|16.1|0|39.5|44.0|0.01|0.33|43.8494|20.6908
17|11|0|0|3.2|16.1|0|39.7|43.9|0.01|0.33|43.85|19.794
17|12|0|0|1.5|16.1|0|39.7|43.9|0.01|0.33|43.8496|19.794
17|13|0|0|1.6|16.1|0|39.8|43.8|0.01|0.33|43.8521|19.794
17|14|0|0|2.9|16.1|0|39.9|43.7|0.01|0.33|43.8494|19.794
17|15|0|0|3.2|16.1|0|39.8|43.6|0.01|0.33|43.8541|19.794
17|16|0|0|4.8|16.1|0|39.9|43.4|0.00|0.33|43.8552|19.794
17|18|0|0|1.5|16.1|0|40.2|43.2|0.00|0.33|43.8544|20.3858
17|19|0|0|2.9|16.1|0|40.3|43.1|0.00|0.33|43.853|20.3858
17|20|0|0|2.9|16.1|0|40.4|43.0|0.00|0.33|43.8519|20.3858
17|21|0|0|1.5|16.1|0|40.5|42.9|0.00|0.33|43.8531|19.4862
17|22|0|0|1.5|16.1|0|40.7|42.9|0.00|0.33|43.8549|19.4862
17|23|0|0|1.5|16.1|0|40.9|42.7|0.00|0.33|43.853|19.4862
17|24|0|0|2.9|16.1|0|40.9|42.6|0.00|0.33|43.8513|19.4862
17|26|0|0|2.9|16.1|0|41.2|42.3|0.00|0.33|43.8503|20.0625
17|27|0|0|3.2|16.1|0|41.3|42.2|0.00|0.33|43.8513|20.0625
17|28|0|0|1.5|16.1|0|41.4|42.2|0.00|0.33|43.8536|20.0625
17|29|0|0|1.5|16.1|0|41.5|42.2|0.00|0.33|43.8548|20.0625
17|30|0|0|1.5|16.1|0|41.6|42.1|0.00|0.33|43.856|20.0625
17|31|0|0|1.5|16.1|0|41.6|42.1|0.00|0.33|43.8554|20.0625
17|32|0|0|0.0|16.1|0|41.6|42.1|0.00|0.33|43.8581|20.0625
17|33|0|315|1.5|16.1|0|41.7|42.0|0.00|0.33|43.8586|20.0625
17|34|0|315|0.0|16.1|0|41.7|42.0|0.00|0.33|43.8589|20.0625
17|35|0|315|0.0|16.1|0|41.7|41.9|0.00|0.33|43.8617|19.1602
17|36|0|0|2.9|16.1|0|41.8|41.8|0.00|0.33|43.8622|19.1602
17|37|0|45|1.6|16.1|0|41.9|41.7|0.00|0.33|43.8647|19.1602
17|39|0|45|2.9|16.1|0|42.1|41.6|0.00|0.33|43.8647|19.7217
17|40|0|23|1.5|16.1|0|42.1|41.6|0.00|0.33|43.8651|19.7217
17|42|0|0|1.5|16.1|0|42.2|41.5|0.00|0.33|43.8642|19.7217
17|45|0|0|1.5|16.1|0|42.3|41.3|0.00|0.33|43.8681|19.7217
17|46|0|0|2.9|16.1|0|42.3|41.3|0.00|0.33|43.8701|19.7217
17|47|0|315|2.9|16.1|0|42.4|41.2|0.00|0.33|43.8683|19.7217
17|48|0|315|1.6|16.1|0|42.2|41.1|0.01|0.34|43.8701|19.7217
17|49|0|315|1.5|16.1|0|42.3|40.9|0.01|0.34|43.8693|18.8168
17|50|0|315|0.0|16.1|0|42.6|40.8|0.01|0.34|43.8678|18.8168
17|51|0|315|0.0|16.1|0|42.8|40.8|0.01|0.34|43.8698|18.8168
17|52|0|315|0.0|16.1|0|43.0|40.7|0.01|0.34|43.8723|19.3642
17|53|0|315|0.0|16.1|0|43.1|40.5|0.01|0.34|43.8746|19.3642
17|55|0|315|2.9|16.1|0|43.4|40.3|0.01|0.34|43.8745|19.3642
17|57|0|315|1.5|16.1|0|43.6|40.1|0.01|0.34|43.8751|19.3642
17|58|0|315|1.6|16.1|0|43.9|40.0|0.01|0.34|43.8753|19.3642
17|59|0|315|0.0|16.1|0|44.1|39.9|0.01|0.34|43.8795|18.9905
18|00|0|315|1.5|16.1|0|44.3|39.8|0.01|0.34|43.8794|18.9905
18|01|0|315|1.5|16.1|0|44.5|39.7|0.01|0.34|43.8806|18.9905
18|02|0|315|2.9|16.1|0|44.5|39.5|0.01|0.34|43.8834|18.9905
18|03|0|315|1.5|16.1|0|44.8|39.4|0.01|0.34|43.8824|18.9905
18|04|0|315|1.5|16.1|0|45.0|39.3|0.01|0.34|43.8849|19.5136
18|05|0|315|1.6|16.1|0|45.1|39.2|0.01|0.34|43.8862|19.5136
18|06|0|315|2.9|16.1|0|45.2|39.1|0.01|0.34|43.8878|19.5136
18|07|0|315|2.9|16.1|0|45.1|38.9|0.01|0.34|43.8854|18.6013
18|08|0|315|1.5|16.1|0|45.4|38.7|0.01|0.34|43.8861|18.6013
18|11|0|338|1.6|16.1|0|46.3|38.4|0.01|0.34|43.8898|19.1119
18|12|0|315|2.9|16.1|0|46.1|38.3|0.01|0.34|43.8902|19.1119
18|14|0|338|2.9|16.1|0|46.1|38.3|0.01|0.34|43.8946|19.1119
18|16|0|315|1.5|16.1|0|46.5|38.1|0.01|0.34|43.8954|19.1119
18|18|0|315|0.0|16.1|0|46.9|38.1|0.01|0.34|43.8976|19.1119
18|20|0|270|2.9|16.1|0|47.0|38.1|0.01|0.34|43.8965|19.6128
18|21|0|270|2.9|16.1|0|47.2|38.0|0.01|0.34|43.897|19.6128
18|22|0|270|1.5|16.1|0|47.4|38.0|0.01|0.34|43.8971|19.6128
18|23|0|270|1.6|16.1|0|47.3|38.1|0.01|0.34|43.8981|19.6128
18|25|0|270|0.0|16.1|0|47.4|38.1|0.01|0.34|43.8997|19.6128
18|26|0|270|0.0|16.1|0|47.5|38.1|0.01|0.34|43.8994|19.6128
18|27|0|270|1.6|16.1|0|47.5|38.1|0.01|0.34|43.8996|19.6128
18|28|0|270|1.5|16.1|0|47.3|38.1|0.01|0.34|43.8979|19.6128
18|30|0|270|1.5|16.1|0|47.3|38.0|0.02|0.35|43.8971|19.6128
18|31|0|270|0.0|16.1|0|47.3|38.1|0.02|0.35|43.8992|19.6128
18|32|0|270|0.0|16.1|0|47.3|38.1|0.02|0.35|43.8995|19.6128
18|33|0|270|0.0|16.1|0|47.3|38.1|0.02|0.35|43.9009|19.6128
18|35|0|270|1.6|16.1|0|47.3|38.1|0.02|0.35|43.9033|19.6128
18|36|0|270|1.5|16.1|0|47.2|38.1|0.02|0.35|43.9043|19.6128
18|37|0|270|1.5|16.1|0|47.2|38.1|0.02|0.35|43.9053|19.6128
18|38|0|315|1.6|16.1|0|47.3|38.0|0.02|0.35|43.9052|19.6128
18|39|0|315|2.9|16.1|0|47.3|38.0|0.02|0.35|43.9066|19.6128
18|40|0|315|1.6|16.1|0|47.3|38.0|0.02|0.35|43.9082|19.6128
18|41|0|315|1.5|16.1|0|47.3|37.8|0.02|0.35|43.9107|18.6958
18|43|0|315|1.5|16.1|0|47.2|38.1|0.02|0.35|43.9123|19.6128
18|45|0|315|1.5|16.1|0|47.1|38.1|0.02|0.35|43.912|19.6128
18|45|0|315|1.5|16.1|0|47.1|38.1|0.02|0.35|43.9123|19.6128
18|47|0|0|0.0|16.1|0|47.0|38.1|0.02|0.35|43.9137|19.6128
18|48|0|270|1.5|16.1|0|47.0|38.1|0.02|0.35|43.9129|19.6128
18|49|0|270|1.6|16.1|0|46.8|38.1|0.01|0.35|43.9139|19.1119
18|50|0|270|1.5|16.1|0|46.4|38.0|0.01|0.35|43.9154|19.1119
18|51|0|270|0.0|16.1|0|46.2|38.0|0.01|0.35|43.9178|19.1119
18|53|0|270|0.0|16.1|0|46.2|37.8|0.01|0.35|43.9193|18.1971
18|54|0|270|1.6|16.1|0|46.1|37.8|0.01|0.35|43.9213|18.1971
18|55|0|270|0.0|16.1|0|46.2|37.8|0.01|0.35|43.9248|18.1971
18|56|0|270|0.0|16.1|0|46.3|37.7|0.01|0.35|43.9229|18.1971
18|57|0|225|2.9|16.1|0|46.3|37.7|0.01|0.35|43.9216|18.1971
18|58|0|270|1.5|16.1|0|46.4|37.6|0.01|0.35|43.9218|18.1971
18|59|0|315|1.6|16.1|0|46.3|37.6|0.01|0.35|43.9225|18.1971
19|00|0|270|2.9|16.1|0|46.4|37.5|0.01|0.35|43.9225|18.1971
19|01|0|270|1.5|16.1|0|46.5|37.4|0.01|0.35|43.9206|18.1971
19|02|0|270|1.6|16.1|0|46.4|37.5|0.01|0.35|43.9243|18.1971
19|03|0|270|1.5|16.1|0|46.5|37.4|0.01|0.35|43.9224|18.1971
19|04|0|225|1.5|16.1|0|46.6|37.4|0.01|0.35|43.9236|18.1971
19|05|0|45|1.5|16.1|0|46.0|37.4|0.01|0.35|43.9251|18.1971
19|07|0|0|1.5|16.1|0|45.7|37.4|0.01|0.35|43.9258|17.6887
19|08|0|0|1.6|16.1|0|45.3|37.4|0.01|0.35|43.9245|17.6887
19|09|0|0|2.9|16.1|0|45.0|37.3|0.01|0.35|43.9226|17.6887
19|10|0|0|3.2|16.1|0|44.7|37.4|0.01|0.35|43.9252|17.1702
19|11|0|0|1.5|16.1|0|44.7|37.4|0.01|0.35|43.9267|17.1702
19|12|0|45|2.9|16.1|0|44.4|37.5|0.01|0.35|43.9265|17.1702
19|13|0|315|1.5|16.1|0|44.3|37.6|0.01|0.35|43.9267|17.1702
19|14|0|0|3.2|16.1|0|44.1|37.7|0.01|0.35|43.9276|17.1702
19|15|0|0|2.9|16.1|0|43.7|37.7|0.01|0.35|43.9278|16.6411
19|16|0|0|2.9|16.1|0|43.7|37.7|0.01|0.35|43.9281|16.6411
19|18|0|0|2.9|16.1|0|43.2|37.8|0.01|0.35|43.9314|16.6411
19|19|0|23|3.2|16.1|0|42.7|38.0|0.01|0.35|43.9306|17.0064
19|20|0|0|2.9|16.1|0|42.5|38.1|0.01|0.35|43.9318|17.0064
19|21|0|0|3.2|16.1|0|42.2|38.2|0.01|0.35|43.9284|17.0064
19|22|0|0|5.8|16.1|0|42.0|38.3|0.01|0.35|43.9258|17.0064
19|23|0|0|1.5|16.1|0|41.9|38.4|0.01|0.35|43.9274|16.4522
19|24|0|0|9.7|16.1|0|42.0|38.5|0.01|0.35|43.9256|17.0064
19|26|0|0|2.9|16.1|0|40.9|38.6|0.01|0.35|43.9291|15.886
19|27|0|0|4.4|16.1|0|40.8|38.7|0.01|0.35|43.9284|15.886
19|28|0|0|4.4|16.1|0|40.6|38.9|0.01|0.35|43.931|15.886
19|29|0|0|4.4|16.1|0|40.5|38.9|0.00|0.35|43.9289|15.886
19|30|0|0|2.9|16.1|0|40.5|39.0|0.00|0.35|43.9284|16.7863
19|31|0|0|4.4|16.1|0|40.7|39.1|0.00|0.35|43.9267|16.7863
19|32|0|0|4.4|16.1|0|40.4|39.1|0.00|0.35|43.9273|16.7863
19|33|0|0|5.8|16.1|0|40.2|39.1|0.00|0.35|43.927|16.7863
19|34|0|0|2.9|16.1|0|40.1|39.1|0.00|0.35|43.9283|16.7863
19|35|0|0|1.5|16.1|0|40.1|39.1|0.00|0.35|43.9269|16.7863
19|36|0|0|2.9|16.1|0|40.0|39.1|0.00|0.35|43.9275|16.7863
19|37|0|0|1.6|16.1|0|40.1|39.1|0.00|0.35|43.9299|16.7863
19|38|0|0|4.4|16.1|0|40.0|39.1|0.00|0.35|43.9282|16.7863
19|40|0|0|1.5|16.1|0|40.1|39.1|0.00|0.35|43.9297|16.7863
19|42|0|0|2.9|16.1|0|39.8|39.0|0.01|0.36|43.9323|16.2048
19|43|0|0|1.6|16.1|0|40.0|39.1|0.01|0.36|43.9339|16.7863
19|45|0|315|0.0|16.1|0|40.0|39.1|0.01|0.36|43.932|16.7863
19|46|0|248|3.2|16.1|0|39.9|39.1|0.01|0.36|43.9331|16.2048
19|47|0|315|1.6|16.1|0|39.9|39.1|0.01|0.36|43.932|16.2048
19|48|0|270|0.0|16.1|0|40.0|39.1|0.01|0.36|43.9337|16.7863
19|49|0|270|1.5|16.1|0|40.0|39.0|0.01|0.36|43.933|16.7863
19|50|0|0|0.0|16.1|0|40.1|39.0|0.01|0.36|43.9325|16.7863
19|51|0|315|2.9|16.1|0|40.0|38.9|0.01|0.36|43.9326|15.886
19|52|0|270|3.2|16.1|0|40.5|38.7|0.01|0.36|43.9313|15.886
19|53|0|270|2.9|16.1|0|41.5|38.5|0.01|0.36|43.929|16.4522
19|55|0|270|2.9|16.1|0|43.4|38.2|0.01|0.36|43.9324|17.549
19|56|0|338|1.5|16.1|0|44.0|38.1|0.01|0.36|43.9337|18.0804
19|57|0|0|1.5|16.1|0|44.7|38.0|0.01|0.36|43.9334|18.0804
19|58|0|315|2.9|16.1|0|45.0|37.7|0.01|0.36|43.9329|17.6887
19|59|0|270|1.6|16.1|0|44.7|37.6|0.01|0.36|43.9322|17.1702
20|00|0|270|1.5|16.1|0|44.7|37.4|0.01|0.36|43.9317|17.1702
20|01|0|315|1.6|16.1|0|44.9|37.3|0.01|0.36|43.9321|17.1702
20|02|0|270|1.6|16.1|0|45.1|37.1|0.01|0.36|43.9306|17.6887
20|03|0|0|1.5|16.1|0|45.3|37.0|0.01|0.36|43.9318|17.6887
20|04|0|315|1.5|3.2|315|45.7|36.6|0.01|0.00|43.9316|16.776
20|05|0|315|1.5|3.2|315|46.0|36.5|0.01|0.00|43.9316|17.2822
20|07|0|315|2.9|3.2|315|46.1|36.3|0.01|0.00|43.9321|17.2822
20|08|0|315|2.9|3.2|315|46.1|36.0|0.01|0.00|43.931|17.2822
20|09|0|270|1.6|3.2|315|46.1|35.9|0.01|0.00|43.9299|16.367
20|10|0|270|2.9|4.8|270|46.1|35.9|0.01|0.00|43.9317|16.367
20|11|0|270|1.5|4.8|270|46.2|35.9|0.01|0.00|43.9307|16.367
20|12|0|270|1.5|4.8|270|46.4|35.9|0.01|0.00|43.9326|16.367
20|13|0|0|1.6|4.8|270|46.3|35.9|0.01|0.00|43.9332|16.367
20|14|0|0|1.5|4.8|270|46.2|35.9|0.01|0.00|43.9345|16.367
20|15|0|0|1.5|4.8|270|46.5|35.8|0.01|0.00|43.9362|16.367
20|16|0|315|2.9|4.8|270|47.0|35.7|0.01|0.00|43.9381|16.8613
20|17|0|315|1.5|4.8|270|47.3|35.7|0.01|0.00|43.9394|16.8613
20|18|0|270|1.5|4.8|270|47.5|35.7|0.01|0.00|43.9363|16.8613
20|19|0|270|1.6|4.8|270|47.6|35.6|0.01|0.00|43.938|16.8613
20|20|0|270|0.0|4.8|270|47.4|35.6|0.02|0.01|43.9371|16.8613
20|21|0|270|1.5|4.8|270|47.5|35.5|0.02|0.01|43.9381|16.8613
20|22|0|270|1.5|4.8|270|47.7|35.4|0.02|0.01|43.9363|16.8613
20|23|0|270|0.0|4.8|270|47.8|35.4|0.02|0.01|43.937|16.8613
20|25|0|270|0.0|4.8|270|48.0|35.3|0.02|0.01|43.9384|17.3463
20|26|0|270|0.0|4.8|270|48.0|35.3|0.02|0.01|43.9379|17.3463
20|27|0|270|1.5|4.8|270|48.1|35.3|0.02|0.01|43.94|17.3463
20|28|0|270|1.5|4.8|270|48.3|35.2|0.02|0.01|43.9414|17.3463
20|29|0|315|1.5|4.8|270|48.1|35.0|0.02|0.01|43.9421|17.3463
20|30|0|0|1.5|4.8|270|48.0|34.9|0.02|0.01|43.9433|16.4267
20|31|0|315|4.8|4.8|270|47.7|34.9|0.02|0.01|43.9453|15.9438
20|32|0|315|3.2|4.8|270|47.7|34.7|0.02|0.01|43.9466|15.9438
20|33|0|338|1.5|4.8|270|47.7|34.6|0.02|0.01|43.945|15.9438
20|34|0|0|1.6|4.8|270|48.1|34.4|0.02|0.01|43.9443|16.4267
20|36|0|315|2.9|4.8|270|49.0|33.9|0.02|0.01|43.9398|15.9787
20|37|0|315|3.2|4.8|270|49.5|33.8|0.02|0.01|43.9374|15.9787
20|38|0|315|2.9|4.8|270|49.8|33.8|0.02|0.01|43.9368|15.9787
20|39|0|315|4.4|6.4|315|50.5|33.6|0.02|0.01|43.9355|16.4421
20|40|0|0|2.9|6.4|315|50.8|33.5|0.02|0.01|43.9354|16.4421
20|42|0|0|2.9|6.4|315|51.4|33.2|0.02|0.01|43.9353|16.8974
20|44|0|0|3.2|6.4|315|52.1|33.1|0.02|0.01|43.9354|17.3447
20|45|0|338|2.9|6.4|315|52.6|33.0|0.02|0.01|43.9355|17.3447
20|46|0|338|4.8|6.4|315|53.2|33.0|0.02|0.01|43.9377|17.7846
20|48|0|338|4.4|6.4|315|54.0|32.9|0.02|0.01|43.9395|17.2849
20|49|0|315|4.4|6.4|315|54.0|32.9|0.02|0.01|43.9391|17.2849
20|50|0|315|4.4|6.4|315|54.1|32.9|0.02|0.01|43.942|17.2849
20|51|0|315|4.4|6.4|315|54.1|32.8|0.02|0.01|43.9426|17.2849
20|52|0|315|5.8|6.4|315|54.2|32.8|0.01|0.01|43.9462|17.2849
20|53|0|315|7.3|8.1|315|54.5|32.7|0.01|0.01|43.9461|17.2849
20|54|0|315|4.4|8.1|315|54.5|32.6|0.01|0.01|43.9457|17.2849
20|55|0|315|4.8|8.1|315|54.4|32.5|0.01|0.01|43.9462|17.2849
20|56|0|315|2.9|8.1|315|54.2|32.2|0.01|0.01|43.9459|17.2849
20|57|0|315|4.4|8.1|315|54.6|32.0|0.01|0.01|43.9467|17.2849
20|58|0|315|4.4|8.1|315|55.2|31.9|0.01|0.01|43.9472|16.7741
20|59|0|315|4.4|8.1|315|55.6|31.8|0.01|0.01|43.9484|16.7741
21|00|0|315|4.8|8.1|315|56.0|31.7|0.01|0.01|43.9485|17.189
21|01|0|315|4.4|8.1|315|56.2|31.5|0.01|0.01|43.9499|17.189
21|02|0|315|3.2|8.1|315|56.4|31.5|0.01|0.01|43.9494|17.189
21|04|0|315|4.8|8.1|315|56.4|31.5|0.01|0.01|43.9526|17.189
21|05|0|315|4.4|8.1|315|56.4|31.4|0.01|0.01|43.9499|17.189
21|06|0|315|3.2|8.1|315|56.5|31.4|0.01|0.01|43.9486|17.189
21|07|0|315|4.4|8.1|315|56.4|31.4|0.01|0.01|43.9495|17.189
21|08|0|315|4.8|8.1|315|56.3|31.5|0.01|0.01|43.9504|17.189
21|09|0|338|4.4|8.1|315|56.2|31.7|0.01|0.01|43.951|17.189
21|10|0|338|4.4|8.1|315|56.2|31.7|0.01|0.01|43.95|17.189
21|11|0|315|4.4|8.7|315|56.4|31.7|0.01|0.01|43.9507|17.189
21|12|0|315|5.8|8.7|315|56.4|31.8|0.01|0.01|43.9517|17.189
21|13|0|315|4.4|8.7|315|56.4|31.9|0.01|0.01|43.9515|17.189
21|14|0|315|4.8|8.7|315|56.2|32.0|0.01|0.01|43.9515|18.1251
21|16|0|338|4.8|8.7|315|55.9|32.1|0.01|0.01|43.9533|17.7084
21|17|0|315|4.4|8.7|315|55.7|32.2|0.01|0.01|43.9537|17.7084
21|19|0|315|3.2|8.7|315|55.2|32.2|0.00|0.01|43.9515|17.7084
21|20|0|315|7.3|8.7|315|55.1|32.2|0.00|0.01|43.9518|17.7084
21|21|0|315|4.8|8.7|315|55.3|32.1|0.00|0.01|43.9522|17.7084
21|22|0|315|5.8|8.7|315|55.5|32.0|0.00|0.01|43.9524|17.7084
21|24|0|338|4.4|8.7|315|55.7|31.9|0.00|0.01|43.9539|16.7741
21|25|0|0|2.9|8.7|315|55.8|31.9|0.00|0.01|43.9563|16.7741
21|26|0|0|4.4|8.7|315|55.8|31.9|0.00|0.01|43.954|16.7741
21|27|0|0|2.9|8.7|315|56.4|32.0|0.00|0.01|43.9546|18.1251
21|28|0|315|2.9|8.7|315|56.3|32.0|0.01|0.02|43.9542|18.1251
21|29|0|315|4.4|8.7|315|56.0|32.1|0.01|0.02|43.9525|18.1251
21|30|0|315|4.4|8.7|315|55.6|32.1|0.01|0.02|43.9509|17.7084
21|31|0|0|1.6|8.7|315|55.4|32.2|0.01|0.02|43.9539|17.7084
21|32|0|338|2.9|8.7|315|55.3|32.2|0.01|0.02|43.9561|17.7084
21|33|0|315|2.9|8.7|315|55.1|32.2|0.01|0.02|43.9564|17.7084
21|34|0|315|2.9|8.7|315|55.0|32.2|0.01|0.02|43.9558|17.7084
21|35|0|315|1.5|8.7|315|54.9|32.3|0.01|0.02|43.9612|17.2849
21|36|0|0|1.5|8.7|315|54.9|32.3|0.01|0.02|43.9604|17.2849
21|37|0|315|1.5|8.7|315|54.8|32.3|0.01|0.02|43.9613|17.2849
21|39|0|225|0.0|8.7|315|54.6|32.3|0.01|0.02|43.9666|17.2849
21|40|0|180|2.9|8.7|315|54.6|32.3|0.01|0.02|43.9666|17.2849
21|42|0|180|4.8|8.7|315|55.0|32.2|0.01|0.02|43.967|17.7084
21|42|0|135|1.5|8.7|315|55.9|32.1|0.01|0.02|43.9704|17.7084
21|44|0|225|1.5|8.7|315|56.4|32.1|0.01|0.02|43.9709|18.1251
21|45|0|225|0.0|8.7|315|56.4|32.1|0.01|0.02|43.972|18.1251
21|46|0|203|2.9|8.7|315|56.5|32.0|0.01|0.02|43.9722|18.1251
21|47|0|225|1.5|8.7|315|56.8|32.0|0.01|0.02|43.9738|18.1251
21|48|0|225|1.5|8.7|315|57.0|31.9|0.01|0.02|43.9735|17.5973
21|49|0|225|0.0|8.7|315|56.9|31.9|0.01|0.02|43.9755|17.189
21|50|0|225|0.0|8.7|315|56.9|31.8|0.01|0.02|43.9749|17.189
21|51|0|225|0.0|8.7|315|57.1|31.8|0.01|0.02|43.9759|17.5973
21|52|0|90|1.5|8.7|315|57.2|31.7|0.01|0.02|43.9743|17.5973
21|53|0|315|0.0|8.7|315|57.3|31.5|0.01|0.02|43.9777|17.5973
21|54|0|315|0.0|8.7|315|57.3|31.4|0.01|0.02|43.9765|17.5973
21|55|0|315|0.0|8.7|315|57.2|31.4|0.01|0.02|43.9767|17.5973
21|56|0|315|0.0|8.7|315|57.1|31.3|0.01|0.02|43.978|17.5973
21|57|0|315|1.5|8.7|315|57.3|31.3|0.01|0.02|43.977|17.5973
21|58|0|270|1.5|8.7|315|57.4|31.2|0.01|0.02|43.9772|17.5973
21|59|0|338|1.5|8.7|315|57.5|31.1|0.01|0.02|43.9779|17.5973
22|00|0|315|1.5|8.7|315|57.6|31.1|0.01|0.02|43.978|17.5973
22|03|0|315|3.2|8.7|315|57.5|30.9|0.01|0.03|43.9799|16.6592
22|03|0|315|1.5|8.7|315|57.3|30.8|0.02|0.03|43.9837|16.6592
22|05|0|315|1.6|8.7|315|57.3|30.6|0.02|0.03|43.9836|16.6592
22|06|0|315|2.9|8.7|315|56.8|30.5|0.02|0.03|43.9822|16.2527
22|07|0|315|2.9|8.7|315|56.5|30.3|0.02|0.03|43.9793|16.2527
22|08|0|315|2.9|8.7|315|56.5|30.2|0.02|0.03|43.9789|16.2527
22|09|0|315|3.2|8.7|315|56.7|30.0|0.02|0.03|43.9803|16.2527
22|10|0|315|1.5|8.7|315|56.6|29.9|0.02|0.03|43.9811|15.3162
22|11|0|315|1.5|8.7|315|56.5|29.6|0.02|0.03|43.9814|15.3162
22|13|0|315|2.9|8.7|315|57.3|29.3|0.02|0.03|43.9874|15.7209
22|15|0|315|1.5|8.7|315|58.2|29.0|0.02|0.03|43.9879|16.1192
22|17|0|315|2.9|8.7|315|58.9|28.8|0.02|0.03|43.9884|15.179
22|18|0|0|2.9|8.7|315|59.4|28.7|0.02|0.03|43.9884|15.5695
22|19|0|0|3.2|8.7|315|59.7|28.7|0.02|0.03|43.9879|15.5695
22|20|0|0|1.5|8.7|315|60.0|28.7|0.02|0.03|43.986|15.9542
22|21|0|0|2.9|8.7|315|60.2|28.7|0.02|0.03|43.9866|15.9542
22|22|0|0|3.2|8.7|315|60.3|28.8|0.02|0.03|43.9862|15.9542
22|23|0|0|2.9|8.7|315|60.1|29.0|0.02|0.03|43.9878|16.898
22|25|0|0|2.9|8.7|315|59.7|29.1|0.02|0.03|43.9903|16.5116
22|26|0|0|2.9|8.7|315|59.5|29.1|0.02|0.03|43.9892|16.5116
22|27|0|0|3.2|8.7|315|59.4|29.2|0.01|0.03|43.9901|16.5116
22|28|0|315|2.9|8.7|315|59.1|29.3|0.01|0.03|43.9898|16.5116
22|29|0|338|1.6|8.7|315|58.8|29.4|0.01|0.03|43.9914|16.1192
22|30|0|338|1.5|8.7|315|58.5|29.4|0.01|0.03|43.9908|16.1192
22|31|0|338|1.5|8.7|315|58.0|29.4|0.01|0.03|43.9946|16.1192
22|32|0|0|1.6|8.7|315|57.6|29.3|0.01|0.03|43.995|15.7209
22|33|0|0|2.9|8.7|315|57.8|29.3|0.01|0.03|43.996|15.7209
22|34|0|0|1.6|8.7|315|57.7|29.3|0.01|0.03|43.9992|15.7209
22|35|0|0|2.9|8.7|315|57.7|29.3|0.01|0.03|43.9987|15.7209
22|37|0|315|1.6|8.7|315|57.7|29.2|0.01|0.03|43.997|15.7209
22|38|0|0|1.5|8.7|315|57.7|29.2|0.01|0.03|43.9983|15.7209
22|39|0|0|2.9|8.7|315|57.6|29.1|0.01|0.03|43.9963|15.7209
22|40|0|0|1.6|8.7|315|57.6|29.1|0.01|0.03|43.9957|15.7209
22|41|0|0|0.0|8.7|315|57.5|29.1|0.01|0.03|43.9957|15.7209
22|42|0|0|1.5|8.7|315|57.4|29.2|0.01|0.03|43.9965|15.7209
22|43|0|0|1.5|8.7|315|57.3|29.2|0.01|0.03|43.9944|15.7209
22|44|0|0|0.0|8.7|315|57.2|29.2|0.01|0.03|43.9972|15.7209
22|45|0|0|1.5|8.7|315|57.1|29.3|0.01|0.03|43.9963|15.7209
22|46|0|0|0.0|8.7|315|56.9|29.3|0.01|0.03|43.9986|15.3162
22|47|0|0|1.5|8.7|315|56.9|29.3|0.01|0.03|43.9987|15.3162
22|48|0|0|0.0|8.7|315|56.8|29.4|0.01|0.03|44.0011|15.3162
22|49|0|0|1.5|8.7|315|56.7|29.3|0.01|0.03|44.0004|15.3162
22|50|0|0|1.5|8.7|315|56.7|29.3|0.01|0.03|44.0022|15.3162
22|52|0|0|0.0|8.7|315|56.5|29.3|0.01|0.03|44.0018|15.3162
22|52|0|0|0.0|8.7|315|56.3|29.3|0.01|0.03|44.0006|15.3162
22|54|0|0|1.6|8.7|315|56.3|29.2|0.01|0.03|44.001|15.3162
22|55|0|0|2.9|8.7|315|56.4|29.1|0.01|0.03|43.9994|15.3162
22|56|0|315|3.2|8.7|315|56.4|29.1|0.01|0.03|43.9982|15.3162
22|57|0|315|1.5|8.7|315|56.4|28.8|0.01|0.03|43.9954|14.3797
22|58|0|315|1.5|8.7|315|56.4|28.8|0.01|0.03|43.997|14.3797
22|59|0|315|2.9|8.7|315|56.4|28.8|0.01|0.03|43.9974|14.3797
23|00|0|315|2.9|8.7|315|56.4|28.7|0.01|0.03|43.9964|14.3797
23|01|0|315|1.6|8.7|315|56.3|28.7|0.01|0.03|43.9973|14.3797
23|02|0|270|1.5|8.7|315|56.3|28.6|0.00|0.03|43.9975|14.3797
23|03|0|270|1.6|8.7|315|56.7|28.5|0.00|0.03|43.9989|14.3797
23|05|0|270|1.6|8.7|315|56.8|28.5|0.00|0.03|44.0015|14.3797
23|07|0|270|1.5|8.7|315|57.4|28.4|0.00|0.03|44.0024|14.7824
23|08|0|270|1.5|8.7|315|57.7|28.3|0.00|0.03|44.0031|14.7824
23|09|0|270|1.5|8.7|315|58.0|28.2|0.00|0.03|44.0021|15.179
23|11|0|270|1.6|8.7|315|58.3|28.1|0.00|0.03|44.0018|15.179
23|13|0|270|1.5|8.7|315|58.3|28.1|0.00|0.03|44.003|15.179
23|14|0|270|1.6|8.7|315|58.5|28.0|0.00|0.03|44.0028|15.179
23|15|0|270|1.5|8.7|315|58.6|27.8|0.00|0.03|44.0035|14.2386
23|16|0|270|1.5|8.7|315|58.7|27.7|0.00|0.03|44.0058|14.2386
23|17|0|270|1.5|8.7|315|59.0|27.6|0.00|0.03|44.0038|14.6273
23|18|0|270|0.0|8.7|315|59.2|27.6|0.00|0.03|44.0059|14.6273
23|19|0|270|1.5|8.7|315|59.3|27.5|0.00|0.03|44.0026|14.6273
23|20|0|270|1.5|8.7|315|59.6|27.4|0.00|0.03|44.0034|14.6273
23|21|0|270|0.0|8.7|315|60.3|27.3|0.00|0.03|44.0015|15.0103
23|22|0|180|1.6|8.7|315|61.0|27.3|0.00|0.03|44.0038|15.3876
23|23|0|180|1.5|8.7|315|61.5|27.2|0.00|0.03|44.0043|15.3876
23|24|0|180|1.5|8.7|315|61.9|27.0|0.00|0.03|44.0032|15.3876
23|25|0|180|1.5|8.7|315|62.0|27.0|0.00|0.03|44.0035|15.7594
23|26|0|180|0.0|8.7|315|62.1|27.0|0.00|0.03|44.0053|15.7594
23|27|0|180|0.0|8.7|315|62.4|27.0|0.00|0.03|44.0045|15.7594
23|28|0|180|0.0|8.7|315|62.7|27.0|0.00|0.03|44.0042|15.7594
23|29|0|180|0.0|8.7|315|62.9|26.9|0.00|0.03|44.0047|14.8119
23|30|0|180|0.0|8.7|315|62.8|26.9|0.00|0.03|44.0052|14.8119
23|32|0|180|0.0|8.7|315|62.9|26.9|0.00|0.03|44.007|14.8119
23|33|0|180|0.0|8.7|315|63.3|27.0|0.00|0.03|44.0074|16.1259
23|34|0|180|0.0|8.7|315|63.7|27.0|0.00|0.03|44.0083|16.1259
23|35|0|180|0.0|8.7|315|63.9|27.0|0.00|0.03|44.0078|16.1259
23|36|0|180|1.5|8.7|315|63.8|26.9|0.00|0.03|44.0065|15.1767
23|37|0|180|0.0|8.7|315|63.9|26.9|0.00|0.03|44.0069|15.1767
23|38|0|180|1.5|8.7|315|64.1|26.9|0.00|0.03|44.006|15.5365
23|39|0|180|1.5|8.7|315|64.3|26.8|0.01|0.04|44.0046|15.5365
23|40|0|180|1.6|8.7|315|64.1|26.7|0.01|0.04|44.0086|15.5365
23|41|0|180|0.0|8.7|315|64.0|26.7|0.01|0.04|44.0071|15.5365
23|42|0|180|1.5|8.7|315|64.1|26.6|0.01|0.04|44.0071|15.5365
23|43|0|180|0.0|8.7|315|63.9|26.6|0.01|0.04|44.007|15.1767
23|44|0|180|0.0|8.7|315|63.6|26.6|0.01|0.04|44.0086|15.1767
23|45|0|180|0.0|8.7|315|63.5|26.5|0.01|0.04|44.0079|15.1767
23|46|0|180|0.0|8.7|315|63.6|26.5|0.01|0.04|44.0075|15.1767
23|47|0|180|0.0|8.7|315|63.7|26.5|0.01|0.04|44.0083|15.1767
23|48|0|180|0.0|8.7|315|63.8|26.5|0.01|0.04|44.0079|15.1767
23|49|0|180|1.5|8.7|315|63.8|26.4|0.01|0.04|44.0078|15.1767
23|51|0|180|1.5|8.7|315|63.9|26.4|0.01|0.04|44.0083|15.1767
23|52|0|180|1.5|8.7|315|63.7|26.4|0.01|0.04|44.0096|15.1767
23|53|0|180|0.0|8.7|315|63.4|26.3|0.01|0.04|44.0077|15.1767
23|54|0|180|0.0|8.7|315|63.1|26.3|0.01|0.04|44.0086|15.1767
23|56|0|225|1.6|8.7|315|63.2|26.0|0.01|0.04|44.0096|15.1767
23|57|0|225|1.6|8.7|315|63.6|26.0|0.01|0.04|44.0111|15.1767
23|58|0|225|0.0|8.7|315|63.6|25.9|0.01|0.04|44.01|14.2274
