00|00|0|180|1.6|2.9|180|70.8|35.0|0.01|0.01|43.8478|26.2363
00|01|0|180|0.0|2.9|180|70.6|35.0|0.01|0.01|43.8483|26.2363
00|03|0|180|0.0|2.9|180|70.3|34.9|0.01|0.01|43.8465|25.2765
00|04|0|180|0.0|2.9|180|70.2|34.9|0.01|0.01|43.8485|25.2765
00|05|0|180|0.0|2.9|180|70.3|34.9|0.01|0.01|43.8504|25.2765
00|06|0|180|1.6|2.9|180|70.8|34.9|0.01|0.01|43.8504|25.2765
00|07|0|180|0.0|2.9|180|70.8|34.9|0.01|0.01|43.851|25.2765
00|08|0|180|1.5|2.9|180|70.6|34.8|0.01|0.01|43.8501|25.2765
00|09|0|180|1.6|2.9|180|70.5|34.7|0.01|0.01|43.8508|25.2765
00|10|0|180|0.0|2.9|180|70.5|34.7|0.01|0.01|43.8521|25.2765
00|11|0|180|0.0|2.9|180|71.0|34.6|0.00|0.01|43.8533|25.6167
00|12|0|180|1.5|2.9|180|71.4|34.5|0.00|0.01|43.8528|25.6167
00|13|0|180|1.6|2.9|180|71.9|34.5|0.00|0.01|43.8538|25.6167
00|14|0|180|1.5|3.2|180|72.5|34.4|0.00|0.01|43.8568|25.9526
00|15|0|90|1.5|3.2|180|73.1|34.2|0.00|0.01|43.8579|26.2844
00|16|0|90|0.0|3.2|180|73.3|34.1|0.00|0.01|43.8596|26.2844
00|17|0|90|0.0|3.2|180|73.3|34.0|0.00|0.01|43.8571|26.2844
00|18|0|90|0.0|3.2|180|73.1|34.0|0.00|0.01|43.8588|26.2844
00|19|0|90|0.0|3.2|180|73.0|33.9|0.00|0.01|43.8608|25.32
00|20|0|90|0.0|3.2|180|72.8|33.9|0.00|0.01|43.8611|24.9897
00|21|0|90|0.0|3.2|180|72.8|33.8|0.00|0.01|43.8614|24.9897
00|23|0|90|0.0|3.2|180|72.8|33.8|0.00|0.01|43.8635|24.9897
00|24|0|90|0.0|3.2|180|73.0|33.7|0.00|0.01|43.8629|25.32
00|26|0|90|0.0|3.2|180|74.0|33.7|0.00|0.01|43.8656|25.6464
00|27|0|90|0.0|3.2|180|74.8|33.6|0.00|0.01|43.8644|25.6464
00|28|0|90|0.0|3.2|180|75.4|33.7|0.00|0.01|43.8664|25.9688
00|29|0|179|0.0|3.2|180|75.6|33.6|0.00|0.01|43.8625|25.9688
00|31|0|90|0.0|3.2|180|75.3|33.6|0.00|0.01|43.8642|25.9688
00|32|0|90|0.0|3.2|180|75.4|33.6|0.00|0.01|43.8642|25.9688
00|33|0|90|0.0|3.2|180|75.4|33.5|0.00|0.01|43.865|25.9688
00|34|0|90|0.0|3.2|180|75.9|33.5|0.00|0.01|43.8651|25.9688
00|35|0|90|0.0|3.2|180|76.3|33.5|0.00|0.01|43.8633|26.2874
00|36|0|90|1.6|3.2|180|76.2|33.5|0.00|0.01|43.8642|26.2874
00|37|0|90|1.5|3.2|180|75.6|33.3|0.00|0.01|43.8637|25.9688
00|38|0|90|1.5|3.2|180|75.1|33.3|0.01|0.02|43.8625|25.9688
00|39|0|90|0.0|3.2|180|74.9|33.2|0.01|0.02|43.8621|25.6464
00|40|0|90|0.0|3.2|180|74.9|33.1|0.01|0.02|43.8628|25.6464
00|41|0|90|0.0|3.2|180|75.1|33.1|0.01|0.02|43.864|25.9688
00|45|0|180|1.6|3.2|180|75.5|32.9|0.01|0.02|43.8597|25.0013
00|46|0|180|1.5|3.2|180|76.1|32.8|0.01|0.02|43.8589|25.3185
00|47|0|135|2.9|3.2|180|76.6|32.8|0.01|0.02|43.8589|25.3185
00|48|0|135|1.6|3.2|180|77.1|32.8|0.01|0.02|43.8589|25.632
00|49|0|135|1.5|3.2|180|77.2|32.7|0.01|0.02|43.8573|25.632
00|50|0|135|1.6|3.2|180|77.2|32.7|0.01|0.02|43.8573|25.632
00|51|0|135|1.5|3.2|180|77.2|32.7|0.01|0.02|43.8561|25.632
00|52|0|135|0.0|3.2|180|77.2|32.7|0.01|0.02|43.8568|25.632
00|53|0|135|0.0|3.2|180|77.3|32.7|0.01|0.02|43.8546|25.632
00|54|0|135|0.0|3.2|180|77.4|32.7|0.01|0.02|43.8546|25.632
00|55|0|135|0.0|3.2|180|77.5|32.7|0.01|0.02|43.8553|25.632
00|57|0|135|0.0|3.2|180|77.9|32.7|0.01|0.02|43.8528|25.632
00|58|0|135|0.0|3.2|180|78.2|32.7|0.01|0.02|43.8512|25.9419
00|59|0|135|1.5|3.2|180|78.2|32.7|0.01|0.02|43.8515|25.9419
01|00|0|135|1.5|3.2|180|78.2|32.7|0.01|0.02|43.8492|25.9419
01|02|0|90|1.5|3.2|180|79.0|32.7|0.01|0.02|43.8473|26.2484
01|03|0|90|1.5|3.2|180|78.8|32.7|0.01|0.02|43.8455|25.9419
01|05|0|90|1.6|3.2|180|78.7|32.6|0.01|0.02|43.8444|25.9419
01|06|0|90|0.0|3.2|180|78.7|32.7|0.01|0.02|43.8445|25.9419
01|07|0|90|0.0|3.2|180|78.7|32.6|0.01|0.02|43.844|25.9419
01|08|0|90|1.6|3.2|180|78.7|32.6|0.01|0.02|43.8427|25.9419
01|09|0|90|1.5|3.2|180|78.7|32.6|0.01|0.02|43.8429|25.9419
01|10|0|90|1.5|3.2|180|78.7|32.6|0.01|0.02|43.842|25.9419
01|11|0|90|1.5|3.2|180|78.8|32.6|0.01|0.02|43.8437|25.9419
01|12|0|179|1.6|3.2|180|78.8|32.6|0.01|0.02|43.8437|25.9419
01|13|0|90|0.0|3.2|180|78.6|32.6|0.01|0.02|43.843|25.9419
01|14|0|90|0.0|3.2|180|78.4|32.6|0.01|0.02|43.8442|25.9419
01|15|0|90|0.0|3.2|180|78.2|32.6|0.01|0.02|43.8452|25.9419
01|17|0|90|1.5|3.2|180|78.6|32.5|0.01|0.02|43.844|25.9419
01|18|0|90|1.6|3.2|180|79.1|32.5|0.01|0.02|43.8421|26.2484
01|21|0|90|0.0|3.2|180|78.8|32.5|0.01|0.02|43.8421|25.9419
01|22|0|90|0.0|3.2|180|78.7|32.3|0.01|0.02|43.8419|25.9419
01|23|0|90|0.0|3.2|180|78.8|32.3|0.01|0.02|43.8418|25.9419
01|24|0|90|1.5|3.2|180|79.3|32.5|0.01|0.02|43.8453|26.2484
01|26|0|90|0.0|3.2|180|79.7|32.5|0.01|0.02|43.8437|26.2484
01|27|0|90|0.0|3.2|180|79.8|32.5|0.01|0.02|43.8428|26.2484
01|28|0|90|0.0|3.2|180|79.7|32.5|0.01|0.02|43.8437|26.2484
01|29|0|90|0.0|3.2|180|79.4|32.5|0.01|0.02|43.843|26.2484
01|30|0|90|0.0|3.2|180|79.2|32.5|0.01|0.02|43.8428|26.2484
01|31|0|90|0.0|3.2|180|79.7|32.5|0.01|0.02|43.8428|26.2484
01|32|0|90|0.0|3.2|180|80.4|32.5|0.01|0.02|43.8442|26.5514
01|33|0|90|0.0|3.2|180|80.8|32.5|0.01|0.02|43.8442|26.5514
01|34|0|90|0.0|3.2|180|81.0|32.5|0.01|0.02|43.8448|26.851
01|35|0|90|0.0|3.2|180|80.9|32.5|0.01|0.02|43.8449|26.5514
01|36|0|90|1.5|3.2|180|80.8|32.5|0.01|0.02|43.8441|26.5514
01|37|0|90|1.5|3.2|180|80.6|32.5|0.01|0.02|43.8457|26.5514
01|38|0|90|1.6|3.2|180|80.3|32.3|0.00|0.02|43.8442|26.5514
01|39|0|90|1.5|3.2|180|80.1|32.3|0.00|0.02|43.8441|26.5514
01|40|0|90|1.5|3.2|180|80.1|32.3|0.00|0.02|43.8441|26.5514
01|41|0|90|1.5|3.2|180|80.2|32.3|0.00|0.02|43.8446|26.5514
01|42|0|90|1.5|3.2|180|80.3|32.3|0.00|0.02|43.8443|26.5514
01|43|0|90|1.5|3.2|180|80.3|32.3|0.00|0.02|43.8446|26.5514
01|45|0|90|1.5|3.2|180|80.4|32.3|0.00|0.02|43.8418|26.5514
01|47|0|90|1.6|3.2|180|80.4|32.3|0.00|0.02|43.8435|26.5514
01|48|0|90|0.0|3.2|180|80.6|32.3|0.00|0.02|43.845|26.5514
01|49|0|90|1.5|3.2|180|80.7|32.5|0.00|0.02|43.8453|26.5514
01|50|0|90|1.5|3.2|180|80.6|32.5|0.00|0.02|43.8459|26.5514
01|51|0|90|1.5|3.2|180|80.4|32.5|0.00|0.02|43.8449|26.5514
01|52|0|90|0.0|3.2|180|80.3|32.5|0.00|0.02|43.8446|26.5514
01|53|0|90|1.5|3.2|180|80.1|32.6|0.00|0.02|43.8432|26.5514
01|54|0|90|1.6|3.2|180|79.9|32.6|0.00|0.02|43.8434|26.2484
01|55|0|90|0.0|3.2|180|79.6|32.6|0.00|0.02|43.8427|26.2484
01|56|0|90|0.0|3.2|180|79.3|32.6|0.00|0.02|43.8412|26.2484
01|57|0|90|0.0|3.2|180|79.0|32.7|0.00|0.02|43.8424|26.2484
01|58|0|90|0.0|3.2|180|78.7|32.6|0.00|0.02|43.8411|25.9419
01|59|0|90|0.0|3.2|180|78.5|32.6|0.00|0.02|43.8408|25.9419
02|00|0|90|1.5|3.2|180|78.3|32.6|0.00|0.02|43.8408|25.9419
02|01|0|90|1.5|3.2|180|77.9|32.6|0.00|0.02|43.8401|25.632
02|03|0|90|1.5|3.2|180|77.3|32.6|0.00|0.02|43.8425|25.632
02|04|0|90|1.6|3.2|180|77.0|32.5|0.00|0.02|43.8394|25.632
02|05|0|90|0.0|3.2|180|76.8|32.3|0.00|0.02|43.8408|25.3185
02|07|0|90|0.0|3.2|180|76.7|32.2|0.00|0.02|43.8392|25.3185
02|08|0|90|0.0|3.2|180|76.7|32.2|0.00|0.02|43.8394|25.3185
02|09|0|90|0.0|3.2|180|76.8|32.1|0.00|0.02|43.8382|25.3185
02|10|0|90|0.0|3.2|180|77.3|32.1|0.00|0.02|43.8366|25.632
02|11|0|90|0.0|3.2|180|77.7|32.0|0.00|0.02|43.8373|25.632
02|12|0|90|0.0|3.2|180|78.0|32.0|0.00|0.02|43.8369|25.9419
02|13|0|90|0.0|3.2|180|78.2|32.0|0.00|0.02|43.838|25.9419
02|14|0|90|0.0|3.2|180|78.1|31.9|0.00|0.02|43.8377|24.9701
02|15|0|90|0.0|3.2|180|78.0|31.9|0.00|0.02|43.8382|24.9701
02|16|0|90|0.0|3.2|180|77.9|31.9|0.00|0.02|43.8401|24.6616
02|17|0|90|0.0|3.2|180|77.7|31.8|0.00|0.02|43.8407|24.6616
02|18|0|90|0.0|3.2|180|77.7|31.8|0.00|0.02|43.8416|24.6616
02|19|0|90|0.0|3.2|180|77.7|31.7|0.00|0.02|43.8416|24.6616
02|20|0|90|0.0|3.2|180|77.8|31.7|0.00|0.02|43.8424|24.6616
02|21|0|90|0.0|3.2|180|77.9|31.7|0.00|0.02|43.8412|24.6616
02|22|0|90|0.0|3.2|180|77.9|31.5|0.00|0.02|43.8421|24.6616
02|23|0|90|0.0|3.2|180|77.9|31.5|0.00|0.02|43.8425|24.6616
02|25|0|90|1.5|3.2|180|77.7|31.4|0.00|0.02|43.8411|24.6616
02|26|0|90|1.5|3.2|180|77.8|31.3|0.00|0.02|43.8441|24.6616
02|27|0|90|1.6|3.2|180|78.2|31.3|0.00|0.02|43.8453|24.9701
02|29|0|90|1.5|3.2|180|78.8|31.3|0.00|0.02|43.8481|24.9701
02|30|0|90|0.0|3.2|180|79.2|31.3|0.00|0.02|43.8478|25.2751
02|31|0|90|0.0|3.2|180|79.2|31.3|0.00|0.02|43.8478|25.2751
02|32|0|90|1.5|3.2|180|79.3|31.2|0.00|0.02|43.8482|25.2751
02|33|0|90|0.0|3.2|180|79.4|31.2|0.00|0.02|43.8472|25.2751
02|34|0|90|0.0|3.2|180|79.6|31.2|0.00|0.02|43.8476|25.2751
02|35|0|90|0.0|3.2|180|79.8|31.2|0.00|0.02|43.8462|25.2751
02|36|0|90|0.0|3.2|180|79.9|31.2|0.00|0.02|43.8472|25.2751
02|37|0|90|0.0|3.2|180|79.8|31.2|0.00|0.02|43.849|25.2751
02|39|0|90|0.0|3.2|180|79.7|31.1|0.00|0.02|43.8489|25.2751
02|40|0|90|1.6|3.2|180|79.8|31.1|0.00|0.02|43.8472|25.2751
02|41|0|90|0.0|3.2|180|80.0|31.1|0.00|0.02|43.8494|25.5767
02|42|0|90|1.5|3.2|180|80.4|31.0|0.00|0.02|43.85|25.5767
02|44|0|90|1.5|3.2|180|80.7|31.0|0.00|0.02|43.85|25.5767
02|46|0|90|1.5|3.2|180|81.2|30.9|0.00|0.02|43.8508|24.8989
02|47|0|90|0.0|3.2|180|81.4|30.9|0.00|0.02|43.8501|24.8989
02|48|0|90|0.0|3.2|180|81.3|30.9|0.00|0.02|43.8513|24.8989
02|49|0|90|0.0|3.2|180|81.4|30.9|0.00|0.02|43.8514|24.8989
02|51|0|90|1.5|3.2|180|81.6|30.8|0.00|0.02|43.8516|24.8989
02|52|0|270|2.9|3.2|180|81.2|30.8|0.00|0.02|43.8523|24.8989
02|54|0|270|1.5|3.2|180|81.0|30.6|0.00|0.02|43.8514|24.8989
02|55|0|270|1.6|3.2|180|81.0|30.6|0.00|0.02|43.8535|24.8989
02|57|0|270|0.0|3.2|180|81.0|30.6|0.00|0.02|43.8517|24.8989
02|58|0|270|1.5|3.2|180|80.8|30.6|0.00|0.02|43.8522|24.602
02|59|0|270|0.0|3.2|180|80.7|30.6|0.00|0.02|43.8503|24.602
03|00|0|270|1.5|3.2|180|80.6|30.6|0.00|0.02|43.8515|24.602
03|01|0|270|1.6|3.2|180|80.5|30.6|0.00|0.02|43.8499|24.602
03|03|0|270|1.5|3.2|180|80.4|30.6|0.00|0.02|43.8504|24.602
03|03|0|270|0.0|3.2|180|80.3|30.6|0.00|0.02|43.8501|24.602
03|04|0|270|0.0|3.2|180|80.3|30.6|0.00|0.02|43.8507|24.602
03|05|0|270|0.0|3.2|180|80.2|30.6|0.00|0.02|43.8516|24.602
03|06|0|270|0.0|3.2|180|80.1|30.6|0.00|0.02|43.8528|24.602
03|08|0|270|0.0|3.2|180|80.1|30.6|0.00|0.02|43.8525|24.602
03|09|0|270|1.5|3.2|180|80.2|30.6|0.01|0.03|43.8556|24.602
03|10|0|270|1.5|3.2|180|80.3|30.6|0.01|0.03|43.8561|24.602
03|11|0|270|1.5|3.2|180|80.4|30.5|0.01|0.03|43.8548|24.602
03|12|0|270|1.6|3.2|180|80.5|30.5|0.01|0.03|43.8544|24.602
03|13|0|270|1.6|3.2|180|80.8|30.5|0.01|0.03|43.8535|24.602
03|14|0|270|1.5|3.2|180|81.0|30.5|0.01|0.03|43.8536|24.8989
03|15|0|270|1.5|3.2|180|81.0|30.5|0.01|0.03|43.8516|24.8989
03|16|0|270|1.5|3.2|180|80.9|30.6|0.01|0.03|43.8547|24.602
03|17|0|270|0.0|3.2|180|80.9|30.6|0.01|0.03|43.8516|24.602
03|18|0|270|1.6|3.2|180|80.9|30.6|0.01|0.03|43.8546|24.602
03|19|0|315|1.6|3.2|180|81.0|30.6|0.01|0.03|43.8535|24.8989
03|20|0|270|1.5|3.2|180|81.1|30.6|0.01|0.03|43.8529|24.8989
03|21|0|270|1.5|3.2|180|81.0|30.8|0.01|0.03|43.8553|24.8989
03|22|0|270|1.5|3.2|180|81.0|30.8|0.01|0.03|43.8537|24.8989
03|23|0|270|1.5|3.2|180|80.8|30.9|0.01|0.03|43.8568|24.602
03|24|0|270|1.6|3.2|180|80.7|30.9|0.01|0.03|43.8546|24.602
03|25|0|270|0.0|3.2|180|80.5|31.0|0.01|0.03|43.8541|25.5767
03|26|0|270|1.5|3.2|180|80.3|31.1|0.01|0.03|43.8554|25.5767
03|27|0|270|1.5|3.2|180|80.2|31.1|0.01|0.03|43.854|25.5767
03|28|0|270|1.5|3.2|180|80.1|31.1|0.01|0.03|43.8545|25.5767
03|30|0|270|2.9|3.2|180|79.9|31.2|0.01|0.03|43.8562|25.2751
03|31|0|315|3.2|3.2|180|79.8|31.2|0.01|0.03|43.8562|25.2751
03|32|0|315|1.5|3.2|180|79.6|31.2|0.01|0.03|43.8545|25.2751
03|33|0|315|1.5|3.2|180|79.4|31.2|0.01|0.03|43.8554|25.2751
03|34|0|315|1.6|3.2|180|79.2|31.2|0.01|0.03|43.8541|25.2751
03|35|0|315|1.5|3.2|180|79.0|31.2|0.01|0.03|43.8557|25.2751
03|36|0|315|2.9|3.2|180|78.8|31.2|0.01|0.03|43.8561|24.9701
03|37|0|315|2.9|3.2|180|78.7|31.2|0.01|0.03|43.8562|24.9701
03|38|0|315|1.5|3.2|180|78.7|31.2|0.01|0.03|43.8551|24.9701
03|39|0|315|0.0|3.2|180|78.6|31.3|0.01|0.03|43.8532|24.9701
03|40|0|315|0.0|3.2|180|78.5|31.3|0.01|0.03|43.851|24.9701
03|41|0|315|0.0|3.2|180|78.4|31.3|0.01|0.03|43.8478|24.9701
03|42|0|315|1.5|3.2|180|78.3|31.4|0.01|0.03|43.8484|24.9701
03|43|0|315|0.0|3.2|180|78.2|31.4|0.01|0.03|43.8469|24.9701
03|44|0|315|0.0|3.2|180|78.1|31.4|0.01|0.03|43.8446|24.9701
03|45|0|315|0.0|3.2|180|78.0|31.4|0.01|0.03|43.8446|24.9701
03|46|0|315|0.0|3.2|180|77.9|31.5|0.01|0.03|43.8461|24.6616
03|47|0|315|0.0|3.2|180|77.9|31.5|0.01|0.03|43.8448|24.6616
03|48|0|315|1.5|3.2|180|77.8|31.5|0.01|0.03|43.8451|24.6616
03|49|0|315|1.5|3.2|180|77.8|31.5|0.01|0.03|43.8456|24.6616
03|51|0|315|0.0|3.2|180|77.8|31.5|0.01|0.03|43.8461|24.6616
03|52|0|315|0.0|3.2|180|77.7|31.5|0.01|0.03|43.8461|24.6616
03|53|0|270|1.5|3.2|180|77.6|31.5|0.01|0.03|43.8476|24.6616
03|54|0|270|1.5|3.2|180|77.5|31.5|0.01|0.03|43.8466|24.6616
03|55|0|270|1.5|3.2|180|77.5|31.7|0.01|0.03|43.8473|24.6616
03|56|0|270|0.0|3.2|180|77.4|31.7|0.01|0.03|43.8464|24.6616
03|57|0|270|1.5|3.2|180|77.3|31.7|0.01|0.03|43.8489|24.6616
03|58|0|270|1.5|3.2|180|77.3|31.7|0.01|0.03|43.8481|24.6616
03|59|0|270|1.5|3.2|180|77.2|31.7|0.01|0.03|43.848|24.6616
04|00|0|270|1.6|3.2|180|77.1|31.7|0.01|0.03|43.8512|24.6616
04|02|0|270|1.5|3.2|180|76.9|31.7|0.01|0.03|43.8487|24.3495
04|03|0|270|1.5|3.2|180|76.9|31.7|0.01|0.03|43.8505|24.3495
04|04|0|270|0.0|3.2|180|76.9|31.5|0.01|0.03|43.8482|24.3495
04|05|0|270|1.5|3.2|180|77.0|31.5|0.01|0.03|43.8489|24.6616
04|07|0|270|1.5|3.2|180|76.8|31.5|0.01|0.03|43.8488|24.3495
04|08|0|270|0.0|3.2|180|76.7|31.5|0.00|0.03|43.8509|24.3495
04|09|0|270|1.6|3.2|180|76.6|31.5|0.00|0.03|43.8494|24.3495
04|11|0|270|1.5|3.2|180|76.6|31.5|0.00|0.03|43.8483|24.3495
04|12|0|270|0.0|3.2|180|76.5|31.5|0.00|0.03|43.8491|24.3495
04|13|0|270|1.6|3.2|180|76.5|31.5|0.00|0.03|43.8487|24.3495
04|14|0|270|0.0|3.2|180|76.5|31.5|0.00|0.03|43.848|24.3495
04|15|0|270|1.5|3.2|180|76.4|31.4|0.00|0.03|43.8474|24.3495
04|16|0|270|0.0|3.2|180|76.4|31.4|0.00|0.03|43.8473|24.3495
04|17|0|270|1.5|3.2|180|76.4|31.4|0.00|0.03|43.8489|24.3495
04|18|0|270|0.0|3.2|180|76.4|31.4|0.00|0.03|43.8482|24.3495
04|19|0|270|1.6|3.2|180|76.4|31.3|0.00|0.03|43.8475|24.3495
04|20|0|270|1.5|3.2|180|76.4|31.3|0.00|0.03|43.8484|24.3495
04|21|0|270|1.5|3.2|180|76.4|31.3|0.00|0.03|43.8521|24.3495
04|22|0|270|1.5|3.2|180|76.3|31.2|0.01|0.04|43.8512|24.3495
04|23|0|270|1.5|3.2|180|76.2|31.2|0.01|0.04|43.8542|24.3495
04|24|0|270|0.0|3.2|180|76.1|31.1|0.01|0.04|43.8549|24.3495
04|25|0|270|0.0|3.2|180|76.0|31.0|0.01|0.04|43.8572|24.3495
04|26|0|270|1.5|3.2|180|75.9|30.9|0.01|0.04|43.8579|23.0662
04|27|0|270|1.5|3.2|180|75.8|30.9|0.01|0.04|43.8595|23.0662
04|28|0|270|1.5|3.2|180|75.8|30.8|0.01|0.04|43.858|23.0662
04|29|0|270|1.6|3.2|180|76.0|30.6|0.01|0.04|43.8574|23.3804
04|30|0|270|1.5|3.2|180|76.3|30.5|0.01|0.04|43.8563|23.3804
04|31|0|270|0.0|3.2|180|76.7|30.4|0.01|0.04|43.8579|23.3804
04|33|0|270|1.6|3.2|180|76.9|30.4|0.01|0.04|43.8619|23.3804
04|34|0|270|0.0|3.2|180|77.2|30.3|0.01|0.04|43.8611|23.6911
04|35|0|270|0.0|3.2|180|77.4|30.3|0.01|0.04|43.8621|23.6911
04|36|0|270|0.0|3.2|180|77.3|30.2|0.01|0.04|43.8634|23.6911
04|38|0|270|0.0|3.2|180|77.1|30.1|0.01|0.04|43.8629|23.6911
04|39|0|270|0.0|3.2|180|77.1|30.1|0.01|0.04|43.8656|23.6911
04|40|0|270|0.0|3.2|180|77.4|30.1|0.01|0.04|43.8653|23.6911
04|42|0|270|0.0|3.2|180|77.3|30.1|0.01|0.04|43.8662|23.6911
04|43|0|270|0.0|3.2|180|77.1|30.0|0.01|0.04|43.8652|23.6911
04|45|0|270|0.0|3.2|180|76.8|29.9|0.01|0.04|43.8671|22.4113
04|46|0|270|0.0|3.2|180|76.8|29.9|0.01|0.04|43.8703|22.4113
04|47|0|270|0.0|3.2|180|76.8|29.7|0.01|0.04|43.87|22.4113
04|48|0|270|1.5|3.2|180|76.8|29.7|0.01|0.04|43.8706|22.4113
04|49|0|270|1.6|3.2|180|76.9|29.6|0.01|0.04|43.8717|22.4113
04|51|0|270|0.0|3.2|180|77.2|29.6|0.01|0.04|43.8752|22.7205
04|52|0|270|1.5|3.2|180|77.4|29.5|0.01|0.04|43.874|22.7205
04|53|0|270|0.0|3.2|180|77.7|29.5|0.01|0.04|43.8744|22.7205
04|55|0|270|1.5|3.2|180|78.0|29.4|0.01|0.04|43.8739|23.0261
04|56|0|270|0.0|3.2|180|78.2|29.4|0.01|0.04|43.8756|23.0261
04|57|0|270|0.0|3.2|180|78.3|29.3|0.01|0.04|43.8752|23.0261
04|58|0|270|1.5|3.2|180|78.3|29.3|0.01|0.04|43.8735|23.0261
04|59|0|270|0.0|3.2|180|78.2|29.3|0.01|0.04|43.8752|23.0261
05|00|0|270|0.0|3.2|180|78.2|29.3|0.01|0.04|43.8745|23.0261
05|01|0|270|0.0|3.2|180|78.2|29.2|0.01|0.04|43.8736|23.0261
05|02|0|270|0.0|3.2|180|78.1|29.2|0.01|0.04|43.8749|23.0261
05|03|0|270|0.0|3.2|180|78.0|29.2|0.01|0.04|43.8763|23.0261
05|04|0|270|0.0|3.2|180|78.0|29.2|0.01|0.04|43.8765|23.0261
05|05|0|270|0.0|3.2|180|78.5|29.2|0.01|0.04|43.8763|23.0261
05|06|0|270|0.0|3.2|180|78.9|29.2|0.01|0.04|43.8749|23.0261
05|07|0|270|0.0|3.2|180|78.9|29.1|0.01|0.04|43.8746|23.0261
05|08|0|270|0.0|3.2|180|78.9|29.1|0.01|0.04|43.8755|23.0261
05|09|0|270|1.5|3.2|180|78.8|29.1|0.02|0.05|43.8768|23.0261
05|10|0|270|0.0|3.2|180|78.7|29.0|0.02|0.05|43.8771|23.0261
05|11|0|270|1.5|3.2|180|78.5|29.0|0.02|0.05|43.8761|23.0261
05|13|0|270|1.5|3.2|180|78.4|29.0|0.02|0.05|43.8749|23.0261
05|14|0|270|0.0|3.2|180|78.3|29.0|0.02|0.05|43.8744|23.0261
05|15|0|270|0.0|3.2|180|78.2|29.0|0.02|0.05|43.8757|23.0261
05|18|0|270|0.0|3.2|180|78.0|28.8|0.02|0.05|43.8725|22.0541
05|19|0|270|0.0|3.2|180|78.1|28.8|0.02|0.05|43.871|22.0541
05|20|0|270|0.0|3.2|180|78.4|28.7|0.02|0.05|43.8714|22.0541
05|21|0|270|0.0|3.2|180|78.8|28.7|0.01|0.05|43.8717|22.0541
05|22|0|270|0.0|3.2|180|79.1|28.7|0.01|0.05|43.8715|22.3549
05|23|0|270|0.0|3.2|180|79.1|28.7|0.01|0.05|43.8721|22.3549
05|24|0|270|0.0|3.2|180|79.2|28.7|0.01|0.05|43.8733|22.3549
05|25|0|270|0.0|3.2|180|79.4|28.6|0.01|0.05|43.8738|22.3549
05|26|0|270|1.6|3.2|180|79.3|28.6|0.01|0.05|43.8747|22.3549
05|27|0|270|1.5|3.2|180|79.0|28.5|0.01|0.05|43.8749|22.3549
05|28|0|270|0.0|3.2|180|79.1|28.4|0.01|0.05|43.8756|22.3549
05|29|0|270|1.5|3.2|180|79.5|28.3|0.02|0.07|43.8763|22.3549
05|30|0|270|0.0|3.2|180|79.8|28.2|0.02|0.07|43.8762|22.3549
05|31|0|270|1.5|3.2|180|80.1|28.1|0.02|0.07|43.8762|22.6523
05|33|0|270|0.0|3.2|180|80.4|28.1|0.02|0.07|43.8776|22.6523
05|34|0|270|0.0|3.2|180|80.8|28.0|0.02|0.07|43.8784|22.6523
05|35|0|270|0.0|3.2|180|81.2|27.8|0.02|0.07|43.8795|21.9702
05|36|0|270|0.0|3.2|180|81.8|27.8|0.02|0.07|43.881|21.9702
05|37|0|270|1.5|3.2|180|82.1|27.7|0.02|0.07|43.8818|22.2598
05|38|0|270|0.0|3.2|180|82.3|27.7|0.02|0.07|43.8834|22.2598
05|39|0|270|0.0|3.2|180|82.3|27.7|0.02|0.07|43.8836|22.2598
05|40|0|270|0.0|3.2|180|82.2|27.7|0.02|0.07|43.8841|22.2598
05|41|0|270|0.0|3.2|180|82.3|27.7|0.02|0.07|43.8826|22.2598
05|42|0|270|0.0|3.2|180|82.3|27.7|0.02|0.07|43.8836|22.2598
05|43|0|270|0.0|3.2|180|82.2|27.7|0.02|0.07|43.8813|22.2598
05|44|0|270|0.0|3.2|180|82.2|27.7|0.02|0.07|43.8822|22.2598
05|45|0|270|0.0|3.2|180|82.3|27.7|0.02|0.07|43.8811|22.2598
05|46|0|270|0.0|3.2|180|82.3|27.7|0.02|0.07|43.8835|22.2598
05|47|0|270|0.0|3.2|180|82.1|27.7|0.02|0.07|43.8833|22.2598
05|48|0|270|1.5|3.2|180|82.2|27.7|0.02|0.07|43.884|22.2598
05|49|0|270|0.0|3.2|180|82.5|27.7|0.02|0.07|43.8833|22.2598
05|50|0|270|0.0|3.2|180|82.8|27.7|0.02|0.07|43.883|22.2598
05|51|0|270|0.0|3.2|180|83.1|27.7|0.02|0.07|43.885|22.5462
05|52|0|270|0.0|3.2|180|83.2|27.7|0.02|0.07|43.8836|22.5462
05|53|0|270|0.0|3.2|180|83.2|27.7|0.02|0.07|43.8836|22.5462
05|55|0|270|1.6|3.2|180|83.1|27.7|0.02|0.07|43.8854|22.5462
05|56|0|270|0.0|3.2|180|83.0|27.7|0.02|0.07|43.8821|22.5462
05|57|0|270|1.5|3.2|180|83.1|27.7|0.02|0.07|43.8812|22.5462
05|58|0|270|0.0|3.2|180|83.4|27.8|0.02|0.07|43.8818|22.5462
05|59|0|270|0.0|3.2|180|83.7|27.8|0.02|0.07|43.8813|22.5462
06|00|0|270|0.0|3.2|180|83.9|27.8|0.02|0.07|43.8819|22.5462
06|01|0|270|0.0|3.2|180|84.0|27.8|0.02|0.07|43.8794|22.8297
06|02|0|270|0.0|3.2|180|83.8|27.8|0.02|0.07|43.8797|22.5462
06|04|0|270|0.0|3.2|180|82.6|27.8|0.03|0.08|43.8776|22.2598
06|05|0|270|0.0|3.2|180|82.2|27.8|0.03|0.08|43.8787|22.2598
06|06|0|270|0.0|3.2|180|82.0|27.8|0.03|0.08|43.8779|22.2598
06|07|0|270|0.0|3.2|180|81.9|27.8|0.03|0.08|43.8801|21.9702
06|08|0|270|0.0|3.2|180|81.9|27.7|0.03|0.09|43.8796|21.9702
06|09|0|270|0.0|3.2|180|82.2|27.7|0.03|0.09|43.8817|22.2598
06|10|0|270|0.0|3.2|180|82.4|27.7|0.03|0.09|43.8848|22.2598
06|11|0|270|0.0|3.2|180|82.4|27.7|0.04|0.10|43.8854|22.2598
06|12|0|270|0.0|3.2|180|82.5|27.7|0.04|0.10|43.8873|22.2598
06|13|0|270|0.0|3.2|180|82.7|27.7|0.04|0.10|43.8874|22.2598
06|14|0|270|0.0|3.2|180|83.0|27.7|0.04|0.10|43.8897|22.5462
06|15|0|270|0.0|3.2|180|83.2|27.7|0.04|0.10|43.8899|22.5462
06|17|0|270|0.0|3.2|180|83.3|27.7|0.04|0.10|43.8891|22.5462
06|18|0|270|1.6|3.2|180|83.3|27.7|0.04|0.10|43.8884|22.5462
06|19|0|270|1.6|3.2|180|83.1|27.7|0.04|0.10|43.8858|22.5462
06|20|0|45|0.0|3.2|180|83.1|27.8|0.04|0.10|43.8852|22.5462
06|21|0|45|0.0|3.2|180|83.4|27.7|0.04|0.10|43.8843|22.5462
06|22|0|45|1.5|3.2|180|83.6|27.8|0.04|0.10|43.8842|22.5462
06|23|0|45|1.5|3.2|180|83.6|27.7|0.04|0.10|43.8801|22.5462
06|24|0|45|0.0|3.2|180|83.5|27.7|0.04|0.10|43.8802|22.5462
06|25|0|45|0.0|3.2|180|83.3|27.7|0.04|0.10|43.8792|22.5462
06|26|0|45|1.5|3.2|180|83.0|27.7|0.04|0.10|43.8789|22.5462
06|27|0|45|0.0|3.2|180|82.7|27.7|0.04|0.10|43.8819|22.2598
06|28|0|90|1.5|3.2|180|82.5|27.7|0.04|0.10|43.8822|22.2598
06|29|0|90|0.0|3.2|180|82.5|27.7|0.03|0.10|43.8836|22.2598
06|30|0|90|1.5|3.2|180|82.6|27.7|0.03|0.10|43.882|22.2598
06|31|0|90|1.5|3.2|180|82.7|27.6|0.03|0.10|43.8804|22.2598
06|32|0|90|0.0|3.2|180|82.8|27.7|0.03|0.10|43.8826|22.2598
06|33|0|90|0.0|3.2|180|82.8|27.6|0.03|0.10|43.882|22.2598
06|34|0|90|0.0|3.2|180|82.6|27.6|0.03|0.10|43.8821|22.2598
06|35|0|90|1.6|3.2|180|82.1|27.6|0.03|0.10|43.8816|22.2598
06|36|0|90|1.5|3.2|180|81.8|27.6|0.03|0.10|43.8842|21.9702
06|38|0|90|0.0|3.2|180|81.5|27.5|0.03|0.10|43.8834|21.9702
06|39|0|90|1.5|3.2|180|81.5|27.5|0.03|0.10|43.883|21.9702
06|40|0|90|1.5|3.2|180|82.1|27.5|0.03|0.10|43.884|22.2598
06|41|0|90|0.0|3.2|180|82.6|27.5|0.03|0.10|43.8827|22.2598
06|42|0|90|0.0|3.2|180|82.7|27.5|0.03|0.10|43.8841|22.2598
06|43|0|90|0.0|3.2|180|82.5|27.4|0.03|0.10|43.883|22.2598
06|44|0|90|0.0|3.2|180|82.1|27.4|0.03|0.10|43.8818|22.2598
06|45|0|90|0.0|3.2|180|81.7|27.4|0.03|0.10|43.8838|21.9702
06|46|0|90|0.0|3.2|180|81.4|27.3|0.03|0.10|43.881|21.9702
06|48|0|90|0.0|3.2|180|81.1|27.3|0.03|0.10|43.8812|21.9702
06|49|0|90|0.0|3.2|180|81.2|27.2|0.03|0.10|43.8794|21.9702
06|50|0|90|1.6|3.2|180|81.3|27.2|0.03|0.10|43.8801|21.9702
06|51|0|90|0.0|3.2|180|81.7|27.2|0.03|0.10|43.8815|21.9702
06|52|0|179|1.6|3.2|180|82.2|27.0|0.03|0.10|43.8794|22.2598
06|53|0|90|0.0|3.2|180|82.5|27.0|0.03|0.10|43.8803|22.2598
06|54|0|90|1.5|3.2|180|82.8|27.0|0.03|0.10|43.8802|22.2598
06|55|0|90|0.0|3.2|180|82.9|27.0|0.03|0.10|43.8821|22.2598
06|56|0|90|0.0|3.2|180|83.1|27.0|0.03|0.10|43.8816|22.5462
06|57|0|90|1.5|3.2|180|83.3|26.9|0.03|0.10|43.8795|21.5672
06|58|0|90|1.6|3.2|180|83.5|26.9|0.03|0.10|43.8811|21.5672
06|59|0|90|1.5|3.2|180|83.5|26.9|0.03|0.10|43.8825|21.5672
07|01|0|90|0.0|3.2|180|83.6|26.9|0.03|0.10|43.8808|21.5672
07|02|0|90|0.0|3.2|180|83.6|26.8|0.03|0.10|43.88|21.5672
07|03|0|90|0.0|3.2|180|83.6|26.9|0.02|0.10|43.8834|21.5672
07|04|0|90|0.0|3.2|180|83.5|26.8|0.02|0.10|43.8826|21.5672
07|05|0|90|0.0|3.2|180|83.4|26.8|0.02|0.10|43.8812|21.5672
07|06|0|90|0.0|3.2|180|83.4|26.8|0.02|0.10|43.8808|21.5672
07|07|0|90|1.5|3.2|180|83.3|26.7|0.02|0.10|43.8797|21.5672
07|08|0|90|1.6|3.2|180|83.2|26.7|0.01|0.10|43.8786|21.5672
07|09|0|90|1.5|3.2|180|83.2|26.7|0.02|0.11|43.88|21.5672
07|10|0|90|1.6|3.2|180|83.4|26.7|0.03|0.12|43.8815|21.5672
07|11|0|90|1.5|3.2|180|83.4|26.6|0.02|0.12|43.8788|21.5672
07|12|0|135|1.5|3.2|180|83.5|26.6|0.02|0.12|43.8789|21.5672
07|13|0|135|1.6|3.2|180|83.5|26.6|0.02|0.12|43.8808|21.5672
07|14|0|135|0.0|3.2|180|83.6|26.6|0.02|0.12|43.8819|21.5672
07|15|0|135|0.0|3.2|180|83.6|26.5|0.02|0.12|43.8825|21.5672
07|16|0|135|0.0|3.2|180|83.8|26.5|0.02|0.12|43.8824|21.5672
07|17|0|135|0.0|3.2|180|84.1|26.5|0.02|0.12|43.8809|21.8493
07|18|0|135|1.5|3.2|180|84.4|26.5|0.02|0.12|43.884|21.8493
07|19|0|90|0.0|3.2|180|84.8|26.5|0.02|0.12|43.8833|21.8493
07|20|0|90|0.0|3.2|180|85.0|26.5|0.02|0.12|43.8838|22.1285
07|21|0|90|0.0|3.2|180|85.1|26.5|0.02|0.12|43.8836|22.1285
07|23|0|90|0.0|3.2|180|85.2|26.5|0.02|0.12|43.8833|22.1285
07|24|0|90|0.0|3.2|180|85.1|26.6|0.02|0.12|43.8853|22.1285
07|26|0|90|0.0|3.2|180|85.0|26.5|0.02|0.12|43.8829|22.1285
07|27|0|90|0.0|3.2|180|85.0|26.5|0.02|0.12|43.8844|22.1285
07|29|0|90|0.0|3.2|180|85.1|26.6|0.02|0.12|43.882|22.1285
07|31|0|90|0.0|3.2|180|85.6|26.6|0.02|0.12|43.8806|22.1285
07|32|0|90|0.0|3.2|180|85.7|26.6|0.02|0.12|43.8786|22.1285
07|33|0|90|0.0|3.2|180|85.6|26.7|0.02|0.12|43.88|22.1285
07|34|0|90|0.0|3.2|180|85.6|26.7|0.02|0.12|43.8788|22.1285
07|35|0|90|0.0|3.2|180|85.8|26.7|0.02|0.12|43.8785|22.1285
07|36|0|90|0.0|3.2|180|85.9|26.8|0.02|0.12|43.8779|22.1285
07|37|0|90|0.0|3.2|180|86.1|26.8|0.02|0.12|43.8778|22.4047
07|38|0|90|0.0|3.2|180|86.1|26.9|0.02|0.12|43.8793|22.4047
07|39|0|90|0.0|3.2|180|86.2|26.9|0.02|0.12|43.8789|22.4047
07|43|0|90|0.0|3.2|180|86.2|27.0|0.02|0.12|43.8794|23.3877
07|44|0|90|0.0|3.2|180|86.2|27.2|0.02|0.12|43.8794|23.3877
07|45|0|90|0.0|3.2|180|86.2|27.2|0.02|0.12|43.8787|23.3877
07|46|0|90|0.0|3.2|180|86.2|27.3|0.02|0.12|43.8801|23.3877
07|47|0|90|0.0|3.2|180|86.1|27.4|0.02|0.12|43.8803|23.3877
07|48|0|0|0.0|3.2|180|86.0|27.4|0.02|0.12|43.8795|23.3877
07|49|0|0|0.0|3.2|180|85.9|27.5|0.02|0.12|43.8768|23.1101
07|50|0|0|0.0|3.2|180|85.8|27.6|0.02|0.12|43.8772|23.1101
07|51|0|0|0.0|3.2|180|85.9|27.7|0.02|0.12|43.8769|23.1101
07|52|0|0|1.5|3.2|180|85.9|27.8|0.02|0.12|43.8758|23.1101
07|53|0|0|0.0|3.2|180|85.7|27.8|0.02|0.12|43.8751|23.1101
07|54|0|0|0.0|3.2|180|85.2|28.0|0.02|0.12|43.876|24.0918
07|55|0|0|0.0|3.2|180|84.9|28.0|0.02|0.12|43.8752|23.81
07|56|0|0|0.0|3.2|180|84.6|28.1|0.02|0.12|43.877|23.81
07|57|0|0|1.5|3.2|180|84.7|28.2|0.02|0.12|43.8756|23.81
07|58|0|0|1.5|3.2|180|84.7|28.2|0.02|0.12|43.8772|23.81
07|59|0|0|1.5|3.2|180|84.6|28.3|0.02|0.12|43.8761|23.81
08|00|0|0|1.5|3.2|180|84.5|28.4|0.02|0.12|43.8764|23.81
08|02|0|0|0.0|3.2|180|84.3|28.5|0.02|0.12|43.876|23.81
08|03|0|0|0.0|3.2|180|84.2|28.7|0.02|0.12|43.8776|23.81
08|04|0|0|0.0|3.2|180|84.0|28.8|0.02|0.12|43.8805|23.81
08|05|0|0|0.0|3.2|180|83.7|29.0|0.02|0.12|43.8817|24.5042
08|06|0|0|0.0|3.2|180|83.4|29.2|0.03|0.13|43.8812|24.5042
08|07|0|0|0.0|3.2|180|83.2|29.4|0.03|0.13|43.8801|24.5042
08|09|0|0|0.0|3.2|180|82.7|29.9|0.02|0.13|43.8815|24.215
08|10|0|0|1.5|3.2|180|82.3|30.1|0.01|0.13|43.8818|25.1925
08|11|0|0|1.6|3.2|180|81.8|30.3|0.01|0.13|43.8805|24.8989
08|12|0|0|0.0|3.2|180|81.3|30.6|0.01|0.13|43.8784|24.8989
08|13|0|0|1.5|3.2|180|81.0|30.9|0.01|0.13|43.8792|24.8989
08|14|0|0|1.5|3.2|180|80.6|31.2|0.01|0.13|43.8828|25.5767
08|15|0|0|0.0|3.2|180|79.7|31.5|0.01|0.13|43.8832|25.2751
08|18|0|270|1.5|3.2|180|77.7|32.3|0.01|0.13|43.8777|25.632
08|19|0|270|1.6|3.2|180|77.2|32.7|0.01|0.13|43.8797|25.632
08|20|0|270|0.0|3.2|180|76.6|32.9|0.01|0.13|43.8789|25.3185
08|21|0|270|0.0|3.2|180|76.3|33.1|0.01|0.13|43.8818|26.2874
08|23|0|270|0.0|3.2|180|76.5|33.5|0.01|0.13|43.8825|26.2874
08|24|0|270|0.0|3.2|180|76.8|33.8|0.01|0.13|43.8828|26.2874
08|25|0|225|1.6|3.2|180|76.3|34.1|0.01|0.13|43.8828|27.2563
08|26|0|225|1.5|3.2|180|75.4|34.4|0.01|0.13|43.8797|26.9362
08|27|0|225|1.5|3.2|180|74.7|34.7|0.01|0.13|43.8795|26.6123
08|28|0|225|0.0|3.2|180|74.0|35.0|0.01|0.13|43.8736|27.5781
08|29|0|225|1.5|3.2|180|73.1|35.4|0.01|0.13|43.8753|27.2488
08|30|0|225|1.5|3.2|180|72.4|35.6|0.01|0.13|43.8745|26.9154
08|31|0|225|1.6|3.2|180|71.9|35.9|0.01|0.13|43.8751|26.578
08|32|0|225|0.0|3.2|180|71.5|36.3|0.01|0.13|43.8777|27.5391
08|33|0|225|1.5|3.2|180|71.1|36.5|0.01|0.13|43.8785|27.5391
08|34|0|225|1.5|3.2|180|70.6|36.8|0.01|0.13|43.8806|27.1959
08|35|0|225|1.5|3.2|180|69.9|37.2|0.01|0.13|43.8812|27.8062
08|36|0|225|1.5|3.2|180|69.3|37.4|0.01|0.13|43.8783|27.8062
08|37|0|315|0.0|3.2|180|68.5|37.6|0.01|0.13|43.8786|27.4525
08|38|0|315|0.0|3.2|180|67.0|38.0|0.01|0.13|43.8799|28.0487
08|39|0|315|0.0|3.2|180|66.2|38.2|0.01|0.13|43.8793|27.684
08|41|0|315|0.0|3.2|180|64.9|38.6|0.01|0.13|43.8797|26.9395
08|42|0|315|1.5|3.2|180|64.0|38.7|0.01|0.13|43.8795|26.9395
08|44|0|315|1.5|3.2|180|62.8|38.9|0.01|0.13|43.8787|26.1742
08|45|0|315|2.9|3.2|180|62.3|39.0|0.01|0.13|43.8815|27.1202
08|47|0|315|2.9|3.2|180|62.8|39.0|0.01|0.13|43.881|27.1202
08|48|0|315|2.9|3.2|180|62.7|38.9|0.01|0.13|43.8825|26.1742
08|49|0|315|1.5|3.2|180|62.6|38.7|0.01|0.13|43.8818|26.1742
08|50|0|315|1.5|3.2|180|62.9|38.7|0.01|0.13|43.8813|26.1742
08|51|0|315|1.5|3.2|180|62.9|38.6|0.01|0.13|43.8815|26.1742
08|52|0|270|1.5|3.2|180|62.9|38.6|0.02|0.14|43.8822|26.1742
08|53|0|315|1.6|3.2|180|62.8|38.6|0.02|0.14|43.8844|26.1742
08|54|0|315|1.5|3.2|180|62.8|38.6|0.02|0.14|43.8846|26.1742
08|55|0|315|1.5|3.2|180|62.9|38.5|0.02|0.14|43.8858|26.1742
08|56|0|270|1.6|3.2|180|62.7|38.5|0.02|0.14|43.8856|26.1742
08|57|0|315|1.5|3.2|180|62.9|38.5|0.02|0.14|43.8849|26.1742
08|58|0|315|2.9|3.2|180|62.7|38.4|0.02|0.14|43.8859|26.1742
08|59|0|315|1.5|3.2|180|62.6|38.5|0.02|0.14|43.8861|26.1742
09|02|0|315|3.2|3.2|180|63.0|38.5|0.02|0.14|43.8882|26.5595
09|03|0|315|1.5|4.4|270|62.5|38.5|0.02|0.14|43.8868|26.1742
09|04|0|315|2.9|4.4|270|62.4|38.5|0.02|0.14|43.887|26.1742
09|05|0|315|1.6|4.4|270|62.6|38.5|0.01|0.14|43.8889|26.1742
09|06|0|315|1.5|4.4|270|62.1|38.5|0.02|0.15|43.8895|26.1742
09|07|0|315|1.5|4.4|270|62.1|38.5|0.02|0.15|43.8895|26.1742
09|08|0|315|1.5|4.4|270|62.6|38.6|0.02|0.15|43.8895|26.1742
09|09|0|270|1.5|4.4|270|62.8|38.6|0.02|0.15|43.8897|26.1742
09|10|0|270|4.4|4.8|270|62.6|38.7|0.02|0.15|43.8909|26.1742
09|11|0|270|4.4|4.8|270|62.0|38.7|0.02|0.15|43.892|26.1742
09|12|0|270|2.9|4.8|270|61.5|38.7|0.02|0.15|43.893|25.7832
09|13|0|270|1.6|4.8|270|61.5|38.9|0.02|0.15|43.8933|25.7832
09|14|0|270|2.9|4.8|270|61.2|39.0|0.02|0.15|43.8945|26.7276
09|15|0|270|2.9|4.8|270|60.9|39.1|0.02|0.15|43.8946|26.3292
09|16|0|270|1.6|5.8|270|60.6|39.2|0.02|0.15|43.8939|26.3292
09|17|0|270|2.9|5.8|270|60.3|39.3|0.02|0.15|43.8947|26.3292
09|18|0|225|2.9|5.8|270|60.0|39.4|0.02|0.15|43.8955|26.3292
09|19|0|270|1.5|5.8|270|60.2|39.7|0.02|0.15|43.8981|26.3292
09|20|0|225|1.5|5.8|270|60.1|39.8|0.02|0.15|43.9|26.3292
09|21|0|0|1.6|5.8|270|59.5|39.9|0.02|0.15|43.8989|25.9248
09|22|0|270|1.6|5.8|270|58.8|40.0|0.02|0.15|43.8976|26.4531
09|24|0|270|2.9|5.8|270|58.6|40.2|0.02|0.15|43.8976|26.4531
09|25|0|315|4.8|5.8|270|59.3|40.3|0.02|0.15|43.8964|26.8654
09|26|0|270|4.4|5.8|270|59.4|40.3|0.02|0.15|43.8969|26.8654
09|27|0|315|2.9|5.8|270|59.1|40.4|0.02|0.15|43.8976|26.8654
09|28|0|315|3.2|5.8|270|58.9|40.4|0.02|0.15|43.896|26.4531
09|29|0|270|2.9|5.8|270|58.9|40.4|0.02|0.15|43.897|26.4531
09|30|0|270|1.5|5.8|270|59.0|40.5|0.02|0.15|43.8958|26.8654
09|32|0|315|3.2|5.8|270|58.3|40.4|0.02|0.15|43.8956|26.4531
09|33|0|315|2.9|5.8|270|58.6|40.3|0.02|0.15|43.8974|26.4531
09|35|0|315|2.9|5.8|270|59.4|40.3|0.02|0.15|43.8948|26.8654
09|36|0|270|2.9|5.8|270|59.1|40.3|0.02|0.15|43.8936|26.8654
09|37|0|270|1.5|5.8|270|58.9|40.3|0.02|0.15|43.8952|26.4531
09|38|0|315|4.4|5.8|270|58.9|40.3|0.02|0.15|43.8916|26.4531
09|39|0|270|2.9|5.8|270|58.9|40.3|0.02|0.15|43.8897|26.4531
09|40|0|248|3.2|5.8|270|58.8|40.4|0.02|0.15|43.8906|26.4531
09|42|0|270|4.4|5.8|270|59.0|40.5|0.02|0.15|43.8886|26.8654
09|43|0|315|2.9|7.3|270|58.7|40.5|0.02|0.15|43.8897|26.4531
09|44|0|270|4.4|7.3|270|58.4|40.5|0.02|0.15|43.888|26.4531
09|45|0|270|1.6|7.3|270|58.4|40.5|0.02|0.15|43.8883|26.4531
09|47|0|270|2.9|7.3|270|58.7|40.8|0.02|0.15|43.8886|26.4531
09|48|0|315|4.4|7.3|270|58.4|40.9|0.02|0.15|43.8874|26.4531
09|49|0|315|4.4|7.3|270|58.4|41.0|0.02|0.15|43.8867|27.3918
09|50|0|270|1.6|7.3|270|58.7|41.1|0.02|0.15|43.8899|27.3918
09|51|0|315|1.5|7.3|270|57.8|41.2|0.01|0.15|43.8888|26.9713
09|52|0|248|2.9|7.3|270|57.5|41.2|0.01|0.15|43.8892|26.9713
09|53|0|270|1.6|7.3|270|57.2|41.3|0.01|0.15|43.889|26.9713
09|54|0|315|2.9|7.3|270|57.3|41.5|0.01|0.15|43.8898|26.9713
09|55|0|315|2.9|7.3|270|57.2|41.6|0.01|0.15|43.8897|26.9713
09|56|0|270|2.9|7.3|270|56.6|41.7|0.01|0.15|43.8882|26.5442
09|58|0|270|2.9|7.3|270|55.5|41.8|0.01|0.15|43.889|26.1103
09|59|0|315|4.8|7.3|270|56.2|41.7|0.01|0.15|43.887|26.5442
10|01|0|270|2.9|7.3|270|56.5|41.7|0.01|0.15|43.888|26.5442
10|02|0|270|1.6|7.3|270|56.2|41.9|0.01|0.15|43.8882|26.5442
10|03|0|270|2.9|7.3|270|55.7|41.8|0.01|0.15|43.8867|26.1103
10|04|0|270|2.9|7.3|270|55.5|41.9|0.01|0.15|43.887|26.1103
10|05|0|315|3.2|7.3|270|55.9|42.1|0.01|0.15|43.8883|27.0431
10|06|0|270|2.9|7.3|270|55.4|42.2|0.00|0.15|43.886|27.0431
10|09|0|270|4.4|7.3|270|54.7|42.6|0.00|0.15|43.8822|26.6002
10|10|0|270|3.2|7.3|270|54.3|42.7|0.00|0.15|43.8856|26.6002
10|11|0|315|3.2|7.3|270|55.3|42.7|0.00|0.15|43.885|27.0431
10|12|0|315|2.9|7.3|270|55.4|42.7|0.00|0.15|43.8867|27.0431
10|13|0|315|4.8|7.3|270|55.2|42.7|0.00|0.15|43.8873|27.0431
10|14|0|315|4.4|7.3|270|55.7|42.8|0.00|0.15|43.8867|27.0431
10|15|0|315|2.9|7.3|270|55.0|42.8|0.00|0.15|43.8858|27.0431
10|16|0|0|1.5|7.3|270|54.4|42.9|0.00|0.15|43.8886|26.6002
10|17|0|0|1.5|7.3|270|54.9|43.0|0.00|0.15|43.8895|27.5309
10|18|0|315|0.0|7.3|270|54.6|43.2|0.01|0.17|43.8922|27.5309
10|19|0|315|2.9|7.3|270|54.5|43.4|0.01|0.17|43.8918|27.5309
10|20|0|315|4.4|7.3|270|54.5|43.5|0.01|0.17|43.8908|27.5309
10|21|0|315|1.6|7.3|270|53.6|43.7|0.01|0.17|43.8915|27.0787
10|23|0|315|1.5|7.3|270|54.1|43.9|0.01|0.17|43.895|27.5309
10|25|0|0|1.6|7.3|270|53.1|44.4|0.01|0.17|43.8969|28.0073
10|26|0|315|4.4|7.3|270|52.8|44.4|0.01|0.17|43.8918|27.5454
10|27|0|315|1.6|7.3|270|52.0|44.5|0.01|0.17|43.892|27.5454
10|28|0|315|4.4|7.3|270|52.4|44.6|0.01|0.17|43.8921|27.5454
10|29|0|315|2.9|7.3|270|51.9|44.7|0.01|0.17|43.8938|27.0756
10|30|0|0|1.5|7.3|270|52.0|44.8|0.01|0.17|43.8942|27.5454
10|31|0|315|2.9|7.3|270|51.7|45.0|0.01|0.17|43.8933|28
10|32|0|0|1.5|7.3|270|51.1|45.2|0.01|0.17|43.8909|28
10|33|0|45|1.5|7.3|270|51.0|45.2|0.01|0.17|43.8892|28
10|34|0|315|1.5|7.3|270|50.8|45.4|0.01|0.17|43.8876|27.5199
10|35|0|0|0.0|7.3|270|50.7|45.6|0.01|0.17|43.8899|27.5199
10|36|0|315|2.9|7.3|270|51.1|45.7|0.01|0.17|43.888|28
10|37|0|315|1.6|7.3|270|50.5|45.7|0.01|0.17|43.8891|27.5199
10|38|0|315|3.2|7.3|270|50.2|46.0|0.01|0.17|43.8902|28.4419
10|39|0|0|2.9|7.3|270|49.7|46.2|0.01|0.17|43.8911|27.9511
10|41|0|315|1.5|7.3|270|49.4|46.3|0.01|0.17|43.8888|27.9511
10|42|0|315|2.9|7.3|270|49.3|46.4|0.01|0.17|43.8868|27.9511
10|43|0|315|1.6|7.3|270|49.3|46.6|0.01|0.17|43.8891|27.9511
10|44|0|0|2.9|7.3|270|49.0|46.7|0.01|0.17|43.8889|27.9511
10|45|0|315|3.2|7.3|270|48.7|46.8|0.01|0.17|43.89|27.4514
10|46|0|315|4.8|7.3|270|48.8|47.0|0.01|0.17|43.8885|28.3689
10|47|0|315|1.5|7.3|270|48.1|47.0|0.01|0.17|43.8861|28.3689
10|48|0|0|1.6|7.3|270|47.7|47.1|0.01|0.17|43.8869|27.8577
10|49|0|315|1.5|7.3|270|47.4|47.2|0.01|0.17|43.8862|27.8577
10|50|0|0|0.0|7.3|270|47.2|47.4|0.01|0.17|43.8882|27.8577
10|51|0|315|2.9|7.3|270|47.6|47.5|0.01|0.17|43.8859|27.8577
10|52|0|0|1.5|7.3|270|47.4|47.7|0.01|0.17|43.8842|27.8577
10|53|0|315|0.0|7.3|270|47.4|48.0|0.01|0.17|43.8846|28.7729
10|54|0|180|1.5|7.3|270|47.7|48.2|0.01|0.17|43.8838|28.7729
10|55|0|180|1.5|7.3|270|47.7|48.4|0.01|0.17|43.8812|28.7729
10|56|0|180|1.6|7.3|270|46.9|48.9|0.01|0.17|43.8799|28.2496
10|57|0|180|2.9|7.3|270|46.5|49.3|0.01|0.17|43.881|29.1623
10|59|0|270|2.9|7.3|270|45.4|49.8|0.01|0.17|43.8795|28.6266
11|00|0|315|0.0|7.3|270|44.4|50.1|0.01|0.17|43.8769|28.9882
11|01|0|315|0.0|7.3|270|43.4|50.6|0.01|0.17|43.88|28.4283
11|02|0|315|1.5|7.3|270|42.9|50.9|0.01|0.17|43.8834|27.8568
11|03|0|0|1.5|7.3|270|42.4|51.2|0.01|0.17|43.883|28.7597
11|04|0|0|1.6|7.3|270|41.7|51.5|0.01|0.17|43.8809|28.1735
11|05|0|180|1.5|7.3|270|41.3|51.7|0.01|0.17|43.8795|28.1735
11|06|0|0|1.6|7.3|270|41.3|51.9|0.01|0.17|43.8753|28.1735
11|07|0|315|2.9|7.3|270|40.9|52.1|0.01|0.17|43.8739|28.4721
11|08|0|90|0.0|7.3|270|40.5|52.4|0.01|0.17|43.8739|28.4721
11|09|0|315|2.9|7.3|270|40.4|52.5|0.01|0.17|43.8769|28.4721
11|10|0|315|1.5|7.3|270|40.2|52.5|0.01|0.17|43.8735|28.4721
11|11|0|0|1.5|7.3|270|40.2|52.6|0.01|0.17|43.8751|28.4721
11|12|0|0|1.5|7.3|270|40.0|52.7|0.01|0.17|43.8752|28.4721
11|14|0|45|0.0|7.3|270|40.0|52.7|0.02|0.18|43.873|28.4721
11|16|0|90|0.0|7.3|270|39.8|52.8|0.02|0.18|43.8719|27.8571
11|17|0|180|0.0|7.3|270|40.1|52.9|0.02|0.18|43.8704|28.4721
11|18|0|270|0.0|7.3|270|40.0|53.0|0.01|0.18|43.8682|29.3696
11|19|0|270|0.0|7.3|270|40.0|53.2|0.01|0.18|43.8671|29.3696
11|20|0|315|1.5|7.3|270|40.0|53.4|0.01|0.18|43.8652|29.3696
11|21|0|315|2.9|7.3|270|39.1|53.5|0.01|0.18|43.8655|28.752
11|22|0|315|1.5|7.3|270|38.6|53.6|0.01|0.18|43.865|28.1202
11|23|0|0|1.6|7.3|270|38.6|53.7|0.01|0.18|43.8632|28.1202
11|24|0|315|1.5|7.3|270|38.4|53.8|0.01|0.18|43.8658|28.1202
11|25|0|270|1.5|7.3|270|38.7|53.9|0.01|0.18|43.8685|28.1202
11|26|0|270|0.0|7.3|270|38.9|54.0|0.01|0.18|43.8668|29.0121
11|27|0|90|1.5|7.3|270|38.1|54.2|0.01|0.18|43.8646|29.0121
11|29|0|225|1.5|7.3|270|38.3|54.5|0.01|0.18|43.8601|29.0121
11|30|0|225|1.5|7.3|270|38.1|54.8|0.01|0.18|43.8619|29.0121
11|31|0|23|1.5|7.3|270|37.1|55.1|0.01|0.18|43.856|29.2517
11|32|0|45|1.5|7.3|270|36.6|55.4|0.01|0.18|43.8563|28.5838
11|33|0|90|2.9|7.3|270|36.1|55.6|0.01|0.18|43.8583|28.5838
11|34|0|90|2.9|7.3|270|35.5|55.7|0.01|0.18|43.8558|27.8992
11|35|0|90|1.5|7.3|270|34.8|55.5|0.01|0.18|43.8554|27.1972
11|37|0|90|1.6|7.3|270|34.9|55.4|0.01|0.18|43.8531|27.1972
11|38|0|90|0.0|7.3|270|35.1|55.3|0.01|0.18|43.8508|27.8992
11|39|0|90|1.5|7.3|270|34.9|55.2|0.01|0.18|43.8516|27.1972
11|40|0|90|0.0|7.3|270|35.2|55.1|0.01|0.18|43.8494|27.8992
11|41|0|90|1.5|7.3|270|35.6|55.1|0.01|0.18|43.8482|27.8992
11|42|0|135|0.0|7.3|270|35.6|55.2|0.01|0.18|43.8493|27.8992
11|43|0|90|2.9|7.3|270|35.2|55.1|0.01|0.18|43.8467|27.8992
11|44|0|90|2.9|7.3|270|35.1|55.0|0.01|0.18|43.845|27.8992
11|45|0|135|2.9|7.3|270|35.2|55.0|0.01|0.18|43.8437|27.8992
11|46|0|90|1.5|7.3|270|35.5|55.0|0.01|0.18|43.8414|27.8992
11|47|0|0|1.6|7.3|270|35.3|55.0|0.01|0.18|43.8421|27.8992
11|48|0|45|2.9|7.3|270|35.4|55.0|0.01|0.18|43.8389|27.8992
11|49|0|45|1.5|7.3|270|35.6|55.0|0.01|0.18|43.8396|27.8992
11|50|0|45|1.6|7.3|270|35.6|55.0|0.01|0.18|43.8395|27.8992
11|51|0|45|0.0|7.3|270|35.5|55.0|0.01|0.18|43.8366|27.8992
11|52|0|315|0.0|7.3|270|35.7|55.1|0.01|0.18|43.8356|27.8992
11|54|0|180|2.9|7.3|270|35.9|55.3|0.01|0.18|43.8354|27.8992
11|55|0|180|1.5|7.3|270|35.5|55.4|0.01|0.18|43.8346|27.8992
11|56|0|45|1.5|7.3|270|35.5|55.5|0.01|0.18|43.835|27.8992
11|58|0|135|1.6|7.3|270|35.1|55.8|0.01|0.18|43.834|27.8992
11|59|0|180|2.9|7.3|270|35.1|56.1|0.01|0.18|43.8308|28.7823
12|00|0|203|0.0|7.3|270|34.8|56.3|0.01|0.18|43.8272|28.0773
12|01|0|0|0.0|7.3|270|34.7|56.5|0.01|0.18|43.8228|28.0773
12|02|0|135|1.5|7.3|270|34.4|56.9|0.01|0.18|43.8237|28.0773
12|03|0|135|2.9|7.3|270|33.9|57.1|0.01|0.18|43.8224|28.2306
12|04|0|180|2.9|7.3|270|33.6|57.3|0.01|0.18|43.8227|28.2306
12|05|0|135|2.9|7.3|270|33.5|57.4|0.01|0.18|43.8216|28.2306
12|06|0|135|4.8|7.3|270|33.2|57.5|0.01|0.18|43.8202|28.2306
12|08|0|180|2.9|7.3|270|33.1|57.4|0.01|0.18|43.8162|28.2306
12|09|0|135|3.2|7.3|270|33.4|57.5|0.01|0.18|43.8161|28.2306
12|10|0|45|1.6|7.3|270|33.2|57.7|0.01|0.18|43.8164|28.2306
12|11|0|180|1.5|7.3|270|33.1|57.9|0.01|0.18|43.815|28.2306
12|12|0|180|2.9|7.3|270|32.9|58.0|0.01|0.18|43.8139|28.3578
12|13|0|158|1.6|7.3|270|32.6|58.2|0.01|0.18|43.8121|28.3578
12|14|0|135|5.8|7.3|270|32.4|58.2|0.00|0.18|43.8108|28.3578
12|15|0|158|5.8|7.3|270|32.0|58.2|0.00|0.18|43.8114|28.3578
12|16|0|180|3.2|7.3|270|32.0|58.3|0.00|0.18|43.8099|28.3578
12|17|0|180|4.4|7.3|270|31.7|58.3|0.00|0.18|43.8081|27.5873
12|18|0|315|1.5|7.3|270|31.8|58.3|0.00|0.18|43.8068|27.5873
12|19|0|180|2.9|7.3|270|32.0|58.4|0.00|0.18|43.8086|28.3578
12|21|0|180|0.0|7.3|270|32.0|58.5|0.00|0.18|43.8058|28.3578
12|23|0|23|1.6|7.3|270|31.6|58.8|0.00|0.18|43.8045|27.5873
12|24|0|135|1.5|7.3|270|31.9|58.9|0.00|0.18|43.8006|27.5873
12|25|0|135|2.9|7.3|270|31.9|58.9|0.00|0.18|43.8006|27.5873
12|26|0|135|1.6|7.3|270|31.8|58.7|0.00|0.18|43.7995|27.5873
12|27|0|135|0.0|7.3|270|31.9|58.5|0.00|0.18|43.7981|27.5873
12|28|0|180|1.6|7.3|270|32.2|58.7|0.00|0.18|43.7967|28.3578
12|29|0|180|2.9|7.3|270|32.2|58.7|0.00|0.18|43.7947|28.3578
12|30|0|180|2.9|7.3|270|32.1|58.7|0.00|0.18|43.7933|28.3578
12|31|0|180|4.4|7.3|270|31.7|58.7|0.00|0.18|43.7951|27.5873
12|32|0|135|4.4|7.3|270|31.6|58.7|0.00|0.18|43.7925|27.5873
12|34|0|135|0.0|7.3|270|31.6|58.3|0.00|0.18|43.7888|27.5873
12|35|0|45|1.6|7.3|270|31.9|58.5|0.00|0.18|43.7894|27.5873
12|36|0|135|0.0|7.3|270|31.9|58.5|0.00|0.18|43.7862|27.5873
12|38|0|90|3.2|7.3|270|31.6|58.5|0.00|0.18|43.7846|27.5873
12|39|0|135|1.5|7.3|270|31.6|58.7|0.00|0.18|43.7845|27.5873
12|40|0|180|1.5|7.3|270|31.9|58.8|0.00|0.18|43.783|27.5873
12|43|0|225|0.0|7.3|270|31.3|59.2|0.00|0.18|43.7734|28.4575
12|44|0|135|4.4|7.3|270|31.2|59.3|0.00|0.18|43.7691|28.4575
12|45|0|180|3.2|7.3|270|30.8|59.6|0.00|0.18|43.769|27.6614
12|46|0|135|3.2|7.3|270|30.7|59.7|0.00|0.18|43.7693|27.6614
12|47|0|135|0.0|7.3|270|30.3|59.8|0.00|0.18|43.7681|27.6614
12|48|0|270|1.5|7.3|270|30.1|59.9|0.00|0.18|43.7664|27.6614
12|51|0|225|0.0|7.3|270|30.5|60.0|0.00|0.18|43.766|28.528
12|51|0|180|1.5|7.3|270|30.3|60.3|0.00|0.18|43.7698|28.528
12|52|0|315|1.5|7.3|270|29.9|60.6|0.00|0.18|43.7689|27.7047
12|53|0|0|1.6|7.3|270|29.3|60.7|0.00|0.18|43.7708|27.7047
12|54|0|0|1.5|7.3|270|29.1|60.8|0.00|0.18|43.7686|27.7047
12|55|0|45|1.5|7.3|270|29.0|60.8|0.00|0.18|43.7673|27.7047
12|56|0|0|4.8|7.3|270|28.9|60.7|0.00|0.18|43.7675|26.8558
12|57|0|90|1.5|7.3|270|29.1|60.6|0.00|0.18|43.7656|27.7047
12|58|0|180|1.6|7.3|270|29.5|60.5|0.00|0.18|43.765|27.7047
12|59|0|180|4.8|7.3|270|29.8|60.3|0.00|0.18|43.7632|27.7047
13|00|0|180|1.5|7.3|270|29.9|60.3|0.00|0.18|43.7633|27.7047
13|01|0|135|1.5|7.3|270|29.8|60.5|0.00|0.18|43.7643|27.7047
13|02|0|90|2.9|7.3|270|29.6|60.2|0.00|0.18|43.7629|27.7047
13|04|0|90|4.4|7.3|270|29.8|60.1|0.00|0.18|43.7619|27.7047
13|05|0|45|0.0|7.3|270|29.8|60.0|0.00|0.18|43.7588|27.7047
13|06|0|90|1.5|7.3|270|29.8|60.0|0.00|0.18|43.7574|27.7047
13|07|0|45|1.5|7.3|270|29.8|59.9|0.00|0.18|43.7578|26.8414
13|08|0|0|1.6|7.3|270|30.0|59.8|0.00|0.18|43.7553|27.6614
13|09|0|0|1.5|7.3|270|30.2|59.8|0.00|0.18|43.7549|27.6614
13|10|0|0|0.0|7.3|270|29.7|59.8|0.00|0.18|43.7533|26.8414
13|11|0|0|4.8|7.3|270|29.3|59.6|0.00|0.18|43.7491|26.8414
13|12|0|0|2.9|7.3|270|29.4|59.5|0.00|0.18|43.7494|26.8414
13|13|0|0|1.5|7.3|270|29.7|59.2|0.00|0.18|43.7498|26.8414
13|14|0|0|0.0|7.3|270|29.4|59.2|0.00|0.18|43.7477|26.8414
13|15|0|315|4.4|7.3|270|29.7|59.0|0.00|0.18|43.7455|26.8414
13|16|0|315|2.9|7.3|270|30.1|58.9|0.00|0.18|43.7462|26.7945
13|17|0|0|3.2|7.3|270|30.2|58.9|0.00|0.18|43.7457|26.7945
13|18|0|0|0.0|7.3|270|30.1|58.9|0.00|0.18|43.7458|26.7945
13|21|0|0|1.5|7.3|270|30.1|59.0|0.00|0.18|43.7416|27.6614
13|22|0|90|1.5|7.3|270|30.1|59.2|0.00|0.18|43.7426|27.6614
13|23|0|270|4.4|7.3|270|30.6|59.3|0.00|0.18|43.7411|27.6614
13|24|0|315|2.9|7.3|270|30.1|59.6|0.00|0.18|43.7441|27.6614
13|25|0|0|4.4|7.3|270|30.0|59.6|0.00|0.18|43.7444|27.6614
13|26|0|0|4.4|7.3|270|29.6|59.7|0.00|0.18|43.7446|26.8414
13|27|0|0|1.5|7.3|270|29.6|59.8|0.00|0.18|43.7455|26.8414
13|28|0|90|1.6|7.3|270|29.7|59.9|0.00|0.18|43.745|26.8414
13|29|0|0|2.9|7.3|270|29.4|60.0|0.00|0.18|43.7437|27.7047
13|30|0|0|2.9|7.3|270|29.6|60.0|0.00|0.18|43.743|27.7047
13|31|0|315|1.5|7.3|270|29.7|60.1|0.00|0.18|43.7439|27.7047
13|32|0|338|2.9|7.3|270|29.9|60.0|0.00|0.18|43.7419|27.7047
13|34|0|225|1.5|7.3|270|29.3|60.1|0.00|0.18|43.7419|27.7047
13|35|0|315|5.8|7.3|270|29.5|60.1|0.00|0.18|43.7428|27.7047
13|36|0|0|3.2|7.3|270|29.9|60.0|0.00|0.18|43.7398|27.7047
13|37|0|315|4.4|7.3|270|30.1|60.0|0.00|0.18|43.7404|28.528
13|39|0|270|2.9|7.3|270|29.5|59.9|0.00|0.18|43.7382|26.8414
13|40|0|315|4.4|7.3|270|29.5|59.8|0.00|0.18|43.7372|26.8414
13|41|0|315|1.5|7.3|270|29.4|59.8|0.00|0.18|43.7352|26.8414
13|42|0|315|1.5|7.3|270|29.3|59.9|0.00|0.18|43.7369|26.8414
13|43|0|270|1.6|7.3|270|29.4|60.0|0.00|0.18|43.7364|27.7047
13|44|0|270|0.0|7.3|270|29.4|60.1|0.00|0.18|43.7361|27.7047
13|45|0|270|1.6|7.3|270|29.3|60.2|0.00|0.18|43.739|27.7047
13|46|0|315|2.9|7.3|270|29.1|60.3|0.00|0.18|43.7371|27.7047
13|47|0|315|1.6|7.3|270|29.3|60.5|0.00|0.18|43.7386|27.7047
13|48|0|315|2.9|7.3|270|29.0|60.6|0.00|0.18|43.7409|27.7047
13|49|0|135|1.5|7.3|270|29.2|60.6|0.00|0.18|43.7373|27.7047
13|50|0|225|1.6|7.3|270|29.5|60.8|0.00|0.18|43.7369|27.7047
13|51|0|315|2.9|7.3|270|29.2|60.8|0.00|0.18|43.7349|27.7047
13|53|0|315|4.4|7.3|270|28.9|60.9|0.00|0.18|43.7356|26.8558
13|54|0|315|2.9|7.3|270|29.3|60.9|0.00|0.18|43.7313|27.7047
13|55|0|315|3.2|7.3|270|28.8|61.1|0.00|0.18|43.7301|27.7153
13|56|0|315|4.4|7.3|270|28.5|60.9|0.00|0.18|43.7308|26.8558
13|57|0|0|1.5|7.3|270|28.4|60.9|0.00|0.18|43.731|26.8558
13|59|0|180|0.0|7.3|270|28.5|60.7|0.00|0.18|43.7316|26.8558
14|00|0|315|0.0|7.3|270|28.8|60.7|0.00|0.18|43.7291|26.8558
14|01|0|270|2.9|7.3|270|29.0|60.7|0.00|0.18|43.7296|27.7047
14|02|0|315|2.9|7.3|270|29.2|60.7|0.00|0.18|43.7256|27.7047
14|03|0|248|1.6|7.3|270|29.5|60.7|0.00|0.18|43.7262|27.7047
14|04|0|225|2.9|7.3|270|29.3|60.8|0.00|0.18|43.7243|27.7047
14|06|0|225|2.9|7.3|270|29.0|60.8|0.00|0.18|43.7243|27.7047
14|07|0|225|1.5|7.3|270|29.1|60.9|0.00|0.18|43.7242|27.7047
14|08|0|270|1.6|8.7|270|28.9|60.8|0.00|0.18|43.7178|26.8558
14|09|0|315|4.4|8.7|270|29.2|60.7|0.00|0.18|43.7183|27.7047
14|10|0|315|7.3|8.7|270|29.3|60.5|0.00|0.18|43.7217|27.7047
14|11|0|315|3.2|8.7|270|29.4|60.2|0.00|0.18|43.7215|27.7047
14|12|0|270|5.8|8.7|270|29.5|60.1|0.00|0.18|43.72|27.7047
14|13|0|225|1.5|8.7|270|29.5|60.1|0.00|0.18|43.7196|27.7047
14|14|0|315|4.4|8.7|270|29.4|60.1|0.00|0.18|43.7208|27.7047
14|15|0|270|1.5|8.7|270|29.5|59.9|0.00|0.18|43.7217|26.8414
14|16|0|315|4.8|8.7|270|29.7|59.8|0.00|0.18|43.7243|26.8414
14|17|0|315|4.4|8.7|270|29.9|59.5|0.00|0.18|43.7236|26.8414
14|18|0|315|2.9|8.7|270|30.3|59.1|0.00|0.18|43.717|27.6614
14|19|0|270|4.8|8.7|270|30.6|58.9|0.00|0.18|43.7151|26.7945
14|20|0|180|1.6|8.7|270|30.4|58.9|0.00|0.18|43.7142|26.7945
14|22|0|180|0.0|8.7|270|30.3|58.8|0.00|0.18|43.7084|26.7945
14|23|0|0|1.6|8.7|270|30.3|58.9|0.00|0.18|43.7102|26.7945
14|24|0|90|1.5|8.7|270|30.6|59.0|0.00|0.18|43.7084|27.6614
14|25|0|315|0.0|8.7|270|30.6|59.1|0.00|0.18|43.708|27.6614
14|26|0|0|4.8|8.7|270|30.7|59.2|0.00|0.18|43.706|27.6614
14|27|0|315|5.8|8.7|270|30.9|59.1|0.00|0.18|43.7059|27.6614
14|28|0|315|4.4|8.7|270|30.6|59.0|0.00|0.18|43.7055|27.6614
14|29|0|315|5.8|8.7|270|30.6|59.1|0.00|0.18|43.7086|27.6614
14|30|0|315|2.9|8.7|270|31.2|59.0|0.00|0.18|43.7099|28.4575
14|31|0|0|4.4|8.7|270|31.7|58.8|0.00|0.18|43.7076|27.5873
14|32|0|315|3.2|8.7|270|31.9|58.5|0.00|0.18|43.7106|27.5873
14|33|0|315|4.8|8.7|270|31.6|58.5|0.00|0.18|43.7076|27.5873
14|34|0|338|4.4|8.7|270|31.7|58.4|0.00|0.18|43.7092|27.5873
14|36|0|0|3.2|8.7|270|31.6|58.4|0.00|0.18|43.7099|27.5873
14|37|0|315|4.4|8.7|270|31.5|58.4|0.00|0.18|43.7052|27.5873
14|38|0|315|1.5|8.7|270|31.5|58.5|0.00|0.18|43.7028|27.5873
14|39|0|315|4.4|8.7|270|31.5|58.7|0.00|0.18|43.7025|27.5873
14|40|0|0|2.9|8.7|270|31.6|58.7|0.00|0.18|43.7005|27.5873
14|41|0|0|2.9|8.7|270|31.1|58.8|0.00|0.18|43.6991|27.5873
14|42|0|270|4.4|8.7|270|31.3|58.7|0.00|0.18|43.6985|27.5873
14|43|0|315|2.9|8.7|270|31.3|58.7|0.00|0.18|43.7004|27.5873
14|44|0|315|6.4|8.7|270|32.0|58.5|0.00|0.18|43.6952|28.3578
14|46|0|315|1.6|8.7|270|32.0|58.7|0.00|0.18|43.6958|28.3578
14|47|0|0|5.8|8.7|270|31.5|58.9|0.00|0.18|43.6975|27.5873
14|48|0|0|4.8|8.7|270|31.2|58.9|0.00|0.18|43.6986|27.5873
14|49|0|315|5.8|8.7|270|31.5|58.9|0.00|0.18|43.6957|27.5873
14|50|0|315|5.8|8.7|270|31.9|58.7|0.00|0.18|43.694|27.5873
14|51|0|315|4.4|8.7|270|31.8|58.7|0.00|0.18|43.6943|27.5873
14|52|0|315|5.8|8.7|270|31.8|58.3|0.00|0.18|43.6897|27.5873
14|53|0|315|7.3|8.7|270|32.0|58.4|0.00|0.18|43.6904|28.3578
14|54|0|270|7.3|8.7|270|32.1|58.3|0.00|0.18|43.6895|28.3578
14|56|0|270|5.8|8.7|270|31.8|58.4|0.00|0.18|43.6899|27.5873
14|57|0|225|1.6|8.7|270|31.7|58.5|0.00|0.18|43.6893|27.5873
15|00|0|45|4.8|10.2|315|32.3|58.8|0.00|0.18|43.6925|28.3578
15|01|0|315|2.9|10.2|315|32.3|58.9|0.00|0.18|43.6937|28.3578
15|02|0|315|4.8|10.2|315|31.7|59.0|0.00|0.18|43.6949|28.4575
15|03|0|315|2.9|10.2|315|31.9|59.1|0.00|0.18|43.6946|28.4575
15|04|0|270|2.9|10.2|315|31.7|59.2|0.00|0.18|43.6953|28.4575
15|05|0|270|1.6|10.2|315|31.1|59.3|0.00|0.18|43.6953|28.4575
15|06|0|0|2.9|10.2|315|30.9|59.5|0.00|0.18|43.6943|27.6614
15|07|0|315|3.2|10.2|315|31.0|59.5|0.00|0.18|43.6949|28.4575
15|08|0|315|5.8|10.2|315|31.4|59.2|0.00|0.18|43.6927|28.4575
15|09|0|315|8.1|10.2|315|31.9|59.0|0.00|0.18|43.6902|28.4575
15|10|0|0|3.2|10.2|315|32.0|58.9|0.00|0.18|43.691|28.3578
15|12|0|315|3.2|10.2|315|31.9|58.9|0.00|0.18|43.6918|27.5873
15|13|0|315|4.4|10.2|315|32.2|58.7|0.00|0.18|43.6932|28.3578
15|14|0|315|4.4|10.2|315|32.1|58.4|0.00|0.18|43.6923|28.3578
15|15|0|315|4.4|10.2|315|32.3|58.3|0.00|0.18|43.6913|28.3578
15|16|0|315|5.8|10.2|315|32.0|58.1|0.00|0.18|43.6886|28.3578
15|17|0|338|2.9|10.2|315|32.3|58.0|0.00|0.18|43.6875|28.3578
15|18|0|0|2.9|10.2|315|33.0|58.0|0.00|0.18|43.6889|29.1073
15|19|0|0|10.2|11.6|0|32.7|57.8|0.00|0.18|43.687|27.4842
15|20|0|0|6.4|11.6|0|33.1|57.5|0.00|0.18|43.6917|28.2306
15|21|0|0|2.9|11.6|0|33.1|57.4|0.00|0.18|43.6941|28.2306
15|22|0|0|2.9|11.6|0|32.9|57.4|0.00|0.18|43.6929|27.4842
15|24|0|0|1.6|11.6|0|32.8|57.3|0.00|0.18|43.6908|27.4842
15|25|0|315|5.8|11.6|0|33.3|57.3|0.00|0.18|43.6909|28.2306
15|26|0|0|5.8|11.6|0|33.9|57.3|0.00|0.18|43.6922|28.2306
15|27|0|0|3.2|11.6|0|33.4|57.3|0.00|0.18|43.6921|28.2306
15|29|0|0|1.5|11.6|0|33.4|57.3|0.00|0.18|43.6883|28.2306
15|30|0|45|4.4|11.6|0|33.9|57.3|0.00|0.18|43.6913|28.2306
15|31|0|0|2.9|11.6|0|33.7|57.2|0.00|0.18|43.6897|28.2306
15|32|0|0|3.2|11.6|0|33.8|57.2|0.00|0.18|43.6893|28.2306
15|33|0|0|2.9|11.6|0|33.6|57.2|0.00|0.18|43.687|28.2306
15|34|0|315|4.8|11.6|0|34.0|57.2|0.00|0.18|43.6858|28.9573
15|36|0|315|3.2|11.6|0|33.8|57.1|0.00|0.18|43.6821|28.2306
15|37|0|315|4.4|11.6|0|33.8|57.2|0.00|0.18|43.686|28.2306
15|38|0|0|4.8|11.6|0|33.9|57.1|0.00|0.18|43.6839|28.2306
15|39|0|0|4.4|11.6|0|33.6|57.1|0.00|0.18|43.6858|28.2306
15|40|0|0|4.4|11.6|0|33.6|57.1|0.00|0.18|43.6835|28.2306
15|41|0|0|3.2|11.6|0|33.7|57.1|0.00|0.18|43.6803|28.2306
15|42|0|0|2.9|11.6|0|33.8|57.1|0.00|0.18|43.6806|28.2306
15|43|0|0|5.8|11.6|0|33.8|57.1|0.00|0.18|43.6796|28.2306
15|44|0|0|2.9|11.6|0|33.5|57.0|0.00|0.18|43.6802|28.2306
15|45|0|0|4.4|11.6|0|33.6|57.0|0.00|0.18|43.6803|28.2306
15|46|0|315|4.4|11.6|0|34.2|56.9|0.00|0.18|43.6793|28.0773
15|47|0|0|4.4|11.6|0|33.8|56.7|0.00|0.18|43.6796|27.3537
15|48|0|0|7.3|11.6|0|34.2|56.7|0.00|0.18|43.6804|28.0773
15|51|0|0|2.9|11.6|0|34.0|56.5|0.00|0.18|43.6797|28.0773
15|52|0|0|5.8|11.6|0|33.9|56.5|0.00|0.18|43.679|27.3537
15|54|0|0|7.3|11.6|0|34.2|56.3|0.00|0.18|43.6797|28.0773
15|55|0|0|5.8|11.6|0|34.8|56.3|0.00|0.18|43.6771|28.0773
15|56|0|315|2.9|11.6|0|34.3|56.3|0.00|0.18|43.6759|28.0773
15|57|0|315|3.2|11.6|0|34.7|56.3|0.00|0.18|43.6756|28.0773
15|58|0|0|4.4|11.6|0|34.6|56.4|0.00|0.18|43.6763|28.0773
16|00|0|23|4.4|11.6|0|34.6|56.2|0.00|0.18|43.6743|28.0773
16|01|0|0|4.4|11.6|0|34.5|56.2|0.00|0.18|43.6735|28.0773
16|02|0|0|3.2|11.6|0|34.5|56.2|0.00|0.18|43.6762|28.0773
16|03|0|315|4.4|11.6|0|34.7|56.2|0.00|0.18|43.6764|28.0773
16|04|0|0|6.5|11.6|0|35.2|56.1|0.00|0.18|43.6748|28.7823
16|05|0|0|5.8|11.6|0|34.6|56.1|0.00|0.18|43.6741|28.0773
16|06|0|0|7.3|11.6|0|34.5|56.1|0.00|0.18|43.6716|28.0773
16|08|0|0|6.5|11.6|0|34.4|56.0|0.00|0.18|43.6729|28.0773
16|09|0|0|8.7|11.6|0|34.6|56.0|0.00|0.18|43.6722|28.0773
16|10|0|315|2.9|11.6|0|34.8|55.8|0.00|0.18|43.6766|27.1972
16|11|0|0|4.4|11.6|0|34.8|55.7|0.00|0.18|43.674|27.1972
16|12|0|0|4.4|11.6|0|35.1|55.7|0.00|0.18|43.6748|27.8992
16|13|0|315|2.9|11.6|0|35.8|55.7|0.00|0.18|43.6748|27.8992
16|14|0|315|4.4|11.6|0|35.8|55.7|0.00|0.18|43.6727|27.8992
16|15|0|315|5.8|11.6|0|35.7|55.6|0.00|0.18|43.6716|27.8992
16|17|0|0|2.9|11.6|0|35.7|55.6|0.00|0.18|43.6718|27.8992
16|18|0|315|1.6|11.6|0|35.9|55.6|0.00|0.18|43.6727|27.8992
16|19|0|338|3.2|11.6|0|36.2|55.6|0.00|0.18|43.6704|28.5838
16|21|0|315|5.8|11.6|0|36.2|55.5|0.00|0.18|43.6707|28.5838
16|22|0|0|4.8|11.6|0|35.8|55.4|0.00|0.18|43.6707|27.8992
16|23|0|315|5.8|11.6|0|35.9|55.4|0.00|0.18|43.6732|27.8992
16|24|0|315|6.4|11.6|0|36.1|55.3|0.00|0.18|43.671|28.5838
16|25|0|315|4.8|11.6|0|36.3|55.3|0.00|0.18|43.6716|28.5838
16|26|0|0|4.4|11.6|0|36.4|55.3|0.00|0.18|43.6742|28.5838
16|27|0|0|2.9|11.6|0|36.3|55.3|0.00|0.18|43.6715|28.5838
16|28|0|315|4.4|11.6|0|36.2|55.4|0.00|0.18|43.6714|28.5838
16|29|0|315|6.4|11.6|0|36.4|55.4|0.00|0.18|43.6716|28.5838
16|30|0|0|4.4|11.6|0|36.0|55.4|0.00|0.18|43.6714|28.5838
16|34|0|0|2.9|11.6|0|36.2|55.6|0.00|0.18|43.67|28.5838
16|35|0|315|2.9|11.6|0|35.8|55.6|0.00|0.18|43.6704|27.8992
16|36|0|315|4.4|11.6|0|36.0|55.6|0.00|0.18|43.6678|28.5838
16|37|0|315|4.4|11.6|0|36.1|55.5|0.00|0.18|43.6656|28.5838
16|38|0|315|4.4|11.6|0|36.2|55.5|0.00|0.18|43.6663|28.5838
16|39|0|0|5.8|11.6|0|36.4|55.5|0.00|0.18|43.6662|28.5838
16|40|0|315|2.9|11.6|0|36.2|55.5|0.00|0.18|43.6667|28.5838
16|41|0|315|5.8|11.6|0|36.0|55.5|0.00|0.18|43.666|28.5838
16|42|0|0|3.2|11.6|0|36.4|55.5|0.00|0.18|43.6656|28.5838
16|43|0|315|2.9|11.6|0|36.2|55.5|0.00|0.18|43.665|28.5838
16|44|0|0|3.2|11.6|0|36.4|55.4|0.00|0.18|43.6647|28.5838
16|45|0|0|4.4|11.6|0|36.5|55.4|0.00|0.18|43.6653|28.5838
16|47|0|315|4.4|11.6|0|36.4|55.3|0.00|0.18|43.6645|28.5838
16|48|0|0|9.7|11.6|0|36.3|55.3|0.00|0.18|43.6631|28.5838
16|49|0|0|7.3|11.6|0|36.6|55.2|0.00|0.18|43.6635|28.5838
16|50|0|315|4.8|11.6|0|36.7|55.0|0.00|0.18|43.6644|28.5838
16|51|0|315|7.3|11.6|0|37.1|55.0|0.00|0.18|43.6656|29.2517
16|52|0|315|5.8|11.6|0|37.3|54.7|0.00|0.18|43.6653|28.3627
16|53|0|315|8.1|11.6|0|37.6|54.6|0.00|0.18|43.6634|28.3627
16|54|0|0|4.4|11.6|0|37.6|54.4|0.00|0.18|43.6644|28.3627
16|56|0|0|5.8|11.6|0|37.8|54.3|0.00|0.18|43.6641|28.3627
16|57|0|315|6.4|11.6|0|37.9|54.2|0.00|0.18|43.6635|28.3627
16|58|0|338|7.3|11.6|0|38.0|53.9|0.00|0.18|43.6606|28.1202
16|59|0|338|4.4|11.6|0|38.3|53.8|0.00|0.18|43.6603|28.1202
17|00|0|315|6.5|11.6|0|38.3|53.7|0.00|0.18|43.6603|28.1202
17|01|0|315|5.8|11.6|0|38.4|53.6|0.00|0.18|43.6615|28.1202
17|02|0|315|5.8|11.6|0|38.8|53.5|0.00|0.18|43.6621|28.1202
17|03|0|315|4.4|11.6|0|38.9|53.5|0.00|0.18|43.6622|28.1202
17|04|0|0|4.4|11.6|0|39.1|53.4|0.00|0.18|43.6646|28.752
17|05|0|338|4.4|11.6|0|39.3|53.3|0.00|0.18|43.6676|28.752
17|07|0|315|7.3|11.6|0|39.3|53.2|0.00|0.18|43.667|28.752
17|08|0|315|7.3|11.6|0|39.2|53.0|0.00|0.18|43.667|28.752
17|09|0|0|6.4|11.6|0|39.4|52.9|0.00|0.18|43.6698|27.8571
17|10|0|315|7.3|11.6|0|39.3|52.8|0.00|0.18|43.6707|27.8571
17|11|0|315|4.4|11.6|0|39.4|52.7|0.00|0.18|43.6698|27.8571
17|12|0|0|5.8|11.6|0|39.4|52.7|0.00|0.18|43.6684|27.8571
17|13|0|315|5.8|11.6|0|39.8|52.7|0.00|0.18|43.6709|27.8571
17|14|0|0|5.8|11.6|0|39.8|52.6|0.00|0.18|43.6686|27.8571
17|15|0|0|2.9|11.6|0|39.7|52.6|0.00|0.18|43.67|27.8571
17|16|0|0|2.9|11.6|0|39.9|52.5|0.00|0.18|43.6679|27.8571
17|17|0|0|2.9|11.6|0|40.0|52.4|0.00|0.18|43.6665|28.4721
17|18|0|0|2.9|11.6|0|40.1|52.4|0.00|0.18|43.6676|28.4721
17|19|0|315|2.9|11.6|0|40.2|52.2|0.00|0.18|43.6679|28.4721
17|20|0|0|2.9|11.6|0|40.3|52.1|0.00|0.18|43.6673|28.4721
17|21|0|0|2.9|11.6|0|40.3|52.1|0.00|0.18|43.667|28.4721
17|23|0|0|7.3|11.6|0|40.3|51.9|0.00|0.18|43.6642|27.5745
17|24|0|315|4.8|11.6|0|40.6|51.9|0.00|0.18|43.665|27.5745
17|25|0|0|2.9|11.6|0|40.5|51.8|0.00|0.18|43.6688|27.5745
17|27|0|0|4.8|11.6|0|41.0|51.7|0.00|0.18|43.67|28.1735
17|28|0|0|2.9|11.6|0|41.0|51.7|0.00|0.18|43.6709|28.1735
17|29|0|315|4.8|11.6|0|41.2|51.6|0.00|0.18|43.6711|28.1735
17|31|0|0|2.9|11.6|0|41.4|51.3|0.00|0.18|43.671|28.1735
17|32|0|0|4.8|11.6|0|41.4|51.2|0.00|0.18|43.6709|28.1735
17|33|0|0|5.8|11.6|0|41.4|51.1|0.00|0.18|43.6713|28.1735
17|35|0|0|3.2|11.6|0|41.9|51.0|0.00|0.18|43.6709|28.1735
17|36|0|315|4.4|11.6|0|41.9|50.9|0.00|0.18|43.6714|27.2731
17|37|0|315|4.4|11.6|0|42.0|50.9|0.00|0.18|43.6742|27.8568
17|38|0|0|2.9|11.6|0|42.1|50.8|0.00|0.18|43.6761|27.8568
17|39|0|315|4.4|11.6|0|42.3|50.7|0.00|0.18|43.6768|27.8568
17|40|0|315|1.5|11.6|0|42.3|50.7|0.00|0.18|43.6786|27.8568
17|41|0|315|1.5|11.6|0|42.4|50.7|0.00|0.18|43.6795|27.8568
17|43|0|315|2.9|11.6|0|42.5|50.6|0.00|0.18|43.6808|27.8568
17|44|0|315|1.5|11.6|0|42.5|50.6|0.00|0.18|43.6798|27.8568
17|45|0|315|1.5|11.6|0|42.6|50.5|0.00|0.18|43.6813|27.8568
17|46|0|0|2.9|11.6|0|42.7|50.3|0.00|0.18|43.6805|27.8568
17|47|0|315|1.6|11.6|0|42.8|50.2|0.00|0.18|43.6785|27.8568
17|48|0|315|1.5|11.6|0|42.9|50.1|0.00|0.18|43.6783|27.8568
17|49|0|315|2.9|11.6|0|43.1|50.0|0.00|0.18|43.6798|28.4283
17|50|0|315|2.9|11.6|0|43.3|49.9|0.00|0.18|43.6799|27.5228
17|51|0|315|1.5|11.6|0|43.7|49.8|0.00|0.18|43.6798|27.5228
17|52|0|315|3.2|11.6|0|43.6|49.7|0.00|0.18|43.682|27.5228
17|53|0|315|2.9|11.6|0|43.9|49.5|0.00|0.18|43.6835|27.5228
17|54|0|315|1.5|11.6|0|44.1|49.4|0.00|0.18|43.6844|28.0802
17|55|0|315|1.5|11.6|0|44.4|49.3|0.00|0.18|43.6865|28.0802
17|56|0|315|1.5|11.6|0|44.4|49.2|0.00|0.18|43.6861|28.0802
17|57|0|315|1.5|11.6|0|44.7|49.2|0.00|0.18|43.685|28.0802
17|59|0|315|2.9|11.6|0|44.7|49.1|0.00|0.18|43.6852|28.0802
18|00|0|315|1.5|11.6|0|44.8|49.1|0.00|0.18|43.6859|28.0802
18|01|0|315|0.0|11.6|0|44.9|49.1|0.00|0.18|43.685|28.0802
18|02|0|315|0.0|11.6|0|44.9|49.1|0.00|0.18|43.6866|28.0802
18|03|0|315|0.0|11.6|0|44.8|49.0|0.00|0.18|43.6866|28.0802
18|04|0|315|0.0|11.6|0|44.9|49.0|0.00|0.18|43.6836|28.0802
18|05|0|270|1.5|11.6|0|44.9|49.0|0.00|0.18|43.6842|28.0802
18|06|0|270|1.5|11.6|0|45.1|49.0|0.00|0.18|43.6841|28.6266
18|07|0|270|1.6|11.6|0|45.1|49.0|0.00|0.18|43.6855|28.6266
18|08|0|225|1.6|11.6|0|45.2|49.1|0.00|0.18|43.6859|28.6266
18|09|0|270|1.5|11.6|0|45.2|49.2|0.00|0.18|43.6879|28.6266
18|10|0|270|1.6|11.6|0|45.2|49.2|0.00|0.18|43.6867|28.6266
18|11|0|270|1.5|11.6|0|45.1|49.3|0.00|0.18|43.6872|28.6266
18|12|0|270|1.5|11.6|0|45.1|49.3|0.00|0.18|43.6882|28.6266
18|14|0|270|1.5|11.6|0|45.0|49.3|0.00|0.18|43.6863|28.6266
18|15|0|270|1.5|11.6|0|44.9|49.4|0.00|0.18|43.6875|28.0802
18|16|0|270|1.5|11.6|0|44.8|49.4|0.00|0.18|43.6838|28.0802
18|17|0|270|1.6|11.6|0|44.7|49.4|0.00|0.18|43.686|28.0802
18|18|0|270|1.5|11.6|0|44.7|49.4|0.00|0.18|43.6844|28.0802
18|19|0|315|1.6|11.6|0|44.6|49.4|0.00|0.18|43.6852|28.0802
18|20|0|225|1.5|11.6|0|44.5|49.4|0.00|0.18|43.6863|28.0802
18|21|0|225|0.0|11.6|0|44.5|49.4|0.00|0.18|43.686|28.0802
18|22|0|225|0.0|11.6|0|44.4|49.5|0.00|0.18|43.6873|28.0802
18|23|0|225|0.0|11.6|0|44.4|49.5|0.00|0.18|43.6892|28.0802
18|24|0|225|0.0|11.6|0|44.4|49.5|0.00|0.18|43.6886|28.0802
18|25|0|225|0.0|11.6|0|44.4|49.5|0.00|0.18|43.6915|28.0802
18|26|0|225|0.0|11.6|0|44.4|49.5|0.00|0.18|43.6921|28.0802
18|28|0|225|1.5|11.6|0|44.4|49.5|0.00|0.18|43.695|28.0802
18|29|0|225|1.5|11.6|0|44.4|49.7|0.00|0.18|43.6963|28.0802
18|30|0|225|1.5|11.6|0|44.4|49.5|0.00|0.18|43.6943|28.0802
18|31|0|225|0.0|11.6|0|44.3|49.5|0.00|0.18|43.693|28.0802
18|32|0|225|0.0|11.6|0|44.3|49.5|0.00|0.18|43.6923|28.0802
18|34|0|225|0.0|11.6|0|44.3|49.5|0.00|0.18|43.692|28.0802
18|35|0|225|1.5|11.6|0|44.4|49.4|0.00|0.18|43.6925|28.0802
18|36|0|225|0.0|11.6|0|44.4|49.4|0.00|0.18|43.6926|28.0802
18|37|0|225|0.0|11.6|0|44.4|49.5|0.00|0.18|43.6946|28.0802
18|38|0|225|0.0|11.6|0|44.3|49.4|0.00|0.18|43.6957|28.0802
18|39|0|225|0.0|11.6|0|44.3|49.4|0.00|0.18|43.6965|28.0802
18|40|0|225|1.6|11.6|0|44.4|49.5|0.00|0.18|43.6966|28.0802
18|41|0|225|1.5|11.6|0|44.4|49.4|0.00|0.18|43.6937|28.0802
18|42|0|225|1.5|11.6|0|44.5|49.4|0.00|0.18|43.6942|28.0802
18|43|0|225|1.6|11.6|0|44.5|49.4|0.00|0.18|43.694|28.0802
18|44|0|225|0.0|11.6|0|44.6|49.4|0.00|0.18|43.6943|28.0802
18|46|0|225|0.0|11.6|0|44.5|49.5|0.00|0.18|43.6952|28.0802
18|47|0|225|0.0|11.6|0|44.4|49.4|0.00|0.18|43.6957|28.0802
18|48|0|225|1.5|11.6|0|44.4|49.4|0.00|0.18|43.6948|28.0802
18|49|0|225|1.5|11.6|0|44.5|49.3|0.00|0.18|43.6943|28.0802
18|51|0|248|1.5|11.6|0|44.6|49.3|0.00|0.18|43.6939|28.0802
18|52|0|248|1.6|11.6|0|44.6|49.2|0.00|0.18|43.6924|28.0802
18|53|0|248|1.6|11.6|0|44.6|49.2|0.00|0.18|43.6927|28.0802
18|54|0|248|0.0|11.6|0|44.6|49.2|0.00|0.18|43.6926|28.0802
18|55|0|248|1.6|11.6|0|44.7|49.2|0.00|0.18|43.6953|28.0802
18|56|0|248|1.5|11.6|0|44.7|49.2|0.00|0.18|43.6972|28.0802
18|57|0|248|1.5|11.6|0|44.7|49.2|0.00|0.18|43.6984|28.0802
18|58|0|248|1.5|11.6|0|44.8|49.1|0.00|0.18|43.6985|28.0802
18|59|0|248|1.5|11.6|0|44.9|49.0|0.00|0.18|43.6977|28.0802
19|00|0|248|0.0|11.6|0|44.9|49.0|0.00|0.18|43.6997|28.0802
19|01|0|248|0.0|11.6|0|45.0|49.0|0.00|0.18|43.7004|28.6266
19|02|0|248|0.0|11.6|0|45.1|48.9|0.00|0.18|43.6985|27.7162
19|03|0|248|1.5|11.6|0|45.2|48.8|0.00|0.18|43.6981|27.7162
19|04|0|248|1.5|11.6|0|45.4|48.7|0.00|0.18|43.6961|27.7162
19|05|0|248|1.5|11.6|0|45.6|48.7|0.00|0.18|43.6981|27.7162
19|06|0|248|1.5|11.6|0|45.7|48.7|0.00|0.18|43.6952|27.7162
19|08|0|248|0.0|11.6|0|45.7|48.5|0.00|0.18|43.6957|27.7162
19|09|0|248|1.5|11.6|0|45.8|48.5|0.00|0.18|43.6955|27.7162
19|10|0|248|0.0|11.6|0|45.9|48.4|0.00|0.18|43.6959|27.7162
19|11|0|248|0.0|11.6|0|45.9|48.5|0.00|0.18|43.6984|27.7162
19|12|0|225|1.6|11.6|0|45.8|48.5|0.00|0.18|43.6995|27.7162
19|13|0|225|0.0|11.6|0|45.7|48.4|0.00|0.18|43.6988|27.7162
19|14|0|225|0.0|11.6|0|45.7|48.4|0.00|0.18|43.7014|27.7162
19|15|0|225|0.0|11.6|0|45.7|48.4|0.00|0.18|43.7016|27.7162
19|16|0|225|0.0|11.6|0|45.8|48.4|0.00|0.18|43.7037|27.7162
19|17|0|225|1.5|11.6|0|45.8|48.3|0.00|0.18|43.7014|27.7162
19|18|0|225|1.5|11.6|0|45.8|48.4|0.00|0.18|43.703|27.7162
19|19|0|225|0.0|11.6|0|45.9|48.4|0.00|0.18|43.7038|27.7162
19|20|0|225|1.6|11.6|0|45.9|48.3|0.00|0.18|43.7006|27.7162
19|21|0|225|0.0|11.6|0|46.0|48.3|0.00|0.18|43.6993|28.2496
19|22|0|225|0.0|11.6|0|46.2|48.3|0.00|0.18|43.6979|28.2496
19|23|0|225|0.0|11.6|0|46.2|48.3|0.00|0.18|43.6974|28.2496
19|24|0|225|0.0|11.6|0|46.2|48.3|0.00|0.18|43.6982|28.2496
19|26|0|225|0.0|11.6|0|46.2|48.3|0.00|0.18|43.7003|28.2496
19|27|0|225|0.0|11.6|0|46.2|48.3|0.00|0.18|43.7014|28.2496
19|28|0|225|1.6|11.6|0|46.6|48.3|0.00|0.18|43.7016|28.2496
19|29|0|225|0.0|11.6|0|46.6|48.3|0.00|0.18|43.7036|28.2496
19|30|0|225|1.5|11.6|0|46.6|48.2|0.00|0.18|43.7021|28.2496
19|32|0|225|0.0|11.6|0|46.4|48.0|0.00|0.18|43.7023|28.2496
19|33|0|225|0.0|11.6|0|46.4|47.9|0.00|0.18|43.7013|27.3367
19|34|0|225|0.0|11.6|0|46.6|47.7|0.00|0.18|43.7018|27.3367
19|35|0|225|0.0|11.6|0|46.7|47.7|0.01|0.19|43.7022|27.3367
19|36|0|225|0.0|11.6|0|46.8|47.6|0.01|0.19|43.7029|27.3367
19|37|0|225|0.0|11.6|0|47.0|47.5|0.01|0.19|43.7002|27.8577
19|38|0|225|0.0|11.6|0|47.0|47.5|0.01|0.19|43.6975|27.8577
19|40|0|225|0.0|11.6|0|47.2|47.4|0.01|0.19|43.6965|27.8577
19|41|0|225|1.5|11.6|0|47.5|47.4|0.01|0.19|43.6965|27.8577
19|42|0|225|1.6|11.6|0|47.5|47.3|0.01|0.19|43.6968|27.8577
19|43|0|225|0.0|11.6|0|47.5|47.3|0.01|0.19|43.6965|27.8577
19|44|0|225|1.5|11.6|0|47.6|47.2|0.01|0.19|43.6961|27.8577
19|45|0|225|0.0|11.6|0|47.8|47.3|0.01|0.19|43.6995|27.8577
19|46|0|225|0.0|11.6|0|47.8|47.2|0.01|0.19|43.6974|27.8577
19|47|0|225|0.0|11.6|0|47.7|47.2|0.01|0.19|43.6978|27.8577
19|48|0|225|0.0|11.6|0|47.9|47.1|0.01|0.19|43.6993|27.8577
19|49|0|225|0.0|11.6|0|48.0|47.1|0.01|0.19|43.6987|28.3689
19|50|0|225|0.0|11.6|0|48.0|47.1|0.01|0.19|43.7005|28.3689
19|52|0|225|0.0|11.6|0|48.0|47.0|0.01|0.19|43.6997|28.3689
19|53|0|225|0.0|11.6|0|48.1|47.0|0.01|0.19|43.6981|28.3689
19|54|0|225|0.0|11.6|0|48.1|46.8|0.01|0.19|43.6957|27.4514
19|55|0|225|0.0|11.6|0|48.1|46.8|0.01|0.19|43.6948|27.4514
19|56|0|225|0.0|11.6|0|48.1|46.8|0.01|0.19|43.6954|27.4514
19|57|0|225|0.0|11.6|0|48.2|46.7|0.01|0.19|43.6929|27.4514
19|59|0|225|0.0|11.6|0|48.1|46.7|0.01|0.19|43.6948|27.4514
20|00|0|225|0.0|11.6|0|48.0|46.7|0.01|0.19|43.6946|27.4514
20|01|0|225|0.0|11.6|0|48.0|46.7|0.01|0.19|43.6958|27.4514
20|03|0|225|0.0|11.6|0|48.1|46.7|0.01|0.19|43.6945|27.4514
20|04|0|225|0.0|11.6|0|48.4|46.7|0.01|0.19|43.6956|27.4514
20|05|0|225|0.0|11.6|0|48.6|46.6|0.01|0.19|43.6947|27.4514
20|06|0|225|0.0|11.6|0|48.4|46.5|0.01|0.19|43.6949|27.4514
20|07|0|225|0.0|11.6|0|48.4|46.5|0.01|0.19|43.6958|27.4514
20|08|0|225|1.6|11.6|0|48.6|46.5|0.01|0.19|43.6979|27.4514
20|09|0|225|1.5|11.6|0|48.7|46.4|0.01|0.19|43.6979|27.4514
20|10|0|225|1.5|11.6|0|48.7|46.4|0.01|0.19|43.6949|27.4514
20|13|0|225|0.0|11.6|0|48.9|46.3|0.01|0.19|43.6952|27.4514
20|14|0|225|0.0|11.6|0|48.8|46.3|0.01|0.19|43.6957|27.4514
20|16|0|225|1.5|11.6|0|49.1|46.2|0.01|0.19|43.6957|27.9511
20|17|0|225|1.6|11.6|0|49.3|46.2|0.01|0.19|43.695|27.9511
20|18|0|225|0.0|11.6|0|49.4|46.1|0.01|0.19|43.6956|27.9511
20|19|0|225|1.5|11.6|0|49.5|46.1|0.01|0.19|43.6957|27.9511
20|20|0|225|0.0|11.6|0|49.5|46.1|0.01|0.19|43.6958|27.9511
20|22|0|225|0.0|11.6|0|49.7|45.8|0.01|0.19|43.6939|27.0312
20|23|0|225|1.6|11.6|0|49.9|45.8|0.01|0.19|43.6955|27.0312
20|24|0|225|0.0|11.6|0|49.9|45.7|0.01|0.19|43.6933|27.0312
20|25|0|225|0.0|11.6|0|50.0|45.7|0.01|0.19|43.6907|27.5199
20|27|0|225|1.6|11.6|0|50.4|45.6|0.01|0.19|43.6898|27.5199
20|29|0|225|1.5|11.6|0|50.6|45.5|0.01|0.19|43.6902|27.5199
20|30|0|90|1.5|11.6|0|50.9|45.4|0.01|0.19|43.6891|27.5199
20|31|0|90|1.5|11.6|0|51.1|45.4|0.01|0.19|43.6914|28
20|32|0|90|1.5|11.6|0|51.2|45.3|0.01|0.19|43.6906|28
20|33|0|90|1.5|11.6|0|51.3|45.3|0.01|0.19|43.6918|28
20|34|0|90|1.5|11.6|0|51.3|45.2|0.01|0.19|43.6902|28
20|36|0|90|1.6|11.6|0|51.4|45.2|0.00|0.19|43.6934|28
20|39|0|90|1.5|11.6|0|51.4|45.0|0.00|0.19|43.6947|28
20|40|0|90|0.0|11.6|0|51.6|44.9|0.00|0.19|43.6954|27.0756
20|41|0|90|1.5|11.6|0|51.6|44.9|0.01|0.20|43.6934|27.0756
20|42|0|90|0.0|11.6|0|51.7|44.9|0.01|0.20|43.6921|27.0756
20|43|0|90|0.0|11.6|0|51.7|44.9|0.01|0.20|43.6934|27.0756
20|47|0|90|1.5|11.6|0|52.1|44.8|0.01|0.20|43.6904|27.5454
20|48|0|90|1.5|11.6|0|52.4|44.8|0.01|0.20|43.6885|27.5454
20|49|0|90|1.5|11.6|0|52.6|44.8|0.01|0.20|43.689|27.5454
20|50|0|90|0.0|11.6|0|52.7|44.7|0.01|0.20|43.689|27.5454
20|51|0|90|1.5|11.6|0|53.2|44.7|0.01|0.20|43.6894|28.0073
20|52|0|90|1.5|11.6|0|53.7|44.7|0.01|0.20|43.6885|28.0073
20|53|0|90|0.0|11.6|0|53.6|44.6|0.01|0.20|43.6885|28.0073
20|56|0|90|3.2|11.6|0|53.4|44.5|0.01|0.20|43.6877|28.0073
20|57|0|90|1.5|11.6|0|53.6|44.4|0.01|0.20|43.6868|28.0073
20|58|0|90|1.6|11.6|0|53.7|44.4|0.01|0.20|43.6868|28.0073
20|59|0|90|2.9|11.6|0|53.8|44.3|0.01|0.20|43.6859|28.0073
21|00|0|90|1.5|11.6|0|54.1|44.2|0.01|0.20|43.6829|28.4615
21|02|0|90|1.5|11.6|0|54.3|44.2|0.01|0.20|43.6835|28.4615
21|02|0|90|3.2|11.6|0|54.5|44.2|0.01|0.20|43.6841|28.4615
21|03|0|90|1.5|11.6|0|54.6|44.2|0.01|0.20|43.681|28.4615
21|05|0|90|3.2|11.6|0|54.8|44.0|0.01|0.20|43.6802|28.4615
21|06|0|90|1.5|11.6|0|54.9|44.0|0.01|0.20|43.6795|28.4615
21|08|0|90|0.0|11.6|0|55.0|44.0|0.01|0.20|43.6779|28.9083
21|09|0|90|0.0|11.6|0|55.0|43.9|0.01|0.20|43.6778|27.9758
21|10|0|90|0.0|11.6|0|54.8|43.9|0.01|0.20|43.6782|27.5309
21|11|0|90|1.5|11.6|0|54.7|43.9|0.01|0.20|43.6785|27.5309
21|12|0|90|0.0|11.6|0|54.8|43.9|0.01|0.20|43.6779|27.5309
21|13|0|90|2.9|11.6|0|55.0|43.9|0.01|0.20|43.6776|27.9758
21|14|0|90|1.5|11.6|0|55.1|43.8|0.01|0.20|43.679|27.9758
21|15|0|90|1.5|11.6|0|55.1|43.8|0.01|0.20|43.6806|27.9758
21|16|0|90|1.6|11.6|0|55.2|43.7|0.01|0.20|43.6802|27.9758
21|17|0|90|1.5|11.6|0|55.2|43.7|0.01|0.20|43.6794|27.9758
21|18|0|90|0.0|11.6|0|55.3|43.6|0.01|0.20|43.6805|27.9758
21|19|0|90|1.5|11.6|0|55.4|43.6|0.01|0.20|43.6786|27.9758
21|21|0|90|1.6|11.6|0|55.5|43.5|0.01|0.20|43.679|27.9758
21|22|0|90|1.5|11.6|0|55.5|43.5|0.01|0.20|43.6779|27.9758
21|23|0|90|0.0|11.6|0|55.5|43.4|0.01|0.20|43.6775|27.9758
21|24|0|90|1.6|11.6|0|55.6|43.2|0.01|0.20|43.6771|27.9758
21|25|0|90|1.5|11.6|0|55.6|43.2|0.01|0.20|43.6776|27.9758
21|26|0|90|1.6|11.6|0|55.7|43.2|0.01|0.20|43.6801|27.9758
21|27|0|68|2.9|11.6|0|55.9|43.0|0.01|0.20|43.677|27.9758
21|28|0|90|2.9|11.6|0|56.1|43.0|0.01|0.20|43.677|28.4135
21|29|0|90|2.9|11.6|0|56.3|42.9|0.01|0.20|43.6759|27.4789
21|30|0|90|1.6|11.6|0|56.3|42.9|0.01|0.20|43.6746|27.4789
21|31|0|90|1.5|11.6|0|56.4|42.9|0.01|0.20|43.6763|27.4789
21|32|0|90|1.5|11.6|0|56.4|42.9|0.01|0.20|43.6747|27.4789
21|33|0|90|1.5|11.6|0|56.5|42.9|0.01|0.20|43.6757|27.4789
21|35|0|90|1.6|11.6|0|56.6|42.9|0.01|0.20|43.6773|27.4789
21|36|0|90|1.5|11.6|0|56.7|42.9|0.01|0.20|43.6786|27.4789
21|39|0|90|2.9|11.6|0|56.6|43.0|0.01|0.20|43.6806|28.4135
21|40|0|90|2.9|11.6|0|56.5|43.0|0.01|0.20|43.6814|28.4135
21|41|0|90|0.0|11.6|0|56.4|43.0|0.00|0.20|43.6831|28.4135
21|42|0|90|0.0|11.6|0|56.4|43.0|0.00|0.20|43.6835|28.4135
21|43|0|90|1.5|11.6|0|57.4|42.9|0.00|0.20|43.6829|27.9079
21|44|0|90|1.5|11.6|0|58.1|42.9|0.00|0.20|43.6818|28.3303
21|45|0|90|1.5|11.6|0|58.2|42.8|0.00|0.20|43.6808|28.3303
21|46|0|90|1.5|11.6|0|58.5|42.8|0.00|0.20|43.6819|28.3303
21|47|0|90|1.6|11.6|0|58.9|42.7|0.00|0.20|43.6795|28.3303
21|48|0|90|1.5|11.6|0|59.0|42.6|0.00|0.20|43.679|28.7462
21|49|0|90|2.9|11.6|0|59.1|42.6|0.00|0.20|43.6758|28.7462
21|50|0|90|1.5|11.6|0|58.8|42.5|0.00|0.20|43.6758|28.3303
21|51|0|90|0.0|11.6|0|58.4|42.5|0.00|0.20|43.6776|28.3303
21|52|0|90|0.0|11.6|0|58.3|42.5|0.00|0.20|43.6774|28.3303
21|53|0|90|1.5|11.6|0|58.2|42.3|0.00|0.20|43.6765|28.3303
21|54|0|90|2.9|11.6|0|58.1|42.5|0.00|0.20|43.6794|28.3303
21|55|0|90|3.2|11.6|0|58.0|42.3|0.00|0.20|43.6775|28.3303
21|56|0|90|1.5|11.6|0|58.0|42.3|0.00|0.20|43.6799|28.3303
21|57|0|90|3.2|11.6|0|58.0|42.3|0.00|0.20|43.6789|28.3303
21|59|0|90|2.9|11.6|0|58.1|42.3|0.00|0.20|43.6818|28.3303
22|00|0|90|0.0|11.6|0|58.2|42.3|0.00|0.20|43.6817|28.3303
22|01|0|90|1.6|11.6|0|58.3|42.3|0.00|0.20|43.6837|28.3303
22|02|0|90|1.5|11.6|0|58.2|42.3|0.00|0.20|43.6831|28.3303
22|03|0|90|1.6|11.6|0|58.2|42.3|0.00|0.20|43.6843|28.3303
22|04|0|90|1.5|11.6|0|58.2|42.3|0.00|0.20|43.6842|28.3303
22|05|0|90|2.9|11.6|0|58.7|42.2|0.00|0.20|43.6826|28.3303
22|06|0|90|2.9|11.6|0|59.2|42.2|0.00|0.20|43.6823|28.7462
22|07|0|90|1.5|11.6|0|59.5|42.1|0.00|0.20|43.682|28.7462
22|09|0|90|1.5|11.6|0|59.9|42.1|0.00|0.20|43.6834|28.7462
22|10|0|90|1.6|11.6|0|60.0|42.0|0.00|0.20|43.6821|29.156
22|11|0|90|0.0|11.6|0|60.1|42.0|0.00|0.20|43.6803|29.156
22|12|0|90|0.0|11.6|0|60.0|42.0|0.00|0.20|43.6816|29.156
22|13|0|90|1.6|11.6|0|60.5|41.9|0.00|0.20|43.6797|28.2139
22|14|0|90|0.0|11.6|0|60.8|41.9|0.00|0.20|43.6801|28.2139
22|15|0|90|0.0|11.6|0|60.7|41.8|0.00|0.20|43.6788|28.2139
22|16|0|90|0.0|11.6|0|60.7|41.8|0.00|0.20|43.681|28.2139
22|17|0|90|0.0|11.6|0|60.7|41.7|0.00|0.20|43.681|28.2139
22|18|0|90|0.0|11.6|0|60.7|41.7|0.00|0.20|43.6793|28.2139
22|20|0|90|0.0|11.6|0|60.8|41.7|0.00|0.20|43.6823|28.2139
22|21|0|90|0.0|11.6|0|60.9|41.7|0.00|0.20|43.6842|28.2139
22|23|0|90|0.0|11.6|0|61.0|41.7|0.00|0.20|43.6869|28.6158
22|24|0|90|0.0|11.6|0|60.9|41.6|0.00|0.20|43.6875|28.2139
22|25|0|270|1.5|11.6|0|60.5|41.6|0.00|0.20|43.6894|28.2139
22|26|0|270|2.9|11.6|0|59.5|41.5|0.00|0.20|43.6921|27.8059
22|27|0|270|1.5|11.6|0|59.8|41.3|0.00|0.20|43.6929|27.8059
22|28|0|270|1.5|11.6|0|60.2|41.2|0.00|0.20|43.6932|28.2139
22|29|0|270|1.5|11.6|0|60.1|41.1|0.00|0.20|43.6958|28.2139
22|30|0|270|3.2|11.6|0|60.3|40.9|0.00|0.20|43.698|27.2716
22|31|0|270|1.5|11.6|0|60.6|40.8|0.00|0.20|43.6995|27.2716
22|32|0|270|2.9|11.6|0|60.7|40.8|0.00|0.20|43.7018|27.2716
22|33|0|270|4.8|11.6|0|60.8|40.5|0.00|0.20|43.698|27.2716
22|34|0|270|1.5|11.6|0|61.2|40.5|0.00|0.20|43.6996|27.6718
22|35|0|270|1.5|11.6|0|61.8|40.3|0.00|0.20|43.6966|27.6718
22|36|0|270|1.5|11.6|0|61.9|40.3|0.00|0.20|43.697|27.6718
22|38|0|270|2.9|11.6|0|61.9|40.2|0.00|0.20|43.6978|27.6718
22|39|0|315|5.8|11.6|0|61.9|40.0|0.00|0.20|43.6964|27.6718
22|40|0|270|7.3|11.6|0|61.9|39.9|0.00|0.20|43.6958|26.7276
22|41|0|270|7.3|11.6|0|62.0|39.9|0.00|0.20|43.6958|27.1202
22|42|0|270|4.8|11.6|0|62.1|39.8|0.00|0.20|43.6955|27.1202
22|43|0|270|5.8|11.6|0|62.0|39.8|0.00|0.20|43.6926|27.1202
22|44|0|270|3.2|11.6|0|62.1|39.7|0.00|0.20|43.6925|27.1202
22|45|0|270|4.4|11.6|0|62.1|39.5|0.00|0.20|43.6921|27.1202
22|46|0|270|1.5|11.6|0|62.0|39.5|0.00|0.20|43.6916|27.1202
22|47|0|270|3.2|11.6|0|62.0|39.4|0.00|0.20|43.6908|27.1202
22|48|0|270|2.9|11.6|0|62.2|39.3|0.00|0.20|43.6898|27.1202
22|49|0|270|2.9|11.6|0|62.4|39.1|0.00|0.20|43.6844|27.1202
22|50|0|270|2.9|11.6|0|62.6|39.1|0.00|0.20|43.6839|27.1202
22|51|0|270|1.5|11.6|0|62.9|39.0|0.00|0.20|43.6841|27.1202
22|52|0|270|1.5|11.6|0|63.1|38.9|0.00|0.20|43.6836|26.5595
22|53|0|270|0.0|11.6|0|63.3|38.7|0.00|0.20|43.6845|26.5595
22|54|0|270|1.5|11.6|0|63.3|38.6|0.00|0.20|43.6853|26.5595
22|55|0|270|1.6|11.6|0|63.2|38.5|0.00|0.20|43.6854|26.5595
22|56|0|270|1.5|11.6|0|63.3|38.5|0.00|0.20|43.6892|26.5595
22|57|0|270|1.6|11.6|0|63.5|38.4|0.00|0.20|43.6873|26.5595
22|59|0|270|1.6|11.6|0|63.8|38.3|0.00|0.20|43.6888|26.5595
23|00|0|270|1.5|11.6|0|64.1|38.2|0.00|0.20|43.6904|26.9395
23|01|0|270|1.6|11.6|0|64.4|38.1|0.00|0.20|43.6888|26.9395
23|02|0|270|1.5|11.6|0|64.7|38.0|0.00|0.20|43.6898|26.9395
23|03|0|270|1.5|11.6|0|64.9|38.0|0.01|0.21|43.6909|26.9395
23|04|0|270|1.6|11.6|0|65.1|37.8|0.01|0.21|43.6913|26.363
23|05|0|270|0.0|11.6|0|65.1|37.8|0.01|0.21|43.6889|26.363
23|06|0|270|0.0|11.6|0|65.0|37.8|0.01|0.21|43.6881|26.363
23|08|0|270|0.0|11.6|0|65.2|37.7|0.01|0.21|43.6843|26.363
23|09|0|270|0.0|11.6|0|64.9|37.8|0.01|0.21|43.6878|25.9899
23|10|0|270|0.0|11.6|0|64.7|37.7|0.01|0.21|43.6849|25.9899
23|11|0|270|0.0|11.6|0|64.7|37.7|0.01|0.21|43.685|25.9899
23|12|0|270|0.0|11.6|0|64.7|37.6|0.01|0.21|43.6846|25.9899
23|13|0|270|0.0|11.6|0|64.7|37.6|0.01|0.21|43.6851|25.9899
23|14|0|270|0.0|11.6|0|64.7|37.6|0.01|0.21|43.6853|25.9899
23|15|0|270|0.0|1.5|270|64.7|37.5|0.01|0.00|43.6851|25.9899
23|17|0|270|1.6|1.6|270|64.7|37.5|0.01|0.00|43.6824|25.9899
23|18|0|270|0.0|1.6|270|64.9|37.5|0.01|0.00|43.6797|25.9899
23|20|0|270|0.0|1.6|270|65.0|37.4|0.01|0.00|43.6762|26.363
23|21|0|270|0.0|1.6|270|65.2|37.4|0.01|0.00|43.6756|26.363
23|22|0|270|0.0|1.6|270|65.3|37.3|0.01|0.00|43.6782|26.363
23|23|0|270|0.0|1.6|270|65.4|37.2|0.01|0.00|43.6772|26.363
23|24|0|270|0.0|1.6|270|65.4|37.2|0.01|0.00|43.6785|26.363
23|25|0|270|0.0|1.6|270|65.3|37.2|0.01|0.00|43.6789|26.363
23|26|0|270|0.0|1.6|270|65.7|37.1|0.01|0.00|43.6798|26.363
23|27|0|270|0.0|1.6|270|66.1|37.1|0.01|0.00|43.6781|26.731
23|28|0|270|0.0|1.6|270|66.1|37.0|0.01|0.00|43.6802|26.731
23|29|0|270|0.0|1.6|270|65.9|37.0|0.01|0.00|43.6799|26.363
23|30|0|270|0.0|1.6|270|65.7|36.8|0.01|0.00|43.6782|25.4115
23|31|0|270|0.0|1.6|270|66.3|36.8|0.01|0.00|43.6764|25.7779
23|32|0|270|0.0|1.6|270|67.0|36.7|0.01|0.00|43.6756|26.1394
23|33|0|270|0.0|1.6|270|67.2|36.7|0.01|0.00|43.6759|26.1394
23|34|0|270|0.0|1.6|270|67.3|36.7|0.01|0.00|43.6772|26.1394
23|36|0|270|0.0|1.6|270|67.2|36.6|0.01|0.00|43.6781|26.1394
23|38|0|270|0.0|1.6|270|67.1|36.6|0.01|0.00|43.6817|26.1394
23|40|0|270|1.5|2.9|270|69.4|36.4|0.01|0.00|43.6821|26.8482
23|41|0|270|1.5|2.9|270|69.6|36.4|0.01|0.00|43.6847|26.8482
23|43|0|270|0.0|2.9|270|69.1|36.2|0.01|0.00|43.6881|26.8482
23|45|0|270|0.0|2.9|270|68.6|36.0|0.01|0.00|43.6851|26.4961
23|46|0|270|0.0|2.9|270|68.5|36.0|0.01|0.00|43.6863|26.4961
23|47|0|270|0.0|2.9|270|68.5|36.0|0.01|0.00|43.6851|26.4961
23|48|0|270|0.0|2.9|270|68.6|35.9|0.01|0.00|43.6834|25.5397
23|49|0|270|0.0|2.9|270|69.1|35.9|0.01|0.00|43.6853|25.8902
23|50|0|270|0.0|2.9|270|69.7|35.8|0.01|0.00|43.6831|25.8902
23|51|0|270|0.0|2.9|270|69.8|35.8|0.01|0.00|43.6833|25.8902
23|52|0|270|0.0|2.9|270|69.4|35.7|0.01|0.00|43.6819|25.8902
23|53|0|270|1.5|2.9|270|68.9|35.6|0.01|0.00|43.6814|25.5397
23|55|0|270|0.0|2.9|270|68.5|35.6|0.01|0.00|43.6822|25.5397
23|56|0|270|1.5|2.9|270|68.2|35.5|0.01|0.00|43.6801|25.5397
23|57|0|270|1.5|3.2|270|68.1|35.3|0.01|0.00|43.6786|25.5397
23|58|0|270|1.5|3.2|270|68.2|35.2|0.01|0.00|43.6774|25.5397
23|59|0|270|0.0|3.2|270|68.4|35.0|0.01|0.00|43.6748|25.5397
