00|00|0|315|2.9|20.4|135|79.8|42.5|0.00|0.01|43.4916|35.9778
00|01|0|315|4.4|20.4|135|79.8|42.5|0.00|0.01|43.4918|35.9778
00|02|0|315|4.4|20.4|135|79.8|42.5|0.00|0.01|43.4924|35.9778
00|03|0|270|1.5|20.4|135|79.9|42.6|0.00|0.01|43.4927|35.9778
00|04|0|315|2.9|20.4|135|79.6|42.6|0.00|0.01|43.4952|35.9778
00|06|0|315|1.6|20.4|135|79.9|42.7|0.00|0.01|43.4955|35.9778
00|08|0|293|0.0|20.4|135|79.8|42.7|0.00|0.01|43.4936|35.9778
00|09|0|270|3.2|20.4|135|79.9|42.7|0.00|0.01|43.495|35.9778
00|10|0|270|5.8|20.4|135|79.5|42.7|0.00|0.01|43.4936|35.9778
00|11|0|270|3.2|20.4|135|79.1|42.7|0.00|0.01|43.4951|35.9778
00|12|0|315|2.9|20.4|135|78.8|42.7|0.00|0.01|43.493|35.6571
00|13|0|315|4.4|20.4|135|78.7|42.7|0.00|0.01|43.4923|35.6571
00|15|0|270|2.9|20.4|135|79.0|42.8|0.00|0.01|43.4925|35.9778
00|16|0|315|6.5|20.4|135|79.0|42.8|0.00|0.01|43.4921|35.9778
00|17|0|270|2.9|20.4|135|79.0|42.8|0.00|0.01|43.4941|35.9778
00|18|0|315|4.4|20.4|135|79.2|42.8|0.00|0.01|43.494|35.9778
00|20|0|315|4.4|20.4|135|79.4|42.8|0.00|0.01|43.4958|35.9778
00|21|0|315|3.2|20.4|135|79.4|42.8|0.00|0.01|43.4961|35.9778
00|22|0|315|4.4|20.4|135|79.6|42.8|0.00|0.01|43.4968|35.9778
00|23|0|315|2.9|20.4|135|80.2|42.7|0.00|0.01|43.4976|36.295
00|24|0|315|4.4|20.4|135|80.1|42.7|0.00|0.01|43.4971|36.295
00|25|0|315|2.9|20.4|135|80.3|42.6|0.00|0.01|43.4964|36.295
00|26|0|315|4.8|20.4|135|80.5|42.6|0.00|0.01|43.4963|36.295
00|27|0|315|2.9|20.4|135|80.4|42.6|0.00|0.01|43.499|36.295
00|28|0|270|2.9|20.4|135|80.2|42.6|0.00|0.01|43.4977|36.295
00|30|0|315|2.9|20.4|135|80.1|42.6|0.00|0.01|43.4967|36.295
00|31|0|315|4.4|20.4|135|80.0|42.7|0.00|0.01|43.4986|36.295
00|32|0|315|2.9|20.4|135|80.3|42.7|0.00|0.01|43.4976|36.295
00|33|0|315|3.2|20.4|135|80.5|42.7|0.00|0.01|43.4963|36.295
00|34|0|315|2.9|20.4|135|80.2|42.7|0.00|0.01|43.4963|36.295
00|35|0|315|3.2|20.4|135|80.2|42.7|0.00|0.01|43.4962|36.295
00|36|0|270|2.9|20.4|135|80.4|42.7|0.00|0.01|43.4961|36.295
00|37|0|315|4.4|20.4|135|80.4|42.7|0.00|0.01|43.4968|36.295
00|38|0|315|2.9|20.4|135|80.1|42.7|0.00|0.01|43.4965|36.295
00|39|0|315|2.9|20.4|135|79.9|42.7|0.00|0.01|43.4979|35.9778
00|40|0|270|4.4|20.4|135|79.5|42.7|0.00|0.01|43.4951|35.9778
00|41|0|315|3.2|20.4|135|79.7|42.7|0.00|0.01|43.4974|35.9778
00|42|0|315|2.9|20.4|135|79.9|42.8|0.00|0.01|43.4961|35.9778
00|43|0|315|1.5|20.4|135|79.9|42.8|0.00|0.01|43.4987|35.9778
00|44|0|225|1.5|20.4|135|80.0|42.8|0.00|0.01|43.4972|36.295
00|45|0|315|1.5|20.4|135|79.7|42.9|0.00|0.01|43.4958|35.9778
00|46|0|315|1.6|20.4|135|79.3|42.9|0.00|0.01|43.4963|35.9778
00|48|0|315|1.5|20.4|135|79.5|43.0|0.00|0.01|43.4963|36.9504
00|50|0|270|1.5|20.4|135|79.8|43.0|0.00|0.01|43.4944|36.9504
00|52|0|270|4.4|20.4|135|79.4|43.1|0.00|0.01|43.4958|36.9504
00|53|0|315|1.5|20.4|135|79.4|43.1|0.00|0.01|43.4938|36.9504
00|54|0|315|1.5|20.4|135|79.6|43.1|0.00|0.01|43.4961|36.9504
00|55|0|315|2.9|20.4|135|79.8|43.1|0.00|0.01|43.4952|36.9504
00|56|0|315|1.5|20.4|135|79.6|43.1|0.00|0.01|43.4954|36.9504
00|57|0|270|0.0|20.4|135|79.5|43.2|0.00|0.01|43.4958|36.9504
00|58|0|270|3.2|20.4|135|79.3|43.2|0.00|0.01|43.4962|36.9504
00|59|0|270|5.8|20.4|135|79.0|43.2|0.00|0.01|43.4944|36.9504
01|00|0|225|2.9|20.4|135|78.8|43.2|0.00|0.01|43.4948|36.6282
01|01|0|270|4.4|20.4|135|78.7|43.4|0.00|0.01|43.4986|36.6282
01|02|0|270|1.5|20.4|135|78.7|43.2|0.00|0.01|43.4969|36.6282
01|03|0|225|1.6|20.4|135|78.6|43.4|0.00|0.01|43.499|36.6282
01|04|0|315|2.9|20.4|135|78.7|43.4|0.00|0.01|43.4963|36.6282
01|05|0|270|2.9|20.4|135|78.6|43.4|0.00|0.01|43.4977|36.6282
01|06|0|270|4.4|20.4|135|78.2|43.4|0.00|0.01|43.4975|36.6282
01|07|0|270|4.4|20.4|135|78.2|43.4|0.00|0.01|43.4975|36.6282
01|08|0|315|2.9|20.4|135|78.3|43.4|0.00|0.01|43.498|36.6282
01|09|0|315|4.4|20.4|135|78.4|43.4|0.00|0.01|43.4992|36.6282
01|11|0|315|4.4|20.4|135|78.5|43.2|0.00|0.01|43.4977|36.6282
01|12|0|315|3.2|20.4|135|78.2|43.2|0.00|0.01|43.4976|36.6282
01|13|0|0|1.5|20.4|135|78.3|43.2|0.00|0.01|43.4983|36.6282
01|14|0|0|2.9|20.4|135|78.7|43.2|0.00|0.01|43.4971|36.6282
01|15|0|0|2.9|20.4|135|78.8|43.2|0.00|0.01|43.496|36.6282
01|16|0|315|1.5|20.4|135|78.7|43.1|0.00|0.01|43.4945|36.6282
01|17|0|0|2.9|20.4|135|78.9|43.1|0.00|0.01|43.4935|36.6282
01|18|0|0|4.4|20.4|135|79.0|43.1|0.00|0.01|43.4951|36.9504
01|19|0|0|4.4|20.4|135|78.8|43.1|0.00|0.01|43.4941|36.6282
01|20|0|0|1.5|20.4|135|78.7|43.1|0.00|0.01|43.4941|36.6282
01|21|0|0|2.9|20.4|135|78.5|43.1|0.00|0.01|43.4942|36.6282
01|22|0|338|2.9|20.4|135|78.7|43.1|0.00|0.01|43.4945|36.6282
01|23|0|0|2.9|20.4|135|78.7|43.0|0.00|0.01|43.4935|36.6282
01|25|0|0|3.2|20.4|135|78.1|43.0|0.00|0.01|43.4964|36.6282
01|26|0|338|2.9|20.4|135|78.2|43.0|0.00|0.01|43.4972|36.6282
01|27|0|0|1.5|20.4|135|78.4|43.0|0.00|0.01|43.4958|36.6282
01|28|0|0|3.2|20.4|135|78.5|43.1|0.00|0.01|43.497|36.6282
01|29|0|0|2.9|20.4|135|78.2|43.1|0.00|0.01|43.4952|36.6282
01|30|0|0|1.6|20.4|135|77.9|43.1|0.00|0.01|43.4951|36.3024
01|32|0|0|4.4|20.4|135|78.1|43.1|0.00|0.01|43.4956|36.6282
01|33|0|0|4.8|20.4|135|77.9|43.1|0.00|0.01|43.4924|36.3024
01|35|0|0|2.9|20.4|135|77.4|43.1|0.00|0.01|43.4934|36.3024
01|36|0|0|1.5|20.4|135|77.4|43.2|0.00|0.01|43.4944|36.3024
01|37|0|315|1.5|20.4|135|77.6|43.2|0.00|0.01|43.4934|36.3024
01|38|0|0|1.6|20.4|135|77.6|43.2|0.00|0.01|43.4938|36.3024
01|39|0|0|1.5|20.4|135|77.3|43.2|0.00|0.01|43.4945|36.3024
01|40|0|0|2.9|20.4|135|77.2|43.4|0.00|0.01|43.496|36.3024
01|42|0|0|2.9|20.4|135|76.8|43.4|0.00|0.01|43.496|35.9728
01|43|0|315|2.9|20.4|135|76.9|43.4|0.00|0.01|43.4965|35.9728
01|44|0|0|1.5|20.4|135|76.7|43.2|0.00|0.01|43.4945|35.9728
01|45|0|0|5.8|20.4|135|76.6|43.4|0.00|0.01|43.4963|35.9728
01|46|0|0|2.9|20.4|135|76.3|43.4|0.00|0.01|43.4971|35.9728
01|47|0|315|1.6|20.4|135|77.0|43.4|0.00|0.01|43.4978|36.3024
01|49|0|338|1.5|20.4|135|77.4|43.5|0.00|0.01|43.4985|36.3024
01|50|0|315|1.5|20.4|135|77.3|43.5|0.00|0.01|43.4972|36.3024
01|51|0|315|0.0|20.4|135|77.1|43.5|0.00|0.01|43.497|36.3024
01|53|0|315|0.0|20.4|135|76.4|43.5|0.00|0.01|43.4978|35.9728
01|54|0|315|0.0|20.4|135|76.4|43.6|0.00|0.01|43.4985|35.9728
01|55|0|315|0.0|20.4|135|76.6|43.6|0.00|0.01|43.4983|35.9728
01|56|0|0|2.9|20.4|135|76.6|43.6|0.00|0.01|43.4981|35.9728
01|58|0|315|0.0|20.4|135|76.0|43.6|0.00|0.01|43.4977|35.9728
01|59|0|315|0.0|20.4|135|76.2|43.6|0.00|0.01|43.4968|35.9728
02|00|0|135|0.0|20.4|135|76.2|43.6|0.00|0.01|43.4981|35.9728
02|01|0|135|0.0|20.4|135|76.1|43.6|0.00|0.01|43.4974|35.9728
02|02|0|135|0.0|20.4|135|76.0|43.7|0.00|0.01|43.4974|35.9728
02|03|0|135|0.0|20.4|135|75.9|43.7|0.00|0.01|43.4986|35.6393
02|04|0|270|0.0|20.4|135|75.7|43.7|0.00|0.01|43.4984|35.6393
02|05|0|270|0.0|20.4|135|75.4|43.8|0.00|0.01|43.4983|35.6393
02|06|0|270|0.0|20.4|135|75.2|43.8|0.00|0.01|43.4979|35.6393
02|07|0|270|0.0|20.4|135|75.3|43.8|0.00|0.01|43.4965|35.6393
02|08|0|270|0.0|20.4|135|75.4|43.8|0.00|0.01|43.4969|35.6393
02|09|0|270|0.0|20.4|135|75.4|43.8|0.00|0.01|43.4963|35.6393
02|11|0|270|0.0|20.4|135|75.5|43.8|0.00|0.01|43.498|35.6393
02|12|0|315|1.5|20.4|135|75.6|43.9|0.00|0.01|43.4984|35.6393
02|13|0|315|0.0|20.4|135|75.3|43.9|0.00|0.01|43.4983|35.6393
02|14|0|315|0.0|20.4|135|75.3|43.9|0.00|0.01|43.4981|35.6393
02|15|0|315|0.0|20.4|135|75.4|43.9|0.00|0.01|43.4972|35.6393
02|16|0|315|0.0|20.4|135|75.3|43.9|0.00|0.01|43.4975|35.6393
02|17|0|315|0.0|20.4|135|75.1|43.9|0.00|0.01|43.498|35.6393
02|18|0|315|0.0|20.4|135|75.0|43.9|0.00|0.01|43.4972|35.6393
02|19|0|315|0.0|20.4|135|75.0|43.9|0.00|0.01|43.4974|35.6393
02|20|0|315|0.0|20.4|135|74.8|43.9|0.00|0.01|43.4975|35.3019
02|21|0|315|0.0|20.4|135|74.6|43.9|0.00|0.01|43.4987|35.3019
02|22|0|315|0.0|20.4|135|74.6|43.9|0.00|0.01|43.4963|35.3019
02|23|0|315|0.0|20.4|135|74.6|43.9|0.00|0.01|43.497|35.3019
02|24|0|225|0.0|20.4|135|74.4|43.9|0.00|0.01|43.4988|35.3019
02|25|0|270|1.6|20.4|135|74.2|43.9|0.00|0.01|43.4983|35.3019
02|26|0|270|0.0|20.4|135|74.0|43.9|0.00|0.01|43.4981|35.3019
02|27|0|270|1.5|20.4|135|73.9|43.9|0.00|0.01|43.4958|34.9604
02|28|0|270|0.0|20.4|135|73.9|43.9|0.00|0.01|43.4972|34.9604
02|30|0|270|0.0|20.4|135|73.9|43.9|0.00|0.01|43.4976|34.9604
02|31|0|270|0.0|20.4|135|73.8|43.9|0.00|0.01|43.4987|34.9604
02|32|0|270|0.0|20.4|135|73.8|44.0|0.00|0.01|43.5002|35.924
02|34|0|270|0.0|20.4|135|73.7|44.0|0.00|0.01|43.4999|35.924
02|35|0|270|0.0|20.4|135|73.6|44.0|0.00|0.01|43.5015|35.924
02|36|0|270|0.0|20.4|135|73.6|44.0|0.00|0.01|43.5016|35.924
02|37|0|270|0.0|20.4|135|73.7|44.0|0.00|0.01|43.5018|35.924
02|38|0|270|0.0|20.4|135|73.7|44.0|0.00|0.01|43.5034|35.924
02|39|0|270|0.0|20.4|135|73.7|44.0|0.00|0.01|43.5039|35.924
02|40|0|270|0.0|20.4|135|73.7|44.0|0.00|0.01|43.5042|35.924
02|41|0|270|0.0|20.4|135|73.8|44.0|0.00|0.01|43.5043|35.924
02|42|0|270|0.0|20.4|135|73.8|44.0|0.00|0.01|43.5059|35.924
02|43|0|270|0.0|20.4|135|73.7|44.0|0.00|0.01|43.5043|35.924
02|44|0|270|0.0|20.4|135|73.8|44.0|0.00|0.01|43.5044|35.924
02|46|0|270|0.0|20.4|135|73.8|44.0|0.00|0.01|43.5069|35.924
02|47|0|270|0.0|20.4|135|73.8|44.2|0.00|0.01|43.5078|35.924
02|48|0|270|0.0|20.4|135|73.6|44.2|0.00|0.01|43.5071|35.924
02|53|0|270|0.0|20.4|135|73.6|44.3|0.00|0.01|43.5096|35.924
02|54|0|225|1.6|20.4|135|73.6|44.3|0.00|0.01|43.5094|35.924
02|55|0|225|0.0|20.4|135|73.4|44.3|0.00|0.01|43.5112|35.924
02|56|0|270|0.0|20.4|135|73.3|44.3|0.00|0.01|43.5115|35.924
02|57|0|270|1.6|20.4|135|73.1|44.3|0.00|0.01|43.5133|35.924
02|58|0|225|0.0|20.4|135|73.1|44.3|0.00|0.01|43.5132|35.924
02|59|0|225|0.0|20.4|135|73.1|44.3|0.00|0.01|43.5126|35.924
03|00|0|270|0.0|20.4|135|73.1|44.3|0.00|0.01|43.5128|35.924
03|01|0|270|1.5|20.4|135|73.2|44.3|0.00|0.01|43.5126|35.924
03|02|0|270|3.2|20.4|135|73.3|44.3|0.00|0.01|43.5148|35.924
03|03|0|270|0.0|20.4|135|73.0|44.3|0.00|0.01|43.5136|35.924
03|04|0|270|1.5|20.4|135|73.0|44.3|0.00|0.01|43.5153|35.924
03|05|0|270|2.9|20.4|135|72.9|44.3|0.00|0.01|43.513|35.5769
03|06|0|270|1.5|20.4|135|72.8|44.3|0.00|0.01|43.5146|35.5769
03|08|0|315|1.5|20.4|135|72.8|44.3|0.00|0.01|43.5144|35.5769
03|09|0|315|0.0|20.4|135|73.0|44.3|0.00|0.01|43.5136|35.924
03|10|0|270|1.5|20.4|135|73.0|44.3|0.00|0.01|43.5143|35.924
03|11|0|270|0.0|20.4|135|73.0|44.3|0.00|0.01|43.5133|35.924
03|12|0|270|0.0|20.4|135|73.1|44.3|0.00|0.01|43.5137|35.924
03|14|0|270|0.0|20.4|135|73.2|44.3|0.00|0.01|43.5143|35.924
03|15|0|270|0.0|20.4|135|73.1|44.3|0.00|0.01|43.5149|35.924
03|16|0|270|0.0|20.4|135|73.4|44.3|0.00|0.01|43.5156|35.924
03|17|0|270|0.0|20.4|135|73.5|44.3|0.00|0.01|43.5155|35.924
03|18|0|270|0.0|20.4|135|73.5|44.3|0.00|0.01|43.5168|35.924
03|19|0|270|0.0|20.4|135|73.6|44.3|0.00|0.01|43.5167|35.924
03|20|0|315|1.5|20.4|135|73.8|44.3|0.00|0.01|43.5181|35.924
03|21|0|270|0.0|20.4|135|73.7|44.3|0.00|0.01|43.5192|35.924
03|22|0|315|1.5|20.4|135|73.8|44.3|0.00|0.01|43.5188|35.924
03|23|0|315|1.5|20.4|135|74.3|44.3|0.00|0.01|43.519|36.267
03|24|0|225|1.5|20.4|135|74.5|44.3|0.00|0.01|43.5179|36.267
03|25|0|270|0.0|20.4|135|74.5|44.3|0.00|0.01|43.5188|36.267
03|26|0|270|0.0|20.4|135|74.5|44.3|0.00|0.01|43.5176|36.267
03|27|0|270|1.5|20.4|135|74.6|44.3|0.00|0.01|43.5166|36.267
03|29|0|270|1.5|20.4|135|74.6|44.3|0.00|0.01|43.5172|36.267
03|30|0|270|1.6|20.4|135|74.6|44.3|0.00|0.01|43.5182|36.267
03|31|0|315|1.5|20.4|135|75.0|44.3|0.00|0.01|43.5169|36.606
03|32|0|315|1.5|20.4|135|75.2|44.3|0.00|0.01|43.5186|36.606
03|33|0|270|1.5|20.4|135|75.3|44.2|0.00|0.01|43.5179|36.606
03|34|0|315|1.5|20.4|135|75.3|44.2|0.00|0.01|43.5194|36.606
03|35|0|315|0.0|20.4|135|75.3|44.2|0.00|0.01|43.5199|36.606
03|36|0|0|0.0|20.4|135|75.2|44.0|0.00|0.01|43.5179|36.606
03|37|0|270|3.2|20.4|135|75.2|44.0|0.00|0.01|43.5207|36.606
03|38|0|270|0.0|20.4|135|75.2|44.0|0.00|0.01|43.5211|36.606
03|39|0|315|1.5|20.4|135|75.2|43.9|0.00|0.01|43.5215|35.6393
03|40|0|225|0.0|20.4|135|75.3|43.9|0.00|0.01|43.5216|35.6393
03|41|0|225|0.0|20.4|135|75.2|43.9|0.00|0.01|43.5227|35.6393
03|42|0|203|0.0|20.4|135|75.2|43.8|0.00|0.01|43.5203|35.6393
03|43|0|270|0.0|20.4|135|75.4|43.8|0.00|0.01|43.5222|35.6393
03|44|0|270|0.0|20.4|135|75.5|43.8|0.00|0.01|43.5236|35.6393
03|45|0|0|0.0|20.4|135|75.5|43.8|0.00|0.01|43.5225|35.6393
03|46|0|315|0.0|20.4|135|75.5|43.8|0.00|0.01|43.5232|35.6393
03|47|0|315|0.0|20.4|135|75.7|43.7|0.00|0.01|43.5222|35.6393
03|48|0|315|1.5|20.4|135|76.0|43.7|0.00|0.01|43.521|35.9728
03|50|0|315|1.6|20.4|135|76.2|43.7|0.00|0.01|43.5233|35.9728
03|51|0|315|1.5|20.4|135|76.4|43.6|0.00|0.01|43.5227|35.9728
03|52|0|315|1.5|20.4|135|76.6|43.6|0.00|0.01|43.5229|35.9728
03|53|0|315|0.0|20.4|135|76.6|43.5|0.00|0.01|43.522|35.9728
03|54|0|315|0.0|20.4|135|76.6|43.5|0.00|0.01|43.5224|35.9728
03|55|0|315|0.0|20.4|135|76.7|43.5|0.00|0.01|43.5246|35.9728
03|56|0|315|0.0|20.4|135|76.7|43.4|0.00|0.01|43.5246|35.9728
03|57|0|315|0.0|20.4|135|76.8|43.4|0.00|0.01|43.5252|35.9728
03|58|0|315|0.0|20.4|135|76.9|43.2|0.00|0.01|43.5271|35.9728
03|59|0|225|0.0|20.4|135|76.9|43.2|0.00|0.01|43.5259|35.9728
04|01|0|270|1.6|20.4|135|77.0|43.2|0.00|0.01|43.5275|36.3024
04|02|0|270|0.0|20.4|135|77.1|43.1|0.00|0.01|43.5271|36.3024
04|03|0|270|1.6|20.4|135|77.3|43.1|0.00|0.01|43.5286|36.3024
04|04|0|270|0.0|20.4|135|77.3|43.0|0.00|0.01|43.5266|36.3024
04|05|0|270|0.0|20.4|135|77.4|43.0|0.00|0.01|43.5281|36.3024
04|06|0|270|0.0|20.4|135|77.5|43.0|0.00|0.01|43.5283|36.3024
04|08|0|270|1.5|20.4|135|77.8|42.9|0.00|0.01|43.5268|35.3327
04|09|0|270|0.0|20.4|135|78.0|42.9|0.00|0.01|43.5282|35.6571
04|10|0|315|0.0|20.4|135|78.1|42.9|0.00|0.01|43.5275|35.6571
04|11|0|315|0.0|20.4|135|78.2|42.8|0.00|0.01|43.5279|35.6571
04|12|0|315|0.0|20.4|135|78.1|42.8|0.00|0.01|43.5269|35.6571
04|13|0|315|0.0|20.4|135|78.3|42.8|0.00|0.01|43.525|35.6571
04|14|0|315|0.0|20.4|135|78.3|42.8|0.00|0.01|43.5258|35.6571
04|15|0|315|0.0|20.4|135|78.3|42.8|0.00|0.01|43.5259|35.6571
04|16|0|315|0.0|20.4|135|78.5|42.7|0.00|0.01|43.5252|35.6571
04|17|0|315|0.0|20.4|135|78.6|42.7|0.00|0.01|43.5254|35.6571
04|18|0|315|0.0|20.4|135|78.9|42.7|0.00|0.01|43.5254|35.6571
04|19|0|315|0.0|20.4|135|79.1|42.7|0.00|0.01|43.5264|35.9778
04|20|0|180|0.0|20.4|135|79.0|42.7|0.00|0.01|43.5252|35.9778
04|21|0|180|0.0|20.4|135|78.9|42.7|0.00|0.01|43.5254|35.6571
04|22|0|180|0.0|20.4|135|78.9|42.7|0.00|0.01|43.5249|35.6571
04|23|0|225|1.5|20.4|135|79.0|42.7|0.00|0.01|43.5265|35.9778
04|24|0|225|1.6|20.4|135|79.0|42.7|0.00|0.01|43.5257|35.9778
04|25|0|225|0.0|20.4|135|79.1|42.7|0.00|0.01|43.5251|35.9778
04|26|0|225|0.0|20.4|135|79.1|42.7|0.00|0.01|43.5259|35.9778
04|27|0|315|0.0|20.4|135|79.1|42.7|0.00|0.01|43.5259|35.9778
04|29|0|270|0.0|20.4|135|79.1|42.7|0.00|0.01|43.526|35.9778
04|30|0|270|0.0|20.4|135|79.1|42.7|0.00|0.01|43.5256|35.9778
04|31|0|225|0.0|20.4|135|79.0|42.8|0.00|0.01|43.5258|35.9778
04|32|0|225|0.0|20.4|135|78.9|42.8|0.00|0.01|43.5269|35.6571
04|33|0|225|0.0|20.4|135|78.9|42.8|0.00|0.01|43.5266|35.6571
04|34|0|225|0.0|20.4|135|78.8|42.8|0.00|0.01|43.5276|35.6571
04|35|0|225|0.0|20.4|135|78.8|42.9|0.00|0.01|43.5286|35.6571
04|36|0|225|0.0|20.4|135|79.0|42.9|0.00|0.01|43.529|35.9778
04|37|0|135|0.0|20.4|135|79.0|42.9|0.00|0.01|43.5282|35.9778
04|38|0|135|1.5|20.4|135|79.0|42.9|0.00|0.01|43.5297|35.9778
04|39|0|135|1.5|20.4|135|78.9|42.9|0.00|0.01|43.5301|35.6571
04|40|0|135|0.0|20.4|135|78.9|43.0|0.00|0.01|43.5295|36.6282
04|41|0|180|0.0|20.4|135|78.9|43.0|0.00|0.01|43.5302|36.6282
04|42|0|180|1.5|20.4|135|78.9|43.0|0.00|0.01|43.5296|36.6282
04|43|0|180|0.0|20.4|135|78.9|43.1|0.00|0.01|43.5303|36.6282
04|44|0|180|0.0|20.4|135|78.9|43.1|0.00|0.01|43.528|36.6282
04|45|0|180|0.0|20.4|135|78.8|43.1|0.00|0.01|43.5287|36.6282
04|46|0|180|0.0|20.4|135|78.7|43.1|0.00|0.01|43.529|36.6282
04|47|0|180|0.0|20.4|135|78.6|43.1|0.00|0.01|43.5282|36.6282
04|49|0|180|0.0|20.4|135|78.4|43.2|0.00|0.01|43.5303|36.6282
04|50|0|180|0.0|20.4|135|78.3|43.2|0.00|0.01|43.5299|36.6282
04|51|0|180|0.0|20.4|135|78.3|43.2|0.00|0.01|43.5306|36.6282
04|52|0|45|0.0|20.4|135|78.3|43.2|0.00|0.01|43.5298|36.6282
04|53|0|45|0.0|20.4|135|78.4|43.4|0.00|0.01|43.5289|36.6282
04|54|0|45|0.0|20.4|135|78.4|43.4|0.00|0.01|43.5288|36.6282
04|56|0|45|0.0|20.4|135|78.1|43.4|0.00|0.01|43.5292|36.6282
04|57|0|90|0.0|20.4|135|78.0|43.4|0.00|0.01|43.5306|36.6282
04|58|0|90|1.5|20.4|135|78.1|43.4|0.00|0.01|43.5304|36.6282
04|59|0|113|1.6|20.4|135|78.0|43.4|0.00|0.01|43.529|36.6282
05|00|0|90|1.5|20.4|135|77.9|43.4|0.00|0.01|43.5329|36.3024
05|02|0|45|0.0|20.4|135|77.9|43.4|0.00|0.01|43.5331|36.3024
05|03|0|45|0.0|20.4|135|77.9|43.4|0.00|0.01|43.5358|36.3024
05|04|0|45|1.5|20.4|135|78.2|43.2|0.00|0.01|43.5342|36.6282
05|05|0|90|1.5|20.4|135|78.3|43.2|0.00|0.01|43.5331|36.6282
05|06|0|45|1.5|20.4|135|78.4|43.1|0.00|0.01|43.5328|36.6282
05|07|0|45|1.5|20.4|135|78.4|43.1|0.00|0.01|43.5338|36.6282
05|09|0|90|0.0|20.4|135|78.5|43.1|0.00|0.01|43.533|36.6282
05|10|0|45|1.6|20.4|135|78.5|43.1|0.00|0.01|43.5335|36.6282
05|11|0|90|1.6|20.4|135|78.8|43.0|0.00|0.01|43.5338|36.6282
05|12|0|45|1.5|20.4|135|79.1|43.1|0.00|0.01|43.5346|36.9504
05|13|0|90|0.0|20.4|135|79.2|43.1|0.00|0.01|43.534|36.9504
05|14|0|45|1.5|20.4|135|79.3|43.0|0.00|0.01|43.5334|36.9504
05|15|0|45|1.5|20.4|135|79.2|43.0|0.00|0.01|43.5344|36.9504
05|16|0|45|1.5|20.4|135|79.1|43.0|0.00|0.01|43.5336|36.9504
05|17|0|45|1.6|20.4|135|79.1|43.0|0.00|0.01|43.5349|36.9504
05|18|0|45|2.9|20.4|135|79.5|43.0|0.00|0.01|43.5349|36.9504
05|19|0|45|1.6|20.4|135|79.6|42.9|0.00|0.01|43.5349|35.9778
05|21|0|45|2.9|20.4|135|78.7|42.9|0.00|0.01|43.536|35.6571
05|22|0|45|1.6|20.4|135|78.7|42.8|0.00|0.01|43.5374|35.6571
05|23|0|45|1.5|20.4|135|78.7|42.8|0.00|0.01|43.5366|35.6571
05|24|0|45|1.5|20.4|135|78.9|42.8|0.00|0.01|43.5363|35.6571
05|25|0|45|1.5|20.4|135|78.8|42.8|0.00|0.01|43.5375|35.6571
05|27|0|45|0.0|20.4|135|79.1|42.7|0.00|0.01|43.5385|35.9778
05|28|0|45|1.5|20.4|135|79.3|42.7|0.00|0.01|43.5365|35.9778
05|29|0|90|1.5|20.4|135|79.1|42.7|0.00|0.01|43.5393|35.9778
05|31|0|90|1.5|20.4|135|78.9|42.7|0.00|0.01|43.5392|35.6571
05|32|0|90|0.0|20.4|135|78.9|42.7|0.00|0.01|43.5393|35.6571
05|33|0|45|1.5|20.4|135|78.9|42.7|0.00|0.01|43.5413|35.6571
05|34|0|0|1.5|20.4|135|78.9|42.7|0.00|0.01|43.5413|35.6571
05|35|0|45|1.5|20.4|135|79.0|42.7|0.00|0.01|43.5451|35.9778
05|36|0|45|1.5|20.4|135|79.0|42.7|0.00|0.01|43.5425|35.9778
05|37|0|90|1.5|20.4|135|79.1|42.7|0.00|0.01|43.545|35.9778
05|38|0|45|0.0|20.4|135|79.2|42.7|0.00|0.01|43.5448|35.9778
05|39|0|90|1.5|20.4|135|79.2|42.7|0.00|0.01|43.5465|35.9778
05|40|0|90|1.5|20.4|135|79.2|42.7|0.00|0.01|43.5473|35.9778
05|41|0|90|2.9|20.4|135|79.0|42.7|0.00|0.01|43.5467|35.9778
05|42|0|90|4.4|20.4|135|78.8|42.7|0.00|0.01|43.5472|35.6571
05|43|0|45|1.5|20.4|135|78.7|42.7|0.00|0.01|43.5493|35.6571
05|44|0|90|0.0|20.4|135|78.6|42.7|0.00|0.01|43.5504|35.6571
05|45|0|90|2.9|20.4|135|78.5|42.6|0.00|0.01|43.5502|35.6571
05|47|0|90|2.9|20.4|135|78.5|42.6|0.00|0.01|43.5521|35.6571
05|48|0|90|3.2|20.4|135|78.5|42.6|0.00|0.01|43.5527|35.6571
05|49|0|90|2.9|20.4|135|78.6|42.6|0.00|0.01|43.5513|35.6571
05|50|0|90|2.9|20.4|135|78.7|42.7|0.00|0.01|43.5513|35.6571
05|51|0|90|1.6|20.4|135|78.8|42.7|0.00|0.01|43.5511|35.6571
05|52|0|135|1.5|20.4|135|78.8|42.7|0.00|0.01|43.5527|35.6571
05|53|0|90|0.0|20.4|135|78.9|42.7|0.00|0.01|43.5526|35.6571
05|54|0|135|1.5|20.4|135|78.9|42.7|0.00|0.01|43.5506|35.6571
05|56|0|135|0.0|20.4|135|79.4|42.8|0.00|0.01|43.5515|35.9778
05|57|0|90|1.6|20.4|135|79.5|42.8|0.00|0.01|43.5531|35.9778
05|58|0|90|0.0|20.4|135|79.5|42.8|0.00|0.01|43.5521|35.9778
05|59|0|90|0.0|20.4|135|79.4|42.8|0.00|0.01|43.5551|35.9778
06|00|0|90|1.6|20.4|135|79.5|42.8|0.00|0.01|43.5543|35.9778
06|01|0|90|1.5|20.4|135|79.3|42.8|0.00|0.01|43.5543|35.9778
06|02|0|90|0.0|20.4|135|79.3|42.9|0.00|0.01|43.5583|35.9778
06|03|0|113|1.5|20.4|135|79.3|42.9|0.00|0.01|43.5567|35.9778
06|04|0|135|0.0|20.4|135|79.2|42.8|0.00|0.01|43.5569|35.9778
06|05|0|90|0.0|20.4|135|79.3|42.9|0.00|0.01|43.5582|35.9778
06|06|0|90|0.0|20.4|135|79.3|42.8|0.00|0.01|43.5578|35.9778
06|08|0|90|0.0|20.4|135|79.4|42.8|0.00|0.01|43.5569|35.9778
06|10|0|135|0.0|20.4|135|79.5|42.8|0.00|0.01|43.5583|35.9778
06|11|0|135|0.0|20.4|135|79.6|42.8|0.00|0.01|43.5568|35.9778
06|12|0|135|0.0|20.4|135|79.5|42.8|0.00|0.01|43.5581|35.9778
06|13|0|180|1.5|20.4|135|79.5|42.8|0.00|0.01|43.5585|35.9778
06|14|0|135|0.0|20.4|135|79.5|42.9|0.00|0.01|43.5597|35.9778
06|15|0|135|0.0|20.4|135|79.6|42.8|0.00|0.01|43.5582|35.9778
06|16|0|135|0.0|20.4|135|79.6|42.9|0.00|0.01|43.5605|35.9778
06|17|0|135|0.0|20.4|135|79.6|42.9|0.00|0.01|43.5625|35.9778
06|18|0|135|0.0|20.4|135|79.5|42.9|0.00|0.01|43.5629|35.9778
06|19|0|135|0.0|20.4|135|79.5|42.9|0.00|0.01|43.5625|35.9778
06|20|0|135|0.0|20.4|135|79.4|42.9|0.00|0.01|43.5617|35.9778
06|21|0|135|0.0|20.4|135|79.3|42.9|0.00|0.01|43.5623|35.9778
06|22|0|315|0.0|20.4|135|79.2|42.9|0.00|0.01|43.5616|35.9778
06|23|0|315|0.0|20.4|135|79.3|42.9|0.00|0.01|43.5615|35.9778
06|24|0|315|0.0|20.4|135|79.2|42.9|0.00|0.01|43.5611|35.9778
06|25|0|45|0.0|20.4|135|79.1|42.9|0.00|0.01|43.5621|35.9778
06|26|0|0|1.5|20.4|135|79.2|42.9|0.00|0.01|43.5614|35.9778
06|28|0|0|0.0|20.4|135|79.2|42.9|0.00|0.01|43.5635|35.9778
06|29|0|0|0.0|20.4|135|79.1|42.9|0.00|0.01|43.5624|35.9778
06|30|0|45|0.0|20.4|135|79.1|42.9|0.00|0.01|43.5624|35.9778
06|31|0|90|1.5|20.4|135|79.1|42.9|0.00|0.01|43.5623|35.9778
06|32|0|90|1.5|20.4|135|79.1|42.9|0.00|0.01|43.5621|35.9778
06|33|0|90|1.6|20.4|135|79.0|42.9|0.00|0.01|43.5649|35.9778
06|34|0|90|0.0|20.4|135|79.0|42.9|0.00|0.01|43.5645|35.9778
06|35|0|90|0.0|20.4|135|79.1|42.9|0.00|0.01|43.5617|35.9778
06|36|0|90|0.0|20.4|135|79.1|42.9|0.00|0.01|43.5606|35.9778
06|37|0|90|0.0|20.4|135|79.2|42.9|0.00|0.01|43.5634|35.9778
06|38|0|90|0.0|20.4|135|79.3|42.9|0.00|0.01|43.5611|35.9778
06|39|0|90|0.0|20.4|135|79.4|42.9|0.00|0.01|43.5625|35.9778
06|40|0|90|0.0|20.4|135|79.4|42.9|0.00|0.01|43.563|35.9778
06|41|0|90|0.0|20.4|135|79.4|42.9|0.00|0.01|43.5633|35.9778
06|42|0|45|0.0|20.4|135|79.3|42.9|0.00|0.01|43.5628|35.9778
06|43|0|45|0.0|20.4|135|79.3|43.0|0.00|0.01|43.5649|36.9504
06|44|0|45|0.0|20.4|135|79.3|43.0|0.00|0.01|43.5664|36.9504
06|45|0|45|0.0|20.4|135|79.5|42.9|0.00|0.01|43.5647|35.9778
06|46|0|45|0.0|20.4|135|79.6|43.0|0.00|0.01|43.5678|36.9504
06|49|0|45|0.0|20.4|135|79.6|43.0|0.00|0.01|43.5708|36.9504
06|50|0|0|1.5|20.4|135|79.8|43.0|0.00|0.01|43.5704|36.9504
06|52|0|315|1.6|20.4|135|80.0|43.0|0.00|0.01|43.5717|37.269
06|53|0|315|0.0|20.4|135|80.1|43.0|0.00|0.01|43.5728|37.269
06|54|0|0|0.0|20.4|135|80.0|43.1|0.00|0.01|43.5731|37.269
06|55|0|0|0.0|20.4|135|79.9|43.0|0.00|0.01|43.5727|36.9504
06|56|0|0|0.0|20.4|135|79.7|43.1|0.00|0.01|43.5732|36.9504
06|57|0|0|0.0|20.4|135|79.6|43.1|0.00|0.01|43.5704|36.9504
06|58|0|0|0.0|20.4|135|79.6|43.1|0.00|0.01|43.5716|36.9504
06|59|0|0|0.0|20.4|135|79.6|43.1|0.00|0.01|43.5713|36.9504
07|00|0|270|0.0|20.4|135|79.7|43.1|0.00|0.01|43.572|36.9504
07|01|0|270|1.5|20.4|135|79.7|43.2|0.00|0.01|43.5708|36.9504
07|02|0|270|0.0|20.4|135|79.6|43.2|0.00|0.01|43.5751|36.9504
07|03|0|270|0.0|20.4|135|79.5|43.2|0.00|0.01|43.5719|36.9504
07|05|0|315|0.0|20.4|135|79.4|43.2|0.00|0.01|43.5718|36.9504
07|06|0|315|0.0|20.4|135|79.5|43.4|0.00|0.01|43.5758|36.9504
07|07|0|315|0.0|20.4|135|79.5|43.4|0.00|0.01|43.5765|36.9504
07|08|0|315|0.0|20.4|135|79.5|43.5|0.00|0.01|43.5764|36.9504
07|09|0|315|0.0|20.4|135|79.4|43.5|0.00|0.01|43.576|36.9504
07|11|0|270|1.6|20.4|135|79.3|43.5|0.00|0.01|43.5774|36.9504
07|12|0|270|0.0|20.4|135|79.1|43.5|0.00|0.01|43.5773|36.9504
07|13|0|270|0.0|20.4|135|79.0|43.6|0.00|0.01|43.5795|36.9504
07|15|0|315|1.5|20.4|135|79.0|43.6|0.00|0.01|43.5784|36.9504
07|16|0|315|1.5|20.4|135|79.7|43.6|0.00|0.01|43.5792|36.9504
07|17|0|315|0.0|20.4|135|80.0|43.6|0.00|0.01|43.5813|37.269
07|18|0|315|1.5|20.4|135|80.1|43.6|0.00|0.01|43.5808|37.269
07|19|0|338|1.6|20.4|135|80.4|43.6|0.00|0.01|43.5816|37.269
07|20|0|45|2.9|20.4|135|80.9|43.6|0.00|0.01|43.5812|37.269
07|21|0|0|2.9|20.4|135|80.7|43.6|0.00|0.01|43.5822|37.269
07|22|0|45|4.8|20.4|135|80.5|43.5|0.00|0.01|43.5839|37.269
07|23|0|0|7.3|20.4|135|80.8|43.5|0.00|0.01|43.5836|37.269
07|25|0|0|2.9|20.4|135|81.0|43.5|0.00|0.01|43.584|37.5841
07|26|0|0|4.4|20.4|135|80.9|43.5|0.00|0.01|43.5867|37.269
07|29|0|315|1.5|20.4|135|80.9|43.5|0.00|0.01|43.5889|37.269
07|30|0|315|1.6|20.4|135|81.5|43.5|0.00|0.01|43.5872|37.5841
07|31|0|315|1.5|20.4|135|81.9|43.5|0.00|0.01|43.5873|37.5841
07|32|0|315|3.2|20.4|135|82.0|43.5|0.00|0.01|43.5909|37.8958
07|33|0|270|2.9|20.4|135|81.7|43.5|0.00|0.01|43.5923|37.5841
07|34|0|315|2.9|20.4|135|81.4|43.5|0.00|0.01|43.5904|37.5841
07|35|0|315|3.2|20.4|135|82.0|43.5|0.00|0.01|43.5927|37.8958
07|36|0|315|1.5|20.4|135|82.2|43.5|0.00|0.01|43.5936|37.8958
07|38|0|315|1.5|20.4|135|82.1|43.4|0.00|0.01|43.592|37.8958
07|39|0|315|4.4|20.4|135|82.5|43.4|0.00|0.01|43.5934|37.8958
07|40|0|315|1.6|20.4|135|82.7|43.4|0.00|0.01|43.5936|37.8958
07|41|0|315|2.9|20.4|135|83.1|43.5|0.00|0.01|43.5961|38.2042
07|42|0|315|3.2|20.4|135|83.7|43.4|0.00|0.01|43.5943|38.2042
07|43|0|315|1.5|20.4|135|84.0|43.4|0.00|0.01|43.5958|38.5092
07|45|0|315|3.2|20.4|135|84.1|43.4|0.00|0.01|43.5981|38.5092
07|46|0|315|2.9|20.4|135|83.8|43.4|0.00|0.01|43.5991|38.2042
07|47|0|0|2.9|20.4|135|83.9|43.4|0.00|0.01|43.5993|38.2042
07|48|0|315|1.5|20.4|135|84.2|43.4|0.00|0.01|43.5975|38.5092
07|49|0|0|2.9|20.4|135|84.3|43.4|0.00|0.01|43.5966|38.5092
07|50|0|0|1.5|20.4|135|84.3|43.5|0.00|0.01|43.597|38.5092
07|51|0|315|2.9|20.4|135|84.5|43.5|0.00|0.01|43.597|38.5092
07|52|0|315|1.6|20.4|135|84.9|43.5|0.00|0.01|43.598|38.5092
07|53|0|315|1.5|20.4|135|84.8|43.5|0.00|0.01|43.5982|38.5092
07|54|0|0|3.2|20.4|135|85.3|43.5|0.00|0.01|43.597|38.8111
07|55|0|315|4.4|20.4|135|85.2|43.5|0.00|0.01|43.5974|38.8111
07|56|0|0|3.2|20.4|135|85.2|43.5|0.00|0.01|43.5997|38.8111
07|58|0|315|3.2|20.4|135|85.3|43.6|0.00|0.01|43.6013|38.8111
08|00|0|315|3.2|20.4|135|85.2|43.6|0.00|0.01|43.6037|38.8111
08|02|0|0|2.9|20.4|135|85.1|43.6|0.00|0.01|43.6037|38.8111
08|04|0|315|2.9|20.4|135|84.9|43.6|0.00|0.01|43.6034|38.5092
08|05|0|0|4.4|20.4|135|84.2|43.6|0.00|0.01|43.6023|38.5092
08|07|0|315|2.9|20.4|135|83.6|43.5|0.00|0.01|43.6039|38.2042
08|08|0|338|4.8|20.4|135|83.6|43.5|0.00|0.01|43.6055|38.2042
08|09|0|0|2.9|20.4|135|84.3|43.5|0.00|0.01|43.6073|38.5092
08|10|0|315|2.9|20.4|135|84.4|43.5|0.00|0.01|43.6088|38.5092
08|11|0|315|2.9|20.4|135|84.4|43.5|0.00|0.01|43.6088|38.5092
08|13|0|0|2.9|20.4|135|84.7|43.5|0.00|0.01|43.6097|38.5092
08|14|0|315|1.5|20.4|135|84.6|43.5|0.00|0.01|43.6104|38.5092
08|15|0|315|4.8|20.4|135|84.4|43.5|0.00|0.01|43.6108|38.5092
08|16|0|315|1.5|20.4|135|84.4|43.6|0.00|0.01|43.6117|38.5092
08|17|0|315|3.2|20.4|135|84.2|43.6|0.00|0.01|43.6097|38.5092
08|18|0|315|1.5|20.4|135|84.5|43.7|0.00|0.01|43.6143|38.5092
08|20|0|315|1.6|20.4|135|84.3|43.7|0.00|0.01|43.6156|38.5092
08|21|0|315|1.5|20.4|135|84.0|43.7|0.00|0.01|43.6149|38.5092
08|23|0|270|2.9|20.4|135|84.1|43.7|0.00|0.01|43.6163|38.5092
08|24|0|315|2.9|20.4|135|84.0|43.8|0.00|0.01|43.6158|38.5092
08|25|0|315|1.5|20.4|135|84.3|43.8|0.00|0.01|43.6142|38.5092
08|26|0|0|4.4|20.4|135|84.6|43.8|0.00|0.01|43.6163|38.5092
08|27|0|0|5.8|20.4|135|83.7|43.8|0.00|0.01|43.6144|38.2042
08|28|0|0|1.6|20.4|135|82.9|43.8|0.00|0.01|43.6152|37.8958
08|29|0|315|2.9|20.4|135|83.2|43.8|0.00|0.01|43.616|38.2042
08|30|0|0|3.2|20.4|135|83.6|43.8|0.00|0.01|43.6167|38.2042
08|32|0|315|4.4|20.4|135|83.0|43.8|0.00|0.01|43.6167|38.2042
08|33|0|315|2.9|20.4|135|83.3|43.9|0.00|0.01|43.619|38.2042
08|35|0|0|3.2|20.4|135|83.7|44.0|0.00|0.01|43.6177|39.1824
08|36|0|0|4.4|20.4|135|83.5|44.0|0.00|0.01|43.6214|39.1824
08|38|0|0|5.8|20.4|135|83.1|44.0|0.00|0.01|43.6215|39.1824
08|40|0|0|4.4|20.4|135|82.5|43.9|0.00|0.01|43.6242|37.8958
08|41|0|0|2.9|20.4|135|82.9|44.0|0.00|0.01|43.6254|38.8726
08|42|0|0|4.4|20.4|135|83.6|44.0|0.00|0.01|43.6284|39.1824
08|43|0|315|3.2|20.4|135|83.8|44.0|0.00|0.01|43.6263|39.1824
08|44|0|0|2.9|20.4|135|83.6|44.0|0.00|0.01|43.6273|39.1824
08|46|0|0|2.9|20.4|135|82.6|44.0|0.00|0.01|43.6295|38.8726
08|47|0|338|2.9|20.4|135|82.6|44.0|0.00|0.01|43.63|38.8726
08|48|0|315|1.6|20.4|135|82.8|44.0|0.00|0.01|43.6312|38.8726
08|49|0|315|4.4|20.4|135|83.8|44.2|0.00|0.01|43.6291|39.1824
08|50|0|0|6.5|20.4|135|84.2|44.0|0.00|0.01|43.628|39.4888
08|51|0|315|2.9|20.4|135|83.6|44.2|0.00|0.01|43.6291|39.1824
08|52|0|315|2.9|20.4|135|84.0|44.3|0.00|0.01|43.6268|39.4888
08|53|0|0|2.9|20.4|135|85.1|44.3|0.00|0.01|43.6283|39.7921
08|54|0|315|4.4|20.4|135|85.3|44.4|0.00|0.01|43.627|39.7921
08|55|0|0|2.9|20.4|135|84.8|44.4|0.00|0.01|43.6283|39.4888
08|56|0|315|3.2|20.4|135|84.8|44.5|0.00|0.01|43.6282|39.4888
08|57|0|0|1.5|20.4|135|84.8|44.5|0.00|0.01|43.6285|39.4888
08|58|0|315|2.9|20.4|135|84.5|44.6|0.00|0.01|43.6289|39.4888
08|59|0|315|1.5|20.4|135|84.4|44.7|0.00|0.01|43.629|39.4888
09|02|0|0|4.4|20.4|135|84.8|44.8|0.00|0.01|43.6311|39.4888
09|03|0|315|3.2|20.4|135|83.9|44.8|0.00|0.01|43.6328|39.1824
09|04|0|315|2.9|20.4|135|83.5|44.8|0.00|0.01|43.6327|39.1824
09|05|0|0|5.8|20.4|135|83.4|44.8|0.00|0.01|43.6341|39.1824
09|06|0|315|3.2|20.4|135|82.6|44.8|0.00|0.01|43.6348|38.8726
09|07|0|0|2.9|20.4|135|82.1|44.8|0.00|0.01|43.6388|38.8726
09|08|0|315|2.9|20.4|135|82.2|44.8|0.00|0.01|43.6383|38.8726
09|09|0|315|3.2|20.4|135|82.9|44.8|0.00|0.01|43.6379|38.8726
09|10|0|270|1.5|20.4|135|82.6|44.8|0.00|0.01|43.638|38.8726
09|11|0|0|4.4|20.4|135|82.4|44.8|0.00|0.01|43.6366|38.8726
09|12|0|0|2.9|20.4|135|83.1|44.8|0.00|0.01|43.6376|39.1824
09|13|0|0|1.5|20.4|135|83.3|44.8|0.00|0.01|43.6379|39.1824
09|14|0|338|3.2|20.4|135|82.8|44.8|0.00|0.01|43.6396|38.8726
09|15|0|0|2.9|20.4|135|82.5|44.7|0.00|0.01|43.6387|38.8726
09|17|0|0|4.4|20.4|135|82.9|44.7|0.00|0.01|43.6384|38.8726
09|18|0|0|4.4|20.4|135|82.6|44.7|0.00|0.01|43.6411|38.8726
09|19|0|0|1.5|20.4|135|82.5|44.6|0.00|0.01|43.6426|38.8726
09|20|0|0|1.5|20.4|135|82.6|44.6|0.00|0.01|43.6407|38.8726
09|22|0|0|3.2|20.4|135|83.1|44.6|0.00|0.01|43.6416|39.1824
09|23|0|315|2.9|20.4|135|83.3|44.6|0.00|0.01|43.6418|39.1824
09|24|0|315|2.9|20.4|135|83.2|44.5|0.00|0.01|43.6412|39.1824
09|25|0|315|2.9|20.4|135|83.2|44.5|0.00|0.01|43.6431|39.1824
09|26|0|315|2.9|20.4|135|83.7|44.5|0.00|0.01|43.6428|39.1824
09|27|0|315|1.6|20.4|135|83.6|44.5|0.00|0.01|43.6434|39.1824
09|29|0|315|2.9|20.4|135|83.9|44.5|0.00|0.01|43.6426|39.1824
09|30|0|315|3.2|20.4|135|83.8|44.5|0.00|0.01|43.6429|39.1824
09|31|0|315|1.5|20.4|135|83.4|44.5|0.00|0.01|43.6422|39.1824
09|32|0|0|1.5|20.4|135|83.9|44.5|0.00|0.01|43.6419|39.1824
09|33|0|315|1.5|20.4|135|84.2|44.6|0.00|0.01|43.6416|39.4888
09|34|0|270|1.5|20.4|135|84.2|44.6|0.00|0.01|43.6423|39.4888
09|35|0|0|1.5|20.4|135|84.5|44.6|0.00|0.01|43.6432|39.4888
09|36|0|315|1.5|20.4|135|84.4|44.7|0.00|0.01|43.6434|39.4888
09|39|0|0|2.9|20.4|135|85.0|44.7|0.00|0.01|43.6452|39.7921
09|40|0|0|2.9|20.4|135|84.0|44.7|0.00|0.01|43.6471|39.4888
09|41|0|0|1.6|20.4|135|83.0|44.7|0.00|0.01|43.6467|39.1824
09|42|0|0|2.9|20.4|135|82.8|44.7|0.00|0.01|43.6479|38.8726
09|43|0|0|2.9|20.4|135|82.8|44.7|0.00|0.01|43.6486|38.8726
09|44|0|0|2.9|20.4|135|82.5|44.7|0.00|0.01|43.6454|38.8726
09|45|0|0|1.5|20.4|135|82.7|44.7|0.00|0.01|43.6464|38.8726
09|46|0|0|2.9|20.4|135|82.6|44.8|0.00|0.01|43.6489|38.8726
09|47|0|0|1.5|20.4|135|82.6|44.8|0.00|0.01|43.6482|38.8726
09|48|0|0|2.9|20.4|135|82.4|44.9|0.00|0.01|43.6477|38.8726
09|49|0|0|2.9|20.4|135|82.0|44.9|0.00|0.01|43.6486|38.8726
09|50|0|0|2.9|20.4|135|81.7|44.9|0.00|0.01|43.6468|38.5595
09|51|0|315|1.5|20.4|135|82.1|44.9|0.00|0.01|43.6496|38.8726
09|52|0|0|2.9|20.4|135|82.8|45.0|0.00|0.01|43.6505|39.8494
09|53|0|0|1.5|20.4|135|82.9|45.0|0.00|0.01|43.6502|39.8494
09|54|0|315|1.6|20.4|135|83.1|45.0|0.00|0.01|43.6533|40.1605
09|55|0|0|0.0|20.4|135|81.8|45.0|0.00|0.01|43.6532|39.5349
09|56|0|0|1.6|20.4|135|81.4|45.0|0.00|0.01|43.6535|39.5349
09|57|0|0|1.5|20.4|135|82.2|45.0|0.00|0.01|43.6542|39.8494
09|59|0|0|1.5|20.4|135|81.5|45.0|0.00|0.01|43.6535|39.5349
10|00|0|0|1.6|20.4|135|81.5|45.2|0.00|0.01|43.6554|39.5349
10|01|0|0|1.5|20.4|135|81.4|45.2|0.00|0.01|43.6542|39.5349
10|02|0|0|0.0|20.4|135|81.4|45.2|0.00|0.01|43.6542|39.5349
10|03|0|0|1.5|20.4|135|81.4|45.3|0.00|0.01|43.6547|39.5349
10|05|0|0|0.0|20.4|135|80.7|45.4|0.00|0.01|43.6573|39.2169
10|06|0|45|0.0|20.4|135|80.3|45.4|0.00|0.01|43.6596|39.2169
10|07|0|0|0.0|20.4|135|79.7|45.4|0.00|0.01|43.6581|38.8954
10|08|0|0|2.9|20.4|135|80.5|45.4|0.00|0.01|43.6582|39.2169
10|09|0|90|1.5|20.4|135|80.8|45.5|0.00|0.01|43.6585|39.2169
10|10|0|0|3.2|20.4|135|80.6|45.4|0.00|0.01|43.6573|39.2169
10|11|0|45|2.9|20.4|135|80.2|45.4|0.00|0.01|43.6581|39.2169
10|12|0|0|2.9|20.4|135|80.3|45.4|0.00|0.01|43.6586|39.2169
10|13|0|0|2.9|20.4|135|80.2|45.4|0.00|0.01|43.6595|39.2169
10|14|0|0|4.4|20.4|135|80.4|45.4|0.00|0.01|43.6596|39.2169
10|15|0|0|1.5|20.4|135|80.6|45.4|0.00|0.01|43.6602|39.2169
10|17|0|0|3.2|20.4|135|80.6|45.3|0.00|0.01|43.6608|39.2169
10|18|0|315|2.9|20.4|135|81.2|45.4|0.00|0.01|43.6638|39.5349
10|19|0|0|2.9|20.4|135|82.3|45.4|0.00|0.01|43.6646|39.8494
10|20|0|315|2.9|20.4|135|81.7|45.3|0.00|0.01|43.664|39.5349
10|21|0|0|3.2|20.4|135|81.4|45.3|0.00|0.01|43.6628|39.5349
10|22|0|338|2.9|20.4|135|80.9|45.3|0.00|0.01|43.6629|39.2169
10|23|0|0|5.8|20.4|135|80.7|45.2|0.00|0.01|43.6631|39.2169
10|25|0|315|2.9|20.4|135|81.3|45.2|0.00|0.01|43.6661|39.5349
10|26|0|315|2.9|20.4|135|81.4|45.2|0.00|0.01|43.6654|39.5349
10|27|0|315|4.4|20.4|135|81.5|45.2|0.00|0.01|43.6647|39.5349
10|29|0|315|2.9|20.4|135|81.7|45.2|0.00|0.01|43.6656|39.5349
10|30|0|0|6.5|20.4|135|82.1|45.2|0.00|0.01|43.6672|39.8494
10|32|0|270|4.4|20.4|135|81.8|45.3|0.01|0.02|43.6659|39.5349
10|33|0|315|4.8|20.4|135|81.6|45.3|0.01|0.02|43.6678|39.5349
10|34|0|315|2.9|20.4|135|81.2|45.4|0.01|0.02|43.6682|39.5349
10|35|0|315|1.6|20.4|135|81.9|45.4|0.01|0.02|43.6715|39.5349
10|36|0|315|5.8|20.4|135|81.5|45.4|0.01|0.02|43.6681|39.5349
10|38|0|315|3.2|20.4|135|81.7|45.4|0.01|0.02|43.6707|39.5349
10|39|0|315|1.5|20.4|135|82.2|45.5|0.01|0.02|43.6741|39.8494
10|40|0|0|2.9|20.4|135|82.2|45.6|0.01|0.02|43.6742|39.8494
10|42|0|0|3.2|20.4|135|79.4|45.7|0.01|0.02|43.6769|38.8954
10|43|0|0|4.4|20.4|135|79.9|45.7|0.01|0.02|43.675|38.8954
10|45|0|0|2.9|20.4|135|79.8|45.8|0.01|0.02|43.6772|38.8954
10|46|0|0|2.9|20.4|135|80.1|46.0|0.01|0.02|43.6789|40.1908
10|47|0|0|4.4|20.4|135|80.1|46.0|0.01|0.02|43.6772|40.1908
10|48|0|0|1.5|20.4|135|79.7|46.0|0.01|0.02|43.6786|39.8679
10|49|0|0|2.9|20.4|135|79.6|46.1|0.01|0.02|43.6788|39.8679
10|51|0|0|2.9|20.4|135|79.3|46.1|0.01|0.02|43.6775|39.8679
10|52|0|90|0.0|20.4|135|79.3|46.1|0.01|0.02|43.6755|39.8679
10|53|0|338|5.8|20.4|135|78.9|46.2|0.01|0.02|43.6746|39.5413
10|54|0|315|2.9|20.4|135|78.2|46.2|0.01|0.02|43.674|39.5413
10|55|0|45|3.2|20.4|135|78.3|46.2|0.02|0.03|43.673|39.5413
10|56|0|0|4.4|20.4|135|78.9|46.3|0.02|0.03|43.6733|39.5413
10|57|0|0|3.2|20.4|135|78.8|46.4|0.02|0.03|43.6738|39.5413
10|59|0|45|1.6|20.4|135|77.7|46.5|0.02|0.03|43.6738|39.2111
11|00|0|45|3.2|20.4|135|77.5|46.6|0.02|0.03|43.6753|39.2111
11|01|0|45|1.5|20.4|135|77.5|46.7|0.02|0.03|43.6753|39.2111
11|03|0|0|1.5|20.4|135|77.3|47.0|0.02|0.03|43.677|40.1805
11|04|0|338|2.9|20.4|135|78.4|47.1|0.02|0.03|43.6763|40.5122
11|05|0|315|4.4|20.4|135|78.7|47.2|0.02|0.03|43.6797|40.5122
11|06|0|0|1.5|20.4|135|78.1|47.3|0.02|0.03|43.6806|40.5122
11|07|0|315|1.5|20.4|135|77.4|47.4|0.02|0.03|43.6834|40.1805
11|09|0|315|5.8|20.4|135|77.0|47.6|0.02|0.03|43.6846|40.1805
11|10|0|315|2.9|20.4|135|75.2|47.6|0.02|0.03|43.6846|39.5055
11|11|0|270|2.9|20.4|135|74.9|47.7|0.02|0.03|43.6833|39.162
11|12|0|45|4.4|20.4|135|76.2|47.9|0.02|0.03|43.6824|39.8449
11|13|0|315|3.2|20.4|135|76.5|47.9|0.02|0.03|43.6839|39.8449
11|14|0|0|2.9|20.4|135|76.8|48.0|0.02|0.03|43.6833|40.8128
11|15|0|315|1.6|20.4|135|76.3|48.2|0.02|0.03|43.6822|40.8128
11|16|0|315|1.5|20.4|135|75.5|48.3|0.02|0.03|43.6818|40.4718
11|17|0|0|4.4|20.4|135|76.3|48.5|0.02|0.03|43.6804|40.8128
11|18|0|45|3.2|20.4|135|75.4|48.7|0.02|0.03|43.681|40.4718
11|19|0|0|4.4|20.4|135|74.4|48.8|0.02|0.03|43.6805|40.1268
11|20|0|0|2.9|20.4|135|73.6|48.9|0.02|0.03|43.6808|39.7776
11|21|0|315|5.8|20.4|135|75.2|49.0|0.02|0.03|43.6805|41.4381
11|22|0|0|4.4|20.4|135|76.6|49.1|0.02|0.03|43.6796|41.7806
11|23|0|338|1.6|20.4|135|77.0|49.4|0.02|0.03|43.6819|42.1191
11|24|0|0|1.5|20.4|135|75.4|49.5|0.02|0.03|43.686|41.4381
11|25|0|270|3.2|20.4|135|73.3|49.8|0.02|0.03|43.6885|40.7408
11|27|0|315|1.5|20.4|135|71.4|50.1|0.02|0.03|43.6911|40.9865
11|29|0|0|4.4|20.4|135|71.6|50.1|0.02|0.03|43.6922|40.9865
11|30|0|0|8.7|20.4|135|71.5|50.0|0.02|0.03|43.6915|40.9865
11|32|0|315|4.4|20.4|135|72.7|49.9|0.01|0.03|43.6952|40.3859
11|33|0|315|4.8|20.4|135|72.7|49.9|0.01|0.03|43.6962|40.3859
11|34|0|270|2.9|20.4|135|71.9|49.9|0.01|0.03|43.6979|40.0265
11|35|0|270|4.4|20.4|135|71.9|49.9|0.01|0.03|43.6981|40.0265
11|36|0|270|1.5|20.4|135|70.5|49.9|0.01|0.03|43.6987|39.6627
11|37|0|270|5.8|20.4|135|70.0|49.9|0.01|0.03|43.6979|39.6627
11|38|0|315|1.6|20.4|135|70.7|49.8|0.01|0.03|43.7|39.6627
11|39|0|0|1.5|20.4|135|72.5|49.9|0.01|0.03|43.7013|40.3859
11|40|0|270|1.6|20.4|135|71.3|49.8|0.01|0.03|43.7006|40.0265
11|41|0|45|2.9|20.4|135|71.1|49.9|0.01|0.03|43.7032|40.0265
11|42|0|315|4.4|20.4|135|72.6|49.8|0.01|0.03|43.7027|40.3859
11|43|0|315|1.6|20.4|135|73.0|49.9|0.01|0.03|43.7053|40.7408
11|45|0|315|2.9|20.4|135|72.0|50.0|0.01|0.03|43.7032|41.3474
11|46|0|315|4.4|20.4|135|72.0|50.0|0.01|0.03|43.7029|41.3474
11|48|0|315|4.4|20.4|135|71.8|50.0|0.01|0.03|43.6998|40.9865
11|49|0|315|7.3|20.4|135|71.0|50.0|0.01|0.03|43.6975|40.9865
11|50|0|315|5.8|20.4|135|70.4|50.0|0.01|0.03|43.6882|40.621
11|51|0|315|6.4|20.4|135|73.0|50.3|0.01|0.03|43.6849|41.7039
11|52|0|315|2.9|20.4|135|73.0|50.7|0.01|0.03|43.6861|41.7039
11|53|0|270|1.5|20.4|135|72.7|51.1|0.01|0.03|43.6826|42.3089
11|55|0|0|2.9|20.4|135|68.4|52.0|0.00|0.03|43.6805|41.786
11|56|0|90|1.5|20.4|135|66.3|52.6|0.00|0.03|43.6819|41.0148
11|57|0|0|0.0|20.4|135|68.0|52.9|0.00|0.03|43.6877|41.786
11|58|0|338|1.5|20.4|135|68.3|53.2|0.00|0.03|43.693|42.7408
11|59|0|315|1.6|20.4|135|68.6|53.5|0.00|0.03|43.681|42.7408
12|01|0|45|1.5|20.4|135|66.6|53.9|0.00|0.03|43.6779|41.9662
12|02|0|90|1.5|20.4|135|63.1|54.2|0.00|0.03|43.6828|41.7107
12|03|0|180|2.9|20.4|135|62.8|54.4|0.00|0.03|43.6839|41.2971
12|04|0|315|2.9|20.4|135|61.6|54.5|0.00|0.03|43.6863|40.8777
12|05|0|90|1.5|20.4|135|61.4|54.7|0.01|0.04|43.6838|40.8777
12|06|0|315|4.4|20.4|135|62.1|54.7|0.01|0.04|43.6851|41.2971
12|07|0|45|0.0|20.4|135|61.5|54.7|0.01|0.04|43.6839|40.8777
12|08|0|270|0.0|20.4|135|61.9|55.1|0.01|0.04|43.6833|41.82
12|09|0|45|0.0|20.4|135|62.1|55.4|0.01|0.04|43.6855|42.2413
12|10|0|315|1.5|20.4|135|62.3|55.8|0.01|0.04|43.6938|42.2413
12|11|0|315|7.3|20.4|135|61.6|55.6|0.01|0.04|43.6917|41.82
12|12|0|225|1.5|20.4|135|60.7|55.6|0.01|0.04|43.6926|41.3926
12|13|0|270|1.5|20.4|135|61.7|55.7|0.01|0.04|43.6906|41.82
12|14|0|315|3.2|20.4|135|60.7|55.6|0.01|0.04|43.6917|41.3926
12|16|0|270|3.2|20.4|135|60.8|55.7|0.01|0.04|43.6897|41.3926
12|17|0|180|2.9|20.4|135|59.8|55.8|0.01|0.04|43.6879|40.9589
12|18|0|315|4.4|20.4|135|59.9|56.0|0.01|0.04|43.6916|41.8974
12|19|0|315|2.9|20.4|135|60.4|55.8|0.01|0.04|43.6911|41.3926
12|20|0|315|2.9|20.4|135|60.9|55.7|0.01|0.04|43.6953|41.3926
12|21|0|0|2.9|20.4|135|59.9|55.5|0.01|0.04|43.6945|40.9589
12|22|0|315|4.4|20.4|135|61.2|55.4|0.01|0.04|43.6956|41.82
12|23|0|315|2.9|20.4|135|62.9|55.2|0.01|0.04|43.6925|42.2413
12|24|0|315|3.2|20.4|135|62.4|55.1|0.01|0.04|43.6924|42.2413
12|25|0|0|2.9|20.4|135|62.1|55.0|0.01|0.04|43.6927|42.2413
12|26|0|0|1.6|20.4|135|60.8|54.8|0.01|0.04|43.6904|40.4521
12|28|0|0|4.4|20.4|135|60.9|54.6|0.01|0.04|43.6877|40.4521
12|29|0|315|5.8|20.4|135|62.1|54.3|0.01|0.04|43.6837|41.2971
12|30|0|315|5.8|20.4|135|61.6|54.3|0.01|0.04|43.6836|40.8777
12|31|0|315|7.3|20.4|135|61.8|54.3|0.01|0.04|43.6749|40.8777
12|32|0|0|4.8|20.4|135|62.1|54.6|0.01|0.04|43.6753|41.2971
12|33|0|315|4.4|20.4|135|61.7|55.2|0.01|0.04|43.6804|41.82
12|34|0|0|4.4|20.4|135|61.0|55.6|0.01|0.04|43.6785|41.82
12|35|0|23|4.8|20.4|135|59.5|55.7|0.01|0.04|43.6839|40.9589
12|36|0|0|2.9|20.4|135|59.7|55.8|0.01|0.04|43.6867|40.9589
12|37|0|315|3.2|20.4|135|58.7|55.8|0.01|0.04|43.6865|40.5186
12|39|0|315|2.9|20.4|135|59.1|55.7|0.01|0.04|43.6892|40.9589
12|40|0|315|6.4|20.4|135|60.4|55.6|0.01|0.04|43.6902|41.3926
12|42|0|315|4.4|20.4|135|58.6|55.4|0.01|0.04|43.6916|40.5186
12|43|0|315|4.4|20.4|135|58.9|55.4|0.01|0.04|43.6922|40.5186
12|44|0|315|4.8|20.4|135|59.7|55.3|0.01|0.04|43.6883|40.9589
12|46|0|315|4.8|20.4|135|59.9|55.1|0.01|0.04|43.6873|40.9589
12|47|0|315|4.4|20.4|135|58.9|55.1|0.01|0.04|43.6882|40.5186
12|48|0|270|2.9|20.4|135|58.9|55.1|0.01|0.04|43.6874|40.5186
12|50|0|315|2.9|20.4|135|60.5|55.1|0.01|0.04|43.6875|41.3926
12|51|0|0|2.9|20.4|135|59.6|55.1|0.01|0.04|43.6882|40.9589
12|52|0|315|2.9|20.4|135|59.6|55.1|0.01|0.04|43.6877|40.9589
12|53|0|270|1.6|20.4|135|58.2|55.2|0.01|0.04|43.6892|40.5186
12|55|0|315|1.6|20.4|135|60.0|55.2|0.01|0.04|43.6913|41.3926
12|56|0|315|4.4|20.4|135|60.9|55.3|0.01|0.04|43.6902|41.3926
12|57|0|315|4.4|20.4|135|61.2|55.3|0.01|0.04|43.6898|41.82
12|58|0|0|4.8|20.4|135|60.4|55.4|0.01|0.04|43.6885|41.3926
12|59|0|0|6.5|20.4|135|58.0|55.4|0.01|0.04|43.6881|40.5186
13|00|0|0|4.4|20.4|135|56.2|55.5|0.01|0.04|43.6842|39.6176
13|01|0|23|5.8|20.4|135|57.0|55.5|0.01|0.04|43.6818|40.0716
13|02|0|45|6.5|20.4|135|56.0|55.6|0.01|0.04|43.6818|39.6176
13|03|0|0|5.8|20.4|135|57.0|55.5|0.00|0.04|43.6782|40.0716
13|05|0|0|3.2|20.4|135|57.3|55.6|0.00|0.04|43.6804|40.0716
13|06|0|0|5.8|20.4|135|56.8|55.6|0.00|0.04|43.6806|39.6176
13|07|0|0|4.8|20.4|135|56.7|55.6|0.00|0.04|43.6791|39.6176
13|08|0|0|2.9|20.4|135|56.5|55.7|0.00|0.04|43.681|39.6176
13|09|0|0|1.5|20.4|135|55.4|55.8|0.00|0.04|43.6806|39.1564
13|10|0|0|2.9|20.4|135|57.7|56.0|0.00|0.04|43.6795|41.0063
13|11|0|270|1.5|20.4|135|57.6|56.1|0.00|0.04|43.6799|41.0063
13|13|0|315|1.5|20.4|135|54.6|56.4|0.00|0.04|43.6756|39.6165
13|14|0|0|4.4|20.4|135|55.7|56.7|0.00|0.04|43.6734|40.0872
13|15|0|0|4.8|20.4|135|55.2|57.0|0.00|0.04|43.6688|41.0178
13|16|0|0|4.4|20.4|135|54.8|57.2|0.00|0.04|43.6697|40.5451
13|18|0|0|1.6|20.4|135|53.6|57.3|0.00|0.04|43.6699|40.0646
13|19|0|315|2.9|20.4|135|52.8|57.7|0.00|0.04|43.6611|39.5761
13|20|0|0|8.7|20.4|135|54.8|57.9|0.00|0.04|43.6592|40.5451
13|22|0|0|5.8|20.4|135|53.3|58.3|0.00|0.04|43.6645|40.9911
13|23|0|0|1.5|20.4|135|53.6|58.5|0.00|0.04|43.6681|40.9911
13|25|0|315|4.4|20.4|135|53.2|59.2|0.00|0.04|43.6713|41.9173
13|26|0|315|4.8|20.4|135|53.8|59.5|0.00|0.04|43.6734|41.9173
13|28|0|270|2.9|20.4|135|50.5|60.0|0.00|0.04|43.6676|41.3334
13|29|0|0|0.0|20.4|135|49.7|60.3|0.00|0.04|43.6692|40.8123
13|30|0|338|4.4|20.4|135|50.2|60.5|0.00|0.04|43.6685|41.3334
13|31|0|248|5.8|20.4|135|49.0|60.8|0.00|0.04|43.6699|40.8123
13|32|0|315|4.4|20.4|135|49.5|60.9|0.00|0.04|43.671|40.8123
13|34|0|315|2.9|20.4|135|48.7|61.0|0.00|0.04|43.6808|41.1968
13|35|0|270|1.5|20.4|135|48.3|60.8|0.00|0.04|43.6821|40.2817
13|36|0|0|1.5|20.4|135|49.5|60.6|0.00|0.04|43.6791|40.8123
13|37|0|45|1.5|20.4|135|49.8|60.5|0.00|0.04|43.6781|40.8123
13|38|0|315|2.9|20.4|135|49.3|60.2|0.00|0.04|43.6764|40.8123
13|39|0|23|1.5|20.4|135|48.9|60.2|0.00|0.04|43.6688|40.2817
13|40|0|45|6.4|20.4|135|50.7|60.5|0.00|0.04|43.667|41.3334
13|42|0|0|1.5|20.4|135|48.5|60.7|0.00|0.04|43.6672|40.2817
13|43|0|0|4.4|20.4|135|49.7|60.6|0.00|0.04|43.674|40.8123
13|44|0|315|4.8|20.4|135|49.8|60.3|0.00|0.04|43.6726|40.8123
13|45|0|315|5.8|20.4|135|50.7|60.1|0.00|0.04|43.6652|41.3334
13|46|0|315|1.6|20.4|135|49.6|59.9|0.00|0.04|43.6755|39.8947
13|47|0|0|3.2|20.4|135|49.0|59.7|0.00|0.04|43.6757|39.8947
13|49|0|158|1.5|20.4|135|48.6|59.6|0.00|0.04|43.6781|39.3663
13|50|0|315|5.8|20.4|135|49.5|59.3|0.00|0.04|43.6775|39.8947
13|51|0|315|4.4|20.4|135|50.4|59.0|0.00|0.04|43.6742|40.4136
13|52|0|270|4.4|20.4|135|51.5|58.8|0.00|0.04|43.6753|40.0014
13|53|0|315|3.2|20.4|135|50.8|58.5|0.00|0.04|43.673|39.4937
13|54|0|270|1.6|20.4|135|49.9|58.7|0.00|0.04|43.6636|38.977
13|55|0|270|2.9|20.4|135|49.8|58.9|0.00|0.04|43.6704|38.977
13|56|0|315|0.0|20.4|135|50.5|58.9|0.00|0.04|43.6763|39.4937
13|57|0|225|2.9|20.4|135|49.7|59.1|0.00|0.04|43.6649|39.8947
13|58|0|225|4.4|20.4|135|49.7|59.6|0.00|0.04|43.667|39.8947
13|59|0|0|4.4|20.4|135|49.0|59.9|0.00|0.04|43.6621|39.8947
14|02|0|45|1.5|20.4|135|46.7|60.8|0.00|0.04|43.6678|39.1906
14|03|0|315|2.9|20.4|135|45.8|61.2|0.00|0.04|43.6684|39.5374
14|04|0|0|7.3|20.4|135|45.3|61.5|0.00|0.04|43.6702|39.5374
14|05|0|315|4.4|20.4|135|45.9|61.2|0.00|0.04|43.6776|39.5374
14|06|0|315|2.9|20.4|135|45.6|61.1|0.00|0.04|43.6758|39.5374
14|08|0|0|4.4|20.4|135|47.2|60.9|0.00|0.04|43.6755|39.7412
14|10|0|315|5.8|20.4|135|47.5|61.5|0.00|0.04|43.6642|40.6541
14|11|0|315|1.6|20.4|135|45.5|61.5|0.00|0.04|43.6601|39.5374
14|12|0|225|2.9|20.4|135|44.6|61.9|0.00|0.04|43.6615|38.9626
14|13|0|315|4.4|20.4|135|44.5|62.2|0.00|0.04|43.6597|39.8682
14|14|0|270|3.2|20.4|135|44.2|62.5|0.00|0.04|43.6562|39.8682
14|15|0|315|5.8|20.4|135|44.5|62.8|0.00|0.04|43.6613|39.8682
14|16|0|315|1.5|20.4|135|43.8|63.0|0.00|0.04|43.6608|40.1822
14|17|0|0|3.2|20.4|135|45.7|63.4|0.00|0.04|43.6634|41.3533
14|18|0|315|4.4|20.4|135|44.7|63.5|0.00|0.04|43.6675|40.7736
14|20|0|0|1.5|20.4|135|43.4|63.7|0.00|0.04|43.6672|40.1822
14|21|0|315|1.5|20.4|135|42.2|63.8|0.00|0.04|43.6749|39.5786
14|22|0|135|0.0|20.4|135|41.7|63.8|0.00|0.04|43.6771|38.9621
14|23|0|248|2.9|20.4|135|41.8|63.8|0.00|0.04|43.6775|38.9621
14|25|0|135|2.9|20.4|135|41.5|63.6|0.00|0.04|43.678|38.9621
14|27|0|45|4.4|20.4|135|43.2|63.2|0.00|0.04|43.6769|40.1822
14|28|0|45|1.5|20.4|135|42.7|62.9|0.00|0.04|43.6757|38.6781
14|29|0|90|3.2|20.4|135|43.9|62.7|0.00|0.04|43.6743|39.2792
14|30|0|45|2.9|20.4|135|44.1|62.4|0.00|0.04|43.6737|39.8682
14|32|0|90|5.8|20.4|135|44.0|62.2|0.00|0.04|43.6773|39.8682
14|33|0|45|4.4|20.4|135|43.9|61.7|0.00|0.04|43.6814|38.3761
14|34|0|45|2.9|20.4|135|44.4|61.4|0.00|0.04|43.6847|38.9626
14|36|0|113|2.9|20.4|135|44.4|60.8|0.00|0.04|43.6842|38.0568
14|37|0|225|3.2|20.4|135|44.2|60.6|0.00|0.04|43.6812|38.0568
14|38|0|90|0.0|20.4|135|44.7|60.3|0.00|0.04|43.6793|38.0568
14|39|0|45|2.9|20.4|135|46.5|60.1|0.00|0.04|43.6811|39.1906
14|40|0|45|3.2|20.4|135|47.9|60.0|0.00|0.04|43.681|39.7412
14|42|0|90|5.8|20.4|135|49.2|59.9|0.00|0.04|43.6849|39.8947
14|43|0|135|2.9|20.4|135|49.7|59.7|0.00|0.04|43.6849|39.8947
14|44|0|45|1.6|20.4|135|49.8|59.3|0.00|0.04|43.6819|39.8947
14|45|0|45|5.8|20.4|135|50.7|58.8|0.00|0.04|43.6831|39.4937
14|46|0|68|5.8|20.4|135|51.7|58.2|0.00|0.04|43.6787|40.0014
14|47|0|90|3.2|20.4|135|52.2|57.9|0.00|0.04|43.6746|39.5761
14|48|0|90|5.8|20.4|135|52.4|57.4|0.00|0.04|43.6811|39.5761
14|49|0|90|7.3|20.4|135|53.6|57.1|0.00|0.04|43.6846|40.0646
14|50|0|45|4.4|20.4|135|55.9|56.9|0.00|0.04|43.6853|40.0872
14|51|0|90|10.2|20.4|135|57.5|56.6|0.00|0.04|43.6841|41.0063
14|52|0|90|4.4|20.4|135|59.3|56.4|0.00|0.04|43.6876|41.8974
14|53|0|90|7.3|20.4|135|61.5|56.2|0.00|0.04|43.6891|42.7623
14|54|0|0|4.4|20.4|135|62.4|55.8|0.00|0.04|43.6922|42.2413
14|56|0|45|11.6|20.4|135|62.8|55.3|0.00|0.04|43.6921|42.2413
14|57|0|45|7.3|20.4|135|63.8|55.0|0.00|0.04|43.6899|42.6567
14|59|0|90|5.8|20.4|135|63.6|53.9|0.01|0.05|43.6877|40.7646
15|00|0|180|1.6|20.4|135|66.0|53.8|0.01|0.05|43.6884|41.9662
15|01|0|45|10.2|20.4|135|68.0|53.6|0.01|0.05|43.694|42.7408
15|02|0|45|3.2|20.4|135|66.9|53.4|0.01|0.05|43.6938|41.9662
15|03|0|90|2.9|20.4|135|69.7|53.4|0.01|0.05|43.6934|43.1206
15|04|0|90|4.4|20.4|135|69.9|53.3|0.01|0.05|43.6918|43.1206
15|05|0|135|3.2|20.4|135|68.8|53.3|0.01|0.05|43.6909|42.7408
15|06|0|90|2.9|20.4|135|70.9|53.4|0.01|0.05|43.6916|43.4955
15|07|0|90|6.4|20.4|135|71.9|53.4|0.01|0.05|43.6913|43.8658
15|08|0|90|4.4|20.4|135|67.4|53.3|0.01|0.05|43.6913|42.356
15|09|0|68|4.4|20.4|135|68.5|53.4|0.01|0.05|43.6907|42.7408
15|10|0|45|3.2|20.4|135|68.8|53.5|0.01|0.05|43.6888|42.7408
15|13|0|90|8.7|20.4|135|68.8|53.5|0.01|0.05|43.6907|42.7408
15|14|0|45|4.4|20.4|135|70.0|53.6|0.01|0.05|43.6913|43.4955
15|15|0|45|1.5|20.4|135|69.9|53.7|0.01|0.05|43.6894|43.1206
15|16|0|23|1.5|20.4|135|71.6|53.7|0.01|0.05|43.6882|43.8658
15|17|0|45|2.9|20.4|135|69.4|53.7|0.01|0.05|43.6889|43.1206
15|18|0|90|2.9|20.4|135|68.3|53.7|0.01|0.05|43.6889|42.7408
15|19|0|90|2.9|20.4|135|68.3|53.7|0.01|0.05|43.6881|42.7408
15|20|0|90|2.9|20.4|135|68.8|53.6|0.02|0.07|43.6881|42.7408
15|21|0|45|4.8|20.4|135|68.5|53.6|0.02|0.07|43.6879|42.7408
15|22|0|90|1.5|20.4|135|68.7|53.6|0.02|0.07|43.6861|42.7408
15|23|0|0|2.9|20.4|135|68.2|53.7|0.02|0.07|43.6888|42.7408
15|24|0|45|4.4|20.4|135|67.4|53.6|0.02|0.07|43.6879|42.356
15|25|0|135|1.6|20.4|135|68.3|53.5|0.02|0.07|43.6901|42.7408
15|27|0|90|1.5|20.4|135|68.4|53.5|0.02|0.07|43.6879|42.7408
15|28|0|45|3.2|20.4|135|68.6|53.4|0.02|0.07|43.6883|42.7408
15|29|0|90|2.9|20.4|135|68.1|53.4|0.02|0.07|43.6897|42.7408
15|30|0|45|2.9|20.4|135|68.5|53.4|0.02|0.07|43.6923|42.7408
15|32|0|90|2.9|20.4|135|70.0|53.4|0.02|0.07|43.6922|43.4955
15|33|0|90|1.6|20.4|135|70.5|53.5|0.02|0.07|43.6926|43.4955
15|36|0|90|2.9|20.4|135|67.2|53.5|0.02|0.07|43.69|42.356
15|37|0|90|1.5|20.4|135|68.6|53.6|0.02|0.07|43.6931|42.7408
15|38|0|180|1.6|20.4|135|67.5|53.6|0.02|0.07|43.6883|42.356
15|39|0|135|1.5|20.4|135|67.6|53.7|0.02|0.07|43.6841|42.356
15|40|0|45|1.6|20.4|135|66.8|53.9|0.02|0.07|43.6718|41.9662
15|41|0|90|1.5|20.4|135|68.1|54.4|0.02|0.07|43.6748|43.6955
15|42|0|90|1.6|20.4|135|66.4|54.6|0.02|0.07|43.6757|42.9175
15|44|0|135|2.9|20.4|135|66.3|55.5|0.02|0.07|43.6743|43.8687
15|45|0|90|4.4|20.4|135|63.9|56.0|0.02|0.07|43.6725|43.6025
15|46|0|90|1.5|20.4|135|62.7|56.3|0.02|0.07|43.6706|43.1854
15|48|0|135|5.8|20.4|135|65.4|56.6|0.02|0.07|43.6683|44.4196
15|49|0|225|1.6|20.4|135|65.3|57.1|0.02|0.07|43.6689|45.3688
15|50|0|135|3.2|20.4|135|63.9|57.5|0.02|0.07|43.6643|44.5482
15|51|0|180|2.9|20.4|135|60.3|57.9|0.02|0.07|43.6629|43.2733
15|52|0|90|3.2|20.4|135|61.2|58.2|0.02|0.07|43.6656|44.6464
15|53|0|135|4.4|20.4|135|62.6|58.5|0.02|0.07|43.6679|45.0731
15|54|0|180|3.2|20.4|135|62.3|58.9|0.02|0.07|43.6692|45.0731
15|55|0|135|2.9|20.4|135|62.7|59.1|0.02|0.07|43.674|46.0168
15|56|0|315|1.5|20.4|135|58.4|59.3|0.02|0.07|43.6717|44.2643
15|57|0|158|0.0|20.4|135|60.4|59.7|0.01|0.07|43.6669|45.1534
15|58|0|180|2.9|20.4|135|58.5|60.0|0.01|0.07|43.6651|45.2004
15|59|0|135|0.0|20.4|135|56.1|60.3|0.01|0.07|43.666|44.2799
16|01|0|45|3.2|20.4|135|56.5|60.7|0.01|0.07|43.6684|44.2799
16|02|0|45|1.5|20.4|135|56.4|60.9|0.01|0.07|43.6695|44.2799
16|04|0|135|1.5|20.4|135|55.0|61.4|0.01|0.07|43.6686|44.7388
16|05|0|135|2.9|20.4|135|55.2|61.5|0.01|0.07|43.6699|44.7388
16|06|0|90|2.9|20.4|135|54.0|61.6|0.01|0.07|43.6678|44.2581
16|07|0|45|2.9|20.4|135|53.4|61.7|0.01|0.07|43.6677|43.7694
16|08|0|45|2.9|20.4|135|51.3|61.8|0.01|0.07|43.6694|42.7671
16|11|0|45|1.5|20.4|135|50.7|61.9|0.01|0.07|43.6695|42.253
16|12|0|45|0.0|20.4|135|49.4|62.2|0.01|0.07|43.671|42.6468
16|13|0|45|0.0|20.4|135|48.6|62.3|0.01|0.07|43.6716|42.1118
16|14|0|45|1.5|20.4|135|48.2|62.5|0.01|0.07|43.6701|42.1118
16|15|0|315|0.0|20.4|135|48.9|62.5|0.01|0.07|43.6771|42.1118
16|17|0|45|5.8|20.4|135|48.8|62.2|0.01|0.07|43.6817|42.1118
16|18|0|68|2.9|20.4|135|47.6|62.0|0.01|0.07|43.6739|41.5668
16|19|0|225|1.6|20.4|135|48.1|62.2|0.00|0.07|43.6781|42.1118
16|20|0|45|1.5|20.4|135|49.2|62.2|0.00|0.07|43.6754|42.6468
16|22|0|45|2.9|20.4|135|50.1|62.4|0.00|0.07|43.6741|43.1724
16|24|0|45|0.0|20.4|135|48.1|62.8|0.00|0.07|43.671|42.1118
16|25|0|90|3.2|20.4|135|49.2|63.0|0.00|0.07|43.6758|43.5639
16|27|0|180|4.8|20.4|135|48.1|63.3|0.00|0.07|43.6731|43.0266
16|28|0|90|4.4|20.4|135|47.5|63.6|0.00|0.07|43.6782|42.4793
16|29|0|45|2.9|20.4|135|46.7|63.6|0.00|0.07|43.6776|41.9217
16|30|0|90|2.9|20.4|135|45.8|63.7|0.00|0.07|43.6793|41.3533
16|31|0|90|4.4|20.4|135|45.7|63.6|0.00|0.07|43.6799|41.3533
16|32|0|90|0.0|20.4|135|45.8|63.8|0.00|0.07|43.6814|41.3533
16|33|0|45|2.9|20.4|135|47.0|63.8|0.00|0.07|43.6866|42.4793
16|34|0|0|2.9|20.4|135|45.1|63.6|0.00|0.07|43.6859|41.3533
16|36|0|45|4.4|20.4|135|46.1|63.4|0.00|0.07|43.6877|41.9217
16|37|0|90|1.6|20.4|135|45.3|63.4|0.00|0.07|43.6892|41.3533
16|38|0|23|1.6|20.4|135|47.4|63.0|0.00|0.07|43.6862|42.4793
16|41|0|90|8.0|20.4|135|47.7|61.5|0.00|0.07|43.692|40.6541
16|42|0|90|4.4|20.4|135|47.6|61.0|0.00|0.07|43.6911|40.6541
16|43|0|135|3.2|20.4|135|48.1|60.7|0.00|0.07|43.6891|40.2817
16|44|0|45|1.5|20.4|135|49.2|60.5|0.00|0.07|43.6889|40.8123
16|45|0|90|1.6|20.4|135|51.1|60.3|0.00|0.07|43.6889|41.8454
16|46|0|90|2.9|20.4|135|50.2|60.2|0.00|0.07|43.6893|41.3334
16|47|0|45|4.8|20.4|135|50.0|60.0|0.00|0.07|43.6936|41.3334
16|48|0|45|2.9|20.4|135|49.5|59.8|0.00|0.07|43.6922|39.8947
16|49|0|45|3.2|20.4|135|49.4|59.7|0.00|0.07|43.6942|39.8947
16|50|0|90|1.5|20.4|135|49.8|59.6|0.00|0.07|43.6936|39.8947
16|53|0|113|2.9|20.4|135|49.8|59.6|0.00|0.07|43.6933|39.8947
16|54|0|90|2.9|20.4|135|49.8|59.6|0.00|0.07|43.6937|39.8947
16|55|0|90|3.2|20.4|135|49.0|59.6|0.00|0.07|43.697|39.8947
16|56|0|113|1.5|20.4|135|48.8|59.6|0.00|0.07|43.6971|39.3663
16|57|0|135|1.5|20.4|135|49.1|59.6|0.00|0.07|43.699|39.8947
16|58|0|90|1.5|20.4|135|49.3|59.6|0.00|0.07|43.6971|39.8947
16|59|0|90|5.8|20.4|135|49.0|59.5|0.00|0.07|43.6987|39.8947
17|00|0|45|4.8|20.4|135|49.6|59.6|0.00|0.07|43.6959|39.8947
17|01|0|90|2.9|20.4|135|50.1|59.6|0.00|0.07|43.6986|40.4136
17|02|0|45|4.4|20.4|135|49.2|59.3|0.00|0.07|43.7004|39.8947
17|03|0|135|7.3|20.4|135|50.2|59.2|0.00|0.07|43.6993|40.4136
17|04|0|0|4.4|20.4|135|50.0|59.0|0.00|0.07|43.6982|40.4136
17|05|0|90|2.9|20.4|135|50.9|58.9|0.00|0.07|43.6975|39.4937
17|06|0|0|4.4|20.4|135|54.4|58.8|0.00|0.07|43.6994|41.4736
17|07|0|45|7.3|20.4|135|56.2|58.3|0.00|0.07|43.6973|42.4154
17|08|0|23|7.3|20.4|135|56.8|58.1|0.00|0.07|43.6965|42.4154
17|10|0|45|5.8|20.4|135|57.4|57.5|0.00|0.07|43.7011|41.9409
17|11|0|0|8.7|20.4|135|56.8|57.2|0.00|0.07|43.7033|41.483
17|12|0|45|4.8|20.4|135|57.2|56.9|0.00|0.07|43.7051|41.0063
17|14|0|0|8.7|20.4|135|58.0|56.3|0.00|0.07|43.7099|41.4552
17|15|0|0|10.2|20.4|135|56.6|56.1|0.00|0.07|43.714|40.5503
17|16|0|90|8.7|20.4|135|57.4|55.7|0.00|0.07|43.7125|40.0716
17|17|0|0|8.7|20.4|135|58.6|55.5|0.00|0.07|43.7124|40.5186
17|18|0|0|10.2|20.4|135|60.5|55.2|0.00|0.07|43.7118|41.3926
17|20|0|0|8.1|14.5|0|62.3|54.5|0.00|0.00|43.7109|41.2971
17|21|0|0|13.1|14.5|0|63.7|54.2|0.00|0.00|43.7124|41.7107
17|24|0|0|5.8|16.1|0|66.7|53.6|0.00|0.00|43.7209|41.9662
17|25|0|45|8.7|16.1|0|67.2|53.3|0.00|0.00|43.7198|42.356
17|26|0|0|9.7|16.1|0|68.6|53.0|0.00|0.00|43.7193|42.7408
17|27|0|0|5.8|16.1|0|70.6|52.8|0.00|0.00|43.72|42.5375
17|28|0|0|8.1|16.1|0|70.5|52.6|0.00|0.00|43.7195|42.5375
17|29|0|315|8.7|16.1|0|70.4|52.5|0.00|0.00|43.7234|42.5375
17|30|0|45|5.8|16.1|0|70.1|52.2|0.00|0.00|43.725|42.5375
17|31|0|0|8.7|16.1|0|67.8|52.1|0.00|0.00|43.7251|41.4029
17|32|0|0|8.7|16.1|0|67.7|52.0|0.00|0.00|43.7244|41.4029
17|33|0|0|8.7|16.1|0|67.9|52.0|0.01|0.01|43.727|41.4029
17|34|0|0|4.8|16.1|0|67.2|51.9|0.01|0.01|43.7267|40.4497
17|35|0|0|3.2|16.1|0|67.4|51.9|0.01|0.01|43.7282|40.4497
17|36|0|0|1.5|16.1|0|67.6|51.9|0.01|0.01|43.7282|40.4497
17|37|0|315|0.0|16.1|0|68.2|52.0|0.01|0.01|43.7264|41.786
17|39|0|0|2.9|16.1|0|68.4|52.0|0.01|0.01|43.7282|41.786
17|40|0|315|2.9|16.1|0|67.9|52.0|0.01|0.01|43.7281|41.4029
17|41|0|315|2.9|16.1|0|69.8|52.0|0.01|0.01|43.7284|42.1641
17|42|0|270|0.0|16.1|0|70.7|52.0|0.01|0.01|43.728|42.5375
17|44|0|180|4.4|16.1|0|68.8|52.0|0.02|0.02|43.7222|41.786
17|45|0|180|2.9|16.1|0|62.6|52.0|0.02|0.02|43.7131|39.4084
17|46|0|180|1.5|16.1|0|64.3|52.1|0.02|0.02|43.7116|40.2227
17|47|0|158|3.2|16.1|0|66.1|52.2|0.02|0.02|43.7137|41.0148
17|48|0|23|0.0|16.1|0|66.6|52.2|0.02|0.02|43.7138|41.0148
17|49|0|0|2.9|16.1|0|66.7|52.2|0.02|0.02|43.7146|41.0148
17|50|0|0|2.9|16.1|0|64.5|52.2|0.02|0.02|43.7163|40.2227
17|51|0|0|1.6|16.1|0|63.7|52.2|0.02|0.02|43.7173|39.8184
17|53|0|0|1.5|16.1|0|63.5|52.4|0.02|0.02|43.7158|39.8184
17|54|0|180|0.0|16.1|0|65.7|52.4|0.02|0.02|43.7134|40.6214
17|58|0|180|1.5|16.1|0|72.6|52.6|0.02|0.02|43.7098|43.2702
17|59|0|180|1.5|16.1|0|73.2|52.7|0.02|0.02|43.7103|43.6299
18|00|0|180|0.0|16.1|0|71.4|52.8|0.02|0.02|43.7105|42.9061
18|01|0|180|0.0|16.1|0|70.0|52.9|0.02|0.02|43.7107|42.5375
18|03|0|0|1.5|16.1|0|70.3|53.2|0.02|0.02|43.7117|43.4955
18|04|0|0|2.9|16.1|0|69.5|53.5|0.02|0.02|43.7132|43.1206
18|06|0|0|0.0|16.1|0|63.7|53.7|0.02|0.02|43.7131|40.7646
18|08|0|180|0.0|16.1|0|62.1|53.9|0.02|0.02|43.7119|40.3529
18|09|0|135|2.9|16.1|0|63.8|54.0|0.02|0.02|43.7091|41.7107
18|10|0|180|4.4|16.1|0|61.7|54.0|0.02|0.02|43.7069|40.8777
18|11|0|225|2.9|16.1|0|63.5|54.3|0.02|0.02|43.708|41.7107
18|13|0|270|0.0|16.1|0|63.8|54.4|0.02|0.02|43.7041|41.7107
18|15|0|315|0.0|16.1|0|65.9|54.8|0.02|0.02|43.7053|42.5207
18|16|0|135|0.0|16.1|0|66.6|55.1|0.02|0.02|43.7064|43.8687
18|17|0|135|3.2|16.1|0|64.9|55.3|0.02|0.02|43.7054|43.0662
18|18|0|180|2.9|16.1|0|62.1|55.5|0.02|0.02|43.7089|42.2413
18|19|0|225|1.5|16.1|0|60.5|55.7|0.02|0.02|43.7074|41.3926
18|20|0|180|4.8|16.1|0|61.1|55.8|0.02|0.02|43.7048|41.82
18|21|0|225|1.5|16.1|0|59.3|56.1|0.02|0.02|43.7034|41.8974
18|22|0|180|1.5|16.1|0|61.0|56.3|0.02|0.02|43.7061|42.7623
18|23|0|113|1.5|16.1|0|59.8|56.4|0.02|0.02|43.7046|41.8974
18|24|0|270|0.0|16.1|0|59.2|56.6|0.02|0.02|43.7065|41.8974
18|26|0|270|0.0|16.1|0|61.1|56.9|0.02|0.02|43.7026|42.7623
18|27|0|180|2.9|16.1|0|61.4|57.1|0.02|0.02|43.7004|43.7044
18|28|0|135|2.9|16.1|0|56.2|57.3|0.02|0.02|43.7011|41.483
18|29|0|180|3.2|16.1|0|55.2|57.3|0.02|0.02|43.6987|41.0178
18|30|0|180|2.9|16.1|0|55.2|57.5|0.02|0.02|43.6988|41.0178
18|31|0|180|4.8|16.1|0|54.5|57.5|0.02|0.02|43.6991|40.5451
18|33|0|113|2.9|16.1|0|55.8|57.8|0.01|0.02|43.6995|41.0178
18|35|0|180|2.9|16.1|0|54.3|57.9|0.01|0.02|43.6931|40.5451
18|36|0|135|1.5|16.1|0|53.8|58.1|0.01|0.02|43.694|40.9911
18|37|0|135|2.9|16.1|0|55.1|58.2|0.01|0.02|43.6947|41.9483
18|38|0|135|2.9|16.1|0|54.1|58.3|0.01|0.02|43.6933|41.4736
18|39|0|135|0.0|16.1|0|54.4|58.4|0.01|0.02|43.6933|41.4736
18|40|0|180|2.9|16.1|0|55.0|58.5|0.01|0.02|43.695|41.9483
18|41|0|135|1.5|16.1|0|54.7|58.7|0.01|0.02|43.6929|41.4736
18|42|0|90|1.5|16.1|0|55.5|58.8|0.01|0.02|43.6931|41.9483
18|43|0|90|0.0|16.1|0|56.3|58.9|0.01|0.02|43.6945|42.4154
18|44|0|90|2.9|16.1|0|55.2|59.0|0.00|0.02|43.6941|42.8786
18|45|0|180|1.5|16.1|0|55.2|59.2|0.00|0.02|43.698|42.8786
18|46|0|45|1.5|16.1|0|56.3|59.2|0.00|0.02|43.698|43.3478
18|47|0|90|2.9|16.1|0|57.3|59.3|0.00|0.02|43.6988|43.8096
18|48|0|90|1.5|16.1|0|55.5|59.3|0.00|0.02|43.7012|42.8786
18|50|0|45|1.6|16.1|0|55.7|59.2|0.00|0.02|43.7009|42.8786
18|51|0|90|1.5|16.1|0|57.5|59.2|0.00|0.02|43.7019|43.8096
18|53|0|135|3.2|16.1|0|57.1|59.2|0.00|0.02|43.7019|43.8096
18|54|0|135|1.5|16.1|0|56.0|59.2|0.00|0.02|43.7033|43.3478
18|56|0|135|1.5|16.1|0|56.0|59.0|0.00|0.02|43.7034|43.3478
18|57|0|90|2.9|16.1|0|55.4|58.9|0.00|0.02|43.7032|41.9483
18|58|0|45|2.9|16.1|0|55.6|58.8|0.00|0.02|43.7021|41.9483
18|59|0|90|5.8|16.1|0|55.2|58.7|0.00|0.02|43.7005|41.9483
19|00|0|135|4.8|16.1|0|54.4|58.3|0.00|0.02|43.6985|41.4736
19|01|0|45|2.9|16.1|0|55.2|58.2|0.00|0.02|43.7002|41.9483
19|02|0|45|0.0|16.1|0|56.4|58.2|0.00|0.02|43.7009|42.4154
19|05|0|68|3.2|16.1|0|56.9|58.2|0.00|0.02|43.7018|42.4154
19|07|0|45|1.5|16.1|0|55.8|58.0|0.00|0.02|43.7066|41.9483
19|08|0|90|2.9|16.1|0|56.2|57.9|0.00|0.02|43.7094|41.483
19|09|0|90|2.9|16.1|0|56.1|57.7|0.00|0.02|43.7146|41.483
19|10|0|68|1.6|16.1|0|54.7|57.5|0.00|0.02|43.7157|40.5451
19|11|0|45|0.0|16.1|0|55.0|57.4|0.00|0.02|43.7147|41.0178
19|12|0|90|2.9|16.1|0|55.5|57.4|0.00|0.02|43.714|41.0178
19|13|0|90|0.0|16.1|0|55.9|57.4|0.00|0.02|43.715|41.0178
19|14|0|90|3.2|16.1|0|56.0|57.4|0.00|0.02|43.7157|41.483
19|15|0|90|1.6|16.1|0|56.1|57.4|0.00|0.02|43.7156|41.483
19|17|0|90|1.5|16.1|0|56.7|57.5|0.00|0.02|43.7172|41.483
19|18|0|90|1.6|16.1|0|57.5|57.5|0.00|0.02|43.7161|41.9409
19|19|0|90|0.0|16.1|0|57.3|57.5|0.00|0.02|43.717|41.9409
19|20|0|90|1.5|16.1|0|57.2|57.5|0.00|0.02|43.7172|41.9409
19|21|0|90|1.5|16.1|0|56.2|57.5|0.00|0.02|43.714|41.483
19|22|0|135|0.0|16.1|0|57.0|57.7|0.00|0.02|43.7148|41.9409
19|24|0|68|1.6|16.1|0|56.1|57.8|0.00|0.02|43.7126|41.483
19|26|0|90|3.2|16.1|0|55.5|57.8|0.00|0.02|43.7137|41.0178
19|27|0|180|1.5|16.1|0|55.2|57.8|0.00|0.02|43.7166|41.0178
19|28|0|45|1.5|16.1|0|55.3|57.7|0.00|0.02|43.7168|41.0178
19|29|0|45|1.5|16.1|0|55.7|57.5|0.00|0.02|43.717|41.0178
19|30|0|90|1.5|16.1|0|55.1|57.4|0.00|0.02|43.7187|41.0178
19|31|0|90|1.6|16.1|0|54.8|57.2|0.00|0.02|43.7193|40.5451
19|32|0|90|1.5|16.1|0|54.3|57.1|0.00|0.02|43.719|40.5451
19|33|0|45|1.6|16.1|0|53.8|56.9|0.00|0.02|43.7205|39.1381
19|34|0|90|1.5|16.1|0|54.3|56.6|0.00|0.02|43.7218|39.6165
19|35|0|90|1.5|16.1|0|54.8|56.5|0.00|0.02|43.7226|39.6165
19|37|0|45|0.0|16.1|0|55.4|56.3|0.00|0.02|43.7261|40.0872
19|39|0|45|1.5|16.1|0|56.1|56.1|0.00|0.02|43.7243|40.5503
19|41|0|90|1.5|16.1|0|56.8|56.1|0.00|0.02|43.7269|40.5503
19|42|0|90|2.9|16.1|0|57.2|56.0|0.00|0.02|43.7258|41.0063
19|43|0|90|3.2|16.1|0|56.8|55.8|0.00|0.02|43.7265|39.6176
19|44|0|90|1.5|16.1|0|57.4|55.7|0.00|0.02|43.7249|40.0716
19|45|0|90|0.0|16.1|0|57.5|55.6|0.00|0.02|43.7251|40.0716
19|46|0|90|1.6|16.1|0|57.8|55.5|0.00|0.02|43.7241|40.0716
19|47|0|90|1.5|16.1|0|58.0|55.4|0.00|0.02|43.7243|40.5186
19|48|0|90|1.5|16.1|0|58.1|55.3|0.00|0.02|43.7238|40.5186
19|49|0|90|1.5|16.1|0|58.3|55.3|0.00|0.02|43.7244|40.5186
19|50|0|90|1.5|16.1|0|58.1|55.2|0.00|0.02|43.7242|40.5186
19|51|0|90|1.6|16.1|0|58.3|55.1|0.00|0.02|43.726|40.5186
19|53|0|90|1.6|16.1|0|58.1|55.1|0.00|0.02|43.7278|40.5186
19|54|0|90|1.5|16.1|0|58.4|55.0|0.00|0.02|43.7261|40.5186
19|55|0|90|1.6|16.1|0|58.7|55.0|0.00|0.02|43.7269|40.5186
19|56|0|90|2.9|16.1|0|58.8|54.8|0.00|0.02|43.7264|39.5818
19|57|0|90|3.2|16.1|0|59.1|54.7|0.00|0.02|43.7291|40.0202
19|59|0|68|3.2|16.1|0|59.0|54.5|0.00|0.02|43.7316|40.0202
20|00|0|90|2.9|16.1|0|59.2|54.4|0.00|0.02|43.7344|40.0202
20|01|0|90|2.9|16.1|0|59.6|54.4|0.00|0.02|43.7361|40.0202
20|02|0|90|2.9|16.1|0|59.7|54.3|0.00|0.02|43.7377|40.0202
20|03|0|90|1.5|16.1|0|59.7|54.3|0.00|0.02|43.738|40.0202
20|04|0|90|1.5|16.1|0|59.9|54.2|0.00|0.02|43.7398|40.0202
20|05|0|90|1.5|16.1|0|59.9|54.2|0.00|0.02|43.7411|40.0202
20|06|0|45|1.5|16.1|0|60.2|54.2|0.00|0.02|43.7407|40.4521
20|07|0|90|1.5|16.1|0|60.2|54.0|0.00|0.02|43.7404|40.4521
20|08|0|90|0.0|16.1|0|60.1|54.0|0.00|0.02|43.7422|40.4521
20|10|0|90|0.0|16.1|0|60.1|54.0|0.00|0.02|43.7419|40.4521
20|11|0|90|1.5|16.1|0|60.2|54.0|0.00|0.02|43.7427|40.4521
20|12|0|90|1.6|16.1|0|60.4|54.0|0.00|0.02|43.7452|40.4521
20|13|0|90|0.0|16.1|0|60.6|54.0|0.00|0.02|43.7452|40.4521
20|14|0|90|1.6|16.1|0|60.6|53.9|0.00|0.02|43.7452|39.5115
20|16|0|45|1.5|16.1|0|60.9|53.8|0.00|0.02|43.7461|39.5115
20|17|0|90|1.5|16.1|0|61.1|53.7|0.00|0.02|43.7446|39.9352
20|18|0|90|0.0|16.1|0|61.2|53.7|0.00|0.02|43.7466|39.9352
20|19|0|90|1.5|16.1|0|61.4|53.7|0.00|0.02|43.7472|39.9352
20|20|0|90|0.0|16.1|0|61.6|53.6|0.00|0.02|43.7471|39.9352
20|21|0|90|0.0|16.1|0|61.7|53.5|0.00|0.02|43.7446|39.9352
20|22|0|90|1.5|16.1|0|61.8|53.5|0.00|0.02|43.7445|39.9352
20|23|0|90|1.6|16.1|0|62.0|53.5|0.00|0.02|43.7448|40.3529
20|24|0|90|0.0|16.1|0|62.1|53.4|0.00|0.02|43.7462|40.3529
20|25|0|90|0.0|16.1|0|62.7|53.4|0.00|0.02|43.7469|40.3529
20|26|0|90|0.0|16.1|0|62.5|53.4|0.00|0.02|43.7473|40.3529
20|28|0|90|0.0|16.1|0|62.7|53.3|0.00|0.02|43.7496|40.3529
20|30|0|90|0.0|16.1|0|62.7|53.3|0.00|0.02|43.7491|40.3529
20|31|0|90|0.0|16.1|0|62.7|53.2|0.00|0.02|43.7519|40.3529
20|32|0|90|1.5|16.1|0|62.9|53.2|0.00|0.02|43.752|40.3529
20|33|0|90|0.0|16.1|0|63.7|53.2|0.00|0.02|43.7544|40.7646
20|34|0|90|0.0|16.1|0|64.2|53.0|0.00|0.02|43.7545|41.1706
20|35|0|90|0.0|16.1|0|64.8|52.9|0.00|0.02|43.7563|40.2227
20|37|0|90|1.5|16.1|0|64.9|52.8|0.00|0.02|43.7593|40.2227
20|38|0|90|0.0|16.1|0|64.7|52.7|0.00|0.02|43.76|40.2227
20|39|0|90|0.0|16.1|0|64.6|52.6|0.00|0.02|43.7605|40.2227
20|41|0|0|0.0|16.1|0|64.9|52.5|0.00|0.02|43.7684|40.2227
20|42|0|0|0.0|16.1|0|65.0|52.4|0.00|0.02|43.7722|40.6214
20|43|0|0|0.0|16.1|0|65.4|52.2|0.00|0.02|43.773|40.6214
20|47|0|0|0.0|16.1|0|65.9|52.1|0.00|0.02|43.7786|40.6214
20|48|0|0|0.0|16.1|0|65.9|52.0|0.00|0.02|43.7792|40.6214
20|49|0|0|1.5|16.1|0|65.8|51.9|0.00|0.02|43.7802|39.6716
20|50|0|0|0.0|16.1|0|65.7|51.9|0.00|0.02|43.784|39.6716
20|51|0|45|1.5|16.1|0|65.7|51.8|0.00|0.02|43.7824|39.6716
20|52|0|45|1.5|16.1|0|65.7|51.8|0.00|0.02|43.7859|39.6716
20|53|0|45|0.0|16.1|0|66.1|51.7|0.00|0.02|43.7884|40.0633
20|54|0|45|0.0|16.1|0|66.6|51.7|0.00|0.02|43.7896|40.0633
20|55|0|90|0.0|16.1|0|67.1|51.6|0.00|0.02|43.79|40.4497
20|56|0|90|0.0|16.1|0|67.4|51.5|0.00|0.02|43.7917|40.4497
20|58|0|90|0.0|16.1|0|67.7|51.5|0.00|0.02|43.7954|40.4497
20|59|0|90|0.0|16.1|0|67.8|51.3|0.00|0.02|43.7948|40.4497
21|00|0|90|0.0|16.1|0|67.9|51.3|0.00|0.02|43.7949|40.4497
21|01|0|90|0.0|16.1|0|68.2|51.2|0.00|0.02|43.7958|40.8311
21|02|0|90|0.0|16.1|0|68.1|51.2|0.00|0.02|43.7977|40.8311
21|03|0|90|0.0|16.1|0|68.2|51.2|0.00|0.02|43.799|40.8311
21|04|0|90|0.0|16.1|0|68.4|51.1|0.00|0.02|43.8005|40.8311
21|05|0|90|0.0|16.1|0|68.5|51.1|0.00|0.02|43.8002|40.8311
21|06|0|90|0.0|16.1|0|68.7|51.1|0.00|0.02|43.8013|40.8311
21|07|0|90|0.0|16.1|0|68.9|51.1|0.00|0.02|43.8016|40.8311
21|08|0|90|0.0|16.1|0|68.8|51.1|0.00|0.02|43.8029|40.8311
21|09|0|90|0.0|16.1|0|69.0|51.0|0.00|0.02|43.8012|41.2076
21|11|0|90|1.6|16.1|0|69.2|50.9|0.00|0.02|43.8017|40.251
21|12|0|90|0.0|16.1|0|69.1|50.8|0.00|0.02|43.8012|40.251
21|13|0|90|0.0|16.1|0|69.3|50.8|0.00|0.02|43.8034|40.251
21|14|0|90|0.0|16.1|0|69.4|50.8|0.00|0.02|43.8052|40.251
21|15|0|90|0.0|16.1|0|69.5|50.7|0.00|0.02|43.8048|40.251
21|17|0|225|0.0|16.1|0|70.2|50.6|0.00|0.02|43.8092|40.621
21|18|0|180|1.5|16.1|0|70.6|50.5|0.00|0.02|43.8098|40.621
21|19|0|225|1.6|16.1|0|71.1|50.3|0.00|0.02|43.8095|40.9865
21|20|0|225|1.5|16.1|0|71.6|50.2|0.00|0.02|43.8125|40.9865
21|21|0|225|1.5|16.1|0|71.8|50.2|0.00|0.02|43.8157|40.9865
21|22|0|225|0.0|16.1|0|72.0|50.1|0.00|0.02|43.8153|41.3474
21|23|0|225|0.0|16.1|0|72.2|50.0|0.00|0.02|43.816|41.3474
21|24|0|225|1.5|16.1|0|72.3|50.0|0.00|0.02|43.8176|41.3474
21|25|0|225|0.0|16.1|0|72.6|49.9|0.00|0.02|43.8184|40.3859
21|26|0|225|0.0|16.1|0|72.6|49.8|0.00|0.02|43.8179|40.3859
21|28|0|225|0.0|16.1|0|72.8|49.8|0.00|0.02|43.8181|40.3859
21|29|0|225|0.0|16.1|0|72.7|49.7|0.00|0.02|43.818|40.3859
21|30|0|225|0.0|16.1|0|72.6|49.7|0.00|0.02|43.8179|40.3859
21|31|0|225|0.0|16.1|0|72.2|49.5|0.00|0.02|43.8188|40.3859
21|32|0|225|0.0|16.1|0|72.0|49.5|0.00|0.02|43.8217|40.3859
21|33|0|225|0.0|16.1|0|72.2|49.4|0.00|0.02|43.8189|40.3859
21|34|0|225|0.0|16.1|0|73.0|49.4|0.00|0.02|43.8195|40.7408
21|35|0|225|0.0|16.1|0|73.4|49.3|0.00|0.02|43.8191|40.7408
21|37|0|225|1.6|16.1|0|73.7|49.2|0.00|0.02|43.8186|40.7408
21|38|0|225|0.0|16.1|0|73.8|49.2|0.00|0.02|43.8187|40.7408
21|39|0|225|0.0|16.1|0|74.0|49.2|0.00|0.02|43.8184|41.0915
21|41|0|315|1.5|16.1|0|74.5|49.1|0.00|0.02|43.8185|41.0915
21|42|0|315|0.0|16.1|0|74.6|49.0|0.00|0.02|43.818|41.0915
21|44|0|315|0.0|16.1|0|74.4|49.0|0.00|0.02|43.8191|41.0915
21|45|0|315|0.0|16.1|0|74.3|48.9|0.00|0.02|43.8196|40.1268
21|46|0|180|0.0|16.1|0|74.4|48.8|0.00|0.02|43.8223|40.1268
21|47|0|180|0.0|16.1|0|74.9|48.7|0.00|0.02|43.8214|40.1268
21|48|0|180|0.0|16.1|0|75.0|48.5|0.00|0.02|43.8242|40.4718
21|49|0|180|0.0|16.1|0|75.3|48.4|0.00|0.02|43.8252|40.4718
21|50|0|180|0.0|16.1|0|75.6|48.3|0.00|0.02|43.8262|40.4718
21|51|0|180|0.0|16.1|0|76.1|48.2|0.00|0.02|43.8282|40.8128
21|52|0|180|0.0|16.1|0|76.4|48.2|0.00|0.02|43.8281|40.8128
21|53|0|180|0.0|16.1|0|76.6|48.1|0.00|0.02|43.8296|40.8128
21|55|0|180|0.0|16.1|0|76.6|48.1|0.00|0.02|43.826|40.8128
21|56|0|180|0.0|16.1|0|76.8|48.0|0.00|0.02|43.8281|40.8128
21|57|0|90|0.0|16.1|0|76.9|48.1|0.00|0.02|43.8297|40.8128
21|58|0|90|1.5|16.1|0|76.9|48.0|0.00|0.02|43.8284|40.8128
21|59|0|90|0.0|16.1|0|76.9|48.0|0.00|0.02|43.827|40.8128
22|00|0|90|0.0|16.1|0|77.1|47.9|0.00|0.02|43.8289|40.1805
22|01|0|90|0.0|16.1|0|77.2|47.9|0.00|0.02|43.8297|40.1805
22|02|0|135|0.0|16.1|0|77.4|47.9|0.00|0.02|43.8279|40.1805
22|03|0|135|0.0|16.1|0|77.6|47.9|0.00|0.02|43.8284|40.1805
22|04|0|135|0.0|16.1|0|77.8|47.9|0.00|0.02|43.8283|40.1805
22|05|0|135|0.0|16.1|0|77.9|47.9|0.00|0.02|43.8266|40.1805
22|06|0|90|0.0|16.1|0|77.9|47.9|0.00|0.02|43.8277|40.1805
22|07|0|90|0.0|16.1|0|77.9|47.9|0.00|0.02|43.8274|40.1805
22|08|0|90|1.6|16.1|0|77.8|47.7|0.00|0.02|43.8279|40.1805
22|09|0|68|1.5|16.1|0|77.7|47.9|0.00|0.02|43.8302|40.1805
22|10|0|68|0.0|16.1|0|77.7|47.7|0.00|0.02|43.8284|40.1805
22|11|0|68|0.0|16.1|0|77.5|47.7|0.00|0.02|43.8298|40.1805
22|13|0|45|1.6|16.1|0|77.4|47.7|0.00|0.02|43.8307|40.1805
22|14|0|45|1.5|16.1|0|77.4|47.7|0.00|0.02|43.8302|40.1805
22|15|0|45|0.0|16.1|0|77.3|47.7|0.00|0.02|43.8316|40.1805
22|16|0|45|0.0|16.1|0|77.9|47.6|0.00|0.02|43.8316|40.1805
22|17|0|45|1.5|16.1|0|78.3|47.6|0.00|0.02|43.8315|40.5122
22|18|0|45|1.6|16.1|0|78.4|47.6|0.00|0.02|43.8327|40.5122
22|19|0|45|0.0|16.1|0|78.7|47.6|0.00|0.02|43.8332|40.5122
22|20|0|90|0.0|16.1|0|78.6|47.6|0.00|0.02|43.8332|40.5122
22|22|0|90|0.0|16.1|0|77.8|47.6|0.00|0.02|43.8317|40.1805
22|23|0|90|0.0|16.1|0|77.6|47.7|0.00|0.02|43.8346|40.1805
22|24|0|135|0.0|16.1|0|77.4|47.6|0.00|0.02|43.8347|40.1805
22|26|0|135|1.5|16.1|0|77.3|47.5|0.00|0.02|43.835|40.1805
22|29|0|135|0.0|16.1|0|77.6|47.5|0.00|0.02|43.8387|40.1805
22|30|0|135|0.0|16.1|0|77.5|47.4|0.00|0.02|43.8403|40.1805
22|31|0|135|0.0|16.1|0|77.4|47.3|0.00|0.02|43.842|40.1805
22|32|0|135|0.0|16.1|0|77.3|47.3|0.00|0.02|43.8417|40.1805
22|33|0|90|1.6|16.1|0|77.4|47.2|0.00|0.02|43.8426|40.1805
22|34|0|90|1.5|16.1|0|77.4|47.2|0.00|0.02|43.8457|40.1805
22|35|0|90|0.0|16.1|0|77.4|47.2|0.00|0.02|43.8457|40.1805
22|36|0|90|1.5|16.1|0|77.4|47.1|0.00|0.02|43.8453|40.1805
22|37|0|90|2.9|16.1|0|77.5|47.1|0.00|0.02|43.8476|40.1805
22|38|0|135|2.9|16.1|0|77.8|47.0|0.00|0.02|43.8456|40.1805
22|39|0|90|1.5|16.1|0|77.9|46.8|0.00|0.02|43.8464|39.2111
22|40|0|90|1.5|16.1|0|78.0|46.8|0.00|0.02|43.8482|39.5413
22|45|0|90|1.5|16.1|0|77.4|46.7|0.00|0.02|43.8446|39.2111
22|46|0|90|1.6|16.1|0|77.0|46.7|0.00|0.02|43.8474|39.2111
22|47|0|90|1.5|16.1|0|76.8|46.7|0.00|0.02|43.8478|38.877
22|49|0|90|1.5|16.1|0|76.6|46.7|0.00|0.02|43.8452|38.877
22|50|0|90|0.0|16.1|0|76.3|47.0|0.00|0.02|43.8448|39.8449
22|51|0|90|0.0|16.1|0|76.1|47.0|0.00|0.02|43.8459|39.8449
22|52|0|90|0.0|16.1|0|76.0|47.0|0.00|0.02|43.8459|39.8449
22|53|0|90|0.0|16.1|0|75.7|47.0|0.00|0.02|43.8458|39.5055
22|54|0|90|0.0|16.1|0|75.4|47.0|0.00|0.02|43.8481|39.5055
22|55|0|90|0.0|16.1|0|75.0|46.8|0.00|0.02|43.8488|38.539
22|56|0|90|1.5|16.1|0|74.5|46.8|0.00|0.02|43.8489|38.1971
22|57|0|90|0.0|16.1|0|74.2|46.8|0.00|0.02|43.851|38.1971
22|58|0|45|0.0|16.1|0|74.2|46.7|0.00|0.02|43.8517|38.1971
22|59|0|90|1.5|16.1|0|74.2|46.7|0.00|0.02|43.8529|38.1971
23|00|0|90|0.0|16.1|0|74.0|46.7|0.00|0.02|43.8528|38.1971
23|01|0|90|0.0|16.1|0|73.9|46.7|0.00|0.02|43.8539|37.851
23|03|0|90|0.0|16.1|0|74.0|46.6|0.00|0.02|43.8537|38.1971
23|04|0|45|0.0|16.1|0|74.2|46.7|0.00|0.02|43.8552|38.1971
23|05|0|45|0.0|16.1|0|74.7|46.7|0.00|0.02|43.8551|38.1971
23|06|0|45|0.0|16.1|0|75.1|46.6|0.00|0.02|43.8539|38.539
23|07|0|45|0.0|16.1|0|75.3|46.6|0.00|0.02|43.8545|38.539
23|08|0|45|0.0|16.1|0|75.5|46.6|0.00|0.02|43.8549|38.539
23|09|0|45|1.5|16.1|0|75.5|46.6|0.00|0.02|43.856|38.539
23|10|0|45|1.5|16.1|0|75.4|46.6|0.00|0.02|43.8545|38.539
23|11|0|45|1.5|16.1|0|75.8|46.6|0.00|0.02|43.8565|38.539
23|12|0|45|1.6|16.1|0|76.5|46.6|0.00|0.02|43.8568|38.877
23|13|0|45|1.5|16.1|0|76.8|46.6|0.00|0.02|43.8562|38.877
23|14|0|45|1.5|16.1|0|76.8|46.6|0.00|0.02|43.8563|38.877
23|15|0|45|1.5|16.1|0|76.7|46.6|0.00|0.02|43.8573|38.877
23|17|0|45|0.0|16.1|0|76.6|46.5|0.00|0.02|43.856|38.877
23|18|0|45|0.0|16.1|0|76.5|46.5|0.00|0.02|43.858|38.877
23|19|0|45|0.0|16.1|0|76.4|46.5|0.00|0.02|43.8573|38.877
23|20|0|45|0.0|16.1|0|76.5|46.4|0.00|0.02|43.8573|38.877
23|21|0|45|0.0|16.1|0|76.5|46.4|0.00|0.02|43.8568|38.877
23|22|0|45|0.0|16.1|0|76.6|46.3|0.00|0.02|43.8597|38.877
23|23|0|45|0.0|16.1|0|76.8|46.2|0.00|0.02|43.8572|38.877
23|25|0|90|1.5|16.1|0|77.2|46.1|0.00|0.02|43.8574|39.2111
23|26|0|90|0.0|16.1|0|76.9|46.1|0.00|0.02|43.8564|38.877
23|27|0|90|1.6|16.1|0|76.9|46.0|0.00|0.02|43.8569|38.877
23|28|0|68|1.5|16.1|0|77.2|46.0|0.00|0.02|43.8563|39.2111
23|30|0|90|4.4|16.1|0|75.9|45.8|0.00|0.02|43.8555|37.5725
23|31|0|90|2.9|16.1|0|74.3|45.7|0.00|0.02|43.8538|37.2321
23|32|0|90|5.8|16.1|0|73.3|45.8|0.00|0.02|43.856|36.8876
23|33|0|113|3.2|16.1|0|72.6|45.7|0.00|0.02|43.8539|36.5388
23|34|0|90|4.4|16.1|0|72.0|45.8|0.00|0.02|43.8557|36.5388
23|35|0|90|3.2|16.1|0|71.4|45.8|0.00|0.02|43.8555|36.1858
23|36|0|45|2.9|16.1|0|70.9|46.0|0.00|0.02|43.8589|36.7871
23|37|0|90|4.4|16.1|0|70.7|46.1|0.00|0.02|43.8593|36.7871
23|38|0|0|1.5|16.1|0|70.6|46.1|0.00|0.02|43.8599|36.7871
23|39|0|135|3.2|16.1|0|70.5|46.2|0.00|0.02|43.8603|36.7871
23|41|0|90|0.0|16.1|0|70.3|46.2|0.00|0.02|43.8611|36.7871
23|43|0|135|1.5|16.1|0|69.8|46.4|0.00|0.02|43.862|36.4235
23|45|0|90|1.5|16.1|0|69.4|46.4|0.00|0.02|43.8601|36.4235
23|47|0|90|1.5|16.1|0|69.2|46.5|0.00|0.02|43.8637|36.4235
23|48|0|90|1.6|16.1|0|69.0|46.5|0.00|0.02|43.8643|36.4235
23|49|0|90|1.5|16.1|0|69.2|46.5|0.00|0.02|43.8633|36.4235
23|50|0|90|1.6|16.1|0|69.3|46.5|0.00|0.02|43.8661|36.4235
23|51|0|90|2.9|16.1|0|69.2|46.6|0.00|0.02|43.8666|36.4235
23|52|0|180|1.6|16.1|0|69.1|46.6|0.00|0.02|43.8681|36.4235
23|53|0|45|3.2|16.1|0|69.3|46.7|0.00|0.02|43.8699|36.4235
23|54|0|113|2.9|16.1|0|69.3|46.7|0.00|0.02|43.8697|36.4235
23|56|0|90|2.9|16.1|0|69.2|46.7|0.00|0.02|43.8712|36.4235
23|57|0|90|3.2|16.1|0|69.3|46.8|0.00|0.02|43.8707|36.4235
23|58|0|90|1.5|16.1|0|69.3|46.8|0.00|0.02|43.8731|36.4235
23|59|0|90|1.5|16.1|0|69.5|46.8|0.00|0.02|43.873|36.4235
