00|00|0|315|4.4|14.5|315|49.5|34.2|0.02|0.30|43.2553|16.9007
00|01|0|0|4.4|14.5|315|49.9|34.4|0.02|0.30|43.2555|16.9007
00|02|0|0|4.4|14.5|315|49.7|34.4|0.02|0.30|43.2543|16.9007
00|03|0|0|3.2|14.5|315|49.7|34.4|0.01|0.30|43.2531|16.9007
00|04|0|0|2.9|14.5|315|49.4|34.4|0.01|0.30|43.2542|16.9007
00|05|0|0|3.2|14.5|315|49.3|34.4|0.01|0.30|43.2538|16.9007
00|06|0|0|1.5|14.5|315|49.3|34.4|0.01|0.30|43.2537|16.9007
00|08|0|0|1.5|14.5|315|49.0|34.4|0.01|0.30|43.2539|16.9007
00|09|0|0|1.6|14.5|315|48.9|34.5|0.01|0.30|43.2562|16.4267
00|10|0|0|1.5|14.5|315|48.2|34.5|0.01|0.30|43.2571|16.4267
00|11|0|0|1.6|14.5|315|48.2|34.6|0.01|0.30|43.2555|16.4267
00|12|0|135|2.9|14.5|315|48.4|34.6|0.01|0.30|43.2574|16.4267
00|13|0|135|4.8|14.5|315|48.2|34.6|0.01|0.30|43.2599|16.4267
00|14|0|135|3.2|14.5|315|48.1|34.6|0.01|0.30|43.2617|16.4267
00|15|0|135|2.9|14.5|315|47.8|34.7|0.01|0.30|43.264|15.9438
00|17|0|90|2.9|14.5|315|47.7|34.8|0.01|0.30|43.2644|15.9438
00|18|0|90|3.2|14.5|315|47.8|34.8|0.01|0.30|43.2631|15.9438
00|19|0|90|1.5|14.5|315|48.1|34.9|0.01|0.30|43.261|16.4267
00|20|0|45|1.5|14.5|315|48.2|34.9|0.01|0.30|43.2625|16.4267
00|21|0|0|1.5|14.5|315|48.4|34.9|0.01|0.30|43.2601|16.4267
00|22|0|45|1.5|14.5|315|48.7|35.0|0.01|0.30|43.2591|17.3463
00|23|0|45|1.6|14.5|315|49.3|35.0|0.01|0.30|43.2577|17.8225
00|24|0|45|2.9|14.5|315|49.4|35.0|0.01|0.30|43.2581|17.8225
00|25|0|90|1.5|14.5|315|49.5|35.0|0.01|0.30|43.2591|17.8225
00|26|0|135|1.5|14.5|315|49.9|34.9|0.01|0.30|43.2582|16.9007
00|27|0|180|2.9|14.5|315|49.7|34.8|0.01|0.30|43.2575|16.9007
00|30|0|225|1.5|14.5|315|48.8|34.8|0.01|0.30|43.2603|16.4267
00|31|0|225|1.5|14.5|315|48.8|34.8|0.01|0.30|43.2582|16.4267
00|32|0|0|3.2|14.5|315|48.9|34.8|0.01|0.30|43.2575|16.4267
00|33|0|0|2.9|14.5|315|49.1|34.7|0.01|0.30|43.2581|16.9007
00|34|0|0|4.8|14.5|315|50.0|34.6|0.01|0.30|43.2572|17.3662
00|35|0|0|4.4|14.5|315|50.3|34.5|0.01|0.30|43.2544|17.3662
00|36|0|0|4.4|14.5|315|50.1|34.4|0.01|0.30|43.2546|17.3662
00|37|0|0|4.8|14.5|315|49.7|34.2|0.01|0.30|43.2548|16.9007
00|38|0|45|1.5|14.5|315|49.2|34.2|0.00|0.30|43.2576|16.9007
00|39|0|225|3.2|14.5|315|49.1|34.2|0.00|0.30|43.2623|16.9007
00|40|0|203|2.9|14.5|315|49.5|34.2|0.00|0.30|43.2644|16.9007
00|41|0|180|2.9|14.5|315|49.5|34.2|0.00|0.30|43.2663|16.9007
00|42|0|135|2.9|14.5|315|49.6|34.2|0.00|0.30|43.2623|16.9007
00|43|0|135|2.9|14.5|315|49.8|34.2|0.01|0.31|43.26|16.9007
00|44|0|68|4.8|14.5|315|48.9|34.4|0.01|0.31|43.2577|16.4267
00|45|0|45|0.0|14.5|315|48.0|34.4|0.01|0.31|43.2583|16.4267
00|46|0|45|0.0|14.5|315|47.7|34.5|0.01|0.31|43.2598|15.9438
00|47|0|158|1.6|14.5|315|47.7|34.5|0.01|0.31|43.2618|15.9438
00|48|0|180|1.5|14.5|315|48.0|34.6|0.01|0.31|43.2623|16.4267
00|49|0|180|0.0|14.5|315|47.8|34.7|0.01|0.31|43.2641|15.9438
00|52|0|0|1.5|14.5|315|47.6|34.8|0.01|0.31|43.2644|15.9438
00|53|0|0|0.0|14.5|315|47.5|34.8|0.01|0.31|43.2624|15.9438
00|54|0|0|0.0|14.5|315|47.6|34.9|0.01|0.31|43.2642|15.9438
00|55|0|225|1.5|14.5|315|47.5|35.0|0.01|0.31|43.2657|16.8613
00|56|0|225|1.6|14.5|315|47.6|35.0|0.01|0.31|43.2678|16.8613
00|57|0|225|0.0|14.5|315|47.6|35.0|0.01|0.31|43.2667|16.8613
00|58|0|225|0.0|14.5|315|47.5|35.0|0.01|0.31|43.2671|16.8613
00|59|0|225|1.5|14.5|315|47.4|35.0|0.01|0.31|43.2648|16.8613
01|00|0|0|1.5|14.5|315|47.9|35.0|0.01|0.31|43.2679|16.8613
01|03|0|135|1.5|14.5|315|49.5|35.0|0.01|0.31|43.269|17.8225
01|04|0|180|1.5|14.5|315|49.4|34.9|0.01|0.31|43.2686|16.9007
01|05|0|180|2.9|14.5|315|49.1|34.8|0.01|0.31|43.2676|16.9007
01|06|0|180|3.2|14.5|315|49.0|34.7|0.01|0.31|43.2685|16.9007
01|07|0|180|2.9|14.5|315|49.0|34.6|0.01|0.31|43.2676|16.9007
01|08|0|180|2.9|14.5|315|48.9|34.5|0.01|0.31|43.2643|16.4267
01|09|0|90|0.0|14.5|315|49.0|34.5|0.01|0.31|43.2635|16.9007
01|10|0|90|1.5|14.5|315|49.0|34.5|0.01|0.31|43.2614|16.9007
01|11|0|90|0.0|14.5|315|49.0|34.5|0.01|0.31|43.2607|16.9007
01|13|0|90|1.5|14.5|315|49.0|34.5|0.01|0.31|43.2615|16.9007
01|14|0|90|0.0|14.5|315|49.1|34.4|0.01|0.31|43.2599|16.9007
01|15|0|90|0.0|14.5|315|49.1|34.4|0.01|0.31|43.2611|16.9007
01|16|0|90|1.5|14.5|315|49.1|34.5|0.01|0.31|43.2619|16.9007
01|17|0|180|1.6|14.5|315|49.4|34.5|0.01|0.31|43.2609|16.9007
01|18|0|180|1.5|14.5|315|49.5|34.5|0.01|0.31|43.2603|16.9007
01|19|0|135|1.6|14.5|315|49.5|34.4|0.01|0.31|43.2578|16.9007
01|20|0|135|1.5|14.5|315|49.7|34.5|0.01|0.31|43.2582|16.9007
01|21|0|135|1.5|14.5|315|49.8|34.5|0.01|0.31|43.2574|16.9007
01|22|0|135|2.9|14.5|315|49.9|34.4|0.01|0.31|43.2551|16.9007
01|23|0|90|1.6|14.5|315|50.1|34.4|0.01|0.31|43.2561|17.3662
01|24|0|90|0.0|14.5|315|50.1|34.4|0.01|0.31|43.2591|17.3662
01|25|0|180|1.5|14.5|315|50.1|34.4|0.01|0.31|43.2615|17.3662
01|26|0|180|0.0|14.5|315|50.2|34.4|0.01|0.31|43.2608|17.3662
01|27|0|225|1.5|14.5|315|50.2|34.4|0.01|0.31|43.2624|17.3662
01|28|0|180|1.6|14.5|315|50.2|34.4|0.01|0.31|43.2621|17.3662
01|29|0|180|1.5|14.5|315|50.2|34.4|0.01|0.31|43.2632|17.3662
01|30|0|180|1.5|14.5|315|50.2|34.4|0.01|0.31|43.261|17.3662
01|31|0|135|1.5|14.5|315|50.2|34.4|0.01|0.31|43.2625|17.3662
01|33|0|113|0.0|14.5|315|50.2|34.4|0.01|0.31|43.2582|17.3662
01|34|0|135|0.0|14.5|315|50.1|34.4|0.01|0.31|43.2583|17.3662
01|35|0|135|0.0|14.5|315|50.1|34.4|0.01|0.31|43.2603|17.3662
01|37|0|135|1.6|14.5|315|50.1|34.4|0.01|0.31|43.2603|17.3662
01|38|0|135|1.5|14.5|315|50.0|34.4|0.01|0.31|43.2598|17.3662
01|39|0|135|1.5|14.5|315|50.0|34.4|0.01|0.31|43.2601|17.3662
01|40|0|135|0.0|14.5|315|50.0|34.4|0.01|0.31|43.2607|17.3662
01|41|0|135|0.0|14.5|315|50.1|34.4|0.01|0.31|43.259|17.3662
01|42|0|135|0.0|14.5|315|50.2|34.4|0.01|0.31|43.2587|17.3662
01|43|0|135|0.0|14.5|315|50.1|34.4|0.00|0.31|43.2595|17.3662
01|45|0|270|1.6|14.5|315|50.7|34.4|0.00|0.31|43.2674|17.3662
01|46|0|270|4.4|14.5|315|50.9|34.2|0.00|0.31|43.2722|17.3662
01|47|0|270|1.6|14.5|315|51.3|34.2|0.00|0.31|43.2767|17.8235
01|48|0|225|1.5|14.5|315|51.2|34.2|0.00|0.31|43.2774|17.8235
01|49|0|180|3.2|14.5|315|50.9|34.2|0.00|0.31|43.2794|17.3662
01|51|0|135|5.8|14.5|315|50.3|34.2|0.00|0.31|43.2792|17.3662
01|52|0|180|2.9|14.5|315|50.0|34.1|0.00|0.31|43.2783|17.3662
01|54|0|180|1.5|14.5|315|49.5|34.2|0.00|0.31|43.2765|16.9007
01|55|0|315|0.0|14.5|315|49.5|34.4|0.00|0.31|43.2758|16.9007
01|56|0|315|1.6|14.5|315|49.8|34.4|0.00|0.31|43.276|16.9007
01|57|0|315|1.5|14.5|315|50.7|34.4|0.00|0.31|43.2746|17.3662
01|58|0|0|2.9|14.5|315|51.5|34.5|0.00|0.31|43.2723|17.8235
01|59|0|0|2.9|14.5|315|51.7|34.5|0.00|0.31|43.2706|17.8235
02|00|0|0|1.5|14.5|315|51.1|34.5|0.00|0.31|43.2676|17.8235
02|01|0|45|1.6|14.5|315|50.5|34.5|0.00|0.31|43.2641|17.3662
02|02|0|90|1.5|14.5|315|50.5|34.5|0.00|0.31|43.2618|17.3662
02|04|0|90|2.9|14.5|315|52.5|34.5|0.00|0.31|43.2593|18.2729
02|05|0|90|2.9|14.5|315|51.6|34.5|0.00|0.31|43.2563|17.8235
02|06|0|90|1.6|14.5|315|49.9|34.5|0.00|0.31|43.2561|16.9007
02|07|0|90|1.5|14.5|315|49.3|34.6|0.00|0.31|43.2556|16.9007
02|08|0|90|0.0|14.5|315|48.8|34.6|0.00|0.31|43.257|16.4267
02|09|0|180|1.5|14.5|315|48.9|34.7|0.00|0.31|43.2576|16.4267
02|10|0|180|2.9|14.5|315|49.0|34.7|0.00|0.31|43.2562|16.9007
02|11|0|180|2.9|14.5|315|48.6|34.8|0.00|0.31|43.2565|16.4267
02|12|0|180|3.2|14.5|315|48.3|34.8|0.00|0.31|43.2569|16.4267
02|14|0|180|2.9|14.5|315|48.0|34.8|0.00|0.31|43.2572|16.4267
02|15|0|180|2.9|14.5|315|48.0|34.8|0.00|0.31|43.2565|16.4267
02|16|0|135|1.5|14.5|315|48.0|34.9|0.00|0.31|43.2608|16.4267
02|17|0|135|1.5|14.5|315|47.7|34.9|0.00|0.31|43.2568|15.9438
02|18|0|45|0.0|14.5|315|47.4|35.0|0.00|0.31|43.2561|16.8613
02|19|0|0|1.5|14.5|315|48.0|35.0|0.00|0.31|43.2551|17.3463
02|20|0|23|1.6|14.5|315|48.6|35.0|0.00|0.31|43.2555|17.3463
02|21|0|0|1.6|14.5|315|48.5|35.0|0.00|0.31|43.255|17.3463
02|22|0|0|1.5|14.5|315|48.3|35.2|0.00|0.31|43.257|17.3463
02|23|0|0|1.6|14.5|315|48.1|35.2|0.00|0.31|43.2592|17.3463
02|24|0|225|1.5|14.5|315|48.1|35.2|0.00|0.31|43.2577|17.3463
02|25|0|225|1.5|14.5|315|48.2|35.2|0.00|0.31|43.257|17.3463
02|26|0|225|1.5|14.5|315|48.6|35.2|0.01|0.32|43.2595|17.3463
02|27|0|225|1.5|14.5|315|48.6|35.2|0.01|0.32|43.2576|17.3463
02|28|0|90|0.0|14.5|315|48.2|35.2|0.01|0.32|43.2569|17.3463
02|29|0|90|1.5|14.5|315|46.8|35.2|0.01|0.32|43.2551|16.367
02|30|0|90|2.9|14.5|315|45.6|35.2|0.01|0.32|43.2558|15.8631
02|31|0|90|0.0|14.5|315|45.4|35.2|0.01|0.32|43.2552|15.8631
02|32|0|225|2.9|14.5|315|45.7|35.4|0.01|0.32|43.2606|15.8631
02|33|0|270|3.2|14.5|315|46.4|35.3|0.01|0.32|43.2594|16.367
02|34|0|270|1.5|14.5|315|46.7|35.4|0.01|0.32|43.2626|16.367
02|36|0|270|1.5|14.5|315|46.7|35.4|0.01|0.32|43.2634|16.367
02|37|0|270|0.0|14.5|315|46.7|35.5|0.02|0.33|43.2634|16.367
02|38|0|135|1.6|14.5|315|46.9|35.5|0.02|0.33|43.2643|16.367
02|39|0|180|1.5|14.5|315|46.8|35.5|0.02|0.33|43.2624|16.367
02|40|0|180|2.9|14.5|315|46.6|35.5|0.02|0.33|43.2615|16.367
02|41|0|135|3.2|14.5|315|46.4|35.5|0.02|0.33|43.2617|16.367
02|42|0|180|2.9|14.5|315|46.4|35.5|0.02|0.33|43.2611|16.367
02|43|0|180|1.6|14.5|315|46.4|35.5|0.02|0.33|43.2592|16.367
02|44|0|180|1.5|14.5|315|46.4|35.5|0.02|0.33|43.2602|16.367
02|45|0|225|1.5|14.5|315|46.5|35.5|0.02|0.33|43.26|16.367
02|47|0|225|1.5|14.5|315|46.9|35.5|0.02|0.33|43.2612|16.367
02|48|0|225|2.9|14.5|315|46.9|35.5|0.02|0.33|43.2604|16.367
02|49|0|225|1.6|14.5|315|46.7|35.5|0.02|0.33|43.2612|16.367
02|51|0|135|3.2|14.5|315|46.7|35.5|0.02|0.33|43.2603|16.367
02|52|0|180|1.5|14.5|315|46.5|35.5|0.02|0.33|43.2585|16.367
02|53|0|135|1.5|14.5|315|46.4|35.5|0.02|0.33|43.2609|16.367
02|54|0|90|1.5|14.5|315|46.2|35.5|0.02|0.33|43.2593|16.367
02|56|0|90|2.9|14.5|315|46.2|35.5|0.02|0.33|43.26|16.367
02|57|0|90|2.9|14.5|315|46.4|35.6|0.02|0.33|43.2609|16.367
02|58|0|90|1.6|14.5|315|46.6|35.5|0.02|0.33|43.2577|16.367
03|00|0|90|0.0|14.5|315|46.6|35.6|0.02|0.33|43.2567|16.367
03|01|0|90|0.0|14.5|315|46.3|35.6|0.03|0.34|43.2579|16.367
03|02|0|90|0.0|14.5|315|46.0|35.6|0.03|0.34|43.2595|16.367
03|03|0|270|1.6|14.5|315|46.2|35.6|0.03|0.34|43.2625|16.367
03|04|0|315|2.9|14.5|315|47.8|35.6|0.03|0.34|43.267|16.8613
03|05|0|315|4.8|14.5|315|49.3|35.4|0.03|0.34|43.2681|17.8225
03|06|0|315|4.4|14.5|315|49.6|35.3|0.03|0.34|43.2727|17.8225
03|07|0|315|5.8|14.5|315|50.0|35.0|0.03|0.34|43.2726|18.2901
03|08|0|338|3.2|14.5|315|49.8|34.9|0.03|0.34|43.2714|16.9007
03|09|0|0|2.9|14.5|315|50.0|34.8|0.03|0.34|43.2703|17.3662
03|10|0|0|4.4|14.5|315|49.2|34.8|0.03|0.34|43.269|16.9007
03|12|0|0|0.0|14.5|315|48.0|34.8|0.03|0.34|43.2672|16.4267
03|13|0|0|0.0|14.5|315|47.9|34.8|0.03|0.34|43.2647|15.9438
03|14|0|225|1.5|14.5|315|47.8|34.9|0.03|0.34|43.2667|15.9438
03|15|0|180|1.5|14.5|315|47.9|35.0|0.03|0.34|43.2661|16.8613
03|17|0|180|0.0|14.5|315|48.0|35.0|0.03|0.34|43.2647|17.3463
03|18|0|0|2.9|14.5|315|48.1|35.0|0.03|0.34|43.2643|17.3463
03|19|0|0|2.9|14.5|315|48.7|35.0|0.03|0.34|43.2647|17.3463
03|20|0|0|4.4|14.5|315|48.3|35.0|0.03|0.34|43.2642|17.3463
03|21|0|0|4.4|14.5|315|47.9|35.0|0.03|0.34|43.2646|16.8613
03|22|0|0|2.9|14.5|315|48.5|35.0|0.03|0.34|43.2673|17.3463
03|23|0|315|0.0|14.5|315|49.1|35.0|0.03|0.34|43.2685|17.8225
03|24|0|180|2.9|14.5|315|49.1|35.2|0.03|0.34|43.2682|17.8225
03|25|0|225|1.5|14.5|315|49.0|35.2|0.03|0.34|43.2682|17.8225
03|26|0|225|1.5|14.5|315|48.8|35.2|0.02|0.34|43.2682|17.3463
03|27|0|180|1.5|14.5|315|48.8|35.2|0.02|0.34|43.2667|17.3463
03|28|0|180|0.0|14.5|315|48.5|35.2|0.02|0.34|43.2669|17.3463
03|29|0|180|1.5|14.5|315|48.3|35.2|0.02|0.34|43.2641|17.3463
03|30|0|90|1.6|14.5|315|48.1|35.3|0.02|0.34|43.2627|17.3463
03|31|0|90|2.9|14.5|315|47.9|35.3|0.02|0.34|43.2593|16.8613
03|32|0|90|1.6|14.5|315|47.8|35.3|0.02|0.34|43.2588|16.8613
03|35|0|135|1.6|14.5|315|47.7|35.3|0.03|0.35|43.2594|16.8613
03|36|0|135|0.0|14.5|315|47.5|35.3|0.02|0.35|43.2601|16.8613
03|39|0|315|2.9|14.5|315|48.1|35.3|0.02|0.35|43.2634|17.3463
03|40|0|315|3.2|14.5|315|50.3|35.3|0.02|0.35|43.2671|18.2901
03|41|0|315|4.4|14.5|315|51.8|35.2|0.02|0.35|43.2667|18.7494
03|42|0|315|4.8|14.5|315|51.5|35.0|0.02|0.35|43.2663|18.7494
03|44|0|45|1.5|3.2|0|49.2|34.9|0.02|0.00|43.2649|16.9007
03|45|0|90|2.9|4.8|90|48.4|34.9|0.02|0.00|43.2582|16.4267
03|46|0|90|2.9|5.8|90|46.9|34.9|0.02|0.00|43.2562|15.4517
03|47|0|90|0.0|5.8|90|47.0|35.0|0.02|0.00|43.2585|16.8613
03|48|0|90|0.0|5.8|90|47.4|35.0|0.02|0.00|43.2594|16.8613
03|49|0|270|4.4|5.8|90|47.5|35.2|0.02|0.00|43.2621|16.8613
03|50|0|315|4.4|5.8|90|47.9|35.3|0.02|0.00|43.2665|16.8613
03|51|0|270|2.9|5.8|90|48.4|35.3|0.02|0.00|43.2653|17.3463
03|52|0|315|1.6|5.8|90|48.4|35.4|0.02|0.00|43.2642|17.3463
03|53|0|0|2.9|5.8|90|48.9|35.3|0.02|0.00|43.2588|17.3463
03|54|0|45|3.2|5.8|90|48.3|35.3|0.02|0.00|43.2552|17.3463
03|55|0|45|1.5|5.8|90|47.8|35.3|0.02|0.00|43.2565|16.8613
03|56|0|45|0.0|5.8|90|47.7|35.3|0.02|0.00|43.2559|16.8613
03|58|0|45|0.0|5.8|90|47.9|35.4|0.02|0.00|43.2567|16.8613
03|59|0|45|0.0|5.8|90|48.1|35.4|0.02|0.00|43.2569|17.3463
04|00|0|45|1.5|5.8|90|48.2|35.4|0.02|0.00|43.2581|17.3463
04|01|0|45|0.0|5.8|90|48.1|35.4|0.02|0.00|43.26|17.3463
04|02|0|45|0.0|5.8|90|48.1|35.4|0.02|0.00|43.2586|17.3463
04|03|0|45|1.6|5.8|90|47.8|35.4|0.02|0.00|43.2592|16.8613
04|04|0|45|1.5|5.8|90|48.0|35.4|0.02|0.00|43.2615|17.3463
04|05|0|270|3.2|5.8|90|48.1|35.3|0.02|0.00|43.2631|17.3463
04|06|0|270|2.9|8.0|270|48.3|35.3|0.02|0.00|43.2679|17.3463
04|07|0|270|4.4|8.0|270|48.4|35.2|0.03|0.01|43.2695|17.3463
04|08|0|270|2.9|8.0|270|48.1|35.2|0.03|0.01|43.2704|17.3463
04|09|0|270|1.6|8.0|270|48.3|35.2|0.03|0.01|43.2692|17.3463
04|13|0|45|2.9|8.0|270|49.1|35.2|0.02|0.01|43.2649|17.8225
04|14|0|45|2.9|8.0|270|49.4|35.0|0.02|0.01|43.2643|17.8225
04|15|0|45|2.9|8.0|270|49.9|35.0|0.02|0.01|43.2661|17.8225
04|16|0|45|2.9|8.0|270|49.4|35.0|0.02|0.01|43.2672|17.8225
04|17|0|45|1.6|8.0|270|49.0|35.0|0.02|0.01|43.2672|17.8225
04|19|0|45|1.5|8.0|270|49.3|35.0|0.02|0.01|43.267|17.8225
04|20|0|45|1.6|8.0|270|49.9|35.0|0.02|0.01|43.2674|17.8225
04|21|0|45|0.0|8.0|270|50.0|34.9|0.02|0.01|43.2654|17.3662
04|22|0|270|2.9|8.0|270|50.0|35.0|0.02|0.01|43.2681|18.2901
04|23|0|270|3.2|8.0|270|49.8|35.0|0.02|0.01|43.2688|17.8225
04|24|0|225|1.5|8.0|270|49.8|34.9|0.02|0.01|43.2686|16.9007
04|25|0|270|4.4|8.0|270|49.7|34.9|0.02|0.01|43.2674|16.9007
04|26|0|225|2.9|8.0|270|49.4|34.9|0.02|0.01|43.2681|16.9007
04|27|0|270|4.4|8.0|270|48.9|34.8|0.02|0.01|43.2658|16.4267
04|28|0|270|1.6|8.0|270|48.6|34.8|0.02|0.01|43.2662|16.4267
04|29|0|270|1.6|8.0|270|48.3|34.9|0.02|0.01|43.2686|16.4267
04|30|0|270|0.0|8.0|270|48.3|34.9|0.02|0.01|43.2707|16.4267
04|31|0|270|1.6|8.0|270|48.3|34.9|0.02|0.01|43.2703|16.4267
04|32|0|270|1.5|8.0|270|48.9|34.9|0.02|0.01|43.2713|16.4267
04|33|0|270|2.9|8.0|270|49.1|34.9|0.03|0.02|43.2734|16.9007
04|34|0|270|1.5|8.0|270|48.9|34.9|0.03|0.02|43.2725|16.4267
04|36|0|315|2.9|8.0|270|49.4|34.7|0.03|0.02|43.2718|16.9007
04|37|0|315|2.9|8.0|270|49.8|34.5|0.03|0.02|43.271|16.9007
04|38|0|315|3.2|8.0|270|50.3|34.4|0.03|0.02|43.2698|17.3662
04|40|0|315|1.6|8.0|270|50.9|34.2|0.03|0.02|43.2722|17.3662
04|41|0|315|1.5|8.0|270|51.2|34.1|0.04|0.03|43.2726|17.8235
04|42|0|315|1.5|8.0|270|51.2|34.0|0.04|0.03|43.2742|17.8235
04|44|0|315|1.5|8.0|270|51.3|33.8|0.03|0.03|43.2765|16.8974
04|45|0|315|3.2|8.0|270|51.4|33.6|0.03|0.03|43.2768|16.8974
04|46|0|315|1.5|8.0|270|51.6|33.5|0.03|0.03|43.2785|16.8974
04|47|0|315|2.9|8.0|270|51.6|33.3|0.04|0.04|43.2822|16.8974
04|48|0|270|2.9|8.0|270|51.7|33.2|0.04|0.04|43.2806|16.8974
04|49|0|270|2.9|8.0|270|51.6|33.2|0.04|0.04|43.2809|16.8974
04|50|0|270|1.5|8.0|270|51.6|33.2|0.04|0.04|43.2794|16.8974
04|51|0|270|1.5|8.0|270|51.7|33.2|0.04|0.04|43.279|16.8974
04|52|0|270|0.0|8.0|270|51.7|33.2|0.04|0.04|43.2783|16.8974
04|53|0|270|1.6|8.0|270|51.6|33.2|0.04|0.04|43.279|16.8974
04|54|0|270|0.0|8.0|270|51.5|33.2|0.04|0.04|43.2776|16.8974
04|56|0|270|1.5|8.0|270|51.4|33.2|0.04|0.04|43.2793|16.8974
04|57|0|270|1.5|8.0|270|51.2|33.2|0.04|0.04|43.2784|16.8974
04|58|0|270|1.5|8.0|270|51.2|33.2|0.04|0.04|43.28|16.8974
04|59|0|270|1.6|8.0|270|51.2|33.2|0.04|0.04|43.2794|16.8974
05|00|0|270|1.5|8.0|270|51.2|33.2|0.04|0.04|43.2793|16.8974
05|02|0|225|1.6|8.0|270|51.4|33.2|0.04|0.04|43.2807|16.8974
05|04|0|225|1.5|8.0|270|51.6|33.2|0.04|0.04|43.2797|16.8974
05|05|0|225|1.6|8.0|270|51.7|33.2|0.04|0.04|43.2807|16.8974
05|06|0|225|1.5|8.0|270|51.8|33.2|0.04|0.04|43.2816|16.8974
05|07|0|225|1.6|8.0|270|51.8|33.1|0.03|0.04|43.2825|16.8974
05|08|0|225|1.6|8.0|270|51.8|33.1|0.03|0.04|43.2844|16.8974
05|09|0|225|1.5|8.0|270|51.9|33.0|0.03|0.04|43.2843|16.8974
05|10|0|225|1.5|8.0|270|52.1|33.0|0.03|0.04|43.2839|17.3447
05|11|0|225|1.5|8.0|270|52.3|32.9|0.03|0.04|43.2838|16.4165
05|12|0|225|0.0|8.0|270|52.3|32.9|0.03|0.04|43.2857|16.4165
05|13|0|225|0.0|8.0|270|52.4|32.9|0.03|0.04|43.2861|16.4165
05|14|0|225|0.0|8.0|270|52.5|32.8|0.03|0.04|43.2868|16.4165
05|16|0|225|1.6|8.0|270|52.8|32.7|0.03|0.04|43.2886|16.4165
05|18|0|225|0.0|8.0|270|53.0|32.7|0.03|0.04|43.2871|16.8543
05|19|0|225|0.0|8.0|270|53.1|32.6|0.03|0.04|43.2863|16.8543
05|21|0|225|0.0|8.0|270|53.8|32.5|0.03|0.04|43.2856|16.8543
05|22|0|225|0.0|8.0|270|53.9|32.3|0.03|0.04|43.2861|16.8543
05|23|0|225|0.0|8.0|270|54.0|32.2|0.03|0.04|43.2864|17.2849
05|24|0|225|0.0|8.0|270|54.0|32.2|0.03|0.04|43.2874|17.2849
05|26|0|225|0.0|8.0|270|54.8|32.0|0.03|0.04|43.2863|17.2849
05|27|0|225|0.0|8.0|270|55.0|31.9|0.03|0.04|43.287|16.7741
05|28|0|225|0.0|8.0|270|55.0|31.9|0.03|0.04|43.2886|16.7741
05|29|0|225|0.0|8.0|270|54.8|31.8|0.03|0.04|43.2894|16.3525
05|30|0|225|0.0|8.0|270|54.9|31.7|0.03|0.04|43.2883|16.3525
05|31|0|225|0.0|8.0|270|55.4|31.7|0.03|0.04|43.2877|16.7741
05|32|0|225|1.6|8.0|270|55.6|31.5|0.02|0.04|43.2867|16.7741
05|33|0|225|0.0|8.0|270|55.7|31.5|0.02|0.04|43.2849|16.7741
05|34|0|225|1.5|8.0|270|55.7|31.4|0.02|0.04|43.2852|16.7741
05|35|0|225|0.0|8.0|270|55.8|31.4|0.02|0.04|43.2873|16.7741
05|37|0|225|1.5|8.0|270|55.8|31.3|0.02|0.04|43.2853|16.7741
05|38|0|225|0.0|8.0|270|55.7|31.3|0.02|0.04|43.2861|16.7741
05|39|0|225|1.5|8.0|270|55.7|31.3|0.02|0.04|43.2863|16.7741
05|40|0|225|1.5|8.0|270|56.1|31.2|0.01|0.04|43.2869|17.189
05|41|0|225|1.5|8.0|270|58.8|31.2|0.01|0.04|43.2878|17.9993
05|42|0|225|1.5|8.0|270|59.6|31.1|0.01|0.04|43.2856|18.3953
05|43|0|225|1.5|8.0|270|60.2|31.0|0.02|0.05|43.2879|18.7853
05|44|0|225|1.6|8.0|270|60.2|30.9|0.02|0.05|43.2854|17.8417
05|45|0|225|1.5|8.0|270|61.3|30.8|0.02|0.05|43.2853|18.2242
05|46|0|225|0.0|8.0|270|61.1|30.8|0.02|0.05|43.286|18.2242
05|48|0|225|1.5|8.0|270|58.8|30.6|0.01|0.05|43.2873|17.0594
05|49|0|225|1.5|8.0|270|58.4|30.6|0.01|0.05|43.2907|17.0594
05|51|0|225|1.5|8.0|270|58.5|30.5|0.01|0.05|43.2917|17.0594
05|52|0|225|1.6|8.0|270|58.8|30.5|0.01|0.05|43.2933|17.0594
05|53|0|225|1.5|8.0|270|59.2|30.5|0.01|0.05|43.2926|17.4535
05|54|0|225|2.9|8.0|270|59.6|30.5|0.01|0.05|43.2909|17.4535
05|55|0|45|1.5|8.0|270|59.4|30.5|0.01|0.05|43.2923|17.4535
05|56|0|45|1.5|8.0|270|59.1|30.4|0.01|0.05|43.292|17.4535
05|58|0|45|1.5|8.0|270|59.1|30.4|0.01|0.05|43.2925|17.4535
05|59|0|45|1.6|8.0|270|59.4|30.4|0.01|0.05|43.2948|17.4535
06|00|0|45|1.5|8.0|270|59.6|30.3|0.01|0.05|43.2949|17.4535
06|01|0|45|1.5|8.0|270|59.4|30.2|0.01|0.05|43.2938|17.4535
06|02|0|45|1.5|8.0|270|59.2|30.2|0.01|0.05|43.2962|17.4535
06|03|0|45|1.5|8.0|270|59.0|30.1|0.01|0.05|43.2975|17.4535
06|04|0|45|1.5|8.0|270|59.0|30.1|0.01|0.05|43.2982|17.4535
06|05|0|45|0.0|8.0|270|59.1|30.1|0.01|0.05|43.3008|17.4535
06|06|0|45|1.5|8.0|270|58.9|30.1|0.01|0.05|43.2994|17.0594
06|07|0|45|0.0|8.0|270|59.0|30.1|0.01|0.05|43.2992|17.4535
06|08|0|45|0.0|8.0|270|59.4|30.1|0.01|0.05|43.2984|17.4535
06|09|0|45|0.0|8.0|270|59.5|30.1|0.01|0.05|43.2999|17.4535
06|10|0|45|0.0|8.0|270|59.5|30.1|0.01|0.05|43.2988|17.4535
06|12|0|45|0.0|8.0|270|59.5|30.1|0.01|0.05|43.2998|17.4535
06|13|0|45|1.6|8.0|270|59.6|30.1|0.01|0.05|43.3012|17.4535
06|14|0|45|0.0|8.0|270|59.7|30.1|0.01|0.05|43.3034|17.4535
06|15|0|90|2.9|8.0|270|59.9|30.0|0.01|0.05|43.304|17.4535
06|16|0|90|1.6|8.0|270|59.7|30.0|0.01|0.05|43.3068|17.4535
06|18|0|90|1.5|8.0|270|59.6|29.9|0.01|0.05|43.308|16.5116
06|19|0|90|2.9|8.0|270|59.5|29.7|0.01|0.05|43.311|16.5116
06|20|0|90|0.0|8.0|270|59.6|29.7|0.01|0.05|43.3117|16.5116
06|21|0|90|0.0|8.0|270|59.5|29.6|0.01|0.05|43.3125|16.5116
06|22|0|90|0.0|8.0|270|59.5|29.6|0.01|0.05|43.3118|16.5116
06|23|0|90|0.0|8.0|270|59.5|29.5|0.01|0.05|43.3134|16.5116
06|24|0|90|0.0|8.0|270|59.6|29.5|0.01|0.05|43.3126|16.5116
06|25|0|90|0.0|8.0|270|59.7|29.5|0.01|0.05|43.3142|16.5116
06|26|0|90|0.0|8.0|270|59.8|29.4|0.01|0.05|43.3131|16.5116
06|27|0|90|0.0|8.0|270|59.9|29.4|0.01|0.05|43.3132|16.5116
06|28|0|90|0.0|8.0|270|59.9|29.3|0.01|0.05|43.312|16.5116
06|29|0|90|1.5|8.0|270|59.9|29.3|0.01|0.05|43.3133|16.5116
06|30|0|90|1.6|8.0|270|60.0|29.3|0.01|0.05|43.3125|16.898
06|31|0|90|1.6|8.0|270|60.0|29.2|0.01|0.05|43.3119|16.898
06|32|0|90|1.6|8.0|270|60.0|29.2|0.01|0.05|43.3119|16.898
06|35|0|90|0.0|8.0|270|60.4|29.2|0.01|0.05|43.3087|16.898
06|36|0|90|0.0|8.0|270|60.7|29.1|0.01|0.05|43.3102|16.898
06|37|0|90|0.0|8.0|270|61.2|29.1|0.01|0.05|43.31|17.2788
06|39|0|90|0.0|8.0|270|61.6|29.0|0.01|0.05|43.3106|17.2788
06|41|0|90|0.0|8.0|270|61.6|29.1|0.02|0.07|43.313|17.2788
06|42|0|90|0.0|8.0|270|61.5|29.1|0.02|0.07|43.313|17.2788
06|43|0|225|1.5|8.0|270|61.4|29.1|0.01|0.07|43.3132|17.2788
06|45|0|225|0.0|8.0|270|61.2|29.1|0.01|0.07|43.3139|17.2788
06|46|0|90|2.9|8.0|270|61.4|29.1|0.01|0.07|43.3131|17.2788
06|47|0|45|1.5|8.0|270|61.5|29.1|0.01|0.07|43.3139|17.2788
06|48|0|45|1.5|8.0|270|61.5|29.0|0.01|0.07|43.3142|17.2788
06|51|0|45|0.0|8.0|270|61.4|28.8|0.01|0.07|43.3126|16.3332
06|52|0|45|0.0|8.0|270|61.5|28.7|0.01|0.07|43.3132|16.3332
06|53|0|45|0.0|8.0|270|61.5|28.7|0.01|0.07|43.3119|16.3332
06|55|0|45|0.0|8.0|270|61.5|28.6|0.01|0.07|43.3143|16.3332
06|56|0|45|1.6|8.0|270|61.5|28.6|0.01|0.07|43.3154|16.3332
06|57|0|225|0.0|8.0|270|61.6|28.5|0.01|0.07|43.3139|16.3332
06|58|0|225|0.0|8.0|270|61.8|28.5|0.01|0.07|43.3159|16.3332
06|59|0|225|0.0|8.0|270|61.9|28.5|0.01|0.07|43.3178|16.3332
07|00|0|225|0.0|8.0|270|61.8|28.4|0.01|0.07|43.3188|16.3332
07|01|0|225|0.0|8.0|270|61.9|28.4|0.01|0.07|43.3215|16.3332
07|02|0|45|1.5|8.0|270|62.3|28.4|0.01|0.07|43.3224|16.7068
07|03|0|90|1.5|8.0|270|62.7|28.3|0.01|0.07|43.3234|16.7068
07|04|0|90|1.6|8.0|270|63.0|28.3|0.01|0.07|43.3242|17.075
07|06|0|90|0.0|8.0|270|63.1|28.3|0.01|0.07|43.3249|17.075
07|07|0|90|0.0|8.0|270|63.0|28.3|0.01|0.07|43.3252|17.075
07|09|0|90|0.0|8.0|270|62.8|28.3|0.01|0.07|43.3273|16.7068
07|10|0|90|0.0|8.0|270|62.8|28.3|0.01|0.07|43.3267|16.7068
07|11|0|90|0.0|8.0|270|62.6|28.4|0.01|0.07|43.3282|16.7068
07|12|0|90|0.0|8.0|270|62.4|28.4|0.02|0.08|43.3279|16.7068
07|13|0|90|0.0|8.0|270|62.3|28.4|0.02|0.08|43.3294|16.7068
07|14|0|90|0.0|8.0|270|62.3|28.4|0.02|0.08|43.3302|16.7068
07|15|0|90|0.0|8.0|270|62.4|28.4|0.02|0.08|43.3297|16.7068
07|16|0|90|0.0|8.0|270|62.5|28.5|0.02|0.08|43.3299|16.7068
07|17|0|90|0.0|8.0|270|62.5|28.5|0.02|0.08|43.3303|16.7068
07|18|0|90|1.6|8.0|270|62.5|28.5|0.02|0.08|43.3292|16.7068
07|19|0|90|1.5|8.0|270|62.5|28.5|0.02|0.08|43.3301|16.7068
07|22|0|90|1.5|8.0|270|62.6|28.7|0.02|0.08|43.3303|16.7068
07|23|0|90|1.6|8.0|270|62.5|28.8|0.02|0.08|43.3293|16.7068
07|24|0|90|1.5|8.0|270|62.4|29.0|0.02|0.08|43.3301|17.6541
07|25|0|90|1.5|8.0|270|62.3|29.0|0.02|0.08|43.329|17.6541
07|26|0|90|1.5|8.0|270|62.2|29.0|0.02|0.08|43.3298|17.6541
07|28|0|90|1.5|8.0|270|62.2|29.1|0.02|0.08|43.3326|17.6541
07|29|0|90|1.6|8.0|270|62.2|29.1|0.02|0.08|43.3339|17.6541
07|30|0|90|0.0|8.0|270|62.2|29.2|0.02|0.08|43.3337|17.6541
07|31|0|90|0.0|8.0|270|62.2|29.3|0.02|0.08|43.3345|17.6541
07|32|0|90|1.6|8.0|270|62.1|29.3|0.02|0.08|43.3347|17.6541
07|33|0|90|2.9|8.0|270|61.7|29.3|0.02|0.08|43.3355|17.2788
07|34|0|90|2.9|8.0|270|61.5|29.3|0.02|0.08|43.3355|17.2788
07|35|0|45|1.6|8.0|270|61.3|29.4|0.02|0.08|43.3353|17.2788
07|36|0|45|2.9|8.0|270|61.0|29.5|0.02|0.08|43.3376|17.2788
07|37|0|45|0.0|8.0|270|60.8|29.6|0.02|0.08|43.3379|16.898
07|38|0|45|1.6|8.0|270|60.6|29.6|0.02|0.08|43.3394|16.898
07|39|0|90|2.9|8.0|270|60.4|29.7|0.02|0.08|43.3411|16.898
07|40|0|90|2.9|8.0|270|60.0|29.7|0.01|0.08|43.3426|16.898
07|41|0|68|1.5|8.0|270|59.8|29.9|0.01|0.08|43.3424|16.5116
07|42|0|90|1.5|8.0|270|59.6|30.0|0.01|0.08|43.3437|17.4535
07|43|0|90|2.9|8.0|270|59.4|30.0|0.01|0.08|43.3426|17.4535
07|44|0|90|2.9|8.0|270|58.8|30.2|0.01|0.08|43.3412|17.0594
07|45|0|90|1.5|8.0|270|58.3|30.3|0.01|0.08|43.3419|17.0594
07|47|0|90|0.0|8.0|270|57.9|30.5|0.01|0.08|43.3403|16.6592
07|48|0|90|0.0|8.0|270|57.7|30.8|0.01|0.08|43.3365|16.6592
07|49|0|90|1.5|8.0|270|57.6|31.0|0.01|0.08|43.3361|17.5973
07|50|0|90|1.5|8.0|270|57.1|31.2|0.01|0.08|43.3331|17.5973
07|51|0|90|0.0|8.0|270|56.5|31.5|0.01|0.08|43.3349|17.189
07|52|0|90|0.0|8.0|270|56.4|31.8|0.01|0.08|43.3345|17.189
07|53|0|90|1.5|8.0|270|56.0|32.0|0.01|0.08|43.3384|18.1251
07|54|0|90|0.0|8.0|270|55.8|32.2|0.01|0.08|43.3384|17.7084
07|55|0|90|0.0|8.0|270|55.4|32.3|0.01|0.08|43.3371|17.7084
07|56|0|90|0.0|8.0|270|55.1|32.6|0.01|0.08|43.3352|17.7084
07|57|0|90|1.5|8.0|270|54.5|32.8|0.01|0.08|43.3308|17.2849
07|58|0|90|1.5|8.0|270|53.9|33.0|0.01|0.08|43.3303|17.7846
07|59|0|179|0.0|8.0|270|53.6|33.2|0.01|0.08|43.3319|17.7846
08|00|0|90|1.5|8.0|270|53.2|33.5|0.01|0.08|43.3338|17.7846
08|01|0|90|1.6|8.0|270|52.8|33.7|0.01|0.08|43.3364|17.3447
08|02|0|135|1.5|8.0|270|52.6|33.9|0.01|0.08|43.3368|17.3447
08|03|0|135|0.0|8.0|270|52.1|34.0|0.01|0.08|43.3384|18.2729
08|04|0|135|1.6|8.0|270|52.0|34.2|0.01|0.08|43.3401|18.2729
08|05|0|90|0.0|8.0|270|51.4|34.6|0.01|0.08|43.3398|17.8235
08|07|0|135|4.4|8.0|270|51.1|34.8|0.01|0.08|43.3376|17.8235
08|09|0|135|4.4|8.0|270|49.5|35.3|0.01|0.08|43.3369|17.8225
08|10|0|135|2.9|8.0|270|48.9|35.5|0.01|0.08|43.337|17.3463
08|11|0|135|1.5|8.0|270|48.6|35.6|0.01|0.08|43.336|17.3463
08|13|0|135|0.0|8.0|270|48.4|36.0|0.00|0.08|43.3386|18.2659
08|14|0|135|3.2|8.0|270|48.5|36.3|0.00|0.08|43.3386|18.2659
08|15|0|135|1.5|8.0|270|48.1|36.5|0.00|0.08|43.3398|18.2659
08|16|0|113|1.6|8.0|270|48.1|36.7|0.00|0.08|43.3362|18.2659
08|17|0|135|1.5|8.0|270|48.1|37.0|0.00|0.08|43.3378|19.1852
08|18|0|135|2.9|8.0|270|48.0|37.2|0.00|0.08|43.3427|19.1852
08|19|0|135|1.5|8.0|270|47.6|37.4|0.00|0.08|43.3427|18.6958
08|21|0|135|2.9|8.0|270|47.2|37.7|0.00|0.08|43.3458|18.6958
08|22|0|135|1.5|8.0|270|46.6|37.8|0.00|0.08|43.3468|18.1971
08|23|0|135|1.5|8.0|270|46.8|38.0|0.00|0.08|43.347|19.1119
08|24|0|180|3.2|8.0|270|47.0|38.1|0.00|0.08|43.3472|19.6128
08|25|0|180|1.5|8.0|270|46.9|38.2|0.00|0.08|43.3457|19.1119
08|26|0|180|1.5|8.0|270|46.5|38.4|0.00|0.08|43.3435|19.1119
08|28|0|135|1.5|8.0|270|46.2|38.6|0.00|0.08|43.3435|19.1119
08|29|0|158|2.9|8.0|270|45.6|38.9|0.00|0.08|43.3405|18.6013
08|30|0|135|2.9|8.0|270|45.2|39.0|0.00|0.08|43.3376|19.5136
08|31|0|90|1.5|8.0|270|44.8|39.2|0.01|0.09|43.3365|18.9905
08|32|0|135|2.9|8.0|270|44.8|39.3|0.01|0.09|43.3355|18.9905
08|33|0|180|4.4|8.0|270|44.3|39.3|0.01|0.09|43.3357|18.9905
08|34|0|180|2.9|8.0|270|44.0|39.4|0.01|0.09|43.3372|18.9905
08|35|0|180|3.2|8.0|270|44.3|39.5|0.01|0.09|43.3376|18.9905
08|36|0|180|2.9|8.0|270|44.1|39.8|0.01|0.09|43.3407|18.9905
08|37|0|135|3.2|8.0|270|44.1|39.9|0.01|0.09|43.3397|18.9905
08|38|0|135|2.9|8.0|270|43.9|40.1|0.01|0.09|43.3418|19.3642
08|39|0|135|2.9|8.0|270|44.1|40.1|0.01|0.09|43.343|19.9003
08|40|0|135|2.9|8.0|270|44.0|40.1|0.01|0.09|43.3413|19.9003
08|41|0|135|1.5|8.0|270|43.9|40.2|0.01|0.09|43.3418|19.3642
08|42|0|135|2.9|8.0|270|44.1|40.3|0.01|0.09|43.3419|19.9003
08|44|0|135|2.9|8.0|270|43.7|40.2|0.01|0.09|43.3416|19.3642
08|45|0|135|1.6|8.0|270|43.9|40.3|0.01|0.09|43.341|19.3642
08|46|0|90|2.9|8.0|270|43.4|40.4|0.01|0.09|43.3405|19.3642
08|47|0|90|1.5|8.0|270|43.0|40.7|0.01|0.09|43.3412|19.3642
08|48|0|135|1.5|8.0|270|43.2|40.8|0.01|0.09|43.3442|19.3642
08|49|0|135|0.0|8.0|270|43.1|41.0|0.01|0.09|43.3451|20.2715
08|50|0|90|1.5|8.0|270|42.4|41.2|0.01|0.09|43.344|19.7217
08|51|0|90|2.9|8.0|270|42.0|41.5|0.01|0.09|43.3464|19.7217
08|52|0|90|1.5|8.0|270|41.6|41.7|0.01|0.09|43.3482|19.1602
08|54|0|135|0.0|8.0|270|41.6|42.1|0.01|0.09|43.3458|20.0625
08|56|0|90|1.5|8.0|270|40.7|42.6|0.01|0.09|43.3446|19.4862
08|57|0|45|2.9|8.0|270|40.3|42.8|0.01|0.09|43.3436|19.4862
08|58|0|45|1.6|8.0|270|40.2|42.9|0.01|0.09|43.3433|19.4862
08|59|0|90|2.9|8.0|270|39.5|42.9|0.01|0.09|43.3436|18.897
09|01|0|90|2.9|8.0|270|38.0|43.1|0.01|0.09|43.3464|19.1887
09|02|0|135|2.9|8.0|270|37.2|43.2|0.01|0.09|43.3469|18.569
09|05|0|90|1.5|8.0|270|36.8|43.5|0.01|0.09|43.3499|17.9342
09|06|0|113|2.9|8.0|270|36.8|43.5|0.01|0.09|43.3463|17.9342
09|07|0|90|2.9|8.0|270|36.4|43.6|0.01|0.09|43.3484|17.9342
09|08|0|135|2.9|8.0|270|36.3|43.7|0.01|0.09|43.3466|17.9342
09|09|0|135|1.6|8.0|270|36.4|43.8|0.01|0.09|43.346|17.9342
09|10|0|90|1.5|8.0|270|36.3|43.9|0.01|0.09|43.3429|17.9342
09|11|0|135|2.9|8.0|270|36.3|44.0|0.01|0.09|43.3426|18.823
09|12|0|158|2.9|8.0|270|36.2|44.2|0.01|0.09|43.3437|18.823
09|13|0|90|2.9|8.0|270|36.0|44.2|0.01|0.09|43.3433|18.823
09|14|0|90|0.0|8.0|270|35.7|44.3|0.01|0.09|43.3418|18.1696
09|15|0|45|4.4|8.0|270|35.6|44.5|0.01|0.09|43.3432|18.1696
09|16|0|135|4.4|8.0|270|35.6|44.6|0.01|0.09|43.345|18.1696
09|17|0|135|4.4|8.0|270|35.5|44.8|0.01|0.09|43.3468|18.1696
09|18|0|90|1.5|8.0|270|34.8|44.8|0.01|0.09|43.346|17.4994
09|19|0|135|2.9|8.0|270|34.4|45.0|0.01|0.09|43.3426|18.3822
09|21|0|135|2.9|8.0|270|34.5|45.2|0.01|0.09|43.3387|18.3822
09|22|0|135|2.9|8.0|270|33.7|45.2|0.01|0.09|43.3392|17.6913
09|23|0|135|1.5|8.0|270|33.6|45.3|0.01|0.09|43.3411|17.6913
09|24|0|90|3.2|8.0|270|33.6|45.4|0.01|0.09|43.3421|17.6913
09|25|0|90|2.9|8.0|270|33.5|45.4|0.01|0.09|43.3441|17.6913
09|26|0|45|3.2|8.0|270|33.6|45.4|0.02|0.10|43.343|17.6913
09|27|0|90|2.9|8.0|270|33.4|45.4|0.02|0.10|43.3429|17.6913
09|28|0|135|1.5|8.0|270|33.6|45.5|0.02|0.10|43.3437|17.6913
09|30|0|90|1.5|8.0|270|33.4|45.7|0.01|0.10|43.3474|17.6913
09|31|0|90|0.0|8.0|270|33.0|45.8|0.01|0.10|43.3433|17.6913
09|32|0|135|2.9|8.0|270|32.9|46.2|0.01|0.10|43.3441|17.8582
09|33|0|90|1.5|8.0|270|32.8|46.3|0.01|0.10|43.3427|17.8582
09|34|0|135|1.6|8.0|270|33.0|46.5|0.01|0.10|43.3446|18.571
09|35|0|90|1.5|8.0|270|32.9|46.6|0.01|0.10|43.3455|17.8582
09|36|0|23|1.6|8.0|270|33.0|47.0|0.01|0.10|43.3483|19.4504
09|37|0|45|1.6|8.0|270|32.8|47.2|0.01|0.10|43.3483|18.7346
09|38|0|0|1.5|8.0|270|32.1|47.3|0.01|0.10|43.3459|18.7346
09|39|0|23|3.2|8.0|270|31.9|47.5|0.01|0.10|43.3451|17.9987
09|41|0|0|0.0|8.0|270|31.2|47.6|0.01|0.10|43.3434|17.9987
09|42|0|90|2.9|8.0|270|30.8|47.7|0.01|0.10|43.3428|17.2414
09|43|0|45|1.5|8.0|270|30.3|47.9|0.01|0.10|43.3404|17.2414
09|44|0|45|1.5|8.0|270|30.3|47.9|0.01|0.10|43.3414|17.2414
09|46|0|90|2.9|8.0|270|30.3|48.0|0.01|0.10|43.3381|18.1112
09|47|0|45|1.5|8.0|270|29.9|48.1|0.01|0.10|43.3401|17.3278
09|49|0|270|1.5|8.0|270|30.0|48.4|0.01|0.10|43.3426|18.1112
09|50|0|135|1.6|8.0|270|29.8|48.5|0.01|0.10|43.3424|17.3278
09|52|0|0|0.0|8.0|270|29.6|49.0|0.02|0.11|43.3474|18.194
09|53|0|270|1.6|8.0|270|29.2|49.2|0.02|0.11|43.3498|18.194
09|54|0|0|1.5|8.0|270|29.1|49.4|0.02|0.11|43.3516|18.194
09|55|0|315|1.5|8.0|270|28.9|49.5|0.02|0.11|43.3496|17.3829
09|56|0|315|6.4|8.0|270|28.7|49.5|0.02|0.11|43.3486|17.3829
09|57|0|225|1.5|8.0|270|28.4|49.5|0.02|0.11|43.3504|17.3829
09|58|0|180|1.6|8.0|270|28.3|49.5|0.02|0.11|43.3515|17.3829
09|59|0|270|1.5|8.0|270|28.4|49.7|0.02|0.11|43.3513|17.3829
10|00|0|315|1.5|8.0|270|27.6|49.8|0.02|0.11|43.3525|16.5456
10|01|0|315|1.6|8.0|270|27.3|49.8|0.02|0.11|43.3511|16.5456
10|02|0|270|1.5|8.0|270|27.4|49.8|0.02|0.11|43.3511|16.5456
10|04|0|180|1.6|8.0|270|27.7|49.8|0.02|0.11|43.3506|16.5456
10|05|0|270|3.2|8.0|270|28.2|49.9|0.02|0.11|43.3519|17.3829
10|06|0|338|2.9|8.0|270|27.9|49.9|0.02|0.11|43.3491|16.5456
10|07|0|315|3.2|8.0|270|28.1|49.9|0.02|0.11|43.3515|17.3829
10|08|0|315|5.8|8.0|270|28.3|49.7|0.02|0.11|43.3529|17.3829
10|09|0|315|5.8|8.0|270|28.1|49.5|0.03|0.12|43.3521|17.3829
10|10|0|315|5.8|8.1|315|28.4|49.2|0.03|0.12|43.3485|17.3829
10|11|0|45|4.4|8.7|270|28.2|49.0|0.03|0.12|43.3468|17.3829
10|12|0|270|6.4|11.6|315|28.8|48.8|0.03|0.12|43.3484|16.5201
10|13|0|315|4.4|11.6|315|28.3|48.8|0.03|0.12|43.3469|16.5201
10|14|0|315|2.9|11.6|315|27.7|48.8|0.03|0.12|43.3468|15.6863
10|15|0|315|7.3|11.6|315|28.2|48.8|0.03|0.12|43.3483|16.5201
10|16|0|0|6.4|11.6|315|28.4|48.5|0.03|0.12|43.3455|16.5201
10|17|0|315|4.4|11.6|315|28.8|48.5|0.03|0.12|43.3493|16.5201
10|19|0|225|0.0|11.6|315|29.0|48.8|0.03|0.12|43.3491|17.3278
10|20|0|270|4.4|11.6|315|28.4|48.9|0.03|0.12|43.3485|16.5201
10|21|0|315|7.3|11.6|315|28.6|49.0|0.03|0.12|43.3491|17.3829
10|22|0|315|5.8|11.6|315|28.4|48.8|0.03|0.12|43.3473|16.5201
10|24|0|315|4.4|11.6|315|29.0|48.7|0.03|0.12|43.3489|17.3278
10|25|0|315|7.3|11.6|315|29.3|48.7|0.03|0.12|43.3446|17.3278
10|26|0|315|4.4|11.6|315|28.8|48.7|0.02|0.12|43.3473|16.5201
10|27|0|0|3.2|11.6|315|27.8|48.8|0.02|0.12|43.3466|15.6863
10|28|0|225|4.4|11.6|315|28.1|48.8|0.02|0.12|43.3476|16.5201
10|29|0|315|7.3|11.6|315|28.2|48.7|0.02|0.12|43.3459|16.5201
10|30|0|315|4.4|11.6|315|29.1|48.7|0.02|0.12|43.3473|17.3278
10|31|0|315|4.4|11.6|315|28.5|48.7|0.02|0.12|43.3475|16.5201
10|32|0|315|7.3|11.6|315|28.4|48.5|0.02|0.12|43.345|16.5201
10|33|0|315|5.8|11.6|315|28.1|48.3|0.02|0.12|43.3448|16.5201
10|34|0|270|4.4|11.6|315|28.3|48.2|0.02|0.12|43.3444|16.5201
10|35|0|315|5.8|13.1|270|28.2|48.1|0.02|0.12|43.3442|16.5201
10|36|0|315|7.3|13.1|270|28.1|48.2|0.02|0.12|43.3446|16.5201
10|37|0|315|4.4|13.1|270|28.4|48.2|0.02|0.12|43.3421|16.5201
10|38|0|338|4.4|13.1|270|28.3|48.3|0.02|0.12|43.3429|16.5201
10|39|0|0|3.2|13.1|270|28.9|48.4|0.02|0.12|43.3428|16.5201
10|40|0|0|4.4|13.1|270|28.8|48.5|0.02|0.12|43.3433|16.5201
10|41|0|315|3.2|13.1|270|28.8|48.7|0.02|0.12|43.3446|16.5201
10|42|0|270|8.7|13.1|270|28.9|48.8|0.02|0.12|43.3432|16.5201
10|43|0|270|4.4|13.1|270|28.2|48.9|0.02|0.12|43.3463|16.5201
10|44|0|315|8.1|13.1|270|27.5|48.9|0.02|0.12|43.3435|15.6863
10|46|0|338|7.3|13.1|270|27.7|48.8|0.02|0.12|43.3435|15.6863
10|47|0|315|8.1|13.1|270|28.5|48.8|0.02|0.12|43.3429|16.5201
10|48|0|315|11.6|13.1|270|28.9|48.7|0.02|0.12|43.3407|16.5201
10|49|0|270|4.4|13.1|315|28.3|48.4|0.02|0.12|43.3427|16.5201
10|50|0|315|8.7|13.1|315|28.6|48.3|0.02|0.12|43.3423|16.5201
10|51|0|315|7.3|13.1|315|28.6|48.2|0.01|0.12|43.3412|16.5201
10|52|0|270|4.8|13.1|315|28.8|48.2|0.01|0.12|43.3391|16.5201
10|53|0|315|7.3|13.1|315|28.3|48.2|0.01|0.12|43.3393|16.5201
10|57|0|0|9.7|14.5|0|28.5|48.4|0.01|0.12|43.3379|16.5201
10|58|0|315|5.8|14.5|0|28.2|48.5|0.01|0.12|43.3408|16.5201
10|59|0|338|8.0|14.5|0|28.6|48.7|0.01|0.12|43.3389|16.5201
11|01|0|0|4.4|14.5|0|29.5|48.9|0.01|0.12|43.3416|17.3278
11|03|0|0|7.3|14.5|0|28.4|48.8|0.01|0.12|43.3404|16.5201
11|04|0|315|4.8|14.5|0|28.9|49.0|0.01|0.12|43.3419|17.3829
11|05|0|315|5.8|14.5|0|28.7|49.1|0.01|0.12|43.3419|17.3829
11|06|0|0|8.1|14.5|0|28.5|49.2|0.01|0.12|43.3412|17.3829
11|07|0|0|7.3|14.5|0|27.9|49.3|0.01|0.12|43.3437|16.5456
11|08|0|315|7.3|14.5|0|27.3|49.4|0.00|0.12|43.3448|16.5456
11|09|0|0|12.9|14.5|0|27.4|49.4|0.00|0.12|43.3416|16.5456
11|14|0|0|7.3|14.5|0|28.0|49.5|0.00|0.12|43.3395|17.3829
11|16|0|0|8.7|14.5|0|27.4|49.8|0.00|0.12|43.338|16.5456
11|17|0|0|8.7|14.5|0|27.4|49.8|0.00|0.12|43.3377|16.5456
11|18|0|315|8.7|14.5|0|27.8|49.8|0.00|0.12|43.3384|16.5456
11|19|0|0|5.8|14.5|0|28.0|49.8|0.00|0.12|43.3394|17.3829
11|20|0|0|8.7|14.5|0|27.8|49.8|0.00|0.12|43.3389|16.5456
11|21|0|0|4.4|14.5|0|27.7|49.8|0.00|0.12|43.3363|16.5456
11|22|0|0|6.5|14.5|0|28.4|49.9|0.00|0.12|43.3368|17.3829
11|24|0|315|10.2|14.5|0|28.3|49.9|0.00|0.12|43.333|17.3829
11|25|0|315|6.5|14.5|0|27.7|49.9|0.00|0.12|43.3357|16.5456
11|27|0|315|11.3|14.5|0|27.4|49.9|0.00|0.12|43.3308|16.5456
11|28|0|315|9.7|14.5|0|26.9|50.0|0.00|0.12|43.3325|16.5358
11|30|0|0|8.0|14.5|0|26.8|49.9|0.00|0.12|43.3344|15.6803
11|32|0|315|8.7|14.5|0|26.0|50.1|0.00|0.12|43.3329|16.5358
11|33|0|0|3.2|14.5|0|25.3|50.2|0.00|0.12|43.3317|15.6367
11|34|0|315|7.3|14.5|0|25.4|50.3|0.00|0.12|43.3322|15.6367
11|35|0|315|4.8|14.5|0|25.3|50.1|0.00|0.12|43.3317|15.6367
11|36|0|315|2.9|14.5|0|25.3|50.3|0.00|0.12|43.3322|15.6367
11|37|0|0|5.8|14.5|0|26.0|50.5|0.00|0.12|43.3308|16.5358
11|38|0|315|5.8|14.5|0|25.9|50.5|0.00|0.12|43.3309|15.6367
11|39|0|315|7.3|14.5|0|25.6|50.3|0.00|0.12|43.3258|15.6367
11|40|0|0|8.7|14.5|0|25.9|50.5|0.00|0.12|43.3268|15.6367
11|41|0|45|7.3|14.5|0|25.3|50.5|0.00|0.12|43.3282|15.6367
11|42|0|0|10.2|14.5|0|24.7|50.5|0.00|0.12|43.3277|14.705
11|44|0|0|7.3|14.5|0|24.5|50.6|0.00|0.12|43.3254|14.705
11|45|0|315|8.1|14.5|0|25.1|50.6|0.00|0.12|43.3241|15.6367
11|46|0|0|5.8|14.5|0|25.3|50.7|0.00|0.12|43.3246|15.6367
11|48|0|0|7.3|14.5|0|25.3|51.0|0.00|0.12|43.3209|16.4881
11|50|0|315|7.3|14.5|0|24.9|51.2|0.00|0.12|43.3177|15.5526
11|51|0|0|8.7|14.5|0|24.7|51.2|0.00|0.12|43.3175|15.5526
11|52|0|0|10.2|14.5|0|24.8|51.1|0.00|0.12|43.3152|15.5526
11|53|0|0|6.4|14.5|0|24.9|51.1|0.00|0.12|43.3211|15.5526
11|54|0|0|5.8|14.5|0|25.2|51.1|0.00|0.12|43.3188|16.4881
11|55|0|315|5.8|14.5|0|24.9|51.1|0.00|0.12|43.3188|15.5526
11|56|0|0|4.4|14.5|0|24.7|51.3|0.00|0.12|43.3202|15.5526
11|57|0|0|5.8|14.5|0|24.7|51.5|0.00|0.12|43.3166|15.5526
11|58|0|0|5.8|14.5|0|24.8|51.5|0.00|0.12|43.315|15.5526
11|59|0|315|7.3|14.5|0|24.8|51.6|0.00|0.12|43.3163|15.5526
12|00|0|315|9.7|14.5|0|24.8|51.5|0.00|0.12|43.317|15.5526
12|01|0|315|10.2|14.5|0|24.8|51.0|0.00|0.12|43.3173|15.5526
12|02|0|315|4.4|14.5|0|25.1|51.1|0.00|0.12|43.3186|16.4881
12|04|0|315|2.9|14.5|0|25.7|51.3|0.00|0.12|43.3164|16.4881
12|05|0|315|5.8|14.5|0|25.4|51.6|0.00|0.12|43.3155|16.4881
12|06|0|315|6.4|14.5|0|24.6|51.2|0.00|0.12|43.3161|15.5526
12|07|0|0|4.4|14.5|0|24.3|51.2|0.00|0.12|43.315|15.5526
12|08|0|315|8.7|14.5|0|24.5|51.2|0.00|0.12|43.3156|15.5526
12|09|0|0|4.8|14.5|0|24.2|51.5|0.00|0.12|43.3151|15.5526
12|10|0|315|6.5|14.5|0|24.8|51.7|0.00|0.12|43.3142|15.5526
12|12|0|315|6.5|14.5|0|24.3|52.1|0.00|0.12|43.3166|16.3998
12|14|0|0|6.5|14.5|0|24.4|52.4|0.00|0.12|43.3173|16.3998
12|15|0|0|5.8|14.5|0|23.6|52.5|0.00|0.12|43.318|15.425
12|16|0|0|5.8|14.5|0|23.3|52.5|0.00|0.12|43.3175|15.425
12|17|0|0|6.4|14.5|0|23.2|52.4|0.00|0.12|43.3177|15.425
12|19|0|0|4.8|14.5|0|24.2|52.0|0.00|0.12|43.3151|16.3998
12|21|0|270|7.3|14.5|0|24.2|52.0|0.00|0.12|43.3146|16.3998
12|22|0|315|3.2|14.5|0|24.7|52.0|0.00|0.12|43.3157|16.3998
12|23|0|315|8.7|14.5|0|24.3|51.9|0.00|0.12|43.3112|15.5526
12|24|0|338|5.8|14.5|0|24.8|52.1|0.00|0.12|43.3127|16.3998
12|25|0|0|5.8|14.5|0|24.7|52.4|0.00|0.12|43.3149|16.3998
12|26|0|0|7.3|14.5|0|24.5|52.5|0.00|0.12|43.3133|16.3998
12|27|0|315|7.3|14.5|0|23.7|52.5|0.00|0.12|43.3148|15.425
12|28|0|0|8.7|14.5|0|23.7|52.6|0.00|0.12|43.3165|15.425
12|29|0|0|5.8|14.5|0|23.7|52.6|0.00|0.12|43.3152|15.425
12|30|0|315|4.4|14.5|0|23.4|52.6|0.00|0.12|43.3171|15.425
12|31|0|315|10.2|14.5|0|23.4|52.4|0.00|0.12|43.3143|15.425
12|32|0|315|7.3|14.5|0|23.7|52.2|0.00|0.12|43.314|15.425
12|33|0|315|10.2|14.5|0|23.5|52.2|0.00|0.12|43.3126|15.425
12|34|0|315|4.4|14.5|0|23.4|52.4|0.00|0.12|43.3139|15.425
12|37|0|315|3.2|14.5|0|24.3|52.7|0.00|0.12|43.3141|16.3998
12|38|0|315|2.9|14.5|0|23.4|52.8|0.00|0.12|43.3141|15.425
12|39|0|270|3.2|14.5|0|23.3|53.0|0.00|0.12|43.3152|16.2679
12|40|0|0|8.0|14.5|0|24.1|53.0|0.00|0.12|43.3133|17.2468
12|41|0|315|4.4|14.5|0|23.7|53.0|0.00|0.12|43.3155|16.2679
12|42|0|0|3.2|14.5|0|24.0|53.2|0.00|0.12|43.3129|17.2468
12|43|0|0|5.8|14.5|0|23.7|53.3|0.00|0.12|43.3097|16.2679
12|44|0|0|4.4|14.5|0|23.5|53.3|0.00|0.12|43.3054|16.2679
12|45|0|0|4.8|14.5|0|23.1|53.0|0.00|0.12|43.3082|16.2679
12|46|0|0|5.8|14.5|0|23.8|53.2|0.00|0.12|43.3075|16.2679
12|47|0|0|6.4|14.5|0|24.0|53.0|0.00|0.12|43.3083|17.2468
12|48|0|0|5.8|14.5|0|24.7|53.2|0.00|0.12|43.3072|17.2468
12|50|0|315|4.4|14.5|0|23.5|53.4|0.00|0.12|43.3018|16.2679
12|51|0|315|4.4|14.5|0|23.2|53.3|0.00|0.12|43.3041|16.2679
12|53|0|315|7.3|14.5|0|22.9|53.3|0.00|0.12|43.3012|15.2505
12|54|0|315|10.2|14.5|0|23.5|53.2|0.01|0.13|43.301|16.2679
12|55|0|315|7.3|14.5|0|24.0|52.9|0.01|0.13|43.3034|16.3998
12|56|0|315|11.6|16.1|315|24.0|52.8|0.01|0.13|43.3005|16.3998
12|57|0|315|8.7|16.1|315|23.9|52.4|0.01|0.13|43.3004|15.425
12|58|0|315|11.6|16.1|315|24.6|52.5|0.01|0.13|43.3002|16.3998
12|59|0|315|7.3|16.1|315|24.0|52.6|0.01|0.13|43.3007|16.3998
13|00|0|315|4.4|16.1|315|24.1|52.7|0.01|0.13|43.3025|16.3998
13|01|0|270|7.3|16.1|315|24.1|52.8|0.01|0.13|43.3011|16.3998
13|02|0|315|7.3|16.1|315|24.5|52.8|0.01|0.13|43.3011|16.3998
13|04|0|270|13.1|16.1|270|23.0|53.2|0.01|0.13|43.3002|16.2679
13|05|0|315|6.5|16.1|270|22.5|53.0|0.01|0.13|43.2996|15.2505
13|07|0|315|0.0|16.1|270|22.2|53.3|0.01|0.13|43.2989|15.2505
13|08|0|225|2.9|16.1|270|22.0|53.4|0.01|0.13|43.2952|15.2505
13|09|0|0|2.9|16.1|270|22.0|53.5|0.01|0.13|43.2965|15.2505
13|10|0|315|7.3|16.1|270|22.3|53.5|0.01|0.13|43.2945|15.2505
13|11|0|0|8.7|16.1|270|22.6|53.5|0.01|0.13|43.2952|15.2505
13|12|0|315|2.9|16.1|270|23.0|53.5|0.01|0.13|43.2945|16.2679
13|13|0|270|7.3|16.1|270|22.6|53.4|0.01|0.13|43.2939|15.2505
13|14|0|315|2.9|16.1|270|22.3|53.5|0.01|0.13|43.2925|15.2505
13|15|0|270|6.4|16.1|270|22.9|53.6|0.01|0.13|43.2922|15.2505
13|17|0|315|7.3|16.1|270|23.2|53.5|0.01|0.13|43.2927|16.2679
13|18|0|0|6.4|16.1|270|23.5|53.5|0.01|0.13|43.2905|16.2679
13|19|0|0|11.6|16.1|270|22.7|53.5|0.01|0.13|43.2897|15.2505
13|20|0|0|7.3|16.1|270|22.4|53.5|0.01|0.13|43.2938|15.2505
13|21|0|0|7.3|16.1|270|22.1|53.5|0.01|0.13|43.2924|15.2505
13|24|0|315|7.3|16.1|270|23.2|53.7|0.01|0.13|43.2943|16.2679
13|25|0|0|7.3|16.1|270|23.0|53.7|0.01|0.13|43.294|16.2679
13|26|0|315|7.3|16.1|270|23.3|53.8|0.01|0.13|43.2929|16.2679
13|27|0|315|11.6|16.1|270|23.6|53.6|0.01|0.13|43.2904|16.2679
13|28|0|315|7.3|16.1|270|23.2|53.2|0.01|0.13|43.2897|16.2679
13|29|0|315|8.7|16.1|270|23.2|53.0|0.01|0.13|43.2886|16.2679
13|30|0|315|4.4|16.1|270|22.9|52.9|0.01|0.13|43.2922|14.4117
13|32|0|270|4.8|16.1|270|22.7|53.2|0.01|0.13|43.2884|15.2505
13|33|0|315|5.8|16.1|270|22.3|53.3|0.01|0.13|43.2867|15.2505
13|34|0|315|12.9|16.1|270|23.1|52.7|0.01|0.13|43.2896|15.425
13|35|0|0|7.3|16.1|270|22.7|52.5|0.01|0.13|43.2912|14.4117
13|36|0|315|5.8|16.1|270|22.8|52.5|0.01|0.13|43.2905|14.4117
13|37|0|315|9.7|16.1|270|24.0|52.6|0.01|0.13|43.2923|16.3998
13|38|0|23|2.9|16.1|270|23.4|52.8|0.01|0.13|43.2907|15.425
13|39|0|315|8.0|16.1|270|23.9|52.8|0.01|0.13|43.2881|15.425
13|40|0|0|4.4|16.1|270|23.4|53.0|0.01|0.13|43.2854|16.2679
13|41|0|0|1.6|16.1|270|23.1|53.3|0.01|0.13|43.2845|16.2679
13|42|0|0|8.7|16.1|270|22.9|53.4|0.01|0.13|43.2864|15.2505
13|45|0|315|6.4|16.1|270|23.1|53.3|0.01|0.13|43.2872|16.2679
13|46|0|315|4.4|16.1|270|23.1|53.5|0.01|0.13|43.2905|16.2679
13|47|0|270|4.4|16.1|270|22.1|53.5|0.01|0.13|43.291|15.2505
13|48|0|270|3.2|16.1|270|21.8|53.6|0.01|0.13|43.29|14.1911
13|49|0|315|5.8|16.1|270|22.6|53.7|0.01|0.13|43.2924|15.2505
13|51|0|315|10.2|16.1|270|22.7|53.4|0.01|0.13|43.2888|15.2505
13|52|0|315|7.3|16.1|270|23.0|53.3|0.01|0.13|43.2877|16.2679
13|53|0|315|5.8|16.1|270|22.6|53.5|0.00|0.13|43.2899|15.2505
13|54|0|315|5.8|16.1|270|22.9|53.5|0.00|0.13|43.2887|15.2505
13|56|0|315|7.3|16.1|270|23.4|53.7|0.00|0.13|43.2884|16.2679
13|57|0|270|7.3|16.1|270|23.2|53.8|0.00|0.13|43.2892|16.2679
13|58|0|270|2.9|16.1|270|22.2|53.8|0.00|0.13|43.289|15.2505
13|59|0|315|4.4|16.1|270|22.0|54.2|0.00|0.13|43.29|16.089
14|00|0|225|5.8|16.1|270|22.1|54.3|0.00|0.13|43.2903|16.089
14|01|0|225|4.8|16.1|270|21.9|54.6|0.00|0.13|43.288|15.0253
14|02|0|315|7.3|16.1|270|22.0|54.8|0.00|0.13|43.2868|16.089
14|03|0|315|6.4|16.1|270|22.0|55.0|0.00|0.13|43.2878|16.9271
14|04|0|315|9.7|16.1|270|22.3|55.1|0.00|0.13|43.2878|16.9271
14|05|0|270|10.2|16.1|270|22.2|55.1|0.00|0.13|43.2879|16.9271
14|06|0|0|6.4|16.1|270|22.0|55.2|0.00|0.13|43.2892|16.9271
14|07|0|0|8.7|16.1|270|21.8|55.1|0.00|0.13|43.2863|15.8591
14|09|0|315|5.8|16.1|270|22.7|55.0|0.00|0.13|43.2907|16.9271
14|10|0|315|10.2|16.1|270|22.1|54.7|0.00|0.13|43.2862|16.089
14|10|0|315|10.2|16.1|270|22.4|54.5|0.00|0.13|43.2878|16.089
14|12|0|315|18.9|18.9|315|22.6|54.0|0.00|0.13|43.2857|16.089
14|13|0|315|7.3|18.9|315|22.6|53.4|0.00|0.13|43.2863|15.2505
14|14|0|315|11.6|18.9|315|23.3|53.4|0.00|0.13|43.2863|16.2679
14|15|0|315|7.3|18.9|315|22.9|53.5|0.00|0.13|43.2889|15.2505
14|16|0|0|7.3|18.9|315|22.7|53.6|0.00|0.13|43.2871|15.2505
14|17|0|315|7.3|18.9|315|22.4|53.6|0.00|0.13|43.2871|15.2505
14|18|0|315|7.3|18.9|315|23.2|53.6|0.00|0.13|43.289|16.2679
14|19|0|0|2.9|18.9|315|22.6|53.7|0.00|0.13|43.2879|15.2505
14|20|0|315|2.9|18.9|315|22.4|53.8|0.00|0.13|43.2893|15.2505
14|21|0|315|5.8|18.9|315|22.6|53.9|0.00|0.13|43.2886|15.2505
14|22|0|0|9.7|18.9|315|22.7|53.9|0.00|0.13|43.2854|15.2505
14|23|0|315|7.3|18.9|315|23.0|54.0|0.00|0.13|43.2892|17.1106
14|24|0|315|6.4|18.9|315|23.0|54.0|0.00|0.13|43.2883|17.1106
14|25|0|315|4.4|18.9|315|22.6|54.2|0.00|0.13|43.2895|16.089
14|26|0|315|5.8|18.9|315|22.4|54.4|0.00|0.13|43.2874|16.089
14|27|0|0|5.8|18.9|315|22.6|54.6|0.00|0.13|43.2853|16.089
14|28|0|315|5.8|18.9|315|22.4|54.8|0.00|0.13|43.2877|16.089
14|29|0|315|4.8|18.9|315|21.6|55.0|0.00|0.13|43.286|15.8591
14|30|0|315|4.4|18.9|315|21.4|54.8|0.00|0.13|43.2871|15.0253
14|31|0|315|11.3|18.9|315|21.4|54.6|0.00|0.13|43.285|15.0253
14|34|0|315|5.8|18.9|315|20.8|54.2|0.00|0.13|43.2949|13.9156
14|35|0|315|5.8|18.9|315|20.5|54.2|0.00|0.13|43.294|13.9156
14|38|0|270|4.4|18.9|315|19.8|54.7|0.00|0.13|43.2903|12.7554
14|39|0|270|2.9|18.9|315|19.7|55.0|0.00|0.13|43.2917|13.58
14|40|0|270|1.5|18.9|315|19.5|55.2|0.00|0.13|43.2929|13.58
14|41|0|270|9.7|18.9|315|19.3|55.2|0.00|0.13|43.2911|13.58
14|42|0|248|8.7|18.9|315|19.0|55.3|0.00|0.13|43.2924|13.58
14|43|0|315|11.6|18.9|315|19.4|55.0|0.00|0.13|43.2877|13.58
14|44|0|315|4.8|18.9|315|19.9|54.5|0.00|0.13|43.2955|12.7554
14|45|0|315|8.7|18.9|315|19.8|54.5|0.00|0.13|43.3006|12.7554
14|46|0|315|8.1|18.9|315|19.8|54.2|0.00|0.13|43.296|12.7554
14|47|0|270|7.3|18.9|315|20.1|54.3|0.00|0.13|43.2955|13.9156
14|48|0|270|8.7|18.9|315|19.8|54.5|0.00|0.13|43.2956|12.7554
14|50|0|270|16.0|20.4|270|19.8|54.4|0.00|0.13|43.2971|12.7554
14|51|0|270|7.3|20.4|270|19.6|54.4|0.00|0.13|43.2984|12.7554
14|52|0|270|4.4|20.4|270|19.8|54.3|0.00|0.13|43.2971|12.7554
14|53|0|270|10.2|20.4|270|20.0|54.2|0.00|0.13|43.2983|13.9156
14|55|0|270|7.3|20.4|270|20.2|54.0|0.00|0.13|43.2974|13.9156
14|56|0|315|6.4|20.4|270|20.4|54.2|0.00|0.13|43.2971|13.9156
14|57|0|270|4.8|20.4|270|20.5|54.3|0.00|0.13|43.2987|13.9156
14|58|0|315|5.8|20.4|270|20.1|54.4|0.00|0.13|43.2989|13.9156
14|59|0|315|13.1|20.4|270|20.9|54.3|0.00|0.13|43.2974|13.9156
15|00|0|315|14.5|20.4|270|20.2|53.8|0.00|0.13|43.2962|13.0859
15|01|0|315|11.6|20.4|270|20.7|53.6|0.00|0.13|43.2956|13.0859
15|02|0|315|6.4|20.4|270|20.5|53.5|0.00|0.13|43.2989|13.0859
15|03|0|270|10.2|20.9|270|19.9|53.5|0.00|0.13|43.2996|11.9304
15|04|0|315|10.2|20.9|270|19.7|53.4|0.00|0.13|43.2974|11.9304
15|05|0|315|5.8|20.9|270|20.0|53.4|0.00|0.13|43.2995|13.0859
15|06|0|315|10.2|20.9|270|20.5|53.3|0.00|0.13|43.2987|13.0859
15|07|0|315|10.2|20.9|270|20.2|53.2|0.00|0.13|43.3032|13.0859
15|08|0|315|7.3|20.9|270|20.2|53.0|0.00|0.13|43.304|13.0859
15|09|0|315|13.1|20.9|270|20.1|52.8|0.00|0.13|43.3059|12.256
15|11|0|270|8.7|20.9|270|20.7|52.8|0.00|0.13|43.3062|12.256
15|13|0|0|8.7|20.9|270|21.2|52.8|0.00|0.13|43.3044|13.3567
15|14|0|315|14.5|20.9|270|21.0|52.8|0.00|0.13|43.3066|13.3567
15|15|0|315|11.3|20.9|270|20.8|52.8|0.00|0.13|43.3062|12.256
15|16|0|315|8.7|20.9|270|20.3|52.7|0.00|0.13|43.3097|12.256
15|17|0|315|10.2|20.9|270|20.0|52.5|0.00|0.13|43.305|12.256
15|18|0|315|10.2|20.9|270|20.2|52.5|0.00|0.13|43.3054|12.256
15|19|0|315|10.2|20.9|270|20.9|52.6|0.00|0.13|43.3075|12.256
15|20|0|315|10.2|20.9|270|20.5|52.6|0.00|0.13|43.3075|12.256
15|21|0|0|4.8|20.9|270|20.4|52.5|0.00|0.13|43.3064|12.256
15|22|0|315|8.7|20.9|270|20.6|52.5|0.00|0.13|43.3112|12.256
15|23|0|315|7.3|20.9|270|21.0|52.6|0.00|0.13|43.3108|13.3567
15|24|0|315|8.0|20.9|270|20.8|52.6|0.00|0.13|43.3129|12.256
15|25|0|315|5.8|20.9|270|20.6|52.6|0.00|0.13|43.3182|12.256
15|26|0|315|6.4|20.9|270|21.0|52.6|0.00|0.13|43.3165|13.3567
15|28|0|315|8.7|20.9|270|20.4|52.4|0.00|0.13|43.3145|12.256
15|30|0|315|8.7|20.9|270|20.3|52.4|0.00|0.13|43.3157|12.256
15|31|0|270|5.8|20.9|270|20.1|52.4|0.00|0.13|43.3134|12.256
15|33|0|315|4.4|20.9|270|20.2|52.5|0.00|0.13|43.3177|12.256
15|34|0|315|10.2|20.9|270|19.7|52.5|0.00|0.13|43.3155|11.1052
15|35|0|315|5.8|20.9|270|20.1|52.5|0.00|0.13|43.3163|12.256
15|36|0|315|11.3|20.9|270|20.5|52.5|0.00|0.13|43.3115|12.256
15|38|0|315|14.5|20.9|270|21.1|52.4|0.00|0.13|43.3122|13.3567
15|39|0|315|10.2|20.9|270|20.8|52.0|0.00|0.13|43.3124|12.256
15|41|0|315|8.1|20.9|270|21.1|52.2|0.00|0.13|43.3154|13.3567
15|42|0|315|8.7|20.9|270|20.2|52.2|0.00|0.13|43.3166|12.256
15|44|0|315|11.6|20.9|270|19.6|52.0|0.00|0.13|43.3127|11.1052
15|45|0|315|6.4|20.9|270|19.8|52.2|0.00|0.13|43.3149|11.1052
15|46|0|315|8.7|20.9|270|20.0|52.2|0.00|0.13|43.3155|12.256
15|47|0|270|8.0|20.9|270|20.0|52.2|0.00|0.13|43.3165|12.256
15|48|0|270|4.4|20.9|270|20.0|52.5|0.00|0.13|43.3175|12.256
15|49|0|270|6.4|20.9|270|19.8|52.7|0.00|0.13|43.3201|11.1052
15|50|0|225|4.4|20.9|270|19.8|53.0|0.00|0.13|43.3241|11.9304
15|51|0|270|7.3|20.9|270|19.8|53.0|0.00|0.13|43.3244|11.9304
15|52|0|270|6.4|20.9|270|20.2|52.9|0.00|0.13|43.323|12.256
15|55|0|270|9.7|20.9|270|20.6|52.8|0.00|0.13|43.3253|12.256
15|56|0|315|8.7|20.9|270|20.5|52.8|0.00|0.13|43.3246|12.256
15|58|0|315|7.3|20.9|270|20.9|52.6|0.00|0.13|43.3245|12.256
15|59|0|315|8.7|20.9|270|21.0|52.5|0.00|0.13|43.3241|13.3567
16|00|0|315|13.1|20.9|270|21.1|52.2|0.00|0.13|43.3209|13.3567
16|02|0|0|9.7|20.9|270|21.2|52.0|0.00|0.13|43.3198|13.3567
16|03|0|270|13.1|20.9|270|21.5|51.9|0.00|0.13|43.3187|12.5219
16|04|0|315|10.2|20.9|270|21.3|51.7|0.00|0.13|43.3179|12.5219
16|05|0|315|5.8|20.9|270|21.3|51.9|0.00|0.13|43.3206|12.5219
16|06|0|270|10.2|20.9|270|21.0|52.0|0.00|0.13|43.3201|13.3567
16|07|0|270|5.8|20.9|270|20.8|52.0|0.00|0.13|43.3227|12.256
16|09|0|315|4.4|20.9|270|21.2|52.1|0.00|0.13|43.3238|13.3567
16|10|0|315|2.9|20.9|270|21.5|52.1|0.00|0.13|43.3299|13.3567
16|11|0|0|4.4|20.9|270|21.8|52.0|0.00|0.13|43.33|13.3567
16|12|0|0|4.4|20.9|270|21.4|52.0|0.00|0.13|43.3277|13.3567
16|13|0|315|4.8|20.9|270|21.2|52.1|0.00|0.13|43.3273|13.3567
16|14|0|315|5.8|20.9|270|21.7|52.1|0.00|0.13|43.3273|13.3567
16|15|0|270|4.8|20.9|270|21.5|52.0|0.00|0.13|43.3262|13.3567
16|16|0|270|5.8|20.9|270|21.4|52.0|0.00|0.13|43.3251|13.3567
16|17|0|270|1.5|20.9|270|20.9|52.1|0.00|0.13|43.3251|12.256
16|18|0|270|6.4|20.9|270|21.0|52.2|0.00|0.13|43.3262|13.3567
16|19|0|315|7.3|20.9|270|20.5|52.4|0.00|0.13|43.3278|12.256
16|20|0|225|6.4|20.9|270|20.4|52.5|0.00|0.13|43.3307|12.256
16|21|0|225|10.2|20.9|270|20.5|52.7|0.00|0.13|43.3267|12.256
16|22|0|270|4.8|20.9|270|20.6|52.8|0.00|0.13|43.3324|12.256
16|23|0|315|5.8|20.9|270|20.6|53.0|0.00|0.13|43.3309|13.0859
16|25|0|225|2.9|20.9|270|20.3|53.2|0.00|0.13|43.336|13.0859
16|26|0|270|1.5|20.9|270|20.2|53.4|0.00|0.13|43.336|13.0859
16|27|0|270|4.8|20.9|270|19.8|53.5|0.00|0.13|43.3363|11.9304
16|28|0|315|4.4|20.9|270|19.5|53.6|0.00|0.13|43.3374|11.9304
16|29|0|315|8.1|20.9|270|19.3|53.6|0.00|0.13|43.3346|11.9304
16|31|0|315|10.2|20.9|270|20.1|53.4|0.00|0.13|43.337|13.0859
16|32|0|315|10.2|20.9|270|20.2|53.0|0.00|0.13|43.3325|13.0859
16|33|0|315|4.4|20.9|270|20.3|52.8|0.00|0.13|43.3386|12.256
16|34|0|270|2.9|20.9|270|20.3|52.9|0.00|0.13|43.3381|12.256
16|35|0|248|2.9|20.9|270|20.0|52.9|0.00|0.13|43.3382|12.256
16|36|0|270|5.8|20.9|270|19.9|52.9|0.00|0.13|43.3387|11.1052
16|37|0|315|5.8|20.9|270|20.2|52.7|0.00|0.13|43.3376|12.256
16|38|0|315|6.4|20.9|270|20.5|52.5|0.00|0.13|43.3348|12.256
16|40|0|270|4.8|20.9|270|21.1|52.2|0.00|0.13|43.3362|13.3567
16|41|0|270|1.5|20.9|270|20.5|52.1|0.00|0.13|43.3337|12.256
16|42|0|315|4.4|20.9|270|20.4|52.4|0.00|0.13|43.3356|12.256
16|43|0|315|6.4|20.9|270|20.1|52.4|0.00|0.13|43.3357|12.256
16|44|0|315|11.6|20.9|270|20.7|52.1|0.00|0.13|43.3339|12.256
16|45|0|315|6.4|20.9|270|20.8|51.7|0.00|0.13|43.3387|11.4257
16|48|0|315|4.4|20.9|270|21.0|51.5|0.00|0.13|43.3364|12.5219
16|49|0|270|4.4|20.9|270|21.0|51.3|0.00|0.13|43.3408|12.5219
16|50|0|315|5.8|20.9|270|21.3|51.2|0.00|0.13|43.3421|12.5219
16|51|0|270|10.2|20.9|270|21.7|51.1|0.00|0.13|43.3446|12.5219
16|52|0|315|2.9|20.9|270|21.5|51.1|0.00|0.13|43.3504|12.5219
16|53|0|225|1.5|20.9|270|21.3|51.2|0.00|0.13|43.3506|12.5219
16|54|0|270|4.4|20.9|270|21.1|51.1|0.00|0.13|43.3495|12.5219
16|55|0|270|1.5|20.9|270|21.1|51.2|0.00|0.13|43.354|12.5219
16|57|0|315|6.4|20.9|270|21.3|51.1|0.00|0.13|43.3532|12.5219
16|58|0|315|2.9|20.9|270|21.2|51.1|0.00|0.13|43.3536|12.5219
16|59|0|270|5.8|20.9|270|21.2|51.1|0.00|0.13|43.3547|12.5219
17|00|0|315|10.2|20.9|270|21.2|50.9|0.00|0.13|43.3529|11.6868
17|01|0|315|4.4|20.9|270|21.3|50.9|0.00|0.13|43.3563|11.6868
17|02|0|315|8.1|20.9|270|20.8|50.8|0.00|0.13|43.3557|10.595
17|03|0|225|2.9|20.9|270|20.4|50.9|0.00|0.13|43.3584|10.595
17|04|0|270|5.8|20.9|270|20.3|50.8|0.00|0.13|43.3581|10.595
17|05|0|270|6.4|20.9|270|20.2|50.8|0.00|0.13|43.3585|10.595
17|06|0|270|5.8|20.9|270|20.3|50.7|0.00|0.13|43.3603|10.595
17|08|0|270|11.3|20.9|270|20.5|50.5|0.00|0.13|43.3622|10.595
17|09|0|315|7.3|20.9|270|20.0|50.2|0.00|0.13|43.3606|10.595
17|10|0|270|8.0|20.9|270|20.1|50.1|0.00|0.13|43.3647|10.595
17|11|0|270|4.4|20.9|270|20.1|50.0|0.00|0.13|43.3675|10.595
17|12|0|315|4.8|20.9|270|20.2|49.8|0.00|0.13|43.3671|9.76409
17|15|0|315|4.4|20.9|270|20.6|49.5|0.00|0.13|43.3696|9.76409
17|16|0|315|1.6|20.9|270|20.9|49.5|0.00|0.13|43.3696|9.76409
17|17|0|315|7.3|20.9|270|21.1|49.4|0.00|0.13|43.3692|10.8514
17|18|0|270|6.4|20.9|270|21.0|49.4|0.00|0.13|43.3702|10.8514
17|19|0|315|2.9|20.9|270|21.2|49.4|0.00|0.13|43.3712|10.8514
17|20|0|270|5.8|20.9|270|21.5|49.4|0.00|0.13|43.3712|10.8514
17|21|0|225|1.6|20.9|270|21.6|49.3|0.00|0.13|43.3707|10.8514
17|22|0|225|4.4|20.9|270|21.6|49.4|0.00|0.13|43.3714|10.8514
17|23|0|225|1.5|20.9|270|21.6|49.3|0.00|0.13|43.3706|10.8514
17|24|0|270|5.8|20.9|270|21.6|49.4|0.00|0.13|43.3706|10.8514
17|25|0|270|4.4|20.9|270|21.7|49.4|0.00|0.13|43.3723|10.8514
17|26|0|270|6.4|20.9|270|21.6|49.4|0.00|0.13|43.3746|10.8514
17|28|0|248|2.9|20.9|270|21.8|49.4|0.00|0.13|43.3749|10.8514
17|30|0|270|4.8|20.9|270|21.9|49.4|0.00|0.13|43.3753|10.8514
17|31|0|270|5.8|20.9|270|21.8|49.5|0.00|0.13|43.3777|10.8514
17|32|0|225|4.4|20.9|270|21.9|49.7|0.00|0.13|43.3793|10.8514
17|33|0|315|5.8|20.9|270|21.7|49.4|0.00|0.13|43.3778|10.8514
17|34|0|248|4.4|20.9|270|21.8|49.5|0.00|0.13|43.3787|10.8514
17|35|0|270|2.9|20.9|270|21.9|49.7|0.00|0.13|43.3803|10.8514
17|36|0|225|3.2|20.9|270|21.9|49.7|0.00|0.13|43.3789|10.8514
17|37|0|270|8.7|20.9|270|21.9|49.7|0.00|0.13|43.3815|10.8514
17|40|0|315|4.4|20.9|270|22.0|49.4|0.00|0.13|43.379|11.8935
17|42|0|248|3.2|20.9|270|22.2|49.4|0.00|0.13|43.3795|11.8935
17|43|0|270|1.5|20.9|270|22.1|49.3|0.00|0.13|43.3812|11.8935
17|44|0|270|2.9|20.9|270|22.3|49.3|0.00|0.13|43.3806|11.8935
17|45|0|270|2.9|20.9|270|22.1|49.2|0.00|0.13|43.3829|11.8935
17|46|0|270|4.4|20.9|270|21.6|49.1|0.00|0.13|43.3823|10.8514
17|47|0|225|6.4|20.9|270|21.6|49.1|0.00|0.13|43.3824|10.8514
17|48|0|270|2.9|20.9|270|21.6|49.0|0.00|0.13|43.3815|10.8514
17|49|0|270|6.4|20.9|270|21.7|48.9|0.00|0.13|43.3816|10.0156
17|50|0|270|8.7|20.9|270|21.7|48.8|0.00|0.13|43.3823|10.0156
17|51|0|270|2.9|20.9|270|21.8|48.5|0.00|0.13|43.3831|10.0156
17|53|0|225|10.2|20.9|270|22.2|48.3|0.00|0.13|43.3872|11.0535
17|54|0|315|7.3|20.9|270|22.4|48.1|0.00|0.13|43.3905|11.0535
17|55|0|270|4.4|20.9|270|22.7|48.0|0.00|0.13|43.3938|11.0535
17|56|0|270|4.4|20.9|270|23.1|47.9|0.00|0.13|43.3942|11.2057
17|57|0|270|1.6|20.9|270|23.2|47.9|0.00|0.13|43.3965|11.2057
17|58|0|270|1.5|20.9|270|23.1|47.7|0.00|0.13|43.3956|11.2057
17|59|0|270|4.4|20.9|270|23.2|47.5|0.00|0.13|43.3926|11.2057
18|00|0|270|4.4|20.9|270|23.2|47.5|0.00|0.13|43.3965|11.2057
18|01|0|270|2.9|20.9|270|23.4|47.4|0.00|0.13|43.3952|11.2057
18|02|0|315|1.6|20.9|270|23.4|47.3|0.00|0.13|43.3942|11.2057
18|04|0|270|2.9|20.9|270|23.6|47.3|0.00|0.13|43.3958|11.2057
18|05|0|270|1.6|20.9|270|23.7|47.2|0.00|0.13|43.3956|11.2057
18|07|0|315|7.3|20.9|270|23.7|47.1|0.00|0.13|43.3958|11.2057
18|08|0|225|4.4|20.9|270|23.6|47.1|0.00|0.13|43.3996|11.2057
18|09|0|270|1.5|20.9|270|23.5|47.0|0.00|0.13|43.4011|11.2057
18|10|0|270|1.6|20.9|270|23.6|47.0|0.00|0.13|43.4024|11.2057
18|11|0|315|2.9|20.9|270|23.6|46.8|0.00|0.13|43.4024|10.3609
18|12|0|270|1.5|20.9|270|23.4|46.8|0.00|0.13|43.4031|10.3609
18|13|0|315|3.2|20.9|270|23.3|46.7|0.00|0.13|43.4044|10.3609
18|14|0|270|4.4|20.9|270|23.3|46.7|0.00|0.13|43.4045|10.3609
18|15|0|315|6.4|20.9|270|23.1|46.6|0.00|0.13|43.408|10.3609
18|16|0|225|1.5|20.9|270|23.2|46.6|0.00|0.13|43.407|10.3609
18|17|0|225|5.8|20.9|270|23.3|46.6|0.00|0.13|43.4062|10.3609
18|18|0|270|4.8|20.9|270|23.2|46.5|0.00|0.13|43.408|10.3609
18|19|0|270|2.9|20.9|270|23.2|46.5|0.00|0.13|43.4092|10.3609
18|20|0|315|3.2|20.9|270|23.3|46.5|0.00|0.13|43.4103|10.3609
18|22|0|315|2.9|20.9|270|23.6|46.4|0.00|0.13|43.4089|10.3609
18|22|0|338|1.5|20.9|270|23.7|46.4|0.00|0.13|43.41|10.3609
18|24|0|315|1.5|20.9|270|23.7|46.3|0.00|0.13|43.4113|10.3609
18|25|0|315|2.9|20.9|270|23.7|46.2|0.00|0.13|43.4134|10.3609
18|26|0|270|2.9|20.9|270|23.7|46.1|0.00|0.13|43.4174|10.3609
18|27|0|270|1.5|20.9|270|23.9|46.1|0.00|0.13|43.4184|10.3609
18|28|0|270|3.2|20.9|270|23.9|46.1|0.00|0.13|43.4196|10.3609
18|29|0|270|1.5|20.9|270|23.9|46.0|0.00|0.13|43.4199|10.3609
18|30|0|270|4.4|20.9|270|23.9|46.0|0.00|0.13|43.4198|10.3609
18|31|0|315|1.5|20.9|270|23.9|46.0|0.00|0.13|43.421|10.3609
18|32|0|270|2.9|20.9|270|24.1|45.8|0.00|0.13|43.4188|10.4627
18|33|0|270|3.2|20.9|270|24.0|45.7|0.00|0.13|43.4206|10.4627
18|34|0|315|2.9|20.9|270|24.1|45.7|0.00|0.13|43.4214|10.4627
18|35|0|270|1.6|20.9|270|24.3|45.6|0.00|0.13|43.4217|10.4627
18|36|0|315|1.5|20.9|270|24.4|45.6|0.00|0.13|43.4235|10.4627
18|37|0|270|5.8|20.9|270|24.5|45.5|0.00|0.13|43.421|10.4627
18|38|0|270|4.4|20.9|270|24.5|45.4|0.00|0.13|43.4246|10.4627
18|39|0|270|1.5|20.9|270|24.4|45.4|0.00|0.13|43.4253|10.4627
18|40|0|270|0.0|20.9|270|24.7|45.3|0.00|0.13|43.4287|10.4627
18|41|0|315|1.5|20.9|270|24.9|45.3|0.00|0.13|43.4281|10.4627
18|43|0|270|1.5|20.9|270|25.0|45.2|0.00|0.13|43.4293|11.3751
18|44|0|225|1.5|20.9|270|25.0|45.2|0.00|0.13|43.4309|11.3751
18|45|0|315|1.5|20.9|270|25.2|45.0|0.00|0.13|43.4338|11.3751
18|46|0|270|3.2|20.9|270|25.2|44.8|0.00|0.13|43.4334|10.5219
18|47|0|270|1.5|20.9|270|25.2|44.7|0.00|0.13|43.4334|10.5219
18|48|0|270|0.0|20.9|270|25.4|44.8|0.00|0.13|43.4353|10.5219
18|49|0|270|0.0|20.9|270|25.6|44.7|0.00|0.13|43.4336|10.5219
18|50|0|248|1.5|20.9|270|25.6|44.7|0.00|0.13|43.4349|10.5219
18|51|0|180|0.0|20.9|270|25.6|44.7|0.00|0.13|43.4359|10.5219
18|52|0|225|2.9|20.9|270|25.6|44.6|0.00|0.13|43.4357|10.5219
18|53|0|270|4.8|20.9|270|25.9|44.6|0.00|0.13|43.4356|10.5219
18|54|0|315|2.9|20.9|270|25.8|44.5|0.00|0.13|43.436|10.5219
18|55|0|270|2.9|20.9|270|25.9|44.5|0.00|0.13|43.4376|10.5219
18|56|0|315|1.5|20.9|270|26.0|44.5|0.00|0.13|43.4357|11.3988
18|57|0|270|1.5|20.9|270|26.1|44.6|0.00|0.13|43.4379|11.3988
18|58|0|315|1.6|20.9|270|26.1|44.6|0.00|0.13|43.4402|11.3988
19|00|0|315|1.6|20.9|270|26.4|44.6|0.00|0.13|43.4427|11.3988
19|01|0|315|1.5|20.9|270|26.6|44.5|0.00|0.13|43.4411|11.3988
19|02|0|270|1.5|20.9|270|26.4|44.4|0.00|0.13|43.4412|11.3988
19|03|0|270|1.5|20.9|270|26.5|44.4|0.00|0.13|43.4429|11.3988
19|04|0|270|0.0|20.9|270|26.4|44.3|0.00|0.13|43.4434|11.3988
19|06|0|270|0.0|20.9|270|26.4|44.3|0.00|0.13|43.4446|11.3988
19|07|0|270|0.0|20.9|270|26.5|44.3|0.00|0.13|43.446|11.3988
19|08|0|270|0.0|20.9|270|26.7|44.3|0.00|0.13|43.4485|11.3988
19|09|0|270|0.0|20.9|270|26.7|44.2|0.00|0.13|43.4495|11.3988
19|10|0|270|0.0|20.9|270|26.6|44.2|0.01|0.14|43.45|11.3988
19|11|0|315|1.5|20.9|270|26.9|44.0|0.01|0.14|43.4493|11.3988
19|12|0|315|0.0|20.9|270|27.0|44.0|0.01|0.14|43.4519|12.2461
19|13|0|315|1.5|20.9|270|27.1|43.9|0.01|0.14|43.4524|11.3854
19|14|0|225|3.2|20.9|270|27.0|43.8|0.01|0.14|43.4526|11.3854
19|15|0|270|0.0|20.9|270|27.0|43.8|0.01|0.14|43.4546|11.3854
19|16|0|315|1.5|20.9|270|27.0|43.7|0.01|0.14|43.4558|11.3854
19|17|0|270|1.6|20.9|270|27.0|43.7|0.01|0.14|43.4562|11.3854
19|18|0|180|1.5|20.9|270|27.2|43.6|0.01|0.14|43.4562|11.3854
19|19|0|180|0.0|20.9|270|27.4|43.6|0.01|0.14|43.4573|11.3854
19|20|0|315|2.9|20.9|270|27.4|43.5|0.01|0.14|43.4579|11.3854
19|21|0|0|2.9|20.9|270|27.7|43.5|0.01|0.14|43.4593|11.3854
19|23|0|315|1.5|20.9|270|27.7|43.4|0.01|0.14|43.4571|11.3854
19|24|0|270|0.0|20.9|270|27.9|43.4|0.01|0.14|43.4579|11.3854
19|25|0|315|1.5|20.9|270|28.1|43.2|0.01|0.14|43.4574|12.2018
19|26|0|315|2.9|20.9|270|28.1|43.1|0.01|0.14|43.4574|12.2018
19|27|0|315|1.6|20.9|270|28.1|43.0|0.01|0.14|43.4577|12.2018
19|28|0|315|1.5|20.9|270|28.5|42.9|0.01|0.14|43.4563|11.3373
19|29|0|315|1.5|20.9|270|28.7|42.9|0.01|0.14|43.458|11.3373
19|30|0|315|2.9|20.9|270|28.8|42.8|0.01|0.14|43.4561|11.3373
19|31|0|315|1.5|20.9|270|29.3|42.6|0.01|0.14|43.4579|12.1248
19|32|0|315|1.6|20.9|270|29.8|42.5|0.01|0.14|43.4577|12.1248
19|33|0|0|1.5|20.9|270|29.6|42.3|0.01|0.14|43.4602|12.1248
19|34|0|0|1.6|20.9|270|29.4|42.2|0.01|0.14|43.4603|12.1248
19|35|0|315|0.0|20.9|270|29.4|42.1|0.01|0.14|43.4618|12.1248
19|36|0|315|0.0|20.9|270|29.4|42.0|0.01|0.14|43.4609|12.1248
19|37|0|315|0.0|20.9|270|29.2|41.9|0.01|0.14|43.4633|11.2566
19|38|0|0|1.5|20.9|270|29.2|41.9|0.01|0.14|43.4623|11.2566
19|39|0|0|0.0|20.9|270|29.3|41.9|0.01|0.14|43.4628|11.2566
19|40|0|0|0.0|20.9|270|29.1|41.9|0.01|0.14|43.4632|11.2566
19|41|0|0|0.0|20.9|270|29.1|41.9|0.01|0.14|43.4627|11.2566
19|43|0|45|1.6|20.9|270|29.1|41.9|0.01|0.14|43.4628|11.2566
19|44|0|90|1.5|20.9|270|29.1|41.9|0.01|0.14|43.4632|11.2566
19|46|0|23|4.8|20.9|270|29.5|42.0|0.01|0.14|43.4655|12.1248
19|47|0|0|1.5|20.9|270|29.6|41.9|0.01|0.14|43.4638|11.2566
19|48|0|0|2.9|20.9|270|29.7|42.0|0.01|0.14|43.4649|12.1248
19|49|0|0|5.8|20.9|270|29.6|42.0|0.01|0.14|43.4659|12.1248
19|50|0|315|1.5|20.9|270|29.2|42.1|0.01|0.14|43.4684|12.1248
19|51|0|315|1.5|20.9|270|29.8|42.1|0.01|0.14|43.4684|12.1248
19|52|0|315|1.6|20.9|270|29.7|42.1|0.01|0.14|43.4678|12.1248
19|54|0|225|1.5|20.9|270|30.0|42.2|0.02|0.15|43.4691|12.8885
19|55|0|225|0.0|20.9|270|29.8|42.1|0.02|0.15|43.4673|12.1248
19|56|0|225|1.5|20.9|270|29.8|42.1|0.02|0.15|43.4685|12.1248
19|57|0|225|0.0|20.9|270|30.0|42.0|0.02|0.15|43.4683|12.8885
19|58|0|135|3.2|20.9|270|29.9|42.0|0.02|0.15|43.4685|12.1248
19|59|0|225|1.6|20.9|270|29.8|42.0|0.02|0.15|43.47|12.1248
20|00|0|225|0.0|20.9|270|30.0|41.9|0.02|0.15|43.4695|12.0171
20|02|0|225|1.5|20.9|270|29.9|41.9|0.02|0.15|43.4695|11.2566
20|03|0|225|0.0|20.9|270|29.7|41.8|0.02|0.15|43.4666|11.2566
20|04|0|135|1.5|20.9|270|29.6|41.8|0.02|0.15|43.4669|11.2566
20|05|0|135|1.5|20.9|270|29.8|41.7|0.02|0.15|43.4676|11.2566
20|06|0|0|0.0|20.9|270|29.7|41.7|0.02|0.15|43.4677|11.2566
20|08|0|0|1.5|20.9|270|30.1|41.6|0.02|0.15|43.4664|12.0171
20|09|0|0|1.6|20.9|270|30.1|41.5|0.02|0.15|43.4683|12.0171
20|10|0|0|1.5|20.9|270|30.4|41.5|0.01|0.15|43.47|12.0171
20|11|0|180|3.2|20.9|270|30.5|41.3|0.01|0.15|43.4704|12.0171
20|12|0|135|1.5|20.9|270|30.5|41.3|0.01|0.15|43.4709|12.0171
20|13|0|225|0.0|20.9|270|30.3|41.2|0.01|0.15|43.4707|12.0171
20|14|0|270|1.5|20.9|270|30.1|41.2|0.01|0.15|43.4744|12.0171
20|15|0|270|1.6|20.9|270|30.0|41.2|0.01|0.15|43.475|12.0171
20|16|0|270|1.5|20.9|270|30.0|41.2|0.01|0.15|43.4752|12.0171
20|17|0|270|0.0|20.9|270|30.0|41.3|0.01|0.15|43.4731|12.0171
20|18|0|270|0.0|20.9|270|29.9|41.5|0.01|0.15|43.4753|11.2566
20|19|0|270|0.0|20.9|270|29.9|41.5|0.01|0.15|43.471|11.2566
20|21|0|270|1.6|20.9|270|29.9|41.6|0.01|0.15|43.4734|11.2566
20|22|0|270|2.9|20.9|270|30.1|41.7|0.01|0.15|43.4796|12.0171
20|23|0|270|0.0|20.9|270|30.2|41.7|0.01|0.15|43.4773|12.0171
20|24|0|270|0.0|20.9|270|30.3|41.7|0.01|0.15|43.4768|12.0171
20|25|0|270|0.0|20.9|270|30.4|41.7|0.01|0.15|43.478|12.0171
20|26|0|270|0.0|20.9|270|30.4|41.6|0.01|0.15|43.4794|12.0171
20|27|0|270|0.0|20.9|270|30.5|41.6|0.01|0.15|43.4812|12.0171
20|28|0|135|1.5|20.9|270|30.3|41.6|0.01|0.15|43.4822|12.0171
20|29|0|135|0.0|20.9|270|30.4|41.5|0.01|0.15|43.4848|12.0171
20|30|0|180|1.5|20.9|270|30.7|41.3|0.01|0.15|43.4857|12.0171
20|31|0|135|1.5|20.9|270|30.8|41.3|0.01|0.15|43.4859|12.0171
20|33|0|90|1.5|20.9|270|30.7|41.1|0.01|0.15|43.489|12.0171
20|34|0|135|3.2|20.9|270|31.1|41.0|0.01|0.15|43.4896|12.7553
20|35|0|90|1.5|20.9|270|31.1|40.9|0.01|0.15|43.4914|11.8805
20|36|0|90|1.5|20.9|270|31.1|40.9|0.01|0.15|43.4916|11.8805
20|37|0|90|1.5|20.9|270|31.2|40.8|0.01|0.15|43.4905|11.8805
20|38|0|90|4.4|20.9|270|31.3|40.8|0.01|0.15|43.4905|11.8805
20|41|0|90|1.5|20.9|270|31.3|40.7|0.01|0.15|43.4953|11.8805
20|42|0|0|1.6|20.9|270|31.3|40.7|0.01|0.15|43.4954|11.8805
20|43|0|90|0.0|20.9|270|31.4|40.5|0.01|0.15|43.4958|11.8805
20|44|0|90|2.9|20.9|270|31.4|40.5|0.01|0.15|43.4996|11.8805
20|46|0|90|1.5|20.9|270|31.6|40.3|0.01|0.15|43.4992|11.8805
20|47|0|45|1.6|20.9|270|32.0|40.2|0.01|0.15|43.4988|12.5948
20|48|0|135|3.2|20.9|270|32.3|40.1|0.01|0.15|43.5019|12.5948
20|49|0|90|0.0|20.9|270|32.3|40.0|0.01|0.15|43.5002|12.5948
20|50|0|90|0.0|20.9|270|32.5|39.9|0.01|0.15|43.5002|11.7166
20|51|0|90|1.5|20.9|270|32.6|39.8|0.01|0.15|43.4981|11.7166
20|54|0|90|1.5|20.9|270|32.8|39.5|0.00|0.15|43.496|11.7166
20|55|0|90|2.9|20.9|270|32.7|39.4|0.00|0.15|43.4967|11.7166
20|56|0|90|2.9|20.9|270|32.8|39.3|0.00|0.15|43.4983|11.7166
20|58|0|90|0.0|20.9|270|32.8|39.3|0.00|0.15|43.4997|11.7166
20|59|0|90|0.0|20.9|270|32.8|39.3|0.00|0.15|43.5001|11.7166
21|01|0|45|1.5|20.9|270|32.9|39.3|0.00|0.15|43.4987|11.7166
21|02|0|45|1.5|20.9|270|33.0|39.3|0.00|0.15|43.5031|12.4083
21|03|0|45|0.0|20.9|270|33.5|39.3|0.00|0.15|43.5032|12.4083
21|04|0|0|1.5|20.9|270|34.8|39.2|0.00|0.15|43.5047|13.0816
21|05|0|0|2.9|20.9|270|36.8|39.1|0.00|0.15|43.5041|14.377
21|06|0|45|1.6|20.9|270|35.3|39.0|0.00|0.15|43.5011|13.7375
21|07|0|45|1.5|20.9|270|34.5|38.9|0.00|0.15|43.5022|12.1973
21|09|0|45|1.5|20.9|270|34.7|38.6|0.00|0.15|43.5035|12.1973
21|10|0|45|1.5|20.9|270|35.1|38.6|0.00|0.15|43.5033|12.8504
21|11|0|90|2.9|20.9|270|35.6|38.5|0.00|0.15|43.5045|12.8504
21|12|0|90|1.5|20.9|270|35.5|38.4|0.00|0.15|43.5034|12.8504
21|13|0|45|2.9|20.9|270|35.5|38.3|0.00|0.15|43.5035|12.8504
21|14|0|45|3.2|20.9|270|35.5|38.2|0.00|0.15|43.5055|12.8504
21|15|0|0|4.4|20.9|270|35.7|38.1|0.00|0.15|43.5074|12.8504
21|16|0|45|2.9|20.9|270|35.5|38.0|0.01|0.17|43.5088|12.8504
21|18|0|45|2.9|20.9|270|35.4|38.0|0.01|0.17|43.5081|12.8504
21|20|0|45|0.0|20.9|270|35.4|37.8|0.01|0.17|43.5082|11.963
21|21|0|45|0.0|20.9|270|35.9|37.8|0.01|0.17|43.5082|11.963
21|22|0|45|0.0|20.9|270|36.1|37.8|0.01|0.17|43.5076|12.5969
21|23|0|45|0.0|20.9|270|36.2|37.7|0.01|0.17|43.51|12.5969
21|24|0|45|0.0|20.9|270|36.6|37.7|0.01|0.17|43.51|12.5969
21|25|0|270|1.5|20.9|270|36.6|37.6|0.01|0.17|43.5106|12.5969
21|26|0|270|1.6|20.9|270|36.5|37.5|0.01|0.17|43.5159|12.5969
21|27|0|270|1.5|20.9|270|36.4|37.4|0.02|0.18|43.5149|12.5969
21|28|0|270|1.5|20.9|270|36.3|37.3|0.02|0.18|43.5147|12.5969
21|29|0|270|0.0|20.9|270|36.2|37.2|0.02|0.18|43.5139|12.5969
21|30|0|270|0.0|20.9|270|36.2|37.1|0.02|0.18|43.5138|12.5969
21|31|0|135|1.6|20.9|270|36.6|37.0|0.02|0.18|43.5128|12.5969
21|32|0|135|1.5|20.9|270|37.1|36.8|0.02|0.18|43.511|12.3223
21|33|0|135|1.5|20.9|270|37.0|36.7|0.02|0.18|43.5111|12.3223
21|34|0|135|1.5|20.9|270|37.0|36.7|0.02|0.18|43.5114|12.3223
21|35|0|135|4.4|20.9|270|37.6|36.5|0.02|0.18|43.5105|12.3223
21|36|0|135|1.6|20.9|270|37.8|36.4|0.02|0.18|43.5097|12.3223
21|38|0|135|1.5|20.9|270|37.9|36.4|0.02|0.18|43.5108|12.3223
21|39|0|135|1.5|20.9|270|37.8|36.4|0.02|0.18|43.5092|12.3223
21|40|0|135|0.0|20.9|270|37.8|36.4|0.02|0.18|43.5092|12.3223
21|41|0|135|1.6|20.9|270|37.8|36.4|0.03|0.19|43.5105|12.3223
21|42|0|270|1.5|20.9|270|37.9|36.4|0.03|0.19|43.5119|12.3223
21|43|0|270|1.6|20.9|270|38.3|36.4|0.03|0.19|43.5139|12.9234
21|44|0|315|1.5|20.9|270|39.0|36.3|0.03|0.19|43.5129|13.5106
21|45|0|315|1.5|20.9|270|39.7|36.3|0.03|0.19|43.5135|13.5106
21|46|0|0|1.5|20.9|270|39.8|36.2|0.03|0.19|43.511|13.5106
21|47|0|0|1.6|20.9|270|40.3|36.0|0.03|0.19|43.5133|14.0845
21|48|0|0|1.5|20.9|270|39.9|35.9|0.03|0.19|43.513|12.6121
21|49|0|0|0.0|20.9|270|39.1|35.8|0.03|0.19|43.5133|12.6121
21|50|0|90|1.5|20.9|270|38.8|35.7|0.03|0.19|43.5146|12.0275
21|51|0|90|1.5|20.9|270|38.8|35.7|0.03|0.19|43.5159|12.0275
21|52|0|135|1.5|20.9|270|39.0|35.6|0.03|0.19|43.5144|12.6121
21|53|0|135|0.0|20.9|270|39.3|35.6|0.03|0.19|43.5153|12.6121
21|54|0|135|0.0|20.9|270|39.3|35.6|0.03|0.19|43.5163|12.6121
21|55|0|135|0.0|20.9|270|39.4|35.6|0.03|0.19|43.5159|12.6121
21|57|0|135|0.0|20.9|270|39.4|35.6|0.03|0.19|43.5183|12.6121
21|58|0|135|0.0|20.9|270|39.5|35.5|0.03|0.19|43.517|12.6121
21|59|0|135|0.0|20.9|270|39.6|35.5|0.03|0.19|43.5191|12.6121
22|00|0|135|0.0|20.9|270|39.6|35.4|0.03|0.19|43.5185|12.6121
22|01|0|90|0.0|20.9|270|39.7|35.4|0.03|0.19|43.5202|12.6121
22|02|0|90|3.2|20.9|270|39.8|35.3|0.03|0.19|43.5209|12.6121
22|03|0|90|1.5|20.9|270|39.9|35.3|0.03|0.19|43.5229|12.6121
22|04|0|90|1.5|20.9|270|40.0|35.3|0.03|0.19|43.5211|13.1835
22|05|0|90|1.5|20.9|270|40.1|35.2|0.03|0.19|43.5198|13.1835
22|06|0|90|1.5|20.9|270|40.1|35.2|0.03|0.19|43.5225|13.1835
22|07|0|90|0.0|20.9|270|40.0|35.2|0.03|0.19|43.5234|13.1835
22|08|0|90|0.0|20.9|270|39.9|35.0|0.03|0.19|43.522|12.6121
22|09|0|90|0.0|20.9|270|40.0|35.0|0.03|0.19|43.5218|13.1835
22|10|0|90|0.0|20.9|270|40.1|35.0|0.03|0.19|43.5256|13.1835
22|11|0|90|0.0|20.9|270|40.1|35.0|0.03|0.19|43.5251|13.1835
22|12|0|90|0.0|20.9|270|40.1|35.0|0.05|0.21|43.5247|13.1835
22|13|0|90|0.0|20.9|270|40.1|34.9|0.05|0.21|43.5251|12.2823
22|15|0|90|0.0|20.9|270|40.2|35.0|0.05|0.21|43.5268|13.1835
22|16|0|90|0.0|20.9|270|40.2|34.9|0.04|0.21|43.5257|12.2823
22|17|0|90|0.0|20.9|270|40.4|34.9|0.04|0.21|43.5275|12.2823
22|18|0|90|0.0|20.9|270|40.5|34.8|0.04|0.21|43.5255|12.2823
22|19|0|90|0.0|20.9|270|40.7|34.8|0.04|0.21|43.5251|12.2823
22|20|0|90|0.0|20.9|270|40.8|34.7|0.04|0.21|43.527|12.2823
22|21|0|90|0.0|20.9|270|40.8|34.7|0.04|0.21|43.5283|12.2823
22|22|0|90|0.0|20.9|270|41.0|34.6|0.05|0.22|43.5276|12.8387
22|23|0|90|0.0|20.9|270|41.1|34.6|0.05|0.22|43.5291|12.8387
22|24|0|90|0.0|20.9|270|41.4|34.5|0.05|0.22|43.5318|12.8387
22|25|0|90|0.0|20.9|270|41.5|34.4|0.05|0.22|43.5338|12.8387
22|26|0|90|0.0|20.9|270|41.4|34.2|0.04|0.22|43.531|12.8387
22|27|0|90|0.0|20.9|270|41.5|34.1|0.04|0.22|43.5327|12.8387
22|28|0|90|0.0|20.9|270|41.6|34.0|0.04|0.22|43.5343|12.8387
22|29|0|90|0.0|20.9|270|41.8|34.0|0.04|0.22|43.5369|12.8387
22|30|0|90|0.0|20.9|270|41.9|33.9|0.04|0.22|43.5377|11.9348
22|31|0|90|0.0|20.9|270|42.1|33.9|0.04|0.22|43.5376|12.4768
22|32|0|90|1.6|20.9|270|42.5|33.8|0.04|0.22|43.5384|12.4768
22|34|0|90|1.5|20.9|270|42.8|33.7|0.04|0.22|43.5399|12.4768
22|35|0|90|1.5|20.9|270|42.9|33.5|0.04|0.22|43.5404|12.4768
22|36|0|90|1.5|20.9|270|43.0|33.3|0.04|0.22|43.5407|13.0075
22|37|0|90|0.0|20.9|270|42.9|33.2|0.04|0.22|43.5397|12.4768
22|38|0|90|0.0|20.9|270|42.7|33.1|0.04|0.22|43.5413|12.4768
22|39|0|90|0.0|20.9|270|42.7|33.0|0.04|0.22|43.5406|12.4768
22|40|0|90|0.0|20.9|270|43.0|33.0|0.03|0.22|43.5413|13.0075
22|41|0|90|0.0|20.9|270|43.2|32.9|0.03|0.22|43.5391|12.0986
22|42|0|90|0.0|20.9|270|43.3|32.8|0.03|0.22|43.5425|12.0986
22|43|0|90|0.0|20.9|270|43.6|32.8|0.03|0.22|43.5434|12.0986
22|44|0|90|0.0|20.9|270|43.8|32.7|0.03|0.22|43.5432|12.0986
22|45|0|90|1.5|20.9|270|44.1|32.7|0.03|0.22|43.5434|12.6161
22|47|0|90|0.0|20.9|270|44.5|32.6|0.03|0.22|43.546|12.6161
22|48|0|90|0.0|20.9|270|44.6|32.5|0.03|0.22|43.5454|12.6161
22|49|0|90|1.6|20.9|270|44.8|32.3|0.03|0.22|43.5458|12.6161
22|50|0|90|0.0|20.9|270|45.2|32.3|0.03|0.22|43.5465|13.1233
22|51|0|90|0.0|20.9|270|45.6|32.3|0.03|0.22|43.5489|13.1233
22|52|0|90|0.0|20.9|270|45.5|32.3|0.03|0.22|43.5477|13.1233
22|55|0|90|0.0|20.9|270|45.0|32.3|0.03|0.22|43.5481|13.1233
22|56|0|90|0.0|20.9|270|44.8|32.3|0.03|0.22|43.5474|12.6161
22|57|0|90|0.0|20.9|270|44.8|32.5|0.03|0.22|43.5483|12.6161
22|58|0|90|0.0|20.9|270|44.9|32.5|0.03|0.22|43.5496|12.6161
22|59|0|90|0.0|20.9|270|44.8|32.5|0.03|0.22|43.5503|12.6161
23|00|0|90|0.0|20.9|270|44.6|32.5|0.03|0.22|43.5499|12.6161
23|01|0|90|0.0|20.9|270|44.5|32.5|0.03|0.22|43.5506|12.6161
23|02|0|90|0.0|20.9|270|44.7|32.5|0.03|0.22|43.5505|12.6161
23|03|0|90|0.0|20.9|270|45.1|32.5|0.03|0.22|43.5496|13.1233
23|04|0|90|0.0|20.9|270|44.9|32.5|0.03|0.22|43.5514|12.6161
23|05|0|90|0.0|20.9|270|44.8|32.5|0.03|0.22|43.5522|12.6161
23|06|0|90|0.0|20.9|270|44.6|32.5|0.03|0.22|43.5529|12.6161
23|07|0|90|0.0|20.9|270|44.6|32.5|0.03|0.22|43.5514|12.6161
23|08|0|90|1.5|20.9|270|44.8|32.6|0.03|0.22|43.5511|12.6161
23|09|0|90|1.6|20.9|270|44.9|32.6|0.03|0.22|43.5517|12.6161
23|10|0|90|0.0|20.9|270|45.0|32.6|0.03|0.22|43.5524|13.1233
23|11|0|90|1.6|20.9|270|44.9|32.6|0.01|0.22|43.5502|12.6161
23|13|0|90|2.9|20.9|270|44.8|32.7|0.01|0.22|43.5519|12.6161
23|14|0|90|2.9|20.9|270|44.7|32.6|0.01|0.22|43.5502|12.6161
23|15|0|90|1.5|20.9|270|44.7|32.7|0.01|0.22|43.5525|12.6161
23|16|0|90|1.5|20.9|270|44.6|32.7|0.01|0.22|43.5506|12.6161
23|17|0|90|0.0|20.9|270|44.6|32.8|0.01|0.22|43.5527|12.6161
23|18|0|90|1.5|20.9|270|44.7|32.8|0.01|0.22|43.5531|12.6161
23|19|0|90|1.5|20.9|270|44.5|32.8|0.01|0.22|43.5526|12.6161
23|20|0|90|0.0|20.9|270|44.4|32.8|0.01|0.22|43.5536|12.6161
23|21|0|90|2.9|20.9|270|44.5|32.9|0.01|0.22|43.556|12.6161
23|22|0|270|3.2|20.9|270|45.0|32.9|0.00|0.22|43.5558|13.1233
23|23|0|270|2.9|20.9|270|45.4|32.8|0.00|0.22|43.5566|13.1233
23|24|0|270|1.5|20.9|270|45.4|32.8|0.00|0.22|43.5542|13.1233
23|25|0|270|0.0|20.9|270|45.3|32.8|0.00|0.22|43.5552|13.1233
23|26|0|90|1.5|20.9|270|45.2|32.8|0.00|0.22|43.5541|13.1233
23|27|0|90|2.9|20.9|270|44.9|32.7|0.00|0.22|43.5529|12.6161
23|28|0|90|1.5|20.9|270|44.6|32.6|0.00|0.22|43.5521|12.6161
23|29|0|90|0.0|20.9|270|44.5|32.6|0.00|0.22|43.5542|12.6161
23|30|0|90|0.0|20.9|270|44.6|32.6|0.00|0.22|43.555|12.6161
23|31|0|90|0.0|20.9|270|44.7|32.6|0.00|0.23|43.5553|12.6161
23|32|0|90|1.6|20.9|270|45.0|32.6|0.01|0.23|43.5559|13.1233
23|33|0|90|0.0|20.9|270|44.9|32.6|0.01|0.23|43.5578|12.6161
23|36|0|90|0.0|20.9|270|45.0|32.5|0.01|0.23|43.5578|13.1233
23|37|0|90|0.0|20.9|270|45.0|32.5|0.01|0.23|43.5605|13.1233
23|38|0|90|0.0|20.9|270|44.9|32.5|0.01|0.23|43.5592|12.6161
23|39|0|90|1.6|20.9|270|44.9|32.5|0.01|0.23|43.5575|12.6161
23|40|0|90|1.5|20.9|270|44.8|32.5|0.01|0.23|43.5574|12.6161
23|41|0|90|1.6|20.9|270|44.8|32.3|0.01|0.23|43.5558|12.6161
23|42|0|90|1.5|20.9|270|44.9|32.3|0.01|0.23|43.5588|12.6161
23|43|0|90|1.5|20.9|270|45.0|32.3|0.01|0.23|43.5567|13.1233
23|44|0|90|1.6|20.9|270|45.0|32.3|0.01|0.23|43.5569|13.1233
23|45|0|90|1.5|20.9|270|45.1|32.3|0.01|0.23|43.5572|13.1233
23|46|0|90|1.6|20.9|270|45.0|32.3|0.01|0.23|43.5582|13.1233
23|47|0|90|1.5|20.9|270|45.0|32.2|0.01|0.23|43.5584|13.1233
23|48|0|90|1.5|20.9|270|45.0|32.2|0.01|0.23|43.5572|13.1233
23|49|0|90|0.0|20.9|270|44.9|32.2|0.01|0.23|43.5608|12.6161
23|50|0|90|1.5|20.9|270|44.9|32.2|0.01|0.23|43.5597|12.6161
23|51|0|225|1.6|20.9|270|45.2|32.1|0.01|0.23|43.5596|13.1233
23|52|0|225|1.5|20.9|270|45.3|32.1|0.01|0.23|43.5585|13.1233
23|53|0|225|1.5|20.9|270|45.3|32.1|0.01|0.23|43.5594|13.1233
23|54|0|225|0.0|20.9|270|45.3|32.0|0.01|0.23|43.5577|13.1233
23|56|0|90|1.5|20.9|270|45.4|32.0|0.01|0.23|43.5602|13.1233
23|57|0|90|1.6|20.9|270|45.3|31.9|0.01|0.23|43.5589|12.2096
23|58|0|90|1.5|20.9|270|45.2|31.9|0.01|0.23|43.5577|12.2096
23|59|0|90|0.0|20.9|270|45.2|31.9|0.01|0.23|43.5567|12.2096
