00|01|0|135|1.6|4.8|225|34.3|60.1|0.00|0.00|43.6344|31.5956
00|02|0|135|0.0|4.8|225|34.0|60.1|0.00|0.00|43.6344|31.5956
00|03|0|270|0.0|4.8|225|33.6|60.1|0.00|0.00|43.6346|30.8599
00|04|0|270|0.0|4.8|225|32.3|60.1|0.00|0.00|43.6346|30.1042
00|05|0|315|1.5|4.8|225|31.1|60.2|0.00|0.00|43.6355|29.3273
00|07|0|0|1.6|4.8|225|33.4|60.2|0.00|0.00|43.634|30.8599
00|08|0|315|0.0|4.8|225|37.1|60.2|0.00|0.00|43.6332|33.6932
00|09|0|315|1.5|4.8|225|37.2|60.1|0.00|0.00|43.6341|33.6932
00|10|0|315|1.6|4.8|225|36.6|60.1|0.00|0.00|43.633|33.0113
00|11|0|315|1.5|4.8|225|35.3|60.0|0.00|0.00|43.631|32.3124
00|12|0|270|1.5|4.8|225|33.9|59.9|0.00|0.00|43.6296|29.9837
00|13|0|180|0.0|4.8|225|33.8|59.8|0.00|0.00|43.6292|29.9837
00|15|0|135|1.6|4.8|225|34.8|59.8|0.00|0.00|43.629|30.7164
00|16|0|180|1.5|4.8|225|34.3|59.7|0.00|0.00|43.6295|30.7164
00|17|0|135|1.5|4.8|225|34.2|59.7|0.00|0.00|43.6302|30.7164
00|19|0|135|1.5|4.8|225|33.5|59.6|0.00|0.00|43.6298|29.9837
00|20|0|135|0.0|4.8|225|32.8|59.6|0.00|0.00|43.6293|29.2311
00|21|0|315|1.5|4.8|225|32.9|59.6|0.00|0.00|43.6285|29.2311
00|22|0|315|1.5|4.8|225|34.7|59.6|0.00|0.00|43.6298|30.7164
00|24|0|315|1.6|4.8|225|36.3|59.6|0.00|0.00|43.6309|32.1262
00|25|0|315|1.5|4.8|225|38.1|59.6|0.00|0.00|43.6307|33.4685
00|26|0|270|1.5|4.8|225|38.0|59.5|0.00|0.00|43.6295|33.4685
00|27|0|270|0.0|4.8|225|37.3|59.3|0.00|0.00|43.6274|32.8054
00|28|0|270|1.5|4.8|225|35.4|59.2|0.00|0.00|43.6264|31.4302
00|29|0|270|0.0|4.8|225|34.9|59.1|0.00|0.00|43.6284|30.7164
00|30|0|225|0.0|4.8|225|34.8|59.1|0.00|0.00|43.6294|30.7164
00|31|0|225|0.0|4.8|225|35.5|59.1|0.00|0.00|43.6277|31.4302
00|32|0|180|0.0|4.8|225|36.9|59.1|0.00|0.00|43.6282|32.1262
00|33|0|180|1.5|4.8|225|36.8|59.0|0.00|0.00|43.6276|32.1262
00|34|0|180|1.6|4.8|225|36.3|59.0|0.00|0.00|43.6295|32.1262
00|35|0|135|1.5|4.8|225|36.1|58.9|0.00|0.00|43.6298|31.241
00|37|0|45|1.5|4.8|225|35.9|58.8|0.00|0.00|43.6328|30.5478
00|38|0|180|1.5|4.8|225|35.4|58.8|0.00|0.00|43.6312|30.5478
00|39|0|180|1.5|4.8|225|35.2|58.8|0.00|0.00|43.6303|30.5478
00|40|0|180|0.0|4.8|225|35.3|58.7|0.00|0.00|43.6279|30.5478
00|42|0|225|1.5|4.8|225|35.4|58.8|0.00|0.00|43.6294|30.5478
00|43|0|270|1.5|4.8|225|34.9|58.8|0.00|0.00|43.6258|29.8369
00|44|0|270|0.0|4.8|225|34.6|58.8|0.00|0.00|43.6258|29.8369
00|45|0|315|1.5|4.8|225|35.4|58.8|0.00|0.00|43.6258|30.5478
00|46|0|315|1.5|4.8|225|36.1|58.8|0.00|0.00|43.6255|31.241
00|47|0|315|1.5|4.8|225|39.9|58.8|0.00|0.00|43.6283|33.2228
00|48|0|315|0.0|4.8|225|42.7|58.7|0.00|0.00|43.6277|35.0742
00|49|0|315|0.0|4.8|225|39.4|58.5|0.00|0.00|43.6287|33.2228
00|51|0|90|0.0|4.8|225|37.9|58.7|0.00|0.00|43.6293|31.9173
00|52|0|90|0.0|4.8|225|38.2|58.5|0.00|0.00|43.6308|32.5777
00|53|0|180|0.0|4.8|225|38.8|58.4|0.00|0.00|43.6289|32.5777
00|54|0|180|1.6|4.8|225|38.5|58.3|0.00|0.00|43.6289|32.5777
00|55|0|180|1.5|4.8|225|37.5|58.2|0.00|0.00|43.6274|31.9173
00|56|0|180|1.5|4.8|225|35.2|58.2|0.00|0.00|43.6275|30.5478
00|57|0|225|0.0|4.8|225|35.2|58.2|0.00|0.00|43.627|30.5478
00|58|0|225|0.0|4.8|225|35.4|58.3|0.00|0.00|43.6307|30.5478
00|59|0|45|0.0|4.8|225|35.3|58.2|0.00|0.00|43.6294|30.5478
01|00|0|45|1.6|4.8|225|37.7|58.3|0.00|0.00|43.6341|31.9173
01|01|0|135|1.5|4.8|225|39.5|58.2|0.00|0.00|43.6314|33.2228
01|03|0|180|0.0|4.8|225|37.3|58.2|0.00|0.00|43.6314|31.9173
01|04|0|180|1.5|4.8|225|37.5|58.1|0.00|0.00|43.6287|31.9173
01|05|0|180|0.0|4.8|225|36.5|58.1|0.00|0.00|43.6301|31.241
01|06|0|45|1.5|4.8|225|34.8|58.1|0.00|0.00|43.6294|29.8369
01|07|0|90|1.5|4.8|225|38.6|58.2|0.00|0.00|43.6327|32.5777
01|08|0|68|1.5|4.8|225|37.9|58.1|0.00|0.00|43.6305|31.9173
01|09|0|135|2.9|4.8|225|36.0|58.1|0.00|0.00|43.6284|31.241
01|10|0|203|2.9|4.8|225|36.0|58.0|0.00|0.00|43.6263|31.241
01|11|0|225|1.5|4.8|225|35.5|58.1|0.00|0.00|43.627|30.5478
01|12|0|180|1.5|4.8|225|35.5|58.1|0.00|0.00|43.6237|30.5478
01|13|0|135|0.0|4.8|225|35.7|58.1|0.00|0.00|43.6241|30.5478
01|14|0|0|0.0|4.8|225|35.2|58.2|0.00|0.00|43.626|30.5478
01|17|0|0|1.5|4.8|225|39.4|58.2|0.00|0.00|43.6273|33.2228
01|18|0|270|0.0|4.8|225|37.7|58.2|0.00|0.00|43.6277|31.9173
01|19|0|180|1.5|4.8|225|37.3|58.1|0.00|0.00|43.6263|31.9173
01|20|0|180|1.5|4.8|225|37.8|58.0|0.00|0.00|43.625|31.9173
01|21|0|135|1.5|4.8|225|37.4|57.9|0.00|0.00|43.6234|31.029
01|22|0|135|0.0|4.8|225|36.5|57.9|0.00|0.00|43.6226|30.3555
01|23|0|0|1.5|4.8|225|35.7|57.9|0.00|0.00|43.6239|29.6652
01|24|0|90|1.5|4.8|225|36.9|57.8|0.00|0.00|43.6236|30.3555
01|27|0|270|0.0|4.8|225|34.1|57.7|0.00|0.00|43.6215|28.9573
01|29|0|0|0.0|4.8|225|40.5|57.7|0.00|0.00|43.6221|32.9571
01|30|0|90|1.5|4.8|225|39.9|57.7|0.00|0.00|43.6218|32.3291
01|31|0|90|0.0|4.8|225|38.1|57.5|0.00|0.00|43.6193|31.6866
01|32|0|90|0.0|4.8|225|37.6|57.4|0.00|0.00|43.6187|31.029
01|33|0|180|0.0|4.8|225|37.2|57.4|0.00|0.00|43.6195|31.029
01|34|0|180|0.0|4.8|225|37.7|57.3|0.00|0.00|43.6191|31.029
01|35|0|180|0.0|4.8|225|37.5|57.3|0.00|0.00|43.619|31.029
01|36|0|180|0.0|4.8|225|37.4|57.3|0.00|0.00|43.6188|31.029
01|37|0|180|0.0|4.8|225|37.4|57.2|0.00|0.00|43.6176|31.029
01|38|0|180|2.9|4.8|225|36.3|57.2|0.00|0.00|43.6189|30.3555
01|40|0|180|0.0|4.8|225|36.0|57.1|0.00|0.00|43.6166|30.3555
01|41|0|135|1.5|4.8|225|35.5|57.2|0.00|0.00|43.6192|29.6652
01|42|0|0|0.0|4.8|225|35.2|57.2|0.00|0.00|43.6197|29.6652
01|43|0|0|1.5|4.8|225|38.6|57.1|0.00|0.00|43.6177|31.6866
01|45|0|315|1.6|4.8|225|38.3|57.1|0.00|0.00|43.6151|31.6866
01|46|0|315|2.9|4.8|225|38.5|57.0|0.00|0.00|43.6158|31.6866
01|47|0|315|1.5|4.8|225|40.9|57.0|0.00|0.00|43.616|32.9571
01|48|0|315|1.5|4.8|225|42.2|56.9|0.00|0.00|43.6143|33.2711
01|50|0|315|0.0|4.8|225|40.7|56.6|0.00|0.00|43.6155|32.0606
01|51|0|315|0.0|4.8|225|39.9|56.6|0.00|0.00|43.6158|31.4351
01|53|0|135|0.0|4.8|225|40.7|56.5|0.00|0.00|43.6193|32.0606
01|54|0|135|0.0|4.8|225|40.7|56.4|0.00|0.00|43.6188|32.0606
01|55|0|135|0.0|4.8|225|40.2|56.4|0.00|0.00|43.6205|32.0606
01|56|0|135|0.0|4.8|225|39.9|56.4|0.00|0.00|43.6236|31.4351
01|57|0|135|0.0|4.8|225|39.8|56.3|0.00|0.00|43.6221|31.4351
01|59|0|135|0.0|4.8|225|39.6|56.3|0.00|0.00|43.6259|31.4351
02|00|0|135|0.0|4.8|225|39.5|56.3|0.00|0.00|43.6246|31.4351
02|01|0|135|0.0|4.8|225|40.3|56.3|0.00|0.00|43.6278|32.0606
02|02|0|135|0.0|4.8|225|39.8|56.3|0.00|0.00|43.6269|31.4351
02|03|0|135|0.0|4.8|225|39.6|56.3|0.00|0.00|43.6294|31.4351
02|04|0|135|0.0|4.8|225|40.2|56.3|0.00|0.00|43.6283|32.0606
02|05|0|135|0.0|4.8|225|40.7|56.3|0.00|0.00|43.6296|32.0606
02|06|0|135|0.0|4.8|225|40.1|56.4|0.00|0.00|43.6295|32.0606
02|07|0|135|0.0|4.8|225|39.7|56.4|0.00|0.00|43.628|31.4351
02|08|0|135|0.0|4.8|225|38.4|56.4|0.00|0.00|43.628|30.7953
02|09|0|135|0.0|4.8|225|38.2|56.4|0.00|0.00|43.6279|30.7953
02|10|0|135|0.0|4.8|225|37.5|56.4|0.00|0.00|43.6271|30.1405
02|11|0|90|1.5|4.8|225|37.8|56.5|0.00|0.00|43.6266|30.1405
02|12|0|135|1.5|4.8|225|38.3|56.5|0.00|0.00|43.626|30.7953
02|13|0|90|0.0|4.8|225|38.6|56.6|0.00|0.00|43.6259|30.7953
02|15|0|90|0.0|4.8|225|38.0|56.6|0.00|0.00|43.6232|30.7953
02|17|0|180|0.0|4.8|225|37.6|56.6|0.00|0.00|43.6216|30.1405
02|18|0|45|0.0|4.8|225|37.5|56.6|0.00|0.00|43.6222|30.1405
02|19|0|45|0.0|4.8|225|36.9|56.7|0.00|0.00|43.6202|29.4697
02|20|0|45|0.0|4.8|225|36.7|56.7|0.00|0.00|43.622|29.4697
02|21|0|90|1.5|4.8|225|35.8|56.7|0.00|0.00|43.6208|28.7823
02|22|0|90|0.0|4.8|225|35.7|56.9|0.00|0.00|43.6205|28.7823
02|23|0|90|0.0|4.8|225|35.7|56.9|0.00|0.00|43.62|28.7823
02|24|0|90|0.0|4.8|225|36.0|56.9|0.00|0.00|43.62|29.4697
02|25|0|45|0.0|4.8|225|36.3|56.7|0.00|0.00|43.6189|29.4697
02|26|0|45|0.0|4.8|225|36.0|56.7|0.00|0.00|43.62|29.4697
02|27|0|90|0.0|4.8|225|35.5|56.7|0.00|0.00|43.6195|28.7823
02|28|0|90|0.0|4.8|225|35.4|56.9|0.00|0.00|43.6222|28.7823
02|30|0|90|1.5|4.8|225|35.2|56.7|0.00|0.00|43.6208|28.7823
02|31|0|135|1.6|4.8|225|35.2|56.7|0.00|0.00|43.6232|28.7823
02|32|0|180|1.5|4.8|225|36.7|56.7|0.00|0.00|43.6255|29.4697
02|33|0|180|1.5|4.8|225|37.3|56.6|0.00|0.00|43.6258|30.1405
02|34|0|180|2.9|4.8|225|36.7|56.6|0.00|0.00|43.629|29.4697
02|35|0|180|1.5|4.8|225|36.6|56.5|0.00|0.00|43.6301|29.4697
02|36|0|180|1.5|4.8|225|36.5|56.5|0.00|0.00|43.6332|29.4697
02|37|0|180|1.5|4.8|225|36.5|56.5|0.00|0.00|43.6333|29.4697
02|40|0|180|0.0|4.8|225|36.3|56.4|0.00|0.00|43.633|29.4697
02|41|0|180|0.0|4.8|225|36.2|56.4|0.00|0.00|43.6307|29.4697
02|44|0|0|0.0|4.8|225|37.8|56.4|0.00|0.00|43.6305|30.1405
02|45|0|0|0.0|4.8|225|38.4|56.4|0.00|0.00|43.6314|30.7953
02|46|0|0|0.0|4.8|225|38.3|56.4|0.00|0.00|43.6333|30.7953
02|47|0|0|0.0|4.8|225|38.0|56.4|0.00|0.00|43.6339|30.7953
02|48|0|0|0.0|4.8|225|39.7|56.4|0.00|0.00|43.6374|31.4351
02|49|0|0|0.0|4.8|225|39.6|56.3|0.00|0.00|43.6384|31.4351
02|50|0|0|0.0|4.8|225|39.4|56.3|0.00|0.00|43.638|31.4351
02|51|0|180|0.0|4.8|225|39.1|56.3|0.00|0.00|43.6399|31.4351
02|52|0|180|0.0|4.8|225|39.0|56.2|0.00|0.00|43.6414|31.4351
02|53|0|68|0.0|4.8|225|39.0|56.2|0.00|0.00|43.6419|31.4351
02|54|0|90|1.6|4.8|225|39.0|56.2|0.00|0.00|43.643|31.4351
02|56|0|135|1.6|4.8|225|39.1|56.2|0.00|0.00|43.6439|31.4351
02|57|0|180|1.5|4.8|225|39.8|56.2|0.00|0.00|43.6437|31.4351
02|58|0|180|2.9|4.8|225|40.2|56.1|0.00|0.00|43.6423|32.0606
03|00|0|135|1.5|4.8|225|39.2|56.1|0.00|0.00|43.6432|31.4351
03|01|0|180|4.4|4.8|225|38.2|56.1|0.00|0.00|43.6419|30.7953
03|02|0|90|0.0|4.8|225|36.4|56.1|0.00|0.00|43.6427|29.4697
03|03|0|180|1.5|4.8|225|37.4|56.2|0.00|0.00|43.6434|30.1405
03|04|0|180|4.4|4.8|225|36.6|56.2|0.00|0.00|43.6409|29.4697
03|05|0|135|1.5|4.8|225|34.7|56.3|0.00|0.00|43.6409|28.0773
03|06|0|135|1.5|4.8|225|34.7|56.4|0.00|0.00|43.6402|28.0773
03|07|0|135|1.5|4.8|225|34.4|56.5|0.00|0.00|43.6411|28.0773
03|09|0|180|1.6|4.8|225|33.5|56.9|0.00|0.00|43.6418|27.3537
03|10|0|180|0.0|4.8|225|32.8|57.0|0.00|0.00|43.6403|27.4842
03|11|0|180|1.6|4.8|225|32.9|57.2|0.00|0.00|43.6414|27.4842
03|12|0|90|1.5|4.8|225|32.5|57.3|0.00|0.00|43.6431|27.4842
03|13|0|135|0.0|4.8|225|32.1|57.4|0.00|0.00|43.6448|27.4842
03|15|0|180|1.5|4.8|225|32.2|57.4|0.00|0.00|43.6429|27.4842
03|16|0|135|1.5|4.8|225|32.2|57.5|0.00|0.00|43.645|27.4842
03|17|0|135|1.6|4.8|225|31.5|57.5|0.00|0.00|43.6447|26.7169
03|18|0|180|1.5|4.8|225|32.3|57.7|0.00|0.00|43.6453|27.4842
03|19|0|180|1.5|4.8|225|32.5|57.7|0.00|0.00|43.6454|27.4842
03|20|0|180|1.5|4.8|225|32.5|57.8|0.00|0.00|43.6454|27.4842
03|21|0|180|1.6|4.8|225|32.0|57.8|0.00|0.00|43.6447|27.4842
03|22|0|180|2.9|4.8|225|30.2|57.7|0.00|0.00|43.6437|25.9273
03|23|0|90|1.5|4.8|225|30.4|57.8|0.00|0.00|43.6464|25.9273
03|24|0|135|1.5|4.8|225|31.2|57.9|0.00|0.00|43.6452|26.7169
03|25|0|135|1.5|4.8|225|30.9|57.9|0.00|0.00|43.6468|25.9273
03|26|0|90|1.5|4.8|225|30.2|58.0|0.00|0.00|43.6444|26.7945
03|27|0|180|0.0|4.8|225|29.6|58.0|0.00|0.00|43.6448|25.9779
03|28|0|158|2.9|4.8|225|30.0|58.1|0.00|0.00|43.6475|26.7945
03|30|0|180|1.5|4.8|225|29.1|58.1|0.00|0.00|43.6466|25.9779
03|31|0|135|1.5|4.8|225|29.2|58.1|0.00|0.00|43.6478|25.9779
03|32|0|180|2.9|4.8|225|29.4|58.1|0.00|0.00|43.6489|25.9779
03|33|0|180|1.5|4.8|225|28.3|58.1|0.00|0.00|43.6489|25.136
03|34|0|135|1.5|4.8|225|26.9|58.1|0.00|0.00|43.6477|23.3689
03|35|0|180|1.6|4.8|225|26.3|58.2|0.00|0.00|43.6487|23.3689
03|36|0|135|0.0|4.8|225|26.1|58.3|0.00|0.00|43.6505|23.3689
03|37|0|180|0.0|4.8|225|25.4|58.3|0.00|0.00|43.6496|22.4398
03|38|0|90|1.5|4.8|225|25.3|58.4|0.00|0.00|43.6503|22.4398
03|39|0|180|0.0|4.8|225|24.6|58.5|0.00|0.00|43.6502|21.477
03|40|0|135|1.5|4.8|225|25.0|58.7|0.00|0.00|43.6505|22.4398
03|41|0|135|1.5|4.8|225|24.4|58.8|0.00|0.00|43.6494|21.477
03|42|0|135|1.5|4.8|225|24.3|58.9|0.00|0.00|43.6521|21.477
03|43|0|158|1.5|4.8|225|24.4|58.9|0.00|0.00|43.653|21.477
03|44|0|135|1.6|4.8|225|24.0|59.0|0.00|0.00|43.6533|22.3222
03|45|0|135|1.5|4.8|225|23.4|59.0|0.00|0.00|43.6542|21.3191
03|46|0|135|0.0|4.8|225|23.9|59.1|0.00|0.00|43.6548|21.3191
03|48|0|90|0.0|4.8|225|24.0|59.1|0.00|0.00|43.6549|22.3222
03|50|0|45|0.0|4.8|225|29.7|59.1|0.00|0.00|43.654|26.8414
03|51|0|90|0.0|4.8|225|25.8|59.1|0.00|0.00|43.6541|23.2888
03|52|0|90|0.0|4.8|225|24.4|59.1|0.00|0.00|43.6526|22.3222
03|53|0|90|1.5|4.8|225|24.1|59.0|0.00|0.00|43.6521|22.3222
03|54|0|90|0.0|4.8|225|24.4|59.0|0.00|0.00|43.6514|22.3222
03|55|0|135|0.0|4.8|225|24.8|59.0|0.00|0.00|43.6516|22.3222
03|56|0|180|1.5|4.8|225|25.5|59.0|0.00|0.00|43.6516|23.2888
03|58|0|180|1.5|4.8|225|25.7|59.0|0.00|0.00|43.6527|23.2888
03|59|0|180|1.5|4.8|225|25.1|58.9|0.00|0.00|43.6515|22.4398
04|00|0|135|1.6|4.8|225|24.7|58.9|0.00|0.00|43.6503|21.477
04|01|0|135|0.0|4.8|225|24.3|58.8|0.00|0.00|43.6494|21.477
04|02|0|45|0.0|4.8|225|24.8|58.8|0.00|0.00|43.6492|21.477
04|03|0|45|0.0|4.8|225|28.6|58.7|0.00|0.00|43.6486|25.136
04|04|0|45|0.0|4.8|225|28.8|58.5|0.00|0.00|43.6478|25.136
04|05|0|45|0.0|4.8|225|27.8|58.5|0.00|0.00|43.648|24.2669
04|06|0|225|0.0|4.8|225|27.1|58.4|0.00|0.00|43.6479|24.2669
04|07|0|225|1.5|4.8|225|27.6|58.3|0.00|0.00|43.6507|24.2669
04|08|0|225|0.0|4.8|225|28.2|58.2|0.00|0.00|43.6491|25.136
04|09|0|225|0.0|4.8|225|28.3|58.2|0.00|0.00|43.651|25.136
04|10|0|180|0.0|4.8|225|28.0|58.0|0.00|0.00|43.6474|25.136
04|11|0|180|0.0|4.8|225|27.7|57.9|0.00|0.00|43.648|23.4102
04|12|0|180|0.0|4.8|225|27.3|57.9|0.00|0.00|43.6463|23.4102
04|13|0|180|0.0|4.8|225|27.0|57.7|0.00|0.00|43.6418|23.4102
04|14|0|45|0.0|4.8|225|26.2|57.7|0.00|0.00|43.6402|22.5158
04|16|0|45|1.5|4.8|225|29.5|57.5|0.00|0.00|43.6409|25.1141
04|17|0|45|1.5|4.8|225|30.8|57.4|0.00|0.00|43.6379|25.9273
04|18|0|45|1.5|4.8|225|29.9|57.4|0.00|0.00|43.6383|25.1141
04|19|0|45|1.6|4.8|225|28.9|57.3|0.00|0.00|43.637|24.2756
04|20|0|0|1.5|4.8|225|28.9|57.2|0.00|0.00|43.6344|24.2756
04|24|0|225|0.0|4.8|225|31.4|56.9|0.00|0.00|43.6326|25.8462
04|25|0|90|0.0|4.8|225|31.2|56.9|0.00|0.00|43.6342|25.8462
04|26|0|180|0.0|4.8|225|31.5|56.9|0.00|0.00|43.6331|25.8462
04|28|0|180|0.0|4.8|225|31.9|56.9|0.00|0.00|43.6341|25.8462
04|29|0|180|0.0|4.8|225|31.9|56.9|0.00|0.00|43.6328|25.8462
04|30|0|180|1.5|4.8|225|31.8|56.9|0.00|0.00|43.6331|25.8462
04|31|0|180|0.0|4.8|225|31.2|56.9|0.00|0.00|43.6326|25.8462
04|33|0|180|1.5|4.8|225|31.2|56.7|0.00|0.00|43.6362|25.8462
04|34|0|180|1.6|4.8|225|30.6|56.7|0.00|0.00|43.637|25.0599
04|35|0|180|1.5|4.8|225|30.3|56.7|0.00|0.00|43.6366|25.0599
04|37|0|180|1.5|4.8|225|30.1|56.7|0.00|0.00|43.6424|25.0599
04|38|0|180|1.5|4.8|225|30.3|56.9|0.00|0.00|43.6436|25.0599
04|40|0|180|1.6|4.8|225|30.1|56.9|0.00|0.00|43.6431|25.0599
04|41|0|180|1.6|4.8|225|30.3|57.0|0.00|0.00|43.6443|25.9273
04|42|0|180|2.9|4.8|225|30.1|57.0|0.00|0.00|43.6429|25.9273
04|44|0|180|2.9|4.8|180|29.8|57.1|0.00|0.00|43.6413|25.1141
04|45|0|180|2.9|6.4|225|29.3|57.1|0.00|0.00|43.6411|25.1141
04|46|0|180|3.2|6.4|225|29.3|57.3|0.00|0.00|43.6438|25.1141
04|47|0|180|1.5|6.4|225|29.1|57.4|0.00|0.00|43.6455|25.1141
04|48|0|135|1.6|6.4|225|29.1|57.4|0.00|0.00|43.6441|25.1141
04|50|0|135|2.9|6.4|225|28.7|57.7|0.00|0.00|43.6476|24.2756
04|51|0|135|0.0|6.4|225|28.4|57.8|0.00|0.00|43.6495|24.2756
04|52|0|135|0.0|6.4|225|28.6|58.0|0.00|0.00|43.6511|25.136
04|53|0|180|0.0|6.4|225|28.6|58.1|0.00|0.00|43.6526|25.136
04|54|0|135|1.5|6.4|225|28.5|58.2|0.00|0.00|43.6548|25.136
04|55|0|180|1.6|6.4|225|28.4|58.2|0.00|0.00|43.655|25.136
04|56|0|135|0.0|6.4|225|28.3|58.3|0.00|0.00|43.6578|25.136
04|58|0|135|2.9|6.4|225|28.1|58.5|0.00|0.00|43.6586|25.136
04|59|0|135|1.5|6.4|225|27.9|58.7|0.00|0.00|43.662|24.2669
05|00|0|135|1.5|6.4|225|27.8|58.8|0.00|0.00|43.6624|24.2669
05|01|0|135|1.5|6.4|225|27.6|58.8|0.00|0.00|43.6626|24.2669
05|03|0|90|1.5|6.4|225|27.9|58.9|0.00|0.00|43.664|24.2669
05|04|0|113|1.6|6.4|225|27.9|58.9|0.00|0.00|43.6659|24.2669
05|05|0|135|2.9|6.4|225|28.0|59.0|0.00|0.00|43.6661|25.996
05|06|0|180|2.9|6.4|225|28.0|59.0|0.00|0.00|43.667|25.996
05|07|0|135|2.9|6.4|225|27.5|59.0|0.00|0.00|43.6654|25.1235
05|08|0|180|4.4|6.4|135|27.2|59.1|0.00|0.00|43.6678|25.1235
05|09|0|180|6.4|8.1|180|27.0|59.1|0.00|0.00|43.6652|25.1235
05|10|0|135|7.3|8.7|135|26.7|59.1|0.00|0.00|43.665|24.2218
05|11|0|225|3.2|10.2|180|26.2|59.2|0.00|0.00|43.6638|24.2218
05|12|0|135|2.9|10.2|180|25.9|59.3|0.00|0.00|43.6667|23.2888
05|13|0|135|4.4|10.2|180|25.9|59.6|0.00|0.00|43.6644|23.2888
05|15|0|135|4.4|10.2|180|25.4|59.8|0.00|0.00|43.662|23.2888
05|16|0|135|2.9|10.2|180|25.4|60.0|0.00|0.00|43.661|24.1376
05|17|0|135|4.8|10.2|180|25.3|60.1|0.00|0.00|43.6641|24.1376
05|18|0|135|2.9|10.2|180|25.3|60.3|0.00|0.00|43.6653|24.1376
05|19|0|90|5.8|10.2|180|25.4|60.3|0.00|0.00|43.6672|24.1376
05|20|0|135|5.8|10.2|180|25.2|60.5|0.00|0.00|43.6705|24.1376
05|21|0|135|2.9|10.2|180|25.0|60.5|0.00|0.00|43.6704|24.1376
05|22|0|135|1.5|10.2|180|24.9|60.6|0.00|0.00|43.6717|23.167
05|24|0|180|4.8|10.2|180|24.9|60.6|0.00|0.00|43.6739|23.167
05|25|0|180|2.9|10.2|180|24.9|60.6|0.00|0.00|43.6732|23.167
05|26|0|90|4.8|10.2|180|25.0|60.6|0.00|0.00|43.6752|24.1376
05|27|0|135|1.5|10.2|180|25.0|60.6|0.00|0.00|43.6774|24.1376
05|28|0|135|5.8|10.2|180|25.0|60.5|0.00|0.00|43.6747|24.1376
05|29|0|135|2.9|10.2|180|25.1|60.3|0.00|0.00|43.6758|24.1376
05|30|0|180|2.9|10.2|180|25.2|60.3|0.00|0.00|43.6743|24.1376
05|31|0|158|4.4|10.2|180|25.4|60.2|0.00|0.00|43.6729|24.1376
05|33|0|135|1.5|10.2|180|25.4|60.2|0.00|0.00|43.6747|24.1376
05|34|0|135|1.5|10.2|180|25.6|60.2|0.00|0.00|43.6752|24.1376
05|35|0|180|4.4|10.2|180|26.0|60.1|0.00|0.00|43.6749|25.0743
05|36|0|90|4.8|10.2|180|26.0|60.0|0.00|0.00|43.6757|25.0743
05|37|0|135|2.9|10.2|180|26.1|59.9|0.00|0.00|43.6775|24.2218
05|38|0|135|2.9|10.2|180|26.3|59.8|0.00|0.00|43.6785|24.2218
05|39|0|135|4.4|10.2|180|26.5|59.8|0.00|0.00|43.6814|24.2218
05|40|0|90|1.5|10.2|180|26.7|59.7|0.00|0.00|43.6789|24.2218
05|42|0|90|3.2|10.2|180|27.4|59.6|0.00|0.00|43.6782|25.1235
05|43|0|180|2.9|10.2|180|27.5|59.6|0.00|0.00|43.6766|25.1235
05|44|0|135|1.6|10.2|180|27.9|59.6|0.00|0.00|43.6754|25.1235
05|45|0|135|1.5|10.2|180|27.9|59.5|0.00|0.00|43.6739|25.1235
05|47|0|90|2.9|10.2|180|28.5|59.5|0.00|0.00|43.673|25.996
05|48|0|90|5.8|10.2|180|27.7|59.5|0.00|0.00|43.6706|25.1235
05|49|0|90|5.8|10.2|180|26.8|59.5|0.00|0.00|43.6702|24.2218
05|50|0|135|7.3|11.6|113|25.7|59.6|0.00|0.00|43.6692|23.2888
05|51|0|90|8.1|11.6|113|25.1|59.8|0.00|0.00|43.6635|23.2888
05|53|0|135|3.2|11.6|113|24.6|60.3|0.00|0.00|43.6704|23.167
05|54|0|113|3.2|11.6|113|24.4|60.6|0.00|0.00|43.6707|23.167
05|55|0|90|1.5|11.6|113|24.9|60.7|0.00|0.00|43.6715|23.167
05|56|0|135|3.2|11.6|113|24.7|60.8|0.00|0.00|43.6705|23.167
05|57|0|90|8.1|11.6|113|24.3|60.9|0.00|0.00|43.6684|23.167
05|58|0|45|7.3|11.6|113|24.0|61.1|0.00|0.00|43.6733|24.0116
05|59|0|90|4.4|11.6|113|24.1|61.2|0.00|0.00|43.6748|24.0116
06|00|0|135|1.5|11.6|113|24.3|61.2|0.00|0.00|43.6734|24.0116
06|01|0|90|1.6|11.6|113|24.3|61.4|0.00|0.00|43.6747|24.0116
06|03|0|135|4.8|11.6|113|24.3|61.4|0.00|0.00|43.6738|24.0116
06|04|0|90|2.9|11.6|113|24.3|61.4|0.00|0.00|43.6756|24.0116
06|05|0|45|3.2|11.6|113|24.3|61.5|0.00|0.00|43.6766|24.0116
06|06|0|203|1.6|11.6|113|24.2|61.4|0.00|0.00|43.6795|24.0116
06|07|0|180|3.2|11.6|113|24.4|61.4|0.00|0.00|43.6794|24.0116
06|09|0|90|4.8|11.6|113|24.4|61.4|0.00|0.00|43.6808|24.0116
06|10|0|45|2.9|11.6|113|24.6|61.5|0.00|0.00|43.6805|24.0116
06|11|0|180|3.2|11.6|113|24.7|61.5|0.00|0.00|43.6806|24.0116
06|13|0|135|3.2|11.6|113|25.0|61.4|0.00|0.00|43.6839|24.9861
06|14|0|90|4.8|11.6|113|25.2|61.4|0.00|0.00|43.6866|24.9861
06|17|0|180|2.9|11.6|113|25.3|61.2|0.00|0.00|43.6879|24.9861
06|18|0|180|1.5|11.6|113|25.5|61.2|0.00|0.00|43.6858|24.9861
06|20|0|90|0.0|11.6|113|25.7|61.2|0.00|0.00|43.6895|24.9861
06|22|0|135|1.5|11.6|113|25.9|61.2|0.00|0.00|43.6884|24.9861
06|23|0|180|5.8|11.6|113|25.7|61.1|0.00|0.00|43.6867|24.9861
06|24|0|180|5.8|11.6|113|25.7|61.1|0.00|0.00|43.6877|24.9861
06|25|0|135|3.2|11.6|113|25.6|61.0|0.00|0.00|43.686|24.9861
06|26|0|113|5.8|11.6|113|25.5|61.0|0.00|0.00|43.6889|24.9861
06|27|0|23|1.5|11.6|113|25.6|61.0|0.00|0.00|43.6913|24.9861
06|28|0|135|3.2|11.6|113|25.8|60.9|0.00|0.00|43.6882|24.1376
06|29|0|135|4.4|11.6|113|25.9|60.9|0.00|0.00|43.6885|24.1376
06|30|0|135|1.5|11.6|113|25.9|60.9|0.00|0.00|43.6888|24.1376
06|31|0|90|2.9|11.6|113|26.2|60.9|0.00|0.00|43.6866|25.0743
06|32|0|180|1.5|11.6|113|26.2|60.8|0.00|0.00|43.6876|25.0743
06|33|0|135|2.9|11.6|113|26.0|60.8|0.00|0.00|43.6855|25.0743
06|34|0|135|4.4|11.6|113|26.3|60.7|0.00|0.00|43.6843|25.0743
06|36|0|90|1.6|11.6|113|26.3|60.7|0.00|0.00|43.6858|25.0743
06|37|0|135|2.9|11.6|113|26.4|60.6|0.00|0.00|43.6861|25.0743
06|38|0|135|2.9|11.6|113|26.6|60.5|0.00|0.00|43.6851|25.0743
06|39|0|90|1.5|11.6|113|26.8|60.5|0.00|0.00|43.6837|25.0743
06|40|0|135|2.9|11.6|113|27.0|60.3|0.00|0.00|43.6813|25.9797
06|41|0|135|1.6|11.6|113|27.5|60.3|0.00|0.00|43.6813|25.9797
06|42|0|135|1.5|11.6|113|27.7|60.2|0.00|0.00|43.6807|25.9797
06|43|0|135|2.9|11.6|113|27.6|60.2|0.00|0.00|43.6839|25.9797
06|44|0|135|2.9|11.6|113|27.7|60.1|0.00|0.00|43.6853|25.9797
06|45|0|135|4.4|11.6|113|27.9|60.0|0.00|0.00|43.6873|25.9797
06|46|0|135|3.2|11.6|113|28.1|59.9|0.00|0.00|43.6888|25.996
06|47|0|135|1.6|11.6|113|28.2|59.8|0.00|0.00|43.6909|25.996
06|48|0|135|1.5|11.6|113|28.5|59.8|0.00|0.00|43.69|25.996
06|49|0|135|1.5|11.6|113|28.7|59.7|0.00|0.00|43.6901|25.996
06|50|0|135|1.5|11.6|113|29.2|59.7|0.00|0.00|43.6906|26.8414
06|51|0|158|2.9|11.6|113|29.8|59.7|0.00|0.00|43.6901|26.8414
06|53|0|90|1.5|11.6|113|29.5|59.6|0.00|0.00|43.6892|26.8414
06|54|0|158|1.5|11.6|113|29.6|59.6|0.00|0.00|43.6888|26.8414
06|56|0|135|0.0|11.6|113|29.9|59.5|0.00|0.00|43.6879|26.8414
06|57|0|135|2.9|11.6|113|30.1|59.5|0.00|0.00|43.6882|27.6614
06|58|0|135|2.9|11.6|113|30.4|59.5|0.00|0.00|43.6882|27.6614
06|59|0|135|2.9|11.6|113|30.3|59.3|0.00|0.00|43.687|27.6614
07|00|0|135|2.9|11.6|113|30.5|59.3|0.00|0.00|43.6869|27.6614
07|01|0|90|1.6|11.6|113|30.4|59.3|0.00|0.00|43.6853|27.6614
07|02|0|90|1.5|11.6|113|30.7|59.3|0.00|0.00|43.685|27.6614
07|03|0|135|2.9|11.6|113|31.0|59.3|0.00|0.00|43.6831|28.4575
07|04|0|135|1.5|11.6|113|31.3|59.3|0.00|0.00|43.6839|28.4575
07|05|0|135|2.9|11.6|113|30.8|59.3|0.00|0.00|43.6846|27.6614
07|07|0|135|1.5|11.6|113|31.0|59.5|0.00|0.00|43.6854|28.4575
07|08|0|90|2.9|11.6|113|30.5|59.5|0.00|0.00|43.6856|27.6614
07|09|0|90|2.9|11.6|113|30.9|59.6|0.00|0.00|43.689|27.6614
07|10|0|68|4.4|11.6|113|30.3|59.6|0.00|0.00|43.6894|27.6614
07|11|0|90|2.9|11.6|113|28.9|59.7|0.00|0.00|43.6872|25.996
07|13|0|45|5.8|11.6|113|28.3|60.0|0.00|0.00|43.6846|26.8558
07|14|0|90|5.8|11.6|113|28.0|60.1|0.00|0.00|43.6816|26.8558
07|16|0|45|5.8|11.6|113|27.4|60.6|0.00|0.00|43.6842|25.9797
07|17|0|90|7.3|11.6|113|27.3|60.8|0.00|0.00|43.6868|25.9797
07|20|0|113|11.6|12.9|90|26.7|61.1|0.00|0.00|43.6845|25.9266
07|21|0|90|4.4|12.9|90|26.5|61.4|0.00|0.00|43.6894|25.9266
07|22|0|90|4.4|12.9|90|26.7|61.5|0.00|0.00|43.6897|25.9266
07|23|0|135|2.9|12.9|90|26.9|61.6|0.00|0.00|43.6893|25.9266
07|24|0|90|2.9|12.9|90|26.6|61.8|0.00|0.00|43.6911|25.9266
07|25|0|90|8.1|12.9|90|26.5|61.9|0.00|0.00|43.6867|25.9266
07|26|0|90|5.8|12.9|90|26.4|61.9|0.00|0.00|43.6853|25.9266
07|27|0|68|3.2|12.9|90|26.6|62.0|0.00|0.00|43.6855|26.7786
07|28|0|90|5.8|12.9|90|26.4|62.2|0.00|0.00|43.6853|26.7786
07|29|0|90|4.4|12.9|90|26.2|62.2|0.00|0.00|43.6845|26.7786
07|30|0|90|2.9|12.9|90|26.3|62.3|0.00|0.00|43.6851|26.7786
07|32|0|135|2.9|12.9|90|26.2|62.4|0.00|0.00|43.6862|26.7786
07|33|0|90|4.4|12.9|90|26.2|62.5|0.00|0.00|43.6875|26.7786
07|34|0|180|1.5|12.9|90|26.3|62.6|0.00|0.00|43.6831|26.7786
07|35|0|179|4.4|12.9|90|26.3|62.7|0.00|0.00|43.6814|26.7786
07|36|0|90|4.4|12.9|90|26.1|62.8|0.00|0.00|43.6804|26.7786
07|37|0|90|4.4|12.9|90|26.0|62.9|0.00|0.00|43.6803|26.7786
07|39|0|135|1.6|12.9|90|25.7|63.2|0.00|0.00|43.6819|26.6821
07|40|0|135|1.5|12.9|90|26.3|63.2|0.00|0.00|43.6838|27.6303
07|41|0|135|2.9|12.9|90|25.7|63.3|0.00|0.00|43.6852|26.6821
07|42|0|135|1.6|12.9|90|25.3|63.4|0.00|0.00|43.6867|26.6821
07|43|0|180|1.6|12.9|90|25.5|63.5|0.00|0.00|43.6879|26.6821
07|44|0|180|3.2|12.9|90|25.3|63.5|0.00|0.00|43.6858|26.6821
07|45|0|135|2.9|12.9|90|25.5|63.6|0.00|0.00|43.6869|26.6821
07|46|0|203|2.9|12.9|90|25.4|63.6|0.00|0.00|43.6839|26.6821
07|47|0|135|2.9|12.9|90|25.7|63.7|0.00|0.00|43.6847|26.6821
07|50|0|135|1.5|12.9|90|25.6|63.8|0.00|0.00|43.6875|26.6821
07|51|0|135|2.9|12.9|90|25.5|64.0|0.00|0.00|43.6872|27.5297
07|52|0|135|4.4|12.9|90|24.8|64.0|0.00|0.00|43.6883|26.5434
07|53|0|180|4.8|12.9|90|24.9|64.1|0.00|0.00|43.6907|26.5434
07|54|0|180|2.9|12.9|90|24.8|64.2|0.00|0.00|43.6932|26.5434
07|55|0|135|4.4|12.9|90|24.7|64.3|0.00|0.00|43.6952|26.5434
07|56|0|180|2.9|12.9|90|24.2|64.3|0.00|0.00|43.6954|26.5434
07|57|0|135|4.4|12.9|90|23.9|64.4|0.00|0.00|43.6961|25.52
07|59|0|135|2.9|12.9|90|24.2|64.5|0.00|0.00|43.6947|26.5434
08|00|0|180|2.9|12.9|90|24.6|64.7|0.00|0.00|43.6943|26.5434
08|01|0|180|2.9|12.9|90|24.2|64.9|0.00|0.00|43.6933|26.5434
08|02|0|180|3.2|12.9|90|24.0|65.0|0.00|0.00|43.6947|27.3867
08|03|0|180|4.4|12.9|90|23.4|65.0|0.00|0.00|43.6941|26.3592
08|04|0|135|4.4|12.9|90|23.6|65.0|0.00|0.00|43.6945|26.3592
08|05|0|135|4.8|12.9|90|24.0|65.1|0.00|0.00|43.695|27.3867
08|06|0|180|4.4|12.9|90|23.8|65.0|0.00|0.00|43.6948|26.3592
08|07|0|180|4.4|12.9|90|24.0|65.0|0.00|0.00|43.6956|27.3867
08|08|0|203|4.4|12.9|90|24.0|65.0|0.00|0.00|43.695|27.3867
08|09|0|135|2.9|12.9|90|23.7|65.0|0.00|0.00|43.6952|26.3592
08|11|0|180|5.8|12.9|90|24.2|65.1|0.00|0.00|43.6946|27.3867
08|12|0|135|2.9|12.9|90|24.2|65.1|0.00|0.00|43.6943|27.3867
08|13|0|180|3.2|12.9|90|24.4|65.1|0.00|0.00|43.6939|27.3867
08|14|0|135|2.9|12.9|90|24.6|65.2|0.00|0.00|43.692|27.3867
08|15|0|135|4.4|12.9|90|24.4|65.3|0.00|0.00|43.6949|27.3867
08|16|0|180|1.5|12.9|90|24.4|65.3|0.00|0.00|43.6934|27.3867
08|17|0|135|1.5|12.9|90|24.1|65.4|0.00|0.00|43.6936|27.3867
08|18|0|180|2.9|12.9|90|24.5|65.5|0.00|0.00|43.6917|27.3867
08|19|0|180|3.2|12.9|90|24.1|65.5|0.00|0.00|43.6917|27.3867
08|21|0|135|3.2|12.9|90|24.4|65.9|0.00|0.00|43.6823|27.3867
08|24|0|225|7.3|12.9|90|24.2|66.3|0.00|0.00|43.6803|28.2298
08|25|0|135|4.8|12.9|90|24.2|66.5|0.00|0.00|43.679|28.2298
08|27|0|180|4.4|12.9|90|24.5|67.0|0.00|0.00|43.6752|29.0725
08|28|0|180|2.9|12.9|90|24.3|67.2|0.00|0.00|43.6724|29.0725
08|29|0|135|4.4|12.9|90|24.6|67.4|0.00|0.00|43.6743|29.0725
08|30|0|135|4.4|12.9|90|24.5|67.6|0.00|0.00|43.6749|29.0725
08|31|0|135|7.3|12.9|90|24.2|67.8|0.00|0.00|43.678|29.0725
08|33|0|180|6.5|12.9|90|24.2|67.9|0.00|0.00|43.6819|29.0725
08|34|0|135|13.1|14.5|158|24.3|68.0|0.00|0.00|43.6805|29.915
08|35|0|135|8.7|14.5|158|24.2|68.0|0.00|0.00|43.6802|29.915
08|36|0|158|9.7|14.5|158|24.5|68.0|0.00|0.00|43.6835|29.915
08|37|0|135|5.8|14.5|158|24.8|67.9|0.00|0.00|43.6847|29.0725
08|38|0|135|4.8|14.5|158|25.1|67.9|0.00|0.00|43.6852|30.0707
08|39|0|135|3.2|14.5|158|25.6|67.9|0.00|0.00|43.6821|30.0707
08|40|0|90|4.8|14.5|158|25.6|67.8|0.00|0.00|43.6805|30.0707
08|41|0|158|4.4|14.5|158|26.0|67.9|0.00|0.00|43.6812|31.0342
08|42|0|135|3.2|14.5|158|26.0|68.1|0.00|0.00|43.6758|31.8845
08|44|0|225|3.2|14.5|158|26.1|68.3|0.00|0.00|43.6729|31.8845
08|45|0|180|4.4|14.5|158|26.2|68.5|0.00|0.00|43.6737|31.8845
08|46|0|180|5.8|14.5|158|25.6|68.6|0.00|0.00|43.6745|30.9172
08|47|0|180|2.9|14.5|158|26.2|68.7|0.00|0.00|43.6729|31.8845
08|49|0|90|5.8|14.5|158|26.6|68.9|0.00|0.00|43.6675|31.8845
08|51|0|135|1.5|14.5|158|26.3|69.4|0.00|0.00|43.6686|32.7345
08|52|0|158|3.2|14.5|158|27.1|69.5|0.00|0.00|43.671|33.6732
08|53|0|90|2.9|14.5|158|26.4|69.7|0.00|0.00|43.6717|32.7345
08|54|0|158|2.9|14.5|158|25.7|69.8|0.00|0.00|43.6746|31.7633
08|55|0|90|4.4|14.5|158|25.8|70.0|0.00|0.00|43.6758|32.6091
08|57|0|180|3.2|14.5|158|25.0|70.4|0.00|0.00|43.6778|32.6091
08|58|0|135|2.9|14.5|158|24.8|70.6|0.00|0.00|43.6773|31.599
08|59|0|135|1.5|14.5|158|25.1|70.9|0.00|0.00|43.6758|32.6091
09|00|0|180|5.8|14.5|158|24.0|71.0|0.00|0.00|43.6791|32.4405
09|01|0|158|5.8|14.5|158|23.5|71.2|0.00|0.00|43.6778|31.3883
09|02|0|135|6.5|14.5|158|23.2|71.2|0.00|0.00|43.6789|31.3883
09|03|0|180|2.9|14.5|158|23.2|71.3|0.00|0.00|43.6756|31.3883
09|05|0|90|2.9|14.5|158|22.9|71.4|0.00|0.00|43.6704|30.2948
09|06|0|135|2.9|14.5|158|22.7|71.6|0.00|0.00|43.6745|30.2948
09|07|0|90|3.2|14.5|158|22.9|71.7|0.00|0.00|43.6769|30.2948
09|08|0|90|5.8|14.5|158|23.1|71.7|0.00|0.00|43.677|31.3883
09|09|0|180|4.8|14.5|158|22.6|71.7|0.00|0.00|43.6771|30.2948
09|10|0|45|1.5|14.5|158|22.6|71.6|0.00|0.00|43.6779|30.2948
09|11|0|180|4.4|14.5|158|22.2|71.4|0.00|0.00|43.6766|30.2948
09|12|0|90|4.4|14.5|158|23.1|71.4|0.00|0.00|43.6761|31.3883
09|13|0|135|3.2|14.5|158|23.0|71.5|0.00|0.00|43.6765|31.3883
09|15|0|45|3.2|14.5|158|23.4|71.6|0.00|0.00|43.673|31.3883
09|17|0|90|4.4|14.5|158|23.1|71.7|0.00|0.00|43.6735|31.3883
09|18|0|135|4.8|14.5|158|22.9|71.7|0.00|0.00|43.6749|30.2948
09|20|0|90|2.9|14.5|158|22.1|72.2|0.00|0.00|43.6768|31.1277
09|21|0|135|1.5|14.5|158|22.6|72.4|0.00|0.00|43.6762|31.1277
09|22|0|180|4.4|14.5|158|23.0|72.7|0.00|0.00|43.6714|32.2254
09|23|0|135|7.3|14.5|158|23.5|73.0|0.00|0.00|43.6705|33.0622
09|25|0|180|2.9|14.5|158|22.1|73.2|0.00|0.00|43.6679|31.9602
09|26|0|90|3.2|14.5|158|22.6|73.5|0.00|0.00|43.6672|31.9602
09|27|0|135|3.2|14.5|158|21.8|73.6|0.00|0.00|43.6623|30.8129
09|28|0|90|8.0|14.5|158|20.9|74.0|0.00|0.00|43.6591|30.4393
09|29|0|113|4.4|14.5|158|19.7|74.1|0.00|0.00|43.6601|29.1837
09|30|0|90|5.8|14.5|158|19.0|74.4|0.00|0.00|43.6617|29.1837
09|32|0|135|2.9|14.5|158|18.2|74.5|0.00|0.00|43.6579|27.8681
09|33|0|90|4.4|14.5|158|18.4|74.8|0.00|0.00|43.6602|27.8681
09|35|0|90|5.8|14.5|158|18.5|75.1|0.00|0.00|43.6598|28.6809
09|36|0|135|2.9|16.1|90|18.7|75.3|0.00|0.00|43.6622|28.6809
09|37|0|135|3.2|16.1|90|18.0|75.4|0.00|0.00|43.6633|28.6809
09|38|0|113|3.2|16.1|90|18.2|75.7|0.00|0.00|43.6669|28.6809
09|39|0|90|4.4|16.1|90|18.1|75.7|0.00|0.00|43.67|28.6809
09|40|0|90|7.3|16.1|90|18.0|75.5|0.00|0.00|43.666|28.6809
09|41|0|90|4.4|16.1|90|18.0|75.5|0.00|0.00|43.6627|28.6809
09|42|0|135|1.5|16.1|90|18.3|75.8|0.00|0.00|43.6634|28.6809
09|44|0|90|2.9|16.1|90|18.5|76.0|0.00|0.00|43.6621|29.4934
09|45|0|135|2.9|16.1|90|18.6|76.2|0.00|0.00|43.6567|29.4934
09|47|0|90|4.4|16.1|90|18.4|76.2|0.00|0.00|43.6652|29.4934
09|48|0|135|3.2|16.1|90|18.4|76.2|0.00|0.00|43.6688|29.4934
09|49|0|135|1.5|16.1|90|18.7|76.0|0.00|0.00|43.669|29.4934
09|51|0|180|5.8|16.1|90|18.2|75.9|0.00|0.00|43.6669|28.6809
09|52|0|135|2.9|16.1|90|17.6|75.5|0.00|0.00|43.6661|27.2936
09|53|0|90|4.4|16.1|90|17.9|75.5|0.00|0.00|43.6647|27.2936
09|54|0|68|4.8|16.1|90|17.7|75.3|0.00|0.00|43.6627|27.2936
09|56|0|113|4.8|16.1|90|17.3|74.9|0.00|0.00|43.6588|26.4861
09|59|0|315|3.2|16.1|90|19.4|74.9|0.00|0.00|43.6556|29.1837
10|00|0|90|3.2|16.1|90|18.8|75.0|0.00|0.00|43.6562|28.6809
10|01|0|45|2.9|16.1|90|18.6|75.0|0.00|0.00|43.6507|28.6809
10|02|0|45|0.0|16.1|90|18.6|75.1|0.00|0.00|43.6489|28.6809
10|03|0|135|3.2|16.1|90|19.3|75.3|0.00|0.00|43.6556|30.0016
10|04|0|90|4.4|16.1|90|19.5|75.3|0.00|0.00|43.6549|30.0016
10|05|0|135|0.0|16.1|90|19.3|75.4|0.00|0.00|43.6596|30.0016
10|07|0|90|1.5|16.1|90|18.2|75.5|0.00|0.00|43.6571|28.6809
10|08|0|135|4.8|16.1|90|18.2|75.5|0.00|0.00|43.6556|28.6809
10|09|0|90|1.5|16.1|90|17.5|75.7|0.00|0.00|43.6565|27.2936
10|10|0|135|2.9|16.1|90|18.4|75.8|0.00|0.00|43.6534|28.6809
10|11|0|90|1.5|16.1|90|18.2|75.9|0.00|0.00|43.6442|28.6809
10|12|0|180|4.4|16.1|90|18.6|76.2|0.00|0.00|43.6371|29.4934
10|13|0|180|2.9|16.1|90|17.7|76.4|0.00|0.00|43.6349|28.1008
10|14|0|180|4.4|16.1|90|18.6|76.8|0.00|0.00|43.6373|29.4934
10|15|0|135|2.9|16.1|90|17.5|77.0|0.00|0.00|43.637|28.9077
10|16|0|135|2.9|16.1|90|17.2|77.1|0.00|0.00|43.6404|28.9077
10|17|0|180|5.8|16.1|90|16.9|77.1|0.00|0.00|43.6445|27.435
10|18|0|135|1.5|16.1|90|16.0|77.0|0.00|0.00|43.6434|27.435
10|20|0|135|1.5|16.1|90|16.0|77.1|0.00|0.00|43.6422|27.435
10|21|0|135|1.6|16.1|90|17.0|77.0|0.00|0.00|43.6443|28.9077
10|22|0|180|1.5|16.1|90|17.1|76.8|0.00|0.00|43.6418|28.1008
10|23|0|225|1.5|16.1|90|17.8|76.7|0.00|0.00|43.6428|28.1008
10|24|0|180|4.4|16.1|90|17.6|76.6|0.00|0.00|43.6419|28.1008
10|25|0|180|3.2|16.1|90|16.8|76.3|0.00|0.00|43.638|26.6337
10|26|0|225|1.6|16.1|90|16.8|76.3|0.00|0.00|43.6382|26.6337
10|27|0|180|2.9|16.1|90|17.7|76.3|0.00|0.00|43.638|28.1008
10|28|0|180|4.4|16.1|90|17.5|76.2|0.00|0.00|43.6293|28.1008
10|29|0|135|4.8|16.1|90|17.3|76.4|0.00|0.00|43.6277|28.1008
10|30|0|180|4.4|16.1|90|18.2|76.6|0.00|0.00|43.6277|29.4934
10|31|0|90|3.2|16.1|90|18.0|76.7|0.00|0.00|43.6278|29.4934
10|32|0|180|4.8|16.1|90|17.9|76.9|0.00|0.00|43.6279|28.1008
10|33|0|135|3.2|16.1|90|18.6|76.9|0.00|0.00|43.6263|29.4934
10|34|0|135|4.4|16.1|90|18.2|77.1|0.00|0.00|43.625|30.3056
10|35|0|135|4.4|16.1|90|18.3|77.2|0.00|0.00|43.6241|30.3056
10|37|0|135|2.9|16.1|90|18.8|77.3|0.00|0.00|43.6243|30.3056
10|38|0|90|4.4|16.1|90|18.0|77.5|0.00|0.00|43.6246|30.3056
10|39|0|113|4.8|16.1|90|18.0|77.7|0.00|0.00|43.6253|30.3056
10|40|0|135|4.4|16.1|90|17.9|77.7|0.00|0.00|43.6235|28.9077
10|41|0|158|6.4|16.1|90|17.7|77.8|0.00|0.00|43.6223|28.9077
10|43|0|225|2.9|16.1|90|16.0|78.1|0.00|0.00|43.6183|28.2359
10|44|0|90|1.6|16.1|90|16.5|78.5|0.00|0.00|43.6182|28.2359
10|45|0|180|1.5|16.1|90|16.5|78.7|0.00|0.00|43.6192|28.2359
10|46|0|203|2.9|16.1|90|16.1|78.8|0.00|0.00|43.6186|28.2359
10|47|0|180|4.4|16.1|90|16.9|78.9|0.00|0.00|43.6172|28.2359
10|48|0|180|4.4|16.1|90|16.5|79.0|0.00|0.00|43.6239|29.0364
10|49|0|135|1.5|16.1|90|16.8|79.3|0.00|0.00|43.62|29.0364
10|50|0|45|2.9|16.1|90|16.8|79.4|0.00|0.00|43.6222|29.0364
10|51|0|135|1.5|16.1|90|16.5|79.6|0.00|0.00|43.6224|29.0364
10|53|0|135|4.4|16.1|90|16.8|79.7|0.00|0.00|43.6202|29.0364
10|54|0|135|4.4|16.1|90|16.0|79.6|0.00|0.00|43.6208|29.0364
10|55|0|135|2.9|16.1|90|16.4|79.8|0.00|0.00|43.6189|29.0364
10|56|0|135|1.5|16.1|90|17.0|80.0|0.00|0.00|43.6199|31.326
10|57|0|180|4.4|16.1|90|16.4|80.2|0.00|0.00|43.6199|29.8366
10|58|0|180|5.8|16.1|90|15.9|80.0|0.00|0.00|43.6165|28.2623
11|00|0|180|4.4|16.1|90|16.8|80.4|0.00|0.00|43.6174|29.8366
11|01|0|180|8.7|16.1|90|16.5|80.5|0.00|0.00|43.6145|29.8366
11|02|0|180|4.8|16.1|90|16.5|80.5|0.00|0.00|43.617|29.8366
11|03|0|180|7.3|16.1|90|16.5|80.6|0.00|0.00|43.6138|29.8366
11|04|0|135|5.8|16.1|90|16.5|80.6|0.00|0.00|43.6126|29.8366
11|05|0|225|2.9|16.1|90|16.9|80.8|0.00|0.00|43.6124|29.8366
11|06|0|135|4.4|16.1|90|16.2|80.9|0.00|0.00|43.6149|29.8366
11|09|0|90|2.9|16.1|90|15.7|81.3|0.00|0.00|43.6149|29.0562
11|10|0|113|3.2|16.1|90|15.9|81.2|0.00|0.00|43.6198|29.0562
11|11|0|90|1.5|16.1|90|16.4|81.2|0.00|0.00|43.6196|30.6364
11|12|0|135|1.5|16.1|90|16.8|81.1|0.00|0.00|43.6188|30.6364
11|13|0|135|0.0|16.1|90|17.5|81.1|0.00|0.00|43.6181|32.1315
11|14|0|90|1.5|16.1|90|16.4|81.1|0.00|0.00|43.6149|30.6364
11|15|0|23|1.5|16.1|90|15.9|81.1|0.00|0.00|43.6127|29.0562
11|16|0|0|0.0|16.1|90|15.8|81.1|0.00|0.00|43.6122|29.0562
11|17|0|0|0.0|16.1|90|15.4|81.1|0.00|0.00|43.6133|29.0562
11|18|0|158|1.5|16.1|90|15.7|81.2|0.00|0.00|43.6077|29.0562
11|19|0|113|3.2|16.1|90|16.0|81.4|0.00|0.00|43.5984|30.6364
11|20|0|113|1.5|16.1|90|16.0|81.5|0.00|0.00|43.5947|30.6364
11|21|0|135|1.6|16.1|90|15.9|81.7|0.00|0.00|43.5932|29.0562
11|22|0|90|4.4|16.1|90|16.6|82.0|0.00|0.00|43.5921|31.4358
11|23|0|45|2.9|16.1|90|16.3|82.1|0.00|0.00|43.5911|31.4358
11|25|0|90|4.4|16.1|90|17.9|82.4|0.00|0.00|43.5916|32.9366
11|26|0|135|1.5|16.1|90|16.2|82.6|0.00|0.00|43.5905|31.4358
11|27|0|135|4.4|16.1|90|17.9|83.0|0.00|0.00|43.5924|33.7413
11|28|0|135|2.9|16.1|90|17.2|83.3|0.00|0.00|43.5918|33.7413
11|29|0|135|2.9|16.1|90|16.2|83.5|0.00|0.00|43.5936|32.2349
11|30|0|90|3.2|16.1|90|14.6|83.6|0.00|0.00|43.5925|28.9541
11|31|0|45|2.9|16.1|90|15.3|83.8|0.00|0.00|43.5927|30.6429
11|32|0|90|2.9|16.1|90|15.4|84.0|0.00|0.00|43.5929|31.4357
11|33|0|135|1.5|16.1|90|16.3|84.2|0.00|0.00|43.5937|33.0337
11|34|0|90|6.4|16.1|90|15.5|84.2|0.00|0.00|43.5929|31.4357
11|35|0|0|1.5|16.1|90|15.7|84.3|0.00|0.00|43.5942|31.4357
11|37|0|45|2.9|16.1|90|15.2|84.4|0.00|0.00|43.5912|31.4357
11|38|0|90|1.6|16.1|90|15.1|84.7|0.00|0.00|43.5905|31.4357
11|42|0|135|1.6|16.1|90|15.8|85.2|0.00|0.00|43.5841|32.2282
11|43|0|225|2.9|16.1|90|15.7|85.6|0.00|0.00|43.5795|32.2282
11|44|0|135|1.5|16.1|90|16.5|85.8|0.00|0.00|43.5804|33.8321
11|45|0|45|2.9|16.1|90|14.7|85.9|0.00|0.00|43.5796|30.5267
11|46|0|135|4.4|16.1|90|15.5|86.1|0.00|0.00|43.5768|33.0202
11|47|0|45|1.6|16.1|90|15.2|86.2|0.00|0.00|43.5788|33.0202
11|48|0|338|1.5|16.1|90|15.5|86.3|0.00|0.00|43.5768|33.0202
11|49|0|180|1.5|16.1|90|16.1|86.6|0.00|0.00|43.5793|34.6301
11|50|0|225|2.9|16.1|90|15.9|86.8|0.00|0.00|43.5781|33.0202
11|52|0|225|1.5|16.1|90|15.0|87.1|0.00|0.00|43.5838|33.812
11|53|0|90|5.8|16.1|90|14.2|87.0|0.00|0.00|43.5881|32.0979
11|54|0|68|1.5|16.1|90|14.1|86.8|0.00|0.00|43.5766|31.3125
11|55|0|45|1.6|16.1|90|14.2|87.0|0.00|0.00|43.5738|32.0979
11|56|0|90|5.8|16.1|90|14.9|86.9|0.00|0.00|43.582|31.3125
11|58|0|45|5.8|16.1|90|14.4|86.6|0.00|0.00|43.5816|31.3125
11|59|0|90|2.9|16.1|90|14.8|86.5|0.00|0.00|43.5769|31.3125
12|00|0|45|0.0|16.1|90|14.7|86.6|0.00|0.00|43.5752|31.3125
12|01|0|90|5.8|16.1|90|14.8|86.6|0.00|0.00|43.5781|31.3125
12|02|0|225|1.6|16.1|90|14.5|86.2|0.00|0.00|43.5776|31.3125
12|03|0|135|2.9|16.1|90|15.1|86.3|0.00|0.00|43.5713|33.0202
12|04|0|90|2.9|16.1|90|15.5|86.3|0.00|0.00|43.5728|33.0202
12|05|0|0|1.6|16.1|90|14.2|86.1|0.00|0.00|43.5752|31.3125
12|06|0|90|1.6|16.1|90|14.8|86.1|0.00|0.00|43.5775|31.3125
12|08|0|135|0.0|16.1|90|16.2|85.9|0.00|0.00|43.576|33.8321
12|09|0|135|1.5|16.1|90|15.7|85.9|0.00|0.00|43.5769|32.2282
12|10|0|338|0.0|16.1|90|15.2|85.9|0.00|0.00|43.5751|32.2282
12|12|0|0|1.6|16.1|90|16.9|86.0|0.00|0.00|43.5661|34.6301
12|13|0|90|1.5|16.1|90|17.6|86.3|0.00|0.00|43.5662|36.1535
12|15|0|45|1.5|16.1|90|16.9|86.7|0.00|0.00|43.5658|34.6301
12|16|0|45|3.2|16.1|90|17.4|86.9|0.00|0.00|43.5662|36.1535
12|17|0|135|1.5|16.1|90|15.3|87.0|0.00|0.00|43.571|33.812
12|19|0|45|1.5|16.1|90|15.7|86.9|0.00|0.00|43.5726|33.0202
12|20|0|45|0.0|16.1|90|16.1|86.8|0.00|0.00|43.5731|34.6301
12|21|0|45|1.6|16.1|90|16.8|86.8|0.00|0.00|43.5731|34.6301
12|22|0|0|1.5|16.1|90|17.1|86.7|0.00|0.00|43.5729|36.1535
12|23|0|0|1.5|16.1|90|17.1|86.6|0.00|0.00|43.5717|36.1535
12|24|0|45|0.0|16.1|90|17.9|86.6|0.00|0.00|43.5719|36.1535
12|25|0|135|2.9|16.1|90|17.9|86.6|0.00|0.00|43.5718|36.1535
12|26|0|135|1.6|16.1|90|16.2|86.5|0.00|0.00|43.569|34.6301
12|27|0|90|2.9|16.1|90|15.8|86.2|0.00|0.00|43.5627|33.0202
12|28|0|315|0.0|16.1|90|15.4|86.3|0.00|0.00|43.556|33.0202
12|29|0|225|1.5|16.1|90|16.1|86.6|0.00|0.00|43.5562|34.6301
12|31|0|180|1.5|16.1|90|15.8|86.8|0.00|0.00|43.5545|33.0202
12|33|0|180|4.8|16.1|90|15.5|87.2|0.00|0.00|43.5567|33.812
12|34|0|180|5.8|16.1|90|15.0|87.1|0.00|0.00|43.5568|33.812
12|35|0|225|1.5|16.1|90|15.0|87.1|0.00|0.00|43.5572|33.812
12|36|0|270|1.5|16.1|90|15.4|87.0|0.00|0.00|43.556|33.812
12|37|0|315|1.5|16.1|90|16.3|87.1|0.00|0.00|43.5574|35.4278
12|38|0|315|1.5|16.1|90|16.8|87.1|0.00|0.00|43.5582|35.4278
12|39|0|90|1.5|16.1|90|17.2|87.1|0.00|0.00|43.5591|36.9568
12|40|0|270|2.9|16.1|90|15.9|87.1|0.00|0.00|43.5574|33.812
12|41|0|315|2.9|16.1|90|16.7|87.0|0.00|0.00|43.5584|35.4278
12|42|0|315|1.5|16.1|90|17.7|87.0|0.00|0.00|43.5597|36.9568
12|43|0|0|0.0|16.1|90|17.2|87.0|0.00|0.00|43.5567|36.9568
12|44|0|315|1.5|16.1|90|17.5|86.9|0.00|0.00|43.5563|36.1535
12|45|0|0|1.5|16.1|90|17.6|86.9|0.00|0.00|43.5552|36.1535
12|47|0|0|1.5|16.1|90|18.4|86.8|0.00|0.00|43.553|37.5996
12|48|0|0|1.5|16.1|90|18.4|86.7|0.00|0.00|43.5544|37.5996
12|49|0|0|1.6|16.1|90|17.9|86.6|0.00|0.00|43.5535|36.1535
12|50|0|315|1.5|16.1|90|20.6|86.6|0.00|0.00|43.5526|40.2909
12|51|0|315|1.5|16.1|90|19.1|86.5|0.00|0.00|43.5524|38.9766
12|52|0|315|2.9|16.1|90|17.7|86.3|0.00|0.00|43.5448|36.1535
12|53|0|315|1.5|16.1|90|18.4|86.3|0.00|0.00|43.5478|37.5996
12|54|0|0|1.5|16.1|90|18.7|86.3|0.00|0.00|43.5493|37.5996
12|57|0|270|3.2|16.1|90|16.3|86.1|0.00|0.00|43.5464|34.6301
12|58|0|270|0.0|16.1|90|16.7|86.2|0.00|0.00|43.5477|34.6301
12|59|0|225|0.0|16.1|90|17.0|86.2|0.00|0.00|43.5458|36.1535
13|00|0|270|0.0|16.1|90|17.2|86.3|0.00|0.00|43.5476|36.1535
13|01|0|270|3.2|16.1|90|17.6|86.3|0.00|0.00|43.5458|36.1535
13|02|0|0|1.5|16.1|90|16.8|86.5|0.00|0.00|43.5471|34.6301
13|04|0|270|1.5|16.1|90|17.8|86.5|0.00|0.00|43.5464|36.1535
13|05|0|270|1.5|16.1|90|18.9|86.6|0.00|0.00|43.5478|37.5996
13|06|0|0|1.5|16.1|90|22.3|86.6|0.00|0.00|43.549|42.7545
13|07|0|315|2.9|16.1|90|19.0|86.5|0.00|0.00|43.5449|38.9766
13|08|0|315|2.9|16.1|90|17.4|86.3|0.00|0.00|43.5479|36.1535
13|09|0|315|2.9|16.1|90|20.6|86.2|0.00|0.00|43.5466|40.2909
13|10|0|315|1.5|16.1|90|18.6|86.1|0.00|0.00|43.5444|37.5996
13|11|0|315|1.5|16.1|90|18.2|86.0|0.00|0.00|43.5431|37.5996
13|12|0|0|1.6|16.1|90|18.7|85.9|0.00|0.00|43.5425|36.7905
13|13|0|0|2.9|16.1|90|18.6|85.9|0.00|0.00|43.542|36.7905
13|14|0|0|1.5|16.1|90|17.7|85.8|0.00|0.00|43.5386|35.3498
13|15|0|0|1.5|16.1|90|17.6|85.7|0.00|0.00|43.5391|35.3498
13|16|0|0|1.5|16.1|90|18.9|85.6|0.00|0.00|43.5374|36.7905
13|19|0|0|2.9|16.1|90|22.2|85.4|0.00|0.00|43.532|41.926
13|20|0|0|2.9|16.1|90|18.7|85.3|0.00|0.00|43.5301|36.7905
13|21|0|0|1.6|16.1|90|19.3|85.3|0.00|0.00|43.5307|38.1623
13|22|0|0|2.9|16.1|90|18.0|85.2|0.00|0.00|43.5276|36.7905
13|23|0|0|1.6|16.1|90|18.8|85.1|0.00|0.00|43.5264|36.7905
13|24|0|0|1.5|16.1|90|19.9|85.0|0.00|0.00|43.5263|38.1623
13|25|0|0|1.5|16.1|90|19.4|85.0|0.00|0.00|43.5234|38.1623
13|26|0|0|2.9|16.1|90|18.4|84.9|0.00|0.00|43.5222|35.9811
13|27|0|0|1.5|16.1|90|17.2|84.8|0.00|0.00|43.517|34.5457
13|28|0|0|1.5|16.1|90|19.1|85.0|0.00|0.00|43.5119|38.1623
13|29|0|45|0.0|16.1|90|17.6|85.0|0.00|0.00|43.5179|35.3498
13|30|0|45|1.6|16.1|90|20.2|85.0|0.00|0.00|43.5182|39.4717
13|31|0|0|1.5|16.1|90|21.6|85.0|0.00|0.00|43.5178|40.7247
13|32|0|45|0.0|16.1|90|21.1|85.0|0.00|0.00|43.5192|40.7247
13|34|0|45|0.0|16.1|90|20.3|85.0|0.00|0.00|43.5182|39.4717
13|35|0|45|0.0|16.1|90|19.9|85.0|0.00|0.00|43.5199|38.1623
13|36|0|45|0.0|16.1|90|18.6|85.0|0.00|0.00|43.5201|36.7905
13|38|0|0|0.0|16.1|90|17.6|85.1|0.00|0.00|43.5194|35.3498
13|39|0|0|0.0|16.1|90|17.0|85.1|0.00|0.00|43.5192|35.3498
13|40|0|225|0.0|16.1|90|17.2|85.1|0.00|0.00|43.5177|35.3498
13|41|0|225|0.0|16.1|90|17.5|85.1|0.00|0.00|43.5156|35.3498
13|43|0|135|0.0|16.1|90|16.9|85.1|0.00|0.00|43.5172|33.8321
13|44|0|225|0.0|16.1|90|17.2|85.1|0.00|0.00|43.5151|35.3498
13|45|0|225|0.0|16.1|90|17.2|85.1|0.00|0.00|43.5162|35.3498
13|47|0|225|0.0|16.1|90|18.0|85.1|0.00|0.00|43.5183|36.7905
13|49|0|225|0.0|16.1|90|19.2|85.2|0.00|0.00|43.5216|38.1623
13|50|0|225|0.0|16.1|90|18.7|85.1|0.00|0.00|43.522|36.7905
13|52|0|225|1.5|16.1|90|18.3|85.1|0.00|0.00|43.5229|36.7905
13|53|0|225|0.0|16.1|90|18.0|85.1|0.00|0.00|43.5241|36.7905
13|54|0|225|1.5|16.1|90|17.8|85.1|0.00|0.00|43.5251|35.3498
13|55|0|180|1.6|16.1|90|17.8|85.0|0.00|0.00|43.5256|35.3498
13|56|0|225|1.5|16.1|90|18.1|85.0|0.00|0.00|43.5283|36.7905
13|59|0|270|0.0|16.1|90|17.8|84.8|0.00|0.00|43.5296|34.5457
14|00|0|270|1.5|16.1|90|16.7|84.7|0.00|0.00|43.5288|33.0337
14|02|0|315|1.5|16.1|90|17.4|84.5|0.00|0.00|43.534|34.5457
14|03|0|315|0.0|16.1|90|17.9|84.4|0.00|0.00|43.533|34.5457
14|06|0|315|2.9|16.1|90|20.7|84.2|0.00|0.00|43.5391|38.6522
14|07|0|270|1.6|16.1|90|19.5|83.9|0.00|0.00|43.5421|36.5328
14|08|0|270|2.9|16.1|90|20.0|83.6|0.00|0.00|43.5441|37.8324
14|09|0|270|2.9|16.1|90|19.5|83.3|0.00|0.00|43.5455|36.5328
14|10|0|270|0.0|16.1|90|19.7|83.1|0.00|0.00|43.544|36.5328
14|11|0|225|1.5|16.1|90|20.1|82.9|0.00|0.00|43.5492|37.0123
14|13|0|90|0.0|16.1|90|19.8|82.5|0.00|0.00|43.5563|35.7176
14|14|0|180|2.9|16.1|90|19.5|82.4|0.00|0.00|43.5617|35.7176
14|15|0|225|2.9|16.1|90|19.5|82.3|0.00|0.00|43.5705|35.7176
14|16|0|225|4.4|19.3|270|19.4|81.7|0.00|0.00|43.5665|34.902
14|17|0|135|6.4|19.3|270|19.8|81.5|0.00|0.00|43.5749|34.902
14|19|0|180|10.2|19.3|270|26.6|80.9|0.00|0.00|43.5841|42.0654
14|20|0|135|8.7|19.4|180|31.8|79.9|0.01|0.01|43.5888|45.8064
14|21|0|180|10.2|20.4|135|33.5|78.5|0.01|0.01|43.5904|46.589
14|22|0|270|5.8|20.4|135|34.9|77.5|0.01|0.01|43.5988|46.5052
14|23|0|180|16.1|20.4|135|36.7|76.4|0.01|0.01|43.5884|47.1406
14|24|0|135|11.3|20.4|135|38.1|75.2|0.01|0.01|43.5992|47.6919
14|25|0|180|16.0|20.4|135|38.4|73.7|0.01|0.01|43.5993|45.917
14|26|0|225|8.7|23.3|90|38.2|72.6|0.01|0.01|43.6002|45.0293
14|27|0|180|11.6|23.3|90|40.4|71.6|0.02|0.02|43.5973|45.4872
14|28|0|225|5.8|23.3|90|41.1|70.8|0.02|0.02|43.6076|45.2418
14|29|0|180|5.8|23.3|90|43.2|70.5|0.02|0.02|43.6115|46.4975
14|30|0|158|1.5|23.3|90|44.7|69.8|0.02|0.02|43.6079|46.2021
14|33|0|225|3.2|23.3|90|50.2|68.5|0.03|0.03|43.6109|48.6853
14|34|0|270|1.6|23.3|90|48.5|68.1|0.03|0.03|43.6073|47.5979
14|35|0|270|0.0|23.3|90|51.2|67.8|0.03|0.03|43.6083|48.2942
14|36|0|180|2.9|23.3|90|51.1|67.4|0.04|0.04|43.6073|48.2942
14|37|0|225|2.9|23.3|90|55.4|67.0|0.04|0.04|43.6099|50.3161
14|38|0|135|6.4|23.3|90|55.2|66.5|0.04|0.04|43.609|49.3869
14|40|0|225|1.5|23.3|90|56.1|65.6|0.04|0.04|43.6062|48.9387
14|41|0|315|1.5|23.3|90|59.2|65.6|0.05|0.05|43.6051|50.3383
14|42|0|135|0.0|23.3|90|60.8|65.5|0.05|0.05|43.6054|50.7909
14|43|0|315|2.9|23.3|90|61.2|65.4|0.05|0.05|43.6044|51.2369
14|44|0|270|2.9|23.3|90|58.7|65.2|0.05|0.05|43.603|49.8788
14|46|0|315|4.8|23.3|90|57.6|65.1|0.05|0.05|43.6032|49.4124
14|47|0|315|2.9|23.3|90|51.3|65.0|0.05|0.05|43.6032|46.4525
14|48|0|270|4.4|23.3|90|52.4|65.0|0.05|0.05|43.5995|46.9664
14|49|0|270|5.8|23.3|90|52.0|65.2|0.05|0.05|43.5997|46.9664
14|50|0|270|2.9|23.3|90|55.0|65.4|0.05|0.05|43.5983|48.4576
14|51|0|270|2.9|23.3|90|54.6|65.6|0.05|0.05|43.5982|47.9686
14|52|0|248|1.5|23.3|90|54.7|65.9|0.05|0.05|43.5993|47.9686
14|53|0|0|2.9|23.3|90|55.9|66.1|0.05|0.05|43.6006|49.3869
14|54|0|315|2.9|23.3|90|55.1|66.2|0.05|0.05|43.5996|49.3869
14|55|0|270|1.5|23.3|90|55.4|66.3|0.05|0.05|43.599|49.3869
14|56|0|0|1.5|23.3|90|54.8|66.5|0.05|0.05|43.597|48.8959
14|57|0|270|1.6|23.3|90|53.5|66.7|0.05|0.05|43.6005|48.3968
14|58|0|315|4.4|23.3|90|53.4|66.9|0.05|0.05|43.5997|48.3968
14|59|0|315|6.4|23.3|90|53.5|67.1|0.05|0.05|43.5967|49.3219
15|00|0|315|7.3|23.3|90|51.1|67.4|0.05|0.05|43.5957|48.2942
15|01|0|315|7.3|23.3|90|49.9|67.8|0.05|0.05|43.5937|47.2303
15|03|0|0|4.4|23.3|90|46.6|68.1|0.05|0.05|43.5957|46.4699
15|04|0|315|8.7|23.3|90|47.2|68.7|0.05|0.05|43.5999|47.0392
15|05|0|315|10.2|23.3|90|44.8|69.5|0.05|0.05|43.6056|46.2021
15|06|0|0|6.5|23.3|90|41.3|70.0|0.05|0.05|43.6051|45.2418
15|07|0|270|14.5|23.3|90|38.7|70.5|0.05|0.05|43.604|43.2531
15|08|0|315|8.1|23.3|90|38.7|71.0|0.05|0.05|43.6112|44.1413
15|11|0|315|11.6|23.3|90|37.0|71.8|0.05|0.05|43.597|43.4448
15|13|0|0|23.3|24.7|0|32.9|72.2|0.05|0.05|43.5848|40.5614
15|14|0|0|10.2|24.7|0|32.3|72.6|0.05|0.05|43.5869|40.5614
15|15|0|0|16.1|24.7|0|31.8|73.0|0.05|0.05|43.58|40.6125
15|17|0|0|14.5|24.7|0|29.6|73.9|0.05|0.05|43.5836|38.9025
15|18|0|0|9.7|24.7|0|29.8|74.3|0.05|0.05|43.5836|39.762
15|19|0|23|8.7|24.7|0|30.8|74.5|0.04|0.05|43.5837|40.633
15|22|0|0|8.7|24.7|0|30.8|74.9|0.04|0.05|43.5685|40.633
15|23|0|45|11.6|24.7|0|30.7|75.0|0.04|0.05|43.5629|41.4957
15|24|0|0|11.6|24.7|0|30.9|75.1|0.04|0.05|43.5625|41.4957
15|25|0|0|11.6|24.7|0|28.5|75.1|0.04|0.05|43.5561|39.7198
15|26|0|0|13.1|24.7|0|28.2|75.3|0.04|0.05|43.551|39.7198
15|27|0|45|11.6|24.7|0|28.0|75.4|0.03|0.05|43.5524|39.7198
15|28|0|23|8.7|24.7|0|28.5|75.7|0.03|0.05|43.5533|39.7198
15|29|0|315|8.7|24.7|0|27.8|75.8|0.03|0.05|43.552|38.7895
15|31|0|45|5.8|24.7|0|28.4|76.1|0.02|0.05|43.5549|40.5752
15|32|0|45|4.8|24.7|0|29.1|76.2|0.02|0.05|43.5549|41.4802
15|33|0|45|7.3|24.7|0|29.6|76.3|0.02|0.05|43.5577|41.4802
15|34|0|45|6.5|24.7|0|28.3|76.3|0.02|0.05|43.5589|40.5752
15|35|0|45|5.8|24.7|0|28.3|76.4|0.01|0.05|43.5619|40.5752
15|36|0|45|4.4|24.7|0|27.4|76.4|0.01|0.05|43.5601|39.6413
15|37|0|90|4.4|24.7|0|28.6|76.6|0.01|0.05|43.5594|40.5752
15|39|0|23|7.3|24.7|0|28.6|76.8|0.01|0.05|43.563|40.5752
15|40|0|45|2.9|24.7|0|26.2|76.9|0.01|0.05|43.5583|38.6763
15|41|0|23|4.4|24.7|0|26.9|77.1|0.00|0.05|43.556|39.524
15|42|0|45|5.8|24.7|0|26.1|77.2|0.00|0.05|43.5554|39.524
15|43|0|45|4.8|24.7|0|25.3|77.3|0.00|0.05|43.5529|38.5218
15|44|0|45|7.3|24.7|0|26.3|77.6|0.00|0.05|43.5567|39.524
15|45|0|23|4.4|24.7|0|25.9|77.8|0.00|0.05|43.5574|38.5218
15|47|0|45|4.4|24.7|0|25.7|78.0|0.00|0.05|43.5584|39.3653
15|48|0|90|5.8|24.7|0|26.0|78.0|0.00|0.05|43.5604|40.3714
15|49|0|45|4.8|24.7|0|25.9|78.0|0.00|0.05|43.5581|39.3653
15|51|0|0|2.9|24.7|0|28.0|78.2|0.00|0.05|43.5601|42.2852
15|52|0|68|4.4|24.7|0|26.6|78.1|0.00|0.05|43.5575|40.3714
15|53|0|90|4.4|24.7|0|26.0|78.2|0.00|0.05|43.5611|40.3714
15|54|0|90|6.5|24.7|0|26.5|78.4|0.00|0.05|43.5583|40.3714
15|55|0|45|3.2|24.7|0|26.3|78.4|0.01|0.07|43.556|40.3714
15|56|0|90|6.5|24.7|0|25.6|78.5|0.01|0.07|43.5543|39.3653
15|57|0|45|3.2|24.7|0|24.9|78.6|0.01|0.07|43.554|38.323
15|59|0|45|2.9|24.7|0|24.5|78.9|0.01|0.07|43.5551|38.323
16|00|0|90|6.4|24.7|0|24.9|79.1|0.01|0.07|43.5551|39.1622
16|01|0|90|1.6|24.7|0|25.5|79.4|0.01|0.07|43.5534|40.2085
16|03|0|45|1.5|24.7|0|25.2|79.6|0.01|0.07|43.5534|40.2085
16|04|0|45|4.4|24.7|0|22.8|79.8|0.01|0.07|43.5541|36.9487
16|06|0|90|4.4|24.7|0|23.7|80.4|0.01|0.07|43.5525|38.9114
16|08|0|135|5.8|24.7|0|23.6|80.8|0.01|0.07|43.5471|38.9114
16|10|0|90|5.8|24.7|0|22.3|81.2|0.01|0.07|43.5486|38.6091
16|11|0|180|4.4|24.7|0|21.2|81.2|0.01|0.07|43.5501|37.4258
16|12|0|113|7.3|24.7|0|21.1|81.2|0.01|0.07|43.5511|37.4258
16|15|0|45|5.8|24.7|0|21.3|81.4|0.01|0.07|43.5476|37.4258
16|16|0|90|3.2|24.7|0|21.8|81.5|0.01|0.07|43.5495|37.4258
16|17|0|135|4.4|24.7|0|22.6|81.7|0.01|0.07|43.5487|38.6091
16|18|0|135|4.4|24.7|0|21.3|81.8|0.01|0.07|43.5469|37.4258
16|20|0|45|4.4|24.7|0|20.3|82.0|0.01|0.07|43.5465|37.0123
16|21|0|113|12.9|24.7|0|20.5|82.1|0.01|0.07|43.5421|37.0123
16|22|0|90|4.4|24.7|0|20.8|82.2|0.01|0.07|43.548|37.0123
16|23|0|90|1.5|24.7|0|22.2|82.2|0.01|0.07|43.5466|39.4388
16|25|0|135|2.9|24.7|0|21.4|82.3|0.02|0.08|43.5489|38.251
16|27|0|135|4.4|24.7|0|21.2|82.4|0.02|0.08|43.5477|38.251
16|28|0|90|2.9|24.7|0|21.6|82.4|0.02|0.08|43.5486|38.251
16|29|0|90|13.1|24.7|0|22.3|82.4|0.02|0.08|43.5485|39.4388
16|30|0|135|8.7|24.7|0|22.7|82.4|0.02|0.08|43.548|39.4388
16|33|0|68|9.7|24.7|0|23.4|82.2|0.02|0.08|43.5458|40.5798
16|34|0|180|7.3|24.7|0|24.3|82.2|0.02|0.08|43.5513|41.6779
16|35|0|135|13.1|24.7|0|24.0|82.0|0.02|0.08|43.5501|41.6779
16|36|0|90|8.7|24.7|0|24.5|81.8|0.02|0.08|43.5549|40.8396
16|37|0|135|10.2|24.7|0|24.7|81.8|0.02|0.08|43.5578|40.8396
16|38|0|135|23.3|24.7|0|24.0|81.3|0.02|0.08|43.5502|40.8396
16|39|0|180|14.5|26.2|90|24.9|80.6|0.02|0.08|43.5642|40.0011
16|40|0|113|18.9|30.5|180|25.8|79.9|0.02|0.08|43.567|40.2085
16|41|0|135|21.8|30.5|180|26.9|79.1|0.02|0.08|43.5582|41.2185
16|43|0|135|11.6|30.5|180|28.1|78.6|0.02|0.08|43.5748|42.2852
16|44|0|135|11.6|30.5|180|28.3|77.9|0.02|0.08|43.5692|41.4304
16|45|0|180|20.9|30.5|180|28.7|77.5|0.02|0.08|43.5591|41.4304
16|46|0|135|18.9|30.5|180|29.3|77.1|0.02|0.08|43.5667|42.3389
16|47|0|180|16.0|30.5|180|29.8|77.0|0.02|0.08|43.5703|42.3389
16|48|0|180|16.1|30.5|180|29.4|76.6|0.02|0.08|43.5718|41.4802
16|49|0|135|13.1|30.5|180|30.3|76.7|0.02|0.08|43.5744|42.3581
16|50|0|135|16.0|32.0|180|29.9|76.4|0.02|0.08|43.5687|41.4802
16|51|0|135|11.3|32.0|180|29.4|76.1|0.02|0.08|43.5696|41.4802
16|52|0|180|17.5|32.0|180|29.7|76.0|0.02|0.08|43.5709|41.4802
16|54|0|180|10.2|37.1|158|30.3|75.9|0.02|0.08|43.5703|41.4957
16|55|0|135|16.0|37.1|158|30.7|75.9|0.01|0.08|43.5709|41.4957
16|56|0|158|20.9|37.1|158|30.4|75.8|0.01|0.08|43.5692|41.4957
16|57|0|135|10.2|37.1|158|30.7|75.7|0.01|0.08|43.5752|41.4957
16|58|0|90|10.2|37.1|158|31.2|75.5|0.01|0.08|43.5741|42.3448
16|59|0|135|11.3|37.1|158|31.4|75.5|0.01|0.08|43.5802|42.3448
17|00|0|135|10.2|37.1|158|31.3|75.7|0.01|0.08|43.5796|42.3448
17|01|0|135|18.9|37.1|158|30.7|75.7|0.01|0.08|43.5806|41.4957
17|03|0|180|27.6|37.1|158|30.6|75.3|0.01|0.08|43.5725|41.4957
17|04|0|180|10.2|37.1|158|30.5|75.1|0.01|0.08|43.5799|41.4957
17|06|0|135|23.3|37.1|158|30.4|75.0|0.01|0.08|43.5689|41.4957
17|08|0|135|18.9|37.1|158|30.6|75.0|0.01|0.08|43.5784|41.4957
17|09|0|158|13.1|37.1|158|31.1|75.0|0.01|0.08|43.5738|42.3448
17|10|0|180|17.5|37.1|158|31.2|75.0|0.01|0.08|43.5633|42.3448
17|11|0|135|13.1|37.1|158|31.4|75.2|0.01|0.08|43.5801|42.3448
17|12|0|180|27.6|37.1|158|30.9|75.2|0.01|0.08|43.5631|41.4957
17|13|0|135|30.6|37.1|158|30.6|75.2|0.01|0.08|43.5664|41.4957
17|14|0|180|13.1|37.1|158|30.8|75.3|0.01|0.08|43.5779|41.4957
17|15|0|180|17.4|37.1|158|30.5|75.3|0.01|0.08|43.571|41.4957
17|17|0|180|18.9|37.1|158|31.0|75.4|0.01|0.08|43.5729|42.3448
17|18|0|135|18.9|37.1|158|30.8|75.5|0.01|0.08|43.569|41.4957
17|19|0|180|12.9|37.1|158|30.7|75.5|0.01|0.08|43.5812|41.4957
17|20|0|180|24.7|37.1|158|30.5|75.4|0.01|0.08|43.5824|41.4957
17|21|0|180|18.9|37.1|158|30.0|75.3|0.01|0.08|43.5747|41.4957
17|22|0|135|8.0|37.1|158|30.1|75.3|0.01|0.08|43.581|41.4957
17|23|0|180|17.7|37.1|158|29.9|75.2|0.01|0.08|43.5841|40.6213
17|24|0|135|17.5|37.1|158|30.0|75.1|0.01|0.08|43.59|41.4957
17|25|0|135|13.1|37.1|158|30.1|75.1|0.00|0.08|43.5892|41.4957
17|26|0|180|13.1|37.1|158|30.3|75.0|0.00|0.08|43.5932|41.4957
17|27|0|180|12.9|37.1|158|30.5|75.1|0.00|0.08|43.597|41.4957
17|28|0|135|18.9|37.1|158|30.3|75.1|0.00|0.08|43.5955|41.4957
17|29|0|158|11.6|37.1|158|30.4|75.1|0.00|0.08|43.5949|41.4957
17|31|0|135|17.5|37.1|158|30.6|75.1|0.00|0.08|43.5876|41.4957
17|32|0|180|16.1|37.1|158|30.6|75.1|0.00|0.08|43.5937|41.4957
17|33|0|180|11.3|37.1|158|30.4|75.1|0.00|0.08|43.594|41.4957
17|34|0|135|14.5|37.1|158|30.2|75.1|0.00|0.08|43.5973|41.4957
17|35|0|180|14.5|37.1|158|30.0|75.1|0.00|0.08|43.5959|41.4957
17|36|0|90|17.5|37.1|158|29.7|75.1|0.00|0.08|43.5945|40.6213
17|37|0|180|17.5|37.1|158|29.5|75.1|0.00|0.08|43.5928|40.6213
17|39|0|135|8.7|37.1|158|29.0|75.3|0.00|0.08|43.5982|40.6213
17|40|0|180|16.0|37.1|158|28.3|75.3|0.00|0.08|43.5956|39.7198
17|41|0|135|13.1|37.1|158|28.4|75.4|0.00|0.08|43.5984|39.7198
17|42|0|180|16.0|37.1|158|28.2|75.4|0.00|0.08|43.598|39.7198
17|43|0|135|10.2|37.1|158|28.3|75.4|0.00|0.08|43.6019|39.7198
17|44|0|135|11.6|37.1|158|28.6|75.5|0.00|0.08|43.6002|39.7198
17|46|0|180|13.1|37.1|158|29.1|75.5|0.00|0.08|43.6031|40.6213
17|47|0|135|18.9|37.1|158|28.7|75.3|0.00|0.08|43.6005|39.7198
17|48|0|180|21.8|37.1|158|29.0|75.2|0.00|0.08|43.591|40.6213
17|49|0|180|14.5|37.1|158|29.3|75.1|0.00|0.08|43.6035|40.6213
17|50|0|135|9.7|37.1|158|29.7|75.0|0.00|0.08|43.6022|40.6213
17|51|0|180|9.7|37.1|158|29.9|75.0|0.00|0.08|43.6067|40.6213
17|52|0|135|8.1|37.1|158|30.1|75.0|0.00|0.08|43.609|41.4957
17|53|0|180|16.0|37.1|158|28.8|74.9|0.00|0.08|43.6015|38.8642
17|54|0|135|17.5|37.1|158|28.1|74.9|0.00|0.08|43.6032|38.8642
17|55|0|180|14.5|37.1|158|27.6|74.8|0.00|0.08|43.6009|37.9375
17|57|0|180|18.9|37.1|158|28.2|74.5|0.00|0.08|43.6012|38.8642
17|58|0|135|8.1|37.1|158|28.7|74.5|0.00|0.08|43.6047|38.8642
17|59|0|180|17.7|37.1|158|29.2|74.5|0.00|0.08|43.6039|39.762
18|01|0|135|11.6|37.1|158|29.2|74.4|0.00|0.08|43.6041|39.762
18|02|0|135|7.3|37.1|158|29.6|74.3|0.00|0.08|43.6079|39.762
18|03|0|180|11.6|37.1|158|29.9|74.2|0.00|0.08|43.6005|39.762
18|04|0|225|7.3|37.1|158|29.8|74.2|0.00|0.08|43.6034|39.762
18|06|0|135|13.1|37.1|158|29.5|74.1|0.00|0.08|43.6005|39.762
18|07|0|135|8.7|37.1|158|29.9|74.1|0.00|0.08|43.6025|39.762
18|08|0|135|9.7|37.1|158|30.0|74.0|0.00|0.08|43.5993|40.633
18|09|0|180|11.6|37.1|158|30.1|74.0|0.00|0.08|43.5996|40.633
18|11|0|135|11.6|37.1|158|30.2|74.1|0.00|0.08|43.5996|40.633
18|12|0|90|10.2|37.1|158|30.1|74.0|0.00|0.08|43.5924|40.633
18|13|0|135|10.2|37.1|158|29.9|73.9|0.00|0.08|43.5938|38.9025
18|14|0|180|14.5|37.1|158|30.2|73.7|0.00|0.08|43.5905|39.7701
18|15|0|135|11.6|37.1|158|30.3|73.7|0.00|0.08|43.5943|39.7701
18|17|0|135|9.7|37.1|158|30.2|73.7|0.00|0.08|43.5949|39.7701
18|18|0|135|13.1|37.1|158|30.2|73.7|0.00|0.08|43.5933|39.7701
18|19|0|180|8.1|37.1|158|30.4|73.6|0.00|0.08|43.5918|39.7701
18|20|0|180|7.3|37.1|158|30.0|73.6|0.00|0.08|43.5933|39.7701
18|21|0|135|10.2|37.1|158|29.8|73.5|0.00|0.08|43.5915|38.9025
18|22|0|135|13.1|37.1|158|29.5|73.5|0.00|0.08|43.5895|38.9025
18|23|0|90|10.2|37.1|158|29.5|73.6|0.00|0.08|43.5911|38.9025
18|25|0|158|16.0|37.1|158|29.5|73.6|0.00|0.08|43.5927|38.9025
18|26|0|135|16.0|37.1|158|29.2|73.5|0.00|0.08|43.5884|38.9025
18|27|0|135|8.0|37.1|158|29.2|73.6|0.00|0.08|43.595|38.9025
18|28|0|135|8.7|37.1|158|29.3|73.6|0.00|0.08|43.5938|38.9025
18|29|0|135|8.7|37.1|158|29.5|73.7|0.00|0.08|43.5944|38.9025
18|30|0|135|10.2|37.1|158|29.2|73.9|0.00|0.08|43.5961|38.9025
18|31|0|135|23.3|37.1|158|28.9|73.7|0.00|0.08|43.5855|38.0082
18|33|0|180|7.3|37.1|158|28.9|73.7|0.00|0.08|43.5937|38.0082
18|34|0|135|10.2|37.1|158|29.1|73.6|0.00|0.08|43.5953|38.9025
18|35|0|135|23.3|37.1|158|29.3|73.6|0.00|0.08|43.5865|38.9025
18|36|0|135|10.2|37.1|158|29.3|73.6|0.00|0.08|43.5982|38.9025
18|38|0|135|17.5|37.1|158|29.7|73.3|0.00|0.08|43.5967|38.9025
18|39|0|135|14.5|37.1|158|30.0|73.2|0.00|0.08|43.5909|39.7701
18|40|0|135|11.3|37.1|158|30.6|73.1|0.00|0.08|43.5944|39.7701
18|41|0|180|8.7|37.1|158|30.9|73.0|0.00|0.08|43.5948|39.7701
18|43|0|90|20.4|37.1|158|31.2|73.0|0.00|0.08|43.5908|40.6125
18|44|0|90|12.9|37.1|158|31.5|72.8|0.00|0.08|43.599|39.7459
18|45|0|135|17.7|37.1|158|31.7|72.7|0.00|0.08|43.5925|39.7459
18|46|0|180|4.8|37.1|158|32.2|72.6|0.00|0.08|43.5952|40.5614
18|47|0|135|8.7|37.1|158|32.1|72.7|0.00|0.08|43.5966|40.5614
18|49|0|180|17.7|37.1|158|32.4|72.5|0.00|0.08|43.5935|40.5614
18|50|0|113|10.2|37.1|158|32.8|72.4|0.00|0.08|43.6005|40.5614
18|51|0|270|11.3|37.1|158|33.1|72.3|0.00|0.08|43.5952|41.3548
18|53|0|180|18.9|37.1|158|33.2|71.9|0.00|0.08|43.595|40.4815
18|54|0|113|10.2|37.1|158|33.6|71.8|0.00|0.08|43.6018|40.4815
18|55|0|135|10.2|37.1|158|34.0|71.7|0.00|0.08|43.5959|41.2509
18|56|0|135|11.6|37.1|158|34.4|71.6|0.00|0.08|43.5958|41.2509
18|57|0|180|12.9|37.1|158|34.8|71.6|0.00|0.08|43.6019|41.2509
18|58|0|180|11.3|37.1|158|35.0|71.5|0.00|0.08|43.5995|42.0005
18|59|0|135|16.0|37.1|158|35.3|71.5|0.00|0.08|43.5976|42.0005
19|00|0|180|16.0|37.1|158|35.3|71.4|0.00|0.08|43.5937|42.0005
19|01|0|135|9.7|37.1|158|35.6|71.3|0.00|0.08|43.5998|42.0005
19|02|0|180|17.5|37.1|158|35.4|71.2|0.00|0.08|43.5953|42.0005
19|03|0|135|18.9|37.1|158|35.4|71.2|0.00|0.08|43.5957|42.0005
19|04|0|225|20.4|37.1|158|35.4|71.0|0.00|0.08|43.5981|42.0005
19|06|0|225|25.8|37.1|158|35.4|71.0|0.00|0.08|43.5888|42.0005
19|07|0|158|32.0|37.1|158|35.0|71.0|0.00|0.08|43.581|42.0005
19|08|0|180|16.1|37.1|158|35.2|70.9|0.00|0.08|43.5933|41.1209
19|09|0|180|13.1|37.1|158|35.1|70.9|0.00|0.08|43.5987|41.1209
19|10|0|158|14.5|37.1|158|35.4|71.0|0.00|0.08|43.5996|42.0005
19|11|0|180|8.7|37.1|158|35.3|71.0|0.00|0.08|43.5987|42.0005
19|13|0|180|5.8|37.1|158|35.5|70.9|0.00|0.08|43.6004|41.1209
19|14|0|135|19.3|37.1|158|35.2|70.9|0.00|0.08|43.5934|41.1209
19|15|0|180|8.7|37.1|158|35.2|71.0|0.00|0.08|43.6048|42.0005
19|16|0|135|13.1|37.1|158|35.3|70.9|0.00|0.08|43.6019|41.1209
19|17|0|180|14.5|37.1|158|35.5|71.0|0.00|0.08|43.6035|42.0005
19|18|0|158|12.9|37.1|158|35.6|70.9|0.00|0.08|43.6048|41.1209
19|20|0|113|12.9|37.1|158|35.7|70.9|0.00|0.08|43.6048|41.1209
19|21|0|135|13.1|37.1|158|35.6|70.9|0.00|0.08|43.6|41.1209
19|22|0|135|7.3|37.1|158|35.5|70.9|0.00|0.08|43.605|41.1209
19|23|0|180|11.6|37.1|158|35.6|70.9|0.00|0.08|43.6057|41.1209
19|24|0|135|10.2|37.1|158|35.5|70.8|0.00|0.08|43.6043|41.1209
19|25|0|180|18.9|37.1|158|35.2|70.8|0.00|0.08|43.5979|41.1209
19|26|0|158|12.9|37.1|158|35.2|70.7|0.00|0.08|43.5981|41.1209
19|27|0|135|4.8|37.1|158|35.4|70.7|0.00|0.08|43.6038|41.1209
19|28|0|135|27.4|37.1|158|35.5|70.7|0.00|0.08|43.5918|41.1209
19|29|0|135|8.7|37.1|158|35.5|70.7|0.00|0.08|43.6024|41.1209
19|30|0|135|10.2|37.1|158|35.5|70.7|0.00|0.08|43.6018|41.1209
19|31|0|135|9.7|37.1|158|35.3|70.7|0.00|0.08|43.602|41.1209
19|32|0|135|9.7|37.1|158|35.2|70.7|0.00|0.08|43.6018|41.1209
19|33|0|135|16.0|37.1|158|35.4|70.7|0.00|0.08|43.6008|41.1209
19|34|0|135|6.4|37.1|158|35.2|70.7|0.00|0.08|43.599|41.1209
19|36|0|225|12.9|37.1|158|35.0|70.6|0.00|0.08|43.5991|41.1209
19|37|0|90|22.6|37.1|158|34.7|70.5|0.00|0.08|43.5912|40.3743
19|38|0|180|24.2|37.1|158|34.8|70.5|0.00|0.08|43.5976|40.3743
19|39|0|135|14.5|37.1|158|34.7|70.7|0.00|0.08|43.6015|40.3743
19|40|0|135|16.0|37.1|158|34.8|70.7|0.00|0.08|43.5996|40.3743
19|41|0|135|16.1|37.1|158|34.7|70.9|0.00|0.08|43.6024|40.3743
19|42|0|180|8.7|37.1|158|34.6|71.0|0.00|0.08|43.6088|41.2509
19|43|0|135|14.5|37.1|158|34.7|71.0|0.00|0.08|43.6014|41.2509
19|46|0|180|7.3|37.1|158|34.6|71.3|0.00|0.08|43.6056|41.2509
19|47|0|135|11.6|37.1|158|34.5|71.3|0.00|0.08|43.6023|41.2509
19|48|0|135|14.5|37.1|158|34.6|71.3|0.00|0.08|43.5986|41.2509
19|49|0|180|20.4|37.1|158|34.4|71.2|0.00|0.08|43.599|41.2509
19|50|0|180|17.7|37.1|158|34.4|70.9|0.00|0.08|43.6019|40.3743
19|51|0|135|8.1|37.1|158|34.6|70.9|0.00|0.08|43.6046|40.3743
19|52|0|135|18.9|37.1|158|34.7|70.9|0.00|0.08|43.6067|40.3743
19|53|0|135|7.3|37.1|158|34.9|71.0|0.00|0.08|43.6078|41.2509
19|54|0|180|14.5|37.1|158|34.6|71.0|0.00|0.08|43.6034|41.2509
19|55|0|135|13.1|37.1|158|34.5|70.9|0.00|0.08|43.605|40.3743
19|57|0|180|14.5|37.1|158|34.6|70.8|0.00|0.08|43.6041|40.3743
19|58|0|180|18.9|37.1|158|34.6|70.8|0.00|0.08|43.5987|40.3743
20|00|0|135|14.5|37.1|158|34.6|70.7|0.00|0.08|43.6015|40.3743
20|02|0|180|10.2|37.1|158|34.8|70.5|0.00|0.08|43.6038|40.3743
20|03|0|90|8.1|37.1|158|34.7|70.6|0.00|0.08|43.6034|40.3743
20|04|0|180|13.1|37.1|158|34.8|70.5|0.00|0.08|43.602|40.3743
20|06|0|135|11.6|37.1|158|35.1|70.4|0.00|0.08|43.6012|41.1209
20|07|0|180|17.5|37.1|158|34.9|70.3|0.00|0.08|43.5977|40.3743
20|10|0|135|8.0|37.1|158|35.0|70.3|0.00|0.08|43.6014|41.1209
20|11|0|135|11.6|37.1|158|35.0|70.3|0.00|0.08|43.6022|41.1209
20|12|0|180|11.6|37.1|158|34.8|70.3|0.00|0.08|43.5997|40.3743
20|14|0|90|14.5|37.1|158|35.0|70.0|0.00|0.08|43.5972|41.1209
20|15|0|180|11.6|37.1|158|35.0|69.9|0.00|0.08|43.5975|40.2411
20|16|0|135|4.4|37.1|158|35.1|70.0|0.00|0.08|43.6006|41.1209
20|17|0|158|13.1|37.1|158|34.9|69.9|0.00|0.08|43.5966|39.4975
20|18|0|225|16.1|37.1|158|35.1|69.9|0.00|0.08|43.5949|40.2411
20|19|0|180|12.9|37.1|158|35.3|69.8|0.00|0.08|43.6004|40.2411
20|20|0|180|8.7|37.1|158|35.4|69.8|0.00|0.08|43.5999|40.2411
20|21|0|180|14.5|37.1|158|35.5|69.7|0.00|0.08|43.5997|40.2411
20|23|0|180|18.9|37.1|158|35.4|69.6|0.00|0.08|43.5987|40.2411
20|24|0|180|10.2|37.1|158|35.6|69.6|0.00|0.08|43.6006|40.2411
20|25|0|113|6.5|37.1|158|35.6|69.6|0.00|0.08|43.6011|40.2411
20|26|0|203|16.0|37.1|158|35.5|69.6|0.00|0.08|43.5948|40.2411
20|27|0|135|5.8|40.3|180|35.4|69.6|0.00|0.08|43.6031|40.2411
20|28|0|135|8.1|40.3|180|35.5|69.5|0.00|0.08|43.6047|40.2411
20|29|0|180|12.9|40.3|180|35.7|69.5|0.00|0.08|43.6011|40.2411
20|30|0|135|9.7|40.3|180|35.7|69.4|0.00|0.08|43.6016|40.2411
20|32|0|135|6.4|40.3|180|35.8|69.4|0.00|0.08|43.6018|40.2411
20|33|0|180|8.1|40.3|180|35.7|69.5|0.00|0.08|43.6041|40.2411
20|34|0|180|7.3|40.3|180|35.9|69.5|0.00|0.08|43.6027|40.2411
20|35|0|180|6.4|40.3|180|36.0|69.5|0.00|0.08|43.6062|40.9662
20|36|0|135|14.5|40.3|180|35.9|69.4|0.00|0.08|43.6029|40.2411
20|37|0|135|11.6|40.3|180|35.9|69.2|0.00|0.08|43.605|40.2411
20|38|0|135|4.4|40.3|180|36.0|69.2|0.00|0.08|43.6024|40.9662
20|39|0|135|10.2|40.3|180|36.0|69.1|0.00|0.08|43.6054|40.9662
20|41|0|180|7.3|40.3|180|35.9|69.1|0.00|0.08|43.6073|40.2411
20|42|0|158|16.0|40.3|180|35.9|69.1|0.00|0.08|43.6009|40.2411
20|43|0|135|14.5|40.3|180|35.9|69.0|0.00|0.08|43.6029|40.2411
20|44|0|180|18.9|40.3|180|36.0|69.0|0.00|0.08|43.6037|40.9662
20|46|0|135|4.4|40.3|180|36.1|69.0|0.00|0.08|43.6091|40.9662
20|47|0|135|9.7|40.3|180|35.8|69.0|0.00|0.08|43.6076|40.2411
20|48|0|135|7.3|40.3|180|35.8|69.1|0.00|0.08|43.6088|40.2411
20|49|0|113|5.8|40.3|180|35.9|69.1|0.00|0.08|43.6073|40.2411
20|50|0|180|7.3|40.3|180|35.8|69.1|0.00|0.08|43.6104|40.2411
20|51|0|135|17.7|40.3|180|35.8|69.0|0.00|0.08|43.6055|40.2411
20|52|0|180|8.7|40.3|180|35.9|69.0|0.00|0.08|43.6085|40.2411
20|54|0|135|4.8|40.3|180|35.9|69.0|0.00|0.08|43.6091|40.2411
20|55|0|135|13.1|40.3|180|35.9|68.9|0.00|0.08|43.6064|39.3611
20|56|0|135|5.8|40.3|180|36.1|68.9|0.00|0.08|43.6078|40.0833
20|57|0|180|4.8|40.3|180|36.2|68.9|0.00|0.08|43.6088|40.0833
20|58|0|135|10.2|40.3|180|36.2|68.8|0.00|0.08|43.6067|40.0833
20|59|0|180|10.2|40.3|180|36.3|68.7|0.00|0.08|43.6044|40.0833
21|00|0|135|17.7|40.3|180|36.3|68.7|0.00|0.08|43.6009|40.0833
21|03|0|135|10.2|40.3|180|36.4|68.6|0.00|0.08|43.6039|40.0833
21|04|0|135|7.3|40.3|180|36.5|68.6|0.00|0.08|43.6068|40.0833
21|05|0|180|10.2|40.3|180|36.6|68.6|0.00|0.08|43.6052|40.0833
21|06|0|180|10.2|40.3|180|36.7|68.5|0.00|0.08|43.6021|40.0833
21|07|0|135|8.7|40.3|180|36.8|68.5|0.00|0.08|43.6063|40.0833
21|09|0|90|10.2|40.3|180|36.8|68.5|0.00|0.08|43.6086|40.0833
21|10|0|135|7.3|40.3|180|36.8|68.5|0.00|0.08|43.609|40.0833
21|11|0|135|14.5|40.3|180|36.8|68.5|0.00|0.08|43.6013|40.0833
21|12|0|90|7.3|40.3|180|36.9|68.5|0.00|0.08|43.6068|40.0833
21|13|0|180|11.6|40.3|180|36.9|68.5|0.00|0.08|43.6076|40.0833
21|14|0|135|7.3|40.3|180|37.0|68.5|0.00|0.08|43.6124|40.788
21|15|0|135|7.3|40.3|180|37.0|68.3|0.00|0.08|43.6084|40.788
21|16|0|135|8.0|40.3|180|37.0|68.5|0.00|0.08|43.6076|40.788
21|17|0|135|7.3|40.3|180|37.0|68.3|0.00|0.08|43.6104|40.788
21|19|0|135|4.4|40.3|180|37.2|68.5|0.00|0.08|43.6136|40.788
21|20|0|135|10.2|40.3|180|37.2|68.3|0.00|0.08|43.612|40.788
21|21|0|135|5.8|40.3|180|37.2|68.3|0.00|0.08|43.6147|40.788
21|22|0|158|8.7|40.3|180|37.1|68.3|0.00|0.08|43.6143|40.788
21|23|0|135|11.6|40.3|180|37.2|68.3|0.00|0.08|43.6147|40.788
21|24|0|135|4.4|40.3|180|37.3|68.2|0.00|0.08|43.617|40.788
21|25|0|90|2.9|40.3|180|37.3|68.2|0.00|0.08|43.6188|40.788
21|26|0|135|6.4|40.3|180|37.5|68.2|0.00|0.08|43.6179|40.788
21|27|0|113|9.7|40.3|180|37.5|68.2|0.00|0.08|43.6188|40.788
21|28|0|135|2.9|40.3|180|37.6|68.2|0.00|0.08|43.6211|40.788
21|29|0|135|1.5|40.3|180|37.7|68.2|0.00|0.08|43.6229|40.788
21|31|0|135|2.9|40.3|180|37.8|68.2|0.00|0.08|43.6235|40.788
21|32|0|135|4.4|40.3|180|37.8|68.2|0.00|0.08|43.6255|40.788
21|33|0|90|4.4|40.3|180|37.8|68.1|0.00|0.08|43.6224|40.788
21|34|0|180|4.4|40.3|180|37.9|68.0|0.00|0.08|43.623|40.788
21|35|0|180|5.8|40.3|180|37.9|68.0|0.00|0.08|43.6263|40.788
21|36|0|90|4.4|40.3|180|38.0|68.0|0.00|0.08|43.6279|41.4761
21|37|0|135|6.4|40.3|180|38.0|67.9|0.00|0.08|43.6257|40.5872
21|38|0|180|2.9|40.3|180|38.3|67.9|0.00|0.08|43.63|40.5872
21|39|0|135|1.6|40.3|180|38.2|67.8|0.00|0.08|43.6293|40.5872
21|40|0|135|5.8|40.3|180|38.3|67.8|0.00|0.08|43.6311|40.5872
21|41|0|135|4.4|40.3|180|38.2|67.7|0.00|0.08|43.6307|40.5872
21|42|0|180|2.9|40.3|180|38.4|67.8|0.00|0.08|43.6308|40.5872
21|43|0|135|5.8|40.3|180|38.4|67.8|0.00|0.08|43.6315|40.5872
21|44|0|180|6.4|40.3|180|38.4|67.7|0.00|0.08|43.6346|40.5872
21|46|0|45|4.4|40.3|180|38.3|67.7|0.00|0.08|43.6342|40.5872
21|47|0|180|7.3|40.3|180|38.4|67.7|0.00|0.08|43.6359|40.5872
21|48|0|90|5.8|40.3|180|38.4|67.6|0.00|0.08|43.6373|40.5872
21|49|0|135|6.4|40.3|180|38.4|67.6|0.00|0.08|43.6403|40.5872
21|50|0|90|4.4|40.3|180|38.6|67.6|0.00|0.08|43.6415|40.5872
21|51|0|135|8.7|40.3|180|38.6|67.6|0.00|0.08|43.6431|40.5872
21|52|0|135|4.4|40.3|180|38.6|67.6|0.00|0.08|43.6443|40.5872
21|53|0|203|11.6|40.3|180|38.5|67.4|0.00|0.08|43.6457|40.5872
21|54|0|90|8.7|40.3|180|38.6|67.4|0.00|0.08|43.6462|40.5872
21|55|0|90|5.8|40.3|180|38.6|67.4|0.00|0.08|43.6474|40.5872
21|56|0|135|8.7|40.3|180|38.8|67.4|0.00|0.08|43.6464|40.5872
21|57|0|90|7.3|40.3|180|38.6|67.4|0.00|0.08|43.6479|40.5872
21|58|0|90|5.8|40.3|180|38.8|67.4|0.00|0.08|43.6478|40.5872
22|01|0|90|3.2|40.3|180|38.8|67.4|0.00|0.08|43.6493|40.5872
22|02|0|135|1.6|40.3|180|38.8|67.4|0.00|0.08|43.6493|40.5872
22|03|0|135|8.7|40.3|180|38.7|67.3|0.00|0.08|43.6466|40.5872
22|04|0|90|7.3|40.3|180|38.9|67.4|0.00|0.08|43.6505|40.5872
22|05|0|135|12.9|40.3|180|38.8|67.3|0.00|0.08|43.6427|40.5872
22|06|0|135|5.8|40.3|180|38.7|67.3|0.00|0.08|43.6473|40.5872
22|07|0|135|13.1|40.3|180|38.7|67.3|0.00|0.08|43.6495|40.5872
22|08|0|135|7.3|40.3|180|38.7|67.3|0.00|0.08|43.6493|40.5872
22|09|0|135|10.2|40.3|180|38.7|67.3|0.00|0.08|43.6491|40.5872
22|10|0|135|7.3|40.3|180|38.8|67.3|0.00|0.08|43.6499|40.5872
22|11|0|135|14.5|40.3|180|38.7|67.3|0.00|0.08|43.6475|40.5872
22|12|0|180|7.3|40.3|180|38.6|67.3|0.00|0.08|43.6487|40.5872
22|13|0|180|6.4|40.3|180|38.7|67.3|0.00|0.08|43.6512|40.5872
22|15|0|180|9.7|40.3|180|38.7|67.3|0.00|0.08|43.65|40.5872
22|17|0|135|8.7|40.3|180|38.7|67.3|0.00|0.08|43.6508|40.5872
22|18|0|135|7.3|40.3|180|38.6|67.3|0.00|0.08|43.6524|40.5872
22|19|0|90|4.4|40.3|180|38.6|67.4|0.00|0.08|43.6534|40.5872
22|20|0|180|5.8|40.3|180|38.6|67.4|0.00|0.08|43.6514|40.5872
22|21|0|135|10.2|40.3|180|38.5|67.4|0.00|0.08|43.6496|40.5872
22|22|0|135|12.9|40.3|180|38.6|67.4|0.00|0.08|43.6486|40.5872
22|23|0|158|5.8|40.3|180|38.6|67.4|0.00|0.08|43.6537|40.5872
22|25|0|135|7.3|11.6|135|38.6|67.4|0.00|0.00|43.6523|40.5872
22|26|0|135|3.2|17.5|135|38.5|67.6|0.00|0.00|43.6518|40.5872
22|27|0|90|10.2|17.5|135|38.6|67.6|0.00|0.00|43.6508|40.5872
22|28|0|180|6.4|17.5|135|38.6|67.6|0.00|0.00|43.6503|40.5872
22|29|0|203|5.8|17.5|135|38.6|67.6|0.00|0.00|43.6495|40.5872
22|31|0|135|4.8|17.5|135|38.7|67.4|0.00|0.00|43.6517|40.5872
22|32|0|225|4.8|17.5|135|38.7|67.4|0.00|0.00|43.6521|40.5872
22|34|0|135|5.8|17.5|135|38.8|67.4|0.00|0.00|43.6515|40.5872
22|36|0|135|8.7|17.5|135|38.9|67.3|0.00|0.00|43.6516|40.5872
22|37|0|135|9.7|21.8|135|38.9|67.2|0.00|0.00|43.65|40.5872
22|38|0|135|8.7|21.8|135|39.0|67.2|0.00|0.00|43.6514|41.2568
22|39|0|135|13.1|21.8|135|39.0|67.2|0.00|0.00|43.648|41.2568
22|40|0|135|8.7|21.8|135|39.1|67.2|0.00|0.00|43.6509|41.2568
22|41|0|135|4.4|21.8|135|39.1|67.2|0.00|0.00|43.6493|41.2568
22|42|0|135|4.4|21.8|135|39.1|67.2|0.00|0.00|43.6503|41.2568
22|44|0|113|3.2|21.8|135|39.3|67.2|0.00|0.00|43.6495|41.2568
22|45|0|90|5.8|21.8|135|39.3|67.1|0.00|0.00|43.6478|41.2568
22|46|0|180|11.3|21.8|135|39.2|67.1|0.00|0.00|43.6459|41.2568
22|47|0|135|11.3|21.8|135|39.4|67.1|0.00|0.00|43.645|41.2568
22|48|0|135|16.1|21.8|135|39.3|67.0|0.00|0.00|43.6431|41.2568
22|50|0|158|13.1|21.8|135|39.3|67.1|0.00|0.00|43.6461|41.2568
22|51|0|135|9.7|21.8|135|39.3|67.1|0.00|0.00|43.6453|41.2568
22|52|0|180|8.7|21.8|135|39.4|67.1|0.00|0.00|43.6443|41.2568
22|53|0|180|14.5|21.8|135|39.3|67.0|0.00|0.00|43.6415|41.2568
22|54|0|135|11.6|21.8|135|39.4|67.0|0.00|0.00|43.6441|41.2568
22|55|0|135|2.9|21.8|135|39.4|67.1|0.00|0.00|43.6443|41.2568
22|56|0|180|8.7|21.8|135|39.4|67.1|0.00|0.00|43.6453|41.2568
22|58|0|135|11.6|22.5|135|39.4|67.0|0.00|0.00|43.6411|41.2568
23|00|0|180|9.7|22.5|135|39.4|67.0|0.00|0.00|43.6451|41.2568
23|01|0|135|13.1|22.5|135|39.4|67.0|0.00|0.00|43.6438|41.2568
23|02|0|180|4.8|22.5|135|39.4|67.0|0.00|0.00|43.6458|41.2568
23|03|0|135|6.4|22.5|135|39.4|67.0|0.00|0.00|43.6432|41.2568
23|05|0|135|5.8|22.5|135|39.4|67.0|0.00|0.00|43.6426|41.2568
23|06|0|135|5.8|22.5|135|39.3|67.0|0.00|0.00|43.6436|41.2568
23|07|0|135|7.3|22.5|135|39.4|67.0|0.00|0.00|43.6428|41.2568
23|08|0|135|5.8|22.5|135|39.3|67.0|0.00|0.00|43.6419|41.2568
23|09|0|180|9.7|22.5|135|39.2|67.0|0.00|0.00|43.6412|41.2568
23|10|0|135|10.2|22.5|135|39.3|66.9|0.00|0.00|43.6399|40.365
23|11|0|180|12.9|22.5|135|39.3|66.9|0.00|0.00|43.6409|40.365
23|12|0|180|4.4|22.5|135|39.4|67.0|0.00|0.00|43.6396|41.2568
23|15|0|180|11.6|22.5|135|39.2|66.9|0.00|0.00|43.6342|40.365
23|16|0|135|7.3|22.5|135|39.2|66.9|0.00|0.00|43.6344|40.365
23|17|0|135|7.3|22.5|135|39.3|66.9|0.00|0.00|43.6372|40.365
23|18|0|113|10.2|22.5|135|39.3|66.8|0.00|0.00|43.635|40.365
23|19|0|135|6.4|22.5|135|39.2|66.8|0.00|0.00|43.6369|40.365
23|20|0|135|6.4|22.5|135|39.2|66.8|0.00|0.00|43.6347|40.365
23|22|0|135|5.8|22.5|135|39.1|66.8|0.00|0.00|43.638|40.365
23|23|0|90|4.4|22.5|135|39.2|66.8|0.00|0.00|43.6403|40.365
23|25|0|135|6.4|22.5|135|39.0|66.8|0.00|0.00|43.6364|40.365
23|26|0|45|3.2|22.5|135|39.0|66.8|0.00|0.00|43.6363|40.365
23|27|0|135|8.0|22.5|135|38.9|66.7|0.00|0.00|43.638|39.6981
23|28|0|180|6.4|22.5|135|39.0|66.8|0.00|0.00|43.6384|40.365
23|29|0|135|3.2|22.5|135|38.8|66.8|0.00|0.00|43.6389|39.6981
23|30|0|90|4.4|22.5|135|38.7|66.7|0.00|0.00|43.6379|39.6981
23|31|0|135|4.4|22.5|135|38.8|66.7|0.00|0.00|43.6372|39.6981
23|32|0|180|3.2|22.5|135|39.0|66.7|0.00|0.00|43.6383|40.365
23|34|0|135|1.5|22.5|135|39.0|66.5|0.00|0.00|43.6362|40.365
23|35|0|90|3.2|22.5|135|39.0|66.5|0.00|0.00|43.6369|40.365
23|36|0|0|1.6|22.5|135|39.0|66.5|0.00|0.00|43.636|40.365
23|37|0|90|1.5|22.5|135|39.0|66.4|0.00|0.00|43.6376|40.365
23|38|0|90|2.9|22.5|135|39.0|66.4|0.00|0.00|43.6356|40.365
23|40|0|270|1.5|22.5|135|39.2|66.3|0.00|0.00|43.6382|40.365
23|41|0|90|2.9|22.5|135|39.7|66.2|0.00|0.00|43.6393|40.365
23|42|0|90|5.8|22.5|135|40.2|66.0|0.00|0.00|43.6405|41.0169
23|43|0|90|1.5|22.5|135|40.7|65.9|0.00|0.00|43.6401|40.1222
23|44|0|113|2.9|22.5|135|40.9|65.6|0.00|0.00|43.6411|40.1222
23|45|0|90|5.8|22.5|135|41.1|65.5|0.00|0.00|43.6426|40.7573
23|46|0|90|4.4|22.5|135|41.2|65.3|0.00|0.00|43.6415|40.7573
23|47|0|135|2.9|22.5|135|41.5|65.2|0.00|0.00|43.6427|40.7573
23|49|0|135|2.9|22.5|135|41.7|65.1|0.00|0.00|43.6457|40.7573
23|50|0|135|2.9|22.5|135|42.0|65.0|0.00|0.00|43.6458|41.3789
23|51|0|180|0.0|22.5|135|42.0|64.9|0.00|0.00|43.646|40.4788
23|52|0|180|1.6|22.5|135|42.2|64.9|0.00|0.00|43.6505|40.4788
23|53|0|45|7.3|22.5|135|42.4|64.7|0.00|0.00|43.6499|40.4788
23|54|0|135|2.9|22.5|135|42.6|64.5|0.00|0.00|43.648|40.4788
23|56|0|90|1.6|22.5|135|43.0|64.4|0.00|0.00|43.6476|41.085
23|57|0|90|2.9|22.5|135|43.2|64.3|0.00|0.00|43.6464|41.085
23|58|0|90|4.4|22.5|135|43.4|64.2|0.00|0.00|43.6462|41.085
23|59|0|90|2.9|22.5|135|43.6|64.1|0.00|0.00|43.6455|41.085
