00|00|0|180|0.0|4.8|135|76.7|18.2|0.01|0.04|43.8067|11.7461
00|01|0|180|0.0|4.8|135|76.7|18.2|0.01|0.04|43.808|11.7461
00|02|0|180|0.0|4.8|135|76.8|18.2|0.01|0.04|43.8102|11.7461
00|03|0|180|0.0|4.8|135|77.0|18.2|0.01|0.04|43.812|12.0397
00|04|0|180|0.0|4.8|135|77.6|18.2|0.01|0.04|43.8111|12.0397
00|09|0|180|0.0|4.8|135|78.1|17.8|0.01|0.04|43.8124|11.3572
00|10|0|180|0.0|4.8|135|78.3|17.8|0.01|0.04|43.8138|11.3572
00|11|0|180|0.0|4.8|135|78.5|17.7|0.01|0.04|43.8115|11.3572
00|13|0|180|0.0|4.8|135|78.8|17.6|0.01|0.04|43.8115|11.3572
00|14|0|180|0.0|4.8|135|79.1|17.6|0.01|0.04|43.8141|11.6427
00|15|0|180|1.6|4.8|135|79.5|17.5|0.01|0.04|43.8125|11.6427
00|16|0|180|0.0|4.8|135|80.1|17.4|0.01|0.04|43.8111|11.9251
00|17|0|180|1.5|4.8|135|80.6|17.4|0.01|0.04|43.813|11.9251
00|18|0|180|1.5|4.8|135|81.0|17.4|0.01|0.04|43.8129|12.2043
00|19|0|180|0.0|4.8|135|81.2|17.3|0.01|0.04|43.8115|12.2043
00|20|0|180|0.0|4.8|135|81.1|17.3|0.01|0.04|43.8115|12.2043
00|21|0|180|1.6|4.8|135|81.0|17.1|0.01|0.04|43.8131|12.2043
00|22|0|180|1.5|4.8|135|81.0|17.1|0.01|0.04|43.8145|12.2043
00|23|0|45|1.5|4.8|135|81.1|17.0|0.01|0.04|43.8121|12.2043
00|24|0|45|0.0|4.8|135|81.4|17.0|0.01|0.04|43.8129|12.2043
00|26|0|45|1.6|4.8|135|81.6|16.9|0.01|0.04|43.812|11.2274
00|27|0|45|1.6|4.8|135|81.6|16.9|0.01|0.04|43.8137|11.2274
00|28|0|45|1.5|4.8|135|81.5|16.9|0.01|0.04|43.815|11.2274
00|29|0|45|0.0|4.8|135|81.4|16.9|0.01|0.04|43.8144|11.2274
00|30|0|45|1.5|4.8|135|81.3|16.8|0.01|0.04|43.8148|11.2274
00|31|0|45|1.5|4.8|135|81.2|16.8|0.01|0.04|43.8123|11.2274
00|32|0|45|0.0|4.8|135|81.0|16.8|0.01|0.04|43.8115|11.2274
00|33|0|45|0.0|4.8|135|80.8|16.8|0.01|0.04|43.8137|10.9495
00|34|0|45|0.0|4.8|135|80.6|16.8|0.01|0.04|43.8136|10.9495
00|35|0|45|0.0|4.8|135|80.5|16.7|0.00|0.04|43.8108|10.9495
00|36|0|45|0.0|4.8|135|80.7|16.7|0.00|0.04|43.8131|10.9495
00|37|0|45|0.0|4.8|135|80.8|16.7|0.00|0.04|43.8134|10.9495
00|38|0|45|0.0|4.8|135|80.8|16.7|0.00|0.04|43.8139|10.9495
00|39|0|45|0.0|4.8|135|80.9|16.7|0.00|0.04|43.8111|10.9495
00|40|0|45|1.6|4.8|135|80.9|16.7|0.01|0.05|43.8139|10.9495
00|41|0|45|0.0|4.8|135|81.0|16.7|0.01|0.05|43.8115|11.2274
00|42|0|45|0.0|4.8|135|81.0|16.7|0.01|0.05|43.81|11.2274
00|44|0|45|0.0|4.8|135|81.1|16.7|0.01|0.05|43.8118|11.2274
00|45|0|45|0.0|4.8|135|81.0|16.7|0.01|0.05|43.8113|11.2274
00|47|0|45|1.5|4.8|135|80.8|16.7|0.01|0.05|43.8124|10.9495
00|48|0|45|1.5|4.8|135|80.6|16.6|0.01|0.05|43.8111|10.9495
00|49|0|45|0.0|4.8|135|80.5|16.6|0.01|0.05|43.8123|10.9495
00|50|0|45|1.5|4.8|135|80.5|16.5|0.01|0.05|43.8099|10.9495
00|51|0|45|1.5|4.8|135|80.6|16.5|0.01|0.05|43.8109|10.9495
00|52|0|45|1.5|4.8|135|80.9|16.5|0.01|0.05|43.813|10.9495
00|53|0|45|0.0|4.8|135|81.2|16.5|0.01|0.05|43.8146|11.2274
00|54|0|45|1.5|4.8|135|81.5|16.4|0.01|0.05|43.8123|11.2274
00|55|0|45|1.5|4.8|135|81.6|16.4|0.01|0.05|43.8163|11.2274
00|56|0|45|1.6|4.8|135|81.6|16.4|0.01|0.05|43.8149|11.2274
00|57|0|45|1.5|4.8|135|81.6|16.4|0.01|0.05|43.8184|11.2274
00|58|0|45|0.0|4.8|135|81.5|16.4|0.01|0.05|43.8165|11.2274
00|59|0|45|0.0|4.8|135|81.4|16.4|0.01|0.05|43.8144|11.2274
01|00|0|45|0.0|4.8|135|81.3|16.4|0.01|0.05|43.8128|11.2274
01|01|0|45|0.0|4.8|135|81.2|16.5|0.02|0.07|43.8179|11.2274
01|02|0|45|1.5|4.8|135|81.1|16.5|0.02|0.07|43.8186|11.2274
01|03|0|45|0.0|4.8|135|81.0|16.5|0.02|0.07|43.8176|11.2274
01|04|0|45|0.0|4.8|135|80.8|16.5|0.02|0.07|43.8172|10.9495
01|05|0|45|0.0|4.8|135|80.7|16.6|0.02|0.07|43.8171|10.9495
01|06|0|45|0.0|4.8|135|80.5|16.6|0.02|0.07|43.8187|10.9495
01|08|0|45|1.5|4.8|135|80.3|16.6|0.02|0.07|43.8176|10.9495
01|09|0|45|1.5|4.8|135|80.0|16.6|0.02|0.07|43.8209|10.9495
01|10|0|45|0.0|4.8|135|79.7|16.6|0.02|0.07|43.8196|10.6685
01|11|0|45|0.0|4.8|135|79.3|16.6|0.02|0.07|43.821|10.6685
01|12|0|45|0.0|4.8|135|78.8|16.5|0.02|0.07|43.8201|10.3843
01|13|0|45|0.0|4.8|135|78.7|16.5|0.02|0.07|43.8228|10.3843
01|14|0|45|0.0|4.8|135|78.8|16.5|0.02|0.07|43.8223|10.3843
01|15|0|45|1.6|4.8|135|78.8|16.4|0.02|0.07|43.8227|10.3843
01|16|0|45|0.0|4.8|135|78.8|16.4|0.02|0.07|43.8241|10.3843
01|18|0|45|0.0|4.8|135|79.0|16.2|0.02|0.07|43.824|10.6685
01|19|0|45|0.0|4.8|135|79.2|16.2|0.02|0.07|43.8235|10.6685
01|20|0|45|0.0|4.8|135|79.4|16.2|0.02|0.07|43.8252|10.6685
01|21|0|45|0.0|4.8|135|79.7|16.2|0.02|0.07|43.8227|10.6685
01|22|0|45|0.0|4.8|135|79.8|16.2|0.02|0.07|43.8237|10.6685
01|24|0|45|0.0|4.8|135|80.0|16.2|0.02|0.07|43.8225|10.9495
01|25|0|45|0.0|4.8|135|80.1|16.2|0.02|0.07|43.8221|10.9495
01|26|0|45|0.0|4.8|135|80.2|16.2|0.02|0.07|43.8224|10.9495
01|27|0|45|0.0|4.8|135|80.1|16.2|0.02|0.07|43.8241|10.9495
01|28|0|180|1.6|4.8|135|79.9|16.1|0.02|0.07|43.8219|10.6685
01|30|0|158|2.9|4.8|135|79.7|16.1|0.02|0.07|43.8243|10.6685
01|31|0|135|1.5|4.8|135|79.7|16.0|0.02|0.07|43.8243|10.6685
01|32|0|135|3.2|4.8|135|80.0|15.9|0.02|0.07|43.8247|9.9739
01|34|0|180|2.9|4.8|158|80.6|15.9|0.02|0.07|43.8284|9.9739
01|35|0|180|1.5|5.8|135|80.9|15.8|0.02|0.07|43.8283|9.9739
01|36|0|135|4.4|5.8|135|80.6|15.8|0.02|0.07|43.8305|9.9739
01|38|0|135|3.2|5.8|135|79.4|15.8|0.02|0.07|43.8353|9.69424
01|39|0|135|1.5|5.8|135|79.2|15.7|0.02|0.07|43.8359|9.69424
01|40|0|135|2.9|5.8|135|79.2|15.6|0.01|0.07|43.8372|9.69424
01|41|0|135|2.9|5.8|135|79.5|15.5|0.01|0.07|43.8348|9.69424
01|42|0|135|2.9|5.8|135|80.2|15.4|0.01|0.07|43.8371|9.9739
01|43|0|135|3.2|5.8|135|81.0|15.4|0.01|0.07|43.838|10.2505
01|44|0|135|2.9|5.8|135|81.5|15.2|0.01|0.07|43.8379|10.2505
01|45|0|135|0.0|5.8|135|81.8|15.2|0.01|0.07|43.8377|10.2505
01|46|0|135|1.5|5.8|135|82.0|15.2|0.01|0.07|43.8387|10.524
01|47|0|180|1.5|5.8|135|82.3|15.1|0.01|0.07|43.8378|10.524
01|48|0|180|0.0|5.8|135|82.5|15.1|0.01|0.07|43.8388|10.524
01|51|0|180|0.0|5.8|135|82.4|15.2|0.01|0.07|43.8397|10.524
01|52|0|113|1.5|5.8|135|82.4|15.2|0.01|0.07|43.8412|10.524
01|53|0|135|0.0|5.8|135|82.4|15.2|0.01|0.07|43.8408|10.524
01|54|0|135|1.5|5.8|135|82.5|15.2|0.01|0.07|43.8424|10.524
01|56|0|135|1.5|5.8|135|82.7|15.2|0.01|0.07|43.8418|10.524
01|57|0|90|1.5|5.8|135|82.7|15.2|0.01|0.07|43.8439|10.524
01|58|0|90|1.5|5.8|135|82.8|15.2|0.01|0.07|43.8425|10.524
01|59|0|90|1.5|5.8|135|83.0|15.1|0.01|0.07|43.8427|10.7946
02|00|0|90|1.5|5.8|135|83.1|15.1|0.00|0.07|43.8432|10.7946
02|01|0|90|0.0|5.8|135|83.0|15.0|0.00|0.07|43.846|10.7946
02|02|0|90|1.5|5.8|135|82.9|14.9|0.00|0.07|43.8456|9.54569
02|03|0|90|0.0|5.8|135|82.9|14.9|0.00|0.07|43.846|9.54569
02|04|0|90|0.0|5.8|135|82.8|14.8|0.00|0.07|43.8477|9.54569
02|05|0|90|0.0|5.8|135|82.6|14.8|0.00|0.07|43.8493|9.54569
02|06|0|90|0.0|5.8|135|82.6|14.8|0.00|0.07|43.8508|9.54569
02|07|0|90|1.5|5.8|135|82.5|14.7|0.00|0.07|43.8513|9.54569
02|08|0|90|1.5|5.8|135|82.4|14.7|0.00|0.07|43.8526|9.54569
02|09|0|90|0.0|5.8|135|82.2|14.6|0.00|0.07|43.8521|9.54569
02|11|0|90|1.5|5.8|135|82.1|14.6|0.00|0.07|43.8514|9.54569
02|12|0|90|1.6|5.8|135|82.0|14.5|0.00|0.07|43.8525|9.54569
02|13|0|90|1.5|5.8|135|81.8|14.5|0.00|0.07|43.852|9.27346
02|14|0|90|1.5|5.8|135|81.7|14.3|0.00|0.07|43.8524|9.27346
02|15|0|90|1.5|5.8|135|81.6|14.2|0.00|0.07|43.8525|9.27346
02|16|0|90|1.5|5.8|135|81.5|14.2|0.00|0.07|43.8549|9.27346
02|17|0|90|1.6|5.8|135|81.4|14.2|0.00|0.07|43.8577|9.27346
02|18|0|90|0.0|5.8|135|81.4|14.1|0.01|0.08|43.8555|9.27346
02|19|0|90|0.0|5.8|135|81.4|14.0|0.01|0.08|43.8577|9.27346
02|20|0|90|0.0|5.8|135|81.3|13.9|0.01|0.08|43.8561|8.29641
02|21|0|90|0.0|5.8|135|81.3|14.0|0.01|0.08|43.859|9.27346
02|22|0|90|0.0|5.8|135|81.4|13.9|0.01|0.08|43.8584|8.29641
02|23|0|90|1.5|5.8|135|81.4|13.9|0.01|0.08|43.8592|8.29641
02|24|0|90|1.5|5.8|135|81.5|13.8|0.01|0.08|43.8576|8.29641
02|25|0|90|1.5|5.8|135|81.6|13.7|0.01|0.08|43.8565|8.29641
02|26|0|90|4.4|5.8|135|81.7|13.7|0.01|0.08|43.8588|8.29641
02|27|0|90|1.6|5.8|135|81.8|13.5|0.01|0.08|43.8577|8.29641
02|28|0|90|1.5|5.8|135|81.9|13.5|0.01|0.08|43.8609|8.29641
02|29|0|90|1.5|5.8|135|82.0|13.5|0.01|0.08|43.8609|8.56732
02|30|0|179|0.0|5.8|135|82.1|13.5|0.01|0.08|43.8642|8.56732
02|31|0|90|0.0|5.8|135|82.1|13.5|0.01|0.08|43.8641|8.56732
02|33|0|90|1.6|5.8|135|82.2|13.5|0.01|0.08|43.865|8.56732
02|34|0|90|1.5|5.8|135|82.4|13.5|0.01|0.08|43.8664|8.56732
02|35|0|90|1.5|5.8|135|82.5|13.7|0.01|0.08|43.8669|8.56732
02|36|0|90|0.0|5.8|135|82.7|13.7|0.01|0.08|43.863|8.56732
02|37|0|90|2.9|5.8|135|82.8|13.7|0.01|0.08|43.8652|8.56732
02|38|0|90|1.6|5.8|135|82.9|13.8|0.01|0.08|43.8653|8.56732
02|40|0|90|1.5|5.8|135|83.1|13.8|0.01|0.08|43.8637|8.8353
02|41|0|90|2.9|5.8|135|83.2|13.9|0.01|0.08|43.8643|8.8353
02|42|0|90|1.5|5.8|135|83.2|13.9|0.01|0.08|43.8652|8.8353
02|43|0|90|1.6|5.8|135|83.0|13.9|0.01|0.08|43.8677|8.8353
02|44|0|90|2.9|5.8|135|82.7|13.9|0.01|0.08|43.8657|8.56732
02|45|0|90|1.5|5.8|135|82.5|14.0|0.01|0.08|43.8641|9.54569
02|46|0|90|1.5|5.8|135|82.2|14.0|0.01|0.08|43.8656|9.54569
02|48|0|90|1.6|5.8|135|81.8|14.0|0.01|0.08|43.8644|9.27346
02|49|0|90|0.0|5.8|135|81.6|14.1|0.01|0.08|43.8647|9.27346
02|50|0|90|1.6|5.8|135|81.3|14.1|0.01|0.08|43.8658|9.27346
02|51|0|90|1.5|5.8|135|81.0|14.1|0.01|0.08|43.8662|9.27346
02|52|0|90|1.5|5.8|135|80.7|14.1|0.01|0.08|43.8646|8.99823
02|53|0|90|0.0|5.8|135|80.4|14.1|0.01|0.08|43.8661|8.99823
02|55|0|90|1.5|5.8|135|80.1|14.1|0.01|0.08|43.8667|8.99823
02|56|0|90|2.9|5.8|135|79.8|14.1|0.01|0.08|43.8646|8.71992
02|57|0|90|0.0|5.8|135|79.7|14.1|0.02|0.09|43.8667|8.71992
02|58|0|90|1.5|5.8|135|79.6|14.1|0.02|0.09|43.8673|8.71992
02|59|0|90|1.5|5.8|135|79.5|14.1|0.02|0.09|43.8668|8.71992
03|00|0|90|1.6|5.8|135|79.4|14.1|0.02|0.09|43.8682|8.71992
03|01|0|90|2.9|5.8|135|79.4|14.1|0.02|0.09|43.8705|8.71992
03|02|0|90|1.6|5.8|135|79.4|14.1|0.02|0.09|43.8705|8.71992
03|03|0|90|1.5|5.8|135|79.4|14.1|0.02|0.09|43.8701|8.71992
03|04|0|90|1.5|5.8|135|79.4|14.1|0.02|0.09|43.8693|8.71992
03|05|0|90|1.6|5.8|135|79.3|14.1|0.02|0.09|43.8677|8.71992
03|06|0|90|0.0|5.8|135|79.3|14.1|0.02|0.09|43.8674|8.71992
03|07|0|90|1.6|5.8|135|79.3|14.1|0.02|0.09|43.8694|8.71992
03|08|0|90|1.5|5.8|135|79.2|14.0|0.02|0.09|43.8697|8.71992
03|09|0|90|1.5|5.8|135|79.3|14.0|0.02|0.09|43.8708|8.71992
03|10|0|90|0.0|5.8|135|79.3|14.0|0.02|0.09|43.8689|8.71992
03|11|0|90|1.5|5.8|135|79.3|13.9|0.02|0.09|43.8688|7.74553
03|12|0|90|1.6|5.8|135|79.2|13.9|0.02|0.09|43.8696|7.74553
03|13|0|90|2.9|5.8|135|79.3|13.9|0.02|0.09|43.8669|7.74553
03|14|0|90|1.6|5.8|135|79.2|13.9|0.02|0.09|43.8662|7.74553
03|16|0|90|1.5|5.8|135|79.3|13.8|0.02|0.09|43.8662|7.74553
03|17|0|90|1.5|5.8|135|79.4|13.8|0.01|0.09|43.8684|7.74553
03|18|0|90|1.5|5.8|135|79.4|13.8|0.01|0.09|43.8669|7.74553
03|19|0|90|1.5|5.8|135|79.3|13.8|0.01|0.09|43.8684|7.74553
03|20|0|90|1.5|5.8|135|79.3|13.7|0.01|0.09|43.8674|7.74553
03|21|0|90|0.0|5.8|135|79.3|13.7|0.01|0.09|43.8683|7.74553
03|22|0|90|0.0|5.8|135|79.4|13.7|0.02|0.10|43.8699|7.74553
03|23|0|90|0.0|5.8|135|79.4|13.7|0.02|0.10|43.8677|7.74553
03|24|0|90|0.0|5.8|135|79.5|13.7|0.02|0.10|43.8693|7.74553
03|25|0|90|1.5|5.8|135|79.5|13.7|0.02|0.10|43.8691|7.74553
03|26|0|90|0.0|5.8|135|79.5|13.7|0.02|0.10|43.8678|7.74553
03|27|0|90|0.0|5.8|135|79.5|13.7|0.02|0.10|43.8665|7.74553
03|28|0|90|1.5|5.8|135|79.5|13.7|0.02|0.10|43.8687|7.74553
03|29|0|90|1.5|5.8|135|79.5|13.7|0.02|0.10|43.8675|7.74553
03|30|0|90|1.5|5.8|135|79.4|13.7|0.02|0.10|43.8708|7.74553
03|31|0|90|1.5|5.8|135|79.4|13.7|0.02|0.10|43.8682|7.74553
03|32|0|90|0.0|5.8|135|79.4|13.7|0.02|0.10|43.8722|7.74553
03|33|0|90|0.0|5.8|135|79.4|13.7|0.02|0.10|43.8713|7.74553
03|34|0|90|1.6|5.8|135|79.4|13.7|0.02|0.10|43.8706|7.74553
03|36|0|135|0.0|5.8|135|79.4|13.7|0.02|0.10|43.8708|7.74553
03|37|0|135|0.0|5.8|135|79.2|13.7|0.02|0.10|43.8705|7.74553
03|38|0|135|0.0|5.8|135|79.1|13.7|0.03|0.11|43.8694|7.74553
03|39|0|135|0.0|5.8|135|79.1|13.7|0.03|0.11|43.8697|7.74553
03|40|0|135|1.5|5.8|135|79.0|13.7|0.03|0.11|43.8708|7.74553
03|41|0|135|0.0|5.8|135|78.9|13.7|0.03|0.11|43.8725|7.46541
03|42|0|135|0.0|5.8|135|78.8|13.7|0.03|0.11|43.8708|7.46541
03|43|0|135|0.0|5.8|135|78.7|13.7|0.03|0.11|43.8714|7.46541
03|44|0|135|0.0|5.8|135|78.6|13.5|0.03|0.11|43.8705|7.46541
03|45|0|135|1.5|5.8|135|78.5|13.5|0.03|0.11|43.8716|7.46541
03|46|0|135|0.0|5.8|135|78.4|13.5|0.03|0.11|43.8709|7.46541
03|47|0|135|0.0|5.8|135|78.4|13.5|0.03|0.11|43.871|7.46541
03|48|0|135|0.0|5.8|135|78.4|13.5|0.03|0.11|43.8699|7.46541
03|49|0|135|0.0|5.8|135|78.4|13.5|0.03|0.11|43.87|7.46541
03|50|0|135|0.0|5.8|135|78.4|13.4|0.03|0.11|43.8689|7.46541
03|51|0|135|0.0|5.8|135|78.4|13.5|0.03|0.11|43.8713|7.46541
03|52|0|135|0.0|5.8|135|78.4|13.4|0.03|0.11|43.8706|7.46541
03|53|0|135|0.0|5.8|135|78.4|13.4|0.03|0.11|43.8716|7.46541
03|54|0|135|0.0|5.8|135|78.4|13.4|0.03|0.11|43.872|7.46541
03|55|0|135|0.0|5.8|135|78.5|13.4|0.02|0.11|43.8717|7.46541
03|57|0|90|1.5|5.8|135|78.5|13.4|0.02|0.11|43.8714|7.46541
03|58|0|90|1.6|5.8|135|78.4|13.4|0.02|0.11|43.872|7.46541
03|59|0|90|1.5|5.8|135|78.4|13.3|0.02|0.11|43.8713|7.46541
04|00|0|90|0.0|5.8|135|78.4|13.3|0.02|0.11|43.8709|7.46541
04|02|0|90|0.0|5.8|135|78.2|13.3|0.02|0.11|43.8739|7.46541
04|03|0|90|1.6|5.8|135|78.2|13.2|0.02|0.11|43.8728|7.46541
04|04|0|90|1.5|5.8|135|78.1|13.2|0.02|0.11|43.8744|7.46541
04|05|0|90|0.0|5.8|135|78.1|13.2|0.02|0.11|43.8764|7.46541
04|06|0|90|1.5|5.8|135|78.1|13.2|0.02|0.11|43.8777|7.46541
04|07|0|90|1.5|5.8|135|78.1|13.2|0.03|0.12|43.8772|7.46541
04|08|0|90|1.6|5.8|135|78.2|13.2|0.03|0.12|43.8756|7.46541
04|09|0|90|2.9|5.8|135|78.2|13.2|0.03|0.12|43.8785|7.46541
04|10|0|90|1.6|5.8|135|78.3|13.2|0.03|0.12|43.88|7.46541
04|11|0|90|0.0|5.8|135|78.3|13.2|0.04|0.13|43.8776|7.46541
04|12|0|90|2.9|5.8|135|78.3|13.3|0.04|0.13|43.8811|7.46541
04|13|0|90|0.0|5.8|135|78.3|13.3|0.04|0.13|43.8817|7.46541
04|14|0|90|0.0|5.8|135|78.3|13.3|0.04|0.13|43.8802|7.46541
04|15|0|90|0.0|5.8|135|78.3|13.3|0.04|0.13|43.8806|7.46541
04|16|0|90|0.0|5.8|135|78.3|13.3|0.04|0.13|43.8818|7.46541
04|17|0|90|0.0|5.8|135|78.2|13.4|0.04|0.13|43.8822|7.46541
04|19|0|90|1.5|5.8|135|78.1|13.4|0.04|0.13|43.8813|7.46541
04|21|0|90|0.0|5.8|135|77.9|13.4|0.04|0.13|43.8844|7.18208
04|22|0|90|1.6|5.8|135|77.8|13.4|0.03|0.13|43.886|7.18208
04|23|0|90|0.0|5.8|135|77.8|13.4|0.03|0.13|43.8857|7.18208
04|24|0|90|1.5|5.8|135|77.7|13.4|0.03|0.13|43.8861|7.18208
04|25|0|90|1.5|5.8|135|77.6|13.4|0.03|0.13|43.889|7.18208
04|26|0|90|1.5|5.8|135|77.4|13.4|0.03|0.13|43.8865|7.18208
04|27|0|90|1.5|5.8|135|77.2|13.3|0.03|0.13|43.8882|7.18208
04|28|0|90|1.5|5.8|135|77.0|13.3|0.03|0.13|43.8878|7.18208
04|29|0|90|2.9|5.8|135|76.8|13.3|0.03|0.13|43.8918|6.89545
04|30|0|90|1.6|5.8|135|76.6|13.2|0.03|0.13|43.89|6.89545
04|31|0|113|2.9|5.8|135|76.5|13.2|0.03|0.13|43.8905|6.89545
04|32|0|90|1.5|5.8|135|76.5|13.2|0.03|0.13|43.8924|6.89545
04|33|0|90|1.5|5.8|135|76.5|13.2|0.03|0.13|43.8908|6.89545
04|35|0|90|0.0|5.8|135|76.6|13.2|0.03|0.13|43.8933|6.89545
04|36|0|90|1.5|5.8|135|76.6|13.2|0.03|0.13|43.8916|6.89545
04|37|0|90|0.0|5.8|135|76.5|13.2|0.02|0.13|43.8923|6.89545
04|39|0|90|1.5|5.8|135|76.4|13.2|0.02|0.13|43.8924|6.89545
04|40|0|90|2.9|5.8|135|76.5|13.2|0.02|0.13|43.8908|6.89545
04|41|0|90|0.0|5.8|135|76.7|13.2|0.02|0.13|43.8924|6.89545
04|42|0|90|1.5|5.8|135|76.9|13.2|0.03|0.14|43.8927|6.89545
04|43|0|90|1.5|5.8|135|77.1|13.2|0.03|0.14|43.8938|7.18208
04|44|0|90|1.6|5.8|135|77.2|13.2|0.03|0.14|43.896|7.18208
04|45|0|90|2.9|5.8|135|77.4|13.2|0.03|0.14|43.8936|7.18208
04|46|0|90|1.6|5.8|135|77.5|13.2|0.03|0.14|43.8958|7.18208
04|47|0|90|1.5|5.8|135|77.6|13.2|0.03|0.14|43.8965|7.18208
04|48|0|90|2.9|5.8|135|77.8|13.2|0.03|0.14|43.8964|7.18208
04|49|0|90|2.9|5.8|135|78.0|13.2|0.03|0.14|43.8971|7.46541
04|50|0|90|2.9|5.8|135|78.2|13.2|0.03|0.14|43.8967|7.46541
04|51|0|90|1.5|5.8|135|78.4|13.2|0.03|0.14|43.899|7.46541
04|52|0|90|1.5|5.8|135|78.4|13.2|0.04|0.15|43.8988|7.46541
04|53|0|90|1.6|5.8|135|78.4|13.2|0.04|0.15|43.9002|7.46541
04|54|0|90|1.5|5.8|135|78.3|13.2|0.04|0.15|43.9027|7.46541
04|55|0|90|0.0|5.8|135|78.3|13.2|0.04|0.15|43.904|7.46541
04|56|0|90|1.6|5.8|135|78.3|13.2|0.04|0.15|43.905|7.46541
04|57|0|90|0.0|5.8|135|78.3|13.2|0.04|0.15|43.9068|7.46541
04|58|0|90|0.0|5.8|135|78.3|13.2|0.04|0.15|43.9072|7.46541
05|00|0|90|0.0|5.8|135|78.2|13.2|0.04|0.15|43.905|7.46541
05|01|0|90|0.0|5.8|135|78.2|13.2|0.04|0.15|43.9075|7.46541
05|02|0|90|1.6|5.8|135|78.1|13.2|0.04|0.15|43.91|7.46541
05|03|0|135|0.0|5.8|135|78.1|13.1|0.04|0.15|43.9095|7.46541
05|04|0|135|1.5|5.8|135|78.1|13.1|0.04|0.15|43.9069|7.46541
05|05|0|135|1.5|5.8|135|78.1|13.1|0.04|0.15|43.9082|7.46541
05|06|0|90|1.5|5.8|135|78.2|13.1|0.03|0.15|43.9106|7.46541
05|07|0|90|0.0|5.8|135|78.3|13.0|0.03|0.15|43.9089|7.46541
05|08|0|90|1.5|5.8|135|78.4|13.0|0.03|0.15|43.9115|7.46541
05|09|0|90|0.0|5.8|135|78.4|13.0|0.03|0.15|43.9139|7.46541
05|10|0|90|0.0|5.8|135|78.4|12.9|0.03|0.15|43.9146|6.49232
05|12|0|90|0.0|5.8|135|78.4|12.9|0.02|0.15|43.9151|6.49232
05|13|0|90|0.0|5.8|135|78.3|12.8|0.02|0.15|43.9163|6.49232
05|14|0|113|0.0|5.8|135|78.2|12.8|0.02|0.15|43.9181|6.49232
05|15|0|113|0.0|5.8|135|78.2|12.8|0.02|0.15|43.917|6.49232
05|16|0|135|0.0|5.8|135|78.1|12.6|0.02|0.15|43.9188|6.49232
05|17|0|135|0.0|5.8|135|78.0|12.6|0.02|0.15|43.9192|6.49232
05|18|0|135|0.0|5.8|135|78.0|12.6|0.02|0.15|43.9183|6.49232
05|19|0|135|1.5|5.8|135|78.0|12.5|0.02|0.15|43.9159|6.49232
05|21|0|135|1.5|5.8|135|77.9|12.5|0.02|0.15|43.9187|6.21035
05|23|0|135|0.0|5.8|135|77.6|12.4|0.03|0.17|43.9159|6.21035
05|24|0|135|0.0|5.8|135|77.5|12.4|0.03|0.17|43.9173|6.21035
05|25|0|135|0.0|5.8|135|77.4|12.4|0.03|0.17|43.919|6.21035
05|26|0|135|1.5|5.8|135|77.4|12.4|0.03|0.17|43.9196|6.21035
05|27|0|135|0.0|5.8|135|77.3|12.3|0.03|0.17|43.92|6.21035
05|28|0|135|0.0|5.8|135|77.3|12.3|0.03|0.17|43.9193|6.21035
05|29|0|135|0.0|5.8|135|77.3|12.3|0.03|0.17|43.9187|6.21035
05|30|0|135|1.5|5.8|135|77.2|12.2|0.03|0.17|43.918|6.21035
05|31|0|135|0.0|5.8|135|77.2|12.2|0.03|0.17|43.9149|6.21035
05|32|0|135|1.6|5.8|135|77.2|12.2|0.03|0.17|43.9184|6.21035
05|33|0|135|1.5|5.8|135|77.2|12.1|0.03|0.17|43.9175|6.21035
05|34|0|135|0.0|5.8|135|77.2|12.1|0.03|0.17|43.9164|6.21035
05|35|0|90|1.5|5.8|135|77.3|12.1|0.03|0.17|43.9172|6.21035
05|36|0|90|0.0|5.8|135|77.3|12.0|0.03|0.17|43.9175|6.21035
05|37|0|90|1.6|5.8|135|77.5|12.0|0.03|0.17|43.9158|6.21035
05|38|0|90|1.5|5.8|135|77.6|12.0|0.03|0.17|43.9185|6.21035
05|39|0|90|1.5|5.8|135|77.8|12.0|0.03|0.17|43.9187|6.21035
05|40|0|90|0.0|5.8|135|78.0|12.0|0.02|0.17|43.92|6.49232
05|41|0|90|0.0|5.8|135|78.0|12.0|0.02|0.17|43.9187|6.49232
05|43|0|90|0.0|5.8|135|78.1|12.0|0.02|0.17|43.9205|6.49232
05|44|0|90|0.0|5.8|135|78.0|12.0|0.02|0.17|43.9189|6.49232
05|46|0|90|0.0|5.8|135|77.8|12.0|0.02|0.17|43.9213|6.21035
05|47|0|90|1.5|5.8|135|77.7|12.0|0.02|0.17|43.9209|6.21035
05|48|0|90|0.0|5.8|135|77.6|12.0|0.02|0.17|43.9206|6.21035
05|49|0|90|1.5|5.8|135|77.5|12.0|0.02|0.17|43.9212|6.21035
05|51|0|90|1.5|5.8|135|77.8|12.1|0.02|0.17|43.9219|6.21035
05|52|0|90|0.0|5.8|135|78.0|12.2|0.01|0.17|43.9224|6.49232
05|53|0|90|0.0|5.8|135|78.1|12.2|0.01|0.17|43.9199|6.49232
05|54|0|90|0.0|5.8|135|78.1|12.2|0.01|0.17|43.9225|6.49232
05|55|0|90|1.5|5.8|135|77.9|12.2|0.01|0.17|43.9233|6.21035
05|56|0|90|1.6|5.8|135|77.8|12.3|0.01|0.17|43.9249|6.21035
05|57|0|90|2.9|5.8|135|77.8|12.2|0.01|0.17|43.9242|6.21035
05|58|0|90|1.6|5.8|135|77.9|12.2|0.01|0.17|43.9225|6.21035
06|00|0|90|2.9|5.8|135|77.9|12.2|0.01|0.17|43.9229|6.21035
06|02|0|90|1.5|5.8|135|78.3|12.2|0.01|0.17|43.9194|6.49232
06|03|0|90|1.5|5.8|135|78.5|12.2|0.01|0.17|43.9216|6.49232
06|05|0|90|1.5|5.8|135|78.6|12.3|0.01|0.17|43.9238|6.49232
06|06|0|90|1.5|5.8|135|78.6|12.3|0.01|0.17|43.9237|6.49232
06|07|0|135|0.0|5.8|135|78.5|12.3|0.01|0.17|43.9251|6.49232
06|08|0|135|0.0|5.8|135|78.5|12.3|0.01|0.17|43.9248|6.49232
06|09|0|135|1.5|5.8|135|78.5|12.3|0.01|0.17|43.9253|6.49232
06|10|0|135|0.0|5.8|135|78.5|12.3|0.01|0.17|43.925|6.49232
06|11|0|135|0.0|5.8|135|78.5|12.3|0.01|0.17|43.9248|6.49232
06|12|0|135|0.0|5.8|135|78.5|12.3|0.01|0.17|43.9253|6.49232
06|14|0|135|0.0|5.8|135|78.2|12.3|0.01|0.17|43.9257|6.49232
06|15|0|135|0.0|5.8|135|78.2|12.3|0.01|0.17|43.926|6.49232
06|16|0|135|0.0|5.8|135|78.2|12.3|0.01|0.17|43.9269|6.49232
06|17|0|90|1.5|5.8|135|78.1|12.2|0.01|0.17|43.9251|6.49232
06|18|0|90|0.0|5.8|135|77.9|12.2|0.01|0.17|43.9256|6.21035
06|19|0|90|0.0|5.8|135|77.8|12.1|0.01|0.17|43.9266|6.21035
06|21|0|90|0.0|5.8|135|77.8|12.1|0.01|0.17|43.9252|6.21035
06|22|0|90|0.0|5.8|135|77.8|12.1|0.00|0.17|43.9286|6.21035
06|23|0|90|0.0|5.8|135|77.8|12.0|0.01|0.18|43.9262|6.21035
06|24|0|180|1.5|5.8|135|77.9|11.9|0.01|0.18|43.9278|5.23856
06|25|0|180|1.5|5.8|135|77.8|11.9|0.02|0.19|43.9291|5.23856
06|26|0|180|1.5|5.8|135|77.8|11.8|0.02|0.19|43.9268|5.23856
06|27|0|180|1.6|5.8|135|77.9|11.6|0.02|0.19|43.9285|5.23856
06|28|0|180|0.0|5.8|135|78.0|11.5|0.02|0.19|43.9265|5.51916
06|29|0|135|1.6|5.8|135|78.0|11.5|0.02|0.19|43.9283|5.51916
06|30|0|135|1.5|5.8|135|78.2|11.5|0.03|0.20|43.929|5.51916
06|31|0|135|0.0|5.8|135|78.2|11.5|0.03|0.20|43.9285|5.51916
06|32|0|135|0.0|5.8|135|78.3|11.5|0.03|0.20|43.9284|5.51916
06|33|0|135|1.5|5.8|135|78.5|11.5|0.03|0.20|43.9279|5.51916
06|35|0|135|0.0|5.8|135|78.6|11.5|0.03|0.20|43.9289|5.51916
06|36|0|135|0.0|5.8|135|78.7|11.5|0.03|0.20|43.929|5.51916
06|37|0|135|1.5|5.8|135|78.7|11.5|0.03|0.20|43.9282|5.51916
06|38|0|135|1.5|5.8|135|78.7|11.5|0.03|0.20|43.9278|5.51916
06|39|0|135|0.0|5.8|135|78.6|11.4|0.03|0.20|43.9267|5.51916
06|41|0|135|0.0|5.8|135|78.5|11.5|0.03|0.20|43.9278|5.51916
06|42|0|135|0.0|5.8|135|78.5|11.4|0.03|0.20|43.9275|5.51916
06|43|0|135|0.0|5.8|135|78.4|11.4|0.03|0.20|43.9265|5.51916
06|44|0|135|1.5|5.8|135|78.4|11.4|0.03|0.20|43.9274|5.51916
06|45|0|135|0.0|5.8|135|78.4|11.4|0.03|0.20|43.926|5.51916
06|46|0|135|0.0|5.8|135|78.4|11.4|0.03|0.20|43.9251|5.51916
06|47|0|90|1.5|5.8|135|78.5|11.4|0.03|0.20|43.9251|5.51916
06|48|0|90|1.6|5.8|135|78.7|11.4|0.03|0.20|43.9262|5.51916
06|49|0|90|1.5|5.8|135|78.8|11.4|0.03|0.20|43.9267|5.51916
06|50|0|90|0.0|5.8|135|78.9|11.4|0.03|0.20|43.9274|5.51916
06|51|0|90|0.0|5.8|135|78.9|11.4|0.03|0.20|43.9286|5.51916
06|52|0|90|0.0|5.8|135|78.8|11.4|0.03|0.20|43.9279|5.51916
06|53|0|90|0.0|5.8|135|78.8|11.5|0.03|0.20|43.9321|5.51916
06|54|0|90|0.0|5.8|135|78.6|11.4|0.04|0.21|43.931|5.51916
06|55|0|90|0.0|5.8|135|78.5|11.4|0.04|0.21|43.9305|5.51916
06|56|0|90|0.0|5.8|135|78.4|11.4|0.05|0.22|43.9285|5.51916
06|57|0|90|1.5|5.8|135|78.4|11.4|0.05|0.22|43.9307|5.51916
06|58|0|90|0.0|5.8|135|78.4|11.4|0.05|0.22|43.9308|5.51916
06|59|0|90|1.6|5.8|135|78.4|11.4|0.05|0.22|43.9309|5.51916
07|00|0|90|1.5|5.8|135|78.5|11.4|0.05|0.22|43.9307|5.51916
07|03|0|113|1.6|5.8|135|78.8|11.5|0.05|0.22|43.93|5.51916
07|04|0|113|0.0|5.8|135|78.9|11.5|0.05|0.22|43.9336|5.51916
07|05|0|113|0.0|5.8|135|79.0|11.6|0.05|0.22|43.9331|5.79657
07|06|0|135|1.6|5.8|135|79.1|11.6|0.05|0.22|43.9315|5.79657
07|07|0|135|0.0|5.8|135|79.2|11.6|0.05|0.22|43.9324|5.79657
07|08|0|135|0.0|5.8|135|79.2|11.8|0.05|0.22|43.9329|5.79657
07|09|0|135|0.0|5.8|135|79.1|11.9|0.05|0.22|43.9332|5.79657
07|10|0|135|0.0|5.8|135|79.1|11.9|0.05|0.22|43.9324|5.79657
07|11|0|135|1.6|5.8|135|79.0|11.9|0.05|0.22|43.9331|5.79657
07|12|0|135|0.0|5.8|135|78.9|11.9|0.05|0.22|43.9331|5.51916
07|13|0|135|0.0|5.8|135|78.9|12.0|0.05|0.22|43.9359|6.49232
07|14|0|135|0.0|5.8|135|78.9|12.0|0.05|0.22|43.935|6.49232
07|15|0|135|0.0|5.8|135|78.8|12.0|0.05|0.22|43.9355|6.49232
07|16|0|135|1.5|5.8|135|78.7|12.0|0.05|0.22|43.9358|6.49232
07|17|0|135|1.5|5.8|135|78.6|12.1|0.05|0.22|43.9364|6.49232
07|18|0|135|1.6|5.8|135|78.5|12.1|0.05|0.22|43.9374|6.49232
07|19|0|135|0.0|5.8|135|78.4|12.1|0.05|0.22|43.9369|6.49232
07|21|0|135|0.0|5.8|135|78.4|12.2|0.05|0.22|43.9403|6.49232
07|22|0|135|1.5|5.8|135|78.2|12.2|0.04|0.22|43.9401|6.49232
07|23|0|135|0.0|5.8|135|78.1|12.2|0.04|0.22|43.9394|6.49232
07|24|0|135|1.5|5.8|135|78.0|12.3|0.04|0.22|43.9397|6.49232
07|26|0|135|0.0|5.8|135|77.7|12.3|0.03|0.22|43.9393|6.21035
07|27|0|135|1.5|5.8|135|77.6|12.4|0.03|0.22|43.94|6.21035
07|28|0|135|1.5|5.8|135|77.5|12.4|0.03|0.22|43.94|6.21035
07|29|0|135|0.0|5.8|135|77.4|12.4|0.02|0.22|43.939|6.21035
07|30|0|135|0.0|5.8|135|77.3|12.5|0.02|0.22|43.9394|6.21035
07|31|0|135|1.6|5.8|135|77.2|12.5|0.02|0.22|43.9393|6.21035
07|32|0|135|0.0|5.8|135|77.1|12.5|0.02|0.22|43.9402|6.21035
07|34|0|135|1.6|5.8|135|76.9|12.5|0.02|0.22|43.9422|5.92511
07|36|0|135|0.0|5.8|135|76.8|12.5|0.02|0.22|43.9441|5.92511
07|37|0|135|1.5|5.8|135|76.7|12.5|0.02|0.22|43.9433|5.92511
07|38|0|135|1.5|5.8|135|76.8|12.5|0.02|0.22|43.9451|5.92511
07|39|0|135|1.5|5.8|135|76.9|12.4|0.02|0.22|43.9431|5.92511
07|40|0|135|1.5|5.8|135|77.0|12.5|0.02|0.22|43.9449|6.21035
07|42|0|180|0.0|5.8|135|77.1|12.5|0.02|0.22|43.9454|6.21035
07|43|0|180|1.5|5.8|135|77.1|12.4|0.02|0.22|43.9457|6.21035
07|44|0|135|2.9|5.8|135|77.1|12.4|0.02|0.22|43.9454|6.21035
07|45|0|135|1.6|5.8|135|77.1|12.5|0.02|0.22|43.9443|6.21035
07|46|0|135|0.0|5.8|135|77.2|12.5|0.02|0.22|43.9434|6.21035
07|47|0|135|0.0|5.8|135|77.1|12.6|0.02|0.22|43.9473|6.21035
07|48|0|135|1.5|5.8|135|77.0|12.6|0.02|0.22|43.9485|6.21035
07|49|0|135|1.5|5.8|135|77.0|12.6|0.02|0.22|43.947|6.21035
07|50|0|135|1.6|5.8|135|76.8|12.8|0.02|0.22|43.9497|5.92511
07|51|0|135|1.5|5.8|135|76.8|12.9|0.02|0.22|43.9493|5.92511
07|52|0|135|1.5|5.8|135|76.8|13.0|0.02|0.22|43.9491|6.89545
07|53|0|135|0.0|5.8|135|76.7|13.1|0.03|0.23|43.9522|6.89545
07|54|0|135|0.0|5.8|135|76.7|13.2|0.02|0.23|43.9549|6.89545
07|55|0|135|0.0|5.8|135|76.6|13.2|0.02|0.23|43.9539|6.89545
07|57|0|135|0.0|5.8|135|76.5|13.4|0.01|0.23|43.9542|6.89545
07|58|0|135|1.6|5.8|135|76.4|13.5|0.01|0.23|43.9514|6.89545
07|59|0|135|1.5|5.8|135|76.2|13.7|0.01|0.23|43.949|6.89545
08|00|0|135|0.0|5.8|135|75.9|13.8|0.01|0.23|43.946|6.60545
08|01|0|135|0.0|5.8|135|75.8|14.0|0.01|0.23|43.9472|7.57432
08|02|0|135|0.0|5.8|135|75.7|14.2|0.01|0.23|43.947|7.57432
08|04|0|135|1.5|5.8|135|75.6|14.5|0.01|0.23|43.9479|7.57432
08|05|0|135|1.5|5.8|135|75.2|14.7|0.01|0.23|43.9488|7.57432
08|06|0|135|1.5|5.8|135|74.8|14.9|0.01|0.23|43.9485|7.27942
08|07|0|135|2.9|5.8|135|74.3|15.1|0.01|0.23|43.9498|8.2468
08|08|0|135|1.5|5.8|135|73.8|15.4|0.01|0.23|43.9506|7.9469
08|09|0|135|0.0|5.8|135|73.5|15.7|0.01|0.23|43.9491|7.9469
08|10|0|135|0.0|5.8|135|73.3|15.9|0.01|0.23|43.9482|7.9469
08|11|0|135|0.0|5.8|135|73.0|16.2|0.01|0.23|43.9505|8.91277
08|12|0|135|1.5|5.8|135|72.8|16.6|0.01|0.23|43.9467|8.60773
08|13|0|135|0.0|5.8|135|72.4|16.9|0.01|0.23|43.9435|8.60773
08|14|0|135|1.6|5.8|135|71.8|17.1|0.01|0.23|43.9419|9.26174
08|15|0|135|0.0|5.8|135|71.2|17.6|0.01|0.23|43.9431|9.26174
08|17|0|90|1.5|5.8|135|70.2|18.0|0.01|0.23|43.9384|9.90877
08|18|0|135|1.5|5.8|135|69.5|18.4|0.01|0.23|43.9388|9.58901
08|19|0|90|1.5|5.8|135|68.9|18.6|0.01|0.23|43.9388|9.26509
08|20|0|90|1.5|5.8|135|68.2|18.7|0.01|0.23|43.9365|9.26509
08|21|0|90|1.5|5.8|135|67.6|19.0|0.01|0.23|43.9385|9.89345
08|22|0|90|0.0|5.8|135|67.2|19.2|0.01|0.23|43.9376|9.89345
08|23|0|135|2.9|5.8|135|66.7|19.3|0.02|0.24|43.9396|9.5593
08|25|0|113|1.5|5.8|135|66.3|19.5|0.02|0.24|43.941|9.5593
08|26|0|90|1.5|5.8|135|65.9|19.6|0.02|0.24|43.9381|9.22061
08|27|0|90|1.6|5.8|135|65.4|19.8|0.02|0.24|43.9398|9.22061
08|28|0|90|0.0|5.8|135|64.9|20.0|0.02|0.24|43.9384|9.8289
08|29|0|135|1.6|5.8|135|64.4|20.1|0.02|0.24|43.939|9.8289
08|30|0|90|1.5|5.8|135|64.1|20.3|0.02|0.24|43.9395|9.8289
08|31|0|135|2.9|6.4|90|63.6|20.2|0.02|0.24|43.9389|9.47908
08|32|0|90|1.5|6.4|90|63.4|20.3|0.02|0.24|43.9386|9.47908
08|33|0|179|2.9|6.4|90|63.4|20.4|0.02|0.24|43.9398|9.47908
08|34|0|90|1.5|6.4|90|63.4|20.5|0.02|0.24|43.9366|9.47908
08|35|0|113|3.2|6.4|90|63.2|20.6|0.02|0.24|43.9385|9.47908
08|36|0|90|1.5|6.4|90|62.8|20.7|0.02|0.24|43.9395|9.12428
08|37|0|135|2.9|6.4|90|62.8|20.9|0.02|0.24|43.9429|9.12428
08|38|0|90|4.8|6.4|90|62.6|21.0|0.03|0.25|43.942|10.0725
08|39|0|135|1.5|6.4|90|62.3|21.2|0.03|0.25|43.9436|10.0725
08|40|0|135|0.0|6.4|90|62.3|21.3|0.03|0.25|43.9419|10.0725
08|41|0|90|1.6|6.4|90|62.0|21.5|0.03|0.25|43.9414|10.0725
08|42|0|113|1.5|6.4|90|61.8|21.6|0.03|0.25|43.943|9.7109
08|43|0|135|1.5|6.4|90|61.6|21.9|0.03|0.25|43.9393|9.7109
08|45|0|90|1.6|6.4|90|61.4|22.0|0.03|0.25|43.939|10.6573
08|46|0|135|1.5|6.4|90|61.4|22.2|0.03|0.25|43.9353|10.6573
08|47|0|135|2.9|6.4|90|61.2|22.3|0.03|0.25|43.9369|10.6573
08|48|0|135|3.2|6.4|90|61.1|22.5|0.03|0.25|43.9389|10.6573
08|49|0|135|4.4|7.3|135|60.7|22.4|0.03|0.25|43.9372|10.2887
08|50|0|135|3.2|7.3|135|60.6|22.5|0.03|0.25|43.9376|10.2887
08|51|0|135|6.4|8.7|135|60.5|22.5|0.03|0.25|43.9377|10.2887
08|54|0|135|5.8|8.7|135|60.3|23.0|0.02|0.25|43.9391|11.2332
08|55|0|135|2.9|8.7|135|60.0|23.2|0.02|0.25|43.9405|11.2332
08|56|0|90|2.9|8.7|135|59.9|23.5|0.02|0.25|43.9444|10.8573
08|57|0|135|0.0|8.7|135|60.1|23.8|0.02|0.25|43.9474|11.2332
08|58|0|135|4.4|8.7|135|59.6|23.8|0.02|0.25|43.9468|10.8573
08|59|0|180|1.6|8.7|135|59.2|24.0|0.02|0.25|43.9493|11.8
09|01|0|135|1.5|8.7|135|59.1|24.3|0.02|0.25|43.9514|11.8
09|03|0|135|2.9|8.7|135|58.5|24.9|0.02|0.25|43.9522|11.4166
09|04|0|135|4.8|8.7|135|57.9|25.1|0.02|0.25|43.9534|11.9663
09|05|0|135|2.9|8.7|135|57.2|25.2|0.02|0.25|43.951|11.9663
09|07|0|90|2.9|8.7|135|56.5|25.5|0.02|0.25|43.9526|11.569
09|08|0|135|4.8|8.7|135|56.0|25.6|0.02|0.25|43.9505|11.569
09|09|0|135|2.9|8.7|135|55.9|25.6|0.02|0.25|43.9518|11.1654
09|10|0|135|4.8|8.7|135|56.0|25.6|0.02|0.25|43.9508|11.569
09|11|0|135|2.9|8.7|135|55.7|25.6|0.02|0.25|43.9515|11.1654
09|12|0|113|4.4|8.7|135|55.7|25.7|0.02|0.25|43.9535|11.1654
09|13|0|135|6.4|8.7|135|55.4|25.5|0.02|0.25|43.9513|11.1654
09|14|0|135|5.8|8.7|135|55.2|25.6|0.02|0.25|43.9516|11.1654
09|17|0|135|8.7|10.2|135|55.1|25.6|0.02|0.25|43.9523|11.1654
09|18|0|135|4.4|10.2|135|55.1|25.5|0.02|0.25|43.9548|11.1654
09|19|0|135|6.4|10.2|135|55.2|25.5|0.02|0.25|43.9546|11.1654
09|20|0|135|4.4|10.2|135|55.3|25.6|0.02|0.25|43.954|11.1654
09|21|0|135|4.8|10.2|135|55.2|25.5|0.02|0.25|43.9554|11.1654
09|22|0|135|4.4|10.2|135|55.2|25.6|0.02|0.25|43.9562|11.1654
09|23|0|135|8.7|10.2|135|55.2|25.6|0.02|0.25|43.9543|11.1654
09|24|0|135|4.4|10.2|135|55.1|25.5|0.01|0.25|43.9584|11.1654
09|25|0|135|2.9|10.2|135|55.3|25.6|0.01|0.25|43.9589|11.1654
09|26|0|90|2.9|10.2|135|55.4|25.7|0.01|0.25|43.9595|11.1654
09|27|0|113|2.9|10.2|135|55.4|25.9|0.01|0.25|43.961|11.1654
09|28|0|90|3.2|10.2|135|55.1|26.1|0.01|0.25|43.961|12.1005
09|29|0|135|4.4|10.2|135|54.6|26.0|0.01|0.25|43.9602|11.6884
09|31|0|90|2.9|10.2|135|54.6|26.1|0.01|0.25|43.9587|11.6884
09|32|0|135|1.5|10.2|135|54.9|26.3|0.01|0.25|43.9589|11.6884
09|33|0|135|8.7|10.2|135|54.5|26.4|0.01|0.25|43.9573|11.6884
09|34|0|135|4.8|10.2|135|54.3|26.5|0.01|0.25|43.9613|11.6884
09|36|0|135|4.4|10.2|135|53.8|26.4|0.01|0.25|43.9598|11.2695
09|37|0|135|2.9|11.6|135|53.5|26.1|0.01|0.25|43.9619|11.2695
09|38|0|135|4.4|11.6|135|54.1|26.4|0.00|0.25|43.9611|11.6884
09|39|0|135|1.5|11.6|135|54.3|26.4|0.00|0.25|43.9618|11.6884
09|40|0|135|7.3|11.6|135|54.7|26.6|0.00|0.25|43.9617|11.6884
09|41|0|135|4.4|11.6|135|54.2|26.5|0.00|0.25|43.9604|11.6884
09|42|0|135|8.0|11.6|135|53.7|26.3|0.00|0.25|43.9601|11.2695
09|43|0|90|4.4|11.6|135|54.0|26.4|0.00|0.25|43.9605|11.6884
09|45|0|135|7.3|11.6|135|54.3|26.5|0.00|0.25|43.9597|11.6884
09|46|0|135|2.9|11.6|135|54.4|26.5|0.00|0.25|43.9613|11.6884
09|48|0|135|5.8|11.6|135|54.4|26.6|0.00|0.25|43.9626|11.6884
09|51|0|135|5.8|11.6|135|54.2|26.6|0.00|0.25|43.9652|11.6884
09|52|0|90|2.9|11.6|135|53.9|26.6|0.00|0.25|43.9626|11.2695
09|53|0|135|4.8|11.6|135|53.7|26.6|0.00|0.25|43.9634|11.2695
09|55|0|135|4.4|11.6|135|53.7|26.4|0.00|0.25|43.9622|11.2695
09|56|0|135|8.1|11.6|135|53.8|26.4|0.00|0.25|43.9633|11.2695
09|57|0|135|4.4|11.6|135|53.8|26.3|0.00|0.25|43.9645|11.2695
09|58|0|90|3.2|11.6|135|54.4|26.5|0.00|0.25|43.9626|11.6884
09|59|0|135|8.7|11.6|135|54.7|26.6|0.00|0.25|43.9638|11.6884
10|00|0|135|5.8|11.6|135|54.1|26.5|0.00|0.25|43.9633|11.6884
10|01|0|90|4.4|11.6|135|54.5|26.6|0.00|0.25|43.9646|11.6884
10|02|0|135|2.9|11.6|135|54.5|26.8|0.00|0.25|43.9657|11.6884
10|03|0|90|1.5|11.6|135|54.9|27.2|0.00|0.25|43.9629|12.6216
10|04|0|135|5.8|11.6|135|54.6|27.4|0.00|0.25|43.9617|12.6216
10|05|0|135|8.7|11.6|135|54.0|27.5|0.00|0.25|43.9619|12.6216
10|06|0|135|1.5|11.6|135|53.3|27.6|0.00|0.25|43.9646|12.2007
10|07|0|135|2.9|11.6|135|53.4|28.0|0.00|0.25|43.9635|13.1317
10|08|0|135|2.9|11.6|135|52.9|28.0|0.00|0.25|43.9643|12.7017
10|09|0|135|5.8|11.6|135|52.6|28.0|0.00|0.25|43.9606|12.7017
10|10|0|135|2.9|11.6|135|52.2|28.0|0.00|0.25|43.9624|12.7017
10|11|0|113|4.4|11.6|135|52.0|28.0|0.00|0.25|43.9607|12.7017
10|12|0|135|5.8|11.6|135|51.9|28.0|0.00|0.25|43.9618|12.2644
10|13|0|158|4.8|11.6|135|52.2|28.1|0.00|0.25|43.9595|12.7017
10|15|0|135|5.8|11.6|135|51.7|28.1|0.00|0.25|43.9594|12.2644
10|17|0|135|7.3|11.6|135|51.8|28.1|0.00|0.25|43.9575|12.2644
10|18|0|135|5.8|11.6|135|51.5|28.2|0.00|0.25|43.9584|12.2644
10|20|0|180|5.8|11.6|135|51.1|28.1|0.00|0.25|43.9571|12.2644
10|21|0|135|8.7|11.6|135|51.2|27.7|0.00|0.25|43.9533|11.3373
10|22|0|113|5.8|11.6|135|51.4|27.6|0.00|0.25|43.9556|11.3373
10|23|0|135|5.8|11.6|135|52.0|27.6|0.00|0.25|43.9573|11.7727
10|25|0|90|2.9|11.6|135|52.9|27.7|0.00|0.25|43.958|11.7727
10|26|0|135|4.8|11.6|135|53.2|28.0|0.00|0.25|43.9579|13.1317
10|27|0|90|2.9|11.6|135|53.2|27.8|0.00|0.25|43.959|12.2007
10|29|0|135|2.9|11.6|135|53.1|28.0|0.00|0.25|43.9584|13.1317
10|30|0|135|4.4|11.6|135|53.3|28.2|0.00|0.25|43.9556|13.1317
10|31|0|90|2.9|11.6|135|53.2|28.3|0.00|0.25|43.9563|13.1317
10|32|0|90|4.4|11.6|135|53.5|28.5|0.00|0.25|43.9584|13.1317
10|33|0|90|4.8|11.6|135|52.9|28.3|0.00|0.25|43.957|12.7017
10|34|0|90|8.7|11.6|135|52.4|28.3|0.00|0.25|43.9567|12.7017
10|36|0|90|1.6|11.6|135|52.5|28.4|0.00|0.25|43.9574|12.7017
10|37|0|135|4.4|11.6|135|53.0|28.7|0.00|0.25|43.9587|13.1317
10|38|0|135|5.8|11.6|135|52.5|28.7|0.00|0.25|43.9575|12.7017
10|39|0|135|7.3|11.6|135|52.5|28.8|0.00|0.25|43.9583|12.7017
10|40|0|135|8.7|11.6|135|52.2|28.7|0.00|0.25|43.9569|12.7017
10|41|0|158|8.7|11.6|135|52.5|28.7|0.00|0.25|43.9571|12.7017
10|42|0|158|6.5|11.6|135|52.3|28.5|0.00|0.25|43.9571|12.7017
10|43|0|90|7.3|11.6|135|52.2|28.4|0.00|0.25|43.9577|12.7017
10|45|0|90|3.2|11.6|135|52.9|28.6|0.00|0.25|43.9572|12.7017
10|46|0|90|4.4|11.6|135|53.2|28.8|0.00|0.25|43.957|13.1317
10|47|0|135|9.7|11.6|135|52.7|28.7|0.00|0.25|43.9573|12.7017
10|48|0|113|4.4|13.1|135|52.0|28.5|0.00|0.25|43.9561|12.7017
10|49|0|90|6.4|13.1|135|52.2|28.5|0.00|0.25|43.9555|12.7017
10|50|0|90|8.0|13.1|135|51.8|28.6|0.00|0.25|43.9535|12.2644
10|51|0|90|5.8|13.1|135|51.9|28.5|0.00|0.25|43.9561|12.2644
10|52|0|90|7.3|13.1|135|51.8|28.5|0.00|0.25|43.9579|12.2644
10|53|0|90|3.2|13.1|135|51.7|28.5|0.00|0.25|43.9556|12.2644
10|55|0|135|4.4|13.1|135|51.3|28.4|0.00|0.25|43.9547|12.2644
10|56|0|135|4.4|13.1|135|51.3|28.3|0.00|0.25|43.9561|12.2644
10|57|0|90|4.8|13.1|135|51.7|28.4|0.00|0.25|43.9548|12.2644
10|58|0|135|8.7|13.1|135|51.5|28.1|0.00|0.25|43.9492|12.2644
10|59|0|90|7.3|13.1|135|51.5|27.7|0.00|0.25|43.9477|11.3373
11|00|0|135|2.9|13.1|135|52.1|28.1|0.00|0.25|43.9504|12.7017
11|01|0|135|2.9|13.1|135|52.2|28.1|0.00|0.25|43.9476|12.7017
11|02|0|90|2.9|13.1|135|51.8|28.3|0.00|0.25|43.9486|12.2644
11|03|0|90|11.6|13.1|135|51.4|28.1|0.01|0.26|43.9475|12.2644
11|04|0|135|4.4|13.1|135|51.2|27.8|0.01|0.26|43.9475|11.3373
11|05|0|90|2.9|13.1|135|52.0|28.2|0.01|0.26|43.9482|12.7017
11|06|0|90|4.4|13.1|135|51.8|28.1|0.01|0.26|43.944|12.2644
11|07|0|270|3.2|13.1|135|51.5|28.0|0.01|0.26|43.9437|12.2644
11|08|0|45|8.7|13.1|135|51.7|28.1|0.01|0.26|43.9459|12.2644
11|09|0|90|8.7|13.1|135|51.9|28.1|0.01|0.26|43.9443|12.2644
11|10|0|45|4.4|13.1|135|51.5|28.0|0.01|0.26|43.9436|12.2644
11|11|0|90|5.8|13.1|135|51.6|27.8|0.01|0.26|43.9437|11.3373
11|12|0|90|6.5|13.1|135|51.7|28.1|0.01|0.26|43.9403|12.2644
11|13|0|45|2.9|13.1|135|52.4|28.4|0.01|0.26|43.9427|12.7017
11|15|0|90|8.7|13.1|135|52.1|28.4|0.01|0.26|43.942|12.7017
11|16|0|135|4.4|13.1|135|51.7|28.4|0.01|0.26|43.9426|12.2644
11|17|0|135|4.4|13.1|135|52.2|28.8|0.01|0.26|43.9405|12.7017
11|18|0|90|2.9|13.1|135|52.1|29.2|0.01|0.26|43.9363|13.6307
11|19|0|113|4.8|13.1|135|51.4|29.4|0.01|0.26|43.9348|13.1913
11|20|0|180|2.9|13.1|135|50.9|29.4|0.01|0.26|43.9327|12.7442
11|21|0|90|4.8|13.1|135|51.1|29.5|0.01|0.26|43.9323|13.1913
11|22|0|90|4.8|13.1|135|50.5|29.4|0.01|0.26|43.9313|12.7442
11|23|0|135|4.4|13.1|135|50.7|29.5|0.01|0.26|43.9302|12.7442
11|24|0|135|3.2|13.1|135|51.2|30.0|0.01|0.26|43.9346|14.118
11|25|0|158|5.8|13.1|135|51.3|30.2|0.01|0.26|43.9316|14.118
11|26|0|135|4.4|13.1|135|50.7|30.4|0.01|0.26|43.9307|13.6689
11|27|0|113|4.4|13.1|135|50.6|30.6|0.01|0.26|43.9323|13.6689
11|28|0|113|4.4|13.1|135|49.8|30.8|0.01|0.26|43.9279|13.2117
11|29|0|135|3.2|13.1|135|49.0|31.0|0.01|0.26|43.9252|14.1342
11|30|0|45|2.9|13.1|135|49.0|31.2|0.01|0.26|43.9249|14.1342
11|31|0|90|4.4|13.1|135|49.2|31.2|0.01|0.26|43.9242|14.1342
11|32|0|158|5.8|13.1|135|48.3|31.2|0.01|0.26|43.9217|13.6665
11|33|0|135|4.4|13.1|135|48.4|31.3|0.01|0.26|43.9192|13.6665
11|34|0|180|2.9|13.1|135|48.3|31.4|0.01|0.26|43.919|13.6665
11|36|0|135|7.3|13.1|135|48.1|31.3|0.01|0.26|43.9147|13.6665
11|38|0|158|8.7|13.1|135|47.8|31.3|0.01|0.26|43.9126|13.1901
11|39|0|158|4.4|13.1|135|47.7|31.2|0.01|0.26|43.9165|13.1901
11|40|0|113|2.9|13.1|135|48.0|31.3|0.01|0.26|43.9188|13.6665
11|41|0|90|2.9|13.1|135|48.5|31.7|0.01|0.26|43.9166|13.6665
11|42|0|135|5.8|13.1|135|48.4|31.5|0.01|0.26|43.9158|13.6665
11|43|0|135|5.8|13.1|135|48.4|31.5|0.01|0.26|43.9143|13.6665
11|44|0|158|5.8|13.1|135|48.0|31.4|0.01|0.26|43.9139|13.6665
11|45|0|113|2.9|13.1|135|48.2|31.5|0.01|0.26|43.9164|13.6665
11|46|0|113|2.9|13.1|135|48.2|31.7|0.01|0.26|43.9151|13.6665
11|47|0|90|2.9|13.1|135|48.2|31.7|0.01|0.26|43.9156|13.6665
11|48|0|90|1.5|13.1|135|48.1|31.8|0.01|0.26|43.9149|13.6665
11|49|0|90|6.4|13.1|135|47.9|31.5|0.01|0.26|43.912|13.1901
11|50|0|90|2.9|13.1|135|47.4|31.3|0.01|0.26|43.9123|13.1901
11|51|0|90|2.9|13.1|135|47.8|31.2|0.01|0.26|43.9113|13.1901
11|52|0|90|4.4|13.1|135|48.6|31.3|0.01|0.26|43.9105|13.6665
11|53|0|90|4.4|13.1|135|48.4|31.0|0.01|0.26|43.9134|13.6665
11|54|0|135|1.6|13.1|135|48.4|31.1|0.01|0.26|43.9104|13.6665
11|55|0|90|4.4|13.1|135|49.3|31.3|0.01|0.26|43.9074|14.1342
11|57|0|45|1.6|13.1|135|49.4|31.4|0.01|0.26|43.9073|14.1342
11|58|0|45|4.4|13.1|135|48.6|31.4|0.01|0.26|43.9066|13.6665
11|59|0|135|2.9|13.1|135|48.3|31.4|0.01|0.26|43.9053|13.6665
12|00|0|90|3.2|13.1|135|48.1|31.3|0.01|0.26|43.9034|13.6665
12|01|0|90|4.4|13.1|135|47.8|31.4|0.01|0.26|43.904|13.1901
12|02|0|135|3.2|13.1|135|47.8|31.3|0.01|0.26|43.9025|13.1901
12|03|0|90|1.5|13.1|135|49.1|31.7|0.00|0.26|43.905|14.1342
12|05|0|135|1.5|13.1|135|49.4|32.0|0.00|0.26|43.9064|15.0565
12|06|0|90|2.9|13.1|135|49.3|32.2|0.00|0.26|43.8984|15.0565
12|07|0|135|1.5|13.1|135|48.1|32.3|0.00|0.26|43.8979|14.5868
12|08|0|45|1.5|13.1|135|47.6|32.6|0.00|0.26|43.8984|14.1082
12|09|0|225|1.5|13.1|135|47.9|32.7|0.00|0.26|43.8971|14.1082
12|10|0|90|0.0|13.1|135|49.1|32.9|0.00|0.26|43.8987|15.0565
12|12|0|135|5.8|13.1|135|48.3|32.9|0.00|0.26|43.8976|14.5868
12|13|0|90|1.5|13.1|135|47.3|33.0|0.00|0.26|43.8995|15.0261
12|14|0|90|1.5|13.1|135|47.3|33.1|0.00|0.26|43.9011|15.0261
12|18|0|68|2.9|13.1|135|46.2|33.2|0.01|0.28|43.8978|14.5362
12|19|0|45|2.9|13.1|135|46.0|33.0|0.01|0.28|43.8987|14.5362
12|20|0|90|2.9|13.1|135|46.9|32.9|0.01|0.28|43.8964|13.6205
12|21|0|45|3.2|13.1|135|46.6|32.6|0.01|0.28|43.8938|13.6205
12|22|0|45|2.9|13.1|135|46.0|32.5|0.01|0.28|43.8921|13.6205
12|23|0|90|3.2|13.1|135|46.4|32.2|0.01|0.28|43.8927|13.6205
12|24|0|90|2.9|13.1|135|46.7|32.2|0.01|0.28|43.8936|13.6205
12|25|0|90|1.5|13.1|135|47.8|32.2|0.01|0.28|43.8885|14.1082
12|26|0|135|0.0|13.1|135|47.9|32.2|0.01|0.28|43.8864|14.1082
12|27|0|135|2.9|13.1|135|49.8|32.3|0.01|0.28|43.8852|15.0565
12|29|0|135|4.4|13.1|135|49.2|32.6|0.01|0.28|43.8836|15.0565
12|30|0|135|3.2|13.1|135|49.1|32.8|0.01|0.28|43.8828|15.0565
12|31|0|135|2.9|13.1|135|48.7|32.9|0.01|0.28|43.8821|14.5868
12|32|0|225|1.5|13.1|135|48.9|33.1|0.01|0.28|43.8826|15.5068
12|33|0|180|0.0|13.1|135|50.2|33.3|0.01|0.28|43.885|16.4421
12|36|0|180|4.4|13.1|135|50.8|34.0|0.01|0.28|43.8868|17.3662
12|37|0|135|2.9|13.1|135|49.4|34.1|0.02|0.29|43.885|16.9007
12|38|0|135|4.4|13.1|135|48.3|34.4|0.02|0.29|43.885|16.4267
12|40|0|135|0.0|13.1|135|47.5|34.8|0.02|0.29|43.8856|15.9438
12|41|0|90|1.5|13.1|135|47.0|34.9|0.02|0.29|43.8796|15.9438
12|42|0|0|1.5|13.1|135|46.1|35.2|0.03|0.30|43.8757|16.367
12|43|0|45|7.3|13.1|135|47.3|35.4|0.03|0.30|43.8773|16.8613
12|44|0|135|3.2|13.1|135|47.2|35.5|0.03|0.30|43.8746|16.8613
12|45|0|135|2.9|13.1|135|46.1|35.6|0.03|0.30|43.8746|16.367
12|46|0|135|2.9|13.1|135|45.9|35.6|0.03|0.30|43.8722|15.8631
12|47|0|135|0.0|13.1|135|46.4|35.7|0.03|0.30|43.8714|16.367
12|48|0|135|7.3|13.1|135|47.3|35.8|0.03|0.30|43.8705|16.8613
12|49|0|135|3.2|13.1|135|46.5|35.8|0.03|0.30|43.8691|16.367
12|50|0|135|7.3|13.1|135|45.9|35.7|0.03|0.30|43.8703|15.8631
12|51|0|135|4.8|13.1|135|45.9|35.7|0.03|0.30|43.8681|15.8631
12|52|0|180|5.8|13.1|135|45.8|35.7|0.03|0.30|43.8668|15.8631
12|53|0|135|4.4|13.1|135|46.1|35.7|0.03|0.30|43.866|16.367
12|54|0|90|1.6|13.1|135|45.6|35.7|0.03|0.30|43.8636|15.8631
12|55|0|158|4.4|13.1|135|45.0|35.8|0.03|0.30|43.8629|15.8631
12|56|0|135|2.9|13.1|135|45.7|35.8|0.03|0.30|43.8642|15.8631
12|58|0|225|4.4|13.1|135|45.9|35.8|0.03|0.30|43.8637|15.8631
12|59|0|180|4.4|13.1|135|46.5|35.9|0.03|0.30|43.8626|16.367
13|00|0|315|1.6|13.1|135|47.0|36.2|0.03|0.30|43.8646|17.7787
13|02|0|180|2.9|13.1|135|47.1|36.6|0.04|0.31|43.8644|17.7787
13|04|0|248|2.9|13.1|135|47.3|37.1|0.04|0.31|43.8638|18.6958
13|05|0|270|1.6|13.1|135|46.0|37.4|0.04|0.31|43.8621|18.1971
13|06|0|315|3.2|13.1|135|44.1|37.5|0.04|0.31|43.8625|17.1702
13|07|0|315|2.9|13.1|135|42.2|37.5|0.04|0.31|43.8619|16.1009
13|08|0|315|4.8|13.1|135|41.5|37.4|0.04|0.31|43.8616|15.5492
13|09|0|315|2.9|13.1|135|41.4|37.2|0.04|0.31|43.859|15.5492
13|10|0|315|1.5|13.1|135|41.6|37.1|0.04|0.31|43.8606|15.5492
13|11|0|315|4.4|13.1|135|42.7|36.8|0.04|0.31|43.8621|15.1952
13|12|0|0|0.0|13.1|135|43.6|36.6|0.05|0.32|43.861|15.733
13|13|0|0|1.5|13.1|135|44.7|36.6|0.05|0.32|43.8634|16.2598
13|14|0|0|1.5|13.1|135|44.7|36.4|0.04|0.32|43.8604|16.2598
13|15|0|315|2.9|13.1|135|44.0|36.4|0.04|0.32|43.8619|16.2598
13|17|0|315|4.4|13.1|135|44.3|36.3|0.04|0.32|43.8597|16.2598
13|18|0|315|4.4|13.1|135|43.9|35.9|0.04|0.32|43.858|14.8247
13|19|0|315|1.5|13.1|135|43.6|35.8|0.04|0.32|43.8555|14.8247
13|20|0|0|1.5|13.1|135|44.4|35.8|0.04|0.32|43.854|15.3491
13|21|0|0|1.5|13.1|135|43.9|35.8|0.04|0.32|43.8552|14.8247
13|22|0|0|1.5|13.1|135|43.6|35.7|0.04|0.32|43.8525|14.8247
13|23|0|315|1.6|13.1|135|44.4|35.7|0.04|0.32|43.8537|15.3491
13|24|0|315|1.6|13.1|135|44.4|35.7|0.04|0.32|43.8505|15.3491
13|25|0|315|1.5|13.1|135|44.2|35.7|0.04|0.32|43.8508|15.3491
13|26|0|270|1.6|13.1|135|43.9|35.7|0.04|0.32|43.8503|14.8247
13|27|0|225|0.0|13.1|135|43.7|35.7|0.04|0.32|43.8521|14.8247
13|28|0|315|2.9|13.1|135|44.1|35.7|0.04|0.32|43.8487|15.3491
13|29|0|270|2.9|13.1|135|43.2|35.6|0.04|0.32|43.8493|14.8247
13|30|0|315|2.9|13.1|135|43.9|35.3|0.04|0.32|43.8498|14.8247
13|31|0|270|1.5|13.1|135|43.5|35.0|0.04|0.32|43.85|14.8247
13|32|0|135|1.5|13.1|135|44.0|35.2|0.04|0.32|43.8507|15.3491
13|33|0|135|1.5|13.1|135|44.9|35.2|0.04|0.32|43.8501|15.3491
13|35|0|135|1.5|13.1|135|46.0|35.2|0.03|0.32|43.8517|16.367
13|36|0|135|0.0|13.1|135|46.5|35.3|0.03|0.32|43.8491|16.367
13|38|0|270|1.6|13.1|135|46.9|35.5|0.03|0.32|43.8497|16.367
13|39|0|270|1.5|13.1|135|45.3|35.7|0.03|0.32|43.8507|15.8631
13|40|0|180|1.5|13.1|135|44.1|35.9|0.03|0.32|43.8482|15.3491
13|41|0|180|2.9|13.1|135|44.7|36.2|0.02|0.32|43.8499|16.2598
13|42|0|180|0.0|13.1|135|45.1|36.4|0.02|0.32|43.85|16.776
13|44|0|270|1.6|13.1|135|46.6|37.0|0.03|0.33|43.8448|18.1971
13|45|0|270|1.5|13.1|135|45.6|37.3|0.03|0.33|43.8488|17.6887
13|46|0|0|1.6|13.1|135|43.5|37.4|0.03|0.33|43.8478|16.6411
13|47|0|0|0.0|13.1|135|41.6|37.6|0.03|0.33|43.8476|15.5492
13|48|0|0|1.6|13.1|135|42.1|37.7|0.03|0.33|43.8461|16.1009
13|50|0|315|0.0|13.1|135|42.4|37.8|0.03|0.33|43.8423|16.1009
13|51|0|315|0.0|13.1|135|42.0|38.0|0.03|0.33|43.8416|17.0064
13|52|0|315|0.0|13.1|135|41.0|38.0|0.03|0.33|43.841|16.4522
13|56|0|180|2.9|13.1|135|41.8|38.3|0.03|0.33|43.8414|16.4522
13|57|0|225|1.6|13.1|135|40.9|38.3|0.03|0.33|43.8423|15.886
13|58|0|180|0.0|13.1|135|40.2|38.3|0.03|0.33|43.8389|15.886
13|59|0|180|0.0|13.1|135|41.1|38.3|0.03|0.33|43.8394|16.4522
14|00|0|180|0.0|13.1|135|41.1|38.4|0.03|0.33|43.8394|16.4522
14|01|0|180|0.0|13.1|135|41.5|38.3|0.03|0.33|43.8386|16.4522
14|02|0|45|0.0|13.1|135|40.9|38.3|0.02|0.33|43.8353|15.886
14|03|0|315|1.5|13.1|135|40.8|38.3|0.02|0.33|43.8355|15.886
14|04|0|0|1.5|13.1|135|40.8|38.3|0.02|0.33|43.8347|15.886
14|05|0|0|1.5|13.1|135|40.0|38.3|0.02|0.33|43.8347|15.886
14|06|0|23|1.5|13.1|135|39.9|38.4|0.02|0.33|43.8334|15.3069
14|07|0|0|1.5|13.1|135|40.2|38.5|0.02|0.33|43.8341|15.886
14|08|0|135|1.5|13.1|135|39.8|38.5|0.02|0.33|43.8324|15.3069
14|10|0|0|1.5|13.1|135|38.4|38.3|0.02|0.33|43.8309|14.7146
14|11|0|0|0.0|13.1|135|38.3|38.3|0.01|0.33|43.8338|14.7146
14|12|0|0|1.6|13.1|135|39.3|38.3|0.01|0.33|43.8331|15.3069
14|13|0|0|1.5|13.1|135|39.6|38.1|0.01|0.33|43.8317|15.3069
14|14|0|0|2.9|13.1|135|39.1|38.0|0.01|0.33|43.8306|15.3069
14|15|0|315|2.9|13.1|135|38.4|37.8|0.01|0.33|43.8318|13.8191
14|17|0|315|4.4|13.1|135|38.2|37.5|0.01|0.33|43.8318|13.8191
14|18|0|270|3.2|13.1|135|39.1|37.2|0.01|0.33|43.8369|14.4089
14|19|0|315|1.5|13.1|135|40.3|36.8|0.01|0.33|43.8366|14.0845
14|20|0|315|1.6|13.1|135|41.4|36.5|0.01|0.33|43.8384|14.6459
14|21|0|0|2.9|13.1|135|42.7|36.2|0.01|0.33|43.84|15.1952
14|22|0|23|2.9|13.1|135|43.9|35.9|0.01|0.33|43.84|14.8247
14|23|0|45|1.6|13.1|135|43.9|35.6|0.01|0.33|43.8388|14.8247
14|24|0|45|1.5|13.1|135|44.0|35.4|0.01|0.33|43.8385|15.3491
14|25|0|45|3.2|13.1|135|44.1|34.9|0.01|0.33|43.8365|14.4383
14|26|0|45|2.9|13.1|135|43.8|34.8|0.01|0.33|43.8364|13.9162
14|27|0|45|2.9|13.1|135|44.4|34.6|0.01|0.33|43.8348|14.4383
14|28|0|45|1.6|13.1|135|44.7|34.4|0.01|0.33|43.8331|14.4383
14|29|0|45|2.9|13.1|135|44.8|34.2|0.01|0.33|43.8359|14.4383
14|30|0|45|0.0|13.1|135|44.6|34.1|0.01|0.33|43.8392|14.4383
14|31|0|45|1.5|13.1|135|44.8|34.0|0.01|0.33|43.846|14.4383
14|32|0|45|1.5|13.1|135|45.2|33.9|0.01|0.33|43.8475|14.0367
14|33|0|45|2.9|13.1|135|45.1|33.7|0.01|0.33|43.8469|14.0367
14|34|0|45|1.5|13.1|135|45.8|33.5|0.01|0.33|43.8519|14.0367
14|35|0|0|3.2|13.1|135|46.2|33.3|0.01|0.33|43.8491|14.5362
14|36|0|45|1.5|13.1|135|46.9|33.2|0.01|0.33|43.85|14.5362
14|37|0|90|2.9|13.1|135|47.3|33.2|0.01|0.33|43.8526|15.0261
14|39|0|45|2.9|13.1|135|46.9|33.0|0.01|0.33|43.8508|14.5362
14|40|0|23|2.9|13.1|135|47.8|32.9|0.01|0.33|43.8494|14.1082
14|42|0|45|1.5|13.1|135|47.8|32.7|0.01|0.33|43.8477|14.1082
14|43|0|45|1.5|13.1|135|47.9|32.7|0.01|0.33|43.8464|14.1082
14|44|0|45|2.9|13.1|135|47.7|32.7|0.00|0.33|43.8444|14.1082
14|45|0|23|4.4|13.1|135|48.0|32.6|0.00|0.33|43.846|14.5868
14|46|0|23|6.4|13.1|135|48.4|32.5|0.00|0.33|43.8449|14.5868
14|47|0|45|1.5|13.1|135|48.9|32.5|0.00|0.33|43.8473|14.5868
14|48|0|45|3.2|13.1|135|49.4|32.3|0.00|0.33|43.8443|15.0565
14|49|0|45|2.9|13.1|135|49.5|32.1|0.00|0.33|43.842|15.0565
14|50|0|90|2.9|13.1|135|49.2|32.0|0.00|0.33|43.8416|15.0565
14|51|0|45|4.8|13.1|135|49.7|32.0|0.00|0.33|43.8413|15.0565
14|52|0|68|2.9|13.1|135|49.2|32.0|0.00|0.33|43.8425|15.0565
14|53|0|45|2.9|13.1|135|49.4|31.9|0.00|0.33|43.841|14.1342
14|55|0|45|4.4|13.1|135|51.1|31.8|0.00|0.33|43.8405|15.0446
14|56|0|0|5.8|13.1|135|51.5|31.7|0.00|0.33|43.8396|15.0446
14|57|0|0|4.4|13.1|135|51.1|31.5|0.00|0.33|43.8384|15.0446
14|58|0|45|2.9|13.1|135|50.9|31.5|0.00|0.33|43.8403|14.5935
14|59|0|0|4.4|13.1|135|51.2|31.5|0.00|0.33|43.8382|15.0446
15|01|0|45|2.9|13.1|135|51.5|31.5|0.00|0.33|43.8384|15.0446
15|02|0|45|2.9|13.1|135|51.6|31.4|0.00|0.33|43.8375|15.0446
15|03|0|45|3.2|13.1|135|51.8|31.3|0.00|0.33|43.8379|15.0446
15|05|0|45|2.9|13.1|135|52.7|31.2|0.00|0.33|43.8362|15.488
15|07|0|23|2.9|13.1|135|52.6|31.3|0.00|0.33|43.835|15.488
15|08|0|45|3.2|13.1|135|52.2|31.3|0.00|0.33|43.8375|15.488
15|09|0|45|2.9|13.1|135|51.9|31.3|0.00|0.33|43.8364|15.0446
15|10|0|45|3.2|13.1|135|52.0|31.3|0.00|0.33|43.8401|15.488
15|11|0|45|1.5|13.1|135|52.2|31.3|0.00|0.33|43.8407|15.488
15|12|0|45|1.5|13.1|135|53.1|31.2|0.00|0.33|43.8412|15.9239
15|13|0|45|3.2|13.1|135|53.5|31.1|0.00|0.33|43.8425|15.9239
15|14|0|45|2.9|13.1|135|53.9|31.0|0.00|0.33|43.8421|15.9239
15|15|0|45|3.2|13.1|135|53.6|30.9|0.01|0.34|43.8436|14.9933
15|16|0|45|1.5|13.1|135|53.7|30.9|0.01|0.34|43.8449|14.9933
15|17|0|45|1.5|13.1|135|54.2|30.8|0.01|0.34|43.8442|15.42
15|18|0|45|2.9|13.1|135|54.7|30.8|0.01|0.34|43.8464|15.42
15|19|0|45|2.9|13.1|135|54.7|30.6|0.01|0.34|43.8442|15.42
15|20|0|45|4.4|13.1|135|54.7|30.5|0.01|0.34|43.843|15.42
15|22|0|45|1.6|13.1|135|54.7|30.5|0.01|0.34|43.8446|15.42
15|23|0|45|2.9|13.1|135|54.8|30.5|0.01|0.34|43.8458|15.42
15|24|0|45|2.9|13.1|135|54.7|30.4|0.01|0.34|43.8442|15.42
15|25|0|45|1.5|13.1|135|54.6|30.3|0.01|0.34|43.8453|15.42
15|26|0|45|1.5|13.1|135|54.4|30.3|0.01|0.34|43.8464|15.42
15|27|0|45|4.8|13.1|135|54.8|30.3|0.01|0.34|43.8464|15.42
15|28|0|23|2.9|13.1|135|54.9|30.3|0.01|0.34|43.8471|15.42
15|29|0|45|1.6|13.1|135|55.3|30.3|0.01|0.34|43.848|15.8397
15|30|0|45|2.9|13.1|135|55.8|30.3|0.01|0.34|43.8481|15.8397
15|31|0|45|2.9|13.1|135|55.9|30.2|0.01|0.34|43.8467|15.8397
15|32|0|45|1.6|13.1|135|56.1|30.2|0.01|0.34|43.85|16.2527
15|33|0|0|2.9|13.1|135|56.4|30.2|0.01|0.34|43.8506|16.2527
15|35|0|0|1.5|13.1|135|56.7|30.3|0.01|0.34|43.8505|16.2527
15|36|0|0|4.8|13.1|135|57.0|30.2|0.01|0.34|43.8482|16.6592
15|37|0|0|1.6|13.1|135|56.0|30.3|0.01|0.34|43.8493|16.2527
15|38|0|45|2.9|13.1|135|56.1|30.3|0.01|0.34|43.8472|16.2527
15|39|0|45|3.2|13.1|135|55.5|30.3|0.01|0.34|43.8458|15.8397
15|40|0|45|2.9|13.1|135|55.0|30.2|0.01|0.34|43.8469|15.8397
15|41|0|45|1.6|13.1|135|54.7|30.2|0.01|0.34|43.8456|15.42
15|42|0|45|2.9|13.1|135|55.0|30.1|0.01|0.34|43.844|15.8397
15|44|0|45|2.9|13.1|135|55.4|30.1|0.01|0.34|43.8448|15.8397
15|45|0|45|1.5|13.1|135|55.8|30.1|0.01|0.34|43.8449|15.8397
15|46|0|45|1.5|13.1|135|55.7|30.1|0.01|0.34|43.843|15.8397
15|47|0|23|1.5|13.1|135|55.6|30.1|0.01|0.34|43.8429|15.8397
15|49|0|90|1.5|13.1|135|56.0|30.2|0.01|0.34|43.8425|16.2527
15|50|0|45|2.9|13.1|135|56.1|30.2|0.01|0.34|43.842|16.2527
15|51|0|45|1.5|13.1|135|56.1|30.3|0.01|0.34|43.8474|16.2527
15|52|0|23|1.5|13.1|135|56.1|30.2|0.01|0.34|43.8432|16.2527
15|53|0|45|1.5|13.1|135|56.5|30.3|0.02|0.35|43.8443|16.2527
15|54|0|90|0.0|13.1|135|56.5|30.3|0.02|0.35|43.8443|16.2527
15|55|0|45|2.9|13.1|135|56.1|30.4|0.02|0.35|43.8448|16.2527
15|56|0|45|2.9|13.1|135|55.9|30.4|0.02|0.35|43.8451|15.8397
15|57|0|45|0.0|13.1|135|55.6|30.4|0.02|0.35|43.8481|15.8397
15|58|0|45|2.9|13.1|135|55.3|30.5|0.02|0.35|43.8468|15.8397
15|59|0|45|1.5|13.1|135|55.0|30.5|0.02|0.35|43.8493|15.8397
16|00|0|45|1.6|13.1|135|54.5|30.6|0.02|0.35|43.8497|15.42
16|02|0|0|1.5|13.1|135|54.0|30.6|0.02|0.35|43.8501|15.42
16|02|0|45|3.2|13.1|135|54.1|30.6|0.02|0.35|43.8513|15.42
16|04|0|45|0.0|13.1|135|53.2|30.8|0.02|0.35|43.8514|14.9933
16|05|0|90|0.0|13.1|135|52.7|30.8|0.02|0.35|43.8506|14.5594
16|06|0|90|1.5|13.1|135|52.4|30.9|0.02|0.35|43.8516|14.5594
16|07|0|68|1.5|13.1|135|52.4|31.0|0.02|0.35|43.852|15.488
16|08|0|45|1.5|13.1|135|52.5|31.0|0.02|0.35|43.8496|15.488
16|11|0|45|1.6|13.1|135|52.1|31.1|0.02|0.35|43.8485|15.488
16|12|0|90|1.5|13.1|135|51.8|31.2|0.03|0.36|43.8529|15.0446
16|13|0|45|0.0|13.1|135|52.1|31.2|0.03|0.36|43.8499|15.488
16|14|0|45|1.6|13.1|135|52.0|31.2|0.03|0.36|43.8529|15.488
16|15|0|45|0.0|13.1|135|51.8|31.2|0.02|0.36|43.8517|15.0446
16|16|0|45|0.0|13.1|135|51.7|31.2|0.02|0.36|43.8549|15.0446
16|17|0|45|1.5|13.1|135|51.6|31.2|0.02|0.36|43.8567|15.0446
16|18|0|45|1.5|13.1|135|51.2|31.1|0.02|0.36|43.8588|15.0446
16|19|0|45|0.0|13.1|135|51.1|31.1|0.02|0.36|43.8569|15.0446
16|20|0|45|0.0|13.1|135|51.1|31.1|0.02|0.36|43.8556|15.0446
16|21|0|45|0.0|13.1|135|51.4|31.1|0.02|0.36|43.8562|15.0446
16|22|0|45|0.0|13.1|135|51.6|31.1|0.02|0.36|43.8573|15.0446
16|25|0|45|1.5|13.1|135|50.6|31.2|0.02|0.36|43.8595|14.5935
16|26|0|45|0.0|13.1|135|50.5|31.1|0.02|0.36|43.8583|14.5935
16|27|0|45|2.9|13.1|135|50.5|31.1|0.02|0.36|43.8571|14.5935
16|28|0|45|1.6|13.1|135|50.3|31.1|0.02|0.36|43.8568|14.5935
16|30|0|45|1.5|13.1|135|50.1|31.1|0.02|0.36|43.8571|14.5935
16|31|0|135|1.6|13.1|135|50.5|31.0|0.02|0.36|43.8542|14.5935
16|32|0|90|0.0|13.1|135|50.7|31.0|0.02|0.36|43.8563|14.5935
16|33|0|90|0.0|13.1|135|50.5|31.0|0.02|0.36|43.8553|14.5935
16|34|0|90|0.0|13.1|135|50.6|31.0|0.02|0.36|43.8569|14.5935
16|35|0|90|0.0|13.1|135|50.8|30.9|0.02|0.36|43.8557|13.6689
16|36|0|90|0.0|13.1|135|50.9|31.0|0.02|0.36|43.8574|14.5935
16|37|0|135|2.9|13.1|135|51.3|30.9|0.02|0.36|43.8545|14.118
16|39|0|135|1.5|13.1|135|51.7|30.9|0.02|0.36|43.8554|14.118
16|40|0|135|3.2|13.1|135|52.0|30.9|0.02|0.36|43.8549|14.5594
16|42|0|90|1.5|13.1|135|51.1|30.9|0.02|0.36|43.8554|14.118
16|43|0|90|2.9|13.1|135|51.5|30.9|0.02|0.36|43.8564|14.118
16|44|0|135|2.9|13.1|135|51.9|30.8|0.02|0.36|43.8571|14.118
16|46|0|135|0.0|13.1|135|51.5|30.8|0.02|0.36|43.8584|14.118
16|47|0|135|1.5|13.1|135|51.6|30.8|0.02|0.36|43.8581|14.118
16|48|0|90|0.0|13.1|135|51.4|30.8|0.02|0.36|43.8593|14.118
16|49|0|90|0.0|13.1|135|51.2|30.8|0.02|0.36|43.8592|14.118
16|50|0|90|0.0|13.1|135|51.4|30.6|0.02|0.36|43.86|14.118
16|51|0|45|0.0|13.1|135|51.8|30.8|0.02|0.36|43.8634|14.118
16|52|0|180|0.0|13.1|135|52.1|30.8|0.02|0.36|43.8644|14.5594
16|53|0|180|0.0|13.1|135|52.3|30.8|0.01|0.36|43.8653|14.5594
16|54|0|180|0.0|13.1|135|52.3|30.6|0.01|0.36|43.8646|14.5594
16|55|0|180|0.0|13.1|135|52.1|30.6|0.01|0.36|43.864|14.5594
16|56|0|180|0.0|13.1|135|51.5|30.6|0.01|0.36|43.8642|14.118
16|57|0|180|0.0|13.1|135|51.0|30.8|0.01|0.36|43.866|14.118
16|58|0|180|0.0|13.1|135|51.2|30.6|0.01|0.36|43.8652|14.118
16|59|0|180|0.0|13.1|135|51.4|30.6|0.01|0.36|43.8664|14.118
17|00|0|180|0.0|13.1|135|51.7|30.5|0.01|0.36|43.8665|14.118
17|01|0|180|0.0|13.1|135|52.0|30.5|0.01|0.36|43.8696|14.5594
17|02|0|180|0.0|13.1|135|52.2|30.5|0.01|0.36|43.8688|14.5594
17|03|0|180|0.0|13.1|135|52.2|30.4|0.01|0.36|43.8693|14.5594
17|04|0|180|0.0|13.1|135|52.1|30.4|0.01|0.36|43.8683|14.5594
17|05|0|135|0.0|13.1|135|52.4|30.4|0.01|0.36|43.8699|14.5594
17|06|0|0|1.5|13.1|135|52.7|30.3|0.01|0.36|43.8699|14.5594
17|07|0|45|1.5|13.1|135|52.5|30.2|0.01|0.36|43.8721|14.5594
17|09|0|45|1.6|13.1|135|52.1|30.1|0.01|0.36|43.871|14.5594
17|10|0|0|1.5|13.1|135|52.0|30.0|0.01|0.36|43.8717|14.5594
17|11|0|0|1.5|13.1|135|52.3|29.9|0.01|0.36|43.8726|13.6307
17|12|0|0|1.5|13.1|135|52.5|29.7|0.00|0.36|43.8726|13.6307
17|13|0|0|1.5|13.1|135|52.8|29.7|0.00|0.36|43.8738|13.6307
17|14|0|0|2.9|13.1|135|53.3|29.6|0.00|0.36|43.8738|14.0626
17|15|0|0|2.9|13.1|135|53.4|29.5|0.00|0.36|43.8764|14.0626
17|17|0|0|0.0|13.1|135|53.6|29.4|0.00|0.36|43.8772|14.0626
17|18|0|0|1.5|13.1|135|53.6|29.4|0.00|0.36|43.8792|14.0626
17|19|0|0|0.0|13.1|135|54.0|29.4|0.00|0.36|43.8778|14.4873
17|20|0|0|2.9|13.1|135|54.0|29.3|0.00|0.36|43.8797|14.4873
17|21|0|0|1.6|13.1|135|54.1|29.2|0.00|0.36|43.8793|14.4873
17|22|0|0|1.5|13.1|135|54.1|29.2|0.00|0.36|43.8804|14.4873
17|23|0|0|1.5|13.1|135|54.1|29.2|0.00|0.36|43.8801|14.4873
17|24|0|0|1.6|13.1|135|54.2|29.2|0.00|0.36|43.8792|14.4873
17|25|0|0|1.5|13.1|135|54.5|29.1|0.00|0.36|43.8796|14.4873
17|26|0|0|0.0|13.1|135|54.8|29.1|0.00|0.36|43.8802|14.4873
17|27|0|0|1.5|13.1|135|54.8|29.1|0.00|0.36|43.8796|14.4873
17|28|0|0|1.5|13.1|135|54.9|29.1|0.00|0.36|43.8796|14.4873
17|30|0|45|1.5|13.1|135|55.5|29.1|0.00|0.36|43.8779|14.9051
17|31|0|45|0.0|13.1|135|56.0|29.1|0.00|0.36|43.8802|15.3162
17|32|0|45|1.5|13.1|135|56.2|29.1|0.00|0.36|43.8808|15.3162
17|33|0|45|1.5|13.1|135|56.6|29.0|0.00|0.36|43.8783|15.3162
17|34|0|45|0.0|13.1|135|57.0|29.0|0.00|0.36|43.8772|15.7209
17|35|0|45|1.5|13.1|135|56.9|28.8|0.00|0.36|43.876|14.3797
17|36|0|45|1.5|13.1|135|56.6|28.8|0.00|0.36|43.8765|14.3797
17|37|0|45|0.0|13.1|135|56.3|28.8|0.00|0.36|43.8765|14.3797
17|38|0|45|0.0|13.1|135|56.4|28.7|0.00|0.36|43.8751|14.3797
17|39|0|45|0.0|13.1|135|56.7|28.7|0.00|0.36|43.8747|14.3797
17|40|0|45|0.0|13.1|135|56.8|28.7|0.00|0.36|43.8752|14.3797
17|41|0|45|0.0|13.1|135|57.3|28.6|0.00|0.36|43.8751|14.7824
17|42|0|45|0.0|13.1|135|57.6|28.6|0.00|0.36|43.8749|14.7824
17|43|0|45|1.5|13.1|135|57.8|28.6|0.00|0.36|43.8764|14.7824
17|44|0|45|1.6|13.1|135|57.6|28.5|0.00|0.36|43.8741|14.7824
17|45|0|45|1.5|13.1|135|57.1|28.4|0.01|0.37|43.874|14.7824
17|46|0|45|0.0|13.1|135|57.0|28.3|0.01|0.37|43.8724|14.7824
17|47|0|45|1.5|13.1|135|57.1|28.3|0.01|0.37|43.8757|14.7824
17|48|0|45|1.5|13.1|135|56.9|28.3|0.02|0.39|43.8765|14.3797
17|49|0|45|1.5|13.1|135|56.9|28.2|0.02|0.39|43.8738|14.3797
17|51|0|45|1.5|13.1|135|57.0|28.2|0.02|0.39|43.8761|14.7824
17|52|0|45|1.5|13.1|135|57.0|28.1|0.02|0.39|43.8761|14.7824
17|53|0|45|0.0|13.1|135|57.0|28.1|0.02|0.39|43.8771|14.7824
17|54|0|45|0.0|13.1|135|57.0|28.0|0.02|0.39|43.8783|14.7824
17|55|0|45|1.5|13.1|135|57.0|28.0|0.02|0.39|43.8779|14.7824
17|56|0|45|1.5|13.1|135|56.7|28.0|0.02|0.39|43.8785|14.3797
17|57|0|45|1.6|13.1|135|56.5|27.8|0.02|0.39|43.8792|13.4429
17|59|0|45|0.0|13.1|135|56.3|27.8|0.03|0.40|43.8768|13.4429
18|00|0|45|0.0|13.1|135|56.2|27.7|0.03|0.40|43.8779|13.4429
18|01|0|45|0.0|13.1|135|56.0|27.7|0.03|0.40|43.8769|13.4429
18|03|0|45|1.5|13.1|135|55.9|27.7|0.03|0.40|43.881|13.0356
18|05|0|45|1.6|13.1|135|55.8|27.7|0.03|0.40|43.8818|13.0356
18|06|0|45|0.0|13.1|135|55.9|27.7|0.03|0.40|43.8826|13.0356
18|07|0|45|0.0|13.1|135|56.1|27.7|0.03|0.40|43.884|13.4429
18|08|0|45|0.0|13.1|135|56.4|27.6|0.03|0.40|43.8835|13.4429
18|09|0|45|0.0|13.1|135|56.4|27.6|0.03|0.40|43.8851|13.4429
18|10|0|45|0.0|13.1|135|56.3|27.6|0.03|0.40|43.8854|13.4429
18|12|0|45|0.0|13.1|135|56.3|27.6|0.03|0.40|43.8853|13.4429
18|14|0|45|0.0|13.1|135|56.3|27.6|0.03|0.40|43.8875|13.4429
18|15|0|45|0.0|13.1|135|56.2|27.6|0.03|0.40|43.8891|13.4429
18|16|0|45|0.0|13.1|135|56.3|27.6|0.03|0.40|43.8891|13.4429
18|18|0|45|0.0|13.1|135|57.1|27.6|0.03|0.40|43.8885|13.8439
18|19|0|45|0.0|13.1|135|57.3|27.6|0.03|0.40|43.8885|13.8439
18|20|0|45|0.0|13.1|135|57.4|27.6|0.03|0.40|43.8884|13.8439
18|21|0|45|0.0|13.1|135|57.5|27.6|0.03|0.40|43.8862|13.8439
18|22|0|45|0.0|13.1|135|57.6|27.6|0.03|0.40|43.8853|13.8439
18|23|0|45|1.5|13.1|135|58.0|27.6|0.03|0.40|43.8835|14.2386
18|24|0|45|1.6|13.1|135|58.5|27.7|0.03|0.40|43.8822|14.2386
18|25|0|45|1.5|13.1|135|58.7|27.6|0.03|0.40|43.8808|14.2386
18|26|0|90|1.6|13.1|135|58.8|27.6|0.03|0.40|43.8803|14.2386
18|27|0|90|1.5|13.1|135|59.1|27.6|0.03|0.40|43.8821|14.6273
18|28|0|90|1.5|13.1|135|59.5|27.5|0.03|0.40|43.8818|14.6273
18|29|0|90|1.5|13.1|135|59.7|27.5|0.03|0.40|43.885|14.6273
18|30|0|90|0.0|13.1|135|59.8|27.5|0.03|0.40|43.8861|14.6273
18|31|0|90|1.6|13.1|135|59.9|27.5|0.03|0.40|43.8868|14.6273
18|32|0|90|1.5|13.1|135|59.9|27.5|0.03|0.40|43.8873|14.6273
18|34|0|90|0.0|13.1|135|60.1|27.5|0.03|0.40|43.8859|15.0103
18|35|0|90|0.0|13.1|135|60.6|27.5|0.03|0.40|43.8854|15.0103
18|37|0|90|1.6|13.1|135|61.4|27.4|0.03|0.40|43.8835|15.3876
18|38|0|90|1.5|13.1|135|61.7|27.4|0.03|0.40|43.8827|15.3876
18|39|0|90|1.5|13.1|135|62.4|27.4|0.03|0.40|43.8812|15.7594
18|40|0|90|0.0|13.1|135|63.2|27.4|0.03|0.40|43.8812|16.1259
18|41|0|90|1.5|13.1|135|63.8|27.4|0.03|0.40|43.8812|16.1259
18|42|0|90|1.5|13.1|135|64.1|27.4|0.03|0.40|43.8809|16.4873
18|43|0|90|0.0|13.1|135|64.0|27.3|0.03|0.40|43.8786|16.4873
18|44|0|90|1.5|13.1|135|64.0|27.3|0.03|0.40|43.8793|16.4873
18|45|0|90|0.0|13.1|135|64.1|27.3|0.02|0.40|43.8796|16.4873
18|46|0|90|1.5|13.1|135|64.1|27.3|0.02|0.40|43.8787|16.4873
18|47|0|90|0.0|13.1|135|64.1|27.3|0.02|0.40|43.8783|16.4873
18|48|0|90|1.5|13.1|135|64.1|27.3|0.01|0.40|43.8781|16.4873
18|49|0|90|0.0|13.1|135|64.1|27.4|0.02|0.41|43.8783|16.4873
18|51|0|90|1.5|13.1|135|63.9|27.4|0.02|0.41|43.88|16.1259
18|52|0|90|1.6|13.1|135|63.7|27.4|0.02|0.41|43.8792|16.1259
18|53|0|90|1.5|13.1|135|63.5|27.4|0.02|0.41|43.8794|16.1259
18|55|0|90|0.0|13.1|135|63.4|27.4|0.02|0.41|43.8809|16.1259
18|56|0|90|0.0|13.1|135|63.3|27.4|0.02|0.41|43.8799|16.1259
18|57|0|90|0.0|13.1|135|63.2|27.4|0.02|0.41|43.8817|16.1259
18|58|0|90|0.0|13.1|135|63.2|27.4|0.01|0.41|43.8813|16.1259
18|59|0|90|0.0|13.1|135|63.5|27.4|0.01|0.41|43.8818|16.1259
19|00|0|90|0.0|13.1|135|63.7|27.3|0.01|0.41|43.8817|16.1259
19|01|0|90|0.0|13.1|135|63.7|27.4|0.01|0.41|43.886|16.1259
19|02|0|90|0.0|13.1|135|63.9|27.3|0.01|0.41|43.8849|16.1259
19|03|0|90|0.0|13.1|135|64.1|27.4|0.01|0.41|43.886|16.4873
19|04|0|90|1.5|13.1|135|64.1|27.3|0.01|0.41|43.8846|16.4873
19|05|0|90|1.5|13.1|135|64.1|27.3|0.01|0.41|43.8853|16.4873
19|06|0|90|0.0|13.1|135|64.3|27.3|0.02|0.42|43.8858|16.4873
19|07|0|90|0.0|13.1|135|64.4|27.2|0.02|0.42|43.8854|16.4873
19|09|0|90|0.0|13.1|135|64.5|27.2|0.02|0.42|43.8835|16.4873
19|10|0|90|0.0|13.1|135|64.5|27.2|0.02|0.42|43.8851|16.4873
19|11|0|90|0.0|13.1|135|64.4|27.2|0.02|0.42|43.8848|16.4873
19|12|0|90|0.0|13.1|135|64.5|27.0|0.02|0.42|43.8838|16.4873
19|13|0|90|0.0|13.1|135|64.6|27.0|0.02|0.42|43.886|16.4873
19|15|0|90|0.0|13.1|135|64.6|27.0|0.02|0.42|43.8849|16.4873
19|17|0|90|0.0|13.1|135|64.7|27.0|0.02|0.42|43.8869|16.4873
19|18|0|90|0.0|13.1|135|64.9|27.0|0.02|0.42|43.8866|16.4873
19|19|0|90|0.0|13.1|135|64.9|27.0|0.02|0.42|43.8866|16.4873
19|20|0|90|0.0|13.1|135|64.9|27.0|0.02|0.42|43.8866|16.4873
19|21|0|90|0.0|13.1|135|65.0|27.0|0.02|0.42|43.8865|16.8438
19|22|0|90|1.5|13.1|135|65.2|27.0|0.02|0.42|43.8861|16.8438
19|24|0|90|0.0|13.1|135|65.5|27.2|0.02|0.42|43.885|16.8438
19|26|0|90|1.6|13.1|135|65.7|27.0|0.02|0.42|43.8808|16.8438
19|27|0|90|0.0|13.1|135|65.5|27.2|0.02|0.42|43.882|16.8438
19|28|0|90|0.0|13.1|135|65.5|27.2|0.02|0.42|43.8836|16.8438
19|29|0|90|1.5|13.1|135|65.5|27.2|0.02|0.42|43.883|16.8438
19|30|0|90|1.5|13.1|135|65.4|27.2|0.02|0.42|43.8833|16.8438
19|31|0|90|1.6|13.1|135|65.1|27.0|0.02|0.42|43.8821|16.8438
19|32|0|90|1.5|13.1|135|64.9|27.0|0.02|0.42|43.8824|16.4873
19|33|0|90|0.0|13.1|135|64.9|27.0|0.02|0.42|43.8819|16.4873
19|34|0|90|0.0|13.1|135|65.1|26.9|0.02|0.42|43.881|15.8913
19|36|0|90|0.0|13.1|135|65.1|26.9|0.02|0.42|43.8816|15.8913
19|37|0|90|0.0|13.1|135|65.3|26.9|0.02|0.42|43.8836|15.8913
19|38|0|90|0.0|13.1|135|65.4|26.9|0.02|0.42|43.883|15.8913
19|39|0|90|0.0|13.1|135|65.5|26.8|0.02|0.42|43.8813|15.8913
19|40|0|90|0.0|13.1|135|65.7|26.9|0.02|0.42|43.8832|15.8913
19|41|0|90|0.0|13.1|135|65.9|26.9|0.02|0.42|43.8827|15.8913
19|42|0|90|0.0|13.1|135|66.1|26.8|0.02|0.42|43.8833|16.2412
19|43|0|90|0.0|13.1|135|66.0|26.8|0.02|0.42|43.8843|16.2412
19|45|0|90|1.5|13.1|135|66.2|26.8|0.03|0.43|43.8801|16.2412
19|47|0|90|1.5|13.1|135|66.2|26.8|0.03|0.43|43.8817|16.2412
19|48|0|90|1.5|13.1|135|66.2|26.7|0.03|0.43|43.8797|16.2412
19|49|0|90|1.5|13.1|135|66.2|26.7|0.02|0.43|43.8795|16.2412
19|50|0|90|0.0|13.1|135|66.1|26.7|0.02|0.43|43.8815|16.2412
19|52|0|90|0.0|13.1|135|66.1|26.7|0.02|0.43|43.8788|16.2412
19|53|0|90|0.0|13.1|135|66.0|26.7|0.02|0.43|43.879|16.2412
19|54|0|90|0.0|13.1|135|66.0|26.6|0.02|0.43|43.8776|16.2412
19|55|0|90|0.0|13.1|135|66.1|26.6|0.02|0.43|43.879|16.2412
19|56|0|90|0.0|13.1|135|66.2|26.6|0.02|0.43|43.8799|16.2412
19|58|0|179|0.0|13.1|135|66.3|26.6|0.02|0.43|43.8818|16.2412
19|59|0|90|0.0|13.1|135|66.3|26.6|0.02|0.43|43.8803|16.2412
20|01|0|90|1.5|13.1|135|66.2|26.6|0.02|0.43|43.8817|16.2412
20|02|0|90|1.5|13.1|135|66.1|26.5|0.02|0.43|43.8817|16.2412
20|03|0|90|1.6|13.1|135|66.1|26.5|0.02|0.43|43.8848|16.2412
20|05|0|90|1.5|13.1|135|66.6|26.3|0.02|0.43|43.8837|16.2412
20|06|0|90|1.5|13.1|135|66.9|26.3|0.01|0.43|43.8856|16.2412
20|07|0|90|1.5|13.1|135|67.3|26.1|0.01|0.43|43.8832|16.5865
20|10|0|90|0.0|13.1|135|68.0|26.0|0.01|0.43|43.8816|16.9272
20|11|0|90|0.0|13.1|135|68.1|25.9|0.01|0.43|43.8803|15.9698
20|12|0|90|0.0|13.1|135|68.1|25.9|0.01|0.43|43.8817|15.9698
20|13|0|90|0.0|13.1|135|68.0|25.9|0.01|0.43|43.8828|15.9698
20|14|0|90|0.0|13.1|135|67.9|25.9|0.01|0.43|43.8825|15.6307
20|15|0|90|0.0|13.1|135|67.8|25.9|0.01|0.43|43.883|15.6307
20|16|0|90|1.5|13.1|135|67.8|25.9|0.01|0.43|43.8861|15.6307
20|17|0|90|1.5|13.1|135|67.7|25.8|0.01|0.43|43.8844|15.6307
20|19|0|90|0.0|13.1|135|67.4|25.8|0.01|0.43|43.8851|15.6307
20|20|0|90|0.0|13.1|135|67.2|25.8|0.01|0.43|43.886|15.6307
20|21|0|90|0.0|13.1|135|66.9|25.7|0.01|0.43|43.8853|15.287
20|23|0|90|0.0|13.1|135|66.5|25.6|0.01|0.43|43.885|15.287
20|24|0|90|0.0|13.1|135|66.8|25.5|0.01|0.43|43.8862|15.287
20|25|0|90|1.5|13.1|135|66.8|25.5|0.01|0.43|43.8849|15.287
20|26|0|90|1.5|13.1|135|66.5|25.4|0.01|0.43|43.8841|15.287
20|27|0|90|0.0|13.1|135|66.3|25.2|0.01|0.43|43.8854|15.287
20|28|0|90|0.0|13.1|135|66.2|25.1|0.01|0.43|43.8837|15.287
20|29|0|90|0.0|13.1|135|66.3|25.0|0.01|0.43|43.8829|15.287
20|30|0|90|0.0|13.1|135|66.8|25.0|0.01|0.43|43.8843|15.287
20|31|0|90|0.0|13.1|135|67.2|24.9|0.01|0.43|43.8837|14.6747
20|32|0|90|0.0|13.1|135|67.4|24.8|0.01|0.43|43.8832|14.6747
20|33|0|90|0.0|13.1|135|67.4|24.7|0.01|0.43|43.8829|14.6747
20|34|0|90|0.0|13.1|135|67.4|24.7|0.01|0.43|43.8848|14.6747
20|35|0|90|0.0|13.1|135|67.4|24.7|0.02|0.44|43.8858|14.6747
20|36|0|90|1.5|13.1|135|67.2|24.6|0.02|0.44|43.8864|14.6747
20|37|0|90|1.5|13.1|135|67.1|24.6|0.02|0.44|43.8869|14.6747
20|38|0|90|1.5|13.1|135|67.4|24.5|0.02|0.44|43.8883|14.6747
20|40|0|90|1.6|13.1|135|67.8|24.3|0.02|0.44|43.8869|14.6747
20|41|0|90|2.9|13.1|135|68.0|24.2|0.02|0.44|43.8889|15.0123
20|42|0|90|1.6|13.1|135|67.9|24.2|0.02|0.44|43.8914|14.6747
20|43|0|90|1.5|13.1|135|67.9|24.0|0.02|0.44|43.8922|14.6747
20|44|0|90|1.6|13.1|135|68.1|23.9|0.01|0.44|43.8918|14.0547
20|45|0|90|0.0|13.1|135|68.5|23.8|0.01|0.44|43.8911|14.0547
20|46|0|90|1.5|13.1|135|68.9|23.8|0.01|0.44|43.8935|14.0547
20|47|0|90|1.5|13.1|135|69.2|23.7|0.01|0.44|43.893|14.3863
20|48|0|90|0.0|13.1|135|69.5|23.6|0.01|0.44|43.8941|14.3863
20|49|0|90|0.0|13.1|135|69.7|23.6|0.01|0.44|43.8938|14.3863
20|50|0|90|1.5|13.1|135|69.8|23.5|0.01|0.44|43.8938|14.3863
20|51|0|90|1.5|13.1|135|69.9|23.3|0.01|0.44|43.8936|14.3863
20|52|0|90|0.0|13.1|135|70.1|23.3|0.01|0.44|43.8939|14.7137
20|53|0|90|1.5|13.1|135|70.2|23.3|0.01|0.44|43.8956|14.7137
20|54|0|90|1.6|13.1|135|70.2|23.2|0.01|0.44|43.8953|14.7137
20|55|0|90|0.0|13.1|135|70.2|23.2|0.01|0.44|43.896|14.7137
20|56|0|90|1.6|13.1|135|70.2|23.1|0.01|0.44|43.8958|14.7137
20|57|0|90|1.5|13.1|135|70.2|23.1|0.01|0.44|43.8984|14.7137
20|59|0|90|0.0|13.1|135|70.2|23.1|0.01|0.44|43.8967|14.7137
21|00|0|90|0.0|13.1|135|70.2|23.0|0.01|0.44|43.897|14.7137
21|01|0|90|1.5|13.1|135|70.1|23.0|0.01|0.44|43.8971|14.7137
21|02|0|90|1.6|13.1|135|70.1|22.9|0.01|0.44|43.8981|13.7529
21|03|0|90|1.5|13.1|135|70.1|22.9|0.01|0.44|43.8992|13.7529
21|04|0|90|3.2|13.1|135|70.2|22.9|0.01|0.44|43.8992|13.7529
21|05|0|90|1.5|13.1|135|70.3|22.8|0.01|0.44|43.8984|13.7529
21|06|0|90|0.0|13.1|135|70.4|22.8|0.01|0.44|43.8989|13.7529
21|07|0|90|1.6|13.1|135|70.6|22.7|0.01|0.44|43.8972|13.7529
21|08|0|90|1.5|13.1|135|70.8|22.7|0.01|0.44|43.8978|13.7529
21|09|0|90|0.0|13.1|135|71.2|22.5|0.01|0.44|43.8996|14.0746
21|11|0|90|1.5|13.1|135|71.1|22.5|0.01|0.44|43.9016|14.0746
21|12|0|90|1.5|13.1|135|70.9|22.4|0.01|0.44|43.8999|13.7529
21|13|0|90|1.5|13.1|135|70.9|22.4|0.01|0.44|43.9016|13.7529
21|14|0|90|1.5|13.1|135|70.9|22.4|0.01|0.44|43.9017|13.7529
21|15|0|90|0.0|13.1|135|70.9|22.4|0.01|0.44|43.9025|13.7529
21|16|0|90|0.0|13.1|135|70.8|22.4|0.01|0.44|43.9006|13.7529
21|17|0|90|0.0|13.1|135|70.7|22.4|0.01|0.44|43.9029|13.7529
21|20|0|90|0.0|0.0|180|70.3|22.3|0.01|0.00|43.9018|13.7529
21|21|0|90|0.0|0.0|180|70.2|22.4|0.01|0.00|43.904|13.7529
21|22|0|90|0.0|0.0|180|70.1|22.4|0.01|0.00|43.9058|13.7529
21|23|0|90|0.0|0.0|180|70.0|22.3|0.01|0.00|43.9038|13.7529
21|24|0|90|0.0|0.0|180|70.0|22.3|0.01|0.00|43.905|13.7529
21|25|0|90|0.0|0.0|180|70.1|22.4|0.01|0.00|43.9072|13.7529
21|26|0|90|0.0|0.0|180|70.1|22.3|0.01|0.00|43.9062|13.7529
21|27|0|90|0.0|1.5|90|70.1|22.4|0.02|0.01|43.9075|13.7529
21|28|0|90|0.0|1.5|90|70.1|22.4|0.02|0.01|43.9089|13.7529
21|29|0|90|0.0|1.5|90|70.0|22.4|0.02|0.01|43.9089|13.7529
21|30|0|90|0.0|1.5|90|70.0|22.4|0.02|0.01|43.909|13.7529
21|31|0|90|0.0|1.5|90|69.9|22.4|0.02|0.01|43.9091|13.427
21|32|0|90|0.0|1.5|90|69.7|22.5|0.02|0.01|43.9097|13.427
21|34|0|90|0.0|1.5|90|69.8|22.5|0.02|0.01|43.9084|13.427
21|35|0|90|0.0|1.5|90|69.6|22.5|0.02|0.01|43.911|13.427
21|36|0|90|0.0|1.6|90|69.4|22.7|0.03|0.02|43.9105|13.427
21|37|0|90|0.0|1.6|90|69.5|22.7|0.03|0.02|43.9107|13.427
21|38|0|90|0.0|1.6|90|69.6|22.7|0.03|0.02|43.9128|13.427
21|40|0|90|0.0|1.6|90|69.8|22.7|0.03|0.02|43.912|13.427
21|41|0|90|0.0|1.6|90|70.0|22.8|0.03|0.02|43.9123|13.7529
21|42|0|90|0.0|1.6|90|70.0|22.8|0.03|0.02|43.9125|13.7529
21|43|0|90|1.6|1.6|90|69.7|22.8|0.03|0.02|43.9148|13.427
21|44|0|90|1.5|2.9|90|69.2|22.9|0.03|0.02|43.9165|13.427
21|46|0|90|0.0|2.9|90|68.7|22.9|0.02|0.02|43.9165|13.0969
21|47|0|90|0.0|2.9|90|68.6|22.9|0.02|0.02|43.9173|13.0969
21|48|0|90|0.0|2.9|90|68.8|22.9|0.02|0.02|43.9179|13.0969
21|49|0|90|0.0|2.9|90|69.0|22.9|0.02|0.02|43.9187|13.427
21|50|0|90|1.5|2.9|90|69.1|22.9|0.02|0.02|43.9184|13.427
21|51|0|90|1.6|4.4|90|69.1|23.0|0.02|0.02|43.9209|14.3863
21|52|0|90|0.0|4.4|90|69.1|23.0|0.02|0.02|43.9194|14.3863
21|53|0|90|0.0|4.4|90|69.3|23.0|0.02|0.02|43.9216|14.3863
21|54|0|90|0.0|4.4|90|69.7|23.0|0.02|0.02|43.9208|14.3863
21|55|0|90|0.0|4.4|90|69.8|23.1|0.02|0.02|43.9206|14.3863
21|56|0|90|0.0|4.4|90|69.7|23.1|0.02|0.02|43.9237|14.3863
21|58|0|90|1.5|4.4|90|69.4|23.1|0.02|0.02|43.9209|14.3863
21|59|0|90|1.6|4.4|90|69.3|23.2|0.02|0.02|43.9236|14.3863
22|00|0|90|0.0|4.4|90|68.9|23.2|0.02|0.02|43.9228|14.0547
22|02|0|90|0.0|4.4|90|69.2|23.2|0.02|0.02|43.9241|14.3863
22|03|0|90|0.0|4.4|90|69.4|23.2|0.02|0.02|43.9245|14.3863
22|04|0|90|0.0|4.4|90|69.6|23.2|0.02|0.02|43.9251|14.3863
22|05|0|90|0.0|4.4|90|69.8|23.2|0.02|0.02|43.9251|14.3863
22|06|0|90|0.0|4.4|90|69.8|23.2|0.02|0.02|43.9232|14.3863
22|07|0|90|0.0|4.4|90|69.9|23.2|0.02|0.02|43.9249|14.3863
22|08|0|90|1.5|4.4|90|69.8|23.2|0.02|0.02|43.9243|14.3863
22|09|0|90|0.0|4.4|90|69.9|23.2|0.02|0.02|43.924|14.3863
22|10|0|90|0.0|4.4|90|70.0|23.2|0.02|0.02|43.9235|14.7137
22|11|0|90|1.5|4.4|90|70.2|23.1|0.02|0.02|43.9248|14.7137
22|12|0|90|0.0|4.4|90|70.3|23.1|0.02|0.02|43.925|14.7137
22|13|0|90|0.0|4.4|90|70.3|23.1|0.02|0.02|43.9245|14.7137
22|14|0|90|1.5|4.4|90|70.1|23.1|0.02|0.02|43.9251|14.7137
22|17|0|90|0.0|4.4|90|69.6|23.0|0.02|0.02|43.9245|14.3863
22|19|0|90|1.5|4.4|90|69.7|23.0|0.02|0.02|43.9241|14.3863
22|20|0|90|0.0|4.4|90|69.6|22.9|0.02|0.02|43.9253|13.427
22|21|0|90|0.0|4.4|90|69.6|22.9|0.02|0.02|43.9256|13.427
22|23|0|90|0.0|4.4|90|69.6|22.9|0.02|0.02|43.925|13.427
22|24|0|90|0.0|4.4|90|69.7|22.9|0.02|0.02|43.9253|13.427
22|25|0|90|0.0|4.4|90|69.9|22.9|0.02|0.02|43.9249|13.427
22|26|0|90|0.0|4.4|90|70.0|22.8|0.01|0.02|43.9243|13.7529
22|27|0|90|0.0|4.4|90|70.1|22.8|0.01|0.02|43.923|13.7529
22|28|0|90|0.0|4.4|90|70.1|22.8|0.01|0.02|43.9248|13.7529
22|29|0|90|1.5|4.4|90|70.1|22.8|0.01|0.02|43.9261|13.7529
22|30|0|90|0.0|4.4|90|70.2|22.8|0.01|0.02|43.9245|13.7529
22|31|0|90|0.0|4.4|90|70.2|22.8|0.01|0.02|43.9254|13.7529
22|32|0|90|0.0|4.4|90|70.3|22.8|0.01|0.02|43.9263|13.7529
22|33|0|90|0.0|4.4|90|70.3|22.8|0.01|0.02|43.9248|13.7529
22|34|0|90|0.0|4.4|90|70.3|22.8|0.01|0.02|43.9257|13.7529
22|35|0|90|0.0|4.4|90|70.4|22.9|0.01|0.02|43.9281|13.7529
22|36|0|90|0.0|4.4|90|70.4|22.9|0.00|0.02|43.929|13.7529
22|37|0|90|0.0|4.4|90|70.4|22.9|0.00|0.02|43.9275|13.7529
22|38|0|90|0.0|4.4|90|70.6|22.8|0.00|0.02|43.9246|13.7529
22|39|0|90|0.0|4.4|90|70.7|22.9|0.00|0.02|43.926|13.7529
22|41|0|90|1.5|4.4|90|71.0|22.9|0.00|0.02|43.9261|14.0746
22|42|0|90|0.0|4.4|90|71.3|23.0|0.00|0.02|43.9275|15.037
22|43|0|90|0.0|4.4|90|71.5|23.0|0.00|0.02|43.9263|15.037
22|44|0|90|0.0|4.4|90|71.6|23.1|0.00|0.02|43.9288|15.037
22|45|0|90|0.0|4.4|90|71.7|23.1|0.00|0.02|43.9289|15.037
22|46|0|90|0.0|4.4|90|71.8|23.1|0.00|0.02|43.9282|15.037
22|47|0|90|0.0|4.4|90|71.9|23.1|0.00|0.02|43.93|15.037
22|49|0|90|1.5|4.4|90|72.1|23.1|0.01|0.03|43.9308|15.3562
22|50|0|90|0.0|4.4|90|72.2|23.1|0.01|0.03|43.9301|15.3562
22|51|0|90|0.0|4.4|90|72.5|23.1|0.01|0.03|43.9301|15.3562
22|52|0|90|0.0|4.4|90|72.7|23.1|0.01|0.03|43.9298|15.3562
22|53|0|90|0.0|4.4|90|72.8|23.1|0.01|0.03|43.9311|15.3562
22|55|0|90|0.0|4.4|90|72.9|23.1|0.01|0.03|43.9299|15.3562
22|57|0|90|0.0|4.4|90|73.2|23.2|0.01|0.03|43.933|15.6715
22|58|0|90|0.0|4.4|90|73.3|23.2|0.01|0.03|43.933|15.6715
22|59|0|90|1.5|4.4|90|73.4|23.2|0.01|0.03|43.9331|15.6715
23|00|0|90|1.5|4.4|90|73.6|23.2|0.01|0.03|43.932|15.6715
23|01|0|90|1.5|4.4|90|73.7|23.2|0.01|0.03|43.9343|15.6715
23|02|0|90|0.0|4.4|90|73.9|23.1|0.01|0.03|43.9362|15.6715
23|03|0|90|1.5|4.4|90|74.0|23.1|0.01|0.03|43.9339|15.983
23|04|0|90|1.5|4.4|90|74.2|23.1|0.01|0.03|43.9353|15.983
23|05|0|90|0.0|4.4|90|74.3|23.0|0.01|0.03|43.9356|15.983
23|06|0|90|0.0|4.4|90|74.4|23.0|0.01|0.03|43.9357|15.983
23|07|0|90|0.0|4.4|90|74.5|23.0|0.01|0.03|43.9342|15.983
23|08|0|90|0.0|4.4|90|74.5|23.0|0.01|0.03|43.9334|15.983
23|09|0|90|0.0|4.4|90|74.6|23.0|0.01|0.03|43.9366|15.983
23|10|0|90|1.5|4.4|90|74.6|23.0|0.01|0.03|43.9372|15.983
23|11|0|90|0.0|4.4|90|74.6|23.0|0.01|0.03|43.9363|15.983
23|12|0|90|0.0|4.4|90|74.7|23.0|0.01|0.03|43.9359|15.983
23|13|0|90|0.0|4.4|90|74.7|23.0|0.01|0.03|43.9365|15.983
23|14|0|90|0.0|4.4|90|74.7|23.0|0.01|0.03|43.9368|15.983
23|15|0|90|0.0|4.4|90|74.8|23.1|0.01|0.03|43.9358|15.983
23|16|0|90|0.0|4.4|90|74.8|23.1|0.01|0.03|43.9361|15.983
23|17|0|90|0.0|4.4|90|74.9|23.1|0.01|0.03|43.9371|15.983
23|19|0|90|1.5|4.4|90|74.8|23.1|0.01|0.03|43.9384|15.983
23|20|0|90|0.0|4.4|90|74.6|23.1|0.01|0.03|43.9381|15.983
23|22|0|90|0.0|4.4|90|74.6|23.1|0.01|0.03|43.9368|15.983
23|23|0|90|0.0|4.4|90|74.6|23.2|0.01|0.03|43.9374|15.983
23|24|0|90|1.6|4.4|90|74.6|23.2|0.01|0.03|43.937|15.983
23|25|0|90|0.0|4.4|90|74.6|23.2|0.01|0.03|43.9377|15.983
23|26|0|90|0.0|4.4|90|74.6|23.2|0.01|0.03|43.9389|15.983
23|27|0|90|0.0|4.4|90|74.7|23.2|0.01|0.03|43.9384|15.983
23|29|0|90|1.6|4.4|90|74.6|23.3|0.01|0.03|43.9408|15.983
23|30|0|90|0.0|4.4|90|74.6|23.3|0.01|0.03|43.9406|15.983
23|32|0|90|0.0|4.4|90|74.4|23.5|0.01|0.03|43.9435|15.983
23|33|0|90|1.5|4.4|90|74.3|23.5|0.01|0.03|43.9414|15.983
23|34|0|90|1.5|4.4|90|74.2|23.3|0.01|0.03|43.9397|15.983
23|35|0|90|1.5|4.4|90|74.2|23.3|0.01|0.03|43.9419|15.983
23|36|0|90|0.0|4.4|90|74.3|23.3|0.01|0.03|43.9404|15.983
23|37|0|90|1.6|4.4|90|74.3|23.3|0.01|0.03|43.94|15.983
23|39|0|90|1.6|4.4|90|74.2|23.2|0.01|0.03|43.9382|15.983
23|40|0|90|0.0|4.4|90|74.1|23.2|0.01|0.03|43.9391|15.983
23|41|0|90|0.0|4.4|90|74.1|23.2|0.01|0.03|43.9402|15.983
23|42|0|90|0.0|4.4|90|74.1|23.2|0.01|0.03|43.9408|15.983
23|43|0|90|0.0|4.4|90|74.1|23.2|0.01|0.03|43.9384|15.983
23|44|0|90|0.0|4.4|90|74.1|23.2|0.01|0.03|43.9396|15.983
23|45|0|90|1.5|4.4|90|74.0|23.2|0.01|0.03|43.9387|15.983
23|46|0|90|0.0|4.4|90|73.9|23.2|0.01|0.03|43.9398|15.6715
23|47|0|90|0.0|4.4|90|73.9|23.2|0.01|0.03|43.9387|15.6715
23|49|0|90|0.0|4.4|90|74.1|23.2|0.00|0.03|43.9357|15.983
23|50|0|90|0.0|4.4|90|74.3|23.2|0.00|0.03|43.9365|15.983
23|51|0|90|0.0|4.4|90|74.4|23.2|0.00|0.03|43.9371|15.983
23|52|0|90|0.0|4.4|90|74.4|23.2|0.00|0.03|43.9354|15.983
23|53|0|90|0.0|4.4|90|74.5|23.3|0.00|0.03|43.9346|15.983
23|54|0|90|1.5|4.4|90|74.5|23.3|0.00|0.03|43.9356|15.983
23|55|0|90|0.0|4.4|90|74.6|23.3|0.00|0.03|43.9352|15.983
23|58|0|90|0.0|4.4|90|74.6|23.5|0.00|0.03|43.9366|15.983
23|59|0|90|1.5|4.4|90|74.5|23.5|0.00|0.03|43.9355|15.983
