00|00|0|180|14.5|64.4|135|26.8|63.2|0.00|0.08|43.0132|27.6303
00|01|0|135|8.7|64.4|135|27.1|63.2|0.00|0.08|43.0166|28.5467
00|02|0|135|13.1|64.4|135|27.2|63.2|0.00|0.08|43.0115|28.5467
00|03|0|180|13.1|64.4|135|27.4|63.2|0.00|0.08|43.0106|28.5467
00|04|0|90|13.1|64.4|135|27.5|63.0|0.00|0.08|43.0182|28.5467
00|05|0|135|22.6|64.4|135|27.7|63.0|0.00|0.08|43.0057|28.5467
00|07|0|180|11.6|64.4|135|27.9|62.9|0.00|0.08|43.0141|27.6913
00|08|0|180|13.1|64.4|135|28.0|62.8|0.00|0.08|43.0104|28.5746
00|09|0|135|8.0|64.4|135|28.2|62.7|0.00|0.08|43.0086|28.5746
00|10|0|135|13.1|64.4|135|28.1|62.7|0.00|0.08|43.009|28.5746
00|11|0|90|8.7|64.4|135|28.0|62.6|0.00|0.08|43.0134|28.5746
00|12|0|135|11.3|64.4|135|27.4|62.6|0.00|0.08|43.0069|27.6913
00|13|0|135|10.2|64.4|135|26.2|62.6|0.00|0.08|43.0117|26.7786
00|14|0|135|17.5|64.4|135|25.5|62.6|0.00|0.08|43.0117|25.8342
00|15|0|180|17.5|64.4|135|25.1|62.7|0.00|0.08|43.0135|25.8342
00|16|0|135|10.2|64.4|135|25.1|62.8|0.00|0.08|43.0171|25.8342
00|17|0|135|20.4|64.4|135|25.3|62.8|0.00|0.08|43.0088|25.8342
00|18|0|135|11.6|64.4|135|25.3|62.9|0.00|0.08|43.0179|25.8342
00|19|0|180|10.2|64.4|135|25.4|62.9|0.01|0.09|43.0178|25.8342
00|22|0|135|13.1|64.4|135|25.7|62.8|0.01|0.09|43.0183|25.8342
00|23|0|113|7.3|64.4|135|25.9|62.8|0.01|0.09|43.0237|25.8342
00|24|0|135|8.7|64.4|135|26.0|62.7|0.01|0.09|43.0254|26.7786
00|25|0|135|22.6|64.4|135|26.1|62.6|0.01|0.09|43.0089|26.7786
00|26|0|180|16.0|64.4|135|26.1|62.6|0.01|0.09|43.0154|26.7786
00|27|0|180|20.9|64.4|135|26.0|62.5|0.01|0.09|43.0026|26.7786
00|28|0|90|11.6|64.4|135|25.5|62.5|0.01|0.09|43.0157|25.8342
00|29|0|135|13.1|64.4|135|25.5|62.4|0.01|0.09|43.015|25.8342
00|30|0|135|10.2|64.4|135|25.4|62.4|0.01|0.09|43.0138|25.8342
00|31|0|135|14.5|64.4|135|25.0|62.3|0.01|0.09|43.0105|25.8342
00|32|0|135|7.3|64.4|135|24.8|62.3|0.01|0.09|43.019|24.8558
00|33|0|135|8.1|64.4|135|24.5|62.2|0.01|0.09|43.0142|24.8558
00|35|0|180|8.1|64.4|135|24.3|62.2|0.01|0.09|43.0137|24.8558
00|36|0|180|6.4|64.4|135|24.3|62.2|0.01|0.09|43.0152|24.8558
00|39|0|135|11.6|64.4|135|23.8|62.0|0.01|0.09|43.0194|23.8406
00|40|0|225|10.2|64.4|135|23.4|61.9|0.01|0.09|43.0202|23.0004
00|41|0|135|17.5|64.4|135|23.3|61.9|0.01|0.09|43.0205|23.0004
00|42|0|135|20.9|64.4|135|23.4|61.8|0.01|0.09|43.0179|23.0004
00|43|0|180|13.1|64.4|135|23.4|61.8|0.01|0.09|43.0228|23.0004
00|44|0|180|9.7|64.4|135|23.6|61.8|0.01|0.09|43.0285|23.0004
00|46|0|180|8.7|64.4|135|23.9|61.7|0.01|0.09|43.0326|23.0004
00|48|0|135|8.7|64.4|135|24.2|61.6|0.01|0.09|43.0365|24.0116
00|49|0|180|13.1|64.4|135|24.2|61.6|0.01|0.09|43.0367|24.0116
00|50|0|135|21.8|64.4|135|24.1|61.5|0.01|0.09|43.0325|24.0116
00|51|0|135|11.6|64.4|135|23.8|61.6|0.01|0.09|43.0459|23.0004
00|52|0|135|17.5|64.4|135|23.7|61.6|0.01|0.09|43.0467|23.0004
00|54|0|158|7.3|64.4|135|23.7|61.6|0.01|0.09|43.0582|23.0004
00|56|0|180|7.3|64.4|135|23.7|61.6|0.01|0.09|43.0601|23.0004
00|57|0|135|11.6|64.4|135|23.8|61.6|0.01|0.09|43.0614|23.0004
00|58|0|180|7.3|64.4|135|23.9|61.5|0.01|0.09|43.0648|23.0004
01|00|0|135|13.1|64.4|135|24.9|61.5|0.01|0.09|43.0638|24.0116
01|01|0|135|16.0|64.4|135|25.7|61.2|0.01|0.09|43.0625|24.9861
01|03|0|180|21.8|64.4|135|26.7|60.9|0.01|0.09|43.0594|25.0743
01|04|0|180|10.2|64.4|135|27.0|60.7|0.01|0.09|43.0652|25.9797
01|05|0|135|16.0|64.4|135|27.3|60.6|0.01|0.09|43.0653|25.9797
01|06|0|180|11.6|64.4|135|27.5|60.5|0.01|0.09|43.064|25.9797
01|07|0|135|10.2|64.4|135|27.6|60.3|0.01|0.09|43.068|25.9797
01|09|0|135|13.1|64.4|135|27.7|60.3|0.01|0.09|43.0704|25.9797
01|10|0|135|13.1|64.4|135|27.8|60.3|0.01|0.09|43.0722|25.9797
01|11|0|180|8.7|64.4|135|27.8|60.2|0.01|0.09|43.0761|25.9797
01|12|0|180|4.4|64.4|135|28.0|60.2|0.01|0.09|43.0784|26.8558
01|13|0|135|11.6|64.4|135|28.0|60.2|0.01|0.09|43.077|26.8558
01|14|0|180|10.2|64.4|135|28.0|60.2|0.01|0.09|43.0807|26.8558
01|16|0|180|14.5|64.4|135|27.9|60.1|0.01|0.09|43.0829|25.9797
01|17|0|135|10.2|64.4|135|27.9|60.1|0.01|0.09|43.084|25.9797
01|18|0|180|10.2|64.4|135|27.9|60.1|0.01|0.09|43.0889|25.9797
01|19|0|180|7.3|64.4|135|27.9|60.1|0.00|0.09|43.0919|25.9797
01|21|0|158|7.3|64.4|135|27.9|60.2|0.00|0.09|43.096|25.9797
01|22|0|180|11.3|64.4|135|27.9|60.2|0.00|0.09|43.0968|25.9797
01|23|0|135|10.2|64.4|135|27.8|60.2|0.00|0.09|43.0989|25.9797
01|24|0|180|4.8|64.4|135|27.8|60.2|0.00|0.09|43.1031|25.9797
01|25|0|135|5.8|64.4|135|27.9|60.2|0.00|0.09|43.1044|25.9797
01|26|0|180|13.1|64.4|135|27.8|60.2|0.00|0.09|43.1008|25.9797
01|27|0|135|13.1|64.4|135|27.7|60.2|0.00|0.09|43.103|25.9797
01|28|0|135|7.3|64.4|135|27.6|60.2|0.00|0.09|43.1057|25.9797
01|29|0|180|17.5|64.4|135|27.5|60.2|0.00|0.09|43.1028|25.9797
01|30|0|135|4.4|64.4|135|27.3|60.2|0.00|0.09|43.1086|25.9797
01|31|0|158|8.7|64.4|135|27.3|60.2|0.00|0.09|43.1072|25.9797
01|32|0|180|14.5|64.4|135|27.3|60.3|0.00|0.09|43.1159|25.9797
01|33|0|135|24.2|64.4|135|26.4|60.3|0.00|0.09|43.1007|25.0743
01|34|0|180|8.1|64.4|135|24.2|60.3|0.00|0.09|43.1141|23.167
01|35|0|180|17.5|64.4|135|23.5|60.5|0.00|0.09|43.1101|22.1599
01|37|0|180|17.4|64.4|135|23.8|60.6|0.00|0.09|43.1173|22.1599
01|38|0|180|8.7|64.4|135|23.2|60.6|0.00|0.09|43.115|22.1599
01|39|0|180|7.3|64.4|135|22.5|60.6|0.00|0.09|43.1176|21.1132
01|40|0|225|16.1|64.4|135|22.3|60.6|0.00|0.09|43.1154|21.1132
01|41|0|203|8.7|64.4|135|21.7|60.6|0.00|0.09|43.1189|20.0234
01|42|0|90|8.1|64.4|135|21.0|60.6|0.00|0.09|43.1179|20.0234
01|43|0|158|8.7|64.4|135|20.5|60.5|0.00|0.09|43.1195|18.8865
01|45|0|158|12.9|64.4|135|19.9|60.3|0.00|0.09|43.1155|17.698
01|46|0|180|10.2|64.4|135|20.0|60.3|0.00|0.09|43.1171|18.8865
01|47|0|180|17.5|64.4|135|20.2|60.2|0.00|0.09|43.1102|18.8865
01|48|0|180|14.5|64.4|135|20.6|60.1|0.00|0.09|43.113|18.8865
01|49|0|225|10.2|64.4|135|20.8|60.0|0.00|0.09|43.1147|18.8865
01|50|0|225|11.6|64.4|135|20.8|60.0|0.00|0.09|43.1105|18.8865
01|53|0|180|11.3|64.4|135|20.3|59.9|0.00|0.09|43.11|18.0588
01|54|0|180|8.7|64.4|135|19.6|59.8|0.00|0.09|43.1086|16.875
01|55|0|225|4.4|64.4|135|19.6|59.8|0.00|0.09|43.1117|16.875
01|56|0|180|6.4|64.4|135|19.4|59.8|0.00|0.09|43.1103|16.875
01|57|0|180|10.2|64.4|135|19.4|59.7|0.00|0.09|43.1118|16.875
01|58|0|225|12.9|64.4|135|19.3|59.7|0.00|0.09|43.1117|16.875
01|59|0|135|4.4|64.4|135|19.3|59.6|0.00|0.09|43.1143|16.875
02|01|0|180|5.8|64.4|135|19.4|59.6|0.00|0.09|43.1173|16.875
02|02|0|203|7.3|64.4|135|19.5|59.6|0.00|0.09|43.1175|16.875
02|03|0|180|5.8|64.4|135|19.5|59.6|0.00|0.09|43.1165|16.875
02|05|0|180|13.1|64.4|135|19.5|59.5|0.00|0.09|43.1141|16.875
02|06|0|180|11.3|64.4|135|19.5|59.3|0.00|0.09|43.1133|16.875
02|07|0|135|11.3|64.4|135|19.7|59.2|0.00|0.09|43.1101|16.875
02|08|0|180|8.7|64.4|135|19.8|59.2|0.00|0.09|43.1136|16.875
02|09|0|158|9.7|64.4|135|20.0|59.1|0.00|0.09|43.1101|18.0588
02|10|0|180|8.1|64.4|135|20.1|59.0|0.00|0.09|43.1116|18.0588
02|11|0|225|7.3|64.4|135|20.1|58.9|0.00|0.09|43.1076|17.2308
02|12|0|225|4.4|64.4|135|20.2|58.9|0.00|0.09|43.106|17.2308
02|13|0|180|4.8|64.4|135|20.2|58.9|0.00|0.09|43.1067|17.2308
02|14|0|225|4.4|64.4|135|20.2|58.9|0.00|0.09|43.1096|17.2308
02|15|0|225|2.9|64.4|135|20.3|58.9|0.00|0.09|43.1124|17.2308
02|17|0|135|4.8|64.4|135|20.3|59.0|0.00|0.09|43.1148|18.0588
02|18|0|180|4.4|64.4|135|20.2|58.9|0.00|0.09|43.1132|17.2308
02|19|0|180|8.1|64.4|135|20.3|58.9|0.00|0.09|43.1159|17.2308
02|20|0|180|4.8|64.4|135|20.0|58.8|0.00|0.09|43.118|17.2308
02|21|0|135|1.5|64.4|135|20.2|58.9|0.00|0.09|43.1197|17.2308
02|22|0|180|1.6|64.4|135|20.0|58.9|0.00|0.09|43.1203|17.2308
02|23|0|180|10.2|64.4|135|20.0|58.9|0.00|0.09|43.1179|17.2308
02|24|0|158|8.7|64.4|135|19.8|58.8|0.00|0.09|43.1227|16.0518
02|25|0|135|5.8|64.4|135|19.8|58.7|0.00|0.09|43.1273|16.0518
02|26|0|180|8.7|64.4|135|19.7|58.5|0.00|0.09|43.1287|16.0518
02|27|0|135|4.8|64.4|135|19.7|58.5|0.00|0.09|43.1326|16.0518
02|28|0|180|5.8|64.4|135|19.8|58.4|0.00|0.09|43.1348|16.0518
02|29|0|180|6.4|64.4|135|19.9|58.4|0.00|0.09|43.1345|16.0518
02|31|0|180|7.3|64.4|135|19.8|58.4|0.00|0.09|43.1358|16.0518
02|32|0|180|8.7|64.4|135|19.7|58.3|0.00|0.09|43.1428|16.0518
02|33|0|180|7.3|64.4|135|19.7|58.2|0.00|0.09|43.1448|16.0518
02|34|0|180|4.8|64.4|135|19.9|58.3|0.00|0.09|43.1488|16.0518
02|35|0|180|5.8|64.4|135|19.8|58.2|0.00|0.09|43.1518|16.0518
02|36|0|180|6.4|64.4|135|19.8|58.2|0.00|0.09|43.151|16.0518
02|37|0|158|8.7|64.4|135|19.7|58.1|0.00|0.09|43.1507|16.0518
02|38|0|180|5.8|64.4|135|19.8|58.1|0.00|0.09|43.149|16.0518
02|40|0|180|3.2|64.4|135|19.8|58.1|0.00|0.09|43.1472|16.0518
02|41|0|180|8.7|64.4|135|19.5|58.1|0.00|0.09|43.1399|16.0518
02|42|0|135|10.2|64.4|135|18.6|58.0|0.00|0.09|43.1456|14.8162
02|43|0|180|20.4|64.4|135|18.1|58.0|0.00|0.09|43.1419|14.8162
02|44|0|180|4.4|64.4|135|18.0|58.1|0.00|0.09|43.1512|14.8162
02|45|0|180|11.3|64.4|135|17.8|58.1|0.00|0.09|43.153|13.5181
02|47|0|203|5.8|64.4|135|17.6|58.1|0.00|0.09|43.1567|13.5181
02|48|0|158|13.1|64.4|135|17.4|58.1|0.00|0.09|43.1607|13.5181
02|49|0|135|20.4|64.4|135|17.1|58.1|0.00|0.09|43.1576|13.5181
02|50|0|180|7.3|64.4|135|17.1|58.1|0.00|0.09|43.1718|13.5181
02|51|0|180|11.6|64.4|135|17.0|58.1|0.00|0.09|43.175|13.5181
02|52|0|180|5.8|64.4|135|17.1|58.1|0.00|0.09|43.1795|13.5181
02|53|0|180|8.7|64.4|135|17.2|58.1|0.00|0.09|43.1777|13.5181
02|54|0|203|5.8|64.4|135|17.3|58.1|0.00|0.09|43.1721|13.5181
02|55|0|225|8.7|64.4|135|17.4|58.2|0.00|0.09|43.173|13.5181
02|56|0|225|3.2|64.4|135|17.4|58.1|0.00|0.09|43.1716|13.5181
02|57|0|203|10.2|64.4|135|17.6|58.1|0.00|0.09|43.171|13.5181
02|59|0|225|11.6|64.4|135|17.6|57.9|0.00|0.09|43.1687|12.7046
03|00|0|180|8.7|64.4|135|17.7|57.9|0.00|0.09|43.1689|12.7046
03|01|0|225|9.7|64.4|135|17.8|57.8|0.00|0.09|43.1693|12.7046
03|02|0|180|8.7|64.4|135|17.8|57.8|0.00|0.09|43.1713|12.7046
03|03|0|135|11.6|64.4|135|17.8|57.8|0.00|0.09|43.1734|12.7046
03|05|0|180|7.3|64.4|135|17.8|57.7|0.00|0.09|43.1739|12.7046
03|06|0|180|14.5|64.4|135|17.8|57.7|0.00|0.09|43.1739|12.7046
03|07|0|135|5.8|64.4|135|17.9|57.7|0.00|0.09|43.1817|12.7046
03|08|0|180|11.3|64.4|135|18.0|57.7|0.00|0.09|43.1801|13.9976
03|09|0|225|7.3|64.4|135|17.9|57.7|0.00|0.09|43.1804|12.7046
03|10|0|158|11.6|64.4|135|17.9|57.7|0.00|0.09|43.1765|12.7046
03|11|0|180|10.2|64.4|135|17.9|57.5|0.00|0.09|43.1774|12.7046
03|12|0|180|8.0|64.4|135|18.0|57.5|0.00|0.09|43.1764|13.9976
03|13|0|135|4.8|64.4|135|18.0|57.5|0.00|0.09|43.18|13.9976
03|15|0|180|7.3|64.4|135|18.0|57.5|0.00|0.09|43.1795|13.9976
03|16|0|180|7.3|64.4|135|17.9|57.4|0.00|0.09|43.1793|12.7046
03|17|0|135|11.6|64.4|135|18.0|57.5|0.00|0.09|43.1798|13.9976
03|18|0|180|4.4|64.4|135|17.9|57.4|0.00|0.09|43.1839|12.7046
03|19|0|270|4.8|64.4|135|17.9|57.4|0.00|0.09|43.1858|12.7046
03|20|0|225|4.4|64.4|135|18.0|57.4|0.00|0.09|43.1833|13.9976
03|21|0|135|6.4|64.4|135|18.1|57.3|0.00|0.09|43.1837|13.9976
03|23|0|135|13.1|64.4|135|18.3|57.2|0.00|0.09|43.1823|13.9976
03|24|0|180|5.8|64.4|135|18.4|57.2|0.00|0.09|43.1864|13.9976
03|25|0|180|8.7|64.4|135|18.5|57.1|0.00|0.09|43.1853|13.9976
03|28|0|180|8.7|64.4|135|18.7|57.0|0.00|0.09|43.1881|13.9976
03|29|0|135|10.2|64.4|135|18.7|57.0|0.00|0.09|43.1904|13.9976
03|30|0|90|7.3|64.4|135|18.7|56.9|0.00|0.09|43.1919|13.1786
03|31|0|180|8.7|64.4|135|18.8|56.9|0.00|0.09|43.1913|13.1786
03|32|0|180|8.7|64.4|135|18.9|56.7|0.00|0.09|43.1927|13.1786
03|33|0|180|8.7|64.4|135|19.0|56.7|0.00|0.09|43.1929|14.4043
03|34|0|225|6.4|64.4|135|19.2|56.6|0.00|0.09|43.1939|14.4043
03|36|0|135|5.8|64.4|135|19.4|56.6|0.00|0.09|43.1958|14.4043
03|37|0|135|12.9|64.4|135|19.4|56.6|0.00|0.09|43.1948|14.4043
03|38|0|180|11.6|64.4|135|19.4|56.5|0.00|0.09|43.1947|14.4043
03|39|0|135|8.1|64.4|135|19.4|56.5|0.00|0.09|43.1947|14.4043
03|40|0|180|5.8|64.4|135|19.5|56.5|0.00|0.09|43.1964|14.4043
03|41|0|180|8.7|64.4|135|19.7|56.5|0.00|0.09|43.1947|14.4043
03|43|0|135|6.4|64.4|135|19.6|56.5|0.00|0.09|43.198|14.4043
03|44|0|180|10.2|64.4|135|19.7|56.4|0.00|0.09|43.1923|14.4043
03|45|0|225|10.2|64.4|135|19.7|56.4|0.00|0.09|43.1878|14.4043
03|46|0|158|5.8|64.4|135|19.8|56.4|0.00|0.09|43.1935|14.4043
03|47|0|180|5.8|64.4|135|19.8|56.4|0.00|0.09|43.1931|14.4043
03|48|0|90|6.4|64.4|135|19.9|56.3|0.00|0.09|43.1949|14.4043
03|49|0|180|4.4|64.4|135|19.9|56.3|0.00|0.09|43.1952|14.4043
03|51|0|180|6.4|64.4|135|20.1|56.3|0.00|0.09|43.1936|15.5739
03|52|0|135|8.7|64.4|135|20.1|56.3|0.00|0.09|43.191|15.5739
03|54|0|180|7.3|64.4|135|20.0|56.2|0.00|0.09|43.1933|15.5739
03|55|0|135|5.8|64.4|135|20.1|56.2|0.00|0.09|43.1918|15.5739
03|56|0|180|9.7|64.4|135|20.2|56.2|0.00|0.09|43.1903|15.5739
03|57|0|135|4.4|64.4|135|20.1|56.2|0.00|0.09|43.1908|15.5739
03|58|0|135|4.8|64.4|135|20.2|56.2|0.00|0.09|43.189|15.5739
03|59|0|180|5.8|64.4|135|20.4|56.2|0.00|0.09|43.189|15.5739
04|00|0|135|8.1|64.4|135|20.6|56.1|0.00|0.09|43.1881|15.5739
04|01|0|135|9.7|64.4|135|20.7|56.1|0.00|0.09|43.1871|15.5739
04|02|0|135|5.8|64.4|135|20.7|56.0|0.00|0.09|43.1856|15.5739
04|03|0|180|9.7|64.4|135|20.8|56.0|0.00|0.09|43.1832|15.5739
04|04|0|135|4.4|64.4|135|20.9|56.0|0.00|0.09|43.1857|15.5739
04|05|0|135|2.9|64.4|135|21.1|56.0|0.00|0.09|43.1871|16.6926
04|06|0|135|7.3|64.4|135|21.3|55.8|0.00|0.09|43.1845|15.8591
04|07|0|158|10.2|64.4|135|21.3|55.7|0.00|0.09|43.1853|15.8591
04|08|0|180|7.3|64.4|135|21.2|55.7|0.00|0.09|43.185|15.8591
04|10|0|135|4.4|64.4|135|21.4|55.6|0.00|0.09|43.186|15.8591
04|11|0|113|2.9|64.4|135|21.4|55.6|0.00|0.09|43.1852|15.8591
04|12|0|135|9.7|64.4|135|21.6|55.6|0.00|0.09|43.1829|15.8591
04|13|0|180|8.7|64.4|135|21.6|55.6|0.00|0.09|43.1854|15.8591
04|14|0|135|6.4|64.4|135|21.6|55.5|0.00|0.09|43.1855|15.8591
04|15|0|180|5.8|64.4|135|21.5|55.4|0.00|0.09|43.1848|15.8591
04|16|0|135|8.7|64.4|135|21.0|55.4|0.00|0.09|43.1847|15.8591
04|17|0|135|8.0|64.4|135|21.1|55.5|0.00|0.09|43.1869|15.8591
04|18|0|135|4.4|64.4|135|21.3|55.5|0.00|0.09|43.188|15.8591
04|19|0|135|11.3|64.4|135|21.3|55.5|0.00|0.09|43.1862|15.8591
04|20|0|135|5.8|64.4|135|21.4|55.5|0.00|0.09|43.1858|15.8591
04|21|0|135|7.3|64.4|135|21.3|55.5|0.00|0.09|43.185|15.8591
04|22|0|135|4.8|64.4|135|21.4|55.5|0.00|0.09|43.1889|15.8591
04|24|0|135|7.3|64.4|135|21.8|55.5|0.00|0.09|43.1903|15.8591
04|25|0|135|7.3|64.4|135|21.9|55.4|0.00|0.09|43.1889|15.8591
04|26|0|135|8.0|64.4|135|22.1|55.4|0.00|0.09|43.1884|16.9271
04|28|0|180|8.7|64.4|135|22.3|55.3|0.00|0.09|43.1877|16.9271
04|29|0|135|8.7|64.4|135|22.4|55.3|0.00|0.09|43.1878|16.9271
04|30|0|135|14.5|64.4|135|22.5|55.2|0.00|0.09|43.184|16.9271
04|31|0|135|5.8|64.4|135|22.6|55.2|0.00|0.09|43.1877|16.9271
04|32|0|90|9.7|64.4|135|22.6|55.1|0.00|0.09|43.1849|16.9271
04|33|0|180|10.2|64.4|135|22.6|55.1|0.00|0.09|43.1869|16.9271
04|35|0|135|7.3|64.4|135|22.8|55.0|0.00|0.09|43.1881|16.9271
04|36|0|90|7.3|64.4|135|22.8|55.0|0.00|0.09|43.1874|16.9271
04|37|0|180|7.3|64.4|135|22.4|54.8|0.00|0.09|43.1868|16.089
04|38|0|180|11.6|64.4|135|22.5|55.0|0.00|0.09|43.1883|16.9271
04|39|0|158|10.2|64.4|135|22.4|54.8|0.00|0.09|43.187|16.089
04|40|0|135|8.7|64.4|135|22.5|54.8|0.00|0.09|43.187|16.089
04|41|0|135|11.6|64.4|135|22.5|54.8|0.00|0.09|43.1846|16.089
04|42|0|180|8.7|64.4|135|22.6|55.0|0.00|0.09|43.189|16.9271
04|43|0|180|10.2|64.4|135|22.5|55.0|0.00|0.09|43.1883|16.9271
04|44|0|135|11.6|64.4|135|22.3|54.8|0.00|0.09|43.1867|16.089
04|46|0|180|8.1|64.4|135|21.9|54.8|0.00|0.09|43.1832|15.0253
04|47|0|135|8.7|64.4|135|21.8|54.8|0.00|0.09|43.1841|15.0253
04|49|0|158|6.4|64.4|135|22.0|55.0|0.00|0.09|43.1841|16.9271
04|50|0|90|5.8|64.4|135|22.2|55.0|0.00|0.09|43.1855|16.9271
04|51|0|180|13.1|64.4|135|22.0|54.8|0.00|0.09|43.1815|16.089
04|52|0|180|10.2|64.4|135|22.0|54.8|0.00|0.09|43.1802|16.089
04|53|0|180|5.8|64.4|135|22.1|54.8|0.00|0.09|43.1817|16.089
04|54|0|135|3.2|64.4|135|22.4|55.0|0.00|0.09|43.1854|16.9271
04|56|0|158|4.8|64.4|135|22.7|54.8|0.00|0.09|43.1834|16.089
04|57|0|90|2.9|64.4|135|22.9|54.8|0.00|0.09|43.1836|16.089
04|58|0|135|5.8|64.4|135|23.0|54.7|0.00|0.09|43.1821|17.1106
04|59|0|135|4.4|64.4|135|22.9|54.7|0.00|0.09|43.1814|16.089
05|00|0|158|8.7|64.4|135|23.0|54.6|0.00|0.09|43.1797|17.1106
05|01|0|135|7.3|64.4|135|23.6|54.5|0.00|0.09|43.1781|17.1106
05|02|0|180|7.3|64.4|135|24.5|54.5|0.00|0.09|43.1794|18.0934
05|03|0|135|5.8|64.4|135|24.6|54.5|0.00|0.09|43.1783|18.0934
05|04|0|135|6.4|64.4|135|24.1|54.4|0.00|0.09|43.1745|18.0934
05|05|0|180|8.7|64.4|135|23.5|54.3|0.00|0.09|43.1729|17.1106
05|06|0|203|10.2|64.4|135|23.5|54.3|0.00|0.09|43.1762|17.1106
05|07|0|135|6.4|64.4|135|23.2|54.3|0.00|0.09|43.1765|17.1106
05|08|0|135|5.8|64.4|135|23.1|54.3|0.00|0.09|43.1786|17.1106
05|10|0|180|8.1|64.4|135|23.3|54.3|0.00|0.09|43.1765|17.1106
05|11|0|135|7.3|64.4|135|23.5|54.3|0.00|0.09|43.1792|17.1106
05|12|0|180|10.2|64.4|135|23.4|54.3|0.00|0.09|43.1773|17.1106
05|13|0|180|5.8|64.4|135|23.3|54.3|0.00|0.09|43.1806|17.1106
05|14|0|135|5.8|64.4|135|23.4|54.3|0.00|0.09|43.1799|17.1106
05|15|0|135|8.7|64.4|135|23.3|54.2|0.00|0.09|43.1758|17.1106
05|16|0|113|6.4|64.4|135|23.6|54.2|0.00|0.09|43.1739|17.1106
05|17|0|180|10.2|64.4|135|23.7|54.2|0.00|0.09|43.1737|17.1106
05|18|0|135|9.7|64.4|135|23.7|54.0|0.00|0.09|43.1725|17.1106
05|19|0|135|10.2|64.4|135|23.9|54.0|0.00|0.09|43.1714|17.1106
05|20|0|158|8.7|64.4|135|23.8|54.0|0.00|0.09|43.1738|17.1106
05|21|0|180|6.4|64.4|135|23.8|53.9|0.00|0.09|43.1714|16.2679
05|22|0|135|4.4|64.4|135|23.8|53.9|0.00|0.09|43.1734|16.2679
05|23|0|90|8.1|64.4|135|23.9|53.9|0.00|0.09|43.1706|16.2679
05|24|0|135|13.1|64.4|135|23.7|53.9|0.00|0.09|43.1698|16.2679
05|25|0|180|7.3|64.4|135|23.8|53.9|0.00|0.09|43.172|16.2679
05|27|0|135|10.2|64.4|135|23.8|53.9|0.00|0.09|43.1734|16.2679
05|28|0|135|8.7|64.4|135|24.0|53.8|0.00|0.09|43.1719|17.2468
05|29|0|135|8.7|64.4|135|23.9|53.8|0.00|0.09|43.1707|16.2679
05|30|0|135|5.8|64.4|135|24.0|53.7|0.00|0.09|43.1712|17.2468
05|31|0|180|10.2|64.4|135|24.1|53.7|0.00|0.09|43.1695|17.2468
05|32|0|135|13.1|64.4|135|24.2|53.7|0.00|0.09|43.1671|17.2468
05|33|0|135|6.4|64.4|135|24.4|53.7|0.00|0.09|43.1721|17.2468
05|34|0|180|10.2|64.4|135|24.4|53.7|0.00|0.09|43.1688|17.2468
05|35|0|135|6.5|64.4|135|24.3|53.7|0.00|0.09|43.1681|17.2468
05|36|0|180|5.8|64.4|135|24.4|53.7|0.00|0.09|43.1728|17.2468
05|37|0|135|7.3|64.4|135|24.5|53.6|0.00|0.09|43.1706|17.2468
05|38|0|135|8.7|64.4|135|24.5|53.6|0.00|0.09|43.1721|17.2468
05|39|0|180|7.3|64.4|135|24.6|53.6|0.00|0.09|43.1743|17.2468
05|40|0|180|5.8|64.4|135|25.3|53.5|0.00|0.09|43.1789|18.19
05|41|0|135|6.4|64.4|135|25.8|53.5|0.00|0.09|43.1783|18.19
05|42|0|180|7.3|64.4|135|26.1|53.5|0.00|0.09|43.1808|19.1004
05|43|0|158|8.1|64.4|135|25.6|53.4|0.00|0.09|43.1782|18.19
05|45|0|135|7.3|64.4|135|26.1|53.4|0.00|0.09|43.1821|19.1004
05|46|0|180|7.3|64.4|135|25.5|53.3|0.00|0.09|43.1785|18.19
05|47|0|135|7.3|64.4|135|25.7|53.3|0.00|0.09|43.1786|18.19
05|48|0|180|7.3|64.4|135|26.6|53.3|0.00|0.09|43.1802|19.1004
05|49|0|135|2.9|64.4|135|27.3|53.2|0.00|0.09|43.1789|19.9801
05|50|0|135|7.3|64.4|135|27.6|53.3|0.00|0.09|43.182|19.9801
05|51|0|135|13.1|64.4|135|28.0|53.2|0.00|0.09|43.1804|20.8315
05|52|0|135|9.7|64.4|135|28.3|53.2|0.00|0.09|43.1844|20.8315
05|53|0|180|8.7|64.4|135|28.8|53.0|0.00|0.09|43.1841|20.8315
05|54|0|135|8.0|64.4|135|29.1|53.0|0.00|0.09|43.1841|21.6562
05|55|0|135|5.8|64.4|135|29.5|53.0|0.00|0.09|43.1856|21.6562
05|56|0|90|9.7|64.4|135|29.6|52.9|0.00|0.09|43.1825|20.7911
05|57|0|158|6.4|64.4|135|29.8|52.9|0.00|0.09|43.1883|20.7911
05|58|0|135|5.8|64.4|135|30.1|52.9|0.00|0.09|43.191|21.5877
05|59|0|180|5.8|64.4|135|30.2|52.8|0.00|0.09|43.1908|21.5877
06|00|0|90|8.7|64.4|135|30.3|52.7|0.00|0.09|43.189|21.5877
06|01|0|135|13.1|64.4|135|30.1|52.7|0.00|0.09|43.1858|21.5877
06|03|0|180|7.3|64.4|135|30.1|52.6|0.00|0.09|43.1892|21.5877
06|05|0|180|11.6|64.4|135|29.9|52.7|0.00|0.09|43.1854|20.7911
06|06|0|180|9.7|64.4|135|29.9|52.7|0.00|0.09|43.1864|20.7911
06|07|0|135|8.7|64.4|135|30.0|52.6|0.00|0.09|43.1836|21.5877
06|08|0|225|11.6|64.4|135|29.9|52.7|0.00|0.09|43.1812|20.7911
06|09|0|158|8.1|64.4|135|30.2|52.7|0.00|0.09|43.1858|21.5877
06|10|0|135|8.7|64.4|135|30.2|52.6|0.00|0.09|43.19|21.5877
06|11|0|180|11.3|64.4|135|30.2|52.6|0.00|0.09|43.1888|21.5877
06|12|0|180|8.7|64.4|135|30.3|52.6|0.00|0.09|43.1929|21.5877
06|13|0|180|5.8|64.4|135|30.6|52.6|0.00|0.09|43.1917|21.5877
06|14|0|180|4.4|64.4|135|30.7|52.6|0.00|0.09|43.1934|21.5877
06|15|0|135|10.2|64.4|135|30.6|52.5|0.00|0.09|43.1934|21.5877
06|16|0|180|9.7|64.4|135|30.5|52.6|0.00|0.09|43.1946|21.5877
06|17|0|180|13.1|64.4|135|30.8|52.5|0.00|0.09|43.1936|21.5877
06|18|0|135|11.3|64.4|135|30.8|52.5|0.00|0.09|43.1956|21.5877
06|19|0|135|8.7|64.4|135|31.1|52.5|0.00|0.09|43.1972|22.361
06|20|0|158|7.3|64.4|135|31.4|52.5|0.00|0.09|43.2003|22.361
06|22|0|180|11.6|64.4|135|36.2|52.1|0.00|0.09|43.2008|25.9245
06|25|0|135|5.8|64.4|135|38.1|51.7|0.00|0.09|43.2018|26.3356
06|27|0|135|10.2|64.4|135|38.9|51.3|0.00|0.09|43.2014|26.3356
06|28|0|135|2.9|64.4|135|39.1|51.2|0.00|0.09|43.2036|26.9621
06|29|0|135|11.3|64.4|135|39.5|51.1|0.00|0.09|43.2042|26.9621
06|30|0|135|5.8|64.4|135|39.1|51.0|0.00|0.09|43.2053|26.9621
06|31|0|90|8.7|64.4|135|39.0|51.0|0.00|0.09|43.2034|26.9621
06|33|0|180|10.2|64.4|135|39.0|50.9|0.00|0.09|43.202|26.0669
06|34|0|90|2.9|64.4|135|38.9|50.9|0.00|0.09|43.2039|25.443
06|35|0|180|5.8|64.4|135|39.0|51.0|0.00|0.09|43.2067|26.9621
06|36|0|135|8.1|64.4|135|38.8|50.9|0.00|0.09|43.2066|25.443
06|37|0|135|8.7|64.4|135|38.7|50.9|0.00|0.09|43.2095|25.443
06|38|0|180|3.2|64.4|135|38.7|50.9|0.00|0.09|43.21|25.443
06|39|0|180|7.3|64.4|135|38.3|50.9|0.00|0.09|43.2092|25.443
06|40|0|180|11.6|64.4|135|38.2|50.9|0.00|0.09|43.2132|25.443
06|41|0|180|7.3|64.4|135|37.9|50.8|0.00|0.09|43.2153|24.8045
06|42|0|135|8.7|64.4|135|37.8|50.7|0.00|0.09|43.2123|24.8045
06|43|0|135|7.3|64.4|135|37.9|50.7|0.00|0.09|43.2119|24.8045
06|46|0|180|7.3|64.4|135|37.9|50.7|0.00|0.09|43.2123|24.8045
06|47|0|180|10.2|64.4|135|38.0|50.6|0.00|0.09|43.2077|25.443
06|48|0|135|11.3|64.4|135|38.0|50.6|0.00|0.09|43.2063|25.443
06|49|0|180|11.6|64.4|135|38.2|50.5|0.00|0.09|43.2081|25.443
06|50|0|135|6.4|64.4|135|38.5|50.5|0.00|0.09|43.2094|25.443
06|51|0|180|14.5|64.4|135|38.9|50.5|0.00|0.09|43.2094|25.443
06|52|0|180|13.1|64.4|135|39.7|50.3|0.00|0.09|43.2099|26.0669
06|53|0|180|4.4|64.4|135|40.2|50.3|0.00|0.09|43.21|26.6766
06|54|0|225|10.2|64.4|135|40.4|50.2|0.00|0.09|43.2114|26.6766
06|55|0|135|7.3|64.4|135|40.6|50.2|0.00|0.09|43.2118|26.6766
06|56|0|135|14.5|64.4|135|40.7|50.2|0.00|0.09|43.2092|26.6766
06|57|0|180|2.9|64.4|135|40.8|50.2|0.00|0.09|43.2111|26.6766
06|58|0|180|3.2|64.4|135|40.8|50.2|0.00|0.09|43.2116|26.6766
06|59|0|180|7.3|64.4|135|40.9|50.2|0.00|0.09|43.2122|26.6766
07|00|0|135|4.4|64.4|135|41.0|50.2|0.00|0.09|43.2128|27.2731
07|03|0|135|5.8|64.4|135|41.2|50.2|0.00|0.09|43.2108|27.2731
07|04|0|180|8.1|64.4|135|41.2|50.1|0.00|0.09|43.2099|27.2731
07|05|0|135|5.8|64.4|135|41.4|50.1|0.00|0.09|43.2115|27.2731
07|06|0|180|4.4|64.4|135|41.5|50.1|0.00|0.09|43.2141|27.2731
07|07|0|135|8.7|64.4|135|41.6|50.0|0.00|0.09|43.2148|27.2731
07|08|0|158|5.8|64.4|135|41.7|50.0|0.00|0.09|43.2156|27.2731
07|09|0|180|10.2|64.4|135|41.8|49.9|0.00|0.09|43.213|26.3725
07|10|0|158|7.3|64.4|135|41.9|50.0|0.01|0.10|43.2166|27.2731
07|12|0|158|5.8|64.4|135|42.1|49.9|0.01|0.10|43.2142|26.9537
07|13|0|180|8.1|64.4|135|42.1|49.9|0.01|0.10|43.215|26.9537
07|14|0|135|7.3|64.4|135|42.2|49.9|0.01|0.10|43.2149|26.9537
07|15|0|135|3.2|64.4|135|42.2|49.9|0.01|0.10|43.218|26.9537
07|16|0|180|5.8|64.4|135|42.3|49.9|0.01|0.10|43.2169|26.9537
07|17|0|158|11.6|64.4|135|42.4|49.9|0.01|0.10|43.2123|26.9537
07|18|0|135|11.6|64.4|135|42.7|49.9|0.01|0.10|43.2121|26.9537
07|19|0|135|7.3|64.4|135|43.1|49.8|0.01|0.10|43.2107|27.5228
07|20|0|135|13.1|64.4|135|43.4|49.9|0.01|0.10|43.2146|27.5228
07|22|0|180|5.8|64.4|135|43.4|49.9|0.01|0.10|43.2144|27.5228
07|23|0|135|11.3|64.4|135|43.5|49.9|0.01|0.10|43.2176|27.5228
07|25|0|180|8.1|64.4|135|43.6|49.8|0.01|0.10|43.2223|27.5228
07|26|0|135|5.8|64.4|135|43.7|49.8|0.01|0.10|43.2266|27.5228
07|28|0|180|7.3|64.4|135|43.6|49.8|0.01|0.10|43.2273|27.5228
07|29|0|203|13.1|64.4|135|43.8|49.9|0.01|0.10|43.2226|27.5228
07|31|0|135|11.6|64.4|135|43.7|49.8|0.01|0.10|43.226|27.5228
07|32|0|180|9.7|64.4|135|43.8|49.8|0.01|0.10|43.2266|27.5228
07|33|0|180|11.6|64.4|135|43.9|49.8|0.01|0.10|43.2283|27.5228
07|34|0|135|13.1|64.4|135|43.9|49.8|0.01|0.10|43.2252|27.5228
07|35|0|135|10.2|64.4|135|44.1|49.8|0.01|0.10|43.226|28.0802
07|36|0|135|13.1|64.4|135|44.4|49.8|0.01|0.10|43.2248|28.0802
07|37|0|180|16.0|64.4|135|44.6|49.7|0.01|0.10|43.2235|28.0802
07|38|0|180|11.3|64.4|135|45.0|49.7|0.01|0.10|43.2256|28.6266
07|39|0|180|10.2|64.4|135|45.1|49.5|0.01|0.10|43.225|28.6266
07|40|0|180|12.9|64.4|135|45.3|49.4|0.01|0.10|43.2228|28.6266
07|42|0|180|17.4|64.4|135|45.8|49.4|0.01|0.10|43.218|28.6266
07|44|0|225|11.6|64.4|135|46.3|49.3|0.01|0.10|43.2221|29.1623
07|46|0|180|16.1|64.4|135|46.6|49.2|0.01|0.10|43.2232|29.1623
07|47|0|135|13.1|64.4|135|46.7|49.2|0.01|0.10|43.2285|29.1623
07|50|0|135|5.8|64.4|135|46.4|49.2|0.01|0.10|43.2367|29.1623
07|51|0|180|4.4|64.4|135|46.6|49.2|0.01|0.10|43.2367|29.1623
07|52|0|180|7.3|64.4|135|46.3|49.2|0.01|0.10|43.2384|29.1623
07|53|0|135|8.7|64.4|135|46.2|49.3|0.01|0.10|43.2358|29.1623
07|54|0|135|9.7|64.4|135|46.1|49.2|0.01|0.10|43.236|29.1623
07|55|0|180|16.1|64.4|135|45.8|49.2|0.01|0.10|43.2304|28.6266
07|57|0|180|5.8|64.4|135|45.7|49.2|0.01|0.10|43.2339|28.6266
07|58|0|225|7.3|64.4|135|45.6|49.2|0.01|0.10|43.2362|28.6266
08|00|0|158|5.8|64.4|135|45.3|49.3|0.01|0.10|43.2365|28.6266
08|02|0|135|10.2|64.4|135|45.2|49.4|0.01|0.10|43.2389|28.6266
08|03|0|180|8.7|64.4|135|45.1|49.4|0.01|0.10|43.2381|28.6266
08|04|0|135|8.1|64.4|135|45.1|49.5|0.01|0.10|43.2404|28.6266
08|05|0|180|6.4|64.4|135|45.0|49.5|0.01|0.10|43.24|28.6266
08|06|0|135|13.1|64.4|135|45.1|49.5|0.01|0.10|43.2357|28.6266
08|07|0|158|17.7|64.4|135|45.3|49.4|0.01|0.10|43.2342|28.6266
08|08|0|180|8.7|64.4|135|45.5|49.4|0.01|0.10|43.2356|28.6266
08|09|0|113|11.6|64.4|135|45.7|49.4|0.00|0.10|43.2385|28.6266
08|10|0|135|8.7|64.4|135|45.8|49.4|0.00|0.10|43.2404|28.6266
08|11|0|158|8.7|64.4|135|46.0|49.4|0.00|0.10|43.2423|29.1623
08|13|0|135|7.3|64.4|135|45.9|49.3|0.00|0.10|43.2435|28.6266
08|14|0|158|8.0|64.4|135|46.0|49.3|0.00|0.10|43.2417|29.1623
08|15|0|180|14.5|64.4|135|46.0|49.2|0.00|0.10|43.2379|29.1623
08|17|0|180|7.3|64.4|135|46.1|49.2|0.00|0.10|43.242|29.1623
08|18|0|113|4.4|64.4|135|46.2|49.2|0.00|0.10|43.2444|29.1623
08|19|0|180|9.7|64.4|135|46.5|49.2|0.00|0.10|43.2421|29.1623
08|20|0|135|10.2|64.4|135|46.5|49.2|0.00|0.10|43.2401|29.1623
08|21|0|180|6.4|64.4|135|46.4|49.3|0.00|0.10|43.2437|29.1623
08|22|0|180|7.3|64.4|135|46.3|49.5|0.00|0.10|43.2421|29.1623
08|23|0|180|4.4|64.4|135|46.4|49.8|0.00|0.10|43.2382|29.1623
08|24|0|180|7.3|64.4|135|46.1|50.0|0.00|0.10|43.2378|30.0749
08|25|0|135|11.6|64.4|135|45.9|50.0|0.00|0.10|43.2332|29.5369
08|27|0|180|13.1|64.4|135|45.8|50.3|0.00|0.10|43.237|29.5369
08|28|0|158|8.7|64.4|135|45.6|50.5|0.00|0.10|43.2376|29.5369
08|29|0|113|5.8|64.4|135|45.4|50.7|0.00|0.10|43.2411|29.5369
08|30|0|158|8.7|64.4|135|45.3|50.8|0.00|0.10|43.2435|29.5369
08|31|0|158|8.1|64.4|135|45.2|50.9|0.00|0.10|43.2449|29.5369
08|32|0|135|14.5|64.4|135|45.2|51.1|0.00|0.10|43.2405|30.447
08|34|0|135|9.7|64.4|135|44.8|51.2|0.00|0.10|43.245|29.8959
08|35|0|135|5.8|64.4|135|44.2|51.3|0.00|0.10|43.2404|29.8959
08|36|0|180|9.7|64.4|135|43.8|51.5|0.00|0.10|43.2393|29.3336
08|37|0|135|8.0|64.4|135|43.5|51.6|0.00|0.10|43.2427|29.3336
08|38|0|180|7.3|64.4|135|43.0|51.7|0.00|0.10|43.2424|29.3336
08|39|0|113|5.8|64.4|135|42.3|51.8|0.00|0.10|43.2413|28.7597
08|40|0|135|7.3|64.4|135|41.6|51.9|0.00|0.10|43.238|28.1735
08|41|0|135|4.4|64.4|135|42.2|52.0|0.00|0.10|43.2392|29.6623
08|42|0|135|7.3|64.4|135|42.4|52.0|0.00|0.10|43.2374|29.6623
08|43|0|135|4.4|64.4|135|42.3|52.2|0.00|0.10|43.2388|29.6623
08|44|0|90|4.8|64.4|135|42.1|52.5|0.00|0.10|43.2387|29.6623
08|46|0|113|5.8|64.4|135|40.9|52.7|0.00|0.10|43.2385|28.4721
08|47|0|135|3.2|64.4|135|40.9|52.9|0.00|0.10|43.2419|28.4721
08|48|0|135|8.7|64.4|135|40.7|52.9|0.00|0.10|43.242|28.4721
08|49|0|180|12.9|64.4|135|40.1|52.9|0.00|0.10|43.2423|28.4721
08|50|0|135|8.7|64.4|135|39.8|52.9|0.00|0.10|43.2468|27.8571
08|51|0|135|10.2|64.4|135|39.9|52.9|0.00|0.10|43.2467|27.8571
08|52|0|135|8.7|64.4|135|39.8|53.0|0.00|0.10|43.2462|28.752
08|55|0|135|11.3|64.4|135|39.6|53.2|0.00|0.10|43.2423|28.752
08|56|0|135|10.2|64.4|135|39.2|53.3|0.00|0.10|43.2427|28.752
08|58|0|135|4.4|64.4|135|38.9|53.7|0.00|0.10|43.2447|28.1202
08|59|0|135|8.7|64.4|135|38.6|53.7|0.00|0.10|43.2418|28.1202
09|00|0|158|6.5|64.4|135|38.3|53.8|0.00|0.10|43.2451|28.1202
09|01|0|135|7.3|64.4|135|38.3|54.0|0.00|0.10|43.2432|29.0121
09|02|0|158|8.1|64.4|135|38.2|54.3|0.00|0.10|43.2427|29.0121
09|03|0|135|4.4|64.4|135|38.3|54.4|0.00|0.10|43.2508|29.0121
09|05|0|90|8.7|64.4|135|37.8|54.6|0.00|0.10|43.2441|28.3627
09|06|0|180|7.3|64.4|135|37.1|54.6|0.00|0.10|43.2523|28.3627
09|07|0|135|9.7|64.4|135|36.7|54.5|0.00|0.10|43.2481|27.6976
09|08|0|135|8.7|64.4|135|36.7|54.6|0.00|0.10|43.2456|27.6976
09|09|0|225|4.8|64.4|135|36.2|54.6|0.00|0.10|43.2504|27.6976
09|10|0|135|2.9|64.4|135|36.6|54.7|0.00|0.10|43.2515|27.6976
09|11|0|135|4.4|64.4|135|36.3|55.0|0.00|0.10|43.2531|28.5838
09|13|0|135|10.2|64.4|135|36.6|55.3|0.00|0.10|43.2518|28.5838
09|16|0|135|5.8|64.4|135|35.5|55.7|0.00|0.10|43.2523|27.8992
09|17|0|135|3.2|64.4|135|35.6|56.1|0.00|0.10|43.2543|28.7823
09|18|0|135|7.3|64.4|135|35.3|56.1|0.00|0.10|43.2544|28.7823
09|20|0|135|13.1|64.4|135|34.9|55.7|0.00|0.10|43.2565|27.1972
09|21|0|135|13.1|64.4|135|34.7|55.1|0.00|0.10|43.2523|27.1972
09|22|0|135|5.8|64.4|135|34.8|54.6|0.00|0.10|43.2581|26.3168
09|23|0|135|5.8|64.4|135|34.5|54.3|0.00|0.10|43.2606|26.3168
09|24|0|90|11.3|64.4|135|33.3|53.9|0.00|0.10|43.2594|24.7215
09|25|0|180|8.7|64.4|135|33.0|53.5|0.00|0.10|43.2618|24.7215
09|26|0|135|5.8|64.4|135|33.8|53.4|0.00|0.10|43.2632|24.7215
09|27|0|135|5.8|64.4|135|34.9|53.2|0.00|0.10|43.2624|25.4361
09|28|0|135|7.3|64.4|135|35.8|53.0|0.00|0.10|43.2614|26.1323
09|29|0|135|11.3|64.4|135|36.2|52.8|0.00|0.10|43.2584|25.9245
09|31|0|180|10.2|64.4|135|35.8|52.7|0.00|0.10|43.2586|25.2485
09|32|0|135|5.8|64.4|135|35.3|52.6|0.00|0.10|43.2593|25.2485
09|33|0|180|8.7|64.4|135|33.8|52.5|0.00|0.10|43.2604|23.8436
09|34|0|135|10.2|64.4|135|33.3|52.4|0.00|0.10|43.2608|23.8436
09|35|0|135|10.2|64.4|135|31.0|52.2|0.00|0.10|43.2632|22.361
09|36|0|158|7.3|64.4|135|29.9|52.0|0.00|0.10|43.2614|20.7911
09|37|0|135|6.4|64.4|135|30.1|51.9|0.00|0.10|43.2601|20.7189
09|38|0|135|7.3|64.4|135|30.5|51.8|0.00|0.10|43.2621|20.7189
09|39|0|135|11.6|64.4|135|30.8|51.7|0.00|0.10|43.2608|20.7189
09|40|0|135|4.4|64.4|135|30.8|51.5|0.00|0.10|43.2611|20.7189
09|41|0|135|9.7|64.4|135|31.0|51.5|0.00|0.10|43.2628|21.4891
09|42|0|225|10.2|64.4|135|31.2|51.5|0.00|0.10|43.2611|21.4891
09|44|0|158|10.2|64.4|135|30.9|51.3|0.00|0.10|43.2624|20.7189
09|45|0|135|5.8|64.4|135|31.2|51.3|0.00|0.10|43.2625|21.4891
09|47|0|135|14.5|64.4|135|31.3|51.2|0.00|0.10|43.2606|21.4891
09|48|0|135|9.7|64.4|135|31.4|51.1|0.00|0.10|43.2611|21.4891
09|50|0|90|4.4|64.4|135|31.4|51.1|0.00|0.10|43.2641|21.4891
09|51|0|158|7.3|64.4|135|31.4|51.1|0.00|0.10|43.2634|21.4891
09|52|0|180|9.7|64.4|135|31.4|51.0|0.00|0.10|43.2617|21.4891
09|53|0|135|8.7|64.4|135|31.4|51.0|0.00|0.10|43.2631|21.4891
09|54|0|135|8.7|64.4|135|31.4|51.0|0.00|0.10|43.2619|21.4891
09|55|0|135|9.7|64.4|135|31.5|51.0|0.00|0.10|43.2623|21.4891
09|56|0|135|7.3|64.4|135|31.6|51.0|0.00|0.10|43.2643|21.4891
09|57|0|135|8.0|64.4|135|31.5|51.0|0.00|0.10|43.2649|21.4891
09|58|0|90|7.3|64.4|135|31.5|51.0|0.00|0.10|43.2642|21.4891
09|59|0|45|8.1|64.4|135|31.7|51.0|0.00|0.10|43.2649|21.4891
10|00|0|135|7.3|64.4|135|31.4|51.1|0.00|0.10|43.2648|21.4891
10|01|0|90|4.4|64.4|135|31.6|51.2|0.00|0.10|43.2672|21.4891
10|02|0|90|3.2|64.4|135|31.7|51.3|0.00|0.10|43.2678|21.4891
10|03|0|90|1.5|64.4|135|31.7|51.6|0.00|0.10|43.2685|21.4891
10|04|0|135|3.2|64.4|135|31.0|51.6|0.00|0.10|43.2712|21.4891
10|05|0|135|4.4|64.4|135|31.2|51.7|0.00|0.10|43.268|21.4891
10|07|0|90|4.8|64.4|135|31.2|51.8|0.00|0.10|43.2695|21.4891
10|08|0|135|3.2|64.4|135|31.1|51.9|0.00|0.10|43.2712|21.4891
10|10|0|135|11.6|64.4|135|30.7|52.0|0.00|0.10|43.2714|21.5877
10|11|0|135|8.7|64.4|135|30.2|51.9|0.00|0.10|43.2718|20.7189
10|12|0|135|5.8|64.4|135|30.5|51.9|0.00|0.10|43.2746|20.7189
10|14|0|90|4.4|64.4|135|30.9|51.9|0.00|0.10|43.2743|20.7189
10|15|0|135|4.4|64.4|135|31.2|52.0|0.00|0.10|43.2759|22.361
10|17|0|135|4.4|64.4|135|30.5|52.0|0.00|0.10|43.2789|21.5877
10|18|0|45|4.4|64.4|135|30.2|52.0|0.00|0.10|43.2791|21.5877
10|19|0|135|4.4|64.4|135|29.6|51.9|0.00|0.10|43.2801|19.9257
10|20|0|90|3.2|64.4|135|29.2|51.9|0.00|0.10|43.282|19.9257
10|21|0|135|10.2|64.4|135|29.3|51.9|0.00|0.10|43.2805|19.9257
10|25|0|158|1.5|64.4|135|30.0|52.0|0.00|0.10|43.2839|21.5877
10|26|0|180|6.4|64.4|135|30.2|52.0|0.00|0.10|43.2836|21.5877
10|27|0|90|4.4|64.4|135|30.4|52.1|0.00|0.10|43.2868|21.5877
10|30|0|113|5.8|64.4|135|32.3|52.1|0.00|0.10|43.2905|23.1126
10|31|0|90|3.2|64.4|135|32.5|52.1|0.00|0.10|43.2904|23.1126
10|32|0|135|4.4|64.4|135|32.0|52.1|0.00|0.10|43.292|23.1126
10|33|0|90|5.8|64.4|135|31.8|52.1|0.00|0.10|43.2918|22.361
10|34|0|135|5.8|64.4|135|31.5|52.1|0.00|0.10|43.2907|22.361
10|35|0|113|4.4|64.4|135|31.3|52.1|0.00|0.10|43.2901|22.361
10|36|0|135|5.8|64.4|135|31.3|52.0|0.00|0.10|43.2887|22.361
10|37|0|90|4.4|64.4|135|31.5|52.1|0.00|0.10|43.292|22.361
10|38|0|135|7.3|64.4|135|31.8|52.0|0.00|0.10|43.2912|22.361
10|39|0|135|5.8|64.4|135|31.6|51.9|0.00|0.10|43.2894|21.4891
10|40|0|135|5.8|64.4|135|31.2|51.9|0.00|0.10|43.2905|21.4891
10|41|0|135|7.3|64.4|135|31.5|51.8|0.00|0.10|43.2887|21.4891
10|43|0|113|4.4|64.4|135|31.9|51.8|0.00|0.10|43.2884|21.4891
10|44|0|90|4.4|64.4|135|32.2|51.8|0.00|0.10|43.286|22.2375
10|45|0|45|2.9|64.4|135|32.4|51.9|0.00|0.10|43.2864|22.2375
10|46|0|135|4.4|64.4|135|33.0|52.0|0.00|0.10|43.283|23.8436
10|47|0|90|2.9|64.4|135|33.3|52.1|0.00|0.10|43.2831|23.8436
10|48|0|90|4.4|64.4|135|34.0|52.4|0.00|0.10|43.2836|24.5552
10|49|0|90|4.8|64.4|135|34.0|52.7|0.00|0.10|43.28|24.5552
10|50|0|135|5.8|64.4|135|33.8|53.0|0.00|0.10|43.2783|24.7215
10|51|0|135|8.1|64.4|135|33.9|53.5|0.00|0.10|43.2815|24.7215
10|52|0|180|5.8|64.4|135|33.7|53.8|0.00|0.10|43.2871|24.7215
10|53|0|135|6.4|64.4|135|33.7|54.2|0.00|0.10|43.2904|25.5991
10|54|0|90|4.8|64.4|135|33.3|54.3|0.00|0.10|43.2926|25.5991
10|55|0|135|7.3|64.4|135|33.4|54.4|0.00|0.10|43.2897|25.5991
10|56|0|180|5.8|64.4|135|33.8|54.5|0.00|0.10|43.2864|25.5991
10|57|0|135|10.2|64.4|135|33.9|54.6|0.00|0.10|43.2857|25.5991
10|58|0|135|6.4|64.4|135|33.7|54.5|0.00|0.10|43.2908|25.5991
11|00|0|135|8.7|64.4|135|33.6|54.4|0.00|0.10|43.287|25.5991
11|01|0|135|11.6|64.4|135|33.1|54.3|0.00|0.10|43.2867|25.5991
11|02|0|135|8.1|64.4|135|32.9|54.2|0.00|0.10|43.2881|24.862
11|03|0|135|5.8|64.4|135|32.7|54.3|0.00|0.10|43.2887|24.862
11|04|0|90|8.1|64.4|135|32.7|54.3|0.00|0.10|43.2904|24.862
11|05|0|135|4.4|64.4|135|32.5|54.2|0.00|0.10|43.2962|24.862
11|06|0|135|8.7|64.4|135|32.9|54.2|0.00|0.10|43.2956|24.862
11|07|0|113|4.8|64.4|135|32.5|53.9|0.00|0.10|43.2958|23.9874
11|08|0|135|4.4|64.4|135|32.6|53.8|0.00|0.10|43.2985|23.9874
11|09|0|135|5.8|64.4|135|32.5|53.7|0.00|0.10|43.2952|23.9874
11|10|0|135|7.3|64.4|135|31.6|53.6|0.00|0.10|43.2953|23.2327
11|11|0|135|5.8|64.4|135|30.6|53.4|0.00|0.10|43.2949|22.4561
11|12|0|135|5.8|64.4|135|30.7|53.4|0.00|0.10|43.2925|22.4561
11|13|0|135|5.8|64.4|135|30.9|53.3|0.00|0.10|43.2927|22.4561
11|14|0|180|4.8|64.4|135|30.7|53.5|0.00|0.10|43.2905|22.4561
11|15|0|90|2.9|64.4|135|30.3|53.6|0.00|0.10|43.2966|22.4561
11|16|0|135|4.4|64.4|135|30.3|53.6|0.00|0.10|43.2964|22.4561
11|17|0|90|4.4|64.4|135|30.3|53.6|0.00|0.10|43.2955|22.4561
11|18|0|180|2.9|64.4|135|30.1|53.8|0.00|0.10|43.2974|22.4561
11|21|0|90|7.3|64.4|135|29.3|53.9|0.00|0.10|43.2942|21.6562
11|23|0|135|4.4|64.4|135|29.9|54.2|0.00|0.10|43.2981|22.5211
11|24|0|135|3.2|64.4|135|29.2|54.2|0.00|0.10|43.2964|22.5211
11|25|0|135|1.6|64.4|135|28.9|54.3|0.00|0.10|43.299|21.6929
11|26|0|45|1.5|64.4|135|29.1|54.4|0.00|0.10|43.2987|22.5211
11|27|0|135|4.8|64.4|135|29.3|54.5|0.00|0.10|43.2975|22.5211
11|28|0|113|3.2|64.4|135|28.5|54.5|0.00|0.10|43.3003|21.6929
11|29|0|45|4.4|64.4|135|27.7|54.6|0.00|0.10|43.2994|20.8381
11|30|0|158|3.2|64.4|135|27.8|54.6|0.00|0.10|43.2983|20.8381
11|31|0|135|2.9|64.4|135|28.2|54.7|0.00|0.10|43.2985|21.6929
11|32|0|135|4.4|64.4|135|28.3|54.7|0.00|0.10|43.3007|21.6929
11|33|0|135|4.8|64.4|135|28.0|54.6|0.00|0.10|43.3027|21.6929
11|34|0|180|5.8|64.4|135|27.7|54.5|0.00|0.10|43.3029|20.8381
11|35|0|180|4.8|64.4|135|27.3|54.4|0.00|0.10|43.3017|20.8381
11|36|0|135|5.8|64.4|135|27.1|54.4|0.00|0.10|43.3015|20.8381
11|37|0|180|4.4|64.4|135|27.4|54.3|0.00|0.10|43.3029|20.8381
11|38|0|135|7.3|64.4|135|27.2|54.2|0.00|0.10|43.3002|20.8381
11|40|0|180|5.8|64.4|135|27.2|53.9|0.00|0.10|43.3011|19.9801
11|41|0|135|2.9|64.4|135|27.6|54.0|0.00|0.10|43.3017|20.8381
11|42|0|90|5.8|64.4|135|27.6|54.0|0.00|0.10|43.3025|20.8381
11|43|0|135|8.1|64.4|135|27.3|53.9|0.00|0.10|43.3035|19.9801
11|44|0|180|4.4|64.4|135|27.8|53.8|0.00|0.10|43.3037|19.9801
11|45|0|135|4.8|64.4|135|27.8|53.8|0.00|0.10|43.3027|19.9801
11|46|0|135|4.4|64.4|135|28.0|53.6|0.00|0.10|43.3022|20.8315
11|47|0|90|5.8|64.4|135|28.6|53.7|0.00|0.10|43.3045|20.8315
11|48|0|90|4.8|64.4|135|28.6|53.7|0.00|0.10|43.3056|20.8315
11|49|0|135|5.8|64.4|135|28.8|53.7|0.00|0.10|43.3077|20.8315
11|50|0|135|2.9|64.4|135|29.0|53.6|0.00|0.10|43.3086|21.6562
11|51|0|180|2.9|64.4|135|28.9|53.6|0.00|0.10|43.3082|20.8315
11|52|0|135|5.8|64.4|135|29.0|53.6|0.00|0.10|43.3108|21.6562
11|53|0|135|2.9|64.4|135|28.5|53.5|0.00|0.10|43.3097|20.8315
11|54|0|135|4.4|64.4|135|28.7|53.5|0.00|0.10|43.3114|20.8315
11|58|0|180|5.8|64.4|135|28.9|53.0|0.00|0.10|43.3163|20.8315
11|59|0|90|4.4|64.4|135|28.9|53.0|0.00|0.10|43.3191|20.8315
12|00|0|90|2.9|64.4|135|29.3|53.0|0.00|0.10|43.3206|21.6562
12|01|0|135|4.8|64.4|135|29.3|53.0|0.00|0.10|43.3201|21.6562
12|02|0|135|4.4|64.4|135|28.7|52.9|0.00|0.10|43.322|19.9697
12|03|0|135|6.4|64.4|135|28.7|52.9|0.00|0.10|43.3237|19.9697
12|04|0|135|7.3|64.4|135|28.5|52.8|0.00|0.10|43.3224|19.9697
12|05|0|135|4.4|64.4|135|28.0|52.7|0.00|0.10|43.3229|19.9697
12|06|0|135|4.8|64.4|135|28.0|52.6|0.00|0.10|43.3227|19.9697
12|07|0|135|4.4|64.4|135|28.0|52.6|0.00|0.10|43.3224|19.9697
12|08|0|113|3.2|64.4|135|27.5|52.5|0.00|0.10|43.321|19.1219
12|09|0|90|2.9|64.4|135|27.2|52.4|0.00|0.10|43.3206|19.1219
12|10|0|135|4.4|64.4|135|27.4|52.4|0.00|0.10|43.3214|19.1219
12|12|0|225|1.5|64.4|135|27.9|52.4|0.00|0.10|43.3212|19.1219
12|13|0|135|4.4|64.4|135|27.5|52.4|0.00|0.10|43.3222|19.1219
12|14|0|135|2.9|64.4|135|27.2|52.4|0.00|0.10|43.3227|19.1219
12|16|0|180|4.4|64.4|135|26.9|52.4|0.00|0.10|43.3253|18.2458
12|17|0|135|4.8|64.4|135|26.8|52.4|0.00|0.10|43.3245|18.2458
12|18|0|135|2.9|64.4|135|26.8|52.4|0.00|0.10|43.3249|18.2458
12|19|0|135|4.8|64.4|135|26.9|52.2|0.00|0.10|43.327|18.2458
12|20|0|135|2.9|64.4|135|26.1|52.2|0.00|0.10|43.3286|18.2458
12|22|0|45|3.2|64.4|135|25.8|52.2|0.00|0.10|43.3309|17.3392
12|23|0|135|1.5|64.4|135|26.0|52.2|0.00|0.10|43.3318|18.2458
12|24|0|180|7.3|64.4|135|26.2|52.1|0.00|0.10|43.3299|18.2458
12|25|0|135|4.4|64.4|135|26.0|52.1|0.00|0.10|43.3346|18.2458
12|26|0|90|1.5|64.4|135|26.3|52.2|0.00|0.10|43.3363|18.2458
12|28|0|90|2.9|64.4|135|27.6|52.1|0.00|0.10|43.3357|19.1219
12|30|0|135|13.1|64.4|135|27.9|52.1|0.00|0.10|43.3368|19.1219
12|31|0|180|6.4|64.4|135|27.7|51.9|0.00|0.10|43.3351|18.2635
12|32|0|45|2.9|64.4|135|27.7|51.8|0.00|0.10|43.3372|18.2635
12|34|0|135|8.7|64.4|135|28.4|51.5|0.00|0.10|43.3384|19.1077
12|35|0|135|6.4|64.4|135|29.0|51.3|0.00|0.10|43.3421|19.9257
12|36|0|113|8.1|64.4|135|29.3|51.1|0.00|0.10|43.3463|19.9257
12|37|0|90|5.8|64.4|135|29.6|51.1|0.00|0.10|43.3456|19.9257
12|38|0|45|4.8|64.4|135|29.8|51.0|0.00|0.10|43.3464|19.9257
12|40|0|90|8.1|64.4|135|29.7|50.9|0.00|0.10|43.348|19.06
12|41|0|135|2.9|64.4|135|29.7|50.8|0.00|0.10|43.3473|19.06
12|42|0|45|4.8|64.4|135|29.8|50.8|0.00|0.10|43.3505|19.06
12|43|0|90|7.3|64.4|135|29.8|50.8|0.00|0.10|43.3523|19.06
12|44|0|90|7.3|64.4|135|30.1|50.6|0.00|0.10|43.35|19.8499
12|45|0|90|5.8|64.4|135|30.4|50.6|0.00|0.10|43.353|19.8499
12|47|0|90|10.2|64.4|135|30.9|50.5|0.00|0.10|43.3501|19.8499
12|48|0|90|14.5|64.4|135|31.1|50.2|0.00|0.10|43.3581|20.6169
12|49|0|90|5.8|64.4|135|31.4|50.0|0.00|0.10|43.3609|20.6169
12|51|0|45|8.1|64.4|135|31.8|49.9|0.00|0.10|43.3604|19.7444
12|52|0|68|8.7|64.4|135|32.4|49.8|0.00|0.10|43.3648|20.4865
12|53|0|90|13.1|64.4|135|32.5|49.8|0.00|0.10|43.3657|20.4865
12|54|0|90|4.4|64.4|135|32.6|49.7|0.00|0.10|43.3688|20.4865
12|55|0|45|5.8|64.4|135|33.2|49.8|0.00|0.10|43.369|21.2084
12|56|0|45|4.4|64.4|135|33.6|49.7|0.00|0.10|43.3683|21.2084
12|57|0|90|13.1|64.4|135|34.4|49.4|0.00|0.10|43.3705|21.9111
12|58|0|45|3.2|64.4|135|35.3|49.3|0.00|0.10|43.3688|22.5957
12|59|0|90|7.3|64.4|135|35.0|49.2|0.00|0.10|43.3694|22.5957
13|00|0|90|6.5|64.4|135|33.1|48.9|0.00|0.10|43.3675|20.3295
13|01|0|270|2.9|64.4|135|32.9|49.0|0.00|0.10|43.3676|20.4865
13|02|0|315|1.6|64.4|135|32.7|49.2|0.00|0.10|43.3702|20.4865
13|03|0|135|4.8|64.4|135|32.9|49.2|0.00|0.10|43.3724|20.4865
13|04|0|90|4.4|64.4|135|32.8|49.3|0.00|0.10|43.3784|20.4865
13|05|0|68|6.4|64.4|135|34.1|49.3|0.00|0.10|43.3771|21.9111
13|06|0|90|5.8|64.4|135|35.9|49.2|0.00|0.10|43.3802|22.5957
13|07|0|90|1.6|64.4|135|37.0|49.1|0.00|0.10|43.3797|23.9144
13|08|0|113|4.4|64.4|135|37.3|49.1|0.00|0.10|43.3813|23.9144
13|10|0|90|2.9|64.4|135|37.2|49.0|0.00|0.10|43.3805|23.9144
13|11|0|113|2.9|64.4|135|37.2|48.9|0.00|0.10|43.381|23.0241
13|14|0|90|2.9|64.4|135|37.4|48.5|0.00|0.10|43.38|23.0241
13|16|0|45|5.8|64.4|135|36.8|48.4|0.00|0.10|43.3823|22.3756
13|17|0|135|5.8|64.4|135|37.1|48.4|0.00|0.10|43.3855|23.0241
13|18|0|45|5.8|64.4|135|37.3|48.3|0.00|0.10|43.3886|23.0241
13|19|0|113|4.4|64.4|135|37.7|48.3|0.00|0.10|43.3873|23.0241
13|20|0|90|4.4|64.4|135|37.6|48.3|0.00|0.10|43.3872|23.0241
13|21|0|45|1.5|64.4|135|37.8|48.3|0.00|0.10|43.3898|23.0241
13|22|0|45|4.4|64.4|135|37.9|48.4|0.00|0.10|43.3894|23.0241
13|23|0|23|1.6|64.4|135|37.9|48.4|0.00|0.10|43.3885|23.0241
13|24|0|0|4.8|64.4|135|38.3|48.4|0.00|0.10|43.3877|23.6572
13|25|0|0|2.9|64.4|135|38.7|48.4|0.00|0.10|43.3894|23.6572
13|26|0|0|4.8|64.4|135|39.5|48.4|0.00|0.10|43.3875|24.2757
13|27|0|23|5.8|64.4|135|39.3|48.4|0.00|0.10|43.389|24.2757
13|28|0|315|2.9|64.4|135|39.0|48.5|0.00|0.10|43.3925|24.2757
13|29|0|315|4.4|64.4|135|38.9|48.5|0.00|0.10|43.3936|23.6572
13|30|0|0|2.9|64.4|135|39.1|48.5|0.00|0.10|43.3922|24.2757
13|31|0|315|4.4|64.4|135|38.9|48.7|0.00|0.10|43.3928|23.6572
13|33|0|0|1.5|64.4|135|37.6|48.7|0.00|0.10|43.3895|23.0241
13|34|0|315|1.5|64.4|135|37.3|48.8|0.00|0.10|43.3884|23.0241
13|35|0|45|4.4|64.4|135|38.4|48.9|0.00|0.10|43.3853|23.6572
13|37|0|0|7.3|64.4|135|38.7|48.9|0.00|0.10|43.3824|23.6572
13|38|0|0|13.1|64.4|135|38.2|48.9|0.00|0.10|43.3809|23.6572
13|39|0|0|8.1|64.4|135|37.8|48.8|0.00|0.10|43.3793|23.0241
13|40|0|0|10.2|64.4|135|38.0|48.7|0.00|0.10|43.373|23.6572
13|41|0|0|8.1|64.4|135|39.0|48.7|0.00|0.10|43.3737|24.2757
13|42|0|0|8.7|64.4|135|39.7|48.5|0.00|0.10|43.3727|24.2757
13|43|0|0|8.1|64.4|135|39.7|48.5|0.00|0.10|43.3764|24.2757
13|44|0|0|5.8|64.4|135|39.9|48.5|0.00|0.10|43.3779|24.2757
13|45|0|0|5.8|64.4|135|40.1|48.5|0.00|0.10|43.3778|24.8803
13|47|0|45|7.3|64.4|135|39.3|48.7|0.00|0.10|43.3764|24.2757
13|48|0|45|6.4|64.4|135|39.1|48.7|0.00|0.10|43.3794|24.2757
13|49|0|0|7.3|64.4|135|39.6|48.7|0.00|0.10|43.3803|24.2757
13|50|0|45|8.1|64.4|135|39.4|48.7|0.00|0.10|43.383|24.2757
13|51|0|45|2.9|64.4|135|38.8|48.5|0.00|0.10|43.3817|23.6572
13|52|0|45|7.3|64.4|135|39.9|48.5|0.00|0.10|43.3853|24.2757
13|54|0|0|7.3|64.4|135|40.7|48.4|0.00|0.10|43.3875|24.8803
13|55|0|0|7.3|64.4|135|40.6|48.4|0.00|0.10|43.3904|24.8803
13|56|0|45|8.0|64.4|135|40.6|48.3|0.00|0.10|43.3922|24.8803
13|57|0|45|5.8|64.4|135|41.0|48.2|0.00|0.10|43.3922|25.4717
13|58|0|0|4.4|64.4|135|40.7|48.2|0.00|0.10|43.3953|24.8803
13|59|0|45|5.8|64.4|135|40.8|48.2|0.00|0.10|43.3961|24.8803
14|00|0|45|4.4|64.4|135|41.0|48.2|0.00|0.10|43.3951|25.4717
14|01|0|45|5.8|64.4|135|40.8|48.2|0.00|0.10|43.3965|24.8803
14|02|0|90|7.3|64.4|135|41.0|48.1|0.00|0.10|43.3972|25.4717
14|03|0|45|4.4|64.4|135|41.2|48.1|0.00|0.10|43.3996|25.4717
14|04|0|0|2.9|64.4|135|41.2|48.1|0.00|0.10|43.4008|25.4717
14|05|0|0|6.4|64.4|135|41.3|48.2|0.00|0.10|43.4023|25.4717
14|06|0|0|4.4|64.4|135|41.1|48.2|0.00|0.10|43.4018|25.4717
14|07|0|45|5.8|64.4|135|41.5|48.2|0.00|0.10|43.4037|25.4717
14|08|0|45|7.3|64.4|135|42.1|48.2|0.00|0.10|43.4049|26.0504
14|09|0|45|5.8|64.4|135|41.5|48.2|0.00|0.10|43.4058|25.4717
14|10|0|0|5.8|64.4|135|41.8|48.1|0.00|0.10|43.4054|25.4717
14|11|0|45|5.8|64.4|135|41.9|48.2|0.00|0.10|43.4063|25.4717
14|12|0|45|4.4|64.4|135|41.2|48.1|0.00|0.10|43.4049|25.4717
14|13|0|45|3.2|64.4|135|41.2|48.2|0.00|0.10|43.408|25.4717
14|15|0|90|2.9|64.4|135|41.8|48.3|0.00|0.10|43.4081|25.4717
14|16|0|45|4.4|64.4|135|41.0|48.2|0.00|0.10|43.408|25.4717
14|17|0|45|4.8|64.4|135|40.8|48.2|0.00|0.10|43.4088|24.8803
14|18|0|0|5.8|64.4|135|40.6|48.2|0.00|0.10|43.4117|24.8803
14|19|0|45|3.2|64.4|135|40.6|48.2|0.00|0.10|43.4119|24.8803
14|20|0|45|2.9|64.4|135|40.6|48.4|0.00|0.10|43.4151|24.8803
14|21|0|45|3.2|64.4|135|40.7|48.4|0.00|0.10|43.4175|24.8803
14|22|0|0|4.4|64.4|135|40.8|48.5|0.00|0.10|43.4179|24.8803
14|23|0|45|5.8|64.4|135|40.9|48.5|0.00|0.10|43.417|24.8803
14|24|0|45|4.8|64.4|135|40.6|48.7|0.00|0.10|43.4187|24.8803
14|26|0|45|4.4|64.4|135|40.6|48.7|0.00|0.10|43.4194|24.8803
14|27|0|45|3.2|64.4|135|41.1|48.8|0.00|0.10|43.4206|25.4717
14|28|0|45|2.9|64.4|135|41.4|48.8|0.00|0.10|43.4215|25.4717
14|29|0|45|1.5|64.4|135|40.9|48.9|0.00|0.10|43.4246|24.8803
14|30|0|45|2.9|64.4|135|41.2|48.9|0.00|0.10|43.4231|25.4717
14|31|0|23|2.9|64.4|135|41.2|49.0|0.00|0.10|43.4259|26.3725
14|32|0|315|4.4|64.4|135|41.5|49.0|0.00|0.10|43.4255|26.3725
14|34|0|0|4.4|64.4|135|41.8|49.1|0.00|0.10|43.4236|26.3725
14|36|0|0|4.8|64.4|135|41.7|49.1|0.00|0.10|43.4256|26.3725
14|37|0|0|8.7|64.4|135|42.5|49.1|0.00|0.10|43.4256|26.9537
14|38|0|338|4.8|64.4|135|41.7|49.1|0.00|0.10|43.4262|26.3725
14|39|0|338|7.3|64.4|135|42.3|49.1|0.00|0.10|43.4276|26.9537
14|40|0|315|4.8|64.4|135|43.3|49.1|0.00|0.10|43.4289|27.5228
14|41|0|315|6.4|64.4|135|42.7|49.1|0.00|0.10|43.4319|26.9537
14|42|0|315|7.3|64.4|135|42.8|49.1|0.00|0.10|43.4324|26.9537
14|44|0|315|5.8|64.4|135|44.4|49.0|0.00|0.10|43.4365|28.0802
14|45|0|0|8.1|64.4|135|44.5|49.0|0.00|0.10|43.4338|28.0802
14|47|0|0|8.7|64.4|135|44.7|48.9|0.00|0.10|43.4341|27.1721
14|48|0|0|7.3|64.4|135|45.3|48.9|0.00|0.10|43.4378|27.7162
14|50|0|315|11.6|64.4|135|46.3|48.8|0.00|0.10|43.4375|28.2496
14|51|0|338|8.7|64.4|135|46.1|48.7|0.00|0.10|43.4359|28.2496
14|52|0|315|8.1|64.4|135|46.1|48.7|0.00|0.10|43.4355|28.2496
14|53|0|0|5.8|64.4|135|45.9|48.7|0.00|0.10|43.4349|27.7162
14|54|0|0|4.4|64.4|135|45.8|48.8|0.00|0.10|43.434|27.7162
14|56|0|315|8.7|64.4|135|46.2|48.8|0.00|0.10|43.4331|28.2496
14|57|0|0|8.1|8.7|0|46.4|48.8|0.00|0.00|43.4338|28.2496
14|58|0|0|10.2|10.2|0|45.9|48.8|0.00|0.00|43.4339|27.7162
14|59|0|0|9.7|11.6|0|45.6|48.8|0.00|0.00|43.4355|27.7162
15|00|0|338|8.7|11.6|0|46.1|48.8|0.00|0.00|43.4359|28.2496
15|02|0|0|7.3|11.6|0|47.2|48.9|0.00|0.00|43.4359|28.7729
15|03|0|45|4.4|11.6|0|46.9|48.9|0.00|0.00|43.4363|28.2496
15|04|0|0|4.8|11.6|0|47.9|48.9|0.00|0.00|43.4365|28.7729
15|05|0|315|5.8|13.1|0|47.6|48.9|0.00|0.00|43.4391|28.7729
15|06|0|0|5.8|13.1|0|47.6|48.8|0.00|0.00|43.4422|28.7729
15|07|0|45|4.4|13.1|0|48.1|48.8|0.00|0.00|43.4401|29.2864
15|08|0|0|8.7|13.1|0|48.2|48.7|0.00|0.00|43.4371|29.2864
15|09|0|0|7.3|13.1|0|48.6|48.5|0.00|0.00|43.4388|29.2864
15|10|0|45|5.8|13.1|0|48.6|48.5|0.00|0.00|43.4407|29.2864
15|11|0|45|7.3|13.1|0|48.1|48.4|0.00|0.00|43.4407|29.2864
15|12|0|45|4.4|13.1|0|48.5|48.4|0.00|0.00|43.4386|29.2864
15|14|0|0|8.7|13.1|0|48.6|48.3|0.00|0.00|43.4418|29.2864
15|15|0|0|5.8|13.1|0|48.5|48.3|0.00|0.00|43.4421|29.2864
15|16|0|45|8.7|13.1|0|48.3|48.1|0.00|0.00|43.4429|29.2864
15|18|0|45|5.8|13.1|0|48.2|48.1|0.00|0.00|43.4441|29.2864
15|19|0|45|4.8|13.1|0|48.8|48.0|0.00|0.00|43.4434|29.2864
15|21|0|45|6.4|13.1|0|48.7|48.0|0.00|0.00|43.445|29.2864
15|22|0|23|4.4|13.1|0|48.4|47.9|0.00|0.00|43.4459|28.3689
15|23|0|0|4.8|13.1|0|48.3|47.9|0.00|0.00|43.4459|28.3689
15|24|0|45|4.4|13.1|0|48.7|47.7|0.00|0.00|43.4458|28.3689
15|25|0|23|7.3|13.1|0|48.8|47.7|0.00|0.00|43.4466|28.3689
15|26|0|45|4.8|13.1|0|48.3|47.7|0.00|0.00|43.4448|28.3689
15|27|0|23|5.8|13.1|0|48.7|47.7|0.00|0.00|43.4476|28.3689
15|28|0|0|5.8|13.1|0|49.1|47.6|0.00|0.00|43.4463|28.8709
15|30|0|23|5.8|13.1|0|48.3|47.6|0.00|0.00|43.4421|28.3689
15|31|0|0|7.3|13.1|0|48.0|47.5|0.00|0.00|43.4423|28.3689
15|32|0|45|4.4|13.1|0|48.1|47.5|0.00|0.00|43.4432|28.3689
15|33|0|0|2.9|13.1|0|47.9|47.4|0.00|0.00|43.4429|27.8577
15|35|0|0|4.8|13.1|0|48.0|47.4|0.00|0.00|43.4438|28.3689
15|36|0|45|4.4|13.1|0|48.0|47.4|0.00|0.00|43.4447|28.3689
15|37|0|0|4.8|13.1|0|48.1|47.4|0.00|0.00|43.4473|28.3689
15|38|0|45|3.2|13.1|0|48.2|47.4|0.00|0.00|43.4478|28.3689
15|39|0|0|2.9|13.1|0|48.0|47.5|0.00|0.00|43.4473|28.3689
15|40|0|23|4.8|13.1|0|48.3|47.5|0.00|0.00|43.4476|28.3689
15|41|0|45|1.5|13.1|0|48.8|47.6|0.00|0.00|43.4459|28.3689
15|42|0|90|5.8|13.1|0|48.7|47.6|0.00|0.00|43.4466|28.3689
15|43|0|45|1.5|13.1|0|47.9|47.6|0.00|0.00|43.4485|27.8577
15|45|0|45|1.5|13.1|0|47.5|47.9|0.00|0.00|43.4453|27.8577
15|46|0|0|3.2|13.1|0|47.4|48.0|0.00|0.00|43.4454|28.7729
15|47|0|45|2.9|13.1|0|47.7|48.0|0.00|0.00|43.4448|28.7729
15|48|0|45|2.9|13.1|0|47.5|48.0|0.00|0.00|43.4445|28.7729
15|49|0|45|1.5|13.1|0|47.1|48.1|0.00|0.00|43.4451|28.7729
15|50|0|45|2.9|13.1|0|47.3|48.2|0.00|0.00|43.4448|28.7729
15|52|0|45|2.9|13.1|0|47.6|48.2|0.00|0.00|43.4461|28.7729
15|53|0|90|3.2|13.1|0|47.3|48.3|0.00|0.00|43.4482|28.7729
15|54|0|45|2.9|13.1|0|47.6|48.3|0.00|0.00|43.4458|28.7729
15|55|0|90|1.6|13.1|0|47.7|48.5|0.00|0.00|43.4502|28.7729
15|56|0|68|4.4|13.1|0|47.3|48.5|0.00|0.00|43.4489|28.7729
15|57|0|68|0.0|13.1|0|47.0|48.5|0.00|0.00|43.4487|28.7729
15|58|0|45|1.5|13.1|0|47.2|48.7|0.00|0.00|43.4494|28.7729
15|59|0|45|1.5|13.1|0|47.5|48.8|0.00|0.00|43.4487|28.7729
16|00|0|45|4.4|13.1|0|47.6|48.8|0.00|0.00|43.4485|28.7729
16|01|0|45|2.9|13.1|0|47.6|48.8|0.00|0.00|43.4478|28.7729
16|02|0|45|5.8|13.1|0|47.5|48.8|0.00|0.00|43.4467|28.7729
16|03|0|90|4.8|13.1|0|47.3|48.7|0.00|0.00|43.4483|28.7729
16|04|0|90|1.5|13.1|0|47.3|48.7|0.00|0.00|43.4482|28.7729
16|05|0|90|5.8|13.1|0|47.3|48.7|0.00|0.00|43.4494|28.7729
16|06|0|135|4.4|13.1|0|47.4|48.7|0.00|0.00|43.4497|28.7729
16|07|0|90|2.9|13.1|0|47.4|48.7|0.00|0.00|43.45|28.7729
16|08|0|90|6.5|13.1|0|47.2|48.7|0.00|0.00|43.4509|28.7729
16|09|0|90|7.3|13.1|0|47.1|48.5|0.00|0.00|43.4507|28.7729
16|11|0|90|4.4|13.1|0|47.1|48.4|0.00|0.00|43.4508|28.7729
16|13|0|135|2.9|13.1|0|47.2|48.4|0.00|0.00|43.4517|28.7729
16|14|0|90|4.4|13.1|0|47.2|48.3|0.00|0.00|43.4498|28.7729
16|15|0|135|0.0|13.1|0|47.1|48.4|0.00|0.00|43.4495|28.7729
16|16|0|135|4.4|13.1|0|47.2|48.3|0.00|0.00|43.4467|28.7729
16|17|0|180|1.6|13.1|0|47.4|48.3|0.00|0.00|43.4467|28.7729
16|18|0|135|2.9|13.1|0|47.4|48.5|0.00|0.00|43.4487|28.7729
16|19|0|135|1.6|13.1|0|47.2|48.7|0.00|0.00|43.45|28.7729
16|20|0|113|1.5|13.1|0|47.0|48.8|0.00|0.00|43.4489|28.7729
16|21|0|45|2.9|13.1|0|46.8|48.9|0.00|0.00|43.45|28.2496
16|22|0|90|2.9|13.1|0|47.0|49.0|0.00|0.00|43.4529|29.6879
16|23|0|135|2.9|13.1|0|47.4|49.0|0.00|0.00|43.4477|29.6879
16|24|0|180|4.8|13.1|0|47.9|49.1|0.00|0.00|43.4448|29.6879
16|27|0|90|2.9|13.1|0|47.1|49.2|0.00|0.00|43.4464|29.6879
16|28|0|158|5.8|13.1|0|46.6|49.1|0.00|0.00|43.4441|29.1623
16|31|0|180|8.7|13.1|0|46.2|49.1|0.00|0.00|43.4444|29.1623
16|32|0|135|6.4|13.1|0|46.1|49.0|0.00|0.00|43.4444|29.1623
16|33|0|135|9.7|13.1|0|46.1|49.0|0.00|0.00|43.4406|29.1623
16|34|0|135|7.3|13.1|0|46.4|48.8|0.00|0.00|43.4418|28.2496
16|35|0|135|4.8|13.1|0|46.5|48.7|0.00|0.00|43.4381|28.2496
16|36|0|135|2.9|13.1|0|46.9|48.8|0.00|0.00|43.4418|28.2496
16|37|0|135|3.2|13.1|0|46.7|48.8|0.00|0.00|43.4422|28.2496
16|38|0|180|2.9|13.1|0|46.8|48.8|0.00|0.00|43.4436|28.2496
16|39|0|158|5.8|13.1|0|47.6|48.8|0.00|0.00|43.4443|28.7729
16|40|0|135|8.7|13.1|0|47.5|48.8|0.00|0.00|43.4439|28.7729
16|41|0|135|7.3|13.1|0|47.4|48.7|0.00|0.00|43.4461|28.7729
16|42|0|180|5.8|13.1|0|47.7|48.5|0.00|0.00|43.4457|28.7729
16|43|0|135|5.8|13.1|0|47.7|48.5|0.00|0.00|43.4457|28.7729
16|44|0|135|4.4|13.1|0|47.4|48.7|0.00|0.00|43.4474|28.7729
16|45|0|180|5.8|13.1|0|47.4|48.5|0.00|0.00|43.4484|28.7729
16|46|0|180|2.9|13.1|0|47.2|48.7|0.00|0.00|43.4486|28.7729
16|47|0|180|2.9|13.1|0|47.1|48.8|0.00|0.00|43.4474|28.7729
16|48|0|180|5.8|13.1|0|46.7|48.9|0.00|0.00|43.4451|28.2496
16|51|0|135|1.5|13.1|0|46.6|49.0|0.00|0.00|43.4457|29.1623
16|52|0|135|1.6|13.1|0|46.1|49.2|0.00|0.00|43.4454|29.1623
16|53|0|135|6.5|13.1|0|46.2|49.2|0.00|0.00|43.4421|29.1623
16|54|0|135|2.9|13.1|0|46.4|49.2|0.00|0.00|43.4434|29.1623
16|55|0|90|0.0|13.1|0|45.9|49.3|0.00|0.00|43.4431|28.6266
16|56|0|0|1.5|13.1|0|45.3|49.4|0.00|0.00|43.4435|28.6266
16|57|0|90|0.0|13.1|0|45.1|49.5|0.00|0.00|43.4436|28.6266
16|58|0|0|1.5|13.1|0|45.1|49.7|0.00|0.00|43.4401|28.6266
16|59|0|135|1.5|13.1|0|45.1|49.8|0.00|0.00|43.442|28.6266
17|00|0|135|1.5|13.1|0|44.5|49.9|0.00|0.00|43.4406|28.0802
17|01|0|158|5.8|13.1|0|44.2|49.9|0.00|0.00|43.4405|28.0802
17|02|0|135|3.2|13.1|0|43.7|49.9|0.00|0.00|43.4393|27.5228
17|03|0|180|4.4|13.1|0|43.7|49.9|0.00|0.00|43.4406|27.5228
17|04|0|135|4.8|13.1|0|43.9|49.8|0.00|0.00|43.4389|27.5228
17|05|0|135|2.9|13.1|0|44.0|49.9|0.00|0.00|43.4431|28.0802
17|06|0|180|4.4|13.1|0|44.4|49.9|0.00|0.00|43.4434|28.0802
17|08|0|135|4.4|13.1|0|44.2|49.8|0.00|0.00|43.4414|28.0802
17|09|0|180|1.5|13.1|0|43.9|49.9|0.00|0.00|43.4437|27.5228
17|10|0|180|2.9|13.1|0|44.3|50.0|0.00|0.00|43.4453|28.9882
17|11|0|180|0.0|13.1|0|43.8|50.0|0.00|0.00|43.4437|28.4283
17|12|0|180|2.9|13.1|0|43.5|50.1|0.00|0.00|43.446|28.4283
17|13|0|180|1.5|13.1|0|43.7|50.1|0.00|0.00|43.4454|28.4283
17|14|0|135|1.6|13.1|0|44.1|50.1|0.00|0.00|43.4461|28.9882
17|15|0|135|1.5|13.1|0|44.1|50.1|0.00|0.00|43.4455|28.9882
17|16|0|135|1.5|13.1|0|43.9|50.2|0.00|0.00|43.4471|28.4283
17|17|0|135|1.6|13.1|0|44.0|50.2|0.00|0.00|43.4446|28.9882
17|18|0|135|4.4|13.1|0|44.2|50.1|0.00|0.00|43.4429|28.9882
17|19|0|180|4.4|13.1|0|44.5|50.1|0.00|0.00|43.4461|28.9882
17|21|0|135|2.9|13.1|0|44.4|49.9|0.00|0.00|43.4446|28.0802
17|24|0|180|2.9|13.1|0|44.5|49.9|0.00|0.00|43.4479|28.0802
17|25|0|225|1.5|13.1|0|44.4|49.9|0.00|0.00|43.4457|28.0802
17|27|0|270|1.6|13.1|0|44.3|50.1|0.00|0.00|43.4482|28.9882
17|28|0|225|1.5|13.1|0|44.2|50.2|0.00|0.00|43.4514|28.9882
17|29|0|135|1.5|13.1|0|44.4|50.2|0.00|0.00|43.4502|28.9882
17|30|0|90|1.5|13.1|0|43.8|50.3|0.00|0.00|43.4523|28.4283
17|31|0|270|0.0|13.1|0|43.6|50.3|0.00|0.00|43.453|28.4283
17|33|0|270|0.0|13.1|0|43.0|50.5|0.00|0.00|43.453|28.4283
17|34|0|45|0.0|13.1|0|42.6|50.5|0.00|0.00|43.4548|27.8568
17|35|0|90|0.0|13.1|0|42.6|50.6|0.00|0.00|43.4545|27.8568
17|36|0|135|0.0|13.1|0|42.3|50.6|0.00|0.00|43.4552|27.8568
17|37|0|90|1.5|13.1|0|42.4|50.6|0.00|0.00|43.4562|27.8568
17|38|0|90|1.5|13.1|0|42.6|50.6|0.00|0.00|43.4563|27.8568
17|39|0|135|1.5|13.1|0|43.2|50.5|0.00|0.00|43.4558|28.4283
17|40|0|135|1.5|13.1|0|43.3|50.5|0.00|0.00|43.4577|28.4283
17|41|0|180|2.9|13.1|0|42.7|50.5|0.00|0.00|43.4569|27.8568
17|42|0|180|0.0|13.1|0|42.6|50.3|0.00|0.00|43.4582|27.8568
17|43|0|180|0.0|13.1|0|42.7|50.3|0.00|0.00|43.4587|27.8568
17|44|0|90|1.6|13.1|0|42.3|50.3|0.00|0.00|43.459|27.8568
17|46|0|135|0.0|13.1|0|42.1|50.3|0.00|0.00|43.4597|27.8568
17|47|0|135|1.5|13.1|0|42.4|50.3|0.00|0.00|43.4606|27.8568
17|48|0|180|2.9|13.1|0|42.5|50.3|0.00|0.00|43.4606|27.8568
17|49|0|180|1.5|13.1|0|42.0|50.3|0.00|0.00|43.4602|27.8568
17|51|0|135|1.5|13.1|0|41.8|50.3|0.00|0.00|43.4621|27.2731
17|52|0|180|0.0|13.1|0|41.7|50.3|0.00|0.00|43.4611|27.2731
17|53|0|180|0.0|13.1|0|41.6|50.3|0.00|0.00|43.4621|27.2731
17|54|0|180|0.0|13.1|0|41.4|50.3|0.00|0.00|43.4644|27.2731
17|55|0|0|0.0|13.1|0|41.3|50.3|0.00|0.00|43.461|27.2731
17|56|0|315|2.9|13.1|0|41.3|50.3|0.00|0.00|43.464|27.2731
17|57|0|315|1.5|13.1|0|41.6|50.3|0.00|0.00|43.4644|27.2731
17|58|0|270|1.5|13.1|0|41.8|50.3|0.00|0.00|43.4628|27.2731
17|59|0|270|1.5|13.1|0|41.5|50.3|0.00|0.00|43.4633|27.2731
18|00|0|270|0.0|13.1|0|41.6|50.2|0.00|0.00|43.4628|27.2731
18|01|0|270|0.0|13.1|0|41.8|50.2|0.00|0.00|43.4626|27.2731
18|02|0|270|0.0|13.1|0|41.7|50.2|0.00|0.00|43.4617|27.2731
18|03|0|270|0.0|13.1|0|41.9|50.2|0.00|0.00|43.4626|27.2731
18|04|0|0|1.5|13.1|0|42.3|50.2|0.00|0.00|43.4665|27.8568
18|05|0|0|0.0|13.1|0|42.0|50.2|0.00|0.00|43.4662|27.8568
18|06|0|0|0.0|13.1|0|42.0|50.3|0.00|0.00|43.4678|27.8568
18|07|0|0|0.0|13.1|0|42.1|50.3|0.00|0.00|43.4661|27.8568
18|08|0|0|0.0|13.1|0|42.0|50.3|0.00|0.00|43.4662|27.8568
18|09|0|0|0.0|13.1|0|42.3|50.3|0.00|0.00|43.4666|27.8568
18|11|0|0|0.0|13.1|0|42.3|50.3|0.00|0.00|43.4683|27.8568
18|12|0|0|0.0|13.1|0|42.3|50.3|0.00|0.00|43.4684|27.8568
18|13|0|315|2.9|13.1|0|42.6|50.3|0.00|0.00|43.469|27.8568
18|14|0|270|0.0|13.1|0|42.2|50.3|0.00|0.00|43.4706|27.8568
18|15|0|0|1.6|13.1|0|42.1|50.3|0.00|0.00|43.4699|27.8568
18|16|0|180|2.9|13.1|0|42.8|50.3|0.00|0.00|43.4701|27.8568
18|18|0|45|2.9|13.1|0|45.5|50.2|0.00|0.00|43.4723|29.5369
18|19|0|0|2.9|13.1|0|46.5|50.1|0.00|0.00|43.4761|30.0749
18|20|0|45|2.9|13.1|0|47.2|50.0|0.00|0.00|43.4785|30.6027
18|21|0|45|4.4|13.1|0|47.3|49.9|0.00|0.00|43.4796|29.6879
18|22|0|45|4.4|13.1|0|47.6|49.7|0.00|0.00|43.4817|29.6879
18|23|0|90|4.8|13.1|0|47.7|49.4|0.00|0.00|43.4827|29.6879
18|25|0|0|4.8|13.1|0|48.0|49.1|0.00|0.00|43.4843|30.2036
18|26|0|45|2.9|13.1|0|48.3|49.0|0.00|0.00|43.4836|30.2036
18|27|0|0|4.4|13.1|0|48.7|48.9|0.00|0.00|43.485|29.2864
18|28|0|23|2.9|13.1|0|49.1|48.8|0.00|0.00|43.4865|29.7905
18|29|0|0|6.4|13.1|0|49.0|48.7|0.00|0.00|43.4866|29.7905
18|31|0|45|5.8|13.1|0|49.0|48.7|0.00|0.00|43.4896|29.7905
18|32|0|0|4.8|13.1|0|49.3|48.5|0.00|0.00|43.4902|29.7905
18|33|0|0|7.3|13.1|0|49.6|48.4|0.00|0.00|43.487|29.7905
18|34|0|0|6.4|13.1|0|49.7|48.3|0.00|0.00|43.4907|29.7905
18|35|0|0|13.1|13.1|0|49.8|48.2|0.00|0.00|43.4874|29.7905
18|36|0|0|4.4|13.1|0|50.1|48.1|0.00|0.00|43.4895|30.2856
18|37|0|0|7.3|13.1|0|50.0|48.1|0.00|0.00|43.4892|30.2856
18|38|0|0|7.3|13.1|0|50.0|47.9|0.00|0.00|43.4877|29.3638
18|39|0|45|2.9|13.1|0|50.4|47.9|0.00|0.00|43.4893|29.3638
18|40|0|0|4.4|13.1|0|50.4|47.7|0.00|0.00|43.4896|29.3638
18|41|0|68|4.4|13.1|0|50.5|47.6|0.00|0.00|43.4906|29.3638
18|42|0|0|4.8|13.1|0|50.8|47.5|0.00|0.00|43.4922|29.3638
18|43|0|0|7.3|13.1|0|51.2|47.4|0.00|0.00|43.4923|29.8481
18|44|0|0|2.9|13.1|0|51.5|47.4|0.00|0.00|43.4937|29.8481
18|45|0|0|7.3|13.1|0|51.4|47.3|0.00|0.00|43.4948|29.8481
18|46|0|0|8.7|13.1|0|51.4|47.3|0.00|0.00|43.4932|29.8481
18|47|0|23|6.5|13.1|0|51.7|47.2|0.00|0.00|43.4954|29.8481
18|48|0|0|8.7|13.1|0|52.0|47.2|0.00|0.00|43.4945|30.3241
18|49|0|0|11.3|17.7|0|51.5|47.1|0.00|0.00|43.4925|29.8481
18|50|0|0|5.8|17.7|0|51.4|47.1|0.00|0.00|43.4977|29.8481
18|52|0|0|11.3|17.7|0|51.8|47.0|0.00|0.00|43.496|29.8481
18|53|0|0|7.3|17.7|0|52.0|47.0|0.00|0.00|43.498|30.3241
18|54|0|0|7.3|17.7|0|52.2|47.0|0.00|0.00|43.4995|30.3241
18|55|0|0|9.7|17.7|0|52.6|46.8|0.00|0.00|43.4997|29.398
18|56|0|315|8.7|17.7|0|53.1|46.7|0.00|0.00|43.4993|29.8639
18|57|0|0|13.1|17.7|0|53.8|46.7|0.00|0.00|43.5006|29.8639
18|58|0|338|4.4|17.7|0|53.5|46.6|0.00|0.00|43.5022|29.8639
18|59|0|0|4.4|17.7|0|54.0|46.7|0.00|0.00|43.504|30.3221
19|01|0|0|4.8|17.7|0|53.6|46.6|0.00|0.00|43.5008|29.8639
19|02|0|0|4.4|17.7|0|53.7|46.5|0.00|0.00|43.5016|29.8639
19|03|0|315|5.8|17.7|0|53.5|46.5|0.00|0.00|43.5011|29.8639
19|04|0|0|4.4|17.7|0|53.6|46.5|0.00|0.00|43.5043|29.8639
19|05|0|45|2.9|17.7|0|54.0|46.5|0.00|0.00|43.5031|30.3221
19|07|0|45|4.4|17.7|0|54.3|46.5|0.00|0.00|43.504|30.3221
19|08|0|0|4.8|17.7|0|54.2|46.5|0.00|0.00|43.5016|30.3221
19|09|0|45|1.5|17.7|0|54.7|46.5|0.00|0.00|43.5012|30.3221
19|10|0|45|5.8|17.7|0|54.7|46.5|0.00|0.00|43.5012|30.3221
19|11|0|45|5.8|17.7|0|54.6|46.5|0.00|0.00|43.5044|30.3221
19|12|0|23|4.4|17.7|0|54.9|46.4|0.00|0.00|43.504|30.3221
19|14|0|23|5.8|17.7|0|54.8|46.3|0.00|0.00|43.5059|30.3221
19|15|0|23|3.2|17.7|0|54.6|46.2|0.00|0.00|43.5048|30.3221
19|16|0|45|4.4|17.7|0|55.2|46.2|0.00|0.00|43.5066|30.7729
19|17|0|45|2.9|17.7|0|55.1|46.2|0.00|0.00|43.5072|30.7729
19|18|0|45|3.2|17.7|0|55.6|46.1|0.00|0.00|43.5064|30.7729
19|19|0|23|2.9|17.7|0|55.9|46.2|0.00|0.00|43.5081|30.7729
19|20|0|45|4.8|17.7|0|55.9|46.1|0.00|0.00|43.5068|30.7729
19|21|0|90|4.4|17.7|0|56.2|46.1|0.00|0.00|43.5092|31.2164
19|22|0|45|2.9|17.7|0|56.7|46.1|0.00|0.00|43.5096|31.2164
19|23|0|45|5.8|17.7|0|57.1|46.1|0.00|0.00|43.5081|31.6531
19|25|0|45|2.9|17.7|0|57.6|46.0|0.00|0.00|43.5101|31.6531
19|26|0|45|3.2|17.7|0|57.6|46.0|0.00|0.00|43.51|31.6531
19|27|0|45|1.5|17.7|0|58.4|46.0|0.00|0.00|43.5095|32.0829
19|28|0|45|1.5|17.7|0|59.1|46.0|0.00|0.00|43.509|32.5063
19|29|0|45|1.6|17.7|0|59.9|46.1|0.00|0.00|43.5104|32.5063
19|30|0|45|1.5|17.7|0|59.7|46.1|0.00|0.00|43.5104|32.5063
19|31|0|45|3.2|17.7|0|59.6|46.1|0.00|0.00|43.5114|32.5063
19|32|0|45|4.4|17.7|0|59.4|46.0|0.00|0.00|43.5096|32.5063
19|33|0|45|3.2|17.7|0|58.0|46.0|0.00|0.00|43.5105|32.0829
19|34|0|45|2.9|17.7|0|58.7|45.8|0.00|0.00|43.5101|31.145
19|35|0|45|2.9|17.7|0|58.8|45.8|0.00|0.00|43.5101|31.145
19|36|0|90|2.9|17.7|0|60.2|45.8|0.00|0.00|43.511|31.9818
19|38|0|90|2.9|17.7|0|61.8|45.7|0.00|0.00|43.5112|32.3909
19|39|0|90|3.2|17.7|0|62.6|45.7|0.00|0.00|43.512|32.7942
19|40|0|90|2.9|17.7|0|62.8|45.7|0.00|0.00|43.5132|32.7942
19|42|0|45|3.2|17.7|0|62.9|45.6|0.00|0.00|43.5119|32.7942
19|43|0|90|2.9|17.7|0|63.1|45.5|0.00|0.00|43.5137|33.1918
19|44|0|45|2.9|17.7|0|62.9|45.4|0.00|0.00|43.5169|32.7942
19|45|0|45|3.2|17.7|0|63.2|45.4|0.00|0.00|43.5163|33.1918
19|46|0|90|2.9|17.7|0|63.2|45.4|0.00|0.00|43.5178|33.1918
19|47|0|45|1.5|17.7|0|63.5|45.3|0.00|0.00|43.5185|33.1918
19|48|0|45|1.5|17.7|0|63.8|45.3|0.00|0.00|43.5197|33.1918
19|49|0|90|2.9|17.7|0|64.0|45.3|0.00|0.00|43.5234|33.5838
19|50|0|45|1.5|17.7|0|64.4|45.2|0.00|0.00|43.5213|33.5838
19|52|0|45|1.5|17.7|0|64.8|45.2|0.00|0.00|43.5226|33.5838
19|53|0|90|4.4|17.7|0|65.3|45.0|0.00|0.00|43.5239|33.9705
19|54|0|90|3.2|17.7|0|65.7|44.9|0.00|0.00|43.5251|33.0199
19|55|0|45|1.5|17.7|0|65.8|44.9|0.00|0.00|43.5275|33.0199
19|56|0|90|3.2|17.7|0|65.8|44.9|0.00|0.00|43.5291|33.0199
19|58|0|90|2.9|17.7|0|66.3|44.7|0.00|0.00|43.5283|33.3997
19|59|0|90|1.5|17.7|0|66.9|44.7|0.00|0.00|43.5255|33.3997
20|00|0|90|2.9|17.7|0|67.5|44.6|0.00|0.00|43.5271|33.7744
20|01|0|45|4.4|17.7|0|68.1|44.5|0.00|0.00|43.5271|34.1442
20|02|0|90|2.9|17.7|0|67.9|44.4|0.00|0.00|43.5252|33.7744
20|03|0|90|1.5|17.7|0|68.3|44.4|0.00|0.00|43.5263|34.1442
20|05|0|90|5.8|17.7|0|69.1|44.3|0.00|0.00|43.5275|34.5092
20|06|0|90|4.4|17.7|0|69.6|44.0|0.00|0.00|43.5259|34.5092
20|07|0|45|2.9|17.7|0|70.3|44.0|0.00|0.00|43.528|34.8696
20|08|0|90|2.9|17.7|0|71.2|44.0|0.00|0.00|43.5294|35.2254
20|09|0|45|4.8|17.7|0|71.5|43.8|0.00|0.00|43.5247|34.2649
20|10|0|45|2.9|17.7|0|71.7|43.8|0.00|0.00|43.5305|34.2649
20|11|0|90|2.9|17.7|0|72.3|43.7|0.00|0.00|43.5298|34.6148
20|12|0|90|2.9|17.7|0|72.7|43.7|0.00|0.00|43.5331|34.6148
20|13|0|90|3.2|17.7|0|72.7|43.6|0.00|0.00|43.5344|34.6148
20|14|0|90|1.6|17.7|0|72.7|43.5|0.00|0.00|43.5362|34.6148
20|15|0|45|4.4|17.7|0|72.3|43.4|0.00|0.00|43.5369|34.6148
20|17|0|90|2.9|17.7|0|72.9|43.2|0.00|0.00|43.537|34.6148
20|18|0|90|4.4|17.7|0|73.0|43.2|0.00|0.00|43.5379|34.9604
20|19|0|90|5.8|17.7|0|72.9|43.0|0.00|0.00|43.5366|34.6148
20|20|0|90|4.4|17.7|0|73.5|42.9|0.00|0.00|43.5352|33.9968
20|21|0|90|4.4|17.7|0|74.2|42.8|0.00|0.00|43.5355|34.3367
20|22|0|90|3.2|17.7|0|74.9|42.8|0.00|0.00|43.5352|34.3367
20|23|0|45|2.9|17.7|0|75.5|42.7|0.00|0.00|43.5363|34.6726
20|24|0|90|1.5|17.7|0|76.1|42.7|0.00|0.00|43.5369|35.0046
20|25|0|90|2.9|17.7|0|76.6|42.6|0.00|0.00|43.5363|35.0046
20|26|0|180|4.4|17.7|0|77.0|42.6|0.00|0.00|43.5393|35.3327
20|29|0|90|3.2|17.7|0|77.3|42.3|0.01|0.01|43.5438|35.3327
20|30|0|90|2.9|17.7|0|77.4|42.2|0.01|0.01|43.5454|35.3327
20|31|0|45|4.4|17.7|0|77.7|42.1|0.01|0.01|43.5457|35.3327
20|33|0|90|4.4|17.7|0|77.8|42.0|0.01|0.01|43.546|35.3327
20|34|0|90|2.9|17.7|0|78.1|41.9|0.01|0.01|43.5471|34.6859
20|35|0|90|2.9|17.7|0|78.6|41.9|0.01|0.01|43.5482|34.6859
20|36|0|90|1.5|17.7|0|79.2|41.9|0.01|0.01|43.5494|35.0051
20|38|0|90|1.6|17.7|0|79.7|41.9|0.01|0.01|43.5497|35.0051
20|39|0|45|4.4|17.7|0|79.8|41.9|0.01|0.01|43.5508|35.0051
20|40|0|90|3.2|17.7|0|79.8|41.9|0.01|0.01|43.5499|35.0051
20|41|0|68|1.5|17.7|0|80.6|41.9|0.01|0.01|43.5495|35.3209
20|43|0|90|2.9|17.7|0|81.1|41.9|0.01|0.01|43.5488|35.6331
20|44|0|45|1.5|17.7|0|80.9|42.0|0.01|0.01|43.5515|36.295
20|45|0|135|3.2|17.7|0|80.9|42.0|0.01|0.01|43.5496|36.295
20|46|0|90|1.5|17.7|0|81.0|42.0|0.01|0.01|43.5492|36.6087
20|47|0|45|2.9|17.7|0|81.2|42.0|0.01|0.01|43.5489|36.6087
20|49|0|90|2.9|17.7|0|81.5|42.0|0.01|0.01|43.5512|36.6087
20|50|0|90|0.0|17.7|0|81.5|42.0|0.01|0.01|43.5514|36.6087
20|51|0|135|1.5|17.7|0|81.6|42.0|0.01|0.01|43.5504|36.6087
20|52|0|135|3.2|17.7|0|81.4|42.0|0.01|0.01|43.5495|36.6087
20|53|0|90|1.5|17.7|0|81.3|42.0|0.01|0.01|43.552|36.6087
20|54|0|135|1.6|17.7|0|81.5|42.0|0.01|0.01|43.5513|36.6087
20|55|0|90|2.9|17.7|0|81.8|41.9|0.01|0.01|43.5519|35.6331
20|56|0|135|2.9|17.7|0|81.5|41.9|0.01|0.01|43.5528|35.6331
20|57|0|113|3.2|17.7|0|81.5|41.9|0.01|0.01|43.5551|35.6331
21|00|0|90|3.2|17.7|0|81.5|41.8|0.01|0.01|43.5551|35.6331
21|01|0|90|2.9|17.7|0|81.7|41.9|0.01|0.01|43.5566|35.6331
21|02|0|90|1.6|17.7|0|81.7|41.8|0.01|0.01|43.5568|35.6331
21|04|0|135|1.6|17.7|0|81.8|41.8|0.02|0.02|43.5559|35.6331
21|06|0|90|1.6|17.7|0|82.6|41.8|0.02|0.02|43.5577|35.942
21|08|0|135|1.5|17.7|0|82.9|41.8|0.02|0.02|43.5614|35.942
21|09|0|135|2.9|17.7|0|83.2|41.8|0.02|0.02|43.5623|36.2476
21|10|0|135|2.9|17.7|0|83.2|41.8|0.02|0.02|43.5614|36.2476
21|11|0|135|1.5|17.7|0|83.2|41.8|0.03|0.03|43.5612|36.2476
21|12|0|135|1.5|17.7|0|83.1|41.8|0.03|0.03|43.5621|36.2476
21|13|0|90|1.5|17.7|0|83.3|41.8|0.03|0.03|43.5631|36.2476
21|14|0|135|1.6|17.7|0|83.4|41.8|0.03|0.03|43.5616|36.2476
21|15|0|113|0.0|17.7|0|83.5|41.8|0.03|0.03|43.5628|36.2476
21|16|0|135|0.0|17.7|0|83.7|41.8|0.03|0.03|43.5645|36.2476
21|17|0|90|0.0|17.7|0|84.0|41.8|0.03|0.03|43.5648|36.5499
21|18|0|113|2.9|17.7|0|84.2|41.8|0.03|0.03|43.5649|36.5499
21|20|0|90|1.5|17.7|0|84.0|41.8|0.03|0.03|43.5648|36.5499
21|21|0|90|1.5|17.7|0|83.8|41.8|0.03|0.03|43.5624|36.2476
21|23|0|90|1.6|17.7|0|84.1|41.8|0.03|0.03|43.5599|36.5499
21|24|0|90|1.5|17.7|0|84.5|41.8|0.03|0.03|43.5609|36.5499
21|25|0|90|1.6|17.7|0|84.8|41.8|0.03|0.03|43.5607|36.5499
21|26|0|90|1.5|17.7|0|84.8|41.8|0.02|0.03|43.5614|36.5499
21|27|0|90|0.0|17.7|0|84.9|41.8|0.02|0.03|43.5613|36.5499
21|28|0|90|3.2|17.7|0|85.0|41.8|0.02|0.03|43.5612|36.8491
21|29|0|90|1.5|17.7|0|84.9|41.8|0.02|0.03|43.5621|36.5499
21|30|0|90|3.2|17.7|0|84.8|41.8|0.02|0.03|43.563|36.5499
21|31|0|135|1.5|17.7|0|85.1|41.7|0.02|0.03|43.5608|36.8491
21|32|0|90|1.6|17.7|0|85.2|41.8|0.02|0.03|43.5641|36.8491
21|33|0|135|1.5|17.7|0|85.3|41.8|0.02|0.03|43.565|36.8491
21|34|0|135|0.0|17.7|0|85.3|41.8|0.02|0.03|43.5681|36.8491
21|35|0|135|1.5|17.7|0|85.6|41.8|0.02|0.03|43.5651|36.8491
21|36|0|135|0.0|17.7|0|85.8|41.8|0.02|0.03|43.5662|36.8491
21|38|0|113|1.5|17.7|0|85.8|41.8|0.02|0.03|43.5676|36.8491
21|39|0|113|1.5|17.7|0|85.8|41.8|0.02|0.03|43.5667|36.8491
21|41|0|113|1.5|17.7|0|85.9|41.8|0.02|0.03|43.5676|36.8491
21|42|0|113|0.0|17.7|0|85.8|41.8|0.02|0.03|43.5682|36.8491
21|43|0|135|1.5|17.7|0|85.7|41.8|0.02|0.03|43.5682|36.8491
21|44|0|90|1.6|17.7|0|85.7|41.8|0.02|0.03|43.5674|36.8491
21|45|0|90|1.5|17.7|0|85.3|41.9|0.02|0.03|43.5696|36.8491
21|47|0|90|1.5|17.7|0|85.0|41.9|0.02|0.03|43.5699|36.8491
21|48|0|90|1.5|17.7|0|84.8|41.8|0.02|0.03|43.5684|36.5499
21|49|0|135|1.6|17.7|0|84.1|41.8|0.02|0.03|43.5704|36.5499
21|50|0|90|1.5|17.7|0|84.4|41.8|0.02|0.03|43.5702|36.5499
21|51|0|90|1.6|17.7|0|84.5|41.8|0.02|0.03|43.5692|36.5499
21|52|0|135|1.5|17.7|0|84.5|41.9|0.02|0.03|43.5697|36.5499
21|53|0|90|2.9|17.7|0|84.3|41.8|0.02|0.03|43.5718|36.5499
21|55|0|90|1.5|17.7|0|84.1|41.8|0.02|0.03|43.5729|36.5499
21|56|0|135|0.0|17.7|0|84.0|41.8|0.02|0.03|43.5728|36.5499
21|58|0|90|1.5|17.7|0|83.9|41.8|0.02|0.03|43.5724|36.2476
21|59|0|135|1.5|17.7|0|83.9|41.8|0.02|0.03|43.5722|36.2476
22|00|0|90|1.6|17.7|0|83.9|41.9|0.02|0.03|43.5712|36.2476
22|01|0|90|1.5|17.7|0|84.0|41.8|0.02|0.03|43.5714|36.5499
22|02|0|135|1.6|17.7|0|83.9|41.8|0.02|0.03|43.5714|36.2476
22|03|0|45|1.6|17.7|0|83.8|41.8|0.01|0.03|43.572|36.2476
22|04|0|45|2.9|17.7|0|83.7|41.8|0.01|0.03|43.5749|36.2476
22|05|0|90|1.6|17.7|0|83.4|41.8|0.01|0.03|43.5736|36.2476
22|06|0|135|2.9|17.7|0|83.7|41.8|0.01|0.03|43.5736|36.2476
22|07|0|135|1.5|17.7|0|84.1|41.8|0.01|0.03|43.5736|36.5499
22|08|0|135|0.0|17.7|0|84.2|41.8|0.01|0.03|43.5749|36.5499
22|09|0|90|1.5|17.7|0|84.3|41.8|0.01|0.03|43.5741|36.5499
22|10|0|135|1.5|17.7|0|84.1|41.9|0.01|0.03|43.5772|36.5499
22|11|0|135|1.5|17.7|0|84.1|41.8|0.00|0.03|43.5758|36.5499
22|13|0|135|1.6|17.7|0|84.3|41.9|0.00|0.03|43.5745|36.5499
22|14|0|135|0.0|17.7|0|84.3|41.9|0.00|0.03|43.5745|36.5499
22|15|0|135|0.0|17.7|0|84.2|41.9|0.00|0.03|43.5758|36.5499
22|16|0|135|1.6|17.7|0|84.3|41.9|0.00|0.03|43.5764|36.5499
22|17|0|135|1.5|17.7|0|84.1|41.9|0.00|0.03|43.5763|36.5499
22|19|0|90|1.6|17.7|0|83.5|41.9|0.00|0.03|43.5751|36.2476
22|20|0|90|1.5|17.7|0|83.4|41.9|0.00|0.03|43.5773|36.2476
22|22|0|135|1.6|17.7|0|82.6|41.9|0.00|0.03|43.5754|35.942
22|23|0|179|1.5|17.7|0|82.9|41.9|0.00|0.03|43.5743|35.942
22|24|0|90|0.0|17.7|0|83.3|41.9|0.00|0.03|43.576|36.2476
22|25|0|90|0.0|17.7|0|83.3|41.9|0.00|0.03|43.5749|36.2476
22|26|0|179|0.0|17.7|0|83.5|41.9|0.00|0.03|43.5753|36.2476
22|27|0|90|0.0|17.7|0|83.7|42.0|0.00|0.03|43.5757|37.2259
22|28|0|90|0.0|17.7|0|83.8|42.0|0.00|0.03|43.5764|37.2259
22|29|0|90|0.0|17.7|0|83.8|42.0|0.00|0.03|43.5763|37.2259
22|30|0|135|1.5|17.7|0|83.7|42.0|0.00|0.03|43.5759|37.2259
22|32|0|135|1.6|17.7|0|83.6|42.0|0.00|0.03|43.5749|37.2259
22|33|0|135|1.5|17.7|0|83.6|42.0|0.00|0.03|43.5749|37.2259
22|34|0|135|1.5|17.7|0|83.6|42.0|0.00|0.03|43.5751|37.2259
22|35|0|135|1.5|17.7|0|83.6|42.1|0.00|0.03|43.5775|37.2259
22|36|0|135|1.6|17.7|0|83.5|42.0|0.00|0.03|43.5759|37.2259
22|38|0|135|1.5|17.7|0|83.4|42.1|0.00|0.03|43.5779|37.2259
22|39|0|135|1.5|17.7|0|83.2|42.1|0.00|0.03|43.5756|37.2259
22|40|0|135|1.5|17.7|0|83.4|42.1|0.00|0.03|43.5738|37.2259
22|41|0|135|1.5|17.7|0|83.5|42.2|0.00|0.03|43.5743|37.2259
22|42|0|135|0.0|17.7|0|83.5|42.1|0.00|0.03|43.5733|37.2259
22|43|0|135|2.9|17.7|0|83.8|42.1|0.00|0.03|43.5733|37.2259
22|44|0|135|1.5|17.7|0|84.0|42.1|0.00|0.03|43.574|37.5296
22|47|0|135|4.4|17.7|0|84.3|42.1|0.00|0.03|43.5735|37.5296
22|48|0|135|2.9|17.7|0|83.2|42.1|0.00|0.03|43.5742|37.2259
22|49|0|135|2.9|17.7|0|82.5|42.0|0.00|0.03|43.5749|36.9189
22|52|0|135|2.9|17.7|0|82.4|42.0|0.00|0.03|43.5728|36.9189
22|53|0|135|1.6|17.7|0|81.8|41.9|0.00|0.03|43.5727|35.6331
22|54|0|135|1.5|17.7|0|81.9|41.9|0.00|0.03|43.5711|35.6331
22|56|0|180|2.9|17.7|0|82.2|41.9|0.00|0.03|43.5716|35.942
22|58|0|135|3.2|17.7|0|82.1|42.0|0.00|0.03|43.5721|36.9189
22|59|0|180|1.5|17.7|0|81.9|41.9|0.00|0.03|43.5703|35.6331
23|00|0|180|2.9|17.7|0|81.7|41.9|0.00|0.03|43.5711|35.6331
23|02|0|158|2.9|17.7|0|82.3|41.8|0.01|0.04|43.5714|35.942
23|03|0|135|4.4|17.7|0|82.2|41.8|0.01|0.04|43.5721|35.942
23|04|0|135|4.8|17.7|0|81.9|41.8|0.01|0.04|43.5726|35.6331
23|05|0|135|1.5|17.7|0|82.0|41.7|0.01|0.04|43.5721|35.942
23|06|0|135|4.4|17.7|0|82.3|41.7|0.01|0.04|43.5708|35.942
23|07|0|135|3.2|17.7|0|82.4|41.7|0.01|0.04|43.5735|35.942
23|09|0|135|1.5|17.7|0|82.8|41.7|0.01|0.04|43.5725|35.942
23|10|0|135|1.5|17.7|0|83.1|41.7|0.01|0.04|43.5729|36.2476
23|11|0|135|1.5|17.7|0|83.5|41.8|0.01|0.04|43.5736|36.2476
23|12|0|135|1.5|17.7|0|83.8|41.8|0.01|0.04|43.5716|36.2476
23|13|0|180|2.9|17.7|0|83.8|41.8|0.01|0.04|43.5717|36.2476
23|14|0|135|1.5|17.7|0|83.8|41.8|0.01|0.04|43.5712|36.2476
23|15|0|135|1.6|17.7|0|83.8|41.8|0.01|0.04|43.5722|36.2476
23|16|0|135|2.9|17.7|0|83.7|41.8|0.01|0.04|43.5704|36.2476
23|17|0|135|1.6|17.7|0|83.1|41.8|0.01|0.04|43.5684|36.2476
23|18|0|180|2.9|17.7|0|82.9|41.8|0.01|0.04|43.5694|35.942
23|19|0|135|2.9|17.7|0|82.8|41.8|0.01|0.04|43.5696|35.942
23|20|0|135|0.0|17.7|0|82.8|41.7|0.01|0.04|43.568|35.942
23|22|0|135|0.0|17.7|0|82.9|41.8|0.01|0.04|43.5719|35.942
23|23|0|135|0.0|17.7|0|82.9|41.8|0.01|0.04|43.5721|35.942
23|24|0|135|1.5|17.7|0|83.0|41.8|0.01|0.04|43.5703|36.2476
23|26|0|135|0.0|17.7|0|83.0|41.8|0.01|0.04|43.5738|36.2476
23|27|0|135|1.5|17.7|0|83.1|41.8|0.01|0.04|43.5704|36.2476
23|29|0|135|1.5|17.7|0|83.4|41.8|0.01|0.04|43.5697|36.2476
23|30|0|135|2.9|17.7|0|83.7|41.8|0.01|0.04|43.5696|36.2476
23|32|0|135|1.5|17.7|0|83.3|41.8|0.01|0.04|43.572|36.2476
23|33|0|135|3.2|17.7|0|83.2|41.8|0.01|0.04|43.5721|36.2476
23|34|0|180|1.5|17.7|0|83.3|41.7|0.01|0.04|43.5735|36.2476
23|35|0|135|4.4|17.7|0|83.5|41.7|0.01|0.04|43.5727|36.2476
23|36|0|135|4.4|17.7|0|83.6|41.7|0.01|0.04|43.5727|36.2476
23|37|0|135|4.4|17.7|0|83.2|41.6|0.01|0.04|43.5731|36.2476
23|38|0|135|2.9|17.7|0|83.3|41.6|0.01|0.04|43.5734|36.2476
23|39|0|90|2.9|17.7|0|83.7|41.6|0.01|0.04|43.5738|36.2476
23|40|0|135|4.4|17.7|0|83.7|41.5|0.01|0.04|43.5738|36.2476
23|41|0|135|1.5|17.7|0|83.8|41.6|0.01|0.04|43.5779|36.2476
23|42|0|158|3.2|17.7|0|84.2|41.5|0.01|0.04|43.5761|36.5499
23|45|0|135|1.6|17.7|0|84.6|41.6|0.01|0.04|43.5788|36.5499
23|46|0|180|4.4|17.7|0|84.7|41.5|0.01|0.04|43.5747|36.5499
23|47|0|135|3.2|17.7|0|84.6|41.6|0.01|0.04|43.5776|36.5499
23|48|0|135|1.5|17.7|0|84.6|41.6|0.01|0.04|43.5786|36.5499
23|49|0|135|1.5|17.7|0|84.8|41.5|0.01|0.04|43.5788|36.5499
23|50|0|135|4.4|17.7|0|84.6|41.3|0.01|0.04|43.5754|36.5499
23|51|0|158|1.5|17.7|0|84.9|41.5|0.01|0.04|43.5777|36.5499
23|52|0|135|1.6|17.7|0|85.2|41.5|0.01|0.04|43.5768|36.8491
23|53|0|135|2.9|17.7|0|85.1|41.5|0.01|0.04|43.5799|36.8491
23|54|0|135|3.2|17.7|0|85.0|41.5|0.01|0.04|43.579|36.8491
23|55|0|180|4.4|17.7|0|84.8|41.3|0.01|0.04|43.5766|36.5499
23|56|0|135|1.6|17.7|0|84.9|41.3|0.01|0.04|43.5799|36.5499
23|57|0|135|2.9|17.7|0|85.1|41.3|0.01|0.04|43.5786|36.8491
23|58|0|135|1.6|17.7|0|84.8|41.3|0.01|0.04|43.578|36.5499
23|59|0|135|1.5|17.7|0|84.8|41.5|0.01|0.04|43.5789|36.5499
