00|01|0|270|0.0|11.6|0|45.6|53.4|0.00|0.00|43.8536|32.2666
00|02|0|270|0.0|11.6|0|45.5|53.5|0.00|0.00|43.857|32.2666
00|03|0|180|0.0|11.6|0|45.6|53.4|0.00|0.00|43.8552|32.2666
00|04|0|180|0.0|11.6|0|46.0|53.4|0.00|0.00|43.8548|32.8115
00|05|0|180|0.0|11.6|0|46.2|53.3|0.00|0.00|43.8551|32.8115
00|06|0|180|1.5|11.6|0|46.4|53.3|0.00|0.00|43.8553|32.8115
00|07|0|180|0.0|11.6|0|46.5|53.3|0.00|0.00|43.8563|32.8115
00|08|0|180|0.0|11.6|0|46.3|53.2|0.00|0.00|43.8571|32.8115
00|10|0|90|0.0|11.6|0|45.8|53.0|0.00|0.00|43.8585|32.2666
00|11|0|90|0.0|11.6|0|45.0|52.9|0.00|0.00|43.8569|31.3569
00|12|0|315|0.0|11.6|0|45.3|52.9|0.00|0.00|43.8587|31.3569
00|13|0|315|1.6|11.6|0|50.0|52.8|0.00|0.00|43.8612|33.9708
00|14|0|315|1.5|11.6|0|52.4|52.7|0.00|0.00|43.8605|34.9521
00|15|0|315|0.0|11.6|0|52.8|52.5|0.00|0.00|43.8603|34.9521
00|16|0|0|1.5|11.6|0|53.0|52.4|0.00|0.00|43.8614|35.4303
00|18|0|0|1.6|11.6|0|52.7|52.1|0.00|0.00|43.8599|34.9521
00|19|0|0|1.5|11.6|0|53.5|51.9|0.00|0.00|43.8595|34.5029
00|20|0|0|0.0|11.6|0|53.5|51.8|0.00|0.00|43.8569|34.5029
00|21|0|0|0.0|11.6|0|52.3|51.7|0.00|0.00|43.8586|34.0268
00|22|0|135|0.0|11.6|0|51.0|51.6|0.00|0.00|43.8571|33.5425
00|23|0|135|0.0|11.6|0|52.0|51.5|0.00|0.00|43.859|34.0268
00|24|0|135|0.0|11.6|0|52.7|51.3|0.00|0.00|43.8597|34.0268
00|25|0|135|0.0|11.6|0|52.6|51.2|0.00|0.00|43.8592|34.0268
00|26|0|135|0.0|11.6|0|52.7|51.2|0.00|0.00|43.8612|34.0268
00|28|0|135|0.0|11.6|0|52.8|51.1|0.00|0.00|43.8603|34.0268
00|29|0|135|1.5|11.6|0|52.8|51.1|0.00|0.00|43.8611|34.0268
00|30|0|135|1.6|11.6|0|53.1|51.0|0.00|0.00|43.8611|34.5029
00|31|0|135|1.5|11.6|0|53.7|51.0|0.00|0.00|43.8614|34.5029
00|32|0|135|0.0|11.6|0|53.7|50.9|0.00|0.00|43.8625|33.5754
00|33|0|135|0.0|11.6|0|53.0|50.9|0.00|0.00|43.8627|33.5754
00|34|0|135|1.6|11.6|0|52.4|50.8|0.00|0.00|43.8641|33.1014
00|36|0|180|1.6|11.6|0|52.0|50.8|0.00|0.00|43.8656|33.1014
00|37|0|180|0.0|11.6|0|51.5|50.8|0.00|0.00|43.8652|32.6192
00|38|0|180|0.0|11.6|0|51.0|50.7|0.00|0.00|43.8646|32.6192
00|39|0|180|0.0|11.6|0|50.9|50.8|0.00|0.00|43.8672|32.1285
00|40|0|180|0.0|11.6|0|50.6|50.7|0.00|0.00|43.8647|32.1285
00|41|0|180|0.0|11.6|0|50.4|50.8|0.00|0.00|43.8666|32.1285
00|42|0|180|0.0|11.6|0|50.2|50.8|0.00|0.00|43.8671|32.1285
00|43|0|180|1.6|11.6|0|49.8|50.8|0.00|0.00|43.8659|31.6291
00|44|0|180|0.0|11.6|0|50.1|50.8|0.00|0.00|43.8653|32.1285
00|45|0|180|0.0|11.6|0|50.3|50.8|0.00|0.00|43.8657|32.1285
00|46|0|180|0.0|11.6|0|49.5|50.8|0.00|0.00|43.865|31.6291
00|47|0|180|0.0|11.6|0|48.8|50.8|0.00|0.00|43.8651|31.1206
00|48|0|180|0.0|11.6|0|48.8|50.8|0.00|0.00|43.8657|31.1206
00|49|0|180|0.0|11.6|0|48.9|50.9|0.00|0.00|43.8657|31.1206
00|50|0|180|0.0|11.6|0|49.0|50.9|0.00|0.00|43.8656|31.6291
00|51|0|180|0.0|11.6|0|48.6|50.9|0.00|0.00|43.8655|31.1206
00|53|0|180|0.0|11.6|0|48.4|50.9|0.00|0.00|43.865|31.1206
00|54|0|180|0.0|11.6|0|48.3|50.9|0.00|0.00|43.8661|31.1206
00|55|0|180|0.0|11.6|0|48.3|50.9|0.00|0.00|43.8659|31.1206
00|56|0|180|0.0|11.6|0|48.4|50.9|0.00|0.00|43.8643|31.1206
00|57|0|180|0.0|11.6|0|48.6|50.9|0.00|0.00|43.8664|31.1206
00|58|0|180|0.0|11.6|0|49.8|51.0|0.00|0.00|43.8674|32.5482
00|59|0|180|0.0|11.6|0|50.0|50.9|0.00|0.00|43.866|32.1285
01|00|0|180|0.0|11.6|0|48.5|50.9|0.00|0.00|43.8681|31.1206
01|01|0|180|0.0|11.6|0|48.6|50.9|0.00|0.00|43.866|31.1206
01|02|0|180|0.0|11.6|0|49.0|50.8|0.00|0.00|43.8674|31.6291
01|03|0|180|0.0|11.6|0|49.6|50.8|0.00|0.00|43.8678|31.6291
01|04|0|180|0.0|11.6|0|49.5|50.7|0.00|0.00|43.8656|31.6291
01|05|0|180|0.0|11.6|0|49.0|50.7|0.00|0.00|43.8668|31.6291
01|06|0|180|0.0|11.6|0|48.7|50.7|0.00|0.00|43.8655|31.1206
01|07|0|180|0.0|11.6|0|48.8|50.7|0.00|0.00|43.8672|31.1206
01|08|0|180|0.0|11.6|0|48.9|50.6|0.00|0.00|43.8665|31.1206
01|10|0|180|0.0|11.6|0|49.0|50.6|0.00|0.00|43.866|31.6291
01|11|0|180|0.0|11.6|0|49.2|50.6|0.00|0.00|43.8652|31.6291
01|12|0|180|0.0|11.6|0|49.8|50.6|0.00|0.00|43.8655|31.6291
01|14|0|180|0.0|11.6|0|50.8|50.5|0.00|0.00|43.8646|32.1285
01|15|0|180|0.0|11.6|0|51.1|50.5|0.00|0.00|43.8649|32.6192
01|16|0|45|0.0|11.6|0|51.2|50.3|0.00|0.00|43.8636|32.6192
01|17|0|45|0.0|11.6|0|51.2|50.3|0.00|0.00|43.8643|32.6192
01|18|0|45|0.0|11.6|0|51.0|50.3|0.00|0.00|43.8632|32.6192
01|19|0|135|0.0|11.6|0|51.1|50.2|0.00|0.00|43.8637|32.6192
01|20|0|135|0.0|11.6|0|51.2|50.2|0.00|0.00|43.8645|32.6192
01|21|0|135|0.0|11.6|0|51.3|50.1|0.00|0.00|43.8628|32.6192
01|22|0|135|0.0|11.6|0|51.2|50.0|0.00|0.00|43.8625|32.6192
01|23|0|135|0.0|11.6|0|51.2|50.0|0.00|0.00|43.8615|32.6192
01|24|0|180|1.6|11.6|0|51.2|49.8|0.00|0.00|43.859|31.6956
01|25|0|135|0.0|11.6|0|51.1|49.8|0.00|0.00|43.8595|31.6956
01|26|0|135|0.0|11.6|0|51.1|49.7|0.00|0.00|43.8584|31.6956
01|27|0|180|0.0|11.6|0|51.2|49.7|0.00|0.00|43.8599|31.6956
01|28|0|180|1.6|11.6|0|51.2|49.5|0.00|0.00|43.8584|31.6956
01|29|0|180|1.6|11.6|0|51.0|49.4|0.00|0.00|43.8594|31.6956
01|31|0|180|1.5|11.6|0|51.0|49.4|0.00|0.00|43.8616|31.6956
01|32|0|180|0.0|11.6|0|50.9|49.3|0.00|0.00|43.8587|31.2071
01|33|0|180|0.0|11.6|0|50.3|49.3|0.00|0.00|43.8608|31.2071
01|34|0|180|0.0|11.6|0|50.2|49.3|0.00|0.00|43.86|31.2071
01|35|0|45|0.0|11.6|0|49.6|49.3|0.00|0.00|43.8618|30.7099
01|36|0|45|0.0|11.6|0|49.4|49.2|0.00|0.00|43.8616|30.7099
01|37|0|90|0.0|11.6|0|49.1|49.2|0.00|0.00|43.8619|30.7099
01|38|0|45|0.0|11.6|0|49.2|49.2|0.00|0.00|43.8625|30.7099
01|40|0|90|1.5|11.6|0|49.9|49.2|0.00|0.00|43.8616|30.7099
01|41|0|90|1.6|11.6|0|50.1|49.2|0.00|0.00|43.8617|31.2071
01|42|0|90|0.0|11.6|0|49.8|49.1|0.00|0.00|43.862|30.7099
01|43|0|90|0.0|11.6|0|49.9|49.1|0.00|0.00|43.8609|30.7099
01|44|0|135|0.0|11.6|0|50.3|49.1|0.00|0.00|43.8621|31.2071
01|45|0|135|0.0|11.6|0|50.5|49.1|0.00|0.00|43.8625|31.2071
01|46|0|180|1.6|11.6|0|50.6|49.0|0.00|0.00|43.8599|31.2071
01|47|0|135|1.5|11.6|0|50.7|48.9|0.00|0.00|43.8601|30.2856
01|48|0|135|1.5|11.6|0|50.7|48.9|0.00|0.00|43.8592|30.2856
01|51|0|135|0.0|11.6|0|51.0|48.8|0.00|0.00|43.858|30.772
01|52|0|90|1.6|11.6|0|51.1|48.8|0.00|0.00|43.859|30.772
01|53|0|90|1.6|11.6|0|51.3|48.8|0.00|0.00|43.8562|30.772
01|54|0|90|1.5|11.6|0|51.2|48.7|0.00|0.00|43.8574|30.772
01|56|0|90|1.5|11.6|0|51.4|48.5|0.00|0.00|43.8556|30.772
01|57|0|90|1.5|11.6|0|51.5|48.5|0.00|0.00|43.8542|30.772
01|58|0|90|0.0|11.6|0|51.2|48.4|0.00|0.00|43.8537|30.772
01|59|0|45|0.0|11.6|0|50.8|48.4|0.00|0.00|43.8539|30.2856
02|00|0|90|1.5|11.6|0|50.4|48.3|0.00|0.00|43.8517|30.2856
02|01|0|90|1.6|11.6|0|49.9|48.4|0.00|0.00|43.8535|29.7905
02|02|0|90|2.9|11.6|0|49.2|48.3|0.00|0.00|43.8509|29.7905
02|03|0|135|1.6|11.6|0|49.0|48.3|0.00|0.00|43.8513|29.7905
02|04|0|135|1.5|11.6|0|48.8|48.3|0.00|0.00|43.8496|29.2864
02|05|0|135|1.6|11.6|0|49.2|48.4|0.00|0.00|43.8512|29.7905
02|06|0|90|1.5|11.6|0|49.1|48.4|0.00|0.00|43.8513|29.7905
02|07|0|135|1.5|11.6|0|48.8|48.4|0.00|0.00|43.8505|29.2864
02|08|0|90|2.9|11.6|0|48.2|48.5|0.00|0.00|43.851|29.2864
02|11|0|68|3.2|11.6|0|47.1|48.7|0.00|0.00|43.852|28.7729
02|12|0|113|2.9|11.6|0|46.5|48.7|0.00|0.00|43.852|28.2496
02|13|0|90|1.5|11.6|0|46.0|48.8|0.00|0.00|43.8521|28.2496
02|14|0|90|2.9|11.6|0|45.7|48.9|0.00|0.00|43.8535|27.7162
02|16|0|135|2.9|11.6|0|44.8|49.0|0.00|0.00|43.8532|28.0802
02|17|0|90|1.5|11.6|0|44.3|49.1|0.00|0.00|43.8529|28.0802
02|18|0|135|3.2|11.6|0|44.3|49.2|0.00|0.00|43.8507|28.0802
02|19|0|135|1.5|11.6|0|43.9|49.3|0.00|0.00|43.8521|27.5228
02|20|0|90|1.5|11.6|0|43.8|49.3|0.00|0.00|43.8506|27.5228
02|21|0|90|1.6|11.6|0|43.7|49.4|0.00|0.00|43.8522|27.5228
02|22|0|90|1.5|11.6|0|43.6|49.5|0.00|0.00|43.8536|27.5228
02|23|0|135|1.5|11.6|0|43.5|49.4|0.00|0.00|43.8499|27.5228
02|24|0|135|1.5|11.6|0|43.6|49.5|0.00|0.00|43.8516|27.5228
02|25|0|90|1.5|11.6|0|43.4|49.7|0.00|0.00|43.8517|27.5228
02|27|0|135|1.5|11.6|0|42.8|49.7|0.00|0.00|43.8509|26.9537
02|28|0|90|2.9|11.6|0|42.7|49.8|0.00|0.00|43.8514|26.9537
02|29|0|90|1.6|11.6|0|42.5|49.8|0.00|0.00|43.8519|26.9537
02|30|0|90|0.0|11.6|0|42.3|49.8|0.00|0.00|43.8535|26.9537
02|31|0|90|1.5|11.6|0|42.2|49.8|0.00|0.00|43.8523|26.9537
02|32|0|90|1.6|11.6|0|42.1|49.8|0.00|0.00|43.8541|26.9537
02|33|0|90|1.5|11.6|0|42.0|49.8|0.00|0.00|43.8537|26.9537
02|34|0|113|1.6|11.6|0|42.2|49.8|0.00|0.00|43.8539|26.9537
02|35|0|90|1.5|11.6|0|42.2|49.8|0.00|0.00|43.8549|26.9537
02|36|0|90|1.5|11.6|0|42.2|49.8|0.00|0.00|43.8532|26.9537
02|37|0|90|2.9|11.6|0|42.2|49.8|0.00|0.00|43.8529|26.9537
02|38|0|135|0.0|11.6|0|42.1|49.8|0.00|0.00|43.8548|26.9537
02|39|0|135|1.5|11.6|0|42.3|49.8|0.00|0.00|43.8525|26.9537
02|40|0|135|0.0|11.6|0|42.4|49.8|0.00|0.00|43.8497|26.9537
02|41|0|90|1.5|11.6|0|42.5|49.8|0.00|0.00|43.8503|26.9537
02|42|0|135|1.6|11.6|0|42.7|49.7|0.00|0.00|43.8467|26.9537
02|43|0|135|0.0|11.6|0|43.0|49.8|0.00|0.00|43.8482|27.5228
02|44|0|90|1.6|11.6|0|42.9|49.7|0.00|0.00|43.8485|26.9537
02|46|0|90|0.0|11.6|0|42.9|49.7|0.00|0.00|43.8468|26.9537
02|47|0|90|0.0|11.6|0|43.1|49.7|0.00|0.00|43.8482|27.5228
02|48|0|90|0.0|11.6|0|43.3|49.5|0.00|0.00|43.8493|27.5228
02|49|0|90|0.0|11.6|0|43.4|49.5|0.00|0.00|43.8503|27.5228
02|50|0|90|1.5|11.6|0|43.5|49.5|0.00|0.00|43.8504|27.5228
02|51|0|90|0.0|11.6|0|43.4|49.5|0.00|0.00|43.8514|27.5228
02|52|0|90|1.5|11.6|0|43.4|49.5|0.00|0.00|43.8526|27.5228
02|53|0|90|0.0|11.6|0|43.5|49.5|0.00|0.00|43.8526|27.5228
02|54|0|90|0.0|11.6|0|43.5|49.4|0.00|0.00|43.8517|27.5228
02|55|0|135|0.0|11.6|0|43.6|49.4|0.00|0.00|43.8513|27.5228
02|56|0|180|0.0|11.6|0|43.7|49.3|0.00|0.00|43.8497|27.5228
02|57|0|180|0.0|11.6|0|44.0|49.3|0.00|0.00|43.8509|28.0802
02|58|0|180|0.0|11.6|0|44.2|49.3|0.00|0.00|43.8525|28.0802
02|59|0|180|0.0|11.6|0|44.2|49.2|0.00|0.00|43.8507|28.0802
03|00|0|90|0.0|11.6|0|44.3|49.2|0.00|0.00|43.8525|28.0802
03|01|0|90|0.0|11.6|0|44.2|49.2|0.00|0.00|43.8538|28.0802
03|02|0|90|0.0|11.6|0|44.2|49.2|0.00|0.00|43.8544|28.0802
03|04|0|90|0.0|11.6|0|44.2|49.1|0.00|0.00|43.8539|28.0802
03|05|0|135|0.0|11.6|0|44.3|49.1|0.00|0.00|43.8547|28.0802
03|06|0|135|0.0|11.6|0|44.5|49.1|0.00|0.00|43.8544|28.0802
03|07|0|90|1.5|11.6|0|44.7|49.1|0.00|0.00|43.8548|28.0802
03|08|0|90|0.0|11.6|0|44.7|49.1|0.00|0.00|43.8546|28.0802
03|09|0|90|0.0|11.6|0|44.7|49.1|0.00|0.00|43.8562|28.0802
03|10|0|180|1.5|11.6|0|44.8|49.1|0.00|0.00|43.8555|28.0802
03|11|0|180|1.6|11.6|0|45.1|49.1|0.00|0.00|43.8564|28.6266
03|12|0|180|0.0|11.6|0|45.2|49.1|0.00|0.00|43.8556|28.6266
03|13|0|90|1.5|11.6|0|45.3|49.0|0.00|0.00|43.8557|28.6266
03|14|0|90|1.5|11.6|0|45.3|49.0|0.00|0.00|43.8548|28.6266
03|15|0|90|1.5|11.6|0|45.2|49.0|0.00|0.00|43.8571|28.6266
03|16|0|90|0.0|11.6|0|45.3|49.0|0.00|0.00|43.8571|28.6266
03|18|0|90|0.0|11.6|0|45.3|48.9|0.00|0.00|43.8581|27.7162
03|19|0|225|1.6|11.6|0|45.4|48.9|0.00|0.00|43.8601|27.7162
03|20|0|135|0.0|11.6|0|45.4|48.9|0.00|0.00|43.8587|27.7162
03|21|0|180|1.5|11.6|0|45.7|48.9|0.00|0.00|43.8601|27.7162
03|22|0|135|1.6|11.6|0|45.8|48.9|0.00|0.00|43.8625|27.7162
03|23|0|180|1.5|11.6|0|45.7|48.9|0.00|0.00|43.8614|27.7162
03|24|0|180|0.0|11.6|0|45.5|48.8|0.00|0.00|43.8605|27.7162
03|25|0|180|1.5|11.6|0|45.7|48.8|0.00|0.00|43.8599|27.7162
03|26|0|180|1.5|11.6|0|45.8|48.8|0.00|0.00|43.8627|27.7162
03|27|0|135|0.0|11.6|0|45.7|48.8|0.00|0.00|43.8617|27.7162
03|28|0|135|0.0|11.6|0|45.7|48.8|0.00|0.00|43.8636|27.7162
03|29|0|135|0.0|11.6|0|45.5|48.8|0.00|0.00|43.8658|27.7162
03|30|0|135|1.5|11.6|0|45.2|48.8|0.00|0.00|43.8651|27.7162
03|31|0|135|1.5|11.6|0|44.3|48.9|0.00|0.00|43.8643|27.1721
03|32|0|135|1.5|11.6|0|44.2|48.9|0.00|0.00|43.8637|27.1721
03|33|0|90|1.5|11.6|0|44.3|48.9|0.00|0.00|43.8644|27.1721
03|34|0|135|0.0|11.6|0|44.4|49.0|0.00|0.00|43.8644|28.0802
03|35|0|135|1.5|11.6|0|44.4|49.0|0.00|0.00|43.8652|28.0802
03|36|0|135|1.6|11.6|0|44.2|49.1|0.00|0.00|43.8671|28.0802
03|37|0|158|2.9|11.6|0|44.1|49.1|0.00|0.00|43.8656|28.0802
03|39|0|135|1.6|11.6|0|43.6|49.2|0.00|0.00|43.8679|27.5228
03|40|0|158|2.9|11.6|0|43.0|49.2|0.00|0.00|43.8689|27.5228
03|41|0|90|1.5|11.6|0|43.0|49.2|0.00|0.00|43.8691|27.5228
03|42|0|135|2.9|11.6|0|42.7|49.3|0.00|0.00|43.8698|26.9537
03|43|0|180|4.4|11.6|0|42.5|49.3|0.00|0.00|43.8716|26.9537
03|44|0|135|1.6|11.6|0|42.0|49.4|0.00|0.00|43.8735|26.9537
03|45|0|225|1.5|11.6|0|42.3|49.5|0.00|0.00|43.8733|26.9537
03|46|0|135|1.5|11.6|0|42.2|49.5|0.00|0.00|43.8722|26.9537
03|47|0|180|1.5|11.6|0|42.1|49.7|0.00|0.00|43.8699|26.9537
03|48|0|135|1.5|11.6|0|42.0|49.8|0.00|0.00|43.8738|26.9537
03|49|0|158|3.2|11.6|0|42.1|49.8|0.00|0.00|43.8724|26.9537
03|50|0|180|1.5|11.6|0|42.0|49.9|0.00|0.00|43.8739|26.9537
03|51|0|135|1.5|11.6|0|41.9|49.9|0.00|0.00|43.8707|26.3725
03|52|0|180|2.9|11.6|0|42.0|49.9|0.00|0.00|43.8731|26.9537
03|53|0|180|2.9|11.6|0|41.8|49.9|0.00|0.00|43.8728|26.3725
03|54|0|135|1.5|11.6|0|42.0|50.0|0.00|0.00|43.8737|27.8568
03|55|0|135|0.0|11.6|0|41.7|50.0|0.00|0.00|43.8745|27.2731
03|56|0|135|1.5|11.6|0|41.7|50.0|0.00|0.00|43.8731|27.2731
03|57|0|135|1.5|11.6|0|41.6|50.1|0.00|0.00|43.874|27.2731
03|58|0|225|1.5|11.6|0|41.8|50.1|0.00|0.00|43.8745|27.2731
03|59|0|90|0.0|11.6|0|41.5|50.1|0.00|0.00|43.8751|27.2731
04|01|0|135|1.5|11.6|0|41.6|50.1|0.00|0.00|43.8737|27.2731
04|02|0|135|1.5|11.6|0|41.8|50.2|0.00|0.00|43.8738|27.2731
04|03|0|90|1.5|11.6|0|41.9|50.2|0.00|0.00|43.8736|27.2731
04|04|0|135|1.6|11.6|0|41.8|50.3|0.00|0.00|43.8733|27.2731
04|05|0|90|0.0|11.6|0|41.9|50.3|0.00|0.00|43.8738|27.2731
04|06|0|180|2.9|11.6|0|41.8|50.2|0.00|0.00|43.8731|27.2731
04|07|0|135|1.6|11.6|0|41.7|50.2|0.00|0.00|43.8724|27.2731
04|08|0|113|1.5|11.6|0|41.9|50.1|0.00|0.00|43.8713|27.2731
04|10|0|135|1.5|11.6|0|42.0|50.1|0.00|0.00|43.873|27.8568
04|11|0|135|1.5|11.6|0|42.2|50.1|0.00|0.00|43.8731|27.8568
04|12|0|135|1.6|11.6|0|42.3|50.1|0.00|0.00|43.8746|27.8568
04|13|0|135|1.5|11.6|0|42.4|50.2|0.00|0.00|43.8769|27.8568
04|14|0|135|1.5|11.6|0|42.7|50.1|0.00|0.00|43.8752|27.8568
04|16|0|135|1.5|11.6|0|43.0|50.1|0.00|0.00|43.8762|28.4283
04|17|0|113|3.2|11.6|0|43.4|50.1|0.00|0.00|43.8768|28.4283
04|18|0|135|2.9|11.6|0|43.6|50.0|0.00|0.00|43.8749|28.4283
04|20|0|135|4.4|11.6|0|43.6|50.0|0.00|0.00|43.8769|28.4283
04|22|0|135|3.2|11.6|0|44.3|49.9|0.00|0.00|43.8762|28.0802
04|23|0|135|2.9|11.6|0|44.1|49.9|0.00|0.00|43.8754|28.0802
04|24|0|45|1.5|11.6|0|44.1|49.9|0.00|0.00|43.8763|28.0802
04|25|0|135|2.9|11.6|0|44.1|49.9|0.00|0.00|43.8754|28.0802
04|28|0|45|4.4|11.6|0|44.3|49.9|0.00|0.00|43.8758|28.0802
04|29|0|135|1.6|11.6|0|43.9|49.8|0.00|0.00|43.8742|27.5228
04|31|0|158|4.8|11.6|0|43.4|49.8|0.00|0.00|43.8774|27.5228
04|32|0|135|4.4|11.6|0|43.4|49.8|0.00|0.00|43.8748|27.5228
04|33|0|135|1.6|11.6|0|43.4|49.8|0.00|0.00|43.8764|27.5228
04|34|0|135|3.2|11.6|0|43.1|49.8|0.00|0.00|43.873|27.5228
04|35|0|135|4.4|11.6|0|42.8|49.7|0.00|0.00|43.8753|26.9537
04|36|0|135|3.2|11.6|0|42.9|49.7|0.00|0.00|43.8753|26.9537
04|37|0|135|8.7|11.6|0|42.9|49.8|0.00|0.00|43.8764|26.9537
04|38|0|180|4.8|11.6|0|42.8|49.8|0.00|0.00|43.8765|26.9537
04|40|0|158|4.8|14.5|158|42.5|49.8|0.00|0.00|43.8744|26.9537
04|41|0|135|1.5|14.5|158|42.5|49.9|0.00|0.00|43.876|26.9537
04|42|0|135|6.4|14.5|158|42.4|49.9|0.00|0.00|43.8756|26.9537
04|43|0|180|4.4|14.5|158|42.1|50.0|0.00|0.00|43.8756|27.8568
04|44|0|180|4.4|14.5|158|41.8|50.0|0.00|0.00|43.8784|27.2731
04|45|0|180|3.2|14.5|158|41.8|50.1|0.00|0.00|43.878|27.2731
04|46|0|158|2.9|14.5|158|41.8|50.1|0.00|0.00|43.8799|27.2731
04|47|0|135|3.2|14.5|158|41.7|50.1|0.00|0.00|43.8784|27.2731
04|48|0|135|4.4|14.5|158|41.5|50.2|0.00|0.00|43.878|27.2731
04|49|0|135|4.4|14.5|158|41.6|50.3|0.00|0.00|43.8806|27.2731
04|50|0|90|4.8|14.5|158|41.7|50.3|0.00|0.00|43.88|27.2731
04|51|0|180|8.7|14.5|158|41.7|50.5|0.00|0.00|43.8785|27.2731
04|52|0|135|3.2|14.5|158|41.9|50.5|0.00|0.00|43.879|27.2731
04|53|0|135|8.7|14.5|158|41.8|50.5|0.00|0.00|43.8793|27.2731
04|54|0|135|7.3|14.5|158|41.7|50.5|0.00|0.00|43.8794|27.2731
04|56|0|90|4.4|14.5|158|41.7|50.6|0.00|0.00|43.8805|27.2731
04|58|0|180|5.8|14.5|158|41.7|50.7|0.00|0.00|43.8816|27.2731
04|59|0|135|2.9|14.5|158|41.7|50.6|0.00|0.00|43.8785|27.2731
05|00|0|135|2.9|14.5|158|42.0|50.7|0.00|0.00|43.8785|27.8568
05|01|0|135|0.0|14.5|158|43.1|50.7|0.00|0.00|43.8793|28.4283
05|04|0|135|1.5|14.5|158|43.5|50.7|0.00|0.00|43.8777|28.4283
05|05|0|135|1.6|14.5|158|44.4|50.7|0.00|0.00|43.8773|28.9882
05|06|0|135|2.9|14.5|158|44.0|50.6|0.00|0.00|43.8771|28.9882
05|07|0|135|1.5|14.5|158|43.7|50.6|0.00|0.00|43.8746|28.4283
05|08|0|90|2.9|14.5|158|43.9|50.6|0.00|0.00|43.8764|28.4283
05|09|0|45|1.5|14.5|158|44.0|50.5|0.00|0.00|43.8748|28.9882
05|11|0|135|1.5|14.5|158|44.0|50.3|0.00|0.00|43.8756|28.9882
05|12|0|90|1.5|14.5|158|43.8|50.3|0.00|0.00|43.8732|28.4283
05|13|0|135|1.5|14.5|158|43.9|50.3|0.00|0.00|43.8737|28.4283
05|14|0|90|1.5|14.5|158|44.0|50.3|0.00|0.00|43.8754|28.9882
05|16|0|90|0.0|14.5|158|44.0|50.3|0.00|0.00|43.8765|28.9882
05|17|0|135|1.5|14.5|158|44.0|50.3|0.00|0.00|43.8762|28.9882
05|18|0|135|0.0|14.5|158|44.1|50.3|0.00|0.00|43.8764|28.9882
05|19|0|180|1.5|14.5|158|44.0|50.2|0.00|0.00|43.876|28.9882
05|20|0|90|0.0|14.5|158|44.1|50.2|0.00|0.00|43.8784|28.9882
05|21|0|90|0.0|14.5|158|44.1|50.2|0.00|0.00|43.8786|28.9882
05|22|0|90|1.5|14.5|158|44.2|50.1|0.00|0.00|43.878|28.9882
05|23|0|0|1.5|14.5|158|44.2|50.1|0.00|0.00|43.878|28.9882
05|24|0|180|0.0|14.5|158|44.3|50.1|0.00|0.00|43.88|28.9882
05|25|0|135|1.5|14.5|158|44.4|50.0|0.00|0.00|43.8794|28.9882
05|26|0|135|3.2|14.5|158|44.4|50.0|0.00|0.00|43.8809|28.9882
05|28|0|135|0.0|14.5|158|44.4|50.0|0.00|0.00|43.8784|28.9882
05|30|0|90|1.5|14.5|158|44.4|50.0|0.00|0.00|43.8783|28.9882
05|31|0|135|1.5|14.5|158|44.4|50.0|0.00|0.00|43.8809|28.9882
05|32|0|90|0.0|14.5|158|44.7|49.9|0.00|0.00|43.8808|28.0802
05|33|0|180|1.6|14.5|158|44.7|50.0|0.00|0.00|43.8815|28.9882
05|35|0|90|1.6|14.5|158|44.7|49.9|0.00|0.00|43.8801|28.0802
05|36|0|135|0.0|14.5|158|44.8|49.9|0.00|0.00|43.881|28.0802
05|37|0|135|0.0|14.5|158|44.9|49.9|0.00|0.00|43.8803|28.0802
05|38|0|135|1.5|14.5|158|44.9|49.8|0.00|0.00|43.8809|28.0802
05|39|0|90|1.6|14.5|158|45.1|49.8|0.00|0.00|43.8797|28.6266
05|40|0|135|0.0|14.5|158|45.1|49.7|0.00|0.00|43.8806|28.6266
05|41|0|135|0.0|14.5|158|45.3|49.7|0.00|0.00|43.8794|28.6266
05|43|0|90|1.5|14.5|158|45.6|49.5|0.00|0.00|43.8808|28.6266
05|44|0|90|0.0|14.5|158|45.5|49.5|0.00|0.00|43.8817|28.6266
05|45|0|90|0.0|14.5|158|45.5|49.4|0.00|0.00|43.8821|28.6266
05|46|0|90|0.0|14.5|158|45.6|49.4|0.00|0.00|43.8836|28.6266
05|47|0|90|0.0|14.5|158|45.6|49.3|0.00|0.00|43.8837|28.6266
05|48|0|68|1.6|14.5|158|45.8|49.3|0.00|0.00|43.8862|28.6266
05|49|0|90|1.5|14.5|158|45.8|49.2|0.00|0.00|43.8842|28.6266
05|50|0|90|0.0|14.5|158|45.9|49.1|0.00|0.00|43.8844|28.6266
05|52|0|135|1.5|14.5|158|46.4|48.9|0.00|0.00|43.8824|28.2496
05|53|0|135|0.0|14.5|158|46.6|48.9|0.00|0.00|43.8817|28.2496
05|54|0|135|1.5|14.5|158|47.0|48.8|0.00|0.00|43.8832|28.7729
05|56|0|135|2.9|14.5|158|47.9|48.5|0.00|0.00|43.8825|28.7729
05|57|0|135|1.6|14.5|158|48.4|48.4|0.00|0.00|43.882|29.2864
05|58|0|135|2.9|14.5|158|48.9|48.4|0.00|0.00|43.882|29.2864
05|59|0|180|1.6|14.5|158|49.5|48.3|0.00|0.00|43.8829|29.7905
06|00|0|135|1.5|14.5|158|50.1|48.3|0.00|0.00|43.8827|30.2856
06|02|0|90|2.9|14.5|158|50.6|48.3|0.00|0.00|43.8811|30.2856
06|03|0|135|0.0|14.5|158|51.1|48.2|0.00|0.00|43.8777|30.772
06|05|0|90|0.0|14.5|158|51.5|48.2|0.00|0.00|43.8746|30.772
06|06|0|135|1.5|14.5|158|51.6|48.2|0.00|0.00|43.8748|30.772
06|07|0|90|1.5|14.5|158|51.8|48.2|0.00|0.00|43.873|30.772
06|08|0|90|1.5|14.5|158|51.8|48.2|0.00|0.00|43.8714|30.772
06|09|0|135|1.5|14.5|158|51.9|48.3|0.00|0.00|43.8737|30.772
06|10|0|135|1.5|14.5|158|51.9|48.3|0.00|0.00|43.8715|30.772
06|11|0|180|1.5|14.5|158|52.0|48.4|0.00|0.00|43.8728|31.25
06|12|0|135|4.4|14.5|158|51.7|48.4|0.00|0.00|43.8716|30.772
06|13|0|135|5.8|14.5|158|51.6|48.4|0.00|0.00|43.8715|30.772
06|14|0|90|2.9|14.5|158|51.4|48.5|0.00|0.00|43.874|30.772
06|15|0|135|1.6|14.5|158|51.1|48.5|0.00|0.00|43.8726|30.772
06|16|0|135|2.9|14.5|158|51.2|48.7|0.00|0.00|43.8745|30.772
06|17|0|135|1.5|14.5|158|51.3|48.7|0.00|0.00|43.8739|30.772
06|18|0|135|3.2|14.5|158|51.3|48.8|0.00|0.00|43.8748|30.772
06|20|0|135|0.0|14.5|158|50.9|48.9|0.00|0.00|43.8762|30.2856
06|21|0|180|0.0|14.5|158|50.8|48.9|0.00|0.00|43.8772|30.2856
06|22|0|180|1.5|14.5|158|50.8|49.0|0.00|0.00|43.8785|31.2071
06|23|0|135|1.6|14.5|158|50.3|49.0|0.00|0.00|43.8794|31.2071
06|24|0|180|1.6|14.5|158|50.0|49.0|0.00|0.00|43.8786|31.2071
06|25|0|135|0.0|14.5|158|49.9|49.1|0.00|0.00|43.8817|30.7099
06|26|0|180|2.9|14.5|158|49.6|49.1|0.00|0.00|43.8786|30.7099
06|27|0|180|0.0|14.5|158|49.1|49.2|0.00|0.00|43.8803|30.7099
06|28|0|180|1.5|14.5|158|49.2|49.2|0.00|0.00|43.8812|30.7099
06|30|0|225|2.9|14.5|158|48.5|49.3|0.00|0.00|43.8842|30.2036
06|31|0|135|0.0|14.5|158|48.1|49.3|0.00|0.00|43.884|30.2036
06|32|0|113|2.9|14.5|158|47.6|49.3|0.00|0.00|43.8866|29.6879
06|33|0|135|1.5|14.5|158|47.3|49.3|0.00|0.00|43.8891|29.6879
06|34|0|45|0.0|14.5|158|47.4|49.4|0.00|0.00|43.8901|29.6879
06|35|0|180|3.2|14.5|158|47.4|49.4|0.00|0.00|43.8902|29.6879
06|37|0|45|1.5|14.5|158|47.6|49.4|0.00|0.00|43.8901|29.6879
06|38|0|135|1.5|14.5|158|47.8|49.5|0.00|0.00|43.8935|29.6879
06|39|0|135|1.5|14.5|158|48.0|49.5|0.00|0.00|43.8964|30.2036
06|40|0|135|1.6|14.5|158|48.2|49.5|0.00|0.00|43.8969|30.2036
06|41|0|45|2.9|14.5|158|48.3|49.5|0.00|0.00|43.8964|30.2036
06|42|0|135|0.0|14.5|158|48.3|49.5|0.00|0.00|43.8971|30.2036
06|43|0|180|0.0|14.5|158|48.4|49.5|0.00|0.00|43.899|30.2036
06|44|0|135|1.5|14.5|158|48.9|49.5|0.00|0.00|43.8996|30.2036
06|45|0|90|0.0|14.5|158|49.0|49.5|0.00|0.00|43.9025|30.7099
06|46|0|158|0.0|14.5|158|49.1|49.5|0.00|0.00|43.9004|30.7099
06|47|0|135|0.0|14.5|158|49.1|49.4|0.00|0.00|43.9013|30.7099
06|48|0|90|1.5|14.5|158|49.0|49.5|0.00|0.00|43.9032|30.7099
06|49|0|135|0.0|14.5|158|48.8|49.4|0.00|0.00|43.902|30.2036
06|50|0|135|1.6|14.5|158|48.5|49.4|0.00|0.00|43.9042|30.2036
06|51|0|90|1.5|14.5|158|47.9|49.4|0.00|0.00|43.9024|29.6879
06|52|0|45|1.6|14.5|158|47.9|49.4|0.00|0.00|43.9026|29.6879
06|54|0|90|3.2|14.5|158|47.1|49.4|0.00|0.00|43.9024|29.6879
06|55|0|90|1.5|14.5|158|46.8|49.4|0.00|0.00|43.9032|29.1623
06|57|0|90|2.9|14.5|158|46.6|49.5|0.00|0.00|43.9038|29.1623
06|58|0|135|6.4|14.5|158|46.3|49.7|0.00|0.00|43.9042|29.1623
06|59|0|90|2.9|14.5|158|45.7|49.7|0.00|0.00|43.9033|28.6266
07|00|0|90|2.9|14.5|158|45.6|49.8|0.00|0.00|43.9049|28.6266
07|01|0|90|5.8|14.5|158|45.4|49.9|0.00|0.00|43.9051|28.6266
07|02|0|180|1.5|14.5|158|45.2|50.1|0.00|0.00|43.9027|29.5369
07|03|0|180|1.6|14.5|158|45.5|50.3|0.00|0.00|43.9017|29.5369
07|04|0|225|2.9|14.5|158|45.1|50.5|0.00|0.00|43.9033|29.5369
07|06|0|135|4.4|14.5|158|44.8|50.7|0.00|0.00|43.9035|28.9882
07|08|0|225|1.5|14.5|158|45.1|50.8|0.00|0.00|43.905|29.5369
07|09|0|135|1.5|14.5|158|45.0|50.7|0.00|0.00|43.9028|29.5369
07|10|0|68|3.2|14.5|158|45.0|50.6|0.00|0.00|43.903|29.5369
07|12|0|113|3.2|14.5|158|44.8|50.5|0.00|0.00|43.8999|28.9882
07|13|0|135|4.4|14.5|158|45.1|50.6|0.00|0.00|43.9003|29.5369
07|14|0|90|3.2|14.5|158|45.2|50.6|0.00|0.00|43.9026|29.5369
07|15|0|113|4.4|14.5|158|45.1|50.6|0.00|0.00|43.9019|29.5369
07|18|0|90|4.4|14.5|158|45.0|50.6|0.00|0.00|43.9072|29.5369
07|19|0|135|7.3|14.5|158|44.9|50.3|0.00|0.00|43.9019|28.9882
07|20|0|135|11.3|14.5|158|45.0|50.3|0.00|0.00|43.9008|29.5369
07|21|0|135|5.8|14.5|158|44.8|50.3|0.00|0.00|43.904|28.9882
07|22|0|135|6.4|14.5|158|44.9|50.3|0.00|0.00|43.9034|28.9882
07|23|0|135|5.8|14.5|158|44.8|50.3|0.00|0.00|43.9044|28.9882
07|24|0|135|7.3|14.5|158|44.8|50.5|0.00|0.00|43.9074|28.9882
07|25|0|180|4.8|14.5|158|44.6|50.6|0.00|0.00|43.9044|28.9882
07|26|0|180|5.8|14.5|158|44.5|50.7|0.00|0.00|43.9066|28.9882
07|27|0|180|5.8|14.5|158|44.3|50.8|0.00|0.00|43.9073|28.9882
07|28|0|135|4.4|14.5|158|44.4|50.9|0.00|0.00|43.9068|28.9882
07|29|0|135|4.4|14.5|158|44.4|51.0|0.00|0.00|43.9093|29.8959
07|30|0|180|1.6|14.5|158|44.1|51.1|0.00|0.00|43.9086|29.8959
07|31|0|135|2.9|14.5|158|44.0|51.3|0.00|0.00|43.9099|29.8959
07|32|0|45|4.4|14.5|158|44.1|51.5|0.00|0.00|43.911|29.8959
07|34|0|135|3.2|14.5|158|44.2|51.6|0.00|0.00|43.9109|29.8959
07|35|0|158|4.4|14.5|158|44.4|51.7|0.00|0.00|43.9126|29.8959
07|36|0|113|2.9|14.5|158|44.6|51.8|0.00|0.00|43.91|29.8959
07|37|0|135|4.4|14.5|158|44.8|52.0|0.00|0.00|43.9078|30.8034
07|38|0|135|2.9|14.5|158|44.9|52.1|0.00|0.00|43.9057|30.8034
07|39|0|135|3.2|14.5|158|44.8|52.2|0.00|0.00|43.9076|30.8034
07|40|0|315|1.5|14.5|158|45.1|52.4|0.00|0.00|43.904|31.3569
07|41|0|135|1.6|14.5|158|45.3|52.6|0.00|0.00|43.9041|31.3569
07|42|0|90|4.4|14.5|158|45.5|52.8|0.00|0.00|43.9038|31.3569
07|43|0|90|3.2|14.5|158|45.5|52.9|0.00|0.00|43.9061|31.3569
07|44|0|135|1.5|14.5|158|45.7|53.0|0.00|0.00|43.9064|32.2666
07|45|0|90|4.4|14.5|158|46.3|53.3|0.00|0.00|43.9101|32.8115
07|46|0|135|1.6|14.5|158|46.0|53.4|0.00|0.00|43.9124|32.8115
07|47|0|180|1.5|14.5|158|46.5|53.5|0.00|0.00|43.9138|32.8115
07|48|0|135|2.9|14.5|158|46.3|53.7|0.00|0.00|43.9155|32.8115
07|50|0|90|4.4|14.5|158|46.0|53.9|0.00|0.00|43.9137|32.8115
07|51|0|203|0.0|14.5|158|46.1|54.2|0.00|0.00|43.9137|33.7234
07|53|0|135|2.9|14.5|158|46.2|54.4|0.00|0.00|43.9147|33.7234
07|55|0|90|2.9|14.5|158|46.1|54.7|0.00|0.00|43.9165|33.7234
07|56|0|135|0.0|14.5|158|46.0|55.0|0.00|0.00|43.9187|34.635
07|57|0|135|3.2|14.5|158|46.1|55.2|0.00|0.00|43.9155|34.635
07|58|0|90|1.5|14.5|158|45.7|55.4|0.00|0.00|43.9156|34.0854
07|59|0|90|4.4|14.5|158|45.3|55.5|0.00|0.00|43.9159|34.0854
08|00|0|135|1.5|14.5|158|45.0|55.7|0.00|0.00|43.918|34.0854
08|01|0|90|0.0|14.5|158|45.1|56.1|0.00|0.00|43.9199|34.9945
08|03|0|135|3.2|14.5|158|44.4|56.2|0.00|0.00|43.9205|34.4316
08|04|0|135|2.9|14.5|158|44.1|56.3|0.00|0.00|43.921|34.4316
08|05|0|135|3.2|14.5|158|44.4|56.5|0.00|0.00|43.9218|34.4316
08|06|0|90|1.5|14.5|158|43.8|56.7|0.00|0.00|43.9229|33.8573
08|08|0|90|4.4|14.5|158|43.2|57.0|0.00|0.00|43.9252|34.7615
08|09|0|90|2.9|14.5|158|42.8|57.1|0.00|0.00|43.9279|34.1727
08|10|0|90|4.4|14.5|158|42.6|57.1|0.00|0.00|43.9279|34.1727
08|11|0|135|2.9|14.5|158|42.6|57.2|0.00|0.00|43.9289|34.1727
08|12|0|113|3.2|14.5|158|42.8|57.3|0.00|0.00|43.9273|34.1727
08|13|0|135|1.5|14.5|158|42.8|57.5|0.00|0.00|43.9281|34.1727
08|14|0|90|1.6|14.5|158|42.9|57.7|0.00|0.00|43.9256|34.1727
08|16|0|135|4.4|14.5|158|42.1|58.0|0.00|0.00|43.9212|35.0742
08|17|0|135|1.6|14.5|158|41.5|58.0|0.00|0.00|43.9188|34.4704
08|18|0|90|2.9|14.5|158|41.6|58.2|0.00|0.00|43.9179|34.4704
08|20|0|135|2.9|14.5|158|41.3|58.3|0.00|0.00|43.9184|34.4704
08|21|0|135|2.9|14.5|158|40.7|58.4|0.00|0.00|43.9188|33.8535
08|22|0|135|0.0|14.5|158|40.6|58.5|0.00|0.00|43.919|33.8535
08|23|0|90|1.5|14.5|158|40.8|58.9|0.00|0.00|43.9253|33.8535
08|24|0|135|1.6|14.5|158|39.6|58.9|0.00|0.00|43.9229|33.2228
08|25|0|113|3.2|14.5|158|39.4|59.1|0.00|0.00|43.9276|34.1163
08|26|0|180|4.4|14.5|158|38.3|59.1|0.00|0.00|43.9274|33.4685
08|28|0|90|7.3|14.5|158|37.7|59.3|0.00|0.00|43.9308|32.8054
08|29|0|180|2.9|14.5|158|37.4|59.3|0.00|0.00|43.93|32.8054
08|30|0|90|2.9|14.5|158|38.1|59.5|0.00|0.00|43.9334|33.4685
08|31|0|113|4.4|14.5|158|37.9|59.6|0.00|0.00|43.9329|32.8054
08|33|0|90|2.9|14.5|158|37.3|59.7|0.00|0.00|43.933|32.8054
08|34|0|90|3.2|14.5|158|37.1|59.8|0.00|0.00|43.9321|32.8054
08|35|0|135|2.9|14.5|158|37.1|60.0|0.00|0.00|43.9293|33.6932
08|36|0|90|4.4|14.5|158|37.0|60.1|0.00|0.00|43.9275|33.6932
08|37|0|135|1.6|14.5|158|36.2|60.1|0.00|0.00|43.9252|33.0113
08|38|0|135|4.4|14.5|158|35.7|60.1|0.00|0.00|43.9241|32.3124
08|39|0|135|4.4|14.5|158|35.0|60.2|0.00|0.00|43.9229|32.3124
08|40|0|90|1.6|14.5|158|35.8|60.5|0.00|0.00|43.9229|32.3124
08|41|0|158|2.9|14.5|158|35.2|60.6|0.00|0.00|43.9203|32.3124
08|43|0|135|4.4|14.5|158|33.5|60.6|0.00|0.00|43.9197|30.8599
08|44|0|90|6.5|14.5|158|33.2|60.6|0.00|0.00|43.9181|30.8599
08|46|0|180|2.9|14.5|158|34.0|60.9|0.00|0.00|43.9151|31.5956
08|47|0|135|2.9|14.5|158|33.3|61.0|0.00|0.00|43.9136|31.7358
08|48|0|135|4.4|14.5|158|33.4|61.1|0.00|0.00|43.9107|31.7358
08|49|0|90|2.9|14.5|158|33.3|61.2|0.00|0.00|43.9099|31.7358
08|50|0|180|5.8|14.5|158|33.2|61.2|0.00|0.00|43.9086|31.7358
08|51|0|225|4.8|14.5|158|32.6|61.1|0.00|0.00|43.907|30.977
08|52|0|135|4.4|14.5|158|32.5|61.1|0.00|0.00|43.9066|30.977
08|53|0|180|6.4|14.5|158|31.9|61.2|0.00|0.00|43.9062|30.197
08|54|0|135|4.4|14.5|158|32.0|61.2|0.00|0.00|43.9109|30.977
08|55|0|180|4.4|14.5|158|32.1|61.2|0.00|0.00|43.9085|30.977
08|56|0|135|3.2|14.5|158|31.8|61.1|0.00|0.00|43.9116|30.197
08|57|0|90|2.9|14.5|158|31.6|61.2|0.00|0.00|43.9106|30.197
08|58|0|135|3.2|14.5|158|31.5|61.2|0.00|0.00|43.9095|30.197
08|59|0|135|4.4|14.5|158|31.3|61.2|0.00|0.00|43.9048|30.197
09|02|0|180|2.9|14.5|158|31.4|61.4|0.00|0.00|43.9069|30.197
09|03|0|113|4.4|14.5|158|31.4|61.4|0.00|0.00|43.9058|30.197
09|04|0|90|2.9|14.5|158|31.3|61.5|0.00|0.00|43.9052|30.197
09|05|0|135|10.2|14.5|158|30.7|61.2|0.00|0.00|43.9079|29.3943
09|06|0|135|7.3|14.5|158|30.9|61.0|0.00|0.00|43.9126|29.3943
09|07|0|180|5.8|14.5|158|31.4|61.0|0.00|0.00|43.9113|30.197
09|08|0|45|5.8|14.5|158|31.3|61.0|0.00|0.00|43.9094|30.197
09|09|0|135|8.7|14.5|158|31.5|61.0|0.00|0.00|43.9091|30.197
09|10|0|135|7.3|14.5|158|31.1|60.9|0.00|0.00|43.9072|29.3273
09|11|0|135|4.4|14.5|158|31.4|60.9|0.00|0.00|43.906|29.3273
09|12|0|113|4.4|14.5|158|31.9|61.0|0.00|0.00|43.9041|30.197
09|13|0|90|1.6|14.5|158|31.6|61.2|0.00|0.00|43.8993|30.197
09|14|0|135|4.4|14.5|158|32.2|61.5|0.00|0.00|43.8944|30.977
09|18|0|135|6.4|14.5|158|32.1|61.8|0.00|0.00|43.8901|30.977
09|19|0|135|4.4|14.5|158|32.2|61.8|0.00|0.00|43.8886|30.977
09|20|0|90|2.9|14.5|158|32.7|61.9|0.00|0.00|43.8906|30.977
09|21|0|135|2.9|14.5|158|32.7|62.0|0.00|0.00|43.8907|31.8496
09|22|0|135|4.4|14.5|158|32.7|62.3|0.00|0.00|43.8931|31.8496
09|24|0|135|4.8|14.5|158|34.2|62.6|0.00|0.00|43.8942|33.3532
09|25|0|90|5.8|14.5|158|33.9|62.6|0.00|0.00|43.8954|32.6115
09|26|0|135|1.5|14.5|158|33.8|62.9|0.00|0.00|43.8976|32.6115
09|27|0|113|1.5|14.5|158|33.8|63.0|0.00|0.00|43.8958|33.4869
09|28|0|135|4.4|14.5|158|33.2|63.2|0.00|0.00|43.896|33.4869
09|30|0|135|8.1|14.5|158|32.6|63.0|0.00|0.00|43.8985|32.7219
09|31|0|135|3.2|14.5|158|32.6|62.9|0.00|0.00|43.8986|31.8496
09|32|0|135|3.2|14.5|158|32.7|63.2|0.00|0.00|43.9003|32.7219
09|33|0|180|0.0|14.5|158|33.5|63.4|0.00|0.00|43.8999|33.4869
09|34|0|180|8.7|14.5|158|33.1|63.5|0.00|0.00|43.8995|33.4869
09|35|0|203|6.4|14.5|158|33.1|63.6|0.00|0.00|43.9019|33.4869
09|36|0|45|4.4|14.5|158|32.7|63.7|0.00|0.00|43.9022|32.7219
09|37|0|180|4.4|14.5|158|32.3|63.7|0.00|0.00|43.9017|32.7219
09|39|0|180|6.4|14.5|158|32.4|63.8|0.00|0.00|43.8973|32.7219
09|40|0|180|9.7|14.5|158|32.9|64.0|0.00|0.00|43.8936|33.594
09|41|0|135|5.8|14.5|158|33.3|64.0|0.00|0.00|43.8952|34.3621
09|42|0|90|4.8|14.5|158|33.2|64.0|0.00|0.00|43.8944|34.3621
09|43|0|135|2.9|14.5|158|32.4|64.1|0.00|0.00|43.8946|33.594
09|44|0|180|6.4|14.5|158|33.0|64.0|0.00|0.00|43.8929|34.3621
09|45|0|135|4.4|14.5|158|33.5|64.0|0.00|0.00|43.8942|34.3621
09|46|0|135|5.8|14.5|158|33.8|64.0|0.00|0.00|43.8924|34.3621
09|47|0|158|2.9|14.5|158|34.1|64.1|0.00|0.00|43.8918|35.11
09|50|0|135|5.8|14.5|158|33.9|64.4|0.00|0.00|43.8939|34.3621
09|51|0|180|5.8|14.5|158|33.4|64.5|0.00|0.00|43.8923|34.3621
09|52|0|90|3.2|14.5|158|33.7|64.7|0.00|0.00|43.895|34.3621
09|53|0|135|4.4|14.5|158|33.3|65.0|0.00|0.00|43.8955|35.2371
09|54|0|135|4.8|14.5|158|33.2|65.1|0.00|0.00|43.8942|35.2371
09|55|0|135|4.4|14.5|158|33.1|65.2|0.00|0.00|43.8968|35.2371
09|56|0|135|1.5|14.5|158|33.2|65.3|0.00|0.00|43.893|35.2371
09|57|0|180|5.8|14.5|158|33.7|65.4|0.00|0.00|43.8875|35.2371
09|58|0|90|1.5|14.5|158|33.2|65.6|0.00|0.00|43.8873|35.2371
09|59|0|135|2.9|14.5|158|32.8|65.6|0.00|0.00|43.8858|34.4658
10|00|0|180|3.2|14.5|158|33.6|65.8|0.00|0.00|43.8849|35.2371
10|01|0|180|4.4|14.5|158|32.8|65.9|0.00|0.00|43.8854|34.4658
10|02|0|135|4.4|14.5|158|33.4|66.0|0.00|0.00|43.8845|36.1117
10|03|0|45|3.2|14.5|158|32.8|66.2|0.00|0.00|43.8833|35.3373
10|04|0|90|2.9|14.5|158|32.5|66.4|0.00|0.00|43.8808|35.3373
10|06|0|45|2.9|14.5|158|31.2|66.4|0.00|0.00|43.8799|34.5413
10|07|0|113|1.5|14.5|158|32.1|66.7|0.00|0.00|43.8799|35.3373
10|08|0|135|1.5|14.5|158|32.0|66.9|0.00|0.00|43.8815|35.3373
10|09|0|90|2.9|14.5|158|32.1|67.1|0.00|0.00|43.8835|36.2087
10|10|0|68|8.1|14.5|158|31.0|66.9|0.00|0.00|43.8801|34.5413
10|11|0|90|1.5|14.5|158|31.0|67.0|0.00|0.00|43.881|35.4093
10|12|0|90|1.6|14.5|158|31.9|67.1|0.00|0.00|43.8817|35.4093
10|13|0|135|4.4|14.5|158|30.9|67.1|0.00|0.00|43.8803|34.5869
10|14|0|180|1.5|14.5|158|31.1|67.2|0.00|0.00|43.8822|35.4093
10|15|0|180|2.9|14.5|158|30.7|67.2|0.00|0.00|43.8816|34.5869
10|16|0|90|1.5|14.5|158|30.4|67.4|0.00|0.00|43.8837|34.5869
10|17|0|135|4.4|14.5|158|30.8|67.6|0.00|0.00|43.886|34.5869
10|18|0|45|4.4|14.5|158|30.9|67.7|0.00|0.00|43.8859|34.5869
10|19|0|135|1.5|14.5|158|30.6|67.9|0.00|0.00|43.888|34.5869
10|23|0|135|4.4|14.5|158|29.5|68.5|0.00|0.00|43.8843|34.601
10|24|0|135|2.9|14.5|158|28.8|68.6|0.00|0.00|43.8828|33.7243
10|25|0|135|3.2|14.5|158|29.3|68.8|0.00|0.00|43.8836|34.601
10|26|0|180|2.9|14.5|158|28.8|68.9|0.00|0.00|43.882|33.7243
10|27|0|135|4.4|14.5|158|28.8|69.1|0.00|0.00|43.884|34.5816
10|29|0|45|4.4|14.5|158|28.6|69.4|0.00|0.00|43.8813|34.5816
10|30|0|135|2.9|14.5|158|27.9|69.4|0.00|0.00|43.8806|33.6732
10|31|0|90|1.6|14.5|158|28.3|69.5|0.00|0.00|43.8825|34.5816
10|32|0|90|1.5|14.5|158|27.8|69.6|0.00|0.00|43.8818|33.6732
10|34|0|135|1.6|14.5|158|28.0|69.8|0.00|0.00|43.8795|34.5816
10|35|0|180|7.3|14.5|158|27.9|69.7|0.00|0.00|43.8779|33.6732
10|36|0|135|7.3|14.5|158|27.7|69.7|0.00|0.00|43.8789|33.6732
10|37|0|135|4.4|14.5|158|27.4|69.7|0.00|0.00|43.8772|33.6732
10|38|0|180|4.4|14.5|158|28.0|69.8|0.00|0.00|43.8801|34.5816
10|39|0|180|4.8|14.5|158|28.2|69.8|0.00|0.00|43.8772|34.5816
10|40|0|180|5.8|14.5|158|27.3|69.6|0.00|0.00|43.8777|33.6732
10|41|0|225|1.5|14.5|158|26.8|69.8|0.00|0.00|43.8816|32.7345
10|42|0|135|3.2|14.5|158|26.9|69.6|0.00|0.00|43.8795|32.7345
10|43|0|135|5.8|14.5|158|27.2|69.5|0.00|0.00|43.8819|33.6732
10|44|0|90|4.4|14.5|158|28.2|69.6|0.00|0.00|43.8804|34.5816
10|46|0|45|0.0|14.5|158|27.3|69.6|0.00|0.00|43.8806|33.6732
10|47|0|90|4.4|14.5|158|26.9|69.6|0.00|0.00|43.8802|32.7345
10|48|0|135|1.5|14.5|158|27.0|69.7|0.00|0.00|43.8789|33.6732
10|49|0|158|3.2|14.5|158|27.7|69.8|0.00|0.00|43.877|33.6732
10|50|0|135|4.4|14.5|158|27.2|69.9|0.00|0.00|43.8737|33.6732
10|51|0|90|1.5|14.5|158|27.0|70.0|0.00|0.00|43.8723|34.5266
10|52|0|180|5.8|14.5|158|27.3|70.1|0.00|0.00|43.8675|34.5266
10|53|0|135|4.4|14.5|158|27.8|70.4|0.00|0.00|43.8698|34.5266
10|54|0|113|4.8|14.5|158|26.9|70.4|0.00|0.00|43.8667|33.5842
10|55|0|180|3.2|14.5|158|27.1|70.3|0.00|0.00|43.8658|34.5266
10|56|0|135|3.2|14.5|158|27.5|70.4|0.00|0.00|43.8678|34.5266
10|58|0|135|5.8|14.5|158|27.0|70.5|0.00|0.00|43.8632|34.5266
11|00|0|45|2.9|14.5|158|27.4|70.8|0.00|0.00|43.8641|34.5266
11|01|0|90|1.5|14.5|158|28.2|71.0|0.00|0.00|43.8636|36.2955
11|02|0|113|8.1|14.5|158|28.0|71.0|0.00|0.00|43.863|36.2955
11|03|0|0|2.9|14.5|158|28.0|71.3|0.00|0.00|43.8643|36.2955
11|04|0|45|3.2|14.5|158|28.8|71.4|0.00|0.00|43.8681|36.2955
11|05|0|135|2.9|14.5|158|27.8|71.4|0.00|0.00|43.8653|35.3797
11|07|0|135|5.8|14.5|158|26.6|71.4|0.00|0.00|43.8658|34.4336
11|08|0|180|5.8|14.5|158|26.1|71.4|0.00|0.00|43.8664|34.4336
11|10|0|180|4.4|14.5|158|25.7|71.4|0.00|0.00|43.8621|33.4547
11|11|0|135|3.2|14.5|158|26.4|71.5|0.00|0.00|43.8628|34.4336
11|12|0|45|4.4|14.5|158|27.7|71.6|0.00|0.00|43.8637|35.3797
11|13|0|45|5.8|14.5|158|26.1|71.3|0.00|0.00|43.863|34.4336
11|14|0|45|2.9|14.5|158|26.2|71.2|0.00|0.00|43.8608|34.4336
11|15|0|90|2.9|14.5|158|26.5|71.2|0.00|0.00|43.8618|34.4336
11|16|0|45|4.8|14.5|158|27.4|71.3|0.00|0.00|43.8627|35.3797
11|17|0|90|4.4|14.5|158|26.8|71.4|0.00|0.00|43.861|34.4336
11|18|0|135|5.8|14.5|158|25.9|71.4|0.00|0.00|43.8616|33.4547
11|19|0|135|4.4|14.5|158|25.5|71.3|0.00|0.00|43.8611|33.4547
11|20|0|180|1.5|14.5|158|25.7|71.5|0.00|0.00|43.8603|33.4547
11|21|0|90|1.5|14.5|158|25.4|71.6|0.00|0.00|43.8558|33.4547
11|23|0|270|4.4|14.5|158|24.8|71.8|0.00|0.00|43.8535|32.4405
11|24|0|180|3.2|14.5|158|25.9|72.1|0.00|0.00|43.8507|34.2999
11|25|0|90|1.5|14.5|158|25.5|72.4|0.00|0.00|43.8522|34.2999
11|26|0|225|2.9|14.5|158|24.8|72.6|0.00|0.00|43.851|33.2818
11|27|0|135|4.8|14.5|158|23.7|73.0|0.00|0.00|43.8541|33.0622
11|28|0|180|2.9|14.5|158|23.5|73.2|0.00|0.00|43.8552|33.0622
11|29|0|225|3.2|14.5|158|23.9|73.3|0.00|0.00|43.8541|33.0622
11|30|0|135|2.9|14.5|158|23.5|73.4|0.00|0.00|43.8564|33.0622
11|31|0|180|1.5|14.5|158|23.9|73.6|0.00|0.00|43.8585|33.0622
11|32|0|180|1.5|14.5|158|23.8|74.0|0.00|0.00|43.8579|33.8987
11|33|0|45|4.4|14.5|158|23.2|74.0|0.00|0.00|43.8581|33.8987
11|35|0|135|4.4|14.5|158|23.4|74.0|0.00|0.00|43.8588|33.8987
11|36|0|45|1.5|14.5|158|23.2|74.1|0.00|0.00|43.8547|33.8987
11|37|0|225|1.5|14.5|158|23.1|74.1|0.00|0.00|43.853|33.8987
11|38|0|0|4.4|14.5|158|24.7|74.1|0.00|0.00|43.8494|34.9634
11|39|0|135|4.4|14.5|158|24.3|74.0|0.00|0.00|43.8505|34.9634
11|40|0|45|1.6|14.5|158|23.9|74.1|0.00|0.00|43.8508|33.8987
11|41|0|180|5.8|14.5|158|23.1|73.9|0.00|0.00|43.8487|33.0622
11|42|0|45|4.4|14.5|158|24.3|74.0|0.00|0.00|43.8483|34.9634
11|43|0|180|3.2|14.5|158|24.5|74.1|0.00|0.00|43.849|34.9634
11|44|0|135|2.9|14.5|158|23.2|74.2|0.00|0.00|43.8475|33.8987
11|45|0|315|1.5|14.5|158|23.5|74.4|0.00|0.00|43.8461|33.8987
11|46|0|90|1.6|14.5|158|23.9|74.6|0.00|0.00|43.846|33.8987
11|47|0|135|5.8|14.5|158|23.0|74.8|0.00|0.00|43.8468|33.8987
11|48|0|135|0.0|14.5|158|22.7|74.9|0.00|0.00|43.8456|32.7924
11|50|0|135|2.9|14.5|158|22.8|75.1|0.00|0.00|43.8456|33.6243
11|51|0|90|1.5|14.5|158|23.0|75.2|0.00|0.00|43.8481|34.7349
11|52|0|135|4.4|14.5|158|22.4|75.3|0.00|0.00|43.8453|33.6243
11|53|0|90|4.4|14.5|158|22.0|75.3|0.00|0.00|43.8472|33.6243
11|54|0|0|1.5|14.5|158|21.3|75.4|0.00|0.00|43.8427|32.468
11|55|0|135|6.5|14.5|158|21.9|75.7|0.00|0.00|43.8408|32.468
11|56|0|90|4.4|14.5|158|21.7|75.7|0.00|0.00|43.8393|32.468
11|57|0|225|4.4|14.5|158|21.7|75.7|0.00|0.00|43.8376|32.468
11|59|0|135|5.8|14.5|158|21.9|75.7|0.00|0.00|43.8373|32.468
12|00|0|158|4.4|14.5|158|21.2|75.7|0.00|0.00|43.8373|32.468
12|01|0|135|2.9|14.5|158|21.6|75.8|0.00|0.00|43.8371|32.468
12|02|0|135|5.8|14.5|158|21.3|75.8|0.00|0.00|43.8337|32.468
12|03|0|158|4.4|14.5|158|20.5|75.5|0.00|0.00|43.8373|31.2621
12|04|0|135|4.8|14.5|158|21.3|75.4|0.00|0.00|43.8363|32.468
12|05|0|225|2.9|14.5|158|21.2|75.4|0.00|0.00|43.8376|32.468
12|06|0|180|0.0|14.5|158|20.7|75.5|0.00|0.00|43.8366|31.2621
12|07|0|180|0.0|14.5|158|20.4|75.7|0.00|0.00|43.8337|31.2621
12|08|0|0|1.5|14.5|158|20.4|75.9|0.00|0.00|43.832|31.2621
12|09|0|90|4.8|14.5|158|20.1|76.0|0.00|0.00|43.8334|32.0845
12|10|0|180|1.6|14.5|158|20.8|76.1|0.00|0.00|43.8336|32.0845
12|11|0|90|1.5|14.5|158|20.5|76.3|0.00|0.00|43.8321|32.0845
12|13|0|45|1.6|14.5|158|21.1|76.4|0.00|0.00|43.8283|33.2951
12|14|0|180|4.4|14.5|158|20.4|76.7|0.00|0.00|43.8259|32.0845
12|15|0|158|10.2|14.5|158|20.8|76.8|0.00|0.00|43.8226|32.0845
12|16|0|135|4.4|14.5|158|19.9|76.6|0.00|0.00|43.8248|30.8191
12|17|0|180|4.4|14.5|158|19.7|76.6|0.00|0.00|43.8241|30.8191
12|18|0|135|2.9|14.5|158|20.1|76.6|0.00|0.00|43.8252|32.0845
12|19|0|90|2.9|14.5|158|20.0|76.6|0.00|0.00|43.8256|32.0845
12|20|0|45|1.5|14.5|158|19.9|76.4|0.00|0.00|43.8248|30.8191
12|21|0|45|2.9|14.5|158|20.2|76.4|0.00|0.00|43.8237|32.0845
12|22|0|90|1.5|14.5|158|20.2|76.4|0.00|0.00|43.8229|32.0845
12|23|0|0|1.5|14.5|158|19.6|76.4|0.00|0.00|43.8188|30.8191
12|24|0|0|4.4|14.5|158|20.3|76.6|0.00|0.00|43.818|32.0845
12|25|0|0|2.9|14.5|158|20.0|76.6|0.00|0.00|43.8177|32.0845
12|26|0|0|4.4|14.5|158|21.2|76.7|0.00|0.00|43.8168|33.2951
12|27|0|0|2.9|14.5|158|20.5|76.7|0.00|0.00|43.8163|32.0845
12|29|0|0|2.9|14.5|158|21.9|76.7|0.00|0.00|43.8155|33.2951
12|30|0|270|2.9|14.5|158|21.1|76.8|0.00|0.00|43.8143|33.2951
12|31|0|270|1.6|14.5|158|19.5|76.9|0.00|0.00|43.8131|30.8191
12|32|0|315|1.6|14.5|158|19.2|77.1|0.00|0.00|43.8137|31.6364
12|33|0|315|1.5|14.5|158|19.0|77.2|0.00|0.00|43.813|31.6364
12|34|0|315|2.9|14.5|158|18.9|77.5|0.00|0.00|43.8123|30.3056
12|35|0|0|1.5|14.5|158|19.3|77.6|0.00|0.00|43.8139|31.6364
12|36|0|270|1.5|14.5|158|19.8|77.7|0.00|0.00|43.8141|31.6364
12|37|0|270|1.5|14.5|158|19.6|77.8|0.00|0.00|43.8148|31.6364
12|38|0|315|1.5|14.5|158|19.8|78.0|0.00|0.00|43.813|32.4533
12|39|0|225|1.5|14.5|158|19.6|78.2|0.00|0.00|43.8163|32.4533
12|41|0|270|4.4|14.5|158|19.6|78.5|0.00|0.00|43.8153|32.4533
12|42|0|225|1.6|14.5|158|18.6|78.7|0.00|0.00|43.8163|31.1174
12|43|0|180|5.8|14.5|158|18.7|78.9|0.00|0.00|43.8147|31.1174
12|44|0|315|1.5|14.5|158|18.8|78.9|0.00|0.00|43.8114|31.1174
12|45|0|315|7.3|14.5|158|19.3|79.0|0.00|0.00|43.8085|33.2698
12|46|0|315|2.9|14.5|158|20.8|79.0|0.00|0.00|43.8089|34.5498
12|47|0|90|0.0|14.5|158|19.6|79.1|0.00|0.00|43.8049|33.2698
12|48|0|270|1.5|14.5|158|19.7|79.4|0.00|0.00|43.8043|33.2698
12|49|0|225|5.8|14.5|158|19.7|79.5|0.00|0.00|43.8051|33.2698
12|50|0|270|3.2|14.5|158|18.5|79.6|0.00|0.00|43.8072|31.9288
12|51|0|225|1.5|14.5|158|18.0|79.6|0.00|0.00|43.8065|31.9288
12|54|0|315|4.4|14.5|158|18.8|79.7|0.00|0.00|43.8061|31.9288
12|55|0|270|4.4|14.5|158|19.1|79.7|0.00|0.00|43.804|33.2698
12|56|0|315|2.9|14.5|158|18.1|79.7|0.00|0.00|43.8036|31.9288
12|57|0|315|4.4|14.5|158|18.2|79.7|0.00|0.00|43.8036|31.9288
12|58|0|270|4.4|14.5|158|18.3|79.6|0.00|0.00|43.8041|31.9288
12|59|0|315|3.2|14.5|158|17.9|79.5|0.00|0.00|43.8011|30.5203
13|00|0|270|2.9|14.5|158|18.1|79.6|0.00|0.00|43.7996|31.9288
13|01|0|90|1.5|14.5|158|18.2|79.6|0.00|0.00|43.8012|31.9288
13|02|0|270|4.4|14.5|158|18.6|79.6|0.00|0.00|43.7987|31.9288
13|03|0|315|3.2|14.5|158|18.1|79.6|0.00|0.00|43.8006|31.9288
13|04|0|270|0.0|14.5|158|17.9|79.6|0.00|0.00|43.8002|30.5203
13|05|0|270|5.8|14.5|158|18.1|79.6|0.00|0.00|43.7971|31.9288
13|06|0|315|4.4|14.5|158|17.8|79.7|0.00|0.00|43.7993|30.5203
13|07|0|225|4.4|14.5|158|17.7|79.7|0.00|0.00|43.7973|30.5203
13|08|0|315|3.2|14.5|158|18.0|79.8|0.00|0.00|43.7956|31.9288
13|10|0|270|5.8|14.5|158|18.3|79.8|0.00|0.00|43.7925|31.9288
13|11|0|270|7.3|14.5|158|17.9|79.8|0.00|0.00|43.7929|30.5203
13|12|0|270|1.5|14.5|158|17.7|79.7|0.00|0.00|43.7929|30.5203
13|13|0|225|1.6|14.5|158|17.8|79.6|0.00|0.00|43.7932|30.5203
13|14|0|270|0.0|14.5|158|17.7|79.6|0.00|0.00|43.7907|30.5203
13|15|0|270|2.9|14.5|158|17.8|79.7|0.00|0.00|43.7916|30.5203
13|17|0|270|4.4|14.5|158|17.7|79.6|0.00|0.00|43.7883|30.5203
13|18|0|225|3.2|14.5|158|18.1|79.7|0.00|0.00|43.7888|31.9288
13|19|0|225|2.9|14.5|158|18.2|79.8|0.00|0.00|43.7871|31.9288
13|20|0|225|4.8|14.5|158|18.3|79.9|0.00|0.00|43.7882|31.9288
13|21|0|270|3.2|14.5|158|18.2|80.2|0.00|0.00|43.7881|32.74
13|22|0|315|2.9|14.5|158|18.2|80.4|0.00|0.00|43.7882|32.74
13|24|0|225|2.9|14.5|158|16.8|80.7|0.00|0.00|43.7922|29.8366
13|25|0|225|4.4|14.5|158|15.9|80.9|0.00|0.00|43.7889|28.2623
13|26|0|203|2.9|14.5|158|16.0|81.2|0.00|0.00|43.7873|30.6364
13|27|0|225|3.2|14.5|158|16.0|81.3|0.00|0.00|43.7865|30.6364
13|29|0|225|2.9|14.5|158|16.2|81.7|0.00|0.00|43.7878|30.6364
13|30|0|225|3.2|14.5|158|15.8|82.0|0.00|0.00|43.7888|29.8497
13|31|0|180|2.9|14.5|158|15.9|82.2|0.00|0.00|43.7848|29.8497
13|32|0|225|5.8|14.5|158|16.1|82.4|0.00|0.00|43.7866|31.4358
13|33|0|270|1.5|14.5|158|15.1|82.6|0.00|0.00|43.7869|29.8497
13|34|0|225|0.0|14.5|158|14.9|82.7|0.00|0.00|43.7862|28.1672
13|35|0|315|2.9|14.5|158|15.2|83.0|0.00|0.00|43.7845|30.6429
13|36|0|315|4.4|14.5|158|15.7|83.0|0.00|0.00|43.784|30.6429
13|38|0|315|1.5|14.5|158|16.8|83.3|0.00|0.00|43.7836|32.2349
13|39|0|270|0.0|14.5|158|15.4|83.5|0.00|0.00|43.7811|30.6429
13|41|0|315|1.5|14.5|158|14.5|83.6|0.00|0.00|43.783|28.9541
13|42|0|270|2.9|14.5|158|14.5|83.8|0.00|0.00|43.7803|28.9541
13|43|0|315|1.6|14.5|158|14.8|83.9|0.00|0.00|43.7803|28.9541
13|44|0|135|4.4|14.5|158|15.7|84.0|0.00|0.00|43.7786|31.4357
13|45|0|45|3.2|14.5|158|16.1|84.1|0.00|0.00|43.7795|33.0337
13|46|0|180|1.5|14.5|158|14.6|84.1|0.00|0.00|43.7776|29.7406
13|47|0|225|1.5|14.5|158|14.9|84.2|0.00|0.00|43.7782|29.7406
13|48|0|315|0.0|14.5|158|15.4|84.3|0.00|0.00|43.7777|31.4357
13|49|0|135|0.0|14.5|158|15.8|84.4|0.00|0.00|43.7734|31.4357
13|50|0|135|2.9|14.5|158|15.0|84.7|0.00|0.00|43.7689|31.4357
13|51|0|225|2.9|14.5|158|15.2|84.7|0.00|0.00|43.7658|31.4357
13|52|0|180|4.8|14.5|158|14.7|84.5|0.00|0.00|43.767|29.7406
13|53|0|225|5.8|14.5|158|15.3|84.7|0.00|0.00|43.7691|31.4357
13|54|0|180|2.9|14.5|158|14.4|84.3|0.00|0.00|43.7734|29.7406
13|55|0|225|2.9|14.5|158|14.1|84.2|0.00|0.00|43.7768|29.7406
13|56|0|180|1.5|14.5|158|14.0|84.1|0.00|0.00|43.7722|29.7406
13|58|0|180|2.9|14.5|158|14.6|84.0|0.00|0.00|43.7721|29.7406
13|59|0|225|4.4|14.5|158|13.7|83.9|0.00|0.00|43.7722|27.1548
14|00|0|135|4.4|14.5|158|15.0|83.8|0.00|0.00|43.7715|30.6429
14|01|0|180|5.8|14.5|158|14.9|83.6|0.00|0.00|43.7684|28.9541
14|02|0|135|2.9|14.5|158|14.9|83.5|0.00|0.00|43.7656|28.9541
14|03|0|90|3.2|14.5|158|14.5|83.3|0.00|0.00|43.7645|28.9541
14|04|0|135|4.4|14.5|158|14.0|83.2|0.00|0.00|43.7643|28.9541
14|05|0|90|1.5|14.5|158|14.3|83.1|0.00|0.00|43.7652|28.9541
14|06|0|90|4.4|14.5|158|13.6|83.0|0.00|0.00|43.764|27.1548
14|07|0|90|1.5|14.5|158|13.7|82.5|0.00|0.00|43.7628|26.3746
14|08|0|68|3.2|14.5|158|14.1|82.5|0.00|0.00|43.7647|28.1672
14|09|0|0|5.8|14.5|158|14.3|82.2|0.00|0.00|43.7622|28.1672
14|11|0|0|1.6|14.5|158|15.6|82.1|0.00|0.00|43.7599|29.8497
14|13|0|0|1.5|14.5|158|15.3|82.2|0.00|0.00|43.7602|29.8497
14|14|0|315|0.0|14.5|158|14.5|82.1|0.00|0.00|43.7586|28.1672
14|15|0|0|4.4|14.5|158|15.5|82.2|0.00|0.00|43.76|29.8497
14|16|0|45|1.5|14.5|158|14.6|82.2|0.00|0.00|43.7589|28.1672
14|17|0|0|2.9|14.5|158|14.3|82.2|0.00|0.00|43.7597|28.1672
14|18|0|45|4.4|14.5|158|15.3|82.2|0.00|0.00|43.7577|29.8497
14|19|0|270|1.5|14.5|158|14.6|82.4|0.00|0.00|43.7585|28.1672
14|20|0|45|1.5|14.5|158|15.8|82.5|0.00|0.00|43.758|29.8497
14|21|0|45|5.8|14.5|158|15.0|82.6|0.00|0.00|43.7577|29.8497
14|22|0|315|1.5|14.5|158|14.8|82.6|0.00|0.00|43.7548|28.1672
14|23|0|45|1.5|14.5|158|15.9|82.9|0.00|0.00|43.7564|29.8497
14|24|0|45|2.9|14.5|158|15.4|83.0|0.00|0.00|43.7557|30.6429
14|25|0|90|3.2|14.5|158|14.7|83.0|0.00|0.00|43.7549|28.9541
14|26|0|90|4.4|14.5|158|15.2|82.6|0.00|0.00|43.7538|29.8497
14|28|0|135|1.5|14.5|158|15.0|82.6|0.00|0.00|43.754|29.8497
14|29|0|180|4.4|14.5|158|15.7|82.5|0.00|0.00|43.7517|29.8497
14|30|0|113|4.4|14.5|158|15.9|82.3|0.00|0.00|43.748|29.8497
14|31|0|90|2.9|14.5|158|15.9|82.3|0.00|0.00|43.7477|29.8497
14|32|0|90|4.4|14.5|158|15.7|82.2|0.00|0.00|43.7482|29.8497
14|33|0|90|4.4|14.5|158|15.5|82.0|0.00|0.00|43.7477|29.8497
14|34|0|45|1.6|14.5|158|14.8|81.7|0.00|0.00|43.7437|27.3799
14|35|0|0|2.9|14.5|158|15.5|81.5|0.00|0.00|43.7459|29.0562
14|36|0|90|4.4|14.5|158|15.5|81.2|0.00|0.00|43.7432|29.0562
14|37|0|315|1.5|14.5|158|15.3|81.3|0.00|0.00|43.7436|29.0562
14|38|0|315|1.5|14.5|158|15.4|81.2|0.00|0.00|43.7414|29.0562
14|40|0|270|2.9|14.5|158|15.9|81.3|0.00|0.00|43.7397|29.0562
14|41|0|315|4.8|14.5|158|16.0|81.4|0.00|0.00|43.7401|30.6364
14|42|0|315|1.6|14.5|158|15.2|81.4|0.00|0.00|43.7395|29.0562
14|43|0|0|4.8|14.5|158|15.3|81.4|0.00|0.00|43.7382|29.0562
14|44|0|315|2.9|14.5|158|16.3|81.6|0.00|0.00|43.7396|30.6364
14|45|0|315|2.9|14.5|158|16.8|81.6|0.00|0.00|43.7389|30.6364
14|46|0|0|4.8|14.5|158|18.4|81.7|0.00|0.00|43.7403|33.5508
14|47|0|0|2.9|14.5|158|18.8|81.7|0.00|0.00|43.7379|33.5508
14|48|0|315|2.9|14.5|158|17.9|81.8|0.00|0.00|43.7396|32.1315
14|49|0|315|1.5|14.5|158|17.7|82.0|0.00|0.00|43.7412|32.9366
14|50|0|0|5.8|14.5|158|17.4|82.0|0.00|0.00|43.738|32.9366
14|51|0|315|5.8|16.0|315|17.2|81.6|0.00|0.00|43.7346|32.1315
14|54|0|315|9.7|16.0|315|17.3|81.1|0.00|0.00|43.7296|32.1315
14|55|0|315|6.4|16.0|315|18.3|80.9|0.00|0.00|43.7299|32.74
14|56|0|315|8.1|16.0|315|18.6|80.8|0.00|0.00|43.7301|32.74
14|57|0|0|7.3|16.0|315|19.6|80.8|0.00|0.00|43.7296|34.0861
14|58|0|0|4.8|16.0|315|18.6|80.7|0.00|0.00|43.7305|32.74
14|59|0|315|2.9|16.0|315|17.7|80.7|0.00|0.00|43.7301|31.326
15|00|0|135|4.4|16.0|315|17.0|80.8|0.00|0.00|43.727|31.326
15|01|0|135|4.4|16.0|315|17.5|80.7|0.00|0.00|43.7227|31.326
15|02|0|90|0.0|16.0|315|17.2|80.6|0.00|0.00|43.7224|31.326
15|03|0|0|5.8|16.0|315|18.8|80.7|0.00|0.00|43.7197|32.74
15|05|0|315|4.4|16.0|315|18.8|80.7|0.00|0.00|43.72|32.74
15|06|0|315|4.4|16.0|315|19.8|80.8|0.00|0.00|43.7228|34.0861
15|07|0|315|7.3|16.0|315|20.7|80.9|0.00|0.00|43.7222|35.371
15|09|0|0|8.7|16.0|315|17.1|81.2|0.00|0.00|43.7209|32.1315
15|10|0|0|7.3|16.0|315|17.6|80.9|0.00|0.00|43.7188|31.326
15|11|0|0|1.6|16.0|315|18.3|80.9|0.00|0.00|43.7185|32.74
15|12|0|338|7.3|16.0|315|18.1|80.8|0.00|0.00|43.7145|32.74
15|13|0|0|5.8|16.0|315|15.7|80.8|0.00|0.00|43.7146|28.2623
15|14|0|0|4.4|16.0|315|15.7|80.7|0.00|0.00|43.7119|28.2623
15|15|0|315|6.4|16.0|315|17.1|80.7|0.00|0.00|43.7121|31.326
15|16|0|315|7.3|16.0|315|18.1|80.7|0.00|0.00|43.7099|32.74
15|18|0|315|7.3|16.0|315|16.9|80.5|0.00|0.00|43.7102|29.8366
15|19|0|0|8.1|16.0|315|18.0|80.4|0.00|0.00|43.7109|32.74
15|20|0|0|5.8|16.0|315|19.1|80.5|0.00|0.00|43.7087|34.0861
15|21|0|315|6.4|16.0|315|17.4|80.5|0.00|0.00|43.7093|31.326
15|22|0|338|5.8|16.0|315|16.6|80.5|0.00|0.00|43.7083|29.8366
15|23|0|315|5.8|16.0|315|16.6|80.6|0.00|0.00|43.7094|29.8366
15|24|0|135|1.5|16.0|315|15.4|80.7|0.00|0.00|43.7084|28.2623
15|25|0|315|2.9|16.0|315|15.3|80.8|0.00|0.00|43.7083|28.2623
15|26|0|270|4.4|16.0|315|15.3|80.8|0.00|0.00|43.7064|28.2623
15|27|0|315|7.3|16.0|315|16.6|80.5|0.00|0.00|43.7043|29.8366
15|28|0|315|8.7|16.0|315|16.7|80.3|0.00|0.00|43.7053|29.8366
15|30|0|315|11.3|16.0|315|17.4|80.3|0.00|0.00|43.7034|31.326
15|31|0|315|4.8|16.0|315|17.1|80.2|0.00|0.00|43.7062|31.326
15|32|0|315|1.5|16.0|315|15.5|80.4|0.00|0.00|43.7037|28.2623
15|33|0|0|2.9|16.0|315|15.6|80.6|0.00|0.00|43.7035|28.2623
15|34|0|315|6.5|16.0|315|14.8|80.6|0.00|0.00|43.7026|26.5923
15|35|0|0|5.8|16.0|315|17.4|80.7|0.00|0.00|43.7033|31.326
15|36|0|0|10.2|16.0|315|14.8|80.6|0.00|0.00|43.7004|26.5923
15|37|0|0|7.3|16.0|315|16.0|80.4|0.00|0.00|43.6996|29.8366
15|38|0|0|10.2|16.0|315|14.7|80.2|0.00|0.00|43.6991|26.5923
15|40|0|315|5.8|16.0|315|17.0|80.0|0.00|0.00|43.7021|31.326
15|41|0|0|5.8|16.0|315|18.3|80.2|0.00|0.00|43.7007|32.74
15|42|0|0|5.8|16.0|315|16.6|80.3|0.00|0.00|43.703|29.8366
15|43|0|45|4.4|16.0|315|15.3|80.4|0.00|0.00|43.6984|28.2623
15|44|0|270|1.5|16.0|315|15.3|80.5|0.00|0.00|43.6973|28.2623
15|45|0|315|7.3|16.0|315|16.4|80.6|0.00|0.00|43.6974|29.8366
15|47|0|315|4.4|16.0|315|16.2|80.5|0.00|0.00|43.6988|29.8366
15|48|0|315|10.2|16.0|315|17.1|80.5|0.00|0.00|43.6954|31.326
15|49|0|315|7.3|16.0|315|15.1|80.5|0.00|0.00|43.6965|28.2623
15|50|0|0|5.8|16.0|315|15.8|80.4|0.00|0.00|43.6956|28.2623
15|51|0|270|5.8|16.0|315|14.9|80.4|0.00|0.00|43.698|26.5923
15|52|0|315|5.8|16.0|315|16.8|80.3|0.00|0.00|43.6946|29.8366
15|53|0|0|4.4|16.0|315|17.5|80.4|0.00|0.00|43.6965|31.326
15|54|0|0|4.8|16.0|315|18.0|80.5|0.00|0.00|43.6965|32.74
15|55|0|0|2.9|16.0|315|17.2|80.6|0.00|0.00|43.6952|31.326
15|56|0|0|3.2|16.0|315|15.9|80.7|0.00|0.00|43.6923|28.2623
15|57|0|315|5.8|16.0|315|15.6|80.5|0.00|0.00|43.693|28.2623
15|59|0|0|6.4|16.0|315|17.5|80.6|0.00|0.00|43.6911|31.326
16|01|0|0|4.4|16.0|315|15.5|80.4|0.00|0.00|43.6923|28.2623
16|02|0|45|6.4|16.0|315|15.7|80.6|0.00|0.00|43.6925|28.2623
16|03|0|45|8.7|16.0|315|15.2|80.4|0.00|0.00|43.6894|28.2623
16|04|0|0|6.4|16.0|315|16.1|80.4|0.00|0.00|43.6913|29.8366
16|05|0|90|1.6|16.0|315|15.4|80.3|0.00|0.00|43.6886|28.2623
16|07|0|0|2.9|16.0|315|14.9|80.4|0.00|0.00|43.6855|26.5923
16|08|0|90|1.5|16.0|315|14.4|80.5|0.00|0.00|43.6853|26.5923
16|09|0|135|4.8|16.0|315|14.6|80.6|0.00|0.00|43.6844|26.5923
16|10|0|68|2.9|16.0|315|15.5|80.6|0.00|0.00|43.6834|28.2623
16|11|0|0|10.2|16.0|315|16.5|80.6|0.00|0.00|43.6811|29.8366
16|12|0|315|6.4|16.1|0|16.8|80.6|0.00|0.00|43.6807|29.8366
16|13|0|315|11.6|16.1|0|17.2|80.6|0.00|0.00|43.6824|31.326
16|14|0|0|4.8|16.1|0|16.4|80.5|0.00|0.00|43.6822|29.8366
16|15|0|0|5.8|16.1|0|17.0|80.6|0.00|0.00|43.6819|31.326
16|16|0|315|4.4|16.1|0|15.6|80.5|0.00|0.00|43.6783|28.2623
16|18|0|270|7.3|16.1|0|13.9|80.5|0.00|0.00|43.6821|24.813
16|20|0|315|4.4|16.1|0|17.6|80.5|0.00|0.00|43.6813|31.326
16|21|0|0|4.4|16.1|0|17.1|80.6|0.00|0.00|43.6808|31.326
16|22|0|338|8.7|16.1|0|16.2|80.6|0.00|0.00|43.6802|29.8366
16|23|0|0|5.8|16.1|0|14.6|80.6|0.00|0.00|43.6814|26.5923
16|24|0|315|5.8|16.1|0|14.2|80.6|0.00|0.00|43.6831|26.5923
16|25|0|0|7.3|16.1|0|14.8|80.6|0.00|0.00|43.681|26.5923
16|26|0|315|5.8|16.1|0|15.8|80.5|0.00|0.00|43.6818|28.2623
16|27|0|0|7.3|16.1|0|16.7|80.5|0.00|0.00|43.6806|29.8366
16|28|0|315|5.8|16.1|0|14.9|80.6|0.00|0.00|43.6795|26.5923
16|29|0|315|4.8|16.1|0|13.8|80.6|0.00|0.00|43.681|24.813
16|30|0|270|2.9|16.1|0|13.5|80.7|0.00|0.00|43.6811|24.813
16|32|0|0|2.9|16.1|0|14.6|80.8|0.00|0.00|43.6783|26.5923
16|33|0|315|2.9|16.1|0|14.5|80.9|0.00|0.00|43.6786|26.5923
16|34|0|0|5.8|16.1|0|16.0|80.9|0.00|0.00|43.6766|29.8366
16|36|0|315|2.9|16.1|0|15.2|80.9|0.00|0.00|43.6791|28.2623
16|37|0|315|4.4|16.1|0|15.6|81.1|0.00|0.00|43.6793|29.0562
16|38|0|0|4.8|16.1|0|14.1|81.1|0.00|0.00|43.6753|27.3799
16|40|0|315|5.8|16.1|0|16.1|80.9|0.00|0.00|43.6754|29.8366
16|41|0|0|8.7|16.1|0|16.3|80.8|0.00|0.00|43.6748|29.8366
16|42|0|0|8.7|16.1|0|16.2|80.7|0.00|0.00|43.6763|29.8366
16|43|0|225|2.9|16.1|0|16.2|80.6|0.00|0.00|43.6776|29.8366
16|44|0|315|5.8|16.1|0|16.5|80.6|0.00|0.00|43.678|29.8366
16|46|0|315|5.8|16.1|0|16.8|80.4|0.00|0.00|43.6749|29.8366
16|48|0|0|7.3|16.1|0|17.2|80.3|0.00|0.00|43.6739|31.326
16|49|0|0|8.7|16.1|0|16.1|80.2|0.00|0.00|43.6763|29.8366
16|51|0|0|7.3|16.1|0|16.4|79.8|0.00|0.00|43.6811|29.0364
16|53|0|315|7.3|16.1|0|18.8|79.8|0.00|0.00|43.6779|31.9288
16|54|0|0|7.3|16.1|0|17.9|79.8|0.00|0.00|43.6761|30.5203
16|55|0|0|8.1|16.1|0|16.9|79.7|0.00|0.00|43.6734|29.0364
16|57|0|315|5.8|16.1|0|18.2|79.8|0.00|0.00|43.6729|31.9288
16|58|0|0|10.2|16.1|0|17.5|79.9|0.00|0.00|43.673|30.5203
16|59|0|0|11.6|24.7|0|16.5|79.7|0.00|0.00|43.6702|29.0364
17|00|0|0|9.7|24.7|0|16.8|79.6|0.00|0.00|43.6711|29.0364
17|01|0|0|7.3|24.7|0|16.5|79.6|0.00|0.00|43.6739|29.0364
17|02|0|0|8.7|24.7|0|16.2|79.4|0.00|0.00|43.6725|29.0364
17|04|0|0|5.8|24.7|0|16.2|79.3|0.00|0.00|43.6713|29.0364
17|06|0|0|4.8|24.7|0|17.1|79.1|0.00|0.00|43.6698|30.5203
17|07|0|0|8.7|24.7|0|16.8|79.3|0.00|0.00|43.6721|29.0364
17|08|0|0|16.0|24.7|0|17.2|79.1|0.00|0.00|43.6724|30.5203
17|09|0|0|21.8|24.7|0|16.6|79.1|0.00|0.00|43.6727|29.0364
17|10|0|270|10.2|24.7|0|16.0|79.0|0.00|0.00|43.6776|29.0364
17|11|0|0|10.2|24.7|0|18.1|79.0|0.00|0.00|43.6761|31.9288
17|12|0|0|7.3|24.7|0|16.7|78.9|0.00|0.00|43.6766|28.2359
17|13|0|315|4.8|24.7|0|17.7|78.8|0.00|0.00|43.6806|29.7141
17|14|0|0|4.4|24.7|0|17.4|78.7|0.00|0.00|43.6808|29.7141
17|15|0|315|4.4|24.7|0|18.1|78.6|0.00|0.00|43.6785|31.1174
17|17|0|338|5.8|24.7|0|16.7|78.5|0.00|0.00|43.6771|28.2359
17|18|0|270|7.3|24.7|0|18.1|78.4|0.00|0.00|43.6765|31.1174
17|19|0|315|5.8|24.7|0|18.0|78.2|0.00|0.00|43.6747|31.1174
17|20|0|315|4.8|24.7|0|17.6|78.4|0.00|0.00|43.6698|29.7141
17|21|0|0|3.2|24.7|0|17.1|78.5|0.00|0.00|43.671|29.7141
17|22|0|0|4.8|24.7|0|17.8|78.6|0.00|0.00|43.671|29.7141
17|23|0|315|2.9|24.7|0|20.0|78.7|0.00|0.00|43.6748|33.7284
17|24|0|315|4.8|24.7|0|17.7|78.8|0.00|0.00|43.674|29.7141
17|25|0|315|4.8|24.7|0|17.8|78.8|0.00|0.00|43.6774|29.7141
17|26|0|0|12.9|24.7|0|16.6|78.6|0.00|0.00|43.675|28.2359
17|27|0|0|10.2|24.7|0|16.2|78.6|0.00|0.00|43.6718|28.2359
17|29|0|0|11.6|24.7|0|15.6|78.5|0.00|0.00|43.6692|26.6734
17|30|0|338|11.6|24.7|0|16.3|78.4|0.00|0.00|43.6705|28.2359
17|31|0|0|6.4|24.7|0|15.4|78.1|0.00|0.00|43.6698|26.6734
17|32|0|0|7.3|24.7|0|16.4|77.9|0.00|0.00|43.6702|27.435
17|33|0|315|5.8|24.7|0|16.3|77.7|0.00|0.00|43.6711|27.435
17|34|0|45|8.1|24.7|0|16.8|77.5|0.00|0.00|43.6677|27.435
17|35|0|0|5.8|24.7|0|16.3|77.5|0.00|0.00|43.6651|27.435
17|36|0|0|9.7|24.7|0|15.9|77.3|0.00|0.00|43.6608|25.8784
17|37|0|0|7.3|24.7|0|15.4|77.2|0.00|0.00|43.6644|25.8784
17|38|0|0|5.8|24.7|0|17.1|77.2|0.00|0.00|43.6642|28.9077
17|39|0|315|7.3|24.7|0|18.3|77.2|0.00|0.00|43.6592|30.3056
17|40|0|0|7.3|24.7|0|18.3|77.3|0.00|0.00|43.6579|30.3056
17|41|0|315|8.7|9.7|315|17.9|77.6|0.00|0.00|43.6571|28.9077
17|42|0|315|8.7|11.6|0|17.1|77.9|0.00|0.00|43.6565|28.9077
17|43|0|0|5.8|13.1|0|17.0|78.0|0.00|0.00|43.6579|29.7141
17|45|0|315|7.3|13.1|0|16.2|78.4|0.00|0.00|43.661|28.2359
17|46|0|315|7.3|13.1|0|15.6|78.5|0.00|0.00|43.6628|26.6734
17|48|0|0|7.3|13.1|0|16.2|78.8|0.00|0.00|43.6591|28.2359
17|49|0|0|13.1|13.1|0|15.3|78.8|0.00|0.00|43.6588|26.6734
17|51|0|315|7.3|26.2|0|15.4|78.6|0.00|0.00|43.6682|26.6734
17|52|0|315|4.4|26.2|0|16.6|78.5|0.00|0.00|43.6675|28.2359
17|54|0|315|5.8|26.2|0|16.9|78.5|0.00|0.00|43.6661|28.2359
17|56|0|0|4.4|26.2|0|16.1|78.2|0.00|0.00|43.6659|28.2359
17|57|0|315|11.6|26.2|0|16.1|78.1|0.00|0.00|43.6635|28.2359
17|59|0|0|4.8|26.2|0|16.1|77.6|0.00|0.00|43.659|27.435
18|00|0|315|5.8|26.2|0|16.8|77.7|0.00|0.00|43.6553|27.435
18|01|0|45|4.8|26.2|0|16.8|77.8|0.00|0.00|43.6541|27.435
18|02|0|315|8.7|26.2|0|16.3|77.9|0.00|0.00|43.6528|27.435
18|03|0|0|3.2|26.2|0|15.9|78.0|0.00|0.00|43.6543|26.6734
18|04|0|0|5.8|26.2|0|16.1|78.2|0.00|0.00|43.656|28.2359
18|05|0|0|8.7|26.2|0|14.9|78.4|0.00|0.00|43.6564|25.0159
18|06|0|315|6.4|26.2|0|15.3|78.6|0.00|0.00|43.6559|26.6734
18|08|0|0|4.4|26.2|0|15.0|78.8|0.00|0.00|43.6519|26.6734
18|09|0|0|6.4|26.2|0|15.1|78.9|0.00|0.00|43.6578|26.6734
18|10|0|315|7.3|26.2|0|14.3|78.9|0.00|0.00|43.6573|25.0159
18|12|0|315|5.8|26.2|0|15.4|78.8|0.00|0.00|43.6532|26.6734
18|14|0|0|8.7|26.2|0|14.1|78.9|0.00|0.00|43.65|25.0159
18|15|0|315|4.8|26.2|0|13.8|78.9|0.00|0.00|43.6531|23.2498
18|16|0|315|5.8|26.2|0|15.6|79.0|0.00|0.00|43.6538|27.4681
18|18|0|0|8.7|26.2|0|14.0|79.0|0.00|0.00|43.6555|25.8042
18|19|0|0|5.8|26.2|0|13.3|79.0|0.00|0.00|43.6557|24.0316
18|20|0|0|4.4|26.2|0|15.2|79.0|0.00|0.00|43.6557|27.4681
18|22|0|315|5.8|26.2|0|15.5|78.9|0.00|0.00|43.6557|26.6734
18|23|0|315|9.7|26.2|0|15.0|78.8|0.00|0.00|43.6583|26.6734
18|24|0|315|7.3|26.2|0|14.5|78.7|0.00|0.00|43.6596|25.0159
18|26|0|315|7.3|26.2|0|14.0|78.5|0.00|0.00|43.6611|25.0159
18|27|0|338|6.5|26.2|0|14.0|78.2|0.00|0.00|43.6602|25.0159
18|29|0|315|4.8|26.2|0|13.7|77.9|0.00|0.00|43.6586|22.4677
18|30|0|0|7.3|26.2|0|13.6|77.7|0.00|0.00|43.657|22.4677
18|31|0|0|8.7|26.2|0|13.6|77.5|0.00|0.00|43.6542|22.4677
18|33|0|0|5.8|26.2|0|14.3|77.1|0.00|0.00|43.6547|24.2271
18|34|0|0|2.9|26.2|0|13.9|76.9|0.00|0.00|43.655|21.6852
18|35|0|315|4.4|26.2|0|14.8|76.8|0.00|0.00|43.6542|23.438
18|36|0|0|4.4|26.2|0|15.5|76.7|0.00|0.00|43.6534|25.0831
18|37|0|315|7.3|26.2|0|14.9|76.4|0.00|0.00|43.6539|23.438
18|38|0|0|7.3|26.2|0|14.4|76.2|0.00|0.00|43.6543|23.438
18|40|0|315|7.3|26.2|0|14.3|76.1|0.00|0.00|43.6572|23.438
18|41|0|0|2.9|26.2|0|13.9|76.0|0.00|0.00|43.6583|21.6852
18|42|0|0|4.4|26.2|0|14.6|75.9|0.00|0.00|43.6583|22.6485
18|43|0|315|6.4|26.2|0|15.0|75.8|0.00|0.00|43.6596|24.2874
18|44|0|315|4.4|26.2|0|14.4|75.7|0.00|0.00|43.6596|22.6485
18|45|0|0|7.3|26.2|0|15.0|75.5|0.00|0.00|43.6588|24.2874
18|46|0|315|8.7|26.2|0|14.9|75.4|0.00|0.00|43.6578|22.6485
18|47|0|0|4.4|26.2|0|16.4|75.4|0.00|0.00|43.6581|25.8321
18|48|0|0|4.4|26.2|0|14.9|75.2|0.00|0.00|43.6549|22.6485
18|49|0|0|4.4|26.2|0|14.6|75.2|0.00|0.00|43.6549|22.6485
18|50|0|0|7.3|26.2|0|15.7|75.2|0.00|0.00|43.6557|24.2874
18|51|0|315|2.9|26.2|0|17.4|75.2|0.00|0.00|43.6565|27.2936
18|52|0|338|4.4|26.2|0|17.1|75.0|0.00|0.00|43.6531|27.2936
18|54|0|315|4.4|26.2|0|16.1|75.0|0.00|0.00|43.655|25.8321
18|55|0|0|2.9|26.2|0|16.8|74.9|0.00|0.00|43.6532|25.0302
18|56|0|0|8.7|26.2|0|16.4|74.9|0.00|0.00|43.6531|25.0302
18|57|0|0|4.4|26.2|0|16.6|74.8|0.00|0.00|43.6507|25.0302
18|58|0|0|2.9|26.2|0|16.8|74.8|0.00|0.00|43.6509|25.0302
18|59|0|0|1.5|26.2|0|16.9|74.8|0.00|0.00|43.654|25.0302
19|00|0|0|5.8|26.2|0|17.7|74.6|0.00|0.00|43.6518|26.4861
19|01|0|0|3.2|26.2|0|16.9|74.5|0.00|0.00|43.6524|25.0302
19|02|0|0|2.9|26.2|0|18.1|74.5|0.00|0.00|43.6525|27.8681
19|03|0|315|2.9|26.2|0|18.4|74.5|0.00|0.00|43.6526|27.8681
19|04|0|0|1.6|26.2|0|18.2|74.5|0.00|0.00|43.6519|27.8681
19|05|0|315|2.9|26.2|0|19.0|74.4|0.00|0.00|43.6525|29.1837
19|07|0|23|4.4|26.2|0|18.6|74.3|0.00|0.00|43.6502|27.8681
19|08|0|0|2.9|26.2|0|16.8|74.2|0.00|0.00|43.6507|25.0302
19|09|0|315|2.9|26.2|0|16.6|74.2|0.00|0.00|43.6523|25.0302
19|11|0|0|2.9|26.2|0|18.2|74.2|0.00|0.00|43.6522|27.8681
19|12|0|0|3.2|26.2|0|17.1|74.1|0.00|0.00|43.6503|26.4861
19|13|0|315|1.5|26.2|0|18.6|74.1|0.00|0.00|43.6509|27.8681
19|14|0|0|3.2|26.2|0|17.8|74.1|0.00|0.00|43.6521|26.4861
19|16|0|315|2.9|26.2|0|18.9|74.1|0.00|0.00|43.655|27.8681
19|17|0|0|2.9|26.2|0|18.5|74.0|0.00|0.00|43.6548|27.8681
19|18|0|338|2.9|26.2|0|17.9|73.9|0.00|0.00|43.6534|25.6782
19|19|0|0|2.9|26.2|0|18.1|73.9|0.00|0.00|43.6539|27.0549
19|20|0|0|1.5|26.2|0|19.1|73.9|0.00|0.00|43.6555|28.3654
19|21|0|315|2.9|26.2|0|18.6|73.7|0.00|0.00|43.6548|27.0549
19|22|0|0|4.4|26.2|0|17.7|73.6|0.00|0.00|43.6548|25.6782
19|23|0|0|1.5|26.2|0|17.8|73.6|0.00|0.00|43.6564|25.6782
19|24|0|315|3.2|26.2|0|18.7|73.5|0.00|0.00|43.658|27.0549
19|28|0|315|2.9|26.2|0|19.0|73.3|0.00|0.00|43.6579|28.3654
19|29|0|0|2.9|26.2|0|18.6|73.3|0.00|0.00|43.6596|27.0549
19|30|0|0|2.9|26.2|0|18.8|73.2|0.00|0.00|43.6598|27.0549
19|31|0|0|2.9|26.2|0|18.6|73.2|0.00|0.00|43.6581|27.0549
19|32|0|0|1.6|26.2|0|18.2|73.1|0.00|0.00|43.6594|27.0549
19|33|0|0|2.9|26.2|0|17.4|73.1|0.00|0.00|43.6594|25.6782
19|34|0|315|1.5|26.2|0|17.5|73.0|0.00|0.00|43.6603|25.6782
19|35|0|0|1.5|26.2|0|19.1|73.0|0.00|0.00|43.6612|28.3654
19|36|0|315|2.9|26.2|0|20.0|73.0|0.00|0.00|43.6605|29.6162
19|37|0|315|1.6|26.2|0|20.5|72.8|0.00|0.00|43.6612|28.7928
19|38|0|315|1.5|26.2|0|20.2|72.8|0.00|0.00|43.662|28.7928
19|39|0|315|3.2|26.2|0|19.8|72.7|0.00|0.00|43.6622|27.5468
19|40|0|0|1.5|26.2|0|18.1|72.6|0.00|0.00|43.6636|26.2414
19|41|0|315|1.6|26.2|0|19.3|72.6|0.00|0.00|43.6647|27.5468
19|43|0|315|0.0|26.2|0|19.5|72.6|0.00|0.00|43.6653|27.5468
19|44|0|315|1.5|26.2|0|19.1|72.6|0.00|0.00|43.6667|27.5468
19|45|0|315|0.0|26.2|0|19.4|72.5|0.00|0.00|43.6654|27.5468
19|46|0|315|0.0|26.2|0|18.8|72.5|0.00|0.00|43.6681|26.2414
19|47|0|315|1.5|26.2|0|18.4|72.4|0.00|0.00|43.6681|26.2414
19|48|0|315|0.0|26.2|0|18.2|72.4|0.00|0.00|43.6697|26.2414
19|49|0|315|0.0|26.2|0|18.1|72.4|0.00|0.00|43.67|26.2414
19|50|0|315|0.0|26.2|0|17.7|72.3|0.00|0.00|43.67|24.87
19|51|0|315|0.0|26.2|0|17.7|72.3|0.00|0.00|43.6711|24.87
19|52|0|315|0.0|26.2|0|17.6|72.3|0.00|0.00|43.6717|24.87
19|53|0|315|1.6|26.2|0|17.7|72.3|0.00|0.00|43.6735|24.87
19|54|0|315|1.5|26.2|0|17.7|72.2|0.00|0.00|43.673|24.87
19|55|0|315|0.0|26.2|0|17.6|72.2|0.00|0.00|43.6742|24.87
19|56|0|315|1.6|26.2|0|17.8|72.2|0.00|0.00|43.6753|24.87
19|57|0|315|1.5|26.2|0|17.9|72.2|0.00|0.00|43.6749|24.87
19|58|0|315|0.0|26.2|0|17.5|72.2|0.00|0.00|43.6758|24.87
20|00|0|315|0.0|26.2|0|17.5|72.2|0.00|0.00|43.6756|24.87
20|01|0|315|1.5|26.2|0|17.7|72.2|0.00|0.00|43.6778|24.87
20|02|0|315|0.0|26.2|0|18.0|72.2|0.00|0.00|43.6765|26.2414
20|03|0|315|0.0|26.2|0|17.5|72.2|0.00|0.00|43.6771|24.87
20|04|0|315|0.0|26.2|0|17.7|72.1|0.00|0.00|43.6761|24.87
20|05|0|315|0.0|26.2|0|17.4|72.1|0.00|0.00|43.6787|24.87
20|06|0|315|0.0|26.2|0|17.4|71.9|0.00|0.00|43.6771|24.0614
20|07|0|315|0.0|26.2|0|17.6|71.9|0.00|0.00|43.6776|24.0614
20|08|0|315|0.0|26.2|0|17.7|71.9|0.00|0.00|43.6772|24.0614
20|09|0|315|0.0|26.2|0|18.1|71.9|0.00|0.00|43.6787|25.4275
20|10|0|315|0.0|26.2|0|19.2|71.9|0.00|0.00|43.6783|26.7279
20|11|0|315|0.0|26.2|0|19.8|71.9|0.00|0.00|43.6798|26.7279
20|13|0|225|1.5|26.2|0|20.2|71.8|0.00|0.00|43.6789|27.9691
20|14|0|225|0.0|26.2|0|20.2|71.8|0.00|0.00|43.6788|27.9691
20|15|0|225|1.5|26.2|0|20.2|71.7|0.00|0.00|43.6794|27.9691
20|16|0|225|1.6|26.2|0|20.2|71.6|0.00|0.00|43.6798|27.9691
20|17|0|225|0.0|26.2|0|20.1|71.6|0.00|0.00|43.6783|27.9691
20|18|0|225|0.0|26.2|0|20.1|71.5|0.00|0.00|43.6806|27.9691
20|20|0|225|0.0|26.2|0|20.3|71.4|0.00|0.00|43.6805|27.9691
20|21|0|225|1.5|26.2|0|20.3|71.4|0.00|0.00|43.6797|27.9691
20|22|0|225|1.6|26.2|0|20.4|71.4|0.00|0.00|43.681|27.9691
20|24|0|225|0.0|26.2|0|20.4|71.3|0.00|0.00|43.6804|27.9691
20|25|0|225|0.0|26.2|0|20.4|71.2|0.00|0.00|43.6828|27.9691
20|26|0|225|0.0|26.2|0|20.3|71.0|0.00|0.00|43.682|27.9691
20|27|0|225|0.0|26.2|0|20.0|71.0|0.00|0.00|43.6837|27.9691
20|28|0|270|0.0|26.2|0|20.1|71.0|0.00|0.00|43.6868|27.9691
20|29|0|225|0.0|26.2|0|20.6|70.9|0.00|0.00|43.6872|27.145
20|30|0|225|0.0|26.2|0|20.8|70.8|0.00|0.00|43.6859|27.145
20|31|0|225|0.0|26.2|0|20.8|70.8|0.00|0.00|43.6863|27.145
20|32|0|270|0.0|26.2|0|20.8|70.7|0.00|0.00|43.6865|27.145
20|33|0|225|0.0|26.2|0|21.0|70.6|0.00|0.00|43.6866|28.3278
20|34|0|225|0.0|26.2|0|21.9|70.5|0.00|0.00|43.6877|28.3278
20|35|0|225|0.0|26.2|0|22.5|70.5|0.00|0.00|43.6875|29.4617
20|36|0|225|0.0|26.2|0|23.0|70.4|0.00|0.00|43.6859|30.5509
20|38|0|225|0.0|26.2|0|23.4|70.3|0.00|0.00|43.6855|30.5509
20|39|0|225|0.0|26.2|0|23.6|70.1|0.00|0.00|43.6842|30.5509
20|40|0|225|0.0|26.2|0|23.7|70.0|0.00|0.00|43.6833|30.5509
20|41|0|270|0.0|26.2|0|22.9|69.9|0.00|0.00|43.6831|28.6283
20|42|0|270|0.0|26.2|0|22.4|69.8|0.00|0.00|43.6823|28.6283
20|43|0|270|0.0|26.2|0|22.4|69.8|0.00|0.00|43.6821|28.6283
20|44|0|270|0.0|26.2|0|22.7|69.7|0.00|0.00|43.6812|28.6283
20|45|0|270|0.0|26.2|0|22.9|69.6|0.00|0.00|43.6814|28.6283
20|46|0|270|0.0|26.2|0|23.1|69.6|0.00|0.00|43.6807|29.7132
20|47|0|315|0.0|26.2|0|24.2|69.5|0.00|0.00|43.6808|30.7571
20|48|0|315|0.0|26.2|0|24.7|69.4|0.00|0.00|43.6797|30.7571
20|49|0|315|0.0|26.2|0|23.7|69.2|0.00|0.00|43.6804|29.7132
20|50|0|315|0.0|26.2|0|22.7|69.0|0.00|0.00|43.6793|28.6283
20|52|0|315|0.0|26.2|0|21.8|68.9|0.00|0.00|43.6803|26.6695
20|53|0|315|0.0|26.2|0|21.5|68.8|0.00|0.00|43.682|26.6695
20|54|0|225|0.0|26.2|0|21.6|68.7|0.00|0.00|43.6806|26.6695
20|55|0|315|0.0|26.2|0|22.0|68.6|0.00|0.00|43.6842|27.7945
20|56|0|315|0.0|26.2|0|21.7|68.5|0.00|0.00|43.6856|26.6695
20|57|0|315|0.0|26.2|0|21.4|68.5|0.00|0.00|43.6876|26.6695
20|58|0|315|0.0|26.2|0|21.8|68.3|0.00|0.00|43.6856|26.6695
20|59|0|315|0.0|26.2|0|21.9|68.2|0.00|0.00|43.6874|26.6695
21|01|0|225|0.0|26.2|0|23.4|68.2|0.00|0.00|43.6885|28.8752
21|02|0|315|0.0|26.2|0|23.5|68.1|0.00|0.00|43.6893|28.8752
21|03|0|315|0.0|26.2|0|23.6|68.0|0.00|0.00|43.6875|28.8752
21|04|0|315|0.0|26.2|0|23.6|68.0|0.00|0.00|43.6884|28.8752
21|06|0|0|0.0|26.2|0|23.3|67.9|0.00|0.00|43.6867|28.0368
21|07|0|0|0.0|26.2|0|23.0|67.9|0.00|0.00|43.6904|28.0368
21|08|0|0|0.0|26.2|0|23.2|67.8|0.00|0.00|43.6881|28.0368
21|09|0|0|0.0|26.2|0|23.4|67.7|0.00|0.00|43.6878|28.0368
21|10|0|0|0.0|26.2|0|23.2|67.7|0.00|0.00|43.6881|28.0368
21|11|0|0|0.0|26.2|0|23.1|67.6|0.00|0.00|43.687|28.0368
21|12|0|0|0.0|26.2|0|23.2|67.6|0.00|0.00|43.69|28.0368
21|13|0|180|0.0|26.2|0|23.8|67.4|0.00|0.00|43.6904|28.0368
21|14|0|180|0.0|26.2|0|24.5|67.4|0.00|0.00|43.6891|29.0725
21|15|0|180|0.0|26.2|0|24.8|67.3|0.00|0.00|43.6879|29.0725
21|16|0|180|0.0|26.2|0|25.4|67.2|0.00|0.00|43.6888|30.0707
21|18|0|180|0.0|26.2|0|25.4|67.2|0.00|0.00|43.6897|30.0707
21|19|0|180|0.0|26.2|0|25.6|67.1|0.00|0.00|43.6904|30.0707
21|20|0|180|0.0|26.2|0|26.0|67.1|0.00|0.00|43.6943|31.0342
21|21|0|180|0.0|26.2|0|25.9|67.1|0.00|0.00|43.6931|30.0707
21|22|0|180|0.0|26.2|0|26.0|67.0|0.00|0.00|43.6945|31.0342
21|23|0|180|0.0|26.2|0|26.2|66.9|0.00|0.00|43.6956|30.1837
21|24|0|180|0.0|26.2|0|25.8|66.9|0.00|0.00|43.6963|29.224
21|25|0|180|0.0|26.2|0|25.4|66.9|0.00|0.00|43.6956|29.224
21|26|0|180|0.0|26.2|0|25.8|66.9|0.00|0.00|43.697|29.224
21|28|0|225|0.0|26.2|0|26.4|66.9|0.00|0.00|43.6975|30.1837
21|30|0|225|0.0|26.2|0|26.0|66.8|0.00|0.00|43.6982|30.1837
21|31|0|225|0.0|26.2|0|26.0|66.8|0.00|0.00|43.6977|30.1837
21|33|0|225|0.0|26.2|0|26.3|66.7|0.00|0.00|43.6979|30.1837
21|34|0|225|0.0|26.2|0|26.7|66.7|0.00|0.00|43.6997|30.1837
21|35|0|225|0.0|26.2|0|27.0|66.5|0.00|0.00|43.6988|31.1112
21|36|0|90|0.0|26.2|0|27.1|66.5|0.00|0.00|43.698|31.1112
21|37|0|90|0.0|26.2|0|27.0|66.5|0.00|0.00|43.6986|31.1112
21|38|0|90|0.0|26.2|0|26.8|66.4|0.00|0.00|43.6997|30.1837
21|40|0|90|0.0|26.2|0|27.1|66.4|0.00|0.00|43.6981|31.1112
21|41|0|90|0.0|26.2|0|27.4|66.4|0.00|0.00|43.7007|31.1112
21|42|0|90|0.0|26.2|0|27.5|66.3|0.00|0.00|43.6991|31.1112
21|43|0|90|0.0|26.2|0|27.5|66.2|0.00|0.00|43.6982|31.1112
21|44|0|90|0.0|26.2|0|27.3|66.1|0.00|0.00|43.6989|31.1112
21|45|0|90|0.0|26.2|0|27.0|66.1|0.00|0.00|43.7005|31.1112
21|46|0|90|0.0|26.2|0|26.8|66.1|0.00|0.00|43.6998|30.1837
21|47|0|90|0.0|26.2|0|26.9|66.1|0.00|0.00|43.7016|30.1837
21|48|0|90|0.0|26.2|0|27.4|66.0|0.00|0.00|43.7007|31.1112
21|49|0|90|0.0|26.2|0|27.8|66.0|0.00|0.00|43.7041|31.1112
21|52|0|90|0.0|26.2|0|27.9|65.9|0.00|0.00|43.7054|30.2567
21|53|0|90|0.0|26.2|0|27.7|65.9|0.00|0.00|43.706|30.2567
21|54|0|90|0.0|26.2|0|27.3|65.8|0.00|0.00|43.7054|30.2567
21|55|0|90|1.5|26.2|0|27.3|65.8|0.00|0.00|43.7071|30.2567
21|58|0|68|2.9|26.2|0|28.4|65.3|0.00|0.00|43.7059|31.1507
21|59|0|90|1.5|26.2|0|28.4|65.2|0.00|0.00|43.7058|31.1507
22|00|0|90|0.0|26.2|0|28.6|65.1|0.00|0.00|43.7078|31.1507
22|01|0|135|1.5|26.2|0|29.0|65.0|0.00|0.00|43.7084|32.0169
22|02|0|180|0.0|26.2|0|29.2|64.9|0.00|0.00|43.7085|31.155
22|04|0|90|1.5|26.2|0|28.6|64.7|0.00|0.00|43.7076|30.2923
22|06|0|45|0.0|26.2|0|28.3|64.7|0.00|0.00|43.7086|30.2923
22|07|0|90|0.0|26.2|0|28.5|64.6|0.00|0.00|43.7094|30.2923
22|08|0|90|0.0|26.2|0|28.5|64.6|0.00|0.00|43.707|30.2923
22|09|0|90|0.0|26.2|0|29.1|64.5|0.00|0.00|43.7074|31.155
22|10|0|90|0.0|26.2|0|29.6|64.5|0.00|0.00|43.7078|31.155
22|11|0|90|0.0|26.2|0|29.7|64.4|0.00|0.00|43.706|31.155
22|12|0|90|0.0|26.2|0|29.8|64.4|0.00|0.00|43.7068|31.155
22|13|0|90|0.0|26.2|0|29.8|64.3|0.00|0.00|43.7074|31.155
22|14|0|90|0.0|26.2|0|29.6|64.3|0.00|0.00|43.7061|31.155
22|15|0|90|0.0|26.2|0|29.4|64.2|0.00|0.00|43.7059|31.155
22|16|0|90|0.0|26.2|0|28.8|64.2|0.00|0.00|43.7081|30.2923
22|17|0|90|0.0|26.2|0|28.6|64.3|0.00|0.00|43.7089|30.2923
22|18|0|90|0.0|26.2|0|28.6|64.3|0.00|0.00|43.7099|30.2923
22|19|0|90|0.0|26.2|0|29.1|64.3|0.00|0.00|43.7085|31.155
22|21|0|270|0.0|26.2|0|30.3|64.2|0.00|0.00|43.7083|31.9918
22|22|0|270|0.0|26.2|0|31.0|64.2|0.00|0.00|43.7075|32.8043
22|23|0|270|0.0|26.2|0|33.3|64.2|0.00|0.00|43.7073|34.3621
22|24|0|270|0.0|26.2|0|34.0|64.1|0.00|0.00|43.7065|35.11
22|25|0|270|0.0|26.2|0|32.3|64.0|0.00|0.00|43.7083|33.594
22|26|0|90|0.0|26.2|0|31.4|63.8|0.00|0.00|43.7061|31.9355
22|27|0|90|0.0|26.2|0|31.6|63.6|0.00|0.00|43.7071|31.9355
22|28|0|90|1.6|26.2|0|31.4|63.6|0.00|0.00|43.708|31.9355
22|29|0|90|0.0|26.2|0|31.7|63.5|0.00|0.00|43.7055|31.9355
22|30|0|90|0.0|26.2|0|32.0|63.4|0.00|0.00|43.7059|32.7219
22|31|0|90|0.0|26.2|0|32.9|63.3|0.00|0.00|43.7062|32.7219
22|32|0|90|0.0|26.2|0|33.2|63.2|0.00|0.00|43.706|33.4869
22|34|0|270|0.0|26.2|0|33.3|63.0|0.00|0.00|43.7077|33.4869
22|35|0|270|0.0|26.2|0|33.1|63.0|0.00|0.00|43.7068|33.4869
22|36|0|270|0.0|26.2|0|32.8|63.0|0.00|0.00|43.7069|32.7219
22|37|0|90|0.0|26.2|0|32.2|63.0|0.00|0.00|43.7097|32.7219
22|38|0|90|0.0|26.2|0|32.0|62.9|0.00|0.00|43.7078|31.8496
22|39|0|90|0.0|26.2|0|31.7|62.8|0.00|0.00|43.7087|31.0663
22|40|0|90|0.0|26.2|0|30.2|62.8|0.00|0.00|43.7077|30.2604
22|41|0|90|0.0|26.2|0|29.7|62.7|0.00|0.00|43.7067|29.4304
22|42|0|90|0.0|26.2|0|30.2|62.7|0.00|0.00|43.7065|30.2604
22|43|0|90|0.0|26.2|0|31.4|62.6|0.00|0.00|43.705|31.0663
22|44|0|0|0.0|26.2|0|31.6|62.6|0.00|0.00|43.7049|31.0663
22|45|0|0|0.0|26.2|0|31.6|62.6|0.00|0.00|43.7058|31.0663
22|46|0|0|0.0|26.2|0|31.9|62.5|0.00|0.00|43.7038|31.0663
22|47|0|0|0.0|26.2|0|32.0|62.4|0.00|0.00|43.702|31.8496
22|48|0|45|0.0|26.2|0|33.2|62.4|0.00|0.00|43.702|32.6115
22|50|0|90|0.0|26.2|0|32.3|62.4|0.00|0.00|43.7019|31.8496
22|51|0|90|0.0|26.2|0|33.3|62.4|0.00|0.00|43.7029|32.6115
22|52|0|90|1.5|26.2|0|33.0|62.3|0.00|0.00|43.7026|32.6115
22|53|0|90|0.0|26.2|0|32.2|62.3|0.00|0.00|43.7003|31.8496
22|54|0|90|0.0|26.2|0|31.3|62.3|0.00|0.00|43.7028|31.0663
22|55|0|90|1.5|26.2|0|30.5|62.2|0.00|0.00|43.7048|30.2604
22|56|0|90|1.5|26.2|0|30.4|62.2|0.00|0.00|43.7033|30.2604
22|57|0|90|0.0|26.2|0|30.3|62.2|0.00|0.00|43.7036|30.2604
22|58|0|90|1.5|26.2|0|31.2|62.2|0.00|0.00|43.7055|31.0663
22|59|0|90|1.5|26.2|0|32.6|62.2|0.00|0.00|43.7046|31.8496
23|00|0|180|1.6|26.2|0|33.0|62.0|0.00|0.00|43.7023|32.6115
23|01|0|180|0.0|26.2|0|32.5|62.2|0.00|0.00|43.7037|31.8496
23|03|0|180|0.0|26.2|0|31.5|62.2|0.00|0.00|43.7036|31.0663
23|04|0|180|0.0|26.2|0|31.4|62.2|0.00|0.00|43.701|31.0663
23|05|0|180|0.0|26.2|0|31.7|62.3|0.00|0.00|43.703|31.0663
23|07|0|180|0.0|26.2|0|31.8|62.2|0.00|0.00|43.7032|31.0663
23|08|0|180|0.0|26.2|0|31.6|62.2|0.00|0.00|43.7034|31.0663
23|09|0|180|0.0|26.2|0|30.8|62.2|0.00|0.00|43.7013|30.2604
23|10|0|180|0.0|26.2|0|30.4|62.2|0.00|0.00|43.7022|30.2604
23|11|0|90|0.0|26.2|0|30.4|62.2|0.00|0.00|43.7046|30.2604
23|13|0|90|1.5|26.2|0|30.4|62.0|0.00|0.00|43.7029|30.2604
23|14|0|90|2.9|26.2|0|30.3|61.9|0.00|0.00|43.7052|29.3943
23|15|0|113|0.0|26.2|0|30.3|61.9|0.00|0.00|43.7067|29.3943
23|16|0|90|1.6|26.2|0|30.4|61.8|0.00|0.00|43.7046|29.3943
23|17|0|90|0.0|26.2|0|30.4|61.8|0.00|0.00|43.7068|29.3943
23|18|0|179|0.0|26.2|0|30.6|61.8|0.00|0.00|43.7065|29.3943
23|19|0|90|0.0|26.2|0|30.6|61.7|0.00|0.00|43.7041|29.3943
23|21|0|90|1.5|26.2|0|30.4|61.7|0.00|0.00|43.7022|29.3943
23|22|0|90|1.5|26.2|0|30.4|61.7|0.00|0.00|43.7039|29.3943
23|24|0|90|1.6|26.2|0|30.2|61.7|0.00|0.00|43.7004|29.3943
23|25|0|90|1.5|26.2|0|30.1|61.7|0.00|0.00|43.7025|29.3943
23|26|0|90|1.6|26.2|0|30.0|61.7|0.00|0.00|43.7018|29.3943
23|27|0|90|2.9|26.2|0|29.9|61.6|0.00|0.00|43.7001|28.5676
23|28|0|90|0.0|26.2|0|30.1|61.6|0.00|0.00|43.7|29.3943
23|29|0|90|1.5|26.2|0|30.1|61.6|0.00|0.00|43.7004|29.3943
23|30|0|90|1.5|26.2|0|30.1|61.6|0.00|0.00|43.701|29.3943
23|31|0|90|1.5|26.2|0|30.4|61.6|0.00|0.00|43.7011|29.3943
23|33|0|90|1.5|26.2|0|30.4|61.5|0.00|0.00|43.7005|29.3943
23|34|0|90|1.6|26.2|0|30.3|61.5|0.00|0.00|43.7003|29.3943
23|35|0|90|1.5|26.2|0|30.4|61.5|0.00|0.00|43.7012|29.3943
23|36|0|90|1.5|26.2|0|30.3|61.5|0.00|0.00|43.7014|29.3943
23|38|0|90|0.0|26.2|0|29.7|61.6|0.00|0.00|43.7033|28.5676
23|40|0|90|0.0|26.2|0|29.4|61.5|0.00|0.00|43.7009|28.5676
23|41|0|90|0.0|26.2|0|29.5|61.5|0.00|0.00|43.7011|28.5676
23|42|0|90|1.6|26.2|0|29.5|61.5|0.00|0.00|43.7027|28.5676
23|43|0|90|0.0|26.2|0|29.6|61.4|0.00|0.00|43.7026|28.5676
23|44|0|90|1.6|26.2|0|29.6|61.4|0.00|0.00|43.7023|28.5676
23|45|0|90|0.0|26.2|0|29.2|61.2|0.00|0.00|43.7025|28.5676
23|46|0|90|1.5|26.2|0|29.1|61.1|0.00|0.00|43.7013|28.5676
23|47|0|90|1.6|26.2|0|28.9|61.1|0.00|0.00|43.7026|27.7153
23|49|0|90|0.0|26.2|0|28.7|61.0|0.00|0.00|43.7034|27.7153
23|50|0|90|1.5|26.2|0|28.9|61.0|0.00|0.00|43.7033|27.7153
23|52|0|90|0.0|26.2|0|28.7|61.0|0.00|0.00|43.7038|27.7153
23|53|0|90|1.5|26.2|0|29.0|61.0|0.00|0.00|43.7049|28.5676
23|54|0|90|0.0|26.2|0|28.9|61.1|0.00|0.00|43.7061|27.7153
23|55|0|90|0.0|26.2|0|29.6|61.0|0.00|0.00|43.7048|28.5676
23|56|0|90|0.0|26.2|0|29.8|61.0|0.00|0.00|43.7039|28.5676
23|57|0|90|0.0|26.2|0|29.8|61.0|0.00|0.00|43.7037|28.5676
23|58|0|270|1.5|26.2|0|30.6|61.0|0.00|0.00|43.7052|29.3943
23|59|0|270|1.5|26.2|0|31.7|61.0|0.00|0.00|43.7058|30.197
