00|00|0|45|1.5|20.4|270|35.7|61.5|0.00|0.02|43.3328|33.1943
00|01|0|45|0.0|20.4|270|35.2|61.5|0.00|0.02|43.3325|33.1943
00|02|0|45|0.0|20.4|270|35.2|61.4|0.00|0.02|43.3335|33.1943
00|03|0|45|0.0|20.4|270|35.7|61.2|0.00|0.02|43.3317|33.1943
00|04|0|45|0.0|20.4|270|35.7|61.1|0.00|0.02|43.3308|33.1943
00|05|0|45|0.0|20.4|270|35.4|61.1|0.00|0.02|43.3323|33.1943
00|06|0|45|0.0|20.4|270|35.4|61.0|0.00|0.02|43.3308|33.1943
00|07|0|270|0.0|20.4|270|35.8|61.0|0.00|0.02|43.3328|33.1943
00|10|0|315|1.6|20.4|270|38.8|60.8|0.00|0.02|43.3337|34.3591
00|11|0|315|1.5|20.4|270|39.9|60.7|0.00|0.02|43.3323|35.0096
00|12|0|315|1.5|20.4|270|40.9|60.6|0.00|0.02|43.3329|35.6456
00|13|0|315|1.5|20.4|270|40.5|60.5|0.00|0.02|43.3339|35.6456
00|14|0|315|1.5|20.4|270|40.3|60.2|0.00|0.02|43.334|35.6456
00|15|0|315|1.5|20.4|270|41.0|60.0|0.00|0.02|43.3345|36.2677
00|16|0|315|1.5|20.4|270|41.4|59.8|0.00|0.02|43.3361|35.3692
00|17|0|315|1.6|20.4|270|41.7|59.6|0.00|0.02|43.3373|35.3692
00|18|0|315|1.5|20.4|270|41.9|59.3|0.00|0.02|43.3391|35.3692
00|20|0|315|1.5|20.4|270|43.7|58.9|0.00|0.02|43.34|35.6654
00|21|0|315|1.5|20.4|270|42.5|58.7|0.00|0.02|43.3382|35.0742
00|22|0|315|1.5|20.4|270|41.3|58.4|0.00|0.02|43.3381|34.4704
00|23|0|315|1.5|20.4|270|41.3|58.3|0.00|0.02|43.3385|34.4704
00|25|0|315|1.5|20.4|270|41.3|58.1|0.00|0.02|43.3378|34.4704
00|26|0|270|1.6|20.4|270|40.7|58.1|0.00|0.02|43.3408|33.8535
00|27|0|270|0.0|20.4|270|40.1|58.1|0.00|0.02|43.342|33.8535
00|28|0|270|0.0|20.4|270|39.9|58.0|0.00|0.02|43.34|33.2228
00|29|0|270|0.0|20.4|270|39.9|58.0|0.00|0.02|43.3389|33.2228
00|30|0|270|0.0|20.4|270|40.2|58.0|0.00|0.02|43.3405|33.8535
00|31|0|270|0.0|20.4|270|40.4|57.9|0.00|0.02|43.3397|32.9571
00|32|0|180|0.0|20.4|270|40.8|57.9|0.00|0.02|43.3408|32.9571
00|33|0|180|0.0|20.4|270|41.0|57.9|0.00|0.02|43.3407|33.5715
00|36|0|180|0.0|20.4|270|40.9|57.8|0.00|0.02|43.341|32.9571
00|37|0|180|0.0|20.4|270|40.7|57.8|0.00|0.02|43.3413|32.9571
00|39|0|225|0.0|20.4|270|40.4|57.8|0.00|0.02|43.3414|32.9571
00|40|0|225|0.0|20.4|270|40.1|57.9|0.00|0.02|43.3428|32.9571
00|41|0|225|0.0|20.4|270|40.0|57.9|0.00|0.02|43.3404|32.9571
00|42|0|225|0.0|20.4|270|39.6|58.0|0.00|0.02|43.3404|33.2228
00|43|0|225|0.0|20.4|270|39.4|58.0|0.00|0.02|43.3414|33.2228
00|44|0|225|0.0|20.4|270|39.6|58.0|0.00|0.02|43.3416|33.2228
00|45|0|225|0.0|20.4|270|39.6|58.0|0.00|0.02|43.342|33.2228
00|46|0|225|1.5|20.4|270|39.6|58.0|0.00|0.02|43.3408|33.2228
00|47|0|225|1.5|20.4|270|39.5|58.0|0.00|0.02|43.3413|33.2228
00|49|0|225|0.0|20.4|270|39.5|58.0|0.00|0.02|43.3413|33.2228
00|50|0|225|0.0|20.4|270|39.4|57.9|0.00|0.02|43.3402|32.3291
00|51|0|225|0.0|20.4|270|39.5|57.9|0.00|0.02|43.3405|32.3291
00|52|0|225|0.0|20.4|270|39.7|57.9|0.00|0.02|43.3385|32.3291
00|53|0|225|0.0|20.4|270|39.7|57.8|0.00|0.02|43.3376|32.3291
00|54|0|225|1.6|20.4|270|39.5|57.8|0.00|0.02|43.3382|32.3291
00|55|0|225|1.5|20.4|270|39.4|57.8|0.00|0.02|43.3371|32.3291
00|56|0|225|0.0|20.4|270|39.3|57.8|0.00|0.02|43.337|32.3291
00|57|0|225|0.0|20.4|270|39.3|57.8|0.00|0.02|43.3366|32.3291
00|58|0|225|0.0|20.4|270|39.1|57.7|0.00|0.02|43.3356|32.3291
00|59|0|225|0.0|20.4|270|39.0|57.7|0.00|0.02|43.3348|32.3291
01|00|0|225|0.0|20.4|270|38.9|57.7|0.00|0.02|43.3337|31.6866
01|01|0|315|0.0|20.4|270|38.9|57.7|0.00|0.02|43.3347|31.6866
01|02|0|0|1.6|20.4|270|40.4|57.5|0.00|0.02|43.3344|32.9571
01|03|0|0|1.6|20.4|270|44.3|57.5|0.00|0.02|43.3365|35.3382
01|05|0|0|0.0|20.4|270|43.6|57.4|0.00|0.02|43.3331|34.7615
01|06|0|0|0.0|20.4|270|42.8|57.3|0.00|0.02|43.3316|34.1727
01|07|0|0|0.0|20.4|270|42.0|57.2|0.00|0.02|43.3299|34.1727
01|08|0|0|0.0|20.4|270|41.4|57.2|0.00|0.02|43.3306|33.5715
01|09|0|0|0.0|20.4|270|41.8|57.1|0.00|0.02|43.3306|33.5715
01|10|0|225|1.6|20.4|270|42.2|57.0|0.00|0.02|43.3282|34.1727
01|11|0|225|0.0|20.4|270|43.1|56.9|0.00|0.02|43.3301|33.8573
01|12|0|225|1.6|20.4|270|43.1|56.9|0.00|0.02|43.3305|33.8573
01|13|0|225|0.0|20.4|270|43.0|56.7|0.00|0.02|43.3301|33.8573
01|14|0|225|0.0|20.4|270|43.2|56.7|0.00|0.02|43.3292|33.8573
01|15|0|225|0.0|20.4|270|43.0|56.7|0.00|0.02|43.3305|33.8573
01|16|0|225|0.0|20.4|270|42.9|56.6|0.00|0.02|43.3293|33.2711
01|18|0|45|0.0|20.4|270|43.4|56.6|0.00|0.02|43.3286|33.8573
01|19|0|45|0.0|20.4|270|43.3|56.6|0.00|0.02|43.3259|33.8573
01|20|0|45|0.0|20.4|270|43.8|56.6|0.00|0.02|43.3266|33.8573
01|21|0|45|0.0|20.4|270|44.1|56.5|0.00|0.02|43.3281|34.4316
01|22|0|45|1.5|20.4|270|43.8|56.5|0.00|0.02|43.3268|33.8573
01|23|0|45|1.5|20.4|270|43.2|56.5|0.00|0.02|43.3286|33.8573
01|24|0|45|1.5|20.4|270|44.9|56.3|0.00|0.02|43.3281|34.4316
01|25|0|45|0.0|20.4|270|43.4|56.2|0.00|0.02|43.3292|33.8573
01|27|0|45|1.5|20.4|270|43.8|56.0|0.00|0.02|43.3332|33.8573
01|29|0|45|1.5|20.4|270|45.6|56.0|0.00|0.02|43.3323|34.9945
01|30|0|45|1.6|20.4|270|50.7|55.8|0.00|0.02|43.3316|36.733
01|31|0|45|0.0|20.4|270|53.3|55.8|0.00|0.02|43.3329|38.2114
01|33|0|45|0.0|20.4|270|53.1|55.7|0.00|0.02|43.3318|38.2114
01|34|0|45|0.0|20.4|270|51.6|55.6|0.00|0.02|43.3299|37.2343
01|35|0|45|0.0|20.4|270|52.0|55.6|0.00|0.02|43.3314|37.727
01|36|0|45|0.0|20.4|270|51.4|55.5|0.00|0.02|43.3313|37.2343
01|37|0|45|0.0|20.4|270|51.0|55.5|0.00|0.02|43.3301|37.2343
01|38|0|45|0.0|20.4|270|51.0|55.5|0.00|0.02|43.3302|37.2343
01|39|0|45|0.0|20.4|270|50.7|55.5|0.00|0.02|43.3312|36.733
01|41|0|225|1.5|20.4|270|49.7|55.4|0.00|0.02|43.3306|36.2228
01|42|0|225|1.6|20.4|270|49.1|55.4|0.00|0.02|43.329|36.2228
01|44|0|225|0.0|20.4|270|48.4|55.3|0.00|0.02|43.3294|35.7033
01|45|0|225|0.0|20.4|270|48.1|55.3|0.00|0.02|43.3301|35.7033
01|46|0|225|0.0|20.4|270|47.9|55.3|0.00|0.02|43.3312|35.1742
01|47|0|45|0.0|20.4|270|47.7|55.3|0.00|0.02|43.3328|35.1742
01|48|0|45|0.0|20.4|270|48.6|55.2|0.00|0.02|43.3352|35.7033
01|49|0|45|1.6|20.4|270|51.9|55.2|0.00|0.02|43.3356|37.2343
01|50|0|315|1.5|20.4|270|54.3|55.1|0.00|0.02|43.3351|38.6877
01|52|0|315|1.5|20.4|270|53.8|55.0|0.00|0.02|43.3352|38.2114
01|53|0|315|0.0|20.4|270|52.7|54.8|0.00|0.02|43.3319|36.8022
01|54|0|315|0.0|20.4|270|50.2|54.6|0.00|0.02|43.3309|35.8125
01|55|0|315|0.0|20.4|270|49.6|54.6|0.00|0.02|43.3299|35.3044
01|56|0|180|0.0|20.4|270|49.6|54.5|0.00|0.02|43.3301|35.3044
01|57|0|180|0.0|20.4|270|50.4|54.5|0.00|0.02|43.3309|35.8125
01|59|0|180|0.0|20.4|270|50.7|54.4|0.00|0.02|43.3286|35.8125
02|00|0|90|0.0|20.4|270|50.8|54.4|0.00|0.02|43.3305|35.8125
02|01|0|90|1.6|20.4|270|51.3|54.3|0.00|0.02|43.3309|36.3116
02|02|0|90|0.0|20.4|270|50.5|54.3|0.00|0.02|43.3303|35.8125
02|03|0|180|0.0|20.4|270|50.1|54.2|0.00|0.02|43.3289|35.8125
02|04|0|180|0.0|20.4|270|49.8|54.2|0.00|0.02|43.3283|35.3044
02|05|0|180|0.0|20.4|270|49.4|54.2|0.00|0.02|43.3293|35.3044
02|06|0|180|0.0|20.4|270|49.3|54.0|0.00|0.02|43.3279|35.3044
02|07|0|180|0.0|20.4|270|49.4|54.0|0.00|0.02|43.3274|35.3044
02|08|0|180|0.0|20.4|270|49.5|54.0|0.00|0.02|43.3284|35.3044
02|09|0|180|0.0|20.4|270|48.8|54.0|0.00|0.02|43.3279|34.7871
02|12|0|315|1.5|20.4|270|48.4|54.2|0.00|0.02|43.3318|34.7871
02|13|0|270|1.5|20.4|270|51.3|54.2|0.00|0.02|43.3323|36.3116
02|14|0|315|1.5|20.4|270|53.4|54.2|0.00|0.02|43.3328|37.2845
02|15|0|315|0.0|20.4|270|53.1|54.0|0.00|0.02|43.3342|37.2845
02|16|0|315|0.0|20.4|270|53.9|53.9|0.00|0.02|43.3349|36.3574
02|17|0|315|0.0|20.4|270|52.2|53.9|0.00|0.02|43.3363|35.8772
02|18|0|315|0.0|20.4|270|51.6|53.8|0.00|0.02|43.3363|35.3887
02|19|0|90|1.5|20.4|270|51.3|53.8|0.00|0.02|43.3385|35.3887
02|20|0|90|0.0|20.4|270|50.6|53.7|0.00|0.02|43.3387|34.8917
02|21|0|90|0.0|20.4|270|50.4|53.6|0.00|0.02|43.3403|34.8917
02|24|0|90|0.0|20.4|270|50.1|53.5|0.00|0.02|43.3386|34.8917
02|25|0|90|0.0|20.4|270|49.7|53.5|0.00|0.02|43.3366|34.3859
02|27|0|90|0.0|20.4|270|49.5|53.5|0.00|0.02|43.3394|34.3859
02|28|0|315|0.0|20.4|270|50.6|53.5|0.00|0.02|43.3384|34.8917
02|29|0|270|1.6|20.4|270|51.7|53.5|0.00|0.02|43.3409|35.3887
02|30|0|270|1.5|20.4|270|51.3|53.4|0.00|0.02|43.34|35.3887
02|31|0|315|0.0|20.4|270|51.8|53.4|0.00|0.02|43.3401|35.3887
02|32|0|315|1.5|20.4|270|54.2|53.3|0.00|0.02|43.3397|36.8298
02|33|0|315|1.5|20.4|270|55.7|53.2|0.00|0.02|43.3409|37.2944
02|34|0|315|1.5|20.4|270|56.9|53.2|0.00|0.02|43.3407|37.7517
02|35|0|315|1.6|20.4|270|57.3|52.9|0.00|0.02|43.3398|37.2666
02|36|0|315|2.9|20.4|270|57.5|52.8|0.00|0.02|43.3393|37.2666
02|37|0|225|1.5|20.4|270|56.7|52.7|0.00|0.02|43.3398|36.8185
02|38|0|225|0.0|20.4|270|54.7|52.6|0.00|0.02|43.338|35.9006
02|40|0|225|1.5|20.4|270|55.2|52.4|0.00|0.02|43.3354|36.3632
02|41|0|180|0.0|20.4|270|55.3|52.4|0.00|0.02|43.3358|36.3632
02|42|0|180|0.0|20.4|270|55.6|52.4|0.00|0.02|43.3374|36.3632
02|43|0|180|0.0|20.4|270|56.0|52.2|0.00|0.02|43.3365|36.8185
02|44|0|180|1.5|20.4|270|56.1|52.2|0.00|0.02|43.3353|36.8185
02|46|0|180|0.0|20.4|270|55.9|52.1|0.00|0.02|43.3341|36.3632
02|47|0|180|0.0|20.4|270|55.8|52.1|0.00|0.02|43.3352|36.3632
02|48|0|180|0.0|20.4|270|55.3|52.1|0.00|0.02|43.3362|36.3632
02|49|0|180|0.0|20.4|270|54.9|52.1|0.00|0.02|43.334|35.9006
02|50|0|180|0.0|20.4|270|54.7|52.1|0.00|0.02|43.3362|35.9006
02|51|0|0|1.6|20.4|270|56.2|52.1|0.00|0.02|43.3361|36.8185
02|52|0|0|1.5|20.4|270|57.9|52.1|0.00|0.02|43.3364|37.2666
02|53|0|315|1.5|20.4|270|58.8|52.1|0.00|0.02|43.336|37.7079
02|54|0|315|1.5|20.4|270|59.7|52.0|0.00|0.02|43.3365|38.1425
02|55|0|315|0.0|20.4|270|59.9|51.9|0.00|0.02|43.3353|37.2035
02|57|0|270|1.5|20.4|270|58.4|51.9|0.00|0.02|43.3354|36.7708
02|59|0|270|1.5|20.4|270|57.6|51.9|0.00|0.02|43.3373|36.3314
03|00|0|270|0.0|20.4|270|57.0|51.9|0.00|0.02|43.3382|36.3314
03|01|0|315|1.5|20.4|270|57.2|51.8|0.00|0.02|43.3377|36.3314
03|02|0|315|0.0|20.4|270|58.5|51.8|0.00|0.02|43.3392|36.7708
03|03|0|315|1.5|20.4|270|60.0|51.8|0.00|0.02|43.34|37.6298
03|04|0|315|1.5|20.4|270|61.5|51.7|0.00|0.02|43.3391|38.0499
03|05|0|315|1.5|20.4|270|62.4|51.7|0.00|0.02|43.3414|38.4639
03|06|0|315|1.5|20.4|270|62.4|51.6|0.00|0.02|43.3401|38.4639
03|07|0|315|1.5|20.4|270|62.2|51.5|0.00|0.02|43.3409|38.4639
03|08|0|315|1.5|20.4|270|61.6|51.3|0.00|0.02|43.3441|38.0499
03|09|0|315|1.6|20.4|270|61.5|51.2|0.00|0.02|43.3455|38.0499
03|10|0|270|0.0|20.4|270|60.9|51.1|0.00|0.02|43.3457|37.6298
03|11|0|315|0.0|20.4|270|60.8|51.0|0.00|0.02|43.3463|37.6298
03|12|0|315|2.9|20.4|270|61.1|51.0|0.00|0.02|43.3491|38.0499
03|13|0|315|3.2|20.4|270|61.0|50.9|0.00|0.02|43.3489|37.107
03|14|0|315|1.6|20.4|270|61.4|50.8|0.00|0.02|43.3474|37.107
03|15|0|315|1.5|20.4|270|61.4|50.8|0.00|0.02|43.3498|37.107
03|17|0|315|1.6|20.4|270|60.6|50.7|0.00|0.02|43.347|36.6888
03|18|0|315|1.5|20.4|270|60.0|50.7|0.00|0.02|43.3481|36.6888
03|20|0|315|1.5|20.4|270|60.1|50.6|0.00|0.02|43.3469|36.6888
03|21|0|315|2.9|20.4|270|59.6|50.6|0.00|0.02|43.3467|36.2643
03|22|0|315|2.9|20.4|270|58.6|50.5|0.00|0.02|43.346|35.8335
03|25|0|270|0.0|20.4|270|56.9|50.6|0.00|0.02|43.347|34.9517
03|26|0|315|1.5|20.4|270|56.7|50.6|0.00|0.02|43.3457|34.9517
03|27|0|315|1.6|20.4|270|56.6|50.7|0.00|0.02|43.345|34.9517
03|28|0|315|2.9|20.4|270|57.3|50.7|0.00|0.02|43.3443|35.396
03|29|0|315|1.6|20.4|270|56.7|50.8|0.00|0.02|43.348|34.9517
03|30|0|315|1.6|20.4|270|56.6|50.9|0.00|0.02|43.3473|34.9517
03|31|0|315|2.9|20.4|270|57.2|51.0|0.00|0.02|43.3472|36.3314
03|32|0|315|1.5|20.4|270|57.8|51.1|0.00|0.02|43.3477|36.3314
03|33|0|270|1.5|20.4|270|57.5|51.2|0.00|0.02|43.3477|36.3314
03|34|0|270|0.0|20.4|270|56.0|51.2|0.00|0.02|43.3461|35.8852
03|37|0|315|0.0|20.4|270|53.9|51.5|0.00|0.02|43.3434|34.5029
03|38|0|270|1.6|20.4|270|54.6|51.6|0.00|0.02|43.3429|34.9712
03|39|0|270|1.6|20.4|270|53.0|51.6|0.00|0.02|43.3403|34.5029
03|40|0|270|0.0|20.4|270|52.5|51.8|0.00|0.02|43.3404|34.0268
03|41|0|248|1.5|20.4|270|52.0|51.9|0.00|0.02|43.3407|34.0268
03|42|0|135|0.0|20.4|270|51.8|52.0|0.00|0.02|43.3426|34.4657
03|43|0|0|1.6|20.4|270|52.0|52.1|0.00|0.02|43.345|34.9521
03|44|0|315|0.0|20.4|270|52.5|52.1|0.00|0.02|43.3423|34.9521
03|45|0|45|1.5|20.4|270|52.7|52.2|0.00|0.02|43.3448|34.9521
03|46|0|0|0.0|20.4|270|53.5|52.2|0.00|0.02|43.3443|35.4303
03|47|0|45|0.0|20.4|270|55.3|52.4|0.00|0.02|43.347|36.3632
03|48|0|45|1.6|20.4|270|55.8|52.4|0.00|0.02|43.3465|36.3632
03|49|0|45|0.0|20.4|270|55.4|52.2|0.00|0.02|43.3453|36.3632
03|50|0|90|0.0|20.4|270|54.6|52.2|0.00|0.02|43.3465|35.9006
03|51|0|90|0.0|20.4|270|54.5|52.2|0.00|0.02|43.3474|35.9006
03|52|0|90|0.0|20.4|270|54.2|52.2|0.00|0.02|43.349|35.9006
03|54|0|135|0.0|20.4|270|53.9|52.2|0.00|0.02|43.3477|35.4303
03|56|0|135|0.0|20.4|270|54.2|52.2|0.00|0.02|43.3498|35.9006
03|57|0|135|1.5|20.4|270|54.1|52.1|0.00|0.02|43.3483|35.9006
03|58|0|180|1.5|20.4|270|53.6|52.1|0.00|0.02|43.3482|35.4303
03|59|0|135|1.5|20.4|270|52.5|52.1|0.00|0.02|43.3503|34.9521
04|00|0|180|1.5|20.4|270|52.2|52.1|0.00|0.02|43.3486|34.9521
04|01|0|135|0.0|20.4|270|52.1|52.0|0.00|0.02|43.3493|34.9521
04|02|0|135|0.0|20.4|270|51.8|52.0|0.00|0.02|43.35|34.4657
04|03|0|45|0.0|20.4|270|51.6|52.0|0.00|0.02|43.3495|34.4657
04|04|0|45|0.0|20.4|270|51.4|52.0|0.00|0.02|43.3495|34.4657
04|05|0|0|0.0|20.4|270|51.5|52.0|0.00|0.02|43.349|34.4657
04|06|0|315|1.5|20.4|270|53.3|52.0|0.00|0.02|43.3496|35.4303
04|07|0|315|0.0|20.4|270|54.8|51.9|0.00|0.02|43.349|34.9712
04|08|0|315|1.5|20.4|270|55.4|51.9|0.00|0.02|43.3506|35.4319
04|09|0|315|1.6|20.4|270|56.2|51.8|0.00|0.02|43.3493|35.8852
04|10|0|315|0.0|20.4|270|56.0|51.7|0.00|0.02|43.3515|35.8852
04|12|0|315|1.5|20.4|270|55.7|51.6|0.00|0.02|43.3528|35.4319
04|13|0|315|1.5|20.4|270|55.5|51.5|0.00|0.02|43.3548|35.4319
04|15|0|270|0.0|20.4|270|54.7|51.3|0.00|0.02|43.3572|34.9712
04|16|0|180|0.0|20.4|270|55.0|51.2|0.00|0.02|43.3576|35.4319
04|17|0|180|1.5|20.4|270|55.4|51.2|0.00|0.02|43.3604|35.4319
04|18|0|180|1.6|20.4|270|55.0|51.1|0.00|0.02|43.3601|35.4319
04|20|0|180|1.6|20.4|270|54.2|51.0|0.00|0.02|43.3597|34.9712
04|21|0|180|0.0|20.4|270|54.1|51.0|0.00|0.02|43.362|34.9712
04|22|0|180|2.9|20.4|270|53.8|50.9|0.00|0.02|43.362|33.5754
04|23|0|180|0.0|20.4|270|53.7|50.9|0.00|0.02|43.3642|33.5754
04|24|0|180|0.0|20.4|270|53.7|50.9|0.00|0.02|43.3632|33.5754
04|25|0|180|0.0|20.4|270|53.6|50.9|0.00|0.02|43.3651|33.5754
04|26|0|180|0.0|20.4|270|53.6|50.8|0.00|0.02|43.364|33.5754
04|27|0|180|0.0|20.4|270|53.7|50.8|0.00|0.02|43.3651|33.5754
04|28|0|180|0.0|20.4|270|53.7|50.8|0.00|0.02|43.3672|33.5754
04|30|0|135|1.5|20.4|270|53.7|50.8|0.00|0.02|43.3685|33.5754
04|31|0|135|0.0|20.4|270|54.0|50.8|0.00|0.02|43.3688|34.0417
04|32|0|90|0.0|20.4|270|54.1|50.8|0.00|0.02|43.3689|34.0417
04|33|0|180|1.6|20.4|270|54.2|50.8|0.00|0.02|43.3685|34.0417
04|34|0|180|1.5|20.4|270|54.2|50.8|0.00|0.02|43.369|34.0417
04|36|0|225|1.5|20.4|270|54.6|50.8|0.00|0.02|43.3685|34.0417
04|39|0|180|1.5|20.4|270|54.8|50.8|0.00|0.02|43.3685|34.0417
04|40|0|180|0.0|20.4|270|55.3|50.8|0.00|0.02|43.3705|34.5004
04|41|0|180|1.5|20.4|270|55.3|50.8|0.00|0.02|43.3697|34.5004
04|42|0|180|0.0|20.4|270|55.2|50.8|0.00|0.02|43.3749|34.5004
04|43|0|180|0.0|20.4|270|55.1|50.8|0.00|0.02|43.3741|34.5004
04|45|0|180|0.0|20.4|270|55.0|50.8|0.00|0.02|43.375|34.5004
04|46|0|180|0.0|20.4|270|55.0|50.7|0.00|0.02|43.3749|34.5004
04|47|0|180|0.0|20.4|270|55.0|50.7|0.00|0.02|43.3763|34.5004
04|48|0|180|0.0|20.4|270|55.0|50.7|0.00|0.02|43.3774|34.5004
04|49|0|180|0.0|20.4|270|55.0|50.6|0.00|0.02|43.3771|34.5004
04|50|0|180|0.0|20.4|270|55.1|50.6|0.00|0.02|43.3771|34.5004
04|51|0|180|0.0|20.4|270|56.4|50.6|0.00|0.02|43.3795|34.9517
04|52|0|180|0.0|20.4|270|56.9|50.6|0.00|0.02|43.3808|34.9517
04|53|0|180|0.0|20.4|270|56.7|50.5|0.00|0.02|43.3815|34.9517
04|54|0|90|0.0|20.4|270|56.7|50.3|0.00|0.02|43.3819|34.9517
04|55|0|45|0.0|20.4|270|57.3|50.3|0.00|0.02|43.3833|35.396
04|56|0|45|1.5|20.4|270|57.5|50.2|0.00|0.02|43.3859|35.396
04|57|0|45|1.6|20.4|270|57.7|50.1|0.00|0.02|43.3859|35.396
04|58|0|45|0.0|20.4|270|58.4|50.0|0.00|0.02|43.3858|35.8335
04|59|0|90|0.0|20.4|270|59.1|49.9|0.00|0.02|43.3859|35.325
05|01|0|90|0.0|20.4|270|59.0|49.8|0.00|0.02|43.3859|35.325
05|04|0|90|0.0|20.4|270|58.9|49.7|0.00|0.02|43.3856|34.896
05|05|0|180|1.5|20.4|270|58.9|49.7|0.00|0.02|43.3847|34.896
05|06|0|180|1.5|20.4|270|58.8|49.7|0.00|0.02|43.3845|34.896
05|07|0|180|1.6|20.4|270|58.7|49.5|0.00|0.02|43.3833|34.896
05|08|0|180|1.5|20.4|270|58.7|49.5|0.00|0.02|43.3861|34.896
05|09|0|180|1.5|20.4|270|58.6|49.5|0.00|0.02|43.385|34.896
05|10|0|180|0.0|20.4|270|58.4|49.5|0.00|0.02|43.3848|34.896
05|11|0|180|0.0|20.4|270|58.2|49.4|0.00|0.02|43.3835|34.896
05|12|0|315|1.5|20.4|270|58.1|49.4|0.00|0.02|43.3835|34.896
05|13|0|0|1.6|20.4|270|59.8|49.4|0.00|0.02|43.3832|35.325
05|16|0|270|1.5|20.4|270|59.7|49.3|0.00|0.02|43.383|35.325
05|17|0|225|1.5|20.4|270|59.3|49.3|0.00|0.02|43.3834|35.325
05|18|0|225|0.0|20.4|270|59.3|49.2|0.00|0.02|43.3846|35.325
05|19|0|225|0.0|20.4|270|59.9|49.2|0.00|0.02|43.3854|35.325
05|20|0|225|0.0|20.4|270|59.9|49.1|0.00|0.02|43.384|35.325
05|22|0|225|0.0|20.4|270|60.2|49.1|0.00|0.02|43.3846|35.7476
05|23|0|315|0.0|20.4|270|60.5|49.0|0.00|0.02|43.3848|35.7476
05|24|0|315|0.0|20.4|270|61.2|49.0|0.00|0.02|43.3854|36.164
05|25|0|0|0.0|20.4|270|61.9|49.0|0.00|0.02|43.3825|36.164
05|26|0|0|1.6|20.4|270|62.7|48.9|0.00|0.02|43.3821|35.6296
05|27|0|0|0.0|20.4|270|62.7|48.9|0.00|0.02|43.383|35.6296
05|28|0|0|0.0|20.4|270|62.5|48.8|0.00|0.02|43.3848|35.6296
05|29|0|0|0.0|20.4|270|62.7|48.7|0.00|0.02|43.3831|35.6296
05|30|0|0|1.5|20.4|270|62.5|48.7|0.00|0.02|43.3835|35.6296
05|31|0|0|0.0|20.4|270|62.1|48.5|0.00|0.02|43.3857|35.6296
05|32|0|0|0.0|20.4|270|62.0|48.5|0.00|0.02|43.3888|35.6296
05|33|0|0|1.5|20.4|270|62.1|48.4|0.00|0.02|43.3902|35.6296
05|34|0|90|0.0|20.4|270|62.4|48.3|0.00|0.02|43.3906|35.6296
05|35|0|90|1.6|20.4|270|62.5|48.3|0.00|0.02|43.3927|35.6296
05|36|0|90|0.0|20.4|270|63.9|48.3|0.00|0.02|43.3933|36.0325
05|37|0|90|0.0|20.4|270|63.4|48.3|0.00|0.02|43.3944|36.0325
05|38|0|90|0.0|20.4|270|62.0|48.3|0.00|0.02|43.3945|35.6296
05|40|0|45|0.0|20.4|270|61.9|48.4|0.00|0.02|43.3945|35.221
05|41|0|45|1.5|20.4|270|62.1|48.4|0.00|0.02|43.3941|35.6296
05|42|0|45|0.0|20.4|270|61.6|48.4|0.00|0.02|43.3945|35.221
05|44|0|135|1.5|20.4|270|60.8|48.5|0.00|0.02|43.3918|34.8063
05|45|0|135|0.0|20.4|270|60.1|48.7|0.00|0.02|43.3922|34.8063
05|46|0|135|0.0|20.4|270|59.9|48.8|0.00|0.02|43.3918|34.3856
05|47|0|90|0.0|20.4|270|59.7|48.8|0.00|0.02|43.3914|34.3856
05|49|0|90|1.5|20.4|270|58.6|48.9|0.00|0.02|43.3904|33.9585
05|50|0|90|1.5|20.4|270|58.5|48.9|0.00|0.02|43.39|33.9585
05|51|0|90|0.0|20.4|270|58.2|49.0|0.00|0.02|43.3917|34.896
05|53|0|180|0.0|20.4|270|58.1|49.1|0.00|0.02|43.3896|34.896
05|56|0|180|0.0|20.4|270|57.9|49.2|0.00|0.02|43.388|34.4605
05|59|0|180|0.0|20.4|270|57.8|49.3|0.00|0.02|43.3882|34.4605
06|00|0|180|0.0|20.4|270|57.6|49.3|0.00|0.02|43.3877|34.4605
06|01|0|180|0.0|20.4|270|57.5|49.3|0.00|0.02|43.387|34.4605
06|02|0|225|0.0|20.4|270|57.5|49.3|0.00|0.02|43.3879|34.4605
06|03|0|225|0.0|20.4|270|57.4|49.3|0.00|0.02|43.3866|34.4605
06|04|0|225|0.0|20.4|270|57.6|49.3|0.00|0.02|43.3887|34.4605
06|05|0|225|0.0|20.4|270|57.7|49.3|0.00|0.02|43.3882|34.4605
06|06|0|225|0.0|20.4|270|57.8|49.3|0.00|0.02|43.3887|34.4605
06|07|0|225|0.0|20.4|270|57.8|49.3|0.00|0.02|43.3898|34.4605
06|08|0|225|0.0|20.4|270|57.7|49.3|0.00|0.02|43.3903|34.4605
06|09|0|225|0.0|20.4|270|57.7|49.3|0.00|0.02|43.3907|34.4605
06|10|0|315|0.0|20.4|270|58.6|49.2|0.00|0.02|43.3893|34.896
06|11|0|315|0.0|20.4|270|59.1|49.2|0.00|0.02|43.39|35.325
06|12|0|315|0.0|20.4|270|60.0|49.2|0.00|0.02|43.3902|35.7476
06|13|0|315|0.0|20.4|270|59.9|49.1|0.00|0.02|43.3907|35.325
06|14|0|315|0.0|20.4|270|59.2|49.0|0.00|0.02|43.3888|35.325
06|16|0|315|0.0|20.4|270|58.9|49.0|0.00|0.02|43.3895|34.896
06|17|0|225|0.0|20.4|270|58.8|48.9|0.00|0.02|43.3895|33.9585
06|18|0|225|0.0|20.4|270|59.1|48.9|0.00|0.02|43.3891|34.3856
06|19|0|225|0.0|20.4|270|59.4|48.9|0.00|0.02|43.3907|34.3856
06|20|0|225|0.0|20.4|270|59.5|48.8|0.00|0.02|43.3907|34.3856
06|22|0|180|0.0|20.4|270|60.0|48.8|0.00|0.02|43.3945|34.8063
06|23|0|180|0.0|20.4|270|60.2|48.7|0.00|0.02|43.3943|34.8063
06|24|0|180|0.0|20.4|270|60.1|48.7|0.00|0.02|43.3953|34.8063
06|25|0|180|0.0|20.4|270|60.1|48.7|0.00|0.02|43.399|34.8063
06|26|0|315|0.0|20.4|270|61.4|48.7|0.00|0.02|43.3988|35.221
06|27|0|0|1.5|20.4|270|63.1|48.5|0.00|0.02|43.3961|36.0325
06|28|0|0|0.0|20.4|270|62.2|48.5|0.00|0.02|43.3984|35.6296
06|29|0|0|0.0|20.4|270|61.3|48.5|0.00|0.02|43.397|35.221
06|31|0|0|0.0|20.4|270|61.0|48.5|0.00|0.02|43.3966|35.221
06|32|0|180|0.0|20.4|270|60.7|48.7|0.00|0.02|43.3963|34.8063
06|33|0|180|1.6|20.4|270|60.6|48.7|0.00|0.02|43.3954|34.8063
06|34|0|225|0.0|20.4|270|60.7|48.7|0.00|0.02|43.3949|34.8063
06|35|0|180|0.0|20.4|270|60.9|48.7|0.00|0.02|43.3951|34.8063
06|36|0|180|0.0|20.4|270|61.0|48.7|0.00|0.02|43.3956|35.221
06|37|0|180|0.0|20.4|270|60.9|48.7|0.00|0.02|43.3929|34.8063
06|38|0|180|0.0|20.4|270|60.4|48.8|0.00|0.02|43.3933|34.8063
06|39|0|180|0.0|20.4|270|60.0|48.9|0.00|0.02|43.3921|34.8063
06|40|0|180|0.0|20.4|270|59.9|49.0|0.00|0.02|43.3933|35.325
06|41|0|180|0.0|20.4|270|60.0|49.1|0.00|0.02|43.3922|35.7476
06|42|0|180|0.0|20.4|270|59.8|49.3|0.00|0.02|43.3934|35.325
06|44|0|180|0.0|20.4|270|58.7|49.7|0.00|0.02|43.3974|34.896
06|45|0|180|1.6|20.4|270|57.6|49.9|0.00|0.02|43.3981|34.4605
06|48|0|180|0.0|20.4|270|56.8|50.3|0.00|0.02|43.4023|34.9517
06|50|0|180|0.0|20.4|270|55.9|50.9|0.00|0.02|43.4009|34.5004
06|52|0|180|0.0|20.4|270|55.1|51.3|0.00|0.02|43.3979|35.4319
06|53|0|180|1.5|20.4|270|55.0|51.6|0.00|0.02|43.3974|35.4319
06|54|0|180|1.5|20.4|270|54.5|51.9|0.00|0.02|43.3973|34.9712
06|55|0|135|1.6|20.4|270|54.3|52.1|0.00|0.02|43.3968|35.9006
06|57|0|135|1.5|20.4|270|53.8|52.7|0.00|0.02|43.3909|35.4303
06|58|0|135|1.5|20.4|270|53.4|52.9|0.00|0.02|43.3911|35.4303
06|59|0|135|0.0|20.4|270|53.2|53.3|0.00|0.02|43.3937|36.3574
07|00|0|90|0.0|20.4|270|52.6|53.5|0.00|0.02|43.397|35.8772
07|02|0|180|0.0|20.4|270|52.6|53.8|0.00|0.02|43.3985|35.8772
07|03|0|180|0.0|20.4|270|52.6|54.0|0.00|0.02|43.4016|36.8022
07|04|0|180|0.0|20.4|270|52.5|54.3|0.00|0.02|43.4006|36.8022
07|05|0|180|0.0|20.4|270|52.3|54.6|0.00|0.02|43.4044|36.8022
07|07|0|180|0.0|20.4|270|51.5|55.1|0.00|0.02|43.4011|37.2343
07|08|0|180|0.0|20.4|270|51.1|55.3|0.00|0.02|43.4012|37.2343
07|09|0|180|0.0|20.4|270|51.1|55.6|0.00|0.02|43.4045|37.2343
07|10|0|180|0.0|20.4|270|51.1|55.8|0.00|0.02|43.4073|37.2343
07|11|0|180|0.0|20.4|270|51.0|56.1|0.00|0.02|43.4083|38.1568
07|12|0|180|0.0|20.4|270|51.1|56.4|0.00|0.02|43.4105|38.1568
07|13|0|180|1.5|20.4|270|50.1|56.6|0.00|0.02|43.4089|37.6534
07|14|0|135|1.5|20.4|270|49.0|56.9|0.00|0.02|43.408|37.141
07|15|0|135|1.6|20.4|270|48.6|57.1|0.00|0.02|43.407|37.5352
07|16|0|135|2.9|20.4|270|47.6|57.3|0.00|0.02|43.4085|37.0016
07|18|0|135|1.5|20.4|270|47.1|57.4|0.00|0.02|43.4074|37.0016
07|20|0|135|1.6|20.4|270|46.7|57.7|0.00|0.02|43.4071|36.4578
07|21|0|135|3.2|20.4|270|46.2|57.7|0.00|0.02|43.4056|36.4578
07|22|0|180|2.9|20.4|270|45.1|57.7|0.00|0.02|43.4073|35.9035
07|23|0|158|2.9|20.4|270|44.7|57.8|0.00|0.02|43.4085|35.3382
07|24|0|135|3.2|20.4|270|44.7|57.9|0.00|0.02|43.4095|35.3382
07|25|0|135|1.5|20.4|270|45.0|57.9|0.00|0.02|43.4068|35.9035
07|27|0|158|0.0|20.4|270|44.8|58.0|0.00|0.02|43.4083|36.2446
07|28|0|180|3.2|20.4|270|45.2|58.1|0.00|0.02|43.4087|36.8123
07|29|0|180|1.6|20.4|270|44.6|58.3|0.00|0.02|43.4116|36.2446
07|30|0|135|0.0|20.4|270|44.6|58.3|0.00|0.02|43.4095|36.2446
07|32|0|135|1.5|20.4|270|44.2|58.4|0.00|0.02|43.4113|36.2446
07|33|0|135|3.2|20.4|270|44.2|58.5|0.00|0.02|43.4103|36.2446
07|34|0|180|2.9|20.4|270|44.2|58.7|0.00|0.02|43.4122|36.2446
07|35|0|180|2.9|20.4|270|44.2|58.7|0.00|0.02|43.4097|36.2446
07|36|0|158|2.9|20.4|270|44.3|58.8|0.00|0.02|43.4116|36.2446
07|37|0|135|1.5|20.4|270|44.4|58.9|0.00|0.02|43.4134|36.2446
07|38|0|180|1.5|20.4|270|44.4|59.0|0.00|0.02|43.4139|37.1508
07|39|0|180|1.6|20.4|270|44.5|59.1|0.00|0.02|43.4151|37.1508
07|41|0|180|0.0|20.4|270|44.3|59.3|0.00|0.02|43.4189|37.1508
07|42|0|135|3.2|20.4|270|44.4|59.5|0.00|0.02|43.4191|37.1508
07|43|0|90|1.5|20.4|270|44.5|59.6|0.00|0.02|43.418|37.1508
07|44|0|90|1.5|20.4|270|44.3|59.6|0.00|0.02|43.4194|37.1508
07|45|0|180|2.9|20.4|270|44.5|59.7|0.00|0.02|43.4191|37.1508
07|47|0|135|3.2|20.4|270|44.4|59.7|0.00|0.02|43.418|37.1508
07|48|0|180|2.9|20.4|270|44.5|59.8|0.00|0.02|43.4168|37.1508
07|51|0|135|2.9|20.4|270|44.2|59.9|0.00|0.02|43.4173|37.1508
07|52|0|180|0.0|20.4|270|44.1|60.0|0.00|0.02|43.4166|38.0568
07|53|0|180|0.0|20.4|270|44.0|60.1|0.00|0.02|43.418|38.0568
07|54|0|90|0.0|20.4|270|44.1|60.2|0.00|0.02|43.4189|38.0568
07|55|0|45|0.0|20.4|270|44.7|60.3|0.00|0.02|43.4199|38.0568
07|56|0|0|1.6|20.4|270|44.8|60.6|0.00|0.02|43.419|38.0568
07|58|0|45|1.5|20.4|270|44.7|60.8|0.00|0.02|43.4192|38.0568
07|59|0|90|1.5|20.4|270|43.6|60.9|0.00|0.02|43.4165|37.4727
08|00|0|45|0.0|20.4|270|43.6|61.1|0.00|0.02|43.4151|38.3761
08|01|0|0|1.5|20.4|270|44.0|61.4|0.00|0.02|43.4161|38.9626
08|02|0|45|0.0|20.4|270|44.7|61.5|0.00|0.02|43.4143|38.9626
08|03|0|0|0.0|20.4|270|44.7|61.6|0.00|0.02|43.4136|38.9626
08|04|0|45|1.6|20.4|270|44.5|61.7|0.00|0.02|43.4104|38.9626
08|05|0|45|1.5|20.4|270|44.5|61.9|0.00|0.02|43.4105|38.9626
08|06|0|0|1.5|20.4|270|43.3|62.0|0.00|0.02|43.4097|39.2792
08|07|0|0|0.0|20.4|270|42.6|62.2|0.00|0.02|43.4104|38.6781
08|08|0|315|0.0|20.4|270|42.0|62.4|0.00|0.02|43.4099|38.6781
08|10|0|315|0.0|20.4|270|41.8|62.5|0.00|0.02|43.4078|38.0642
08|11|0|315|0.0|20.4|270|41.4|62.7|0.00|0.02|43.4099|38.0642
08|12|0|90|0.0|20.4|270|41.1|62.8|0.00|0.02|43.4122|38.0642
08|13|0|90|0.0|20.4|270|41.1|62.9|0.00|0.02|43.4124|38.0642
08|15|0|45|0.0|20.4|270|41.1|63.3|0.00|0.02|43.4139|38.9621
08|16|0|0|1.6|20.4|270|40.7|63.5|0.00|0.02|43.412|38.3322
08|17|0|0|0.0|20.4|270|40.6|63.7|0.00|0.02|43.4111|38.3322
08|18|0|0|1.5|20.4|270|40.8|64.0|0.00|0.02|43.4083|39.2273
08|19|0|23|1.5|20.4|270|41.8|64.2|0.00|0.02|43.4063|39.8598
08|20|0|45|0.0|20.4|270|41.4|64.3|0.00|0.02|43.4074|39.8598
08|21|0|45|1.5|20.4|270|41.5|64.4|0.00|0.02|43.4055|39.8598
08|22|0|0|0.0|20.4|270|41.0|64.5|0.00|0.02|43.408|39.8598
08|23|0|0|0.0|20.4|270|40.6|64.7|0.00|0.02|43.4072|39.2273
08|24|0|0|0.0|20.4|270|40.0|64.9|0.00|0.02|43.4084|39.2273
08|26|0|0|1.6|20.4|270|40.1|65.1|0.00|0.02|43.4108|40.1222
08|27|0|45|1.5|20.4|270|39.6|65.2|0.00|0.02|43.4105|39.473
08|28|0|0|1.5|20.4|270|38.9|65.3|0.00|0.02|43.4109|38.8088
08|29|0|0|1.6|20.4|270|38.7|65.3|0.00|0.02|43.412|38.8088
08|30|0|0|1.5|20.4|270|37.8|65.4|0.00|0.02|43.4137|38.1291
08|31|0|0|1.5|20.4|270|37.2|65.4|0.00|0.02|43.4126|38.1291
08|32|0|315|0.0|20.4|270|37.4|65.5|0.00|0.02|43.4142|38.1291
08|33|0|315|1.5|20.4|270|37.5|65.6|0.00|0.02|43.4148|38.1291
08|34|0|315|1.5|20.4|270|36.9|65.6|0.00|0.02|43.4157|37.433
08|35|0|270|0.0|20.4|270|36.8|65.6|0.00|0.02|43.4147|37.433
08|37|0|45|1.5|20.4|270|36.9|65.6|0.00|0.02|43.4158|37.433
08|38|0|270|0.0|20.4|270|37.4|65.8|0.00|0.02|43.4159|38.1291
08|39|0|180|1.5|20.4|270|38.0|65.9|0.00|0.02|43.4166|38.8088
08|41|0|225|0.0|20.4|270|38.3|66.0|0.00|0.02|43.4149|39.6981
08|42|0|315|1.5|20.4|270|37.7|66.1|0.00|0.02|43.4134|39.0156
08|43|0|315|1.6|20.4|270|37.1|66.3|0.00|0.02|43.411|39.0156
08|44|0|0|1.5|20.4|270|37.5|66.4|0.00|0.02|43.4124|39.0156
08|45|0|45|0.0|20.4|270|37.7|66.7|0.00|0.02|43.4136|39.0156
08|46|0|0|2.9|20.4|270|37.3|66.8|0.00|0.02|43.4123|39.0156
08|47|0|0|2.9|20.4|270|36.1|66.8|0.00|0.02|43.412|38.3167
08|48|0|0|1.5|20.4|270|36.1|66.9|0.00|0.02|43.4126|38.3167
08|49|0|315|1.5|20.4|270|36.0|67.0|0.00|0.02|43.4125|39.2001
08|50|0|315|0.0|20.4|270|35.8|67.0|0.00|0.02|43.4134|38.4808
08|51|0|270|0.0|20.4|270|35.5|67.1|0.00|0.02|43.4137|38.4808
08|52|0|270|0.0|20.4|270|35.5|67.1|0.00|0.02|43.4122|38.4808
08|53|0|270|0.0|20.4|270|35.5|67.2|0.00|0.02|43.4151|38.4808
08|54|0|270|0.0|20.4|270|35.4|67.2|0.00|0.02|43.4145|38.4808
08|56|0|90|1.5|20.4|270|35.3|67.3|0.00|0.02|43.4155|38.4808
08|57|0|0|1.5|20.4|270|35.0|67.3|0.00|0.02|43.4152|38.4808
08|58|0|180|1.5|20.4|270|35.0|67.4|0.00|0.02|43.4143|38.4808
08|59|0|225|0.0|20.4|270|35.2|67.6|0.00|0.02|43.4158|38.4808
09|00|0|0|1.6|20.4|270|36.5|67.6|0.00|0.02|43.4141|39.2001
09|01|0|0|1.5|20.4|270|36.5|67.7|0.00|0.02|43.4152|39.2001
09|02|0|90|0.0|20.4|270|36.6|67.8|0.00|0.02|43.4136|39.2001
09|03|0|90|1.5|20.4|270|36.4|67.9|0.00|0.02|43.4124|39.2001
09|04|0|45|2.9|20.4|270|35.0|67.8|0.00|0.02|43.4119|38.4808
09|05|0|315|1.5|20.4|270|34.8|67.9|0.00|0.02|43.4103|37.7432
09|06|0|315|0.0|20.4|270|35.2|68.0|0.00|0.02|43.4095|39.3611
09|09|0|90|1.5|20.4|270|36.4|68.1|0.00|0.02|43.4095|40.0833
09|10|0|0|2.9|20.4|270|35.9|68.3|0.00|0.02|43.4115|39.3611
09|11|0|0|3.2|20.4|270|36.7|68.3|0.00|0.02|43.4097|40.0833
09|12|0|45|0.0|20.4|270|36.0|68.5|0.00|0.02|43.4118|40.0833
09|13|0|113|1.6|20.4|270|36.1|68.6|0.00|0.02|43.4108|40.0833
09|14|0|180|1.5|20.4|270|35.5|68.7|0.00|0.02|43.4105|39.3611
09|15|0|135|2.9|20.4|270|35.5|68.8|0.00|0.02|43.4108|39.3611
09|16|0|90|2.9|20.4|270|35.2|68.8|0.00|0.02|43.4112|39.3611
09|17|0|135|5.8|20.4|270|35.2|68.8|0.00|0.02|43.41|39.3611
09|18|0|203|1.5|20.4|270|35.0|68.7|0.00|0.02|43.4124|39.3611
09|19|0|180|2.9|20.4|270|34.8|68.7|0.00|0.02|43.4093|38.6205
09|20|0|180|2.9|20.4|270|35.1|68.8|0.00|0.02|43.4092|39.3611
09|22|0|90|1.5|20.4|270|34.8|68.9|0.00|0.02|43.4061|38.6205
09|24|0|158|2.9|20.4|270|34.4|68.9|0.00|0.02|43.4071|38.6205
09|25|0|135|2.9|20.4|270|34.4|68.9|0.00|0.02|43.4079|38.6205
09|26|0|180|1.5|20.4|270|34.6|69.0|0.00|0.02|43.4081|39.4975
09|27|0|135|2.9|20.4|270|34.2|69.0|0.00|0.02|43.407|39.4975
09|28|0|135|1.5|20.4|270|33.9|69.0|0.00|0.02|43.4076|38.7344
09|29|0|45|1.5|20.4|270|35.3|69.1|0.00|0.02|43.4048|40.2411
09|30|0|0|1.5|20.4|270|35.0|69.4|0.00|0.02|43.4065|40.2411
09|31|0|0|1.5|20.4|270|34.7|69.5|0.00|0.02|43.4052|39.4975
09|32|0|0|4.4|20.4|270|34.4|69.6|0.00|0.02|43.4068|39.4975
09|33|0|315|2.9|20.4|270|32.7|69.6|0.00|0.02|43.4062|37.9505
09|34|0|135|1.5|20.4|270|32.5|69.6|0.00|0.02|43.4072|37.9505
09|36|0|45|0.0|20.4|270|32.5|69.6|0.00|0.02|43.4072|37.9505
09|37|0|90|1.5|20.4|270|32.0|69.6|0.00|0.02|43.406|37.9505
09|38|0|315|0.0|20.4|270|32.8|69.6|0.00|0.02|43.4054|37.9505
09|39|0|270|2.9|20.4|270|32.9|69.6|0.00|0.02|43.4046|37.9505
09|40|0|270|1.5|20.4|270|34.4|69.7|0.00|0.02|43.4065|39.4975
09|41|0|0|3.2|20.4|270|33.9|69.6|0.00|0.02|43.4058|38.7344
09|42|0|0|2.9|20.4|270|33.6|69.6|0.00|0.02|43.405|38.7344
09|43|0|315|1.5|20.4|270|34.3|69.6|0.00|0.02|43.405|39.4975
09|44|0|0|1.6|20.4|270|35.0|69.7|0.00|0.02|43.4047|40.2411
09|46|0|135|1.5|20.4|270|33.6|69.8|0.00|0.02|43.405|38.7344
09|47|0|45|1.5|20.4|270|32.8|69.8|0.00|0.02|43.4044|37.9505
09|48|0|0|1.5|20.4|270|34.1|69.9|0.00|0.02|43.4064|39.4975
09|49|0|0|3.2|20.4|270|33.2|69.9|0.00|0.02|43.403|38.7344
09|51|0|315|1.6|20.4|270|32.5|70.1|0.00|0.02|43.4054|38.8211
09|52|0|315|3.2|20.4|270|35.1|70.3|0.00|0.02|43.4055|41.1209
09|53|0|315|4.4|20.4|270|33.8|70.3|0.00|0.02|43.4047|39.6081
09|55|0|338|2.9|20.4|270|33.2|70.3|0.00|0.02|43.403|39.6081
09|56|0|315|1.6|20.4|270|34.3|70.3|0.00|0.02|43.4039|40.3743
09|58|0|270|1.6|20.4|270|33.2|70.4|0.00|0.02|43.4032|39.6081
09|59|0|270|4.4|20.4|270|32.4|70.3|0.00|0.02|43.4023|38.8211
10|00|0|315|2.9|20.4|270|32.7|70.3|0.00|0.02|43.4052|38.8211
10|01|0|225|1.5|20.4|270|32.2|70.4|0.00|0.02|43.4039|38.8211
10|02|0|45|0.0|20.4|270|31.8|70.4|0.00|0.02|43.4043|38.0121
10|03|0|90|0.0|20.4|270|31.6|70.5|0.00|0.02|43.4049|38.0121
10|05|0|180|0.0|20.4|270|32.5|70.7|0.00|0.02|43.4079|38.8211
10|06|0|90|0.0|20.4|270|32.0|70.8|0.00|0.02|43.4076|38.8211
10|07|0|45|1.5|20.4|270|32.2|70.9|0.00|0.02|43.4079|38.8211
10|08|0|0|2.9|20.4|270|33.0|71.2|0.00|0.02|43.4072|40.4815
10|09|0|0|1.5|20.4|270|32.8|71.4|0.00|0.02|43.4055|39.6914
10|10|0|0|2.9|20.4|270|32.7|71.7|0.00|0.02|43.4047|39.6914
10|12|0|90|2.9|20.4|270|32.7|71.8|0.00|0.02|43.4022|39.6914
10|13|0|0|1.6|20.4|270|32.5|71.9|0.00|0.02|43.4027|39.6914
10|14|0|45|1.5|20.4|270|32.3|71.9|0.00|0.02|43.4007|39.6914
10|15|0|315|2.9|20.4|270|31.6|71.9|0.00|0.02|43.4004|38.8791
10|16|0|315|3.2|20.4|270|31.1|72.1|0.00|0.02|43.4012|39.7459
10|17|0|0|1.5|20.4|270|31.6|72.1|0.00|0.02|43.3993|39.7459
10|19|0|0|0.0|20.4|270|31.6|72.3|0.00|0.02|43.4023|39.7459
10|20|0|0|1.5|20.4|270|32.0|72.4|0.00|0.02|43.402|40.5614
10|21|0|338|1.5|20.4|270|34.8|72.5|0.00|0.02|43.4017|42.1272
10|22|0|45|2.9|20.4|270|34.2|72.5|0.00|0.02|43.4027|42.1272
10|23|0|0|4.4|20.4|270|33.0|72.5|0.00|0.02|43.4015|41.3548
10|25|0|0|1.6|20.4|270|31.9|72.6|0.00|0.02|43.4039|39.7459
10|26|0|0|1.5|20.4|270|33.9|72.8|0.00|0.02|43.4036|41.3548
10|27|0|90|1.6|20.4|270|32.4|72.8|0.00|0.02|43.4043|40.5614
10|28|0|135|1.5|20.4|270|30.5|72.8|0.00|0.02|43.403|38.9069
10|29|0|135|1.5|20.4|270|30.5|73.0|0.00|0.02|43.4018|39.7701
10|30|0|180|0.0|20.4|270|29.9|73.0|0.00|0.02|43.4017|38.9025
10|31|0|90|2.9|20.4|270|29.9|73.1|0.00|0.02|43.402|38.9025
10|32|0|0|1.5|20.4|270|29.4|73.2|0.00|0.02|43.402|38.9025
10|33|0|315|2.9|20.4|270|32.9|73.2|0.00|0.02|43.4008|41.4312
10|35|0|270|2.9|20.4|270|29.4|73.4|0.00|0.02|43.4021|38.9025
10|37|0|315|4.4|20.4|270|29.9|73.5|0.00|0.02|43.402|38.9025
10|38|0|203|2.9|20.4|270|29.4|73.5|0.00|0.02|43.4023|38.9025
10|39|0|315|2.9|20.4|270|30.1|73.6|0.00|0.02|43.4039|39.7701
10|40|0|315|1.5|20.4|270|30.4|73.7|0.00|0.02|43.404|39.7701
10|41|0|315|2.9|20.4|270|32.0|73.7|0.00|0.02|43.4029|41.4312
10|42|0|315|4.8|20.4|270|32.7|73.7|0.00|0.02|43.4039|41.4312
10|43|0|0|2.9|20.4|270|31.8|73.9|0.00|0.02|43.4037|40.6125
10|44|0|0|4.4|20.4|270|32.4|74.0|0.00|0.02|43.4008|42.3008
10|45|0|23|2.9|20.4|270|32.6|74.1|0.00|0.02|43.4002|42.3008
10|46|0|315|1.6|20.4|270|29.7|74.2|0.00|0.02|43.3984|39.762
10|47|0|0|4.4|20.4|270|30.3|74.2|0.00|0.02|43.3966|40.633
10|49|0|0|4.8|20.4|270|31.5|74.3|0.00|0.02|43.3985|41.4788
10|51|0|45|1.5|20.4|270|31.0|74.2|0.00|0.02|43.4021|41.4788
10|52|0|315|1.5|20.4|270|32.4|74.1|0.00|0.02|43.4006|42.3008
10|53|0|0|2.9|20.4|270|30.8|74.1|0.00|0.02|43.399|40.633
10|55|0|0|4.4|20.4|270|31.0|74.0|0.00|0.02|43.3978|41.4788
10|56|0|270|1.6|20.4|270|30.1|73.9|0.00|0.02|43.3976|39.7701
10|57|0|315|3.2|20.4|270|30.5|74.0|0.00|0.02|43.4008|40.633
10|58|0|315|3.2|20.4|270|31.5|74.0|0.00|0.02|43.3989|41.4788
10|59|0|315|5.8|20.4|270|33.0|73.9|0.00|0.02|43.4015|42.2277
11|00|0|270|4.4|20.4|270|31.1|73.6|0.00|0.02|43.4031|40.6125
11|01|0|315|5.8|20.4|270|29.9|73.5|0.00|0.02|43.4023|38.9025
11|02|0|0|4.4|20.4|270|33.5|73.3|0.00|0.02|43.3998|42.2277
11|03|0|0|6.4|20.4|270|32.2|73.3|0.00|0.02|43.4017|41.4312
11|05|0|0|2.9|20.4|270|35.2|73.1|0.00|0.02|43.4|43.7589
11|06|0|90|1.5|20.4|270|31.0|73.1|0.00|0.02|43.3994|40.6125
11|07|0|270|2.9|20.4|270|30.2|73.0|0.00|0.02|43.406|39.7701
11|08|0|0|4.4|20.4|270|33.3|72.7|0.00|0.02|43.4069|41.3548
11|09|0|270|3.2|20.4|270|30.7|72.6|0.00|0.02|43.3993|38.9069
11|10|0|0|4.4|20.4|270|32.4|72.5|0.00|0.02|43.4007|40.5614
11|11|0|315|1.6|20.4|270|33.4|72.5|0.00|0.02|43.3982|41.3548
11|12|0|315|2.9|20.4|270|33.5|72.7|0.00|0.02|43.3954|41.3548
11|13|0|315|4.8|20.4|270|33.0|72.7|0.00|0.02|43.4069|41.3548
11|15|0|315|3.2|20.4|270|34.1|72.8|0.00|0.02|43.3953|42.1272
11|16|0|315|3.2|20.4|270|34.5|73.1|0.00|0.02|43.4058|43.0033
11|17|0|0|1.5|20.4|270|34.3|73.1|0.00|0.02|43.4017|43.0033
11|18|0|0|1.5|20.4|270|32.2|73.2|0.00|0.02|43.3978|41.4312
11|19|0|0|3.2|20.4|270|30.1|73.3|0.00|0.02|43.3977|39.7701
11|20|0|0|10.2|20.4|270|31.9|73.3|0.00|0.02|43.4032|40.6125
11|21|0|0|5.8|20.4|270|32.0|73.2|0.00|0.02|43.396|41.4312
11|22|0|0|5.8|20.4|270|29.5|73.1|0.00|0.02|43.3962|38.9025
11|23|0|0|4.4|20.4|270|30.1|73.1|0.00|0.02|43.3969|39.7701
11|24|0|0|8.1|20.4|270|30.4|73.0|0.00|0.02|43.3952|39.7701
11|26|0|0|2.9|20.4|270|29.8|72.8|0.00|0.02|43.3954|38.0428
11|27|0|0|6.4|20.4|270|30.9|72.8|0.00|0.02|43.394|38.9069
11|29|0|0|10.2|20.4|270|32.4|72.8|0.00|0.02|43.394|40.5614
11|30|0|0|8.0|20.4|270|31.0|72.7|0.00|0.02|43.3932|39.7459
11|31|0|0|2.9|20.4|270|30.6|72.8|0.00|0.02|43.3935|38.9069
11|32|0|315|3.2|20.4|270|29.3|73.1|0.00|0.02|43.394|38.9025
11|33|0|0|2.9|20.4|270|30.2|73.3|0.00|0.02|43.3948|39.7701
11|34|0|315|2.9|20.4|270|31.6|73.4|0.00|0.02|43.3952|40.6125
11|35|0|315|2.9|20.4|270|31.3|73.5|0.00|0.02|43.3977|40.6125
11|36|0|315|3.2|20.4|270|30.1|73.7|0.00|0.02|43.3961|39.7701
11|37|0|315|4.4|20.4|270|28.8|73.7|0.00|0.02|43.3943|38.0082
11|38|0|0|7.3|20.4|270|30.8|73.9|0.00|0.02|43.3933|39.7701
11|40|0|315|4.4|20.4|270|31.7|74.0|0.00|0.02|43.3913|41.4788
11|42|0|315|6.4|20.4|270|31.7|74.2|0.00|0.02|43.3928|41.4788
11|43|0|0|7.3|20.4|270|30.0|74.3|0.00|0.02|43.3928|40.633
11|44|0|315|4.8|20.4|270|31.4|74.4|0.00|0.02|43.3921|41.4788
11|45|0|0|4.4|20.4|270|28.5|74.4|0.00|0.02|43.3917|38.8642
11|46|0|0|8.1|20.4|270|28.9|74.4|0.00|0.02|43.3927|38.8642
11|47|0|315|2.9|20.4|270|28.4|74.4|0.00|0.02|43.3916|38.8642
11|48|0|338|3.2|20.4|270|28.2|74.5|0.00|0.02|43.3916|38.8642
11|49|0|315|5.8|20.4|270|33.0|74.5|0.00|0.02|43.391|43.1005
11|50|0|315|3.2|20.4|270|31.4|74.5|0.00|0.02|43.3896|41.4788
11|52|0|0|4.4|20.4|270|30.9|74.9|0.00|0.02|43.3877|40.633
11|53|0|0|6.4|20.4|270|30.3|75.0|0.00|0.02|43.3856|41.4957
11|54|0|338|5.8|20.4|270|31.6|75.0|0.00|0.02|43.3853|42.3448
11|56|0|270|8.7|20.4|270|30.5|75.2|0.00|0.02|43.3867|41.4957
11|57|0|0|8.0|20.4|270|27.5|75.2|0.00|0.02|43.3866|38.7895
11|58|0|315|4.8|20.4|270|29.4|75.1|0.00|0.02|43.3874|40.6213
11|59|0|315|5.8|20.4|270|27.5|75.2|0.00|0.02|43.3862|38.7895
12|00|0|0|2.9|20.4|270|29.3|75.2|0.00|0.02|43.3877|40.6213
12|01|0|315|4.4|20.4|270|27.4|75.1|0.00|0.02|43.3842|38.7895
12|02|0|0|4.4|20.4|270|27.7|75.1|0.00|0.02|43.3851|38.7895
12|03|0|0|7.3|20.4|270|28.5|75.0|0.00|0.02|43.3857|39.7198
12|04|0|0|5.8|20.4|270|27.9|74.9|0.00|0.02|43.3824|37.9375
12|05|0|0|4.8|20.4|270|26.7|75.0|0.00|0.02|43.3836|37.8283
12|07|0|23|2.9|20.4|270|27.5|75.0|0.00|0.02|43.3824|38.7895
12|08|0|0|7.3|20.4|270|28.6|75.0|0.00|0.02|43.3822|39.7198
12|09|0|0|3.2|20.4|270|27.2|75.0|0.00|0.02|43.3813|38.7895
12|10|0|0|5.8|20.4|270|27.1|75.0|0.00|0.02|43.3806|38.7895
12|11|0|0|8.7|20.4|270|27.7|74.8|0.00|0.02|43.3767|37.9375
12|13|0|315|6.4|20.4|270|27.5|74.6|0.00|0.02|43.3763|37.9375
12|14|0|0|5.8|20.4|270|28.6|74.8|0.00|0.02|43.3771|38.8642
12|15|0|0|6.4|20.4|270|27.2|74.8|0.00|0.02|43.3758|37.9375
12|16|0|315|8.0|20.4|270|29.6|74.6|0.00|0.02|43.373|39.762
12|17|0|270|4.4|20.4|270|28.3|74.5|0.00|0.02|43.3757|38.8642
12|18|0|0|4.4|20.4|270|28.0|74.8|0.00|0.02|43.3757|38.8642
12|20|0|315|4.4|20.4|270|27.1|74.8|0.00|0.02|43.3705|37.9375
12|21|0|0|7.3|20.4|270|27.1|74.8|0.00|0.02|43.3713|37.9375
12|22|0|315|4.4|20.4|270|30.0|74.9|0.00|0.02|43.3712|40.633
12|23|0|270|3.2|20.4|270|29.8|75.0|0.00|0.02|43.3689|40.6213
12|25|0|0|7.3|20.4|270|29.0|75.4|0.00|0.02|43.3714|40.6213
12|26|0|315|4.4|20.4|270|30.2|75.5|0.00|0.02|43.3712|41.4957
12|27|0|315|8.7|20.4|270|32.2|75.7|0.00|0.02|43.3729|43.1701
12|28|0|23|4.8|20.4|270|30.0|75.9|0.00|0.02|43.371|41.4957
12|30|0|315|4.8|20.4|270|27.1|76.0|0.00|0.02|43.3699|39.6413
12|31|0|0|4.4|20.4|270|27.1|76.2|0.00|0.02|43.3689|39.6413
12|32|0|315|4.4|20.4|270|28.5|76.3|0.00|0.02|43.369|40.5752
12|34|0|0|4.8|20.4|270|28.0|76.4|0.00|0.02|43.3697|40.5752
12|35|0|0|8.1|20.4|270|26.0|76.6|0.00|0.02|43.3682|38.6763
12|36|0|0|6.4|20.4|270|25.3|76.4|0.00|0.02|43.3639|37.678
12|37|0|23|7.3|20.4|270|25.8|76.3|0.00|0.02|43.3634|37.678
12|38|0|23|6.4|20.4|270|25.2|76.2|0.00|0.02|43.3643|37.678
12|39|0|315|4.4|20.4|270|25.4|76.2|0.00|0.02|43.362|37.678
12|40|0|0|12.9|20.4|270|26.1|76.1|0.00|0.02|43.3586|38.6763
12|41|0|315|5.8|20.4|270|26.6|75.9|0.00|0.02|43.361|37.8283
12|42|0|315|8.7|20.4|270|25.6|75.7|0.00|0.02|43.3625|36.8339
12|45|0|0|8.7|20.4|270|29.7|75.7|0.00|0.02|43.3638|40.6213
12|46|0|315|4.4|20.4|270|27.0|75.8|0.00|0.02|43.3624|38.7895
12|47|0|315|6.4|20.4|270|29.1|75.9|0.00|0.02|43.3619|40.6213
12|48|0|0|8.7|20.4|270|27.6|76.0|0.00|0.02|43.3631|39.6413
12|49|0|0|8.7|20.4|270|26.7|76.1|0.00|0.02|43.361|38.6763
12|50|0|0|11.3|20.4|270|25.4|75.9|0.00|0.02|43.3565|36.8339
12|51|0|0|17.5|20.4|270|25.9|75.7|0.00|0.02|43.3539|36.8339
12|53|0|0|5.8|20.4|270|24.5|75.2|0.00|0.02|43.3585|35.8037
12|54|0|0|14.5|20.4|270|25.1|75.0|0.00|0.02|43.3572|36.8339
12|55|0|0|8.1|20.4|270|25.5|75.0|0.00|0.02|43.3585|36.8339
12|57|0|0|10.2|20.4|270|26.1|75.0|0.00|0.02|43.3556|37.8283
12|59|0|315|4.4|20.4|270|28.1|75.0|0.00|0.02|43.3579|39.7198
13|00|0|315|4.4|20.4|270|28.1|75.2|0.00|0.02|43.3579|39.7198
13|01|0|0|4.4|20.4|270|28.7|75.4|0.00|0.02|43.3576|39.7198
13|02|0|0|8.7|20.4|270|28.9|75.8|0.00|0.02|43.3548|39.7198
13|03|0|0|10.2|20.4|270|26.9|76.0|0.00|0.02|43.3531|38.6763
13|04|0|0|9.7|20.4|270|25.9|76.2|0.00|0.02|43.3553|37.678
13|05|0|0|7.3|20.4|270|26.2|76.2|0.00|0.02|43.3562|38.6763
13|06|0|0|5.8|20.4|270|26.8|76.2|0.00|0.02|43.3567|38.6763
13|07|0|0|3.2|20.4|270|27.3|76.2|0.00|0.02|43.3556|39.6413
13|08|0|0|4.8|20.4|270|27.6|76.2|0.00|0.02|43.3545|39.6413
13|10|0|315|6.4|20.4|270|27.3|76.2|0.00|0.02|43.3538|39.6413
13|11|0|315|11.6|20.4|270|26.5|75.8|0.00|0.02|43.3504|37.8283
13|13|0|315|5.8|20.4|270|31.0|76.3|0.00|0.02|43.353|43.2106
13|14|0|315|8.1|20.4|270|28.3|76.6|0.00|0.02|43.3537|40.5752
13|15|0|0|12.9|20.4|270|29.8|76.8|0.00|0.02|43.3481|41.4802
13|16|0|315|8.1|20.4|270|28.2|76.9|0.00|0.02|43.3446|40.5752
13|17|0|315|2.9|20.4|270|29.6|77.0|0.00|0.02|43.3442|42.3389
13|19|0|315|5.8|20.4|270|27.7|77.2|0.00|0.02|43.3414|40.4928
13|20|0|0|6.4|20.4|270|27.6|77.3|0.00|0.02|43.3414|40.4928
13|21|0|0|8.7|20.4|270|27.2|77.6|0.00|0.02|43.338|40.4928
13|22|0|0|8.7|20.4|270|26.9|77.6|0.00|0.02|43.3402|39.524
13|23|0|0|11.3|20.4|270|25.4|77.3|0.00|0.02|43.3418|38.5218
13|24|0|45|2.9|20.4|270|28.4|77.3|0.00|0.02|43.345|41.4304
13|25|0|0|7.3|20.4|270|25.1|77.3|0.00|0.02|43.3434|38.5218
13|26|0|0|4.8|20.4|270|24.6|77.3|0.00|0.02|43.3421|37.4836
13|27|0|0|4.4|20.4|270|26.0|77.3|0.00|0.02|43.3394|39.524
13|28|0|0|7.3|20.4|270|27.6|77.3|0.00|0.02|43.3376|40.4928
13|29|0|0|11.6|21.0|0|24.2|76.9|0.00|0.02|43.3385|36.6438
13|32|0|45|5.8|21.0|0|25.9|76.7|0.00|0.02|43.3504|37.678
13|33|0|0|5.8|21.0|0|25.6|76.6|0.00|0.02|43.3505|37.678
13|34|0|0|11.3|21.0|0|24.8|76.4|0.00|0.02|43.3509|36.6438
13|35|0|0|5.8|21.0|0|24.4|76.3|0.00|0.02|43.3506|36.6438
13|36|0|0|5.8|21.0|0|24.5|76.3|0.00|0.02|43.3498|36.6438
13|37|0|0|7.3|21.0|0|25.9|76.2|0.00|0.02|43.3497|37.678
13|39|0|315|4.8|21.0|0|30.1|76.2|0.00|0.02|43.352|42.3581
13|40|0|315|8.7|21.0|0|28.0|76.3|0.00|0.02|43.3509|40.5752
13|41|0|0|4.4|21.0|0|28.9|76.3|0.00|0.02|43.3535|40.5752
13|42|0|0|11.6|21.0|0|27.0|76.3|0.00|0.02|43.3507|39.6413
13|43|0|0|4.4|21.0|0|26.3|76.2|0.00|0.02|43.354|38.6763
13|44|0|0|4.4|21.0|0|25.7|76.2|0.00|0.02|43.3524|37.678
13|47|0|315|5.8|21.0|0|27.4|76.1|0.00|0.02|43.35|39.6413
13|48|0|315|7.3|21.0|0|27.2|76.1|0.00|0.02|43.352|39.6413
13|50|0|315|7.3|21.0|0|28.9|76.0|0.00|0.02|43.3501|40.5752
13|51|0|315|11.6|22.5|0|28.0|76.0|0.00|0.02|43.3486|40.5752
13|52|0|315|9.7|22.5|0|26.4|75.8|0.00|0.02|43.3467|37.8283
13|53|0|315|8.7|22.5|0|27.3|75.5|0.00|0.02|43.3498|38.7895
13|54|0|0|6.4|22.5|0|29.2|75.5|0.00|0.02|43.3492|40.6213
13|55|0|0|8.1|22.5|0|28.1|75.4|0.00|0.02|43.3509|39.7198
13|56|0|315|5.8|22.5|0|27.7|75.4|0.00|0.02|43.3489|38.7895
13|57|0|0|4.4|22.5|0|27.4|75.4|0.00|0.02|43.3464|38.7895
13|59|0|0|4.4|22.5|0|27.8|75.4|0.00|0.02|43.3473|38.7895
14|01|0|0|8.1|22.5|0|27.2|75.4|0.00|0.02|43.3466|38.7895
14|02|0|315|4.8|22.5|0|26.9|75.3|0.00|0.02|43.3439|37.8283
14|03|0|0|4.8|22.5|0|27.8|75.3|0.00|0.02|43.3414|38.7895
14|04|0|0|13.1|22.5|0|27.3|75.4|0.00|0.02|43.3312|38.7895
14|05|0|0|12.9|22.5|0|26.4|75.3|0.00|0.02|43.338|37.8283
14|06|0|0|8.0|22.5|0|28.1|75.3|0.00|0.02|43.3377|39.7198
14|07|0|0|10.2|22.5|0|27.6|75.3|0.00|0.02|43.3342|38.7895
14|08|0|315|6.4|22.5|0|28.3|75.3|0.00|0.02|43.3384|39.7198
14|09|0|315|10.2|22.5|0|31.3|75.4|0.00|0.02|43.3365|42.3448
14|11|0|0|11.6|22.5|0|29.7|75.5|0.00|0.02|43.3371|40.6213
14|12|0|0|5.8|22.5|0|27.6|75.4|0.00|0.02|43.3394|38.7895
14|13|0|315|8.1|22.5|0|29.0|75.4|0.00|0.02|43.3397|40.6213
14|14|0|0|6.4|22.5|0|28.5|75.4|0.00|0.02|43.3372|39.7198
14|16|0|315|5.8|22.5|0|28.7|75.3|0.00|0.02|43.3416|39.7198
14|17|0|315|4.4|22.5|0|29.0|75.4|0.00|0.02|43.3433|40.6213
14|18|0|315|11.6|22.5|0|26.4|75.1|0.00|0.02|43.3381|37.8283
14|19|0|315|9.7|22.5|0|26.9|74.8|0.00|0.02|43.3382|36.9801
14|20|0|315|11.3|22.5|0|28.5|74.8|0.00|0.02|43.3373|38.8642
14|21|0|315|6.4|22.5|0|27.8|74.6|0.00|0.02|43.3397|37.9375
14|22|0|0|4.8|22.5|0|27.8|74.5|0.00|0.02|43.3426|37.9375
14|24|0|0|4.4|22.5|0|28.1|74.6|0.00|0.02|43.3442|38.8642
14|25|0|0|5.8|22.5|0|29.2|74.5|0.00|0.02|43.3401|39.762
14|27|0|0|13.1|22.5|0|26.4|74.4|0.00|0.02|43.3395|36.9801
14|28|0|0|11.6|22.5|0|25.3|74.1|0.00|0.02|43.3356|35.9895
14|29|0|0|11.6|22.5|0|26.1|73.9|0.00|0.02|43.3364|36.1315
14|30|0|0|7.3|22.5|0|27.5|73.9|0.00|0.02|43.3416|37.0852
14|31|0|0|6.4|22.5|0|27.4|73.7|0.00|0.02|43.3376|37.0852
14|32|0|0|8.7|22.5|0|27.4|73.7|0.00|0.02|43.3401|37.0852
14|33|0|0|6.4|22.5|0|27.6|73.7|0.00|0.02|43.3396|37.0852
14|34|0|0|16.0|22.5|0|26.9|73.6|0.00|0.02|43.3328|36.1315
14|35|0|0|11.3|22.5|0|26.2|73.5|0.00|0.02|43.3366|36.1315
14|36|0|315|8.1|22.5|0|27.5|73.5|0.00|0.02|43.3419|37.0852
14|38|0|0|9.7|22.5|0|28.9|73.5|0.00|0.02|43.3407|38.0082
14|39|0|0|6.4|22.5|0|27.6|73.6|0.00|0.02|43.3393|37.0852
14|40|0|0|8.0|22.5|0|27.9|73.9|0.00|0.02|43.3394|37.0852
14|41|0|0|4.4|22.5|0|28.5|74.0|0.00|0.02|43.3354|38.8642
14|42|0|315|10.2|22.5|0|28.3|74.1|0.00|0.02|43.3363|38.8642
14|43|0|315|5.8|22.5|0|27.0|74.2|0.00|0.02|43.3376|37.9375
14|44|0|0|4.4|22.5|0|28.1|74.4|0.00|0.02|43.3382|38.8642
14|46|0|0|6.4|22.5|0|27.0|74.5|0.00|0.02|43.3401|37.9375
14|47|0|0|8.0|22.5|0|26.4|74.5|0.00|0.02|43.3409|36.9801
14|48|0|315|10.2|22.5|0|27.5|74.6|0.00|0.02|43.3433|37.9375
14|49|0|0|4.8|22.5|0|26.9|74.6|0.00|0.02|43.3446|36.9801
14|51|0|315|4.4|22.5|0|28.9|74.6|0.00|0.02|43.3457|38.8642
14|52|0|315|5.8|22.5|0|29.3|74.6|0.00|0.02|43.3459|39.762
14|53|0|0|4.4|22.5|0|28.1|74.8|0.00|0.02|43.3455|38.8642
14|54|0|315|4.4|22.5|0|29.2|74.6|0.00|0.02|43.3433|39.762
14|55|0|315|5.8|22.5|0|26.8|74.6|0.00|0.02|43.3435|36.9801
14|56|0|0|4.4|22.5|0|27.8|74.6|0.00|0.02|43.3446|37.9375
14|57|0|315|4.4|22.5|0|29.0|74.6|0.00|0.02|43.345|39.762
14|59|0|0|4.4|22.5|0|27.4|74.8|0.00|0.02|43.3466|37.9375
15|00|0|0|13.1|22.5|0|26.9|74.8|0.00|0.02|43.3446|36.9801
15|01|0|315|5.8|22.5|0|27.2|74.8|0.00|0.02|43.3476|37.9375
15|02|0|315|2.9|22.5|0|28.6|74.8|0.00|0.02|43.3498|38.8642
15|03|0|0|2.9|22.5|0|29.5|74.9|0.00|0.02|43.3513|39.762
15|04|0|0|4.4|22.5|0|30.1|75.0|0.00|0.02|43.3504|41.4957
15|06|0|0|5.8|22.5|0|30.1|75.0|0.00|0.02|43.3508|41.4957
15|07|0|0|4.4|22.5|0|29.4|75.0|0.00|0.02|43.3506|40.6213
15|08|0|0|5.8|22.5|0|31.9|75.0|0.00|0.02|43.3506|42.3448
15|09|0|0|4.8|22.5|0|30.1|74.9|0.00|0.02|43.3492|40.633
15|10|0|315|2.9|22.5|0|26.4|74.9|0.00|0.02|43.3475|36.9801
15|11|0|0|5.8|22.5|0|27.7|75.0|0.00|0.02|43.3501|38.7895
15|12|0|0|8.7|22.5|0|26.2|75.1|0.00|0.02|43.3569|37.8283
15|13|0|0|5.8|22.5|0|26.6|75.0|0.00|0.02|43.357|37.8283
15|14|0|0|6.4|22.5|0|25.2|74.9|0.00|0.02|43.3556|35.9895
15|15|0|0|5.8|22.5|0|25.8|74.9|0.00|0.02|43.3497|35.9895
15|16|0|0|5.8|22.5|0|27.2|75.0|0.00|0.02|43.3491|38.7895
15|17|0|0|4.8|22.5|0|27.2|75.1|0.00|0.02|43.3519|38.7895
15|19|0|0|5.8|22.5|0|28.8|75.3|0.00|0.02|43.3527|39.7198
15|20|0|0|8.7|22.5|0|29.0|75.4|0.00|0.02|43.3511|40.6213
15|21|0|315|2.9|22.5|0|31.2|75.7|0.00|0.02|43.3515|42.3448
15|22|0|338|6.4|22.5|0|30.3|76.1|0.00|0.02|43.3506|42.3581
15|23|0|315|5.8|22.5|0|27.6|76.3|0.00|0.02|43.3541|39.6413
15|24|0|315|11.3|22.5|0|28.1|76.6|0.00|0.02|43.3503|40.5752
15|25|0|338|5.8|22.5|0|27.0|76.8|0.00|0.02|43.3491|39.6413
15|26|0|315|6.5|22.5|0|26.6|76.9|0.00|0.02|43.3468|38.6763
15|27|0|315|14.5|22.5|0|26.1|77.1|0.00|0.02|43.3435|39.524
15|28|0|315|8.7|22.5|0|25.7|77.0|0.00|0.02|43.3511|38.5218
15|29|0|315|9.7|22.5|0|27.6|77.0|0.00|0.02|43.3534|40.4928
15|30|0|315|7.3|22.5|0|26.3|77.0|0.00|0.02|43.3532|39.524
15|31|0|315|11.6|23.3|270|26.8|76.7|0.00|0.02|43.3573|38.6763
15|32|0|315|9.7|23.3|270|28.5|76.6|0.00|0.02|43.3631|40.5752
15|34|0|315|11.6|23.3|270|29.3|76.2|0.00|0.02|43.3624|41.4802
15|35|0|270|17.5|26.2|315|29.6|75.2|0.00|0.02|43.3568|40.6213
15|36|0|315|14.5|26.2|315|29.5|74.2|0.00|0.02|43.3578|39.762
15|37|0|315|12.9|26.2|315|29.3|73.6|0.00|0.02|43.358|38.9025
15|38|0|315|16.0|26.2|315|30.5|73.0|0.00|0.02|43.3635|39.7701
15|39|0|0|8.7|26.2|315|32.0|72.8|0.00|0.02|43.3635|40.5614
15|40|0|315|13.1|26.2|315|32.3|72.6|0.00|0.02|43.362|40.5614
15|43|0|315|13.1|26.2|315|32.8|71.9|0.00|0.02|43.3594|39.6914
15|44|0|0|7.3|26.2|315|32.9|71.8|0.00|0.02|43.3651|39.6914
15|45|0|315|8.7|26.2|315|32.8|71.8|0.00|0.02|43.3632|39.6914
15|47|0|315|11.6|26.2|315|33.6|71.7|0.00|0.02|43.3603|40.4815
15|48|0|315|13.1|26.2|315|32.1|71.5|0.00|0.02|43.3594|39.6914
15|49|0|315|8.1|26.2|315|32.1|71.3|0.00|0.02|43.3622|39.6914
15|50|0|315|11.6|26.2|315|32.5|71.0|0.00|0.02|43.3602|39.6914
15|51|0|315|13.1|26.2|315|32.0|70.9|0.00|0.02|43.3631|38.8211
15|52|0|315|10.2|26.2|315|32.1|70.8|0.00|0.02|43.3625|38.8211
15|53|0|0|10.2|26.2|315|32.3|70.7|0.00|0.02|43.3634|38.8211
15|54|0|315|13.1|26.2|315|31.9|70.7|0.00|0.02|43.3647|38.0121
15|55|0|315|11.6|26.2|315|32.4|70.6|0.00|0.02|43.3655|38.8211
15|56|0|0|8.7|26.2|315|32.0|70.4|0.00|0.02|43.3645|38.8211
15|58|0|315|9.7|26.2|315|32.4|70.4|0.00|0.02|43.3694|38.8211
15|59|0|315|6.5|26.2|315|31.8|70.1|0.00|0.02|43.3675|38.0121
16|00|0|315|9.7|26.2|315|32.6|70.0|0.00|0.02|43.3662|38.8211
16|01|0|315|4.8|26.2|315|32.4|70.1|0.00|0.02|43.3682|38.8211
16|02|0|0|5.8|26.2|315|32.7|70.3|0.00|0.02|43.3707|38.8211
16|03|0|315|5.8|26.2|315|31.8|70.1|0.00|0.02|43.3695|38.0121
16|04|0|0|5.8|26.2|315|32.7|70.3|0.00|0.02|43.3711|38.8211
16|05|0|315|5.8|26.2|315|32.2|70.3|0.00|0.02|43.3708|38.8211
16|06|0|315|5.8|26.2|315|33.7|70.4|0.00|0.02|43.3712|39.6081
16|07|0|315|7.3|26.2|315|33.1|70.5|0.00|0.02|43.3703|39.6081
16|10|0|315|8.1|26.2|315|31.1|70.5|0.00|0.02|43.372|38.0121
16|11|0|315|7.3|26.2|315|31.6|70.6|0.00|0.02|43.371|38.0121
16|12|0|315|8.0|26.2|315|31.7|70.6|0.00|0.02|43.3741|38.0121
16|13|0|315|8.7|26.2|315|31.5|70.6|0.00|0.02|43.3705|38.0121
16|14|0|315|8.7|26.2|315|29.8|70.5|0.00|0.02|43.3696|36.3224
16|15|0|0|11.3|26.2|315|31.1|70.6|0.00|0.02|43.3672|38.0121
16|16|0|315|8.1|26.2|315|30.4|70.6|0.00|0.02|43.368|37.1797
16|17|0|315|7.3|26.2|315|30.3|70.5|0.00|0.02|43.3665|37.1797
16|18|0|0|8.1|26.2|315|29.7|70.5|0.00|0.02|43.364|36.3224
16|19|0|0|4.4|26.2|315|28.9|70.5|0.00|0.02|43.3622|35.4387
16|21|0|0|5.8|26.2|315|28.9|70.6|0.00|0.02|43.3624|35.4387
16|22|0|315|6.4|26.2|315|28.9|70.6|0.00|0.02|43.3617|35.4387
16|25|0|0|8.7|26.2|315|28.1|70.7|0.00|0.02|43.3573|35.4387
16|26|0|315|5.8|26.2|315|29.3|70.7|0.00|0.02|43.3565|36.3224
16|27|0|315|6.4|26.2|315|29.4|70.8|0.00|0.02|43.3551|36.3224
16|28|0|315|4.4|26.2|315|29.7|70.9|0.00|0.02|43.3543|36.3224
16|29|0|315|5.8|26.2|315|30.5|71.0|0.00|0.02|43.353|38.0434
16|30|0|315|4.8|26.2|315|29.4|71.0|0.00|0.02|43.3523|37.1827
16|32|0|315|2.9|26.2|315|30.3|71.2|0.00|0.02|43.3516|38.0434
16|34|0|315|3.2|26.2|315|29.3|71.4|0.00|0.02|43.3514|37.1827
16|35|0|0|2.9|26.2|315|29.8|71.4|0.00|0.02|43.3514|37.1827
16|36|0|270|4.4|26.2|315|29.9|71.5|0.00|0.02|43.3534|37.1827
16|37|0|315|4.4|26.2|315|27.9|71.4|0.00|0.02|43.3507|35.3797
16|38|0|315|7.3|26.2|315|27.7|71.4|0.00|0.02|43.3504|35.3797
16|39|0|0|10.2|26.2|315|28.0|71.4|0.00|0.02|43.3489|36.2955
16|40|0|315|5.8|26.2|315|27.3|71.4|0.00|0.02|43.3499|35.3797
16|41|0|0|7.3|26.2|315|28.3|71.4|0.00|0.02|43.3515|36.2955
16|42|0|0|7.3|26.2|315|27.7|71.3|0.00|0.02|43.3499|35.3797
16|44|0|0|6.4|26.2|315|28.8|71.3|0.00|0.02|43.3509|36.2955
16|45|0|0|5.8|26.2|315|28.4|71.3|0.00|0.02|43.3515|36.2955
16|46|0|315|5.8|26.2|315|27.0|71.2|0.00|0.02|43.3489|35.3797
16|47|0|338|4.8|26.2|315|29.3|71.2|0.00|0.02|43.3493|37.1827
16|48|0|315|6.4|26.2|315|26.7|71.0|0.00|0.02|43.3475|34.4336
16|49|0|315|5.8|26.2|315|27.7|71.0|0.00|0.02|43.3476|35.3797
16|50|0|315|5.8|26.2|315|28.3|71.0|0.00|0.02|43.346|36.2955
16|51|0|0|4.4|26.2|315|27.9|71.0|0.00|0.02|43.3482|35.3797
16|52|0|0|4.4|26.2|315|27.8|70.9|0.00|0.02|43.3472|34.5266
16|53|0|315|5.8|26.2|315|27.0|70.9|0.00|0.02|43.3464|34.5266
16|54|0|315|4.4|26.2|315|29.2|70.9|0.00|0.02|43.3448|36.3224
16|56|0|0|4.4|26.2|315|28.4|70.9|0.00|0.02|43.3452|35.4387
16|57|0|315|7.3|26.2|315|27.8|70.9|0.00|0.02|43.3426|34.5266
16|58|0|0|7.3|26.2|315|27.2|70.9|0.00|0.02|43.346|34.5266
16|59|0|0|3.2|26.2|315|26.6|70.9|0.00|0.02|43.3439|33.5842
17|00|0|315|4.4|26.2|315|28.3|70.9|0.00|0.02|43.3423|35.4387
17|01|0|315|4.4|26.2|315|28.5|70.9|0.00|0.02|43.3426|35.4387
17|02|0|0|2.9|26.2|315|29.4|70.9|0.00|0.02|43.3407|36.3224
17|03|0|315|4.4|26.2|315|30.8|70.9|0.00|0.02|43.3411|37.1797
17|04|0|315|4.4|26.2|315|31.1|71.0|0.00|0.02|43.3429|38.8791
17|05|0|315|2.9|26.2|315|28.1|71.0|0.00|0.02|43.3418|36.2955
17|07|0|270|5.8|26.2|315|28.8|70.9|0.00|0.02|43.3417|35.4387
17|08|0|315|2.9|26.2|315|28.9|70.9|0.00|0.02|43.3419|35.4387
17|09|0|315|4.4|26.2|315|29.0|70.9|0.00|0.02|43.3413|36.3224
17|10|0|315|2.9|26.2|315|28.7|70.9|0.00|0.02|43.3404|35.4387
17|11|0|315|4.4|26.2|315|29.8|71.0|0.00|0.02|43.3404|37.1827
17|13|0|315|7.3|26.2|315|30.0|71.3|0.00|0.02|43.3364|38.0434
17|14|0|315|2.9|26.2|315|29.6|71.5|0.00|0.02|43.3335|37.1827
17|15|0|315|7.3|26.2|315|27.8|71.5|0.00|0.02|43.3284|35.3797
17|16|0|225|4.4|26.2|315|27.7|71.7|0.00|0.02|43.3335|35.3797
17|18|0|315|7.3|26.2|315|30.4|71.9|0.00|0.02|43.3337|38.0434
17|19|0|315|4.4|26.2|315|28.5|72.1|0.00|0.02|43.3339|37.152
17|20|0|270|1.5|26.2|315|29.6|72.3|0.00|0.02|43.336|38.0428
17|21|0|270|4.4|26.2|315|29.5|72.5|0.00|0.02|43.3365|38.0428
17|23|0|45|2.9|26.2|315|30.3|73.0|0.00|0.02|43.3319|39.7701
17|24|0|315|1.5|26.2|315|31.6|73.3|0.00|0.02|43.3341|40.6125
17|25|0|315|2.9|26.2|315|29.9|73.6|0.00|0.02|43.3332|38.9025
17|26|0|0|4.4|26.2|315|28.7|74.0|0.00|0.02|43.3299|38.8642
17|27|0|315|4.4|26.2|315|26.3|74.1|0.00|0.02|43.3312|36.9801
17|28|0|0|4.8|26.2|315|27.0|74.4|0.00|0.02|43.3326|37.9375
17|29|0|315|4.4|26.2|315|28.8|74.6|0.00|0.02|43.3346|38.8642
17|31|0|270|5.8|26.2|315|27.1|74.9|0.00|0.02|43.3337|37.9375
17|32|0|315|4.4|26.2|315|26.4|75.2|0.00|0.02|43.3366|37.8283
17|33|0|315|2.9|26.2|315|26.4|75.4|0.00|0.02|43.3356|37.8283
17|34|0|45|3.2|26.2|315|25.6|75.8|0.00|0.02|43.3349|36.8339
17|35|0|315|5.8|26.2|315|26.3|75.9|0.00|0.02|43.3373|37.8283
17|36|0|315|4.8|26.2|315|26.4|76.0|0.00|0.02|43.3368|38.6763
17|37|0|270|5.8|26.2|315|25.9|75.9|0.00|0.02|43.3371|36.8339
17|40|0|315|4.4|26.2|315|26.2|76.0|0.00|0.02|43.3374|38.6763
17|41|0|315|6.4|26.2|315|26.8|76.1|0.00|0.02|43.3401|38.6763
17|42|0|315|5.8|26.2|315|26.5|76.1|0.00|0.02|43.3414|38.6763
17|44|0|270|5.8|26.2|315|26.3|76.1|0.00|0.02|43.3397|38.6763
17|45|0|315|8.7|26.2|315|25.3|76.0|0.00|0.02|43.3369|37.678
17|46|0|315|5.8|26.2|315|26.4|76.0|0.00|0.02|43.3394|38.6763
17|49|0|45|6.4|26.2|315|24.5|76.0|0.00|0.02|43.3376|36.6438
17|50|0|315|7.3|26.2|315|23.9|75.9|0.00|0.02|43.3365|34.7349
17|51|0|315|7.3|26.2|315|25.7|75.8|0.00|0.02|43.3346|36.8339
17|52|0|315|8.7|26.2|315|24.1|75.8|0.00|0.02|43.3358|35.8037
17|53|0|0|10.2|26.2|315|23.8|75.5|0.00|0.02|43.3308|34.7349
17|54|0|315|3.2|26.2|315|24.6|75.4|0.00|0.02|43.3342|35.8037
17|55|0|315|3.2|26.2|315|24.4|75.5|0.00|0.02|43.3341|35.8037
17|57|0|315|3.2|26.2|315|24.8|75.5|0.00|0.02|43.3326|35.8037
17|58|0|315|8.7|26.2|315|23.9|75.4|0.00|0.02|43.3299|34.7349
17|59|0|270|10.2|26.2|315|25.5|75.4|0.00|0.02|43.3307|36.8339
18|00|0|0|5.8|26.2|315|24.7|75.3|0.00|0.02|43.3319|35.8037
18|01|0|315|5.8|26.2|315|26.7|75.4|0.00|0.02|43.3351|37.8283
18|02|0|0|5.8|26.2|315|23.9|75.3|0.00|0.02|43.3323|34.7349
18|03|0|0|4.8|26.2|315|24.1|75.3|0.00|0.02|43.3344|35.8037
18|04|0|270|5.8|26.2|315|23.7|75.3|0.00|0.02|43.3332|34.7349
18|05|0|315|4.4|26.2|315|24.4|75.1|0.00|0.02|43.3347|35.8037
18|06|0|315|5.8|26.2|315|25.2|75.1|0.00|0.02|43.3373|36.8339
18|07|0|315|5.8|26.2|315|24.8|75.2|0.00|0.02|43.3361|35.8037
18|08|0|0|8.7|26.2|315|25.4|75.2|0.00|0.02|43.3372|36.8339
18|09|0|0|8.7|26.2|315|24.7|75.2|0.00|0.02|43.3349|35.8037
18|10|0|315|8.7|26.2|315|25.2|75.1|0.00|0.02|43.336|36.8339
18|12|0|315|7.3|26.2|315|24.8|75.0|0.00|0.02|43.3352|35.8037
18|13|0|0|8.7|26.2|315|25.2|74.9|0.00|0.02|43.3333|35.9895
18|14|0|0|5.8|26.2|315|25.3|74.9|0.00|0.02|43.334|35.9895
18|15|0|0|7.3|26.2|315|25.5|74.8|0.00|0.02|43.3328|35.9895
18|16|0|0|5.8|26.2|315|25.2|74.8|0.00|0.02|43.3339|35.9895
18|17|0|0|8.7|26.2|315|25.9|74.8|0.00|0.02|43.3331|35.9895
18|19|0|0|8.0|26.2|315|25.9|74.8|0.00|0.02|43.3328|35.9895
18|20|0|315|4.4|26.2|315|25.2|74.8|0.00|0.02|43.3324|35.9895
18|21|0|315|4.4|26.2|315|25.7|74.8|0.00|0.02|43.3341|35.9895
18|22|0|315|5.8|26.2|315|25.9|74.6|0.00|0.02|43.3342|35.9895
18|23|0|0|4.8|26.2|315|26.4|74.5|0.00|0.02|43.3289|36.9801
18|26|0|315|4.4|26.2|315|26.3|74.6|0.00|0.02|43.3301|36.9801
18|27|0|315|6.4|26.2|315|26.5|74.6|0.00|0.02|43.3296|36.9801
18|28|0|0|10.2|26.2|315|26.0|74.6|0.00|0.02|43.3298|36.9801
18|29|0|315|8.1|26.2|315|26.2|74.5|0.00|0.02|43.33|36.9801
18|30|0|315|2.9|26.2|315|26.2|74.5|0.00|0.02|43.3294|36.9801
18|31|0|315|7.3|26.2|315|27.0|74.6|0.00|0.02|43.3287|37.9375
18|32|0|0|4.4|26.2|315|27.5|74.8|0.00|0.02|43.3301|37.9375
18|33|0|315|4.4|26.2|315|27.0|74.8|0.00|0.02|43.3307|37.9375
18|34|0|315|7.3|26.2|315|26.6|74.8|0.00|0.02|43.3289|36.9801
18|35|0|315|4.4|26.2|315|25.3|74.8|0.00|0.02|43.3286|35.9895
18|37|0|315|4.8|26.2|315|26.7|74.9|0.00|0.02|43.3302|36.9801
18|38|0|0|4.4|26.2|315|26.7|74.9|0.00|0.02|43.3307|36.9801
18|39|0|0|2.9|26.2|315|26.4|74.9|0.00|0.02|43.3296|36.9801
18|40|0|315|4.8|26.2|315|27.3|75.0|0.00|0.02|43.3298|38.7895
18|41|0|0|5.8|26.2|315|27.5|74.9|0.00|0.02|43.3299|37.9375
18|42|0|315|4.8|26.2|315|26.0|74.9|0.00|0.02|43.3294|36.9801
18|43|0|315|6.4|26.2|315|25.1|74.8|0.00|0.02|43.3296|35.9895
18|44|0|315|8.7|26.2|315|26.0|74.8|0.00|0.02|43.3315|36.9801
18|45|0|315|6.5|26.2|315|26.2|74.8|0.00|0.02|43.3305|36.9801
18|47|0|0|5.8|26.2|315|25.6|74.8|0.00|0.02|43.3292|35.9895
18|48|0|315|3.2|26.2|315|26.4|74.8|0.00|0.02|43.3308|36.9801
18|49|0|315|3.2|26.2|315|27.0|74.9|0.00|0.02|43.3321|37.9375
18|50|0|0|7.3|26.2|315|26.5|74.9|0.00|0.02|43.3313|36.9801
18|51|0|315|4.8|26.2|315|26.3|74.9|0.00|0.02|43.3317|36.9801
18|52|0|0|4.4|26.2|315|27.9|74.8|0.00|0.02|43.3339|37.9375
18|53|0|0|4.4|26.2|315|26.2|74.6|0.00|0.02|43.3346|36.9801
18|54|0|315|5.8|26.2|315|26.7|74.3|0.00|0.02|43.3332|36.9801
18|55|0|0|4.8|26.2|315|26.9|74.0|0.00|0.02|43.3323|36.9801
18|56|0|0|3.2|26.2|315|26.9|73.7|0.00|0.02|43.329|36.1315
18|58|0|0|5.8|26.2|315|26.1|73.6|0.00|0.02|43.3301|36.1315
18|59|0|315|5.8|26.2|315|26.4|73.5|0.00|0.02|43.3307|36.1315
19|00|0|0|4.4|26.2|315|27.1|73.5|0.00|0.02|43.3298|37.0852
19|02|0|0|4.8|26.2|315|27.0|73.5|0.00|0.02|43.3269|37.0852
19|03|0|315|4.4|26.2|315|27.0|73.5|0.00|0.02|43.3274|37.0852
19|05|0|0|2.9|26.2|315|28.1|73.6|0.00|0.02|43.3285|38.0082
19|06|0|315|2.9|26.2|315|28.0|73.7|0.00|0.02|43.3289|38.0082
19|07|0|338|2.9|26.2|315|28.1|73.9|0.00|0.02|43.3307|38.0082
19|08|0|315|1.5|26.2|315|28.1|74.0|0.00|0.02|43.3315|38.8642
19|10|0|0|2.9|26.2|315|28.6|74.1|0.00|0.02|43.3318|38.8642
19|11|0|0|3.2|26.2|315|27.3|74.1|0.00|0.02|43.3331|37.9375
19|12|0|0|8.7|26.2|315|27.4|74.1|0.00|0.02|43.3329|37.9375
19|13|0|0|4.4|26.2|315|27.2|74.1|0.00|0.02|43.3331|37.9375
19|14|0|315|4.4|26.2|315|27.0|74.1|0.00|0.02|43.3348|37.9375
19|16|0|0|2.9|26.2|315|27.5|74.1|0.00|0.02|43.3353|37.9375
19|17|0|315|2.9|26.2|315|27.6|74.1|0.00|0.02|43.336|37.9375
19|18|0|0|4.8|26.2|315|26.8|74.1|0.00|0.02|43.3369|36.9801
19|19|0|0|3.2|26.2|315|26.4|74.0|0.00|0.02|43.3363|36.9801
19|20|0|315|3.2|26.2|315|27.4|74.0|0.00|0.02|43.3379|37.9375
19|21|0|270|3.2|26.2|315|27.1|73.9|0.00|0.02|43.3356|37.0852
19|23|0|315|3.2|26.2|315|27.6|73.9|0.00|0.02|43.3388|37.0852
19|24|0|0|2.9|26.2|315|28.0|73.9|0.00|0.02|43.3384|38.0082
19|25|0|315|2.9|26.2|315|29.0|73.9|0.00|0.02|43.3386|38.9025
19|26|0|0|5.8|26.2|315|27.0|73.7|0.00|0.02|43.3377|37.0852
19|27|0|0|7.3|26.2|315|26.5|73.6|0.00|0.02|43.3388|36.1315
19|28|0|338|2.9|26.2|315|27.0|73.6|0.00|0.02|43.3384|37.0852
19|29|0|0|4.4|26.2|315|27.5|73.6|0.00|0.02|43.3394|37.0852
19|30|0|0|4.4|26.2|315|26.5|73.6|0.00|0.02|43.3381|36.1315
19|31|0|315|2.9|26.2|315|26.5|73.5|0.00|0.02|43.3378|36.1315
19|32|0|315|1.5|26.2|315|28.1|73.5|0.00|0.02|43.3387|38.0082
19|33|0|270|1.6|26.2|315|28.2|73.5|0.00|0.02|43.3382|38.0082
19|34|0|315|1.5|26.2|315|28.2|73.5|0.00|0.02|43.3407|38.0082
19|36|0|338|2.9|26.2|315|28.4|73.4|0.00|0.02|43.341|38.0082
19|37|0|315|1.5|26.2|315|30.0|73.3|0.00|0.02|43.3396|39.7701
19|38|0|315|2.9|26.2|315|30.0|73.2|0.00|0.02|43.3421|39.7701
19|39|0|315|2.9|26.2|315|29.0|73.0|0.00|0.02|43.3425|38.9025
19|40|0|315|2.9|4.8|315|28.3|72.7|0.00|0.00|43.3446|37.152
19|41|0|0|1.6|5.8|315|28.2|72.6|0.00|0.00|43.3456|37.152
19|42|0|315|2.9|5.8|315|29.6|72.4|0.00|0.00|43.3459|38.0428
19|43|0|315|2.9|5.8|315|30.5|72.3|0.00|0.00|43.3443|38.9069
19|44|0|315|3.2|5.8|315|30.3|72.1|0.00|0.00|43.3421|38.9069
19|45|0|315|2.9|5.8|315|28.9|71.8|0.00|0.00|43.3397|36.2955
19|47|0|315|1.6|5.8|315|31.3|71.7|0.00|0.00|43.3427|38.8791
19|49|0|315|2.9|5.8|315|32.5|71.6|0.00|0.00|43.3441|39.6914
19|50|0|315|4.4|5.8|315|31.0|71.4|0.00|0.00|43.3446|38.8791
19|51|0|315|4.4|5.8|315|31.3|71.2|0.00|0.00|43.3433|38.8791
19|52|0|0|2.9|5.8|315|31.1|71.0|0.00|0.00|43.3435|38.8791
19|53|0|315|2.9|5.8|315|31.5|70.9|0.00|0.00|43.3427|38.0121
19|54|0|0|2.9|5.8|315|32.5|70.8|0.00|0.00|43.3446|38.8211
19|55|0|0|3.2|5.8|315|33.0|70.7|0.00|0.00|43.3449|39.6081
19|56|0|0|2.9|5.8|315|31.6|70.6|0.00|0.00|43.3483|38.0121
19|57|0|315|1.5|5.8|315|31.6|70.5|0.00|0.00|43.35|38.0121
19|58|0|315|2.9|5.8|315|32.0|70.4|0.00|0.00|43.3511|38.8211
20|00|0|0|2.9|5.8|315|31.8|70.3|0.00|0.00|43.3501|38.0121
20|01|0|315|1.6|5.8|315|32.6|70.3|0.00|0.00|43.3538|38.8211
20|03|0|315|1.5|7.3|0|31.3|70.0|0.00|0.00|43.3539|38.0121
20|04|0|315|3.2|7.3|0|32.1|70.0|0.00|0.00|43.3554|38.8211
20|05|0|315|0.0|7.3|0|32.8|70.0|0.00|0.00|43.3578|38.8211
20|06|0|270|1.5|7.3|0|32.1|69.9|0.00|0.00|43.3553|37.9505
20|07|0|270|0.0|7.3|0|32.2|69.9|0.00|0.00|43.3579|37.9505
20|08|0|315|0.0|7.3|0|32.1|69.8|0.00|0.00|43.3569|37.9505
20|09|0|270|0.0|7.3|0|32.0|69.7|0.00|0.00|43.3567|37.9505
20|11|0|270|1.6|7.3|0|32.1|69.7|0.00|0.00|43.3568|37.9505
20|13|0|315|1.5|7.3|0|32.2|69.6|0.00|0.00|43.3565|37.9505
20|14|0|270|1.5|7.3|0|32.4|69.6|0.00|0.00|43.3573|37.9505
20|15|0|270|0.0|7.3|0|32.4|69.6|0.00|0.00|43.3569|37.9505
20|16|0|270|0.0|7.3|0|32.2|69.5|0.00|0.00|43.3585|37.9505
20|17|0|270|0.0|7.3|0|32.5|69.5|0.00|0.00|43.3586|37.9505
20|18|0|270|0.0|7.3|0|32.7|69.5|0.00|0.00|43.3602|37.9505
20|19|0|180|0.0|7.3|0|32.9|69.5|0.00|0.00|43.3586|37.9505
20|20|0|180|0.0|7.3|0|32.9|69.4|0.00|0.00|43.3587|37.9505
20|21|0|180|1.5|7.3|0|33.0|69.4|0.00|0.00|43.3599|38.7344
20|22|0|180|0.0|7.3|0|33.1|69.4|0.00|0.00|43.3615|38.7344
20|23|0|180|1.5|7.3|0|32.9|69.2|0.00|0.00|43.3619|37.9505
20|24|0|180|1.6|7.3|0|32.8|69.2|0.00|0.00|43.3606|37.9505
20|26|0|225|0.0|7.3|0|32.6|69.1|0.00|0.00|43.3619|37.9505
20|27|0|225|0.0|7.3|0|32.4|69.1|0.00|0.00|43.363|37.9505
20|28|0|225|0.0|7.3|0|32.4|69.1|0.00|0.00|43.3616|37.9505
20|29|0|225|0.0|7.3|0|32.5|69.1|0.00|0.00|43.3643|37.9505
20|30|0|225|0.0|7.3|0|32.5|69.1|0.00|0.00|43.3639|37.9505
20|31|0|225|0.0|7.3|0|32.5|69.0|0.00|0.00|43.365|37.9505
20|32|0|225|0.0|7.3|0|32.4|69.0|0.00|0.00|43.3668|37.9505
20|33|0|225|0.0|7.3|0|32.4|68.9|0.00|0.00|43.3662|37.0797
20|34|0|225|0.0|7.3|0|32.5|68.9|0.00|0.00|43.3647|37.0797
20|35|0|225|0.0|7.3|0|32.7|68.9|0.00|0.00|43.3658|37.0797
20|36|0|225|0.0|7.3|0|32.8|68.8|0.00|0.00|43.365|37.0797
20|37|0|225|0.0|7.3|0|32.9|68.7|0.00|0.00|43.3651|37.0797
20|41|0|225|0.0|7.3|0|33.0|68.5|0.00|0.00|43.3673|37.8604
20|42|0|225|1.5|7.3|0|33.4|68.5|0.00|0.00|43.3695|37.8604
20|43|0|225|0.0|7.3|0|33.8|68.2|0.00|0.00|43.3673|37.8604
20|44|0|225|0.0|7.3|0|34.1|68.2|0.00|0.00|43.3683|38.6205
20|45|0|225|0.0|7.3|0|34.1|68.2|0.00|0.00|43.3712|38.6205
20|46|0|225|0.0|7.3|0|34.1|68.1|0.00|0.00|43.371|38.6205
20|47|0|225|0.0|7.3|0|34.4|68.0|0.00|0.00|43.3746|38.6205
20|48|0|225|0.0|7.3|0|34.8|67.9|0.00|0.00|43.3742|37.7432
20|50|0|270|0.0|7.3|0|34.8|67.8|0.00|0.00|43.375|37.7432
20|51|0|270|0.0|7.3|0|34.5|67.7|0.00|0.00|43.3749|37.7432
20|52|0|270|0.0|7.3|0|34.2|67.6|0.00|0.00|43.3763|37.7432
20|54|0|270|0.0|7.3|0|34.4|67.4|0.00|0.00|43.378|37.7432
20|55|0|0|0.0|7.3|0|34.9|67.3|0.00|0.00|43.3828|37.7432
20|56|0|45|1.5|7.3|0|34.5|67.2|0.00|0.00|43.3851|37.7432
20|57|0|45|1.5|7.3|0|33.4|67.1|0.00|0.00|43.3871|36.9862
20|58|0|45|2.9|7.3|0|33.6|66.9|0.00|0.00|43.3884|36.1117
20|59|0|45|1.5|7.3|0|35.3|66.7|0.00|0.00|43.3879|37.6003
21|00|0|90|0.0|7.3|0|39.5|66.5|0.00|0.00|43.3896|40.365
21|01|0|45|2.9|7.3|0|38.0|66.3|0.00|0.00|43.3867|39.6981
21|03|0|45|1.5|7.3|0|36.9|66.1|0.00|0.00|43.3901|38.3167
21|04|0|0|1.5|7.3|0|36.5|65.9|0.00|0.00|43.3929|37.433
21|05|0|45|0.0|7.3|0|36.5|65.9|0.00|0.00|43.3913|37.433
21|07|0|45|0.0|7.3|0|36.1|65.8|0.00|0.00|43.3944|37.433
21|08|0|45|0.0|7.3|0|35.9|65.8|0.00|0.00|43.395|36.7196
21|09|0|0|0.0|7.3|0|35.9|65.6|0.00|0.00|43.3959|36.7196
21|11|0|180|0.0|7.3|0|36.1|65.6|0.00|0.00|43.3959|37.433
21|12|0|23|0.0|7.3|0|34.7|65.6|0.00|0.00|43.3968|35.988
21|13|0|45|0.0|7.3|0|34.6|65.6|0.00|0.00|43.3975|35.988
21|15|0|90|1.5|7.3|0|34.2|65.6|0.00|0.00|43.3973|35.988
21|16|0|0|3.2|7.3|0|34.4|65.6|0.00|0.00|43.3977|35.988
21|17|0|90|1.5|7.3|0|32.7|65.8|0.00|0.00|43.399|34.4658
21|18|0|45|0.0|7.3|0|33.1|65.8|0.00|0.00|43.399|35.2371
21|19|0|0|0.0|7.3|0|33.6|65.9|0.00|0.00|43.3992|35.2371
21|20|0|90|0.0|7.3|0|33.3|66.1|0.00|0.00|43.4025|36.1117
21|21|0|90|0.0|7.3|0|33.6|66.1|0.00|0.00|43.4004|36.1117
21|22|0|0|0.0|7.3|0|33.4|66.1|0.00|0.00|43.4004|36.1117
21|24|0|90|0.0|7.3|0|33.4|66.2|0.00|0.00|43.4|36.1117
21|25|0|45|0.0|7.3|0|33.6|66.3|0.00|0.00|43.4007|36.1117
21|26|0|90|1.5|7.3|0|33.8|66.4|0.00|0.00|43.4008|36.1117
21|28|0|90|0.0|7.3|0|32.9|66.4|0.00|0.00|43.4022|35.3373
21|29|0|90|2.9|7.3|0|32.4|66.3|0.00|0.00|43.4004|35.3373
21|30|0|45|2.9|7.3|0|31.7|66.3|0.00|0.00|43.402|34.5413
21|31|0|45|2.9|7.3|0|31.4|66.3|0.00|0.00|43.4045|34.5413
21|32|0|90|3.2|7.3|0|31.6|66.3|0.00|0.00|43.404|34.5413
21|33|0|90|2.9|7.3|0|31.8|66.3|0.00|0.00|43.4046|34.5413
21|36|0|90|1.5|7.3|0|32.3|66.3|0.00|0.00|43.4087|35.3373
21|38|0|90|2.9|7.3|0|31.7|66.2|0.00|0.00|43.4081|34.5413
21|39|0|90|4.4|7.3|0|31.7|66.2|0.00|0.00|43.4088|34.5413
21|40|0|45|2.9|7.3|0|32.1|66.2|0.00|0.00|43.4122|35.3373
21|41|0|90|4.4|7.3|0|32.0|66.2|0.00|0.00|43.4104|35.3373
21|42|0|45|1.6|7.3|0|32.7|66.2|0.00|0.00|43.4118|35.3373
21|43|0|90|4.4|7.3|0|32.7|66.3|0.00|0.00|43.4108|35.3373
21|45|0|45|4.4|9.7|68|31.6|66.3|0.00|0.00|43.4144|34.5413
21|46|0|90|1.5|13.1|90|31.1|66.4|0.00|0.00|43.4165|34.5413
21|47|0|23|2.9|13.1|90|31.8|66.5|0.00|0.00|43.4154|34.5413
21|48|0|90|2.9|13.1|90|32.2|66.5|0.00|0.00|43.4166|35.3373
21|49|0|68|4.8|13.1|90|31.7|66.7|0.00|0.00|43.4151|34.5413
21|50|0|45|3.2|13.1|90|31.7|66.7|0.00|0.00|43.4165|34.5413
21|51|0|0|4.4|13.1|90|31.5|66.7|0.00|0.00|43.4152|34.5413
21|52|0|45|3.2|13.1|90|31.9|66.8|0.00|0.00|43.4189|34.5413
21|53|0|68|5.8|13.1|90|32.2|66.8|0.00|0.00|43.4173|35.3373
21|55|0|45|4.8|13.1|90|31.9|66.8|0.00|0.00|43.4196|34.5413
21|57|0|45|3.2|13.1|90|33.1|66.8|0.00|0.00|43.4219|36.1117
21|58|0|0|4.4|13.1|90|32.0|66.8|0.00|0.00|43.4221|35.3373
21|59|0|45|3.2|13.1|90|31.7|66.7|0.00|0.00|43.4219|34.5413
22|00|0|45|4.4|13.1|90|31.9|66.7|0.00|0.00|43.4231|34.5413
22|01|0|135|2.9|13.1|90|32.5|66.7|0.00|0.00|43.4236|35.3373
22|02|0|90|7.3|13.1|90|31.7|66.7|0.00|0.00|43.4282|34.5413
22|03|0|90|7.3|13.1|90|31.5|66.7|0.00|0.00|43.426|34.5413
22|04|0|45|7.3|13.1|90|31.5|66.5|0.00|0.00|43.427|34.5413
22|05|0|135|7.3|16.1|135|31.4|66.5|0.00|0.00|43.4277|34.5413
22|08|0|90|10.2|16.1|135|31.2|66.5|0.00|0.00|43.4267|34.5413
22|09|0|90|2.9|16.1|135|31.1|66.7|0.00|0.00|43.4287|34.5413
22|10|0|90|4.8|16.1|135|30.9|66.7|0.00|0.00|43.4259|33.7221
22|11|0|45|1.6|16.1|135|31.0|66.8|0.00|0.00|43.4298|34.5413
22|12|0|180|3.2|16.1|135|31.1|66.8|0.00|0.00|43.4282|34.5413
22|13|0|45|1.6|16.1|135|31.4|66.9|0.00|0.00|43.4282|34.5413
22|14|0|45|4.4|16.1|135|31.2|66.9|0.00|0.00|43.4283|34.5413
22|16|0|45|1.5|16.1|135|31.4|66.8|0.00|0.00|43.4318|34.5413
22|19|0|90|5.8|16.1|135|32.0|66.5|0.00|0.00|43.4326|35.3373
22|20|0|0|4.8|16.1|135|32.2|66.4|0.00|0.00|43.4363|35.3373
22|21|0|180|4.8|16.1|135|32.4|66.3|0.00|0.00|43.4319|35.3373
22|22|0|45|1.6|16.1|135|32.8|66.2|0.00|0.00|43.4332|35.3373
22|23|0|90|8.0|16.1|135|33.1|66.2|0.00|0.00|43.4395|36.1117
22|24|0|180|4.4|16.1|135|32.3|66.1|0.00|0.00|43.4389|35.3373
22|25|0|90|4.4|16.1|135|32.3|66.1|0.00|0.00|43.4383|35.3373
22|28|0|90|4.4|16.1|135|32.5|66.1|0.00|0.00|43.4388|35.3373
22|29|0|90|5.8|16.1|135|32.5|66.1|0.00|0.00|43.4411|35.3373
22|30|0|45|8.1|16.1|135|32.5|66.0|0.00|0.00|43.438|35.3373
22|31|0|90|4.4|17.5|90|32.7|66.0|0.00|0.00|43.4403|35.3373
22|32|0|135|5.8|17.5|90|32.8|66.0|0.00|0.00|43.4398|35.3373
22|33|0|90|4.4|17.5|90|32.8|66.0|0.00|0.00|43.439|35.3373
22|34|0|90|11.6|17.5|90|32.7|65.9|0.00|0.00|43.4403|34.4658
22|35|0|135|2.9|17.5|90|32.9|65.8|0.00|0.00|43.439|34.4658
22|36|0|135|4.4|17.5|90|33.0|65.6|0.00|0.00|43.4381|35.2371
22|37|0|135|4.4|17.5|90|32.9|65.6|0.00|0.00|43.4389|34.4658
22|38|0|90|8.7|17.5|90|32.8|65.6|0.00|0.00|43.4374|34.4658
22|39|0|90|8.0|17.5|90|32.9|65.6|0.00|0.00|43.4397|34.4658
22|40|0|90|13.1|17.5|90|32.9|65.5|0.00|0.00|43.4399|34.4658
22|41|0|45|3.2|17.5|90|33.5|65.5|0.00|0.00|43.4422|35.2371
22|42|0|45|5.8|17.5|90|34.1|65.4|0.00|0.00|43.4436|35.988
22|44|0|90|8.1|17.5|90|34.0|65.3|0.00|0.00|43.4428|35.988
22|45|0|90|4.8|17.5|90|34.0|65.3|0.00|0.00|43.4441|35.988
22|46|0|45|4.4|17.5|90|34.2|65.2|0.00|0.00|43.4438|35.988
22|47|0|90|2.9|17.5|90|34.7|65.2|0.00|0.00|43.443|35.988
22|48|0|45|1.5|17.5|90|34.9|65.2|0.00|0.00|43.4435|35.988
22|49|0|45|2.9|17.5|90|35.0|65.2|0.00|0.00|43.4441|36.7196
22|50|0|68|1.5|17.5|90|35.4|65.1|0.00|0.00|43.4425|36.7196
22|51|0|0|1.5|17.5|90|35.2|65.1|0.00|0.00|43.4442|36.7196
22|52|0|45|3.2|17.5|90|34.9|65.1|0.00|0.00|43.4426|35.988
22|54|0|45|1.5|17.5|90|34.5|65.0|0.00|0.00|43.4429|35.988
22|56|0|0|2.9|17.5|90|35.1|65.0|0.00|0.00|43.4447|36.7196
22|57|0|90|2.9|17.5|90|34.3|65.0|0.00|0.00|43.4454|35.988
22|58|0|158|10.2|17.5|90|34.3|65.0|0.00|0.00|43.4461|35.988
23|00|0|90|4.4|17.5|90|33.9|65.0|0.00|0.00|43.4486|35.2371
23|01|0|135|8.7|17.5|90|33.8|65.0|0.00|0.00|43.4491|35.2371
23|02|0|90|2.9|17.5|90|33.5|65.0|0.00|0.00|43.4498|35.2371
23|03|0|135|2.9|17.5|90|33.4|65.0|0.00|0.00|43.4509|35.2371
23|04|0|135|2.9|17.5|90|33.6|65.0|0.00|0.00|43.4518|35.2371
23|05|0|135|2.9|17.5|90|33.6|65.1|0.00|0.00|43.45|35.2371
23|06|0|45|2.9|17.5|90|33.3|65.1|0.00|0.00|43.4516|35.2371
23|08|0|135|1.5|17.5|90|33.6|65.1|0.00|0.00|43.4532|35.2371
23|09|0|23|2.9|17.5|90|33.5|65.0|0.00|0.00|43.4534|35.2371
23|10|0|90|7.3|17.5|90|33.6|65.0|0.00|0.00|43.4547|35.2371
23|11|0|45|3.2|17.5|90|33.8|64.9|0.00|0.00|43.4566|34.3621
23|13|0|90|1.5|17.5|90|33.9|64.9|0.00|0.00|43.4573|34.3621
23|14|0|90|1.5|17.5|90|34.3|64.7|0.00|0.00|43.4588|35.11
23|15|0|0|8.7|17.5|90|35.1|64.7|0.00|0.00|43.4584|35.8386
23|16|0|45|4.4|17.5|90|34.6|64.6|0.00|0.00|43.4623|35.11
23|17|0|135|3.2|17.5|90|35.2|64.5|0.00|0.00|43.4603|35.8386
23|18|0|90|8.1|17.5|90|35.1|64.4|0.00|0.00|43.4625|35.8386
23|19|0|45|1.5|17.5|90|34.8|64.4|0.00|0.00|43.4618|35.11
23|20|0|45|1.6|17.5|90|36.2|64.4|0.00|0.00|43.4628|36.5491
23|21|0|0|1.5|17.5|90|37.2|64.3|0.00|0.00|43.463|37.2424
23|22|0|0|1.6|17.5|90|39.0|64.3|0.00|0.00|43.4632|38.5807
23|23|0|45|1.6|17.5|90|38.4|64.2|0.00|0.00|43.4617|37.9193
23|24|0|90|1.6|17.5|90|37.4|64.0|0.00|0.00|43.4598|37.2424
23|26|0|0|0.0|17.5|90|35.6|63.8|0.00|0.00|43.4602|34.9574
23|27|0|90|3.2|17.5|90|37.3|63.7|0.00|0.00|43.4559|36.3554
23|29|0|0|4.4|17.5|90|36.5|63.6|0.00|0.00|43.4558|35.665
23|30|0|45|2.9|17.5|90|36.7|63.6|0.00|0.00|43.4568|35.665
23|31|0|45|2.9|17.5|90|36.8|63.6|0.00|0.00|43.4585|35.665
23|32|0|0|3.2|17.5|90|36.8|63.5|0.00|0.00|43.4563|35.665
23|33|0|0|1.6|17.5|90|37.6|63.4|0.00|0.00|43.4558|36.3554
23|34|0|45|1.5|17.5|90|37.7|63.5|0.00|0.00|43.4552|36.3554
23|35|0|315|1.5|17.5|90|37.9|63.5|0.00|0.00|43.4552|36.3554
23|36|0|45|2.9|17.5|90|37.7|63.5|0.00|0.00|43.4554|36.3554
23|37|0|68|2.9|17.5|90|37.3|63.4|0.00|0.00|43.4546|36.3554
23|38|0|0|3.2|17.5|90|37.3|63.4|0.00|0.00|43.4541|36.3554
23|39|0|90|4.4|17.5|90|36.8|63.2|0.00|0.00|43.4541|35.665
23|40|0|23|1.6|17.5|90|36.8|63.2|0.00|0.00|43.4545|35.665
23|41|0|90|2.9|17.5|90|37.0|63.2|0.00|0.00|43.4536|36.3554
23|43|0|90|2.9|17.5|90|37.2|63.2|0.00|0.00|43.4532|36.3554
23|45|0|90|2.9|17.5|90|36.2|63.2|0.00|0.00|43.4548|35.665
23|46|0|113|0.0|17.5|90|36.4|63.3|0.00|0.00|43.4568|35.665
23|47|0|135|4.4|17.5|90|36.5|63.3|0.00|0.00|43.4588|35.665
23|48|0|180|1.6|17.5|90|36.3|63.3|0.00|0.00|43.4589|35.665
23|49|0|180|2.9|17.5|90|36.3|63.4|0.00|0.00|43.4619|35.665
23|50|0|135|1.5|17.5|90|36.2|63.4|0.00|0.00|43.4644|35.665
23|51|0|203|4.4|17.5|90|36.3|63.4|0.00|0.00|43.463|35.665
23|52|0|180|1.5|17.5|90|36.1|63.4|0.00|0.00|43.4645|35.665
23|53|0|180|4.4|17.5|90|36.1|63.4|0.00|0.00|43.4642|35.665
23|54|0|135|3.2|17.5|90|36.2|63.3|0.00|0.00|43.4651|35.665
23|55|0|180|1.5|17.5|90|36.2|63.3|0.00|0.00|43.4646|35.665
23|57|0|180|8.7|17.5|90|36.1|63.2|0.00|0.00|43.4641|35.665
23|58|0|180|8.7|17.5|90|36.2|63.2|0.00|0.00|43.4648|35.665
23|59|0|180|4.4|17.5|90|36.2|63.2|0.00|0.00|43.4644|35.665
