00|01|0|90|0.0|6.4|135|13.3|71.3|0.00|0.00|43.1676|17.7667
00|02|0|45|1.5|6.4|135|13.3|71.3|0.00|0.00|43.1658|17.7667
00|03|0|90|0.0|6.4|135|13.2|71.3|0.00|0.00|43.1659|17.7667
00|04|0|135|0.0|6.4|135|13.2|71.2|0.00|0.00|43.1634|17.7667
00|05|0|90|1.5|6.4|135|13.2|71.2|0.00|0.00|43.1656|17.7667
00|06|0|135|1.5|6.4|135|12.4|71.0|0.00|0.00|43.1629|15.925
00|07|0|225|1.5|6.4|135|13.1|71.0|0.00|0.00|43.162|17.7667
00|09|0|158|3.2|6.4|135|12.9|71.0|0.00|0.00|43.1636|15.925
00|10|0|135|1.5|6.4|135|12.1|71.0|0.00|0.00|43.1658|15.925
00|11|0|135|4.4|6.4|135|11.8|71.0|0.00|0.00|43.1635|13.9415
00|12|0|135|3.2|6.4|135|11.1|71.0|0.00|0.00|43.1643|13.9415
00|13|0|203|4.4|6.4|135|11.5|71.0|0.00|0.00|43.1657|13.9415
00|14|0|135|2.9|6.4|135|11.2|71.2|0.00|0.00|43.1673|13.9415
00|15|0|180|1.5|6.4|135|11.2|71.2|0.00|0.00|43.1675|13.9415
00|16|0|135|1.5|6.4|135|11.1|71.3|0.00|0.00|43.1681|13.9415
00|17|0|135|4.8|6.4|135|11.3|71.4|0.00|0.00|43.1674|13.9415
00|18|0|135|4.4|6.4|135|10.9|71.4|0.00|0.00|43.1707|11.7907
00|19|0|135|2.9|6.5|180|10.8|71.4|0.00|0.00|43.1688|11.7907
00|20|0|135|5.8|6.5|180|10.9|71.5|0.00|0.00|43.1699|11.7907
00|21|0|180|3.2|6.5|180|10.8|71.5|0.00|0.00|43.1704|11.7907
00|22|0|135|2.9|7.3|158|10.8|71.6|0.00|0.00|43.1728|11.7907
00|23|0|180|2.9|7.3|158|11.0|71.6|0.00|0.00|43.1709|13.9415
00|25|0|180|4.8|7.3|158|10.6|71.6|0.00|0.00|43.1713|11.7907
00|26|0|225|1.5|7.3|158|10.6|71.7|0.00|0.00|43.1704|11.7907
00|27|0|45|2.9|7.3|158|10.8|71.7|0.00|0.00|43.1732|11.7907
00|28|0|180|2.9|7.3|158|11.0|71.8|0.00|0.00|43.1735|13.9415
00|29|0|135|5.8|7.3|158|10.9|71.7|0.00|0.00|43.1691|11.7907
00|30|0|135|1.5|7.3|158|10.8|71.8|0.00|0.00|43.1728|11.7907
00|31|0|158|1.5|7.3|158|10.4|71.7|0.00|0.00|43.1745|11.7907
00|32|0|180|6.4|7.3|158|10.3|71.7|0.00|0.00|43.1739|11.7907
00|33|0|135|4.4|7.3|158|10.1|71.6|0.00|0.00|43.176|11.7907
00|34|0|180|2.9|7.3|158|10.0|71.6|0.00|0.00|43.1766|11.7907
00|35|0|90|1.5|7.3|158|10.1|71.7|0.00|0.00|43.1758|11.7907
00|37|0|135|3.2|7.3|158|10.4|71.7|0.00|0.00|43.183|11.7907
00|38|0|180|5.8|7.3|158|10.3|71.6|0.00|0.00|43.1832|11.7907
00|39|0|90|1.5|7.3|158|10.1|71.7|0.00|0.00|43.1824|11.7907
00|40|0|180|0.0|7.3|158|10.1|71.7|0.00|0.00|43.1833|11.7907
00|41|0|90|1.6|7.3|158|10.2|71.7|0.00|0.00|43.1809|11.7907
00|42|0|90|1.5|7.3|158|10.0|71.7|0.00|0.00|43.183|11.7907
00|43|0|225|1.5|7.3|158|10.1|71.7|0.00|0.00|43.184|11.7907
00|44|0|180|0.0|7.3|158|10.4|71.7|0.00|0.00|43.1836|11.7907
00|45|0|90|2.9|7.3|158|10.8|71.7|0.00|0.00|43.1852|11.7907
00|46|0|135|1.5|7.3|158|10.7|71.7|0.00|0.00|43.1844|11.7907
00|47|0|90|3.2|7.3|158|10.5|71.6|0.00|0.00|43.1846|11.7907
00|48|0|158|0.0|7.3|158|10.5|71.6|0.00|0.00|43.1864|11.7907
00|49|0|90|1.5|7.3|158|10.6|71.5|0.00|0.00|43.1863|11.7907
00|50|0|113|3.2|7.3|158|10.5|71.4|0.00|0.00|43.185|11.7907
00|51|0|90|3.2|7.3|158|10.4|71.3|0.00|0.00|43.1852|11.7907
00|53|0|135|1.5|7.3|158|10.7|71.2|0.00|0.00|43.1841|11.7907
00|54|0|135|1.5|7.3|158|10.8|71.0|0.00|0.00|43.1858|11.7907
00|55|0|90|1.5|7.3|158|10.7|70.9|0.00|0.00|43.1876|11.0284
00|57|0|90|1.5|7.3|158|10.4|70.9|0.00|0.00|43.19|11.0284
00|58|0|90|1.5|7.3|158|10.4|70.9|0.00|0.00|43.1888|11.0284
00|59|0|90|1.5|7.3|158|10.4|70.9|0.00|0.00|43.1901|11.0284
01|00|0|135|1.6|7.3|158|10.7|70.8|0.00|0.00|43.1892|11.0284
01|02|0|90|1.5|7.3|158|11.0|70.8|0.00|0.00|43.188|13.1712
01|03|0|90|1.5|7.3|158|11.0|70.7|0.00|0.00|43.1897|13.1712
01|05|0|90|1.5|7.3|158|11.4|70.5|0.00|0.00|43.189|13.1712
01|06|0|90|1.6|7.3|158|11.1|70.4|0.00|0.00|43.19|13.1712
01|07|0|90|1.5|7.3|158|11.0|70.3|0.00|0.00|43.1895|13.1712
01|08|0|135|0.0|7.3|158|11.1|70.1|0.00|0.00|43.191|13.1712
01|09|0|135|1.6|7.3|158|11.3|70.0|0.00|0.00|43.1935|13.1712
01|10|0|90|0.0|7.3|158|11.4|69.9|0.00|0.00|43.1952|12.4004
01|11|0|90|1.5|7.3|158|11.4|69.8|0.00|0.00|43.1937|12.4004
01|12|0|225|0.0|7.3|158|11.5|69.7|0.00|0.00|43.1949|12.4004
01|13|0|90|0.0|7.3|158|11.6|69.7|0.00|0.00|43.1944|12.4004
01|14|0|90|1.6|7.3|158|11.6|69.6|0.00|0.00|43.195|12.4004
01|16|0|90|0.0|7.3|158|11.5|69.6|0.00|0.00|43.1958|12.4004
01|17|0|135|1.5|7.3|158|11.5|69.5|0.00|0.00|43.1956|12.4004
01|18|0|135|1.5|7.3|158|11.5|69.4|0.00|0.00|43.1934|12.4004
01|19|0|68|1.6|7.3|158|11.4|69.2|0.00|0.00|43.1952|12.4004
01|20|0|90|1.6|7.3|158|11.5|69.1|0.00|0.00|43.1949|12.4004
01|21|0|90|1.5|7.3|158|11.6|69.0|0.00|0.00|43.1928|12.4004
01|23|0|90|1.6|7.3|158|11.7|68.9|0.00|0.00|43.1941|11.6292
01|24|0|90|1.5|7.3|158|11.8|68.8|0.00|0.00|43.1955|11.6292
01|25|0|90|1.6|7.3|158|11.9|68.7|0.00|0.00|43.1959|11.6292
01|26|0|90|1.5|7.3|158|11.5|68.6|0.00|0.00|43.1965|11.6292
01|28|0|90|0.0|7.3|158|11.8|68.5|0.00|0.00|43.1957|11.6292
01|29|0|45|1.5|7.3|158|13.1|68.5|0.00|0.00|43.1958|15.4111
01|30|0|45|0.0|7.3|158|13.7|68.3|0.00|0.00|43.1959|15.4111
01|31|0|90|1.5|7.3|158|14.9|68.2|0.00|0.00|43.1957|17.1114
01|33|0|45|0.0|7.3|158|13.5|68.0|0.00|0.00|43.195|15.4111
01|34|0|45|1.5|7.3|158|13.3|67.9|0.00|0.00|43.1988|14.6251
01|35|0|45|1.5|7.3|158|13.5|67.8|0.00|0.00|43.2011|14.6251
01|36|0|45|0.0|7.3|158|13.2|67.7|0.00|0.00|43.2015|14.6251
01|37|0|45|1.5|7.3|158|14.2|67.7|0.00|0.00|43.204|16.3189
01|38|0|45|1.5|7.3|158|14.3|67.4|0.00|0.00|43.204|16.3189
01|39|0|45|1.6|7.3|158|13.5|67.3|0.00|0.00|43.204|14.6251
01|40|0|45|2.9|7.3|158|13.9|67.2|0.00|0.00|43.2042|14.6251
01|42|0|45|2.9|7.3|158|14.9|67.1|0.00|0.00|43.206|16.3189
01|45|0|90|6.4|7.3|158|14.6|66.9|0.00|0.00|43.2036|15.526
01|46|0|0|1.6|7.3|158|13.4|66.8|0.00|0.00|43.2022|13.8387
01|47|0|225|0.0|7.3|158|13.6|66.8|0.00|0.00|43.2032|13.8387
01|49|0|135|2.9|7.3|158|12.9|66.9|0.00|0.00|43.2044|12.0318
01|51|0|90|1.5|7.3|158|12.6|66.9|0.00|0.00|43.2061|12.0318
01|52|0|45|1.5|7.3|158|12.8|66.9|0.00|0.00|43.206|12.0318
01|53|0|135|1.5|7.3|158|13.3|67.0|0.00|0.00|43.2064|14.6251
01|54|0|45|1.5|7.3|158|12.8|67.0|0.00|0.00|43.2071|12.8113
01|55|0|45|1.5|7.3|158|13.5|67.0|0.00|0.00|43.2082|14.6251
01|56|0|45|1.5|7.3|158|13.9|67.0|0.00|0.00|43.2102|14.6251
01|57|0|45|2.9|7.3|158|13.8|66.9|0.00|0.00|43.2079|13.8387
01|58|0|45|1.5|7.3|158|14.8|66.9|0.00|0.00|43.2094|15.526
02|00|0|45|1.5|7.3|158|16.3|66.8|0.00|0.00|43.2091|18.6017
02|01|0|0|0.0|7.3|158|18.3|66.8|0.00|0.00|43.209|21.3531
02|03|0|0|0.0|7.3|158|16.5|66.7|0.00|0.00|43.2103|18.6017
02|04|0|315|1.5|7.3|158|17.4|66.7|0.00|0.00|43.211|20.0133
02|05|0|45|0.0|7.3|158|18.9|66.5|0.00|0.00|43.2091|21.3531
02|06|0|0|0.0|7.3|158|17.9|66.4|0.00|0.00|43.2107|20.0133
02|07|0|180|0.0|7.3|158|16.8|66.4|0.00|0.00|43.2106|18.6017
02|08|0|315|1.5|7.3|158|15.7|66.3|0.00|0.00|43.2134|17.1094
02|10|0|315|1.6|7.3|158|21.2|66.2|0.00|0.00|43.2146|25.0099
02|11|0|270|1.5|7.3|158|22.4|66.2|0.00|0.00|43.2144|26.1261
02|12|0|315|3.2|7.3|158|21.4|66.1|0.00|0.00|43.2155|25.0099
02|13|0|315|2.9|7.3|158|22.0|65.9|0.00|0.00|43.215|25.2914
02|14|0|0|1.5|7.3|158|20.0|65.5|0.00|0.00|43.2154|23.0199
02|15|0|0|2.9|7.3|158|20.0|65.3|0.00|0.00|43.2169|23.0199
02|16|0|0|1.5|7.3|158|20.8|65.2|0.00|0.00|43.2182|23.0199
02|17|0|0|0.0|7.3|158|20.8|65.0|0.00|0.00|43.2211|23.0199
02|18|0|0|1.5|7.3|158|20.9|64.9|0.00|0.00|43.2201|22.1938
02|19|0|0|1.6|7.3|158|22.5|64.7|0.00|0.00|43.2244|24.4564
02|20|0|0|0.0|7.3|158|23.1|64.5|0.00|0.00|43.2266|25.52
02|21|0|315|0.0|7.3|158|22.3|64.4|0.00|0.00|43.2309|24.4564
02|22|0|315|2.9|7.3|158|23.2|64.3|0.00|0.00|43.2353|25.52
02|23|0|315|2.9|7.3|158|27.7|64.1|0.00|0.00|43.2404|29.4018
02|25|0|315|4.4|7.3|158|29.1|63.8|0.00|0.00|43.243|30.2928
02|26|0|315|1.5|7.3|158|29.9|63.3|0.00|0.00|43.242|30.2928
02|27|0|23|4.4|7.3|158|25.9|62.9|0.00|0.00|43.2381|25.8342
02|28|0|315|3.2|8.0|0|17.5|62.6|0.00|0.00|43.244|16.7685
02|29|0|0|4.4|8.0|0|17.5|62.5|0.00|0.00|43.2433|16.7685
02|30|0|315|3.2|8.0|0|16.2|62.5|0.00|0.00|43.2457|15.3788
02|31|0|0|4.8|10.2|0|17.6|62.7|0.00|0.00|43.2447|16.7685
02|32|0|0|3.2|10.2|0|17.1|63.0|0.00|0.00|43.2452|17.5803
02|33|0|315|1.5|10.2|0|16.6|63.4|0.00|0.00|43.2483|16.1851
02|34|0|315|0.0|10.2|0|19.7|63.7|0.00|0.00|43.2491|20.1647
02|35|0|315|1.5|10.2|0|20.1|64.2|0.00|0.00|43.2529|22.1938
02|36|0|0|3.2|10.2|0|18.3|64.4|0.00|0.00|43.2552|19.721
02|38|0|0|4.8|10.2|0|19.8|64.7|0.00|0.00|43.2576|20.9863
02|39|0|45|1.5|10.2|0|19.7|64.9|0.00|0.00|43.2538|20.9863
02|40|0|45|1.5|10.2|0|17.7|65.1|0.00|0.00|43.2532|19.2027
02|41|0|45|0.0|10.2|0|17.9|65.3|0.00|0.00|43.2532|19.2027
02|42|0|45|0.0|10.2|0|19.3|65.4|0.00|0.00|43.2536|21.8075
02|43|0|45|0.0|10.2|0|19.9|65.5|0.00|0.00|43.2556|21.8075
02|44|0|90|2.9|10.2|0|19.4|65.6|0.00|0.00|43.2559|21.8075
02|45|0|45|1.5|10.2|0|20.9|65.8|0.00|0.00|43.2578|23.0199
02|46|0|315|1.6|10.2|0|21.5|65.8|0.00|0.00|43.2614|24.1796
02|47|0|315|1.6|10.2|0|24.4|65.8|0.00|0.00|43.2624|27.3867
02|48|0|315|1.6|10.2|0|21.8|65.6|0.00|0.00|43.261|24.1796
02|50|0|270|1.6|10.2|0|20.5|65.5|0.00|0.00|43.2631|23.0199
02|51|0|45|1.6|10.2|0|21.5|65.4|0.00|0.00|43.2655|24.1796
02|52|0|45|1.5|10.2|0|19.2|65.3|0.00|0.00|43.2671|21.8075
02|53|0|45|1.6|10.2|0|16.9|65.2|0.00|0.00|43.2676|17.7965
02|54|0|45|1.5|10.2|0|16.2|65.1|0.00|0.00|43.2697|17.7965
02|55|0|90|1.5|10.2|0|16.5|65.2|0.00|0.00|43.2711|17.7965
02|56|0|90|0.0|10.2|0|18.4|65.2|0.00|0.00|43.2715|20.5372
02|58|0|225|0.0|10.2|0|17.6|65.2|0.00|0.00|43.2732|19.2027
02|59|0|225|0.0|10.2|0|18.5|65.3|0.00|0.00|43.2741|20.5372
03|00|0|135|1.5|10.2|0|19.0|65.3|0.00|0.00|43.2744|21.8075
03|01|0|90|1.6|10.2|0|18.1|65.2|0.00|0.00|43.2722|20.5372
03|04|0|45|1.5|10.2|0|21.8|65.0|0.00|0.00|43.2757|24.1796
03|05|0|45|0.0|10.2|0|22.8|65.0|0.00|0.00|43.2797|25.2914
03|06|0|45|1.5|10.2|0|18.2|64.9|0.00|0.00|43.2776|19.721
03|07|0|338|0.0|10.2|0|18.1|64.9|0.00|0.00|43.2785|19.721
03|08|0|315|1.6|10.2|0|19.5|64.9|0.00|0.00|43.2797|20.9863
03|09|0|45|1.5|10.2|0|17.4|64.7|0.00|0.00|43.2766|18.3916
03|10|0|45|1.6|10.2|0|15.1|64.7|0.00|0.00|43.2772|15.5103
03|12|0|315|2.9|10.2|0|19.2|64.9|0.00|0.00|43.2797|20.9863
03|13|0|0|0.0|10.2|0|19.9|64.9|0.00|0.00|43.2802|20.9863
03|14|0|315|0.0|10.2|0|18.0|65.0|0.00|0.00|43.2827|20.5372
03|16|0|315|1.5|10.2|0|17.1|65.0|0.00|0.00|43.2833|19.2027
03|18|0|45|0.0|10.2|0|16.0|65.1|0.00|0.00|43.2859|17.7965
03|19|0|135|0.0|10.2|0|16.7|65.1|0.00|0.00|43.2852|17.7965
03|21|0|135|1.5|10.2|0|18.2|65.2|0.00|0.00|43.2864|20.5372
03|22|0|180|2.9|10.2|0|19.2|65.1|0.00|0.00|43.2867|21.8075
03|23|0|180|4.4|10.2|0|18.3|65.0|0.00|0.00|43.2868|20.5372
03|25|0|135|4.4|10.2|0|16.7|64.9|0.00|0.00|43.2847|16.991
03|26|0|225|0.0|10.2|0|16.0|64.7|0.00|0.00|43.2843|16.991
03|27|0|0|1.5|10.2|0|16.6|64.6|0.00|0.00|43.284|16.991
03|28|0|338|1.5|10.2|0|21.4|64.5|0.00|0.00|43.2846|23.349
03|30|0|0|4.4|10.2|0|19.1|64.4|0.00|0.00|43.284|20.9863
03|31|0|45|1.5|10.2|0|19.3|64.3|0.00|0.00|43.287|20.9863
03|32|0|0|1.5|10.2|0|20.6|64.2|0.00|0.00|43.2828|22.1938
03|33|0|45|1.5|10.2|0|21.7|64.0|0.00|0.00|43.2823|23.349
03|34|0|270|1.5|10.2|0|20.5|63.8|0.00|0.00|43.2843|21.3675
03|35|0|338|4.4|10.2|0|21.5|63.6|0.00|0.00|43.284|22.5181
03|36|0|315|4.4|10.2|0|18.0|63.5|0.00|0.00|43.2834|18.9044
03|37|0|180|2.9|10.2|0|17.6|63.6|0.00|0.00|43.2856|17.5803
03|38|0|180|1.5|10.2|0|19.3|63.8|0.00|0.00|43.2867|20.1647
03|39|0|315|0.0|10.2|0|19.1|64.2|0.00|0.00|43.286|20.9863
03|40|0|315|1.6|10.2|0|18.1|64.3|0.00|0.00|43.2872|19.721
03|41|0|270|2.9|10.2|0|17.1|64.5|0.00|0.00|43.2887|18.3916
03|43|0|180|1.5|10.2|0|17.4|64.7|0.00|0.00|43.2902|18.3916
03|45|0|90|0.0|10.2|0|17.5|64.9|0.00|0.00|43.2923|18.3916
03|46|0|135|2.9|10.2|0|17.7|64.9|0.00|0.00|43.2922|18.3916
03|47|0|135|0.0|10.2|0|17.7|64.9|0.00|0.00|43.2918|18.3916
03|48|0|135|1.5|10.2|0|17.9|64.9|0.00|0.00|43.2918|18.3916
03|49|0|225|1.6|10.2|0|16.7|64.7|0.00|0.00|43.2904|16.991
03|50|0|225|1.5|10.2|0|15.6|64.7|0.00|0.00|43.2917|15.5103
03|51|0|270|1.6|10.2|0|15.6|64.6|0.00|0.00|43.2912|15.5103
03|52|0|180|0.0|10.2|0|17.6|64.6|0.00|0.00|43.2931|18.3916
03|53|0|180|4.4|10.2|0|18.4|64.5|0.00|0.00|43.2918|19.721
03|54|0|90|1.5|10.2|0|16.6|64.4|0.00|0.00|43.2904|16.991
03|55|0|135|0.0|10.2|0|16.2|64.3|0.00|0.00|43.2909|16.991
03|56|0|225|0.0|10.2|0|16.4|64.3|0.00|0.00|43.2942|16.991
03|57|0|135|1.5|10.2|0|16.5|64.2|0.00|0.00|43.2945|16.991
03|58|0|135|0.0|10.2|0|16.1|64.2|0.00|0.00|43.2934|16.991
03|59|0|315|0.0|10.2|0|15.4|64.1|0.00|0.00|43.2945|15.5103
04|00|0|0|1.5|10.2|0|19.5|64.1|0.00|0.00|43.2972|20.9863
04|02|0|180|1.5|10.2|0|19.8|64.0|0.00|0.00|43.2992|20.9863
04|03|0|158|1.5|10.2|0|18.9|64.0|0.00|0.00|43.2989|19.721
04|04|0|135|1.6|10.2|0|16.6|63.7|0.00|0.00|43.2976|16.1851
04|05|0|90|3.2|10.2|0|14.7|63.7|0.00|0.00|43.2981|13.1451
04|06|0|180|0.0|10.2|0|14.5|63.7|0.00|0.00|43.2991|13.1451
04|08|0|0|0.0|10.2|0|19.8|63.8|0.00|0.00|43.3019|20.1647
04|09|0|45|1.6|10.2|0|20.7|64.0|0.00|0.00|43.3046|22.1938
04|11|0|90|1.5|10.2|0|18.7|63.8|0.00|0.00|43.3021|18.9044
04|12|0|180|1.5|10.2|0|17.9|63.8|0.00|0.00|43.3079|17.5803
04|13|0|180|2.9|10.2|0|18.7|63.7|0.00|0.00|43.3075|18.9044
04|14|0|180|1.6|10.2|0|18.3|63.7|0.00|0.00|43.3101|18.9044
04|15|0|225|0.0|10.2|0|17.7|63.6|0.00|0.00|43.3095|17.5803
04|17|0|45|0.0|10.2|0|17.8|63.5|0.00|0.00|43.3077|17.5803
04|18|0|45|0.0|10.2|0|17.0|63.5|0.00|0.00|43.3091|17.5803
04|19|0|315|1.5|10.2|0|18.1|63.5|0.00|0.00|43.3101|18.9044
04|20|0|315|1.5|10.2|0|25.2|63.4|0.00|0.00|43.3105|26.6821
04|21|0|315|1.5|10.2|0|25.2|63.3|0.00|0.00|43.313|26.6821
04|22|0|45|0.0|10.2|0|23.0|62.9|0.00|0.00|43.3082|23.8406
04|23|0|45|1.5|10.2|0|21.0|62.8|0.00|0.00|43.3064|21.6868
04|24|0|90|0.0|10.2|0|19.7|62.6|0.00|0.00|43.3046|19.3428
04|25|0|225|0.0|10.2|0|19.6|62.4|0.00|0.00|43.3062|19.3428
04|26|0|315|0.0|10.2|0|19.8|62.4|0.00|0.00|43.3061|19.3428
04|27|0|315|0.0|10.2|0|21.8|62.3|0.00|0.00|43.3068|21.6868
04|28|0|315|0.0|10.2|0|21.7|62.2|0.00|0.00|43.3067|21.6868
04|29|0|90|0.0|10.2|0|20.2|62.2|0.00|0.00|43.3077|20.5408
04|30|0|90|0.0|10.2|0|19.8|62.0|0.00|0.00|43.3093|19.3428
04|32|0|90|0.0|10.2|0|18.9|61.9|0.00|0.00|43.3123|17.2702
04|33|0|90|0.0|10.2|0|18.7|61.8|0.00|0.00|43.3127|17.2702
04|34|0|90|0.0|10.2|0|18.1|61.8|0.00|0.00|43.313|17.2702
04|37|0|90|2.9|10.2|0|17.1|61.9|0.00|0.00|43.3125|15.9565
04|38|0|180|0.0|10.2|0|17.4|62.0|0.00|0.00|43.3162|16.7685
04|39|0|180|0.0|10.2|0|19.1|62.2|0.00|0.00|43.3162|19.3428
04|40|0|225|1.5|10.2|0|20.0|62.3|0.00|0.00|43.3192|20.5408
04|41|0|180|1.5|10.2|0|20.4|62.3|0.00|0.00|43.3195|20.5408
04|42|0|135|0.0|10.2|0|20.1|62.3|0.00|0.00|43.3213|20.5408
04|44|0|90|1.5|10.2|0|18.9|62.3|0.00|0.00|43.3209|18.0874
04|45|0|135|0.0|10.2|0|17.4|62.2|0.00|0.00|43.3213|16.7685
04|46|0|90|0.0|10.2|0|17.7|62.2|0.00|0.00|43.3219|16.7685
04|47|0|135|0.0|10.2|0|17.6|62.0|0.00|0.00|43.3234|16.7685
04|48|0|135|0.0|10.2|0|18.0|62.2|0.00|0.00|43.3243|18.0874
04|49|0|135|0.0|10.2|0|18.0|62.0|0.00|0.00|43.3237|18.0874
04|50|0|180|1.5|10.2|0|18.3|62.0|0.00|0.00|43.3273|18.0874
04|51|0|135|0.0|10.2|0|18.4|61.9|0.00|0.00|43.3282|17.2702
04|52|0|135|0.0|10.2|0|17.6|61.8|0.00|0.00|43.3293|15.9565
04|53|0|135|0.0|10.2|0|17.5|61.7|0.00|0.00|43.3292|15.9565
04|54|0|90|0.0|10.2|0|17.6|61.6|0.00|0.00|43.3313|15.9565
04|56|0|135|0.0|10.2|0|17.1|61.5|0.00|0.00|43.3293|15.9565
04|57|0|180|0.0|10.2|0|17.2|61.5|0.00|0.00|43.3308|15.9565
04|58|0|180|1.6|10.2|0|17.4|61.4|0.00|0.00|43.3323|15.9565
05|00|0|135|0.0|10.2|0|17.5|61.2|0.00|0.00|43.3325|15.9565
05|01|0|135|0.0|10.2|0|17.3|61.1|0.00|0.00|43.3313|15.9565
05|02|0|135|0.0|10.2|0|17.0|61.1|0.00|0.00|43.3322|15.9565
05|03|0|45|1.5|10.2|0|16.8|61.0|0.00|0.00|43.3313|14.5722
05|04|0|45|0.0|10.2|0|17.3|61.1|0.00|0.00|43.3322|15.9565
05|05|0|180|1.5|10.2|0|18.2|61.1|0.00|0.00|43.3335|17.2702
05|06|0|180|0.0|10.2|0|19.0|61.0|0.00|0.00|43.3344|18.5205
05|07|0|180|0.0|10.2|0|18.8|61.0|0.00|0.00|43.3348|17.2702
05|10|0|180|0.0|10.2|0|18.2|60.9|0.00|0.00|43.3358|16.4525
05|11|0|135|1.5|10.2|0|18.6|60.8|0.00|0.00|43.3352|16.4525
05|12|0|135|0.0|10.2|0|18.3|60.8|0.00|0.00|43.3366|16.4525
05|13|0|135|0.0|10.2|0|19.1|60.7|0.00|0.00|43.3354|17.698
05|14|0|135|1.5|10.2|0|18.7|60.7|0.00|0.00|43.3363|16.4525
05|15|0|135|0.0|10.2|0|17.8|60.7|0.00|0.00|43.3378|15.144
05|17|0|135|0.0|10.2|0|18.1|60.6|0.00|0.00|43.3387|16.4525
05|18|0|315|1.6|10.2|0|22.6|60.6|0.00|0.00|43.3405|21.1132
05|19|0|315|1.5|10.2|0|27.3|60.5|0.00|0.00|43.3418|25.9797
05|20|0|315|1.6|10.2|0|29.8|60.1|0.00|0.00|43.3463|27.7047
05|21|0|315|2.9|10.2|0|31.2|59.8|0.00|0.00|43.3473|28.4575
05|22|0|0|1.5|10.2|0|28.9|59.5|0.00|0.00|43.3516|25.996
05|24|0|0|0.0|10.2|0|27.2|59.0|0.00|0.00|43.35|25.1235
05|25|0|0|0.0|10.2|0|26.3|58.8|0.00|0.00|43.3492|23.3689
05|26|0|0|0.0|10.2|0|25.2|58.5|0.00|0.00|43.3489|22.4398
05|27|0|90|0.0|10.2|0|24.9|58.3|0.00|0.00|43.3507|21.477
05|28|0|270|1.5|10.2|0|25.3|58.2|0.00|0.00|43.3514|22.4398
05|31|0|315|1.5|10.2|0|28.4|57.9|0.00|0.00|43.3528|24.2756
05|32|0|270|0.0|10.2|0|27.9|57.7|0.00|0.00|43.3522|23.4102
05|33|0|270|0.0|10.2|0|26.4|57.5|0.00|0.00|43.3513|22.5158
05|35|0|315|1.6|10.2|0|28.7|57.4|0.00|0.00|43.3513|24.2756
05|37|0|315|1.5|10.2|0|32.7|57.1|0.00|0.00|43.349|27.4842
05|38|0|315|0.0|10.2|0|31.1|57.0|0.00|0.00|43.35|26.7169
05|40|0|315|0.0|10.2|0|27.9|56.6|0.00|0.00|43.3541|22.5531
05|41|0|315|0.0|10.2|0|29.2|56.5|0.00|0.00|43.356|24.25
05|42|0|270|1.5|10.2|0|30.7|56.5|0.00|0.00|43.3571|25.0599
05|43|0|315|2.9|10.2|0|30.0|56.4|0.00|0.00|43.3544|25.0599
05|44|0|315|1.6|10.2|0|30.3|56.3|0.00|0.00|43.3571|25.0599
05|46|0|315|1.5|10.2|0|32.2|56.2|0.00|0.00|43.3572|26.6104
05|47|0|315|0.0|10.2|0|32.3|56.2|0.00|0.00|43.3593|26.6104
05|48|0|315|1.5|10.2|0|32.7|56.1|0.00|0.00|43.3588|26.6104
05|49|0|315|1.5|10.2|0|33.9|56.0|0.00|0.00|43.3603|27.3537
05|50|0|315|1.5|10.2|0|33.4|55.8|0.00|0.00|43.3617|26.4765
05|51|0|315|1.6|10.2|0|30.1|55.8|0.00|0.00|43.3629|24.1923
05|52|0|315|0.0|10.2|0|29.1|55.7|0.00|0.00|43.3635|23.3857
05|53|0|270|0.0|10.2|0|28.6|55.7|0.00|0.00|43.3635|22.5541
05|54|0|90|0.0|10.2|0|26.1|55.8|0.00|0.00|43.3608|20.8087
05|55|0|90|0.0|10.2|0|26.2|56.0|0.00|0.00|43.3642|21.6624
05|56|0|135|0.0|10.2|0|26.7|56.1|0.00|0.00|43.3642|21.6624
05|57|0|135|0.0|10.2|0|27.5|56.1|0.00|0.00|43.3632|22.5531
05|58|0|135|1.5|10.2|0|26.1|56.3|0.00|0.00|43.3634|21.6624
06|01|0|135|1.5|10.2|0|30.2|56.4|0.00|0.00|43.3676|25.0599
06|02|0|0|1.5|10.2|0|31.5|56.5|0.00|0.00|43.3681|25.8462
06|03|0|0|0.0|10.2|0|38.2|56.5|0.00|0.00|43.3685|30.7953
06|04|0|135|0.0|10.2|0|36.7|56.5|0.00|0.00|43.3685|29.4697
06|05|0|90|1.5|10.2|0|33.1|56.5|0.00|0.00|43.3694|27.3537
06|07|0|45|1.5|10.2|0|32.4|56.4|0.00|0.00|43.3696|26.6104
06|08|0|45|1.6|10.2|0|34.0|56.4|0.00|0.00|43.3714|28.0773
06|09|0|45|0.0|10.2|0|34.2|56.4|0.00|0.00|43.3722|28.0773
06|10|0|45|0.0|10.2|0|33.2|56.3|0.00|0.00|43.373|27.3537
06|12|0|45|0.0|10.2|0|31.5|56.3|0.00|0.00|43.3723|25.8462
06|14|0|135|1.5|10.2|0|29.7|56.3|0.00|0.00|43.3728|24.25
06|15|0|90|1.6|10.2|0|30.3|56.3|0.00|0.00|43.3737|25.0599
06|16|0|180|0.0|10.2|0|28.6|56.3|0.00|0.00|43.3739|23.415
06|17|0|180|0.0|10.2|0|30.6|56.4|0.00|0.00|43.3742|25.0599
06|18|0|225|0.0|10.2|0|31.7|56.4|0.00|0.00|43.3742|25.8462
06|19|0|270|0.0|10.2|0|31.4|56.5|0.00|0.00|43.3747|25.8462
06|20|0|270|0.0|10.2|0|30.7|56.5|0.00|0.00|43.3749|25.0599
06|21|0|90|0.0|10.2|0|30.9|56.6|0.00|0.00|43.377|25.0599
06|22|0|45|0.0|10.2|0|30.6|56.7|0.00|0.00|43.377|25.0599
06|23|0|45|0.0|10.2|0|31.7|56.7|0.00|0.00|43.3777|25.8462
06|24|0|0|1.5|10.2|0|34.9|56.7|0.00|0.00|43.3787|28.0773
06|25|0|315|1.5|10.2|0|37.3|56.7|0.00|0.00|43.3826|30.1405
06|27|0|0|0.0|10.2|0|38.5|56.7|0.00|0.00|43.3824|30.7953
06|28|0|0|0.0|10.2|0|37.9|56.7|0.00|0.00|43.3824|30.1405
06|29|0|0|0.0|10.2|0|35.9|56.7|0.00|0.00|43.3828|28.7823
06|30|0|270|0.0|10.2|0|34.2|56.7|0.00|0.00|43.3818|28.0773
06|31|0|270|0.0|10.2|0|35.0|56.7|0.00|0.00|43.3816|28.7823
06|32|0|0|0.0|10.2|0|35.4|56.7|0.00|0.00|43.3816|28.7823
06|33|0|0|0.0|10.2|0|35.0|56.9|0.00|0.00|43.3834|28.7823
06|34|0|90|0.0|10.2|0|34.2|57.0|0.00|0.00|43.3828|28.9573
06|35|0|90|0.0|10.2|0|33.8|57.1|0.00|0.00|43.3834|28.2306
06|36|0|90|0.0|10.2|0|34.5|57.2|0.00|0.00|43.3849|28.9573
06|37|0|45|0.0|10.2|0|35.0|57.3|0.00|0.00|43.3835|29.6652
06|38|0|45|0.0|10.2|0|35.4|57.5|0.00|0.00|43.3832|29.6652
06|39|0|45|0.0|10.2|0|36.4|57.7|0.00|0.00|43.3845|30.3555
06|40|0|45|0.0|10.2|0|37.0|57.8|0.00|0.00|43.3831|31.029
06|41|0|135|1.5|10.2|0|36.1|58.0|0.00|0.00|43.3871|31.241
06|42|0|90|0.0|10.2|0|36.7|58.2|0.00|0.00|43.3865|31.241
06|44|0|90|0.0|10.2|0|37.9|58.4|0.00|0.00|43.3896|31.9173
06|47|0|45|0.0|10.2|0|40.2|59.1|0.00|0.00|43.395|34.7497
06|48|0|45|0.0|10.2|0|41.0|59.3|0.00|0.00|43.394|35.3692
06|49|0|45|1.6|10.2|0|41.6|59.6|0.00|0.00|43.396|35.3692
06|50|0|45|0.0|10.2|0|39.5|59.7|0.00|0.00|43.3961|34.1163
06|51|0|45|1.5|10.2|0|37.1|59.8|0.00|0.00|43.3977|32.8054
06|52|0|45|1.5|10.2|0|35.6|60.0|0.00|0.00|43.3989|32.3124
06|53|0|45|1.5|10.2|0|34.5|60.2|0.00|0.00|43.3993|31.5956
06|54|0|90|2.9|10.2|0|36.5|60.5|0.00|0.00|43.4016|33.0113
06|55|0|45|1.5|10.2|0|33.5|60.6|0.00|0.00|43.3977|30.8599
06|57|0|45|1.5|10.2|0|34.1|60.8|0.00|0.00|43.3976|31.5956
06|58|0|90|1.5|10.2|0|32.8|61.0|0.00|0.00|43.3993|30.977
06|59|0|45|1.5|10.2|0|30.4|61.1|0.00|0.00|43.3996|29.3943
07|00|0|45|1.5|10.2|0|31.4|61.4|0.00|0.00|43.4005|30.197
07|02|0|45|3.2|10.2|0|35.6|61.8|0.00|0.00|43.399|33.1943
07|03|0|90|1.5|10.2|0|32.8|61.9|0.00|0.00|43.3979|30.977
07|04|0|45|1.5|10.2|0|32.1|62.2|0.00|0.00|43.4004|31.8496
07|05|0|23|1.6|10.2|0|30.2|62.3|0.00|0.00|43.4|30.2604
07|06|0|90|0.0|10.2|0|30.6|62.4|0.00|0.00|43.4016|30.2604
07|07|0|45|1.5|10.2|0|30.7|62.6|0.00|0.00|43.4052|30.2604
07|08|0|45|0.0|10.2|0|29.3|62.8|0.00|0.00|43.4038|29.4304
07|09|0|45|1.5|10.2|0|28.2|62.9|0.00|0.00|43.4041|28.5746
07|10|0|45|1.6|10.2|0|29.0|63.2|0.00|0.00|43.4069|30.2928
07|12|0|90|1.5|10.2|0|28.9|63.3|0.00|0.00|43.4071|29.4336
07|13|0|45|0.0|10.2|0|28.2|63.5|0.00|0.00|43.406|29.4336
07|14|0|45|0.0|10.2|0|28.8|63.6|0.00|0.00|43.4049|29.4336
07|15|0|45|0.0|10.2|0|28.5|63.8|0.00|0.00|43.4018|29.4336
07|16|0|45|0.0|10.2|0|28.7|64.1|0.00|0.00|43.4024|30.2923
07|18|0|45|1.5|10.2|0|27.7|64.5|0.00|0.00|43.404|29.4018
07|20|0|90|1.5|10.2|0|26.6|64.9|0.00|0.00|43.406|28.4817
07|21|0|90|0.0|10.2|0|26.3|65.0|0.00|0.00|43.4074|29.3328
07|22|0|0|1.5|10.2|0|26.8|65.2|0.00|0.00|43.4124|29.3328
07|24|0|45|0.0|10.2|0|27.9|65.4|0.00|0.00|43.4151|30.2567
07|25|0|0|0.0|10.2|0|28.0|65.6|0.00|0.00|43.417|31.1507
07|26|0|0|0.0|10.2|0|28.9|65.9|0.00|0.00|43.4154|31.1507
07|28|0|45|1.6|10.2|0|27.0|66.3|0.00|0.00|43.4125|31.1112
07|29|0|45|0.0|10.2|0|26.7|66.5|0.00|0.00|43.4164|30.1837
07|30|0|45|0.0|10.2|0|25.9|66.7|0.00|0.00|43.4181|29.224
07|31|0|45|1.6|10.2|0|25.3|66.9|0.00|0.00|43.4182|29.224
07|32|0|45|1.6|10.2|0|25.7|67.0|0.00|0.00|43.4191|30.0707
07|33|0|45|1.6|10.2|0|25.3|67.2|0.00|0.00|43.42|30.0707
07|34|0|135|0.0|10.2|0|23.5|67.4|0.00|0.00|43.4236|28.0368
07|35|0|90|1.5|10.2|0|22.2|67.6|0.00|0.00|43.4226|26.9604
07|36|0|45|1.5|10.2|0|22.8|67.7|0.00|0.00|43.4229|26.9604
07|37|0|45|1.5|10.2|0|23.1|67.9|0.00|0.00|43.4262|28.0368
07|38|0|45|1.6|10.2|0|24.3|68.1|0.00|0.00|43.421|29.915
07|39|0|45|1.6|10.2|0|25.1|68.2|0.00|0.00|43.4188|30.9172
07|41|0|45|1.6|10.2|0|23.9|68.5|0.00|0.00|43.4183|28.8752
07|43|0|45|1.5|10.2|0|20.3|68.7|0.00|0.00|43.4161|25.496
07|44|0|45|3.2|10.2|0|20.9|68.8|0.00|0.00|43.4177|25.496
07|45|0|135|1.6|10.2|0|20.1|69.0|0.00|0.00|43.417|26.3207
07|46|0|135|2.9|10.2|0|20.0|69.2|0.00|0.00|43.414|26.3207
07|47|0|90|2.9|10.2|0|19.8|69.5|0.00|0.00|43.4144|25.0891
07|48|0|135|1.5|10.2|0|19.5|69.7|0.00|0.00|43.416|25.0891
07|50|0|90|0.0|10.2|0|18.6|69.8|0.00|0.00|43.4141|23.7988
07|51|0|135|1.6|10.2|0|18.3|70.0|0.00|0.00|43.4168|24.6133
07|52|0|90|1.5|10.2|0|18.1|70.3|0.00|0.00|43.4176|24.6133
07|53|0|90|0.0|10.2|0|19.6|70.4|0.00|0.00|43.419|25.9087
07|54|0|90|0.0|10.2|0|20.1|70.7|0.00|0.00|43.4227|27.145
07|55|0|90|1.5|10.2|0|19.5|70.9|0.00|0.00|43.4248|25.9087
07|56|0|135|0.0|10.2|0|20.2|71.2|0.00|0.00|43.4267|27.9691
07|57|0|135|0.0|10.2|0|20.0|71.4|0.00|0.00|43.4284|27.9691
07|59|0|90|0.0|10.2|0|18.1|71.8|0.00|0.00|43.431|25.4275
08|01|0|90|1.6|10.2|0|17.2|71.9|0.00|0.00|43.4271|24.0614
08|02|0|90|1.5|10.2|0|17.0|72.2|0.00|0.00|43.4263|24.87
08|03|0|45|2.9|10.2|0|16.9|72.3|0.00|0.00|43.4237|23.4252
08|04|0|90|0.0|10.2|0|18.1|72.4|0.00|0.00|43.4235|26.2414
08|05|0|45|1.6|10.2|0|18.7|72.6|0.00|0.00|43.4263|26.2414
08|06|0|45|0.0|10.2|0|19.2|72.8|0.00|0.00|43.4276|27.5468
08|07|0|90|2.9|10.2|0|18.6|73.1|0.00|0.00|43.4295|27.0549
08|10|0|45|0.0|10.2|0|17.8|73.5|0.00|0.00|43.43|25.6782
08|11|0|45|1.6|10.2|0|17.6|73.7|0.00|0.00|43.4308|25.6782
08|12|0|90|1.5|10.2|0|16.6|74.0|0.00|0.00|43.4332|25.0302
08|13|0|179|0.0|10.2|0|17.4|74.1|0.00|0.00|43.4349|26.4861
08|14|0|90|0.0|10.2|0|17.8|74.3|0.00|0.00|43.4348|26.4861
08|15|0|135|0.0|10.2|0|17.6|74.4|0.00|0.00|43.4343|26.4861
08|16|0|135|2.9|10.2|0|17.4|74.6|0.00|0.00|43.4327|26.4861
08|17|0|135|2.9|10.2|0|16.9|74.8|0.00|0.00|43.4328|25.0302
08|18|0|135|1.5|10.2|0|15.9|75.0|0.00|0.00|43.4317|24.2874
08|19|0|203|1.6|10.2|0|15.9|75.1|0.00|0.00|43.433|24.2874
08|21|0|135|0.0|10.2|0|16.5|75.2|0.00|0.00|43.433|25.8321
08|22|0|135|1.6|10.2|0|15.9|75.3|0.00|0.00|43.433|24.2874
08|23|0|90|2.9|10.2|0|14.5|75.4|0.00|0.00|43.4328|22.6485
08|24|0|90|1.6|10.2|0|14.2|75.4|0.00|0.00|43.4344|22.6485
08|25|0|180|0.0|10.2|0|15.0|75.7|0.00|0.00|43.4336|24.2874
08|26|0|180|3.2|10.2|0|15.4|75.7|0.00|0.00|43.432|24.2874
08|27|0|180|1.6|10.2|0|14.9|75.8|0.00|0.00|43.4349|22.6485
08|28|0|135|2.9|10.2|0|15.8|75.9|0.00|0.00|43.4339|24.2874
08|29|0|135|1.5|10.2|0|15.2|76.0|0.00|0.00|43.4359|25.0831
08|30|0|135|3.2|10.2|0|15.2|76.0|0.00|0.00|43.4344|25.0831
08|32|0|135|3.2|10.2|0|15.9|76.1|0.00|0.00|43.4382|25.0831
08|33|0|135|3.2|10.2|0|15.6|76.2|0.00|0.00|43.4397|25.0831
08|35|0|90|0.0|10.2|0|16.2|76.3|0.00|0.00|43.4404|26.6337
08|36|0|135|3.2|10.2|0|15.9|76.4|0.00|0.00|43.4421|25.0831
08|37|0|203|1.5|10.2|0|15.9|76.6|0.00|0.00|43.4421|25.0831
08|38|0|135|1.5|10.2|0|16.6|76.7|0.00|0.00|43.4418|26.6337
08|39|0|135|1.5|10.2|0|15.7|76.8|0.00|0.00|43.4403|25.0831
08|40|0|90|2.9|10.2|0|16.0|76.9|0.00|0.00|43.4403|26.6337
08|41|0|90|2.9|10.2|0|13.5|76.8|0.00|0.00|43.438|21.6852
08|42|0|68|1.5|10.2|0|13.5|76.9|0.00|0.00|43.4405|21.6852
08|44|0|180|3.2|10.2|0|15.7|77.0|0.00|0.00|43.4414|25.8784
08|45|0|135|4.4|10.2|0|14.6|77.0|0.00|0.00|43.4412|24.2271
08|46|0|90|2.9|10.2|0|14.5|77.1|0.00|0.00|43.442|24.2271
08|48|0|180|4.4|10.2|0|13.6|77.0|0.00|0.00|43.4399|22.4677
08|49|0|90|2.9|10.2|0|14.4|77.1|0.00|0.00|43.4401|24.2271
08|50|0|45|1.6|10.2|0|14.4|77.2|0.00|0.00|43.438|24.2271
08|51|0|90|4.4|10.2|0|14.5|77.1|0.00|0.00|43.4388|24.2271
08|52|0|90|1.6|10.2|0|13.7|77.2|0.00|0.00|43.4405|22.4677
08|53|0|135|1.5|10.2|0|14.7|77.3|0.00|0.00|43.4397|24.2271
08|54|0|180|2.9|10.2|0|15.5|77.6|0.00|0.00|43.4412|25.8784
08|55|0|135|4.4|10.2|0|14.9|77.6|0.00|0.00|43.4411|24.2271
08|57|0|135|2.9|10.2|0|14.1|77.8|0.00|0.00|43.4428|24.2271
08|58|0|135|4.8|10.2|0|13.2|77.8|0.00|0.00|43.4423|22.4677
08|59|0|45|2.9|10.2|0|13.2|77.9|0.00|0.00|43.4427|22.4677
09|00|0|90|2.9|10.2|0|12.3|77.9|0.00|0.00|43.4444|20.5839
09|01|0|68|1.5|10.2|0|13.0|78.0|0.00|0.00|43.4454|23.2498
09|04|0|0|2.9|10.2|0|14.4|78.1|0.00|0.00|43.4404|25.0159
09|05|0|315|0.0|10.2|0|15.5|78.2|0.00|0.00|43.4375|26.6734
09|06|0|270|1.5|10.2|0|16.5|78.5|0.00|0.00|43.4395|28.2359
09|07|0|0|5.8|10.2|0|16.8|78.4|0.00|0.00|43.4335|28.2359
09|08|0|315|2.9|10.2|0|15.0|78.2|0.00|0.00|43.4387|26.6734
09|09|0|315|2.9|10.2|0|16.4|78.4|0.00|0.00|43.4375|28.2359
09|10|0|135|2.9|10.2|0|15.4|78.5|0.00|0.00|43.4339|26.6734
09|11|0|270|2.9|10.2|0|14.6|78.5|0.00|0.00|43.4369|25.0159
09|12|0|315|5.8|10.2|0|15.7|78.5|0.00|0.00|43.4348|26.6734
09|13|0|270|4.4|10.2|0|14.9|78.4|0.00|0.00|43.4358|25.0159
09|15|0|270|2.9|10.2|0|15.6|78.4|0.00|0.00|43.4383|26.6734
09|16|0|315|2.9|10.2|0|13.9|78.4|0.00|0.00|43.4364|23.2498
09|17|0|315|4.4|10.2|0|17.9|78.4|0.00|0.00|43.4398|29.7141
09|19|0|315|1.5|10.2|0|18.9|78.5|0.00|0.00|43.4412|31.1174
09|20|0|315|2.9|10.2|0|18.6|78.4|0.00|0.00|43.4405|31.1174
09|22|0|0|2.9|10.2|0|17.2|78.6|0.00|0.00|43.4376|29.7141
09|23|0|0|2.9|10.2|0|15.0|78.6|0.00|0.00|43.435|26.6734
09|24|0|0|1.5|10.2|0|15.3|78.7|0.00|0.00|43.4331|26.6734
09|25|0|0|1.6|10.2|0|15.2|78.8|0.00|0.00|43.4339|26.6734
09|27|0|0|1.6|10.2|0|14.6|78.9|0.00|0.00|43.4312|25.0159
09|29|0|0|1.6|10.2|0|15.0|79.3|0.00|0.00|43.4289|27.4681
09|30|0|0|0.0|10.2|0|15.2|79.5|0.00|0.00|43.4304|27.4681
09|31|0|315|3.2|10.2|0|15.9|79.6|0.00|0.00|43.4325|27.4681
09|32|0|270|2.9|10.2|0|17.0|79.7|0.00|0.00|43.4346|30.5203
09|33|0|225|2.9|10.2|0|15.2|79.8|0.00|0.00|43.4325|27.4681
09|34|0|315|5.8|10.2|0|15.2|79.9|0.00|0.00|43.4319|27.4681
09|35|0|90|4.4|10.2|0|15.6|80.0|0.00|0.00|43.4325|28.2623
09|36|0|225|3.2|10.2|0|14.3|80.2|0.00|0.00|43.4319|26.5923
09|37|0|270|2.9|10.2|0|14.1|80.4|0.00|0.00|43.4331|26.5923
09|38|0|180|4.4|10.2|0|13.7|80.6|0.00|0.00|43.4328|24.813
09|39|0|45|1.5|10.2|0|12.9|80.9|0.00|0.00|43.4344|22.908
09|40|0|315|21.8|21.8|315|12.6|81.1|0.00|0.00|43.4292|23.682
09|41|0|225|1.6|22.6|315|12.5|81.2|0.00|0.00|43.4341|23.682
09|44|0|248|1.6|22.6|315|13.0|81.5|0.00|0.00|43.4374|25.594
09|45|0|270|1.6|22.6|315|11.9|81.6|0.00|0.00|43.437|21.6231
09|47|0|225|1.6|22.6|315|13.0|82.0|0.00|0.00|43.4381|26.3746
09|48|0|315|5.8|22.6|315|12.5|82.0|0.00|0.00|43.4378|24.4555
09|49|0|270|2.9|22.6|315|12.7|82.1|0.00|0.00|43.4403|24.4555
09|50|0|270|1.5|22.6|315|12.7|82.1|0.00|0.00|43.4364|24.4555
09|51|0|203|5.8|22.6|315|12.4|82.1|0.00|0.00|43.4316|24.4555
09|53|0|315|3.2|22.6|315|12.8|82.3|0.00|0.00|43.4335|24.4555
09|54|0|0|1.5|22.6|315|13.0|82.4|0.00|0.00|43.434|26.3746
09|55|0|270|6.4|22.6|315|14.2|82.4|0.00|0.00|43.43|28.1672
09|56|0|225|2.9|22.6|315|15.5|82.4|0.00|0.00|43.431|29.8497
09|57|0|90|1.6|22.6|315|15.2|82.5|0.00|0.00|43.4319|29.8497
09|58|0|135|1.6|22.6|315|14.2|82.6|0.00|0.00|43.4318|28.1672
10|00|0|135|6.4|22.6|315|12.9|82.5|0.00|0.00|43.423|24.4555
10|01|0|315|5.8|22.6|315|12.4|82.6|0.00|0.00|43.4267|24.4555
10|02|0|68|1.6|22.6|315|12.4|82.6|0.00|0.00|43.4278|24.4555
10|03|0|315|2.9|22.6|315|13.5|82.7|0.00|0.00|43.4268|26.3746
10|05|0|225|4.4|22.6|315|12.2|82.6|0.00|0.00|43.4262|24.4555
10|06|0|135|1.5|22.6|315|12.3|82.7|0.00|0.00|43.4242|24.4555
10|07|0|180|3.2|22.6|315|12.4|82.6|0.00|0.00|43.4238|24.4555
10|08|0|180|4.4|22.6|315|12.5|82.6|0.00|0.00|43.4213|24.4555
10|09|0|180|4.4|22.6|315|12.1|82.7|0.00|0.00|43.4249|24.4555
10|10|0|180|4.8|22.6|315|11.7|82.7|0.00|0.00|43.4226|22.389
10|11|0|338|4.8|22.6|315|12.3|82.7|0.00|0.00|43.435|24.4555
10|12|0|270|4.8|22.6|315|12.0|82.6|0.00|0.00|43.4248|24.4555
10|13|0|315|1.6|22.6|315|11.9|82.7|0.00|0.00|43.424|22.389
10|14|0|270|5.8|22.6|315|11.5|82.7|0.00|0.00|43.4247|22.389
10|16|0|270|4.4|22.6|315|11.0|82.7|0.00|0.00|43.4254|22.389
10|17|0|135|4.4|22.6|315|11.4|82.9|0.00|0.00|43.4239|22.389
10|18|0|315|1.5|22.6|315|11.5|83.0|0.00|0.00|43.4242|23.1546
10|19|0|270|4.4|22.6|315|12.2|83.0|0.00|0.00|43.4213|25.2286
10|20|0|315|0.0|22.6|315|12.6|83.1|0.00|0.00|43.4213|25.2286
10|21|0|225|2.9|22.6|315|13.6|83.2|0.00|0.00|43.422|27.1548
10|22|0|270|4.4|22.6|315|10.8|83.2|0.00|0.00|43.4208|20.906
10|23|0|315|2.9|22.6|315|12.0|83.3|0.00|0.00|43.4226|25.2286
10|24|0|315|4.4|22.6|315|12.0|83.2|0.00|0.00|43.4228|25.2286
10|25|0|315|4.8|22.6|315|12.7|83.2|0.00|0.00|43.4233|25.2286
10|26|0|225|4.4|22.6|315|13.5|83.2|0.00|0.00|43.423|27.1548
10|27|0|270|2.9|22.6|315|12.6|83.2|0.00|0.00|43.4229|25.2286
10|28|0|270|7.3|22.6|315|12.2|83.1|0.00|0.00|43.4212|25.2286
10|30|0|270|3.2|22.6|315|11.3|83.0|0.00|0.00|43.4228|23.1546
10|31|0|315|3.2|22.6|315|11.5|82.9|0.00|0.00|43.4215|22.389
10|32|0|315|1.6|22.6|315|12.7|83.0|0.00|0.00|43.4239|25.2286
10|33|0|270|4.4|22.6|315|12.3|82.7|0.00|0.00|43.4237|24.4555
10|34|0|270|4.4|22.6|315|12.1|82.7|0.00|0.00|43.423|24.4555
10|35|0|203|2.9|22.6|315|11.9|82.9|0.00|0.00|43.424|22.389
10|36|0|45|5.8|22.6|315|11.5|82.9|0.00|0.00|43.4197|22.389
10|37|0|180|4.8|22.6|315|12.4|83.0|0.00|0.00|43.4217|25.2286
10|38|0|203|2.9|22.6|315|12.3|83.1|0.00|0.00|43.4217|25.2286
10|39|0|270|4.8|22.6|315|11.8|83.3|0.00|0.00|43.4206|23.1546
10|40|0|338|4.4|22.6|315|11.4|83.3|0.00|0.00|43.4224|23.1546
10|41|0|270|2.9|22.6|315|13.6|83.4|0.00|0.00|43.4243|27.1548
10|42|0|270|5.8|22.6|315|11.8|83.0|0.00|0.00|43.423|23.1546
10|44|0|270|1.5|22.6|315|11.3|83.1|0.00|0.00|43.4264|23.1546
10|45|0|225|1.6|22.6|315|11.6|83.3|0.00|0.00|43.4266|23.1546
10|46|0|270|2.9|22.6|315|12.0|83.3|0.00|0.00|43.4246|25.2286
10|47|0|180|2.9|22.6|315|12.1|83.4|0.01|0.01|43.4284|25.2286
10|48|0|135|1.5|22.6|315|12.2|83.6|0.01|0.01|43.4278|25.2286
10|49|0|270|1.5|22.6|315|12.3|83.9|0.01|0.01|43.4288|25.2286
10|50|0|315|2.9|22.6|315|11.7|84.1|0.01|0.01|43.4281|23.9197
10|51|0|315|3.2|22.6|315|11.8|84.2|0.01|0.01|43.4291|23.9197
10|52|0|0|2.9|22.6|315|11.6|84.4|0.01|0.01|43.4256|23.9197
10|53|0|225|2.9|22.6|315|10.8|84.3|0.01|0.01|43.4279|21.6629
10|54|0|180|2.9|22.6|315|11.1|84.2|0.01|0.01|43.4274|23.9197
10|55|0|0|2.9|22.6|315|10.5|84.1|0.01|0.01|43.4229|21.6629
10|57|0|135|2.9|22.6|315|11.7|84.2|0.01|0.01|43.4217|23.9197
10|58|0|135|1.5|22.6|315|11.1|84.2|0.01|0.01|43.4231|23.9197
10|59|0|135|1.5|22.6|315|10.9|84.2|0.01|0.01|43.4221|21.6629
11|00|0|135|1.6|22.6|315|11.0|84.2|0.01|0.01|43.4215|23.9197
11|02|0|315|2.9|22.6|315|11.5|84.3|0.01|0.01|43.4214|23.9197
11|03|0|270|2.9|22.6|315|10.9|84.4|0.01|0.01|43.42|21.6629
11|04|0|270|2.9|22.6|315|10.6|84.4|0.01|0.01|43.4229|21.6629
11|05|0|225|2.9|22.6|315|11.0|84.1|0.01|0.01|43.4249|23.9197
11|06|0|315|4.4|22.6|315|11.4|84.1|0.01|0.01|43.4254|23.9197
11|07|0|315|2.9|22.6|315|10.9|84.0|0.01|0.01|43.4263|21.6629
11|12|0|135|1.5|22.6|315|12.0|84.3|0.01|0.01|43.4267|26.0014
11|13|0|68|1.5|22.6|315|10.7|84.5|0.01|0.01|43.4255|21.6629
11|14|0|135|4.8|22.6|315|10.4|84.8|0.01|0.01|43.4232|21.6629
11|15|0|0|1.5|22.6|315|11.5|84.8|0.01|0.01|43.4263|23.9197
11|16|0|225|2.9|22.6|315|12.1|85.0|0.01|0.01|43.4281|26.7738
11|17|0|315|4.8|22.6|315|11.5|85.1|0.01|0.01|43.4264|24.6844
11|18|0|315|1.6|22.6|315|10.4|85.2|0.01|0.01|43.4266|22.4195
11|20|0|270|2.9|22.6|315|11.6|85.4|0.01|0.01|43.4275|24.6844
11|21|0|225|2.9|22.6|315|11.5|85.7|0.01|0.01|43.4256|24.6844
11|22|0|225|1.5|22.6|315|11.7|85.8|0.01|0.01|43.4249|24.6844
11|23|0|315|2.9|22.6|315|10.6|86.0|0.01|0.01|43.4249|23.1756
11|24|0|180|2.9|22.6|315|10.9|86.1|0.01|0.01|43.4236|23.1756
11|26|0|0|2.9|22.6|315|10.9|86.2|0.01|0.01|43.4245|23.1756
11|27|0|248|2.9|22.6|315|11.0|86.3|0.01|0.01|43.4231|25.4488
11|28|0|270|2.9|22.6|315|11.9|86.5|0.01|0.01|43.4228|25.4488
11|29|0|315|1.5|22.6|315|11.8|86.7|0.01|0.01|43.4229|25.4488
11|31|0|225|1.5|22.6|315|12.1|87.0|0.01|0.01|43.4228|28.3173
11|32|0|23|2.9|22.6|315|10.8|87.1|0.01|0.01|43.4192|23.9313
11|33|0|0|5.8|22.6|315|12.3|87.1|0.01|0.01|43.4233|28.3173
11|34|0|0|1.6|22.6|315|12.8|87.1|0.01|0.01|43.4224|28.3173
11|35|0|315|0.0|22.6|315|11.4|87.2|0.01|0.01|43.4211|26.2127
11|36|0|315|8.7|22.6|315|11.7|86.9|0.01|0.01|43.4183|25.4488
11|37|0|0|2.9|22.6|315|12.4|86.3|0.01|0.01|43.4231|27.5457
11|38|0|270|5.8|22.6|315|12.6|85.9|0.01|0.01|43.4205|26.7738
11|40|0|270|1.5|22.6|315|11.6|85.8|0.01|0.01|43.4217|24.6844
11|41|0|315|1.6|22.6|315|10.9|85.8|0.01|0.01|43.4199|22.4195
11|42|0|0|4.8|22.6|315|11.8|85.7|0.01|0.01|43.4198|24.6844
11|44|0|315|8.1|22.6|315|13.3|85.4|0.01|0.01|43.423|28.7142
11|45|0|315|7.3|22.6|315|12.9|85.2|0.01|0.01|43.4233|26.7738
11|46|0|270|2.9|22.6|315|13.3|84.9|0.00|0.01|43.4253|27.9347
11|47|0|315|1.5|22.6|315|11.4|84.8|0.00|0.01|43.4249|23.9197
11|48|0|225|1.6|22.6|315|10.9|84.5|0.00|0.01|43.4229|21.6629
11|50|0|0|1.5|22.6|315|13.0|84.7|0.00|0.01|43.4219|27.9347
11|51|0|0|2.9|22.6|315|14.4|84.7|0.00|0.01|43.421|29.7406
11|52|0|0|4.4|22.6|315|12.4|84.5|0.00|0.01|43.4222|26.0014
11|53|0|0|2.9|22.6|315|11.9|84.5|0.00|0.01|43.422|23.9197
11|54|0|0|3.2|22.6|315|12.3|84.7|0.00|0.01|43.4219|26.0014
11|55|0|315|5.8|22.6|315|12.0|84.4|0.00|0.01|43.4364|26.0014
11|56|0|315|3.2|22.6|315|11.1|84.0|0.00|0.01|43.4336|23.9197
11|57|0|0|2.9|22.6|315|13.2|83.8|0.00|0.01|43.4333|27.1548
11|58|0|0|4.4|22.6|315|12.2|83.4|0.00|0.01|43.4318|25.2286
11|59|0|0|2.9|22.6|315|12.7|83.3|0.00|0.01|43.4206|25.2286
12|00|0|0|4.8|22.6|315|13.0|83.4|0.00|0.01|43.4213|27.1548
12|01|0|0|6.4|22.6|315|14.7|83.5|0.00|0.01|43.4216|28.9541
12|02|0|315|4.4|22.6|315|16.5|83.3|0.00|0.01|43.422|32.2349
12|03|0|0|2.9|22.6|315|14.8|83.4|0.00|0.01|43.4196|28.9541
12|05|0|0|4.4|22.6|315|16.0|83.5|0.00|0.01|43.4197|32.2349
12|06|0|315|4.8|22.6|315|15.8|83.6|0.00|0.01|43.4191|30.6429
12|07|0|270|4.4|22.6|315|13.4|83.5|0.00|0.01|43.4179|27.1548
12|08|0|338|4.8|22.6|315|15.4|83.5|0.00|0.01|43.4187|30.6429
12|09|0|315|7.3|22.6|315|12.5|83.3|0.00|0.01|43.4155|25.2286
12|10|0|270|1.5|22.6|315|11.8|83.3|0.00|0.01|43.4196|23.1546
12|11|0|180|2.9|22.6|315|12.1|83.2|0.00|0.01|43.4301|25.2286
12|12|0|180|2.9|22.6|315|11.9|83.1|0.00|0.01|43.4214|23.1546
12|13|0|45|1.5|22.6|315|11.3|83.4|0.00|0.01|43.4159|23.1546
12|14|0|225|0.0|22.6|315|11.2|83.6|0.00|0.01|43.4164|23.1546
12|15|0|90|1.5|22.6|315|10.7|84.0|0.00|0.01|43.4174|21.6629
12|17|0|135|3.2|22.6|315|11.5|84.7|0.00|0.01|43.4141|23.9197
12|18|0|225|4.4|22.6|315|13.2|85.0|0.00|0.01|43.4142|28.7142
12|19|0|45|3.2|22.6|315|12.2|85.2|0.00|0.01|43.4139|26.7738
12|21|0|0|2.9|22.6|315|11.3|85.3|0.00|0.01|43.4142|24.6844
12|22|0|315|2.9|22.6|315|11.1|85.6|0.00|0.01|43.4172|24.6844
12|23|0|180|0.0|22.6|315|11.5|85.7|0.00|0.01|43.4254|24.6844
12|24|0|270|1.5|22.6|315|12.9|85.4|0.00|0.01|43.4256|26.7738
12|25|0|338|4.8|22.6|315|14.5|85.3|0.00|0.01|43.4268|30.5267
12|26|0|315|2.9|22.6|315|14.8|84.9|0.00|0.01|43.4274|29.7406
12|27|0|0|2.9|22.6|315|15.7|84.8|0.00|0.01|43.4239|31.4357
12|28|0|0|4.4|22.6|315|16.3|84.7|0.00|0.01|43.4117|33.0337
12|29|0|315|11.6|22.6|315|14.2|84.0|0.00|0.01|43.4079|29.7406
12|30|0|270|13.1|22.6|315|16.2|83.4|0.00|0.01|43.408|32.2349
12|31|0|315|2.9|22.6|315|13.2|83.3|0.00|0.01|43.4141|27.1548
12|32|0|270|1.5|22.6|315|12.4|83.4|0.00|0.01|43.4133|25.2286
12|35|0|135|1.6|22.6|315|11.5|83.9|0.00|0.01|43.416|23.1546
12|36|0|135|4.4|22.6|315|11.8|84.1|0.00|0.01|43.4144|23.9197
12|37|0|135|2.9|22.6|315|12.2|84.5|0.00|0.01|43.4194|26.0014
12|38|0|270|10.2|22.6|315|11.3|84.8|0.00|0.01|43.4142|23.9197
12|39|0|315|3.2|22.6|315|11.3|85.1|0.00|0.01|43.4129|24.6844
12|40|0|315|1.6|22.6|315|11.8|85.6|0.00|0.01|43.4128|24.6844
12|41|0|158|4.4|22.6|315|12.6|86.0|0.00|0.01|43.4164|27.5457
12|42|0|270|2.9|22.6|315|11.2|86.5|0.00|0.01|43.4157|25.4488
12|43|0|248|1.6|22.6|315|11.1|86.9|0.00|0.01|43.4149|25.4488
12|44|0|270|4.4|22.6|315|10.0|87.4|0.00|0.01|43.4127|23.9313
12|45|0|45|0.0|22.6|315|9.9|87.7|0.00|0.01|43.4133|21.4378
12|47|0|179|4.4|22.6|315|11.9|88.3|0.00|0.01|43.417|26.9762
12|49|0|315|4.4|22.6|315|11.4|88.0|0.00|0.01|43.418|26.9762
12|50|0|270|8.7|22.6|315|13.5|87.6|0.00|0.01|43.4144|30.272
12|51|0|270|8.7|22.6|315|11.7|86.8|0.00|0.01|43.4135|25.4488
12|52|0|315|5.8|22.6|315|11.7|86.6|0.00|0.01|43.4156|25.4488
12|53|0|315|2.9|22.6|315|10.6|86.5|0.00|0.01|43.417|23.1756
12|54|0|135|4.8|22.6|315|10.6|86.2|0.00|0.01|43.416|23.1756
12|55|0|68|5.8|22.6|315|10.5|85.9|0.00|0.01|43.4105|22.4195
12|56|0|315|5.8|22.6|315|13.9|85.8|0.00|0.01|43.4083|28.7142
12|57|0|315|4.8|22.6|315|15.9|85.6|0.00|0.01|43.4185|32.2282
12|58|0|315|4.4|22.6|315|12.8|85.2|0.00|0.01|43.404|26.7738
12|59|0|0|4.4|22.6|315|14.7|85.0|0.00|0.01|43.4158|30.5267
13|00|0|270|5.8|22.6|315|12.8|84.7|0.00|0.01|43.4163|26.0014
13|01|0|315|5.8|22.6|315|12.6|84.5|0.00|0.01|43.4179|26.0014
13|03|0|315|11.3|22.6|315|15.7|84.0|0.00|0.01|43.4194|31.4357
13|04|0|338|7.3|22.6|315|15.5|83.3|0.00|0.01|43.4158|30.6429
13|05|0|270|8.0|22.6|315|14.1|82.9|0.00|0.01|43.4188|28.1672
13|06|0|270|1.5|22.6|315|13.8|82.5|0.00|0.01|43.4076|26.3746
13|07|0|270|3.2|22.6|315|12.9|82.6|0.00|0.01|43.4063|24.4555
13|08|0|270|2.9|22.6|315|14.6|82.9|0.00|0.01|43.4063|28.1672
13|09|0|270|1.5|22.6|315|13.2|83.1|0.00|0.01|43.4057|27.1548
13|10|0|270|2.9|22.6|315|12.8|83.4|0.00|0.01|43.4061|25.2286
13|11|0|315|1.6|22.6|315|12.3|83.9|0.00|0.01|43.4081|25.2286
13|12|0|315|2.9|22.6|315|12.8|84.2|0.00|0.01|43.4084|26.0014
13|14|0|315|12.9|22.6|315|13.1|84.1|0.00|0.01|43.4015|27.9347
13|15|0|270|2.9|22.6|315|13.6|84.3|0.00|0.01|43.4056|27.9347
13|16|0|270|8.7|22.6|315|11.7|84.4|0.00|0.01|43.4038|23.9197
13|18|0|270|7.3|22.6|315|13.4|84.4|0.00|0.01|43.4023|27.9347
13|19|0|315|13.1|22.6|315|13.3|84.3|0.00|0.01|43.3965|27.9347
13|20|0|225|16.0|22.6|315|12.6|84.1|0.00|0.01|43.3996|26.0014
13|21|0|0|5.8|22.6|315|14.3|84.3|0.00|0.01|43.4004|29.7406
13|22|0|315|8.7|22.6|315|14.4|84.4|0.00|0.01|43.4008|29.7406
13|23|0|315|4.4|22.6|315|13.3|84.5|0.00|0.01|43.4013|27.9347
13|24|0|270|11.6|22.6|315|12.3|84.7|0.00|0.01|43.3979|26.0014
13|25|0|270|5.8|22.6|315|12.6|84.7|0.00|0.01|43.4112|26.0014
13|26|0|315|8.7|22.6|315|13.3|84.3|0.00|0.01|43.416|27.9347
13|27|0|315|1.5|22.6|315|11.2|84.4|0.00|0.01|43.399|23.9197
13|28|0|315|2.9|22.6|315|10.8|84.5|0.00|0.01|43.4005|21.6629
13|29|0|270|4.4|22.6|315|12.8|84.7|0.00|0.01|43.3977|26.0014
13|31|0|315|2.9|22.6|315|12.7|84.8|0.00|0.01|43.4008|26.0014
13|32|0|315|8.7|22.6|315|12.9|84.9|0.00|0.01|43.4006|26.0014
13|33|0|315|4.8|22.6|315|13.9|84.9|0.00|0.01|43.4009|27.9347
13|34|0|270|6.4|22.6|315|11.6|84.9|0.00|0.01|43.4013|23.9197
13|35|0|270|7.3|22.6|315|13.5|85.1|0.00|0.01|43.402|28.7142
13|36|0|270|5.8|22.6|315|12.2|85.0|0.00|0.01|43.4147|26.7738
13|37|0|225|4.4|22.6|315|10.7|84.7|0.00|0.01|43.4145|21.6629
13|38|0|270|5.8|22.6|315|10.8|84.2|0.00|0.01|43.4194|21.6629
13|39|0|270|9.7|22.6|315|10.9|83.6|0.00|0.01|43.4064|20.906
13|41|0|0|11.6|22.6|315|11.7|83.5|0.00|0.01|43.4021|23.1546
13|42|0|315|9.7|22.6|315|11.8|83.4|0.00|0.01|43.4044|23.1546
13|43|0|315|8.7|22.6|315|12.6|83.1|0.00|0.01|43.4027|25.2286
13|44|0|315|12.9|22.6|315|12.2|82.9|0.00|0.01|43.3981|24.4555
13|45|0|270|5.8|22.6|315|11.7|82.9|0.00|0.01|43.4012|22.389
13|46|0|0|7.3|22.6|315|12.5|83.0|0.00|0.01|43.4|25.2286
13|48|0|225|6.4|22.6|315|12.0|83.2|0.00|0.01|43.3988|25.2286
13|49|0|270|8.0|22.6|315|12.2|83.3|0.00|0.01|43.3969|25.2286
13|50|0|315|11.6|22.6|315|12.5|83.6|0.00|0.01|43.4004|25.2286
13|51|0|225|6.4|22.6|315|12.3|83.8|0.00|0.01|43.405|25.2286
13|52|0|270|2.9|22.6|315|12.2|84.2|0.00|0.01|43.408|26.0014
13|53|0|225|4.4|22.6|315|10.8|84.7|0.00|0.01|43.4065|21.6629
13|54|0|315|11.3|29.1|315|10.7|85.0|0.00|0.01|43.4014|22.4195
13|56|0|315|3.2|29.1|315|12.9|85.1|0.00|0.01|43.4065|26.7738
13|57|0|315|5.8|29.1|315|11.5|85.3|0.00|0.01|43.4045|24.6844
13|59|0|270|13.1|29.1|315|13.1|85.3|0.00|0.01|43.403|28.7142
14|00|0|315|6.4|29.1|315|11.4|85.4|0.00|0.01|43.4047|24.6844
14|01|0|270|10.2|29.1|315|12.4|85.2|0.00|0.01|43.4053|26.7738
14|02|0|338|8.7|29.1|315|11.0|84.9|0.00|0.01|43.4015|23.9197
14|03|0|315|11.3|29.1|315|12.2|84.8|0.00|0.01|43.3984|26.0014
14|04|0|315|9.7|29.1|315|16.1|84.9|0.00|0.01|43.3977|33.0337
14|05|0|270|9.7|29.1|315|11.9|85.0|0.00|0.01|43.3959|24.6844
14|06|0|270|11.6|29.1|315|12.0|84.8|0.00|0.01|43.4011|26.0014
14|07|0|270|12.9|29.1|315|11.2|84.8|0.00|0.01|43.4016|23.9197
14|08|0|225|4.4|29.1|315|10.6|85.0|0.00|0.01|43.4041|22.4195
14|09|0|315|5.8|29.1|315|9.9|85.2|0.00|0.01|43.4029|19.9439
14|11|0|270|2.9|29.1|315|9.8|85.4|0.00|0.01|43.4052|19.9439
14|12|0|270|5.8|29.1|315|10.1|85.6|0.00|0.01|43.4008|22.4195
14|13|0|315|14.5|29.1|315|10.8|85.6|0.00|0.01|43.4004|22.4195
14|14|0|270|4.8|29.1|315|10.4|85.4|0.00|0.01|43.4037|22.4195
14|15|0|270|5.8|29.1|315|10.1|85.4|0.00|0.01|43.4005|22.4195
14|16|0|0|3.2|29.1|315|10.0|85.4|0.00|0.01|43.4004|22.4195
14|18|0|315|7.3|29.1|315|12.2|85.4|0.00|0.01|43.4004|26.7738
14|19|0|315|11.6|29.1|315|12.3|85.2|0.00|0.01|43.4002|26.7738
14|20|0|225|5.8|29.1|315|11.6|85.2|0.00|0.01|43.4037|24.6844
14|21|0|315|10.2|29.1|315|11.9|85.1|0.00|0.01|43.4014|24.6844
14|22|0|315|10.2|29.1|315|12.9|85.1|0.00|0.01|43.4001|26.7738
14|23|0|0|8.7|29.1|315|13.1|85.0|0.00|0.01|43.3993|28.7142
14|24|0|315|4.4|29.1|315|13.8|85.0|0.00|0.01|43.4021|28.7142
14|25|0|315|12.9|29.1|315|13.7|84.9|0.00|0.01|43.3982|27.9347
14|27|0|315|13.1|29.1|315|13.7|84.9|0.00|0.01|43.3979|27.9347
14|28|0|0|7.3|29.1|315|14.7|84.9|0.00|0.01|43.3993|29.7406
14|30|0|315|16.0|29.1|315|13.9|85.0|0.00|0.01|43.3933|28.7142
14|31|0|315|13.1|29.1|315|11.9|84.8|0.00|0.01|43.4058|23.9197
14|32|0|0|8.7|29.1|315|13.2|85.0|0.00|0.01|43.4083|28.7142
14|34|0|0|4.4|29.1|315|11.3|85.2|0.00|0.01|43.41|24.6844
14|36|0|270|8.7|29.1|315|10.2|85.8|0.00|0.01|43.4129|22.4195
14|37|0|270|4.4|29.1|315|9.8|85.9|0.00|0.01|43.4129|19.9439
14|38|0|315|7.3|29.1|315|9.9|86.1|0.00|0.01|43.4158|20.6911
14|39|0|315|12.9|29.1|315|10.5|85.9|0.00|0.01|43.4052|22.4195
14|42|0|315|11.6|29.1|315|10.9|85.8|0.00|0.01|43.4136|22.4195
14|43|0|270|4.4|29.1|315|10.9|85.6|0.00|0.01|43.4154|22.4195
14|45|0|225|2.9|29.1|315|10.7|85.8|0.00|0.01|43.4149|22.4195
14|46|0|315|2.9|29.1|315|10.5|86.0|0.00|0.01|43.4145|23.1756
14|47|0|0|2.9|29.1|315|10.2|86.3|0.00|0.01|43.4197|23.1756
14|48|0|315|11.6|29.1|315|12.8|86.5|0.00|0.01|43.4144|27.5457
14|49|0|315|16.0|29.1|315|13.1|86.2|0.00|0.01|43.4122|29.4933
14|50|0|315|16.0|29.1|315|10.4|85.7|0.00|0.01|43.4111|22.4195
14|51|0|315|13.1|29.1|315|10.7|85.1|0.00|0.01|43.4139|22.4195
14|52|0|315|11.6|29.1|315|10.6|85.1|0.00|0.01|43.4145|22.4195
14|54|0|338|5.8|29.1|315|10.3|85.2|0.00|0.01|43.4165|22.4195
14|56|0|270|10.2|29.1|315|11.7|85.2|0.00|0.01|43.4187|24.6844
14|57|0|315|5.8|29.1|315|11.5|85.2|0.00|0.01|43.4215|24.6844
14|58|0|270|4.4|29.1|315|10.6|85.2|0.00|0.01|43.4211|22.4195
14|59|0|315|12.9|29.1|315|10.6|85.1|0.00|0.01|43.4203|22.4195
15|00|0|270|8.1|29.1|315|10.5|84.8|0.00|0.01|43.4212|21.6629
15|01|0|0|13.1|29.1|315|11.1|84.4|0.00|0.01|43.4188|23.9197
15|02|0|270|14.5|29.1|315|11.9|84.4|0.00|0.01|43.4198|23.9197
15|04|0|315|7.3|29.1|315|10.2|84.7|0.00|0.01|43.423|21.6629
15|05|0|315|7.3|29.1|315|10.4|84.8|0.00|0.01|43.4199|21.6629
15|06|0|315|16.1|29.1|315|11.1|84.5|0.00|0.01|43.4155|23.9197
15|07|0|315|17.4|29.1|315|12.1|84.5|0.00|0.01|43.4135|26.0014
15|08|0|315|7.3|29.1|315|10.7|84.3|0.00|0.01|43.4222|21.6629
15|10|0|315|7.3|29.1|315|10.7|84.3|0.00|0.01|43.4223|21.6629
15|11|0|315|8.7|29.1|315|11.2|84.3|0.00|0.01|43.4208|23.9197
15|12|0|315|2.9|29.1|315|12.9|84.5|0.00|0.01|43.4256|26.0014
15|13|0|315|14.5|29.1|315|11.1|84.7|0.00|0.01|43.4219|23.9197
15|14|0|270|21.8|29.1|315|10.9|84.5|0.00|0.01|43.4269|21.6629
15|16|0|0|5.8|29.1|315|13.7|84.7|0.00|0.01|43.4177|27.9347
15|17|0|315|8.7|29.1|315|14.1|84.7|0.00|0.01|43.4203|29.7406
15|18|0|0|9.7|29.1|315|12.0|84.5|0.00|0.01|43.4203|26.0014
15|19|0|315|14.5|29.1|315|12.6|84.5|0.00|0.01|43.4142|26.0014
15|20|0|315|17.5|29.1|315|11.9|84.3|0.00|0.01|43.4159|23.9197
15|22|0|315|9.7|29.1|315|12.7|84.1|0.00|0.01|43.4166|26.0014
15|23|0|315|10.2|29.1|315|12.6|84.1|0.00|0.01|43.4198|26.0014
15|24|0|270|8.7|29.1|315|11.8|84.1|0.00|0.01|43.4201|23.9197
15|25|0|315|5.8|29.1|315|11.8|84.2|0.00|0.01|43.4248|23.9197
15|26|0|315|8.7|29.1|315|10.7|84.3|0.00|0.01|43.422|21.6629
15|27|0|225|17.5|29.1|315|10.4|84.2|0.00|0.01|43.4194|21.6629
15|28|0|315|9.7|29.1|315|10.2|84.1|0.00|0.01|43.4221|21.6629
15|29|0|248|7.3|29.1|315|11.0|84.2|0.00|0.01|43.4268|23.9197
15|30|0|315|8.0|29.1|315|10.5|84.2|0.00|0.01|43.4266|21.6629
15|31|0|338|4.4|29.1|315|10.8|84.3|0.00|0.01|43.4263|21.6629
15|32|0|315|10.2|29.1|315|10.8|84.7|0.00|0.01|43.4287|21.6629
15|34|0|315|5.8|29.1|315|10.7|84.8|0.00|0.01|43.4271|21.6629
15|35|0|0|8.1|29.1|315|10.2|84.9|0.00|0.01|43.4245|21.6629
15|36|0|315|4.4|29.1|315|9.4|85.1|0.00|0.01|43.4269|19.9439
15|37|0|180|4.4|29.1|315|9.6|85.3|0.00|0.01|43.4276|19.9439
15|38|0|225|8.7|29.1|315|10.1|85.7|0.00|0.01|43.4312|22.4195
15|39|0|315|4.8|29.1|315|10.4|85.9|0.00|0.01|43.4279|22.4195
15|40|0|315|8.7|29.1|315|10.2|86.1|0.00|0.01|43.4279|23.1756
15|41|0|225|4.4|29.1|315|10.5|86.2|0.00|0.01|43.4301|23.1756
15|42|0|225|1.5|29.1|315|9.9|86.5|0.00|0.01|43.4342|20.6911
15|43|0|270|17.5|29.1|315|11.2|86.6|0.00|0.01|43.4284|25.4488
15|44|0|315|3.2|29.1|315|10.2|86.7|0.00|0.01|43.434|23.1756
15|47|0|315|4.4|29.1|315|9.4|86.8|0.00|0.01|43.432|20.6911
15|49|0|315|11.6|29.1|315|9.1|86.8|0.00|0.01|43.4278|20.6911
15|50|0|45|1.5|29.1|315|10.4|87.0|0.00|0.01|43.4307|23.9313
15|51|0|135|4.4|29.1|315|9.7|87.1|0.00|0.01|43.4295|21.4378
15|52|0|135|4.4|29.1|315|9.9|87.2|0.00|0.01|43.4279|21.4378
15|53|0|0|5.8|29.1|315|10.2|87.4|0.00|0.01|43.4282|23.9313
15|54|0|315|8.7|29.1|315|13.2|87.5|0.00|0.01|43.4278|30.272
15|55|0|315|11.6|29.1|315|12.2|87.1|0.00|0.01|43.4308|28.3173
15|56|0|315|5.8|29.1|315|11.0|86.8|0.00|0.01|43.4331|25.4488
15|57|0|315|14.5|29.1|315|10.8|86.8|0.00|0.01|43.4289|23.1756
15|58|0|315|8.7|29.1|315|11.2|86.5|0.00|0.01|43.4328|25.4488
15|59|0|0|8.7|29.1|315|11.3|86.1|0.00|0.01|43.4244|25.4488
16|00|0|315|7.3|29.1|315|10.0|86.0|0.00|0.01|43.4263|23.1756
16|01|0|315|5.8|29.1|315|11.4|86.0|0.00|0.01|43.4272|25.4488
16|02|0|270|10.2|29.1|315|12.3|86.0|0.00|0.01|43.4289|27.5457
16|03|0|315|16.1|29.1|315|13.5|85.9|0.00|0.01|43.4264|28.7142
16|05|0|315|13.1|29.1|315|12.2|85.8|0.00|0.01|43.4272|26.7738
16|06|0|315|7.3|29.1|315|11.0|85.6|0.00|0.01|43.4274|24.6844
16|07|0|0|9.7|29.1|315|14.6|85.7|0.00|0.01|43.4266|30.5267
16|08|0|315|13.1|29.1|315|14.5|85.6|0.00|0.01|43.4279|30.5267
16|09|0|0|9.7|29.1|315|12.8|85.4|0.00|0.01|43.4289|26.7738
16|10|0|315|5.8|29.1|315|13.2|85.4|0.00|0.01|43.4317|28.7142
16|11|0|315|12.9|29.1|315|12.2|85.3|0.00|0.01|43.4282|26.7738
16|12|0|315|17.5|29.1|315|11.3|84.9|0.00|0.01|43.4239|23.9197
16|13|0|315|8.1|29.1|315|12.2|84.8|0.00|0.01|43.4292|26.0014
16|14|0|270|6.4|29.1|315|12.6|84.8|0.00|0.01|43.4381|26.0014
16|15|0|270|4.8|29.1|315|11.2|84.9|0.00|0.01|43.4335|23.9197
16|16|0|225|4.4|29.1|315|10.2|85.1|0.00|0.01|43.4334|22.4195
16|18|0|248|5.8|29.1|315|9.9|85.7|0.00|0.01|43.4332|19.9439
16|20|0|270|6.4|29.1|315|9.8|86.0|0.00|0.01|43.4321|20.6911
16|21|0|270|11.3|29.1|315|10.1|86.2|0.00|0.01|43.435|23.1756
16|22|0|315|9.7|29.1|315|12.0|86.3|0.00|0.01|43.4341|27.5457
16|23|0|315|7.3|29.1|315|12.3|86.3|0.00|0.01|43.4349|27.5457
16|24|0|315|8.1|29.1|315|12.6|86.2|0.00|0.01|43.4335|27.5457
16|25|0|315|8.7|29.1|315|12.2|86.1|0.00|0.01|43.4365|27.5457
16|26|0|270|10.2|29.1|315|10.0|85.9|0.00|0.01|43.4334|22.4195
16|27|0|0|4.8|29.1|315|10.5|85.9|0.00|0.01|43.4359|22.4195
16|28|0|338|13.1|29.1|315|10.4|85.9|0.00|0.01|43.4346|22.4195
16|29|0|225|12.9|29.1|315|10.6|85.6|0.00|0.01|43.4293|22.4195
16|30|0|315|3.2|29.1|315|10.0|85.7|0.00|0.01|43.4358|22.4195
16|31|0|315|8.7|29.1|315|11.1|85.8|0.00|0.01|43.4364|24.6844
16|32|0|270|14.5|29.1|315|10.7|85.4|0.00|0.01|43.4369|22.4195
16|34|0|270|11.3|29.1|315|10.1|85.4|0.00|0.01|43.438|22.4195
16|35|0|315|2.9|29.1|315|10.6|85.7|0.00|0.01|43.4411|22.4195
16|37|0|203|5.8|29.1|315|9.6|86.0|0.00|0.01|43.4411|20.6911
16|38|0|270|9.7|29.1|315|9.0|86.1|0.00|0.01|43.4413|20.6911
16|39|0|315|7.3|29.1|315|10.2|86.1|0.00|0.01|43.4398|23.1756
16|40|0|315|12.9|29.1|315|10.1|85.8|0.00|0.01|43.4351|22.4195
16|42|0|270|4.8|29.1|315|10.9|85.4|0.00|0.01|43.4411|22.4195
16|44|0|315|5.8|29.1|315|12.1|85.6|0.00|0.01|43.4393|26.7738
16|45|0|270|27.4|29.1|315|10.7|85.4|0.00|0.01|43.4431|22.4195
16|48|0|270|8.0|29.1|315|10.0|85.0|0.00|0.01|43.4414|22.4195
16|49|0|315|17.5|29.1|315|10.1|84.7|0.00|0.01|43.4441|21.6629
16|50|0|315|13.1|29.1|315|10.5|84.3|0.00|0.01|43.4415|21.6629
16|51|0|315|8.7|29.1|315|10.3|84.1|0.00|0.01|43.4497|21.6629
16|52|0|225|10.2|29.1|315|10.5|84.3|0.00|0.01|43.4499|21.6629
16|53|0|315|16.0|29.1|315|10.6|84.3|0.00|0.01|43.4464|21.6629
16|54|0|270|8.7|29.1|315|10.5|84.3|0.00|0.01|43.4522|21.6629
16|55|0|315|5.8|29.1|315|10.9|84.4|0.00|0.01|43.4534|21.6629
16|56|0|270|8.7|29.1|315|12.2|84.5|0.00|0.01|43.4535|26.0014
16|57|0|315|6.4|29.1|315|11.2|84.5|0.00|0.01|43.453|23.9197
16|59|0|270|6.5|29.1|315|10.0|84.7|0.00|0.01|43.4574|21.6629
17|00|0|270|5.8|29.1|315|10.2|84.8|0.00|0.01|43.4543|21.6629
17|01|0|315|4.4|29.1|315|9.5|84.8|0.00|0.01|43.454|19.1963
17|03|0|248|1.6|29.1|315|11.6|84.9|0.00|0.01|43.4573|23.9197
17|04|0|270|5.8|29.1|315|10.3|84.8|0.00|0.01|43.4513|21.6629
17|05|0|315|7.3|29.1|315|10.2|84.9|0.00|0.01|43.4534|21.6629
17|06|0|0|5.8|29.1|315|10.6|84.9|0.00|0.01|43.4494|21.6629
17|07|0|270|20.4|29.1|315|9.9|84.9|0.00|0.01|43.4466|19.1963
17|08|0|270|13.1|29.1|315|9.8|84.8|0.00|0.01|43.4516|19.1963
17|09|0|270|4.8|29.1|315|9.5|84.9|0.00|0.01|43.4591|19.1963
17|10|0|270|5.8|29.1|315|9.5|85.1|0.00|0.01|43.4548|19.9439
17|11|0|315|7.3|29.1|315|8.8|85.1|0.00|0.01|43.4565|17.211
17|12|0|0|7.3|29.1|315|9.0|85.3|0.00|0.01|43.4536|19.9439
17|13|0|270|7.3|29.1|315|8.8|85.6|0.00|0.01|43.4579|17.211
17|15|0|225|10.2|29.1|315|8.3|85.9|0.00|0.01|43.4578|17.211
17|17|0|315|10.2|29.1|315|8.7|85.8|0.00|0.01|43.4535|17.211
17|18|0|315|2.9|29.1|315|8.8|85.8|0.00|0.01|43.4612|17.211
17|19|0|225|6.5|29.1|315|8.4|85.7|0.00|0.01|43.4559|17.211
17|20|0|225|4.4|29.1|315|8.5|85.8|0.00|0.01|43.4564|17.211
17|21|0|338|4.4|29.1|315|8.5|85.9|0.00|0.01|43.4539|17.211
17|22|0|315|7.3|29.1|315|10.1|85.9|0.00|0.01|43.457|22.4195
17|23|0|0|5.8|29.1|315|10.2|85.8|0.00|0.01|43.4556|22.4195
17|24|0|315|10.2|29.1|315|10.8|85.8|0.00|0.01|43.4498|22.4195
17|25|0|315|10.2|29.1|315|11.1|85.7|0.00|0.01|43.453|24.6844
17|26|0|315|4.4|29.1|315|11.9|85.6|0.00|0.01|43.4532|24.6844
17|27|0|338|4.4|29.1|315|11.8|85.4|0.00|0.01|43.4507|24.6844
17|28|0|315|5.8|29.1|315|11.9|85.4|0.00|0.01|43.4568|24.6844
17|30|0|315|3.2|29.1|315|10.0|85.2|0.00|0.01|43.451|22.4195
17|31|0|270|7.3|29.1|315|10.5|85.3|0.00|0.01|43.4562|22.4195
17|33|0|270|8.1|29.1|315|12.3|85.4|0.00|0.01|43.4543|26.7738
17|34|0|225|11.6|29.1|315|10.5|85.1|0.00|0.01|43.4495|22.4195
17|35|0|225|8.7|29.1|315|9.8|85.2|0.00|0.01|43.4477|19.9439
17|36|0|270|8.7|29.1|315|10.2|85.1|0.00|0.01|43.4493|22.4195
17|37|0|315|13.1|29.1|315|9.8|84.8|0.00|0.01|43.4532|19.1963
17|38|0|315|16.0|29.1|315|10.3|84.7|0.00|0.01|43.4535|21.6629
17|39|0|270|8.7|29.1|315|10.4|84.5|0.00|0.01|43.4552|21.6629
17|41|0|179|14.5|29.1|315|10.0|84.4|0.00|0.01|43.4525|21.6629
17|42|0|315|11.6|29.1|315|9.3|84.3|0.00|0.01|43.4536|19.1963
17|43|0|315|14.5|29.1|315|9.6|84.1|0.00|0.01|43.4462|19.1963
17|44|0|315|8.7|29.1|315|9.2|83.9|0.00|0.01|43.4515|18.4483
17|46|0|315|8.7|29.1|315|10.4|83.9|0.00|0.01|43.4547|20.906
17|47|0|270|8.1|29.1|315|10.6|84.0|0.00|0.01|43.4539|21.6629
17|48|0|315|8.7|29.1|315|10.7|84.1|0.00|0.01|43.4559|21.6629
17|49|0|270|11.3|29.1|315|11.6|84.2|0.00|0.01|43.4548|23.9197
17|50|0|270|7.3|29.1|315|9.3|84.2|0.00|0.01|43.4554|19.1963
17|51|0|270|10.2|29.1|315|9.4|84.2|0.00|0.01|43.4535|19.1963
17|52|0|270|2.9|29.1|315|9.2|84.2|0.00|0.01|43.4588|19.1963
17|53|0|270|14.5|29.1|315|9.3|84.1|0.00|0.01|43.4536|19.1963
17|55|0|270|5.8|29.1|315|9.9|84.1|0.00|0.01|43.4574|19.1963
17|56|0|315|11.6|29.1|315|9.0|84.0|0.00|0.01|43.4569|19.1963
17|57|0|315|12.9|29.1|315|9.0|83.6|0.00|0.01|43.4535|18.4483
17|58|0|315|7.3|29.1|315|9.2|83.6|0.00|0.01|43.4539|18.4483
17|59|0|0|5.8|29.1|315|10.3|83.6|0.00|0.01|43.4569|20.906
18|00|0|270|17.7|29.1|315|9.2|83.5|0.00|0.01|43.4532|18.4483
18|01|0|315|9.7|29.1|315|9.3|83.6|0.00|0.01|43.4566|18.4483
18|02|0|270|8.1|29.1|315|9.5|83.6|0.00|0.01|43.4568|18.4483
18|03|0|270|5.8|29.1|315|9.3|83.8|0.00|0.01|43.4587|18.4483
18|04|0|315|11.3|29.1|315|9.2|83.9|0.00|0.01|43.4575|18.4483
18|05|0|315|8.7|29.1|315|9.2|83.9|0.00|0.01|43.4562|18.4483
18|06|0|315|5.8|29.1|315|9.4|83.8|0.00|0.01|43.4597|18.4483
18|07|0|0|4.4|29.1|315|10.1|83.8|0.00|0.01|43.4603|20.906
18|09|0|0|1.6|29.1|315|9.9|83.9|0.00|0.01|43.4602|18.4483
18|10|0|225|1.5|29.1|315|9.7|84.0|0.00|0.01|43.461|19.1963
18|11|0|315|5.8|29.1|315|8.9|84.1|0.00|0.01|43.4597|16.4732
18|12|0|315|3.2|29.1|315|8.5|84.3|0.00|0.01|43.4636|16.4732
18|13|0|270|7.3|29.1|315|8.5|84.4|0.00|0.01|43.4614|16.4732
18|14|0|315|9.7|29.1|315|8.7|84.5|0.00|0.01|43.4605|16.4732
18|15|0|270|6.4|29.1|315|9.0|84.5|0.00|0.01|43.4564|19.1963
18|16|0|315|10.2|29.1|315|9.3|84.4|0.00|0.01|43.4572|19.1963
18|17|0|270|14.5|29.1|315|10.0|84.2|0.00|0.01|43.4554|21.6629
18|19|0|225|2.9|29.1|315|8.8|84.3|0.00|0.01|43.4566|16.4732
18|20|0|270|5.8|29.1|315|9.1|84.4|0.00|0.01|43.459|19.1963
18|21|0|315|7.3|29.1|315|9.3|84.4|0.00|0.01|43.4617|19.1963
18|23|0|270|3.2|29.1|315|9.9|84.4|0.00|0.01|43.4622|19.1963
18|24|0|270|5.8|29.1|315|9.8|84.4|0.00|0.01|43.461|19.1963
18|25|0|270|5.8|29.1|315|9.8|84.5|0.00|0.01|43.461|19.1963
18|26|0|270|7.3|29.1|315|10.0|84.5|0.00|0.01|43.4602|21.6629
18|27|0|338|2.9|29.1|315|9.5|84.7|0.00|0.01|43.4642|19.1963
18|29|0|315|5.8|29.1|315|8.8|84.8|0.00|0.01|43.4642|16.4732
18|30|0|0|4.8|29.1|315|9.1|84.8|0.00|0.01|43.4627|19.1963
18|31|0|315|4.4|29.1|315|9.6|84.9|0.00|0.01|43.466|19.1963
18|32|0|315|5.8|29.1|315|9.8|84.9|0.00|0.01|43.466|19.1963
18|33|0|270|4.4|29.1|315|10.3|84.9|0.00|0.01|43.4667|21.6629
18|34|0|270|2.9|29.1|315|10.7|84.9|0.00|0.01|43.4686|21.6629
18|35|0|315|3.2|29.1|315|10.1|85.0|0.00|0.01|43.4686|22.4195
18|36|0|225|4.4|29.1|315|10.2|84.9|0.00|0.01|43.4662|21.6629
18|38|0|270|3.2|29.1|315|9.8|84.8|0.00|0.01|43.467|19.1963
18|39|0|225|5.8|29.1|315|9.7|84.8|0.00|0.01|43.4691|19.1963
18|40|0|270|12.9|29.1|315|9.3|84.8|0.00|0.01|43.4657|19.1963
18|41|0|225|7.3|29.1|315|9.2|84.5|0.00|0.01|43.4675|19.1963
18|42|0|315|9.7|29.1|315|9.3|84.4|0.00|0.01|43.469|19.1963
18|43|0|315|7.3|29.1|315|9.6|84.4|0.00|0.01|43.4698|19.1963
18|44|0|225|3.2|29.1|315|10.3|84.4|0.00|0.01|43.4718|21.6629
18|45|0|315|3.2|29.1|315|10.1|84.4|0.00|0.01|43.4731|21.6629
18|46|0|315|7.3|29.1|315|9.7|84.4|0.00|0.01|43.4716|19.1963
18|47|0|315|5.8|29.1|315|9.5|84.3|0.00|0.01|43.4717|19.1963
18|48|0|315|5.8|29.1|315|9.7|84.3|0.00|0.01|43.4709|19.1963
18|49|0|315|2.9|29.1|315|10.0|84.3|0.00|0.01|43.4724|21.6629
18|50|0|270|5.8|29.1|315|10.2|84.3|0.00|0.01|43.4728|21.6629
18|51|0|315|5.8|29.1|315|9.6|84.2|0.00|0.01|43.471|19.1963
18|53|0|135|5.8|29.1|315|10.1|84.3|0.00|0.01|43.4701|21.6629
18|54|0|270|7.3|29.1|315|9.4|84.3|0.00|0.01|43.4722|19.1963
18|55|0|315|2.9|29.1|315|9.1|84.4|0.00|0.01|43.4721|19.1963
18|56|0|315|6.4|29.1|315|9.9|84.4|0.00|0.01|43.4721|19.1963
18|57|0|270|5.8|29.1|315|10.2|84.3|0.00|0.01|43.4752|21.6629
18|58|0|315|5.8|29.1|315|10.0|84.3|0.00|0.01|43.4741|21.6629
18|59|0|270|4.4|29.1|315|10.5|84.2|0.00|0.01|43.4725|21.6629
19|00|0|315|4.4|29.1|315|10.2|84.2|0.00|0.01|43.4722|21.6629
19|01|0|270|4.4|29.1|315|10.0|84.1|0.00|0.01|43.472|21.6629
19|02|0|0|3.2|29.1|315|10.0|84.0|0.00|0.01|43.4736|21.6629
19|03|0|315|4.4|29.1|315|10.1|84.0|0.00|0.01|43.4749|21.6629
19|04|0|225|4.4|29.1|315|9.9|83.9|0.00|0.01|43.474|18.4483
19|06|0|90|2.9|29.1|315|10.2|83.9|0.00|0.01|43.4771|20.906
19|08|0|270|2.9|29.1|315|10.4|84.1|0.00|0.01|43.4792|21.6629
19|09|0|270|2.9|29.1|315|10.0|84.1|0.00|0.01|43.4791|21.6629
19|10|0|225|5.8|29.1|315|9.5|84.1|0.00|0.01|43.4764|19.1963
19|12|0|270|2.9|29.1|315|9.8|84.0|0.00|0.01|43.4784|19.1963
19|13|0|0|1.6|29.1|315|9.5|84.0|0.00|0.01|43.4788|19.1963
19|15|0|270|0.0|29.1|315|10.6|84.1|0.00|0.01|43.4782|21.6629
19|17|0|270|4.8|29.1|315|10.0|84.2|0.00|0.01|43.4763|21.6629
19|18|0|270|4.4|29.1|315|9.1|84.1|0.00|0.01|43.4773|19.1963
19|20|0|315|4.4|29.1|315|9.3|84.2|0.00|0.01|43.4813|19.1963
19|21|0|90|2.9|29.1|315|9.2|84.1|0.00|0.01|43.4809|19.1963
19|22|0|270|7.3|29.1|315|9.1|84.0|0.00|0.01|43.4809|19.1963
19|23|0|315|2.9|29.1|315|9.4|84.0|0.00|0.01|43.4825|19.1963
19|24|0|270|2.9|29.1|315|9.8|84.0|0.00|0.01|43.4791|19.1963
19|25|0|270|5.8|29.1|315|9.3|83.9|0.00|0.01|43.4803|18.4483
19|26|0|270|7.3|29.1|315|9.7|83.8|0.00|0.01|43.4811|18.4483
19|27|0|270|4.4|29.1|315|9.4|83.6|0.00|0.01|43.4809|18.4483
19|28|0|225|8.1|29.1|315|9.3|83.5|0.00|0.01|43.4827|18.4483
19|29|0|315|4.8|29.1|315|9.8|83.5|0.00|0.01|43.4852|18.4483
19|30|0|315|2.9|29.1|315|9.4|83.4|0.00|0.01|43.4864|18.4483
19|31|0|225|4.4|29.1|315|9.4|83.4|0.00|0.01|43.4907|18.4483
19|32|0|315|8.1|29.1|315|10.0|83.1|0.00|0.01|43.4921|20.906
19|35|0|270|3.2|29.1|315|9.9|83.0|0.00|0.01|43.4968|18.4483
19|36|0|270|2.9|29.1|315|10.1|82.9|0.00|0.01|43.4954|20.1487
19|38|0|225|5.8|29.1|315|9.5|82.9|0.00|0.01|43.4953|17.6999
19|39|0|315|1.5|29.1|315|9.4|82.9|0.00|0.01|43.4976|17.6999
19|40|0|315|1.5|29.1|315|9.7|82.9|0.00|0.01|43.499|17.6999
19|41|0|270|0.0|29.1|315|9.8|82.9|0.00|0.01|43.4985|17.6999
19|42|0|270|8.7|29.1|315|10.2|82.9|0.00|0.01|43.4972|20.1487
19|43|0|315|7.3|29.1|315|9.8|82.7|0.00|0.01|43.4964|17.6999
19|44|0|225|5.8|29.1|315|9.9|82.6|0.00|0.01|43.4975|17.6999
19|45|0|270|8.7|29.1|315|10.2|82.5|0.00|0.01|43.4958|20.1487
19|46|0|225|0.0|29.1|315|10.1|82.5|0.00|0.01|43.4992|20.1487
19|48|0|315|1.5|29.1|315|10.3|82.5|0.00|0.01|43.4976|20.1487
19|49|0|270|1.5|29.1|315|10.3|82.5|0.00|0.01|43.4996|20.1487
19|50|0|315|1.5|29.1|315|10.4|82.4|0.00|0.01|43.4981|20.1487
19|51|0|315|1.5|29.1|315|10.3|82.4|0.00|0.01|43.5002|20.1487
19|52|0|315|2.9|29.1|315|10.3|82.4|0.00|0.01|43.4985|20.1487
19|53|0|270|1.6|29.1|315|10.1|82.3|0.00|0.01|43.4987|20.1487
19|54|0|270|4.4|29.1|315|10.1|82.3|0.00|0.01|43.4988|20.1487
19|55|0|270|1.5|29.1|315|10.1|82.2|0.00|0.01|43.4985|20.1487
19|56|0|270|2.9|29.1|315|10.5|82.2|0.00|0.01|43.5006|20.1487
19|58|0|225|1.6|29.1|315|10.1|82.0|0.00|0.01|43.4984|20.1487
19|59|0|225|2.9|29.1|315|10.3|82.0|0.00|0.01|43.5003|20.1487
20|00|0|315|0.0|29.1|315|10.0|81.8|0.00|0.01|43.4986|19.3909
20|01|0|270|2.9|29.1|315|10.1|81.7|0.00|0.01|43.4991|19.3909
20|03|0|338|1.5|29.1|315|10.2|81.7|0.00|0.01|43.5018|19.3909
20|04|0|315|2.9|29.1|315|10.3|81.6|0.00|0.01|43.4983|19.3909
20|05|0|90|1.5|29.1|315|10.4|81.5|0.00|0.01|43.4978|19.3909
20|06|0|225|1.5|29.1|315|11.4|81.5|0.00|0.01|43.4991|21.6231
20|07|0|225|5.8|29.1|315|10.9|81.3|0.00|0.01|43.498|19.3909
20|08|0|225|1.5|29.1|315|11.1|81.3|0.00|0.01|43.4983|21.6231
20|09|0|315|4.4|29.1|315|10.7|81.1|0.00|0.01|43.4983|19.3909
20|10|0|0|2.9|29.1|315|10.6|81.1|0.00|0.01|43.4978|19.3909
20|11|0|0|2.9|29.1|315|10.7|80.8|0.00|0.01|43.4991|18.6328
20|12|0|270|2.9|29.1|315|10.6|80.8|0.00|0.01|43.498|18.6328
20|13|0|315|1.5|29.1|315|11.0|80.7|0.00|0.01|43.5007|20.8567
20|14|0|270|1.6|29.1|315|11.9|80.7|0.00|0.01|43.5026|20.8567
20|16|0|315|2.9|29.1|315|11.3|80.6|0.00|0.01|43.502|20.8567
20|17|0|270|1.5|29.1|315|11.0|80.4|0.00|0.01|43.5034|20.8567
20|18|0|270|4.8|29.1|315|11.0|80.3|0.00|0.01|43.5056|20.8567
20|19|0|180|1.5|29.1|315|11.4|80.2|0.00|0.01|43.5044|20.8567
20|21|0|270|1.6|29.1|315|11.4|79.9|0.00|0.01|43.5065|20.09
20|22|0|315|2.9|29.1|315|11.2|79.8|0.00|0.01|43.508|20.09
20|23|0|248|1.6|29.1|315|11.1|79.7|0.00|0.01|43.5149|20.09
20|24|0|315|1.5|29.1|315|11.2|79.6|0.00|0.01|43.5171|20.09
20|25|0|180|1.5|29.1|315|11.6|79.6|0.00|0.01|43.5185|20.09
20|26|0|225|0.0|29.1|315|11.8|79.5|0.00|0.01|43.5188|20.09
20|28|0|225|2.9|29.1|315|11.0|79.3|0.00|0.01|43.5182|20.09
20|29|0|45|0.0|29.1|315|10.9|79.3|0.00|0.01|43.5171|17.8742
20|30|0|315|1.5|29.1|315|11.0|79.3|0.00|0.01|43.5206|20.09
20|31|0|270|2.9|29.1|315|11.1|79.3|0.00|0.01|43.5195|20.09
20|32|0|0|1.5|29.1|315|11.1|79.1|0.00|0.01|43.5187|20.09
20|33|0|225|1.5|29.1|315|11.2|79.1|0.00|0.01|43.5172|20.09
20|34|0|225|1.5|29.1|315|11.3|79.1|0.00|0.01|43.5195|20.09
20|35|0|180|0.0|29.1|315|11.4|79.0|0.00|0.01|43.52|20.09
20|36|0|225|3.2|29.1|315|11.4|79.0|0.00|0.01|43.5206|20.09
20|37|0|180|0.0|29.1|315|11.5|78.9|0.00|0.01|43.5187|19.3228
20|38|0|315|2.9|29.1|315|11.4|78.8|0.00|0.01|43.5194|19.3228
20|40|0|225|0.0|29.1|315|11.4|78.8|0.00|0.01|43.5222|19.3228
20|41|0|270|3.2|29.1|315|11.5|78.7|0.00|0.01|43.5236|19.3228
20|42|0|270|5.8|29.1|315|11.4|78.6|0.00|0.01|43.5278|19.3228
20|43|0|315|3.2|29.1|315|12.6|78.4|0.00|0.01|43.5279|21.359
20|44|0|270|7.3|29.1|315|13.1|78.0|0.00|0.01|43.5289|23.2498
20|45|0|315|7.3|29.1|315|13.3|77.8|0.00|0.01|43.5292|22.4677
20|47|0|315|2.9|29.1|315|15.2|77.2|0.00|0.01|43.5275|25.8784
20|48|0|315|5.8|29.1|315|15.7|76.9|0.00|0.01|43.5268|25.0831
20|49|0|315|4.4|29.1|315|16.0|76.7|0.00|0.01|43.5279|26.6337
20|51|0|315|4.4|29.1|315|16.6|76.4|0.00|0.01|43.5289|26.6337
20|53|0|315|4.8|29.1|315|18.2|76.0|0.00|0.01|43.5329|29.4934
20|54|0|270|5.8|29.1|315|17.5|75.8|0.00|0.01|43.532|27.2936
20|55|0|315|4.4|29.1|315|17.8|75.4|0.00|0.01|43.5303|27.2936
20|56|0|315|4.4|29.1|315|18.2|75.2|0.00|0.01|43.5291|28.6809
20|57|0|0|4.4|29.1|315|18.4|75.0|0.00|0.01|43.5324|28.6809
20|58|0|315|5.8|29.1|315|18.6|74.8|0.00|0.01|43.5302|27.8681
20|59|0|315|4.4|29.1|315|18.4|74.5|0.00|0.01|43.5317|27.8681
21|00|0|315|5.8|29.1|315|18.6|74.4|0.00|0.01|43.5322|27.8681
21|01|0|315|4.8|29.1|315|19.7|74.2|0.00|0.01|43.5362|29.1837
21|02|0|315|4.8|29.1|315|19.4|74.1|0.00|0.01|43.5398|29.1837
21|03|0|315|4.4|29.1|315|20.0|73.9|0.00|0.01|43.543|29.6162
21|06|0|315|5.8|29.1|315|19.3|73.5|0.00|0.01|43.5461|28.3654
21|07|0|315|2.9|29.1|315|19.8|73.5|0.00|0.01|43.5479|28.3654
21|08|0|270|4.4|29.1|315|20.1|73.4|0.00|0.01|43.5492|29.6162
21|09|0|270|2.9|29.1|315|19.0|73.4|0.00|0.01|43.5499|28.3654
21|10|0|315|3.2|29.1|315|18.9|73.3|0.00|0.01|43.5498|27.0549
21|11|0|270|8.1|29.1|315|19.0|73.3|0.00|0.01|43.5493|28.3654
21|12|0|248|4.4|29.1|315|19.0|73.4|0.00|0.01|43.5517|28.3654
21|13|0|225|3.2|29.1|315|19.2|73.4|0.00|0.01|43.5531|28.3654
21|14|0|315|4.4|29.1|315|19.3|73.5|0.00|0.01|43.5549|28.3654
21|15|0|225|4.4|29.1|315|19.2|73.4|0.00|0.01|43.5546|28.3654
21|17|0|270|3.2|29.1|315|19.7|73.4|0.00|0.01|43.5569|28.3654
21|19|0|338|6.4|29.1|315|19.8|73.4|0.00|0.01|43.5565|28.3654
21|20|0|315|5.8|29.1|315|20.0|73.3|0.00|0.01|43.5567|29.6162
21|21|0|315|5.8|29.1|315|20.7|73.3|0.00|0.01|43.5573|29.6162
21|22|0|315|4.4|29.1|315|20.8|73.2|0.00|0.01|43.5569|29.6162
21|23|0|315|7.3|29.1|315|20.1|73.1|0.00|0.01|43.5579|29.6162
21|24|0|315|5.8|29.1|315|19.8|73.0|0.00|0.01|43.5565|28.3654
21|25|0|315|2.9|29.1|315|20.1|72.8|0.00|0.01|43.5573|28.7928
21|26|0|270|3.2|29.1|315|19.8|72.8|0.00|0.01|43.5593|27.5468
21|27|0|315|6.4|29.1|315|19.7|72.7|0.00|0.01|43.5601|27.5468
21|28|0|270|7.3|29.1|315|19.8|72.7|0.00|0.01|43.5625|27.5468
21|29|0|315|5.8|29.1|315|19.9|72.7|0.00|0.01|43.5632|27.5468
21|30|0|225|4.4|29.1|315|20.0|72.6|0.00|0.01|43.5648|28.7928
21|33|0|270|4.4|29.1|315|20.0|72.5|0.00|0.01|43.5641|28.7928
21|34|0|270|1.5|29.1|315|20.6|72.5|0.00|0.01|43.5689|28.7928
21|35|0|315|8.7|29.1|315|20.5|72.4|0.00|0.01|43.5646|28.7928
21|36|0|315|4.4|29.1|315|19.7|72.3|0.00|0.01|43.5693|27.5468
21|37|0|315|5.8|29.1|315|19.7|72.3|0.00|0.01|43.57|27.5468
21|38|0|315|7.3|29.1|315|19.5|72.2|0.00|0.01|43.5667|27.5468
21|39|0|270|4.4|29.1|315|19.7|72.2|0.00|0.01|43.5701|27.5468
21|40|0|270|4.8|29.1|315|20.1|72.1|0.00|0.01|43.5718|28.7928
21|41|0|225|3.2|29.1|315|20.1|72.1|0.00|0.01|43.5718|28.7928
21|43|0|315|8.7|29.1|315|19.5|72.1|0.00|0.01|43.5735|27.5468
21|44|0|270|5.8|29.1|315|19.4|71.9|0.00|0.01|43.5753|26.7279
21|45|0|270|4.4|29.1|315|19.2|71.9|0.00|0.01|43.578|26.7279
21|46|0|315|5.8|29.1|315|19.4|71.9|0.00|0.01|43.5807|26.7279
21|47|0|270|5.8|29.1|315|19.7|71.8|0.00|0.01|43.5812|26.7279
21|48|0|270|2.9|29.1|315|19.7|71.8|0.00|0.01|43.5841|26.7279
21|49|0|315|8.1|29.1|315|19.7|71.8|0.00|0.01|43.5841|26.7279
21|50|0|315|2.9|29.1|315|19.1|71.7|0.00|0.01|43.586|26.7279
21|51|0|315|2.9|29.1|315|19.5|71.7|0.00|0.01|43.5865|26.7279
21|52|0|315|4.4|29.1|315|19.3|71.7|0.00|0.01|43.5889|26.7279
21|53|0|270|3.2|29.1|315|19.3|71.7|0.00|0.01|43.5892|26.7279
21|55|0|270|4.4|29.1|315|19.3|71.7|0.00|0.01|43.59|26.7279
21|56|0|270|3.2|29.1|315|19.0|71.7|0.00|0.01|43.5912|26.7279
21|57|0|225|2.9|29.1|315|19.2|71.7|0.00|0.01|43.592|26.7279
21|58|0|270|1.6|29.1|315|19.2|71.7|0.00|0.01|43.5934|26.7279
21|59|0|270|4.4|29.1|315|19.2|71.7|0.00|0.01|43.5938|26.7279
22|00|0|270|7.3|29.1|315|19.0|71.6|0.00|0.01|43.5935|26.7279
22|01|0|270|4.4|29.1|315|19.0|71.6|0.00|0.01|43.5951|26.7279
22|02|0|315|5.8|29.1|315|19.2|71.6|0.00|0.01|43.5974|26.7279
22|03|0|270|3.2|3.2|270|19.4|71.6|0.00|0.00|43.5961|26.7279
22|04|0|315|8.7|10.2|270|19.2|71.5|0.00|0.00|43.5968|26.7279
22|05|0|270|5.8|10.2|270|18.8|71.4|0.00|0.00|43.598|25.4275
22|07|0|0|2.9|10.2|270|19.2|71.4|0.00|0.00|43.6028|26.7279
22|08|0|315|1.5|10.2|270|19.2|71.3|0.00|0.00|43.6052|26.7279
22|10|0|270|5.8|10.2|270|18.9|71.3|0.00|0.00|43.6105|25.4275
22|11|0|270|5.8|10.2|270|18.8|71.2|0.00|0.00|43.6104|25.4275
22|12|0|315|5.8|10.2|270|18.7|71.2|0.00|0.00|43.6112|25.4275
22|14|0|270|4.4|10.2|270|18.3|71.0|0.00|0.00|43.6165|25.4275
22|15|0|270|7.3|10.2|270|18.4|71.0|0.00|0.00|43.6152|25.4275
22|16|0|270|3.2|10.2|270|18.2|71.0|0.00|0.00|43.617|25.4275
22|17|0|315|5.8|10.2|270|18.2|71.2|0.00|0.00|43.6181|25.4275
22|18|0|315|3.2|10.2|270|18.3|71.2|0.00|0.00|43.6207|25.4275
22|19|0|225|4.4|10.2|270|18.1|71.0|0.00|0.00|43.6208|25.4275
22|21|0|270|7.3|10.2|270|18.1|71.0|0.00|0.00|43.6237|25.4275
22|23|0|315|1.5|10.3|225|18.0|71.0|0.00|0.00|43.6232|25.4275
22|24|0|225|5.8|10.3|225|18.1|71.0|0.00|0.00|43.627|25.4275
22|25|0|315|4.4|10.3|225|18.0|70.9|0.00|0.00|43.6248|24.6133
22|26|0|203|3.2|11.6|270|17.9|70.9|0.00|0.00|43.6266|23.2525
22|27|0|225|2.9|11.6|270|18.0|70.9|0.00|0.00|43.6283|24.6133
22|28|0|270|4.4|11.6|270|18.0|70.8|0.00|0.00|43.6276|24.6133
22|29|0|248|3.2|11.6|270|18.2|70.8|0.00|0.00|43.6291|24.6133
22|30|0|270|4.4|11.6|270|18.5|70.8|0.00|0.00|43.629|24.6133
22|31|0|270|2.9|11.6|270|17.9|70.7|0.00|0.00|43.628|23.2525
22|32|0|270|4.4|11.6|270|17.8|70.7|0.00|0.00|43.6302|23.2525
22|35|0|248|4.4|11.6|270|17.8|70.6|0.00|0.00|43.6291|23.2525
22|36|0|270|5.8|11.6|270|18.0|70.6|0.00|0.00|43.6325|24.6133
22|37|0|270|4.4|11.6|270|18.2|70.6|0.00|0.00|43.6327|24.6133
22|39|0|270|6.4|11.6|270|18.1|70.5|0.00|0.00|43.6302|24.6133
22|40|0|270|2.9|11.6|270|18.0|70.4|0.00|0.00|43.6318|24.6133
22|41|0|270|4.4|11.6|270|18.0|70.4|0.00|0.00|43.6323|24.6133
22|42|0|270|2.9|11.6|270|17.9|70.3|0.00|0.00|43.6334|23.2525
22|43|0|270|6.4|11.6|270|17.8|70.3|0.00|0.00|43.635|23.2525
22|44|0|315|4.4|11.6|270|17.8|70.3|0.00|0.00|43.6346|23.2525
22|45|0|270|8.1|11.6|270|17.9|70.3|0.00|0.00|43.6363|23.2525
22|48|0|315|5.8|13.1|270|17.6|70.0|0.00|0.00|43.6362|23.2525
22|49|0|225|4.8|13.1|270|17.5|70.0|0.00|0.00|43.6393|23.2525
22|50|0|315|3.2|13.1|270|17.7|69.9|0.00|0.00|43.6389|22.4433
22|51|0|225|6.5|13.1|270|17.8|70.0|0.00|0.00|43.6427|23.2525
22|52|0|315|8.1|13.1|270|17.7|69.9|0.00|0.00|43.6435|22.4433
22|53|0|270|4.4|13.1|270|17.8|69.9|0.00|0.00|43.6423|22.4433
22|54|0|270|5.8|13.1|270|18.3|69.9|0.00|0.00|43.6437|23.7988
22|55|0|270|4.8|13.1|270|18.2|69.8|0.00|0.00|43.6436|23.7988
22|57|0|270|3.2|13.1|270|17.9|69.6|0.00|0.00|43.6443|22.4433
22|58|0|315|3.2|13.1|270|18.2|69.6|0.00|0.00|43.6458|23.7988
22|59|0|270|3.2|13.1|270|18.5|69.6|0.00|0.00|43.6467|23.7988
23|00|0|270|7.3|13.1|270|18.7|69.6|0.00|0.00|43.6455|23.7988
23|01|0|270|7.3|13.1|270|18.7|69.5|0.00|0.00|43.6442|23.7988
23|02|0|248|4.4|13.1|270|18.5|69.4|0.00|0.00|43.6457|23.7988
23|04|0|315|1.5|14.5|270|18.2|69.2|0.00|0.00|43.6424|23.7988
23|05|0|270|4.8|14.5|270|18.7|69.2|0.00|0.00|43.6447|23.7988
23|06|0|315|2.9|14.5|270|18.4|69.2|0.00|0.00|43.6437|23.7988
23|07|0|270|8.1|14.5|270|18.9|69.2|0.00|0.00|43.6438|23.7988
23|09|0|315|3.2|14.5|270|19.0|69.0|0.00|0.00|43.6439|25.0891
23|10|0|315|5.8|14.5|270|19.3|69.0|0.00|0.00|43.6437|25.0891
23|11|0|315|4.4|14.5|270|19.8|68.8|0.00|0.00|43.6436|24.2692
23|12|0|315|4.4|14.5|270|20.5|68.8|0.00|0.00|43.6453|25.496
23|13|0|270|8.0|14.5|270|21.2|68.6|0.00|0.00|43.6438|26.6695
23|14|0|315|4.4|14.5|270|21.2|68.5|0.00|0.00|43.6447|26.6695
23|16|0|315|4.8|14.5|270|21.9|68.2|0.00|0.00|43.6438|26.6695
23|17|0|315|4.4|14.5|270|22.0|68.0|0.00|0.00|43.6483|27.7945
23|18|0|270|4.4|14.5|270|22.0|67.9|0.00|0.00|43.65|26.9604
23|19|0|315|2.9|14.5|270|22.5|67.8|0.00|0.00|43.6524|26.9604
23|20|0|315|4.4|14.5|270|21.5|67.4|0.00|0.00|43.6526|25.8398
23|21|0|315|4.4|14.5|270|21.8|67.3|0.00|0.00|43.6526|25.8398
23|23|0|315|3.2|14.5|270|23.5|67.1|0.00|0.00|43.6547|28.0368
23|24|0|270|3.2|14.5|270|23.2|66.9|0.00|0.00|43.6518|27.1982
23|25|0|225|4.4|14.5|270|23.3|66.8|0.00|0.00|43.6542|27.1982
23|26|0|315|2.9|14.5|270|24.0|66.8|0.00|0.00|43.654|28.2298
23|29|0|315|3.2|14.5|270|22.7|66.5|0.00|0.00|43.6589|26.1261
23|30|0|315|2.9|14.5|270|20.9|66.4|0.00|0.00|43.6575|23.8455
23|31|0|270|1.5|14.5|270|22.9|66.5|0.00|0.00|43.6604|26.1261
23|33|0|315|1.5|14.5|270|23.3|66.7|0.00|0.00|43.6608|27.1982
23|34|0|270|1.6|14.5|270|23.5|66.8|0.00|0.00|43.6633|27.1982
23|35|0|0|1.6|14.5|270|23.3|66.8|0.00|0.00|43.6644|27.1982
23|36|0|0|4.8|14.5|270|22.6|66.8|0.00|0.00|43.6662|26.1261
23|37|0|0|3.2|14.5|270|23.5|66.7|0.00|0.00|43.6684|27.1982
23|38|0|0|2.9|14.5|270|22.9|66.5|0.00|0.00|43.6692|26.1261
23|39|0|0|3.2|14.5|270|24.0|66.5|0.00|0.00|43.6729|28.2298
23|41|0|0|1.5|14.5|270|23.6|66.4|0.00|0.00|43.6731|27.1982
23|42|0|0|1.5|14.5|270|23.1|66.4|0.00|0.00|43.6752|27.1982
23|43|0|0|3.2|14.5|270|23.9|66.3|0.00|0.00|43.675|27.1982
23|45|0|90|0.0|14.5|270|24.2|66.2|0.00|0.00|43.6768|28.2298
23|46|0|90|0.0|14.5|270|24.5|66.1|0.00|0.00|43.6773|28.2298
23|47|0|90|1.5|14.5|270|24.1|66.1|0.00|0.00|43.6773|28.2298
23|48|0|90|0.0|14.5|270|24.1|66.1|0.00|0.00|43.6775|28.2298
23|49|0|0|1.6|14.5|270|24.4|66.0|0.00|0.00|43.6806|28.2298
23|50|0|0|0.0|14.5|270|25.9|66.0|0.00|0.00|43.6797|29.224
23|52|0|0|0.0|14.5|270|25.5|65.9|0.00|0.00|43.6812|28.377
23|54|0|315|0.0|14.5|270|23.7|65.9|0.00|0.00|43.6803|26.3592
23|55|0|90|0.0|14.5|270|23.8|65.9|0.00|0.00|43.6817|26.3592
23|56|0|135|0.0|14.5|270|25.0|65.8|0.00|0.00|43.6813|28.377
23|57|0|180|0.0|14.5|270|25.6|65.5|0.00|0.00|43.6849|28.377
23|58|0|180|0.0|14.5|270|25.7|65.4|0.00|0.00|43.6872|28.377
23|59|0|180|0.0|14.5|270|25.6|65.3|0.00|0.00|43.6886|28.377
