00|00|0|270|0.0|24.7|0|56.5|32.2|0.01|0.25|43.922|18.1251
00|01|0|270|1.5|24.7|0|56.6|32.2|0.01|0.25|43.9228|18.1251
00|02|0|270|0.0|24.7|0|56.5|32.1|0.01|0.25|43.9232|18.1251
00|03|0|270|1.5|24.7|0|56.8|32.1|0.01|0.25|43.9248|18.1251
00|04|0|270|1.5|24.7|0|57.1|32.0|0.01|0.25|43.9243|18.5353
00|05|0|270|1.5|24.7|0|57.2|32.0|0.01|0.25|43.9228|18.5353
00|06|0|270|1.5|24.7|0|57.4|31.9|0.01|0.25|43.9236|17.5973
00|07|0|270|0.0|24.7|0|57.5|31.8|0.01|0.25|43.9215|17.5973
00|08|0|270|1.6|24.7|0|57.6|31.8|0.01|0.25|43.9206|17.5973
00|09|0|270|0.0|24.7|0|57.6|31.7|0.01|0.25|43.9227|17.5973
00|10|0|270|1.6|24.7|0|57.6|31.7|0.01|0.25|43.924|17.5973
00|13|0|270|0.0|24.7|0|57.6|31.5|0.00|0.25|43.9259|17.5973
00|14|0|270|0.0|24.7|0|57.7|31.5|0.00|0.25|43.9259|17.5973
00|15|0|270|1.6|24.7|0|57.7|31.5|0.00|0.25|43.9277|17.5973
00|16|0|270|1.6|24.7|0|58.0|31.4|0.00|0.25|43.9285|17.9993
00|17|0|270|0.0|24.7|0|58.6|31.3|0.00|0.25|43.9288|17.9993
00|18|0|270|0.0|24.7|0|58.6|31.3|0.01|0.26|43.9288|17.9993
00|19|0|270|0.0|24.7|0|58.4|31.3|0.01|0.26|43.9293|17.9993
00|20|0|270|1.5|24.7|0|58.2|31.2|0.01|0.26|43.9268|17.9993
00|21|0|270|1.6|24.7|0|57.9|31.1|0.01|0.26|43.9274|17.5973
00|22|0|270|1.6|24.7|0|58.1|31.0|0.01|0.26|43.9292|17.9993
00|23|0|270|2.9|24.7|0|58.3|30.9|0.01|0.26|43.9281|17.0594
00|24|0|270|1.6|24.7|0|57.9|30.9|0.01|0.26|43.9307|16.6592
00|25|0|270|1.5|24.7|0|57.6|30.8|0.01|0.26|43.931|16.6592
00|28|0|315|0.0|24.7|0|57.4|30.6|0.01|0.26|43.9339|16.6592
00|29|0|315|2.9|24.7|0|57.7|30.5|0.01|0.26|43.9331|16.6592
00|30|0|270|1.6|24.7|0|58.1|30.5|0.01|0.26|43.9342|17.0594
00|31|0|315|1.5|24.7|0|58.2|30.5|0.01|0.26|43.9356|17.0594
00|32|0|315|1.5|24.7|0|58.1|30.5|0.01|0.26|43.9357|17.0594
00|33|0|315|1.6|24.7|0|58.1|30.4|0.01|0.26|43.9353|17.0594
00|34|0|248|0.0|24.7|0|58.1|30.4|0.01|0.26|43.9356|17.0594
00|35|0|248|0.0|24.7|0|58.3|30.3|0.01|0.26|43.9347|17.0594
00|36|0|248|0.0|24.7|0|58.7|30.3|0.01|0.26|43.9358|17.0594
00|37|0|270|1.6|24.7|0|58.6|30.3|0.01|0.26|43.9368|17.0594
00|38|0|270|0.0|24.7|0|58.8|30.2|0.01|0.26|43.9358|17.0594
00|39|0|270|1.5|24.7|0|59.0|30.2|0.01|0.26|43.9349|17.4535
00|40|0|270|0.0|24.7|0|58.8|30.2|0.01|0.26|43.9368|17.0594
00|41|0|270|1.6|24.7|0|58.2|30.1|0.01|0.26|43.9362|17.0594
00|42|0|270|1.5|24.7|0|57.8|30.1|0.01|0.26|43.9372|16.6592
00|43|0|270|1.5|24.7|0|57.7|30.0|0.01|0.26|43.9372|16.6592
00|44|0|270|1.5|24.7|0|57.8|30.0|0.01|0.26|43.9382|16.6592
00|45|0|270|0.0|24.7|0|57.9|30.0|0.01|0.26|43.9382|16.6592
00|47|0|270|1.5|24.7|0|58.0|30.0|0.01|0.26|43.9378|17.0594
00|48|0|270|1.5|24.7|0|58.0|29.9|0.01|0.26|43.9354|16.1192
00|49|0|270|1.5|24.7|0|58.0|29.9|0.01|0.26|43.9372|16.1192
00|51|0|270|1.5|24.7|0|58.2|29.9|0.02|0.28|43.9374|16.1192
00|52|0|270|2.9|24.7|0|58.5|29.9|0.02|0.28|43.9382|16.1192
00|53|0|270|1.5|24.7|0|58.4|29.7|0.02|0.28|43.9382|16.1192
00|54|0|270|1.5|24.7|0|58.4|29.7|0.02|0.28|43.938|16.1192
00|55|0|270|1.6|24.7|0|58.4|29.7|0.02|0.28|43.9369|16.1192
00|56|0|270|1.5|24.7|0|58.4|29.7|0.02|0.28|43.9387|16.1192
00|57|0|270|0.0|24.7|0|58.2|29.7|0.02|0.28|43.9396|16.1192
00|58|0|270|1.5|24.7|0|58.5|29.7|0.02|0.28|43.9397|16.1192
00|59|0|270|1.5|24.7|0|58.9|29.6|0.02|0.28|43.9369|16.1192
01|00|0|270|0.0|24.7|0|59.2|29.6|0.02|0.28|43.9371|16.5116
01|01|0|270|0.0|24.7|0|59.0|29.5|0.02|0.28|43.9349|16.5116
01|02|0|270|0.0|24.7|0|58.9|29.5|0.02|0.28|43.935|16.1192
01|03|0|270|0.0|24.7|0|59.1|29.4|0.02|0.28|43.9323|16.5116
01|04|0|270|1.5|24.7|0|59.4|29.3|0.02|0.28|43.9358|16.5116
01|06|0|315|1.5|24.7|0|59.1|29.2|0.02|0.28|43.9341|16.5116
01|07|0|315|1.5|24.7|0|59.0|29.2|0.02|0.28|43.9364|16.5116
01|08|0|315|1.5|24.7|0|58.7|29.1|0.02|0.28|43.9377|16.1192
01|09|0|315|1.5|24.7|0|58.6|29.1|0.02|0.28|43.9386|16.1192
01|10|0|315|1.5|24.7|0|58.5|29.0|0.02|0.28|43.9353|16.1192
01|11|0|315|0.0|24.7|0|58.6|29.1|0.02|0.28|43.9386|16.1192
01|12|0|270|1.6|24.7|0|58.6|29.0|0.02|0.28|43.9371|16.1192
01|13|0|225|1.5|24.7|0|58.5|29.0|0.02|0.28|43.9386|16.1192
01|14|0|270|1.6|24.7|0|58.6|29.0|0.02|0.28|43.9376|16.1192
01|15|0|270|1.5|24.7|0|58.8|29.0|0.02|0.28|43.9388|16.1192
01|16|0|270|1.6|24.7|0|59.0|29.0|0.02|0.28|43.9397|16.5116
01|18|0|270|0.0|24.7|0|59.1|29.0|0.01|0.28|43.9406|16.5116
01|19|0|270|0.0|24.7|0|59.1|29.0|0.01|0.28|43.9406|16.5116
01|20|0|315|1.5|24.7|0|58.9|28.8|0.02|0.29|43.9409|15.179
01|22|0|315|0.0|24.7|0|58.7|28.8|0.02|0.29|43.9425|15.179
01|23|0|315|1.6|24.7|0|58.5|28.8|0.02|0.29|43.9414|15.179
01|26|0|315|1.5|24.7|0|58.4|28.7|0.02|0.29|43.9424|15.179
01|28|0|315|1.5|24.7|0|58.1|28.6|0.02|0.29|43.9453|15.179
01|29|0|315|1.6|24.7|0|57.9|28.5|0.03|0.30|43.9458|14.7824
01|30|0|315|2.9|24.7|0|58.1|28.4|0.03|0.30|43.9472|15.179
01|31|0|270|1.5|24.7|0|58.5|28.4|0.03|0.30|43.9493|15.179
01|32|0|315|2.9|24.7|0|58.7|28.3|0.03|0.30|43.9478|15.179
01|33|0|315|1.5|24.7|0|58.8|28.2|0.03|0.30|43.9489|15.179
01|34|0|315|1.5|24.7|0|59.1|28.1|0.03|0.30|43.9462|15.5695
01|35|0|315|1.6|2.9|315|59.1|28.1|0.03|0.00|43.9484|15.5695
01|36|0|315|1.5|3.2|315|59.0|28.0|0.03|0.00|43.9479|15.5695
01|37|0|315|1.5|3.2|315|58.8|28.0|0.03|0.00|43.9498|15.179
01|38|0|270|1.5|3.2|315|58.7|27.8|0.03|0.00|43.9494|14.2386
01|39|0|270|1.6|3.2|315|58.8|27.8|0.02|0.00|43.9494|14.2386
01|41|0|315|1.5|3.2|315|58.6|27.8|0.02|0.00|43.9531|14.2386
01|42|0|315|1.5|3.2|315|58.7|27.8|0.02|0.00|43.9521|14.2386
01|43|0|315|1.5|3.2|315|58.9|27.8|0.02|0.00|43.9531|14.2386
01|44|0|315|0.0|3.2|315|58.7|27.7|0.02|0.00|43.9532|14.2386
01|47|0|315|1.5|3.2|315|59.2|27.7|0.02|0.00|43.9549|14.6273
01|48|0|315|1.5|3.2|315|59.3|27.7|0.02|0.00|43.9548|14.6273
01|49|0|315|1.5|3.2|315|59.4|27.7|0.02|0.00|43.9546|14.6273
01|50|0|315|1.6|3.2|315|59.5|27.7|0.02|0.00|43.9538|14.6273
01|51|0|315|2.9|3.2|315|59.8|27.6|0.02|0.00|43.9526|14.6273
01|52|0|315|1.6|3.2|315|60.6|27.5|0.02|0.00|43.9523|15.0103
01|53|0|315|1.6|4.4|315|61.1|27.4|0.02|0.00|43.9524|15.3876
01|54|0|315|2.9|4.8|315|61.3|27.3|0.02|0.00|43.9524|15.3876
01|55|0|315|1.6|4.8|315|62.2|27.2|0.02|0.00|43.9526|15.7594
01|56|0|315|1.5|4.8|315|62.5|27.0|0.02|0.00|43.9533|15.7594
01|57|0|315|2.9|4.8|315|62.5|26.9|0.02|0.00|43.9546|14.8119
01|58|0|315|2.9|4.8|315|62.1|26.7|0.02|0.00|43.9575|14.8119
01|59|0|315|2.9|4.8|315|62.4|26.6|0.02|0.00|43.9556|14.8119
02|00|0|315|1.6|4.8|315|62.4|26.5|0.01|0.00|43.9557|14.8119
02|01|0|315|2.9|4.8|315|62.6|26.4|0.01|0.00|43.9559|14.8119
02|02|0|315|1.5|4.8|315|62.8|26.3|0.01|0.00|43.9534|14.8119
02|03|0|315|1.5|4.8|315|63.1|26.1|0.01|0.00|43.9543|15.1767
02|04|0|315|1.5|4.8|315|63.4|26.1|0.01|0.00|43.9555|15.1767
02|05|0|315|1.5|4.8|315|63.1|26.0|0.01|0.00|43.954|15.1767
02|07|0|315|1.6|4.8|315|62.9|26.0|0.01|0.00|43.9556|14.8119
02|08|0|315|0.0|4.8|315|62.5|26.0|0.01|0.00|43.9552|14.8119
02|09|0|315|1.6|4.8|315|62.3|26.0|0.01|0.00|43.9552|14.8119
02|11|0|315|1.5|4.8|315|62.0|26.0|0.01|0.00|43.9533|14.8119
02|12|0|315|1.5|4.8|315|61.9|26.1|0.01|0.00|43.9548|14.4418
02|13|0|315|1.5|4.8|315|61.7|26.1|0.01|0.00|43.9555|14.4418
02|14|0|315|1.5|4.8|315|61.6|26.3|0.01|0.00|43.9545|14.4418
02|15|0|315|1.5|4.8|315|61.9|26.3|0.01|0.00|43.9543|14.4418
02|16|0|315|1.5|4.8|315|62.3|26.4|0.01|0.00|43.9542|14.8119
02|17|0|315|1.5|4.8|315|62.9|26.4|0.01|0.00|43.9527|14.8119
02|18|0|315|2.9|4.8|315|63.4|26.4|0.01|0.00|43.9534|15.1767
02|19|0|315|1.6|4.8|315|62.6|26.4|0.01|0.00|43.9525|14.8119
02|20|0|315|1.5|4.8|315|62.1|26.4|0.01|0.00|43.9504|14.8119
02|21|0|315|1.6|4.8|315|62.1|26.3|0.01|0.00|43.9508|14.8119
02|22|0|315|3.2|4.8|315|62.0|26.3|0.01|0.00|43.9521|14.8119
02|23|0|315|2.9|4.8|315|61.8|26.1|0.01|0.00|43.9497|14.4418
02|24|0|315|1.6|4.8|315|61.9|26.3|0.01|0.00|43.9508|14.4418
02|25|0|315|2.9|4.8|315|62.4|26.1|0.01|0.00|43.9482|14.8119
02|26|0|315|2.9|4.8|315|62.9|26.1|0.01|0.00|43.9505|14.8119
02|28|0|315|1.6|4.8|315|63.2|26.1|0.01|0.00|43.9518|15.1767
02|29|0|315|1.5|4.8|315|63.2|26.0|0.01|0.00|43.9506|15.1767
02|30|0|315|2.9|4.8|315|63.5|26.0|0.01|0.00|43.9515|15.1767
02|31|0|315|1.6|4.8|315|63.9|25.9|0.00|0.00|43.9491|14.2274
02|33|0|315|0.0|4.8|315|65.1|25.8|0.00|0.00|43.9513|14.9386
02|34|0|315|0.0|4.8|315|65.3|25.7|0.00|0.00|43.9497|14.9386
02|35|0|315|1.5|4.8|315|65.3|25.6|0.00|0.00|43.9483|14.9386
02|37|0|315|1.5|4.8|315|64.6|25.5|0.00|0.00|43.9468|14.5855
02|38|0|315|0.0|4.8|315|64.3|25.5|0.00|0.00|43.9476|14.5855
02|39|0|315|0.0|4.8|315|64.2|25.5|0.00|0.00|43.9483|14.5855
02|40|0|315|1.6|4.8|315|64.3|25.5|0.00|0.00|43.949|14.5855
02|41|0|315|1.5|4.8|315|64.3|25.5|0.00|0.00|43.9491|14.5855
02|42|0|315|1.6|4.8|315|64.4|25.5|0.00|0.00|43.9497|14.5855
02|43|0|315|1.6|4.8|315|64.7|25.5|0.00|0.00|43.95|14.5855
02|44|0|315|1.6|4.8|315|64.9|25.5|0.00|0.00|43.9497|14.5855
02|46|0|315|1.5|4.8|315|64.7|25.5|0.00|0.00|43.9495|14.5855
02|47|0|315|1.5|4.8|315|64.5|25.6|0.00|0.00|43.9506|14.5855
02|48|0|315|1.6|4.8|315|64.4|25.5|0.00|0.00|43.9467|14.5855
02|49|0|315|1.5|4.8|315|64.2|25.5|0.00|0.00|43.9474|14.5855
02|50|0|315|0.0|4.8|315|63.9|25.6|0.00|0.00|43.9466|14.2274
02|51|0|315|1.5|4.8|315|63.8|25.6|0.00|0.00|43.946|14.2274
02|52|0|315|1.5|4.8|315|63.7|25.6|0.01|0.01|43.9447|14.2274
02|54|0|315|1.5|4.8|315|63.9|25.6|0.01|0.01|43.9413|14.2274
02|55|0|315|1.5|4.8|315|63.8|25.6|0.01|0.01|43.9416|14.2274
02|56|0|315|1.5|4.8|315|63.8|25.6|0.01|0.01|43.9417|14.2274
02|57|0|315|1.5|4.8|315|63.7|25.6|0.01|0.01|43.9395|14.2274
02|58|0|315|1.6|4.8|315|63.4|25.7|0.01|0.01|43.9414|14.2274
02|59|0|315|0.0|4.8|315|63.2|25.7|0.02|0.02|43.9411|14.2274
03|00|0|315|0.0|4.8|315|63.2|25.7|0.02|0.02|43.9409|14.2274
03|01|0|315|1.5|4.8|315|62.9|25.8|0.02|0.02|43.9387|13.8642
03|03|0|315|1.6|4.8|315|62.8|25.8|0.02|0.02|43.9365|13.8642
03|04|0|315|1.5|4.8|315|62.8|25.8|0.02|0.02|43.9368|13.8642
03|05|0|315|1.5|4.8|315|62.8|25.9|0.02|0.02|43.9382|13.8642
03|06|0|315|1.5|4.8|315|62.5|25.9|0.02|0.02|43.9377|13.8642
03|08|0|315|1.5|4.8|315|62.3|25.9|0.02|0.02|43.9361|13.8642
03|09|0|315|0.0|4.8|315|62.6|26.0|0.02|0.02|43.9378|14.8119
03|10|0|315|1.5|4.8|315|62.6|25.9|0.02|0.02|43.9338|13.8642
03|11|0|315|0.0|4.8|315|62.6|25.9|0.02|0.02|43.9341|13.8642
03|12|0|315|1.5|4.8|315|62.5|26.0|0.02|0.02|43.9339|14.8119
03|13|0|315|1.5|4.8|315|62.6|26.0|0.02|0.02|43.9337|14.8119
03|14|0|315|1.6|4.8|315|62.6|26.0|0.02|0.02|43.9337|14.8119
03|15|0|315|1.5|4.8|315|62.6|26.0|0.02|0.02|43.9322|14.8119
03|16|0|315|0.0|4.8|315|62.6|26.0|0.02|0.02|43.9331|14.8119
03|17|0|315|1.5|4.8|315|62.7|26.0|0.02|0.02|43.932|14.8119
03|18|0|315|1.5|4.8|315|62.9|26.0|0.02|0.02|43.9331|14.8119
03|19|0|315|0.0|4.8|315|62.9|26.0|0.02|0.02|43.932|14.8119
03|20|0|315|0.0|4.8|315|62.9|26.1|0.02|0.02|43.9324|14.8119
03|21|0|315|0.0|4.8|315|62.9|26.1|0.02|0.02|43.9326|14.8119
03|22|0|315|0.0|4.8|315|62.9|26.0|0.02|0.02|43.9301|14.8119
03|23|0|315|0.0|4.8|315|62.9|26.1|0.02|0.02|43.9342|14.8119
03|24|0|315|0.0|4.8|315|63.0|26.1|0.02|0.02|43.9323|15.1767
03|25|0|315|0.0|4.8|315|63.2|26.1|0.02|0.02|43.9318|15.1767
03|26|0|315|0.0|4.8|315|63.4|26.0|0.02|0.02|43.9313|15.1767
03|27|0|315|0.0|4.8|315|63.3|26.0|0.02|0.02|43.9315|15.1767
03|28|0|315|0.0|4.8|315|63.1|26.0|0.02|0.02|43.9316|15.1767
03|30|0|315|0.0|4.8|315|63.1|26.0|0.02|0.02|43.9317|15.1767
03|31|0|315|0.0|4.8|315|63.3|25.9|0.02|0.02|43.933|14.2274
03|32|0|315|0.0|4.8|315|63.6|25.9|0.02|0.02|43.9316|14.2274
03|33|0|315|0.0|4.8|315|63.6|25.8|0.02|0.02|43.9338|14.2274
03|34|0|315|1.5|4.8|315|63.7|25.8|0.02|0.02|43.9357|14.2274
03|35|0|315|0.0|4.8|315|63.9|25.8|0.02|0.02|43.9364|14.2274
03|36|0|0|0.0|4.8|315|63.8|25.7|0.02|0.02|43.9359|14.2274
03|37|0|0|0.0|4.8|315|63.7|25.7|0.02|0.02|43.9338|14.2274
03|38|0|0|0.0|4.8|315|63.8|25.7|0.02|0.02|43.9349|14.2274
03|40|0|0|0.0|4.8|315|64.0|25.6|0.02|0.02|43.9325|14.5855
03|41|0|0|0.0|4.8|315|64.4|25.5|0.03|0.03|43.9331|14.5855
03|42|0|0|1.5|4.8|315|64.8|25.5|0.03|0.03|43.9323|14.5855
03|43|0|0|1.5|4.8|315|65.3|25.4|0.03|0.03|43.9332|14.9386
03|44|0|0|1.5|4.8|315|65.9|25.4|0.03|0.03|43.9336|14.9386
03|45|0|0|0.0|4.8|315|66.2|25.2|0.03|0.03|43.9338|15.287
03|46|0|0|0.0|4.8|315|66.4|25.1|0.03|0.03|43.934|15.287
03|47|0|0|0.0|4.8|315|66.4|25.1|0.03|0.03|43.9323|15.287
03|49|0|0|1.5|4.8|315|66.6|25.0|0.03|0.03|43.9343|15.287
03|51|0|0|0.0|4.8|315|66.7|24.9|0.03|0.03|43.9337|14.3326
03|52|0|0|0.0|4.8|315|66.8|24.9|0.03|0.04|43.9345|14.3326
03|53|0|0|0.0|4.8|315|66.9|24.8|0.03|0.04|43.9334|14.3326
03|54|0|0|0.0|4.8|315|67.2|24.8|0.03|0.04|43.9329|14.6747
03|55|0|0|0.0|4.8|315|67.3|24.7|0.03|0.04|43.9338|14.6747
03|56|0|0|0.0|4.8|315|67.5|24.7|0.03|0.04|43.9289|14.6747
03|58|0|0|0.0|4.8|315|67.7|24.7|0.03|0.05|43.931|14.6747
03|59|0|0|0.0|4.8|315|67.5|24.6|0.03|0.05|43.9286|14.6747
04|00|0|0|0.0|4.8|315|67.7|24.6|0.03|0.05|43.9286|14.6747
04|01|0|0|0.0|4.8|315|67.9|24.6|0.03|0.05|43.9294|14.6747
04|02|0|0|0.0|4.8|315|68.2|24.6|0.03|0.05|43.9292|15.0123
04|03|0|0|0.0|4.8|315|68.3|24.6|0.03|0.05|43.9281|15.0123
04|04|0|0|0.0|4.8|315|68.3|24.6|0.03|0.05|43.9295|15.0123
04|05|0|0|0.0|4.8|315|68.2|24.6|0.03|0.05|43.9297|15.0123
04|06|0|0|0.0|4.8|315|68.3|24.5|0.03|0.05|43.9293|15.0123
04|07|0|0|1.5|4.8|315|68.7|24.5|0.03|0.05|43.9301|15.0123
04|08|0|0|1.5|4.8|315|69.2|24.3|0.03|0.05|43.9297|15.3455
04|10|0|0|1.5|4.8|315|69.9|24.2|0.03|0.05|43.9301|15.3455
04|13|0|0|1.5|4.8|315|70.1|24.1|0.03|0.05|43.9317|15.6744
04|16|0|0|0.0|4.8|315|70.3|24.0|0.03|0.05|43.9334|15.6744
04|17|0|0|0.0|4.8|315|70.4|24.0|0.03|0.05|43.9327|15.6744
04|18|0|0|0.0|4.8|315|70.5|24.0|0.03|0.05|43.9329|15.6744
04|19|0|0|0.0|4.8|315|70.5|24.0|0.03|0.05|43.9371|15.6744
04|20|0|0|0.0|4.8|315|70.6|23.9|0.04|0.07|43.9348|14.7137
04|21|0|0|0.0|4.8|315|70.7|23.9|0.04|0.07|43.9365|14.7137
04|22|0|0|0.0|4.8|315|70.7|23.9|0.04|0.07|43.9359|14.7137
04|25|0|0|1.5|4.8|315|70.9|23.8|0.04|0.07|43.9352|14.7137
04|27|0|0|0.0|4.8|315|71.0|23.8|0.04|0.07|43.9362|15.037
04|28|0|0|0.0|4.8|315|71.2|23.7|0.04|0.07|43.9365|15.037
04|30|0|0|0.0|4.8|315|71.3|23.7|0.04|0.07|43.9357|15.037
04|31|0|0|0.0|4.8|315|71.4|23.7|0.04|0.07|43.9372|15.037
04|32|0|0|0.0|4.8|315|71.5|23.7|0.04|0.07|43.9365|15.037
04|33|0|0|0.0|4.8|315|71.5|23.7|0.04|0.07|43.9361|15.037
04|34|0|0|0.0|4.8|315|71.6|23.7|0.04|0.07|43.9371|15.037
04|35|0|0|0.0|4.8|315|71.7|23.7|0.04|0.07|43.9378|15.037
04|36|0|0|0.0|4.8|315|71.8|23.6|0.05|0.08|43.9387|15.037
04|37|0|0|0.0|4.8|315|71.8|23.6|0.05|0.08|43.9379|15.037
04|38|0|0|0.0|4.8|315|71.9|23.6|0.05|0.08|43.938|15.037
04|39|0|0|0.0|4.8|315|71.8|23.5|0.05|0.08|43.9378|15.037
04|40|0|0|0.0|4.8|315|71.8|23.5|0.05|0.08|43.9387|15.037
04|41|0|0|0.0|4.8|315|71.8|23.5|0.04|0.08|43.9393|15.037
04|42|0|0|0.0|4.8|315|71.8|23.3|0.04|0.08|43.9408|15.037
04|43|0|0|0.0|4.8|315|71.9|23.3|0.04|0.08|43.9413|15.037
04|44|0|0|0.0|4.8|315|72.1|23.3|0.04|0.08|43.9421|15.3562
04|45|0|0|0.0|4.8|315|72.7|23.2|0.04|0.08|43.9394|15.3562
04|46|0|0|0.0|4.8|315|73.0|23.3|0.04|0.08|43.9414|15.6715
04|48|0|0|1.5|4.8|315|73.0|23.2|0.04|0.08|43.9405|15.6715
04|49|0|0|0.0|4.8|315|73.2|23.2|0.04|0.08|43.9398|15.6715
04|50|0|0|0.0|4.8|315|73.4|23.1|0.04|0.08|43.938|15.6715
04|51|0|0|1.5|4.8|315|73.4|23.1|0.03|0.08|43.938|15.6715
04|52|0|0|0.0|4.8|315|73.4|23.0|0.03|0.08|43.9376|15.6715
04|53|0|0|0.0|4.8|315|73.4|23.0|0.03|0.08|43.9373|15.6715
04|54|0|0|0.0|4.8|315|73.3|23.0|0.03|0.08|43.9346|15.6715
04|55|0|0|0.0|4.8|315|73.2|23.0|0.03|0.08|43.9362|15.6715
04|56|0|0|0.0|4.8|315|73.2|23.0|0.03|0.08|43.9342|15.6715
04|57|0|0|0.0|4.8|315|73.2|23.0|0.03|0.08|43.9345|15.6715
04|58|0|0|0.0|4.8|315|73.3|23.0|0.02|0.08|43.9355|15.6715
04|59|0|0|0.0|4.8|315|73.4|22.9|0.02|0.08|43.934|14.7062
05|00|0|0|0.0|4.8|315|73.6|22.9|0.02|0.08|43.9338|14.7062
05|01|0|0|0.0|4.8|315|74.0|23.0|0.02|0.08|43.9336|15.983
05|02|0|0|0.0|4.8|315|74.1|23.0|0.02|0.08|43.934|15.983
05|03|0|0|0.0|4.8|315|74.0|23.0|0.02|0.08|43.9345|15.983
05|04|0|0|0.0|4.8|315|73.9|23.0|0.02|0.08|43.9349|15.6715
05|06|0|0|0.0|4.8|315|74.1|23.0|0.02|0.08|43.935|15.983
05|08|0|0|1.6|4.8|315|75.2|22.9|0.02|0.08|43.9343|15.3226
05|09|0|0|1.5|4.8|315|76.2|22.9|0.02|0.08|43.9339|15.6254
05|10|0|0|0.0|4.8|315|76.7|22.9|0.02|0.08|43.9317|15.6254
05|11|0|0|0.0|4.8|315|76.7|22.9|0.02|0.08|43.9329|15.6254
05|12|0|0|0.0|4.8|315|76.9|22.9|0.02|0.08|43.9337|15.6254
05|13|0|0|0.0|4.8|315|76.9|22.9|0.02|0.08|43.9339|15.6254
05|14|0|0|0.0|4.8|315|77.1|22.9|0.02|0.08|43.9325|15.9246
05|15|0|0|0.0|4.8|315|77.4|22.9|0.02|0.08|43.9353|15.9246
05|16|0|0|0.0|4.8|315|77.4|22.9|0.03|0.09|43.9341|15.9246
05|17|0|0|0.0|4.8|315|77.2|22.9|0.03|0.09|43.9333|15.9246
05|18|0|0|0.0|4.8|315|77.0|22.9|0.03|0.09|43.9364|15.9246
05|19|0|0|0.0|4.8|315|76.9|22.9|0.03|0.09|43.9336|15.6254
05|20|0|0|0.0|4.8|315|77.0|22.9|0.02|0.09|43.9342|15.9246
05|21|0|0|1.5|4.8|315|77.0|22.9|0.02|0.09|43.9324|15.9246
05|22|0|0|1.6|4.8|315|76.8|22.8|0.02|0.09|43.9327|15.6254
05|23|0|0|1.5|4.8|315|76.6|22.8|0.02|0.09|43.9339|15.6254
05|24|0|0|1.5|4.8|315|76.6|22.7|0.02|0.09|43.932|15.6254
05|25|0|0|0.0|4.8|315|76.6|22.7|0.02|0.09|43.9337|15.6254
05|27|0|0|0.0|4.8|315|76.5|22.5|0.03|0.10|43.9315|15.6254
05|28|0|0|0.0|4.8|315|76.5|22.5|0.03|0.10|43.93|15.6254
05|30|0|0|0.0|4.8|315|77.0|22.5|0.03|0.10|43.9323|15.9246
05|31|0|0|0.0|4.8|315|77.3|22.4|0.03|0.10|43.9316|15.9246
05|34|0|0|0.0|4.8|315|78.3|22.4|0.03|0.10|43.9316|16.2204
05|35|0|0|0.0|4.8|315|78.4|22.5|0.03|0.10|43.9345|16.2204
05|36|0|0|1.5|4.8|315|78.4|22.5|0.02|0.10|43.9334|16.2204
05|37|0|0|0.0|4.8|315|78.6|22.5|0.02|0.10|43.9323|16.2204
05|38|0|0|0.0|4.8|315|78.7|22.5|0.02|0.10|43.9317|16.2204
05|39|0|0|0.0|4.8|315|78.7|22.5|0.02|0.10|43.933|16.2204
05|40|0|0|0.0|4.8|315|78.6|22.5|0.02|0.10|43.9325|16.2204
05|41|0|0|0.0|4.8|315|78.5|22.5|0.02|0.10|43.9329|16.2204
05|42|0|0|0.0|4.8|315|78.4|22.5|0.02|0.10|43.9331|16.2204
05|43|0|0|0.0|4.8|315|78.3|22.5|0.02|0.10|43.931|16.2204
05|44|0|0|0.0|4.8|315|78.2|22.5|0.02|0.10|43.9317|16.2204
05|45|0|0|0.0|4.8|315|78.1|22.4|0.02|0.10|43.9309|16.2204
05|46|0|0|1.5|4.8|315|78.0|22.4|0.02|0.10|43.931|16.2204
05|48|0|0|0.0|4.8|315|77.9|22.4|0.02|0.10|43.9318|15.9246
05|49|0|0|0.0|4.8|315|77.8|22.3|0.02|0.10|43.9294|15.9246
05|50|0|0|0.0|4.8|315|77.8|22.3|0.02|0.10|43.9288|15.9246
05|51|0|0|0.0|4.8|315|78.0|22.2|0.02|0.10|43.9265|16.2204
05|53|0|0|0.0|4.8|315|78.8|22.2|0.02|0.10|43.9267|16.2204
05|54|0|0|0.0|4.8|315|79.1|22.2|0.02|0.10|43.9256|16.5128
05|55|0|0|0.0|4.8|315|79.6|22.2|0.02|0.10|43.9253|16.5128
05|56|0|0|1.5|4.8|315|79.9|22.2|0.02|0.10|43.9283|16.5128
05|57|0|0|1.5|4.8|315|80.2|22.2|0.02|0.10|43.9285|16.802
05|58|0|0|0.0|4.8|315|80.4|22.2|0.02|0.10|43.9257|16.802
05|59|0|0|0.0|4.8|315|80.5|22.2|0.02|0.10|43.9256|16.802
06|00|0|0|0.0|4.8|315|80.5|22.2|0.02|0.10|43.9257|16.802
06|01|0|0|0.0|4.8|315|80.5|22.2|0.02|0.10|43.9263|16.802
06|02|0|0|0.0|4.8|315|80.8|22.2|0.02|0.10|43.9256|16.802
06|03|0|0|0.0|4.8|315|81.0|22.2|0.02|0.10|43.9248|17.0879
06|04|0|0|0.0|4.8|315|81.1|22.2|0.02|0.10|43.9254|17.0879
06|05|0|0|0.0|4.8|315|80.9|22.2|0.02|0.10|43.9241|16.802
06|06|0|0|0.0|4.8|315|80.7|22.2|0.02|0.10|43.9259|16.802
06|08|0|0|0.0|4.8|315|80.5|22.2|0.02|0.10|43.9266|16.802
06|09|0|0|0.0|4.8|315|80.3|22.2|0.02|0.10|43.9258|16.802
06|10|0|0|0.0|4.8|315|80.1|22.2|0.02|0.10|43.9243|16.802
06|11|0|0|0.0|4.8|315|79.9|22.2|0.02|0.10|43.9241|16.5128
06|12|0|0|0.0|4.8|315|79.7|22.3|0.02|0.10|43.9253|16.5128
06|13|0|0|0.0|4.8|315|79.5|22.3|0.03|0.11|43.9275|16.5128
06|14|0|0|0.0|4.8|315|79.4|22.3|0.03|0.11|43.9275|16.5128
06|15|0|0|0.0|4.8|315|79.3|22.3|0.02|0.11|43.9289|16.5128
06|16|0|0|0.0|4.8|315|79.2|22.3|0.02|0.11|43.9289|16.5128
06|17|0|0|0.0|4.8|315|79.1|22.3|0.02|0.11|43.9298|16.5128
06|18|0|0|0.0|4.8|315|78.9|22.3|0.02|0.11|43.9299|16.2204
06|21|0|0|0.0|4.8|315|78.6|22.3|0.02|0.11|43.9302|16.2204
06|22|0|0|0.0|4.8|315|78.5|22.3|0.02|0.11|43.9325|16.2204
06|23|0|0|0.0|4.8|315|78.5|22.3|0.02|0.11|43.9315|16.2204
06|24|0|0|0.0|4.8|315|78.5|22.3|0.02|0.11|43.9349|16.2204
06|25|0|0|0.0|4.8|315|78.6|22.3|0.01|0.11|43.9338|16.2204
06|27|0|0|0.0|4.8|315|78.9|22.3|0.01|0.11|43.9363|16.2204
06|29|0|0|0.0|4.8|315|79.1|22.2|0.01|0.11|43.9341|16.5128
06|30|0|0|0.0|4.8|315|79.0|22.2|0.01|0.11|43.9361|16.5128
06|31|0|0|0.0|4.8|315|79.0|22.2|0.01|0.11|43.9346|16.5128
06|33|0|0|0.0|4.8|315|79.0|22.1|0.01|0.11|43.9346|16.5128
06|34|0|0|0.0|4.8|315|79.1|22.1|0.02|0.12|43.9339|16.5128
06|35|0|0|0.0|4.8|315|79.3|22.1|0.02|0.12|43.9348|16.5128
06|36|0|0|0.0|4.8|315|79.3|22.0|0.02|0.12|43.933|16.5128
06|37|0|0|0.0|4.8|315|79.3|22.0|0.02|0.12|43.9336|16.5128
06|38|0|0|0.0|4.8|315|79.2|21.9|0.02|0.12|43.9332|15.5389
06|39|0|0|0.0|4.8|315|79.2|21.9|0.02|0.12|43.9359|15.5389
06|40|0|0|0.0|4.8|315|79.1|21.9|0.02|0.12|43.9368|15.5389
06|42|0|0|0.0|4.8|315|79.1|21.9|0.02|0.12|43.9388|15.5389
06|43|0|0|0.0|4.8|315|79.2|21.8|0.02|0.12|43.9368|15.5389
06|44|0|0|0.0|4.8|315|79.3|21.8|0.02|0.12|43.9358|15.5389
06|45|0|0|0.0|4.8|315|79.5|21.8|0.02|0.12|43.9365|15.5389
06|46|0|0|0.0|4.8|315|79.6|21.6|0.02|0.12|43.9364|15.5389
06|47|0|0|0.0|4.8|315|79.6|21.6|0.02|0.12|43.938|15.5389
06|48|0|0|0.0|4.8|315|79.5|21.6|0.02|0.12|43.9379|15.5389
06|50|0|0|0.0|4.8|315|79.5|21.6|0.02|0.12|43.9391|15.5389
06|51|0|0|0.0|4.8|315|79.4|21.5|0.02|0.12|43.9387|15.5389
06|52|0|0|0.0|4.8|315|79.3|21.5|0.02|0.12|43.9389|15.5389
06|53|0|0|0.0|4.8|315|79.3|21.5|0.02|0.12|43.9374|15.5389
06|54|0|0|0.0|4.8|315|79.3|21.4|0.02|0.12|43.9388|15.5389
06|55|0|0|1.5|4.8|315|79.4|21.4|0.02|0.12|43.9378|15.5389
06|56|0|0|1.5|4.8|315|79.7|21.3|0.03|0.13|43.941|15.5389
06|57|0|0|1.5|4.8|315|79.9|21.3|0.03|0.13|43.939|15.5389
06|58|0|0|1.5|4.8|315|80.0|21.2|0.03|0.13|43.9395|15.8267
06|59|0|0|0.0|4.8|315|80.0|21.2|0.03|0.13|43.9406|15.8267
07|00|0|0|1.5|4.8|315|80.1|21.2|0.03|0.13|43.9412|15.8267
07|01|0|180|1.5|4.8|315|80.1|21.1|0.03|0.13|43.9409|15.8267
07|02|0|180|0.0|4.8|315|80.2|21.1|0.03|0.13|43.9417|15.8267
07|03|0|180|0.0|4.8|315|80.1|21.1|0.03|0.13|43.9418|15.8267
07|04|0|180|1.5|4.8|315|80.0|21.1|0.03|0.13|43.9405|15.8267
07|05|0|180|0.0|4.8|315|79.9|21.1|0.03|0.13|43.9413|15.5389
07|06|0|180|1.5|4.8|315|79.6|21.1|0.03|0.13|43.9406|15.5389
07|07|0|135|1.6|4.8|315|79.3|21.2|0.03|0.13|43.94|15.5389
07|08|0|135|1.5|4.8|315|79.0|21.2|0.03|0.13|43.9421|15.5389
07|10|0|135|1.5|4.8|315|78.7|21.3|0.03|0.13|43.9405|15.2478
07|11|0|135|0.0|4.8|315|78.3|21.4|0.03|0.13|43.942|15.2478
07|12|0|180|1.6|4.8|315|78.0|21.4|0.02|0.13|43.9403|15.2478
07|13|0|135|1.5|4.8|315|77.7|21.5|0.02|0.13|43.9391|14.9535
07|14|0|135|1.5|4.8|315|77.5|21.6|0.02|0.13|43.9395|14.9535
07|15|0|135|0.0|4.8|315|77.3|21.6|0.02|0.13|43.9376|14.9535
07|16|0|135|1.5|4.8|315|77.1|21.8|0.02|0.13|43.9369|14.9535
07|17|0|135|1.5|4.8|315|76.8|21.9|0.02|0.13|43.9358|14.6557
07|18|0|135|1.5|4.8|315|76.6|21.9|0.02|0.13|43.9343|14.6557
07|19|0|135|1.6|4.8|315|76.5|22.0|0.02|0.13|43.9363|15.6254
07|20|0|135|1.5|4.8|315|76.3|22.0|0.02|0.13|43.9339|15.6254
07|21|0|180|1.5|4.8|315|76.1|22.1|0.02|0.13|43.9348|15.6254
07|22|0|180|0.0|4.8|315|75.9|22.1|0.02|0.13|43.9329|15.3226
07|24|0|180|3.2|4.8|315|75.5|22.3|0.02|0.13|43.9325|15.3226
07|25|0|135|1.5|4.8|315|75.0|22.4|0.02|0.13|43.9338|15.3226
07|26|0|135|1.5|4.8|315|74.8|22.4|0.02|0.13|43.9354|15.0163
07|27|0|180|0.0|4.8|315|74.8|22.5|0.02|0.13|43.9346|15.0163
07|28|0|180|2.9|4.8|315|74.6|22.5|0.02|0.13|43.9363|15.0163
07|29|0|180|1.5|4.8|315|74.3|22.7|0.02|0.13|43.9373|15.0163
07|31|0|180|0.0|4.8|315|74.0|22.8|0.02|0.13|43.9362|15.0163
07|32|0|180|1.5|4.8|315|73.9|22.9|0.02|0.13|43.9378|14.7062
07|33|0|180|0.0|4.8|315|73.9|23.0|0.02|0.13|43.9382|15.6715
07|34|0|180|1.5|4.8|315|73.9|23.1|0.01|0.13|43.9398|15.6715
07|35|0|135|1.5|4.8|315|73.5|23.2|0.01|0.13|43.9405|15.6715
07|36|0|180|1.5|4.8|315|73.0|23.2|0.01|0.13|43.94|15.6715
07|37|0|180|0.0|4.8|315|72.8|23.5|0.01|0.13|43.9428|15.3562
07|39|0|180|2.9|4.8|315|72.5|23.8|0.02|0.14|43.9445|15.3562
07|40|0|180|1.5|4.8|315|72.4|23.9|0.02|0.14|43.9443|15.3562
07|41|0|180|1.6|4.8|315|72.1|24.0|0.02|0.14|43.946|16.3199
07|42|0|180|2.9|4.8|315|71.7|24.0|0.02|0.14|43.9453|15.9992
07|43|0|180|1.5|4.8|315|71.5|24.1|0.02|0.14|43.9453|15.9992
07|44|0|180|2.9|4.8|135|70.9|24.1|0.02|0.14|43.9454|15.6744
07|45|0|135|1.6|4.8|135|70.6|24.2|0.02|0.14|43.9446|15.6744
07|46|0|135|4.4|4.8|135|70.5|24.3|0.02|0.14|43.9443|15.6744
07|47|0|180|3.2|5.8|180|70.2|24.3|0.02|0.14|43.943|15.6744
07|50|0|135|2.9|5.8|180|69.8|24.6|0.02|0.14|43.9409|15.3455
07|51|0|180|2.9|5.8|180|69.6|24.7|0.02|0.14|43.9417|15.3455
07|52|0|135|3.2|5.8|180|69.4|24.8|0.02|0.14|43.9428|15.3455
07|53|0|135|0.0|5.8|180|69.2|24.9|0.02|0.14|43.944|15.3455
07|54|0|135|1.5|5.8|180|69.1|24.9|0.02|0.14|43.9426|15.3455
07|58|0|135|1.5|5.8|180|68.6|25.1|0.02|0.15|43.9437|15.9698
07|59|0|135|1.5|5.8|180|68.5|25.2|0.02|0.15|43.9436|15.9698
08|00|0|135|0.0|5.8|180|68.7|25.4|0.02|0.15|43.9453|15.9698
08|01|0|180|1.5|5.8|180|68.7|25.5|0.02|0.15|43.947|15.9698
08|02|0|135|1.5|5.8|180|68.4|25.5|0.02|0.15|43.9467|15.9698
08|03|0|90|3.2|5.8|180|68.1|25.6|0.02|0.15|43.947|15.9698
08|04|0|90|1.5|5.8|180|67.9|25.6|0.02|0.15|43.9454|15.6307
08|06|0|90|1.5|5.8|180|67.8|25.7|0.02|0.15|43.9467|15.6307
08|07|0|90|1.5|5.8|180|67.3|25.8|0.02|0.15|43.9449|15.6307
08|08|0|90|2.9|5.8|180|67.3|25.9|0.02|0.15|43.9452|15.6307
08|09|0|180|1.6|5.8|180|66.8|26.0|0.02|0.15|43.9459|16.2412
08|11|0|135|2.9|5.8|180|66.7|26.3|0.02|0.15|43.9456|16.2412
08|12|0|90|2.9|5.8|180|66.8|26.4|0.02|0.15|43.9488|16.2412
08|13|0|90|1.6|6.4|135|66.6|26.5|0.02|0.15|43.9509|16.2412
08|14|0|180|1.5|6.4|135|66.3|26.7|0.02|0.15|43.9482|16.2412
08|15|0|135|1.6|6.4|135|66.1|26.9|0.02|0.15|43.9469|16.2412
08|16|0|90|4.4|6.4|135|65.5|27.2|0.02|0.15|43.9449|16.8438
08|17|0|90|1.5|6.4|135|64.6|27.4|0.02|0.15|43.945|16.4873
08|18|0|90|1.5|6.4|135|64.0|27.5|0.02|0.15|43.9476|16.4873
08|19|0|90|4.4|6.4|135|63.5|27.6|0.02|0.15|43.9435|16.1259
08|20|0|45|4.4|7.3|90|62.4|27.7|0.02|0.15|43.9437|15.7594
08|21|0|90|4.4|7.3|90|62.3|28.0|0.02|0.15|43.9429|16.7068
08|22|0|90|1.6|7.3|90|61.9|28.2|0.03|0.17|43.9449|16.3332
08|23|0|90|2.9|7.3|90|62.0|28.5|0.03|0.17|43.9446|16.7068
08|24|0|90|4.8|7.3|90|61.7|28.7|0.03|0.17|43.9428|16.3332
08|25|0|90|4.8|7.3|90|60.7|28.7|0.04|0.18|43.9402|15.9542
08|26|0|90|1.5|7.3|90|60.5|28.8|0.04|0.18|43.9361|15.9542
08|27|0|135|1.6|7.3|90|60.6|29.1|0.04|0.18|43.9369|16.898
08|28|0|90|7.3|8.7|90|60.4|29.1|0.04|0.18|43.9346|16.898
08|29|0|135|6.4|8.7|90|59.9|29.2|0.04|0.18|43.9334|16.5116
08|31|0|90|2.9|8.7|90|59.3|29.4|0.04|0.18|43.9329|16.5116
08|33|0|135|2.9|8.7|90|59.7|29.6|0.04|0.18|43.9336|16.5116
08|34|0|90|1.5|8.7|90|60.0|29.9|0.04|0.18|43.9369|16.898
08|35|0|90|2.9|8.7|90|59.7|29.9|0.04|0.18|43.9354|16.5116
08|36|0|90|5.8|8.7|90|59.3|30.0|0.04|0.18|43.9372|17.4535
08|37|0|90|1.5|8.7|90|58.9|29.9|0.04|0.18|43.9365|16.1192
08|38|0|135|2.9|8.7|90|59.3|30.1|0.03|0.18|43.9354|17.4535
08|39|0|90|2.9|8.7|90|59.5|30.2|0.03|0.18|43.9352|17.4535
08|40|0|68|1.6|8.7|90|59.2|30.3|0.03|0.18|43.933|17.4535
08|41|0|135|2.9|8.7|90|59.3|30.5|0.03|0.18|43.934|17.4535
08|42|0|135|4.4|8.7|90|59.3|30.6|0.03|0.18|43.9354|17.4535
08|43|0|68|1.6|8.7|90|58.9|30.6|0.03|0.18|43.9326|17.0594
08|44|0|45|4.4|8.7|90|58.6|30.6|0.03|0.18|43.9298|17.0594
08|45|0|90|1.6|8.7|90|58.5|30.9|0.03|0.18|43.9289|17.0594
08|46|0|90|5.8|8.7|90|58.1|30.9|0.03|0.18|43.9292|17.0594
08|47|0|135|2.9|9.7|90|57.8|30.8|0.03|0.18|43.9289|16.6592
08|48|0|45|4.4|9.7|90|57.8|30.8|0.03|0.18|43.9288|16.6592
08|49|0|113|4.4|9.7|90|57.4|30.8|0.04|0.19|43.9283|16.6592
08|51|0|135|2.9|9.7|90|58.4|31.0|0.04|0.19|43.9305|17.9993
08|52|0|135|6.4|9.7|90|58.7|31.1|0.04|0.19|43.9316|17.9993
08|54|0|135|5.8|9.7|90|58.0|31.2|0.03|0.19|43.9313|17.9993
08|55|0|135|1.6|9.7|90|58.2|31.3|0.03|0.19|43.934|17.9993
08|56|0|135|1.6|9.7|90|58.0|31.4|0.03|0.19|43.9348|17.9993
08|57|0|180|2.9|9.7|90|57.8|31.5|0.03|0.19|43.9338|17.5973
08|58|0|135|1.5|9.7|90|57.8|31.7|0.03|0.19|43.9338|17.5973
08|59|0|135|2.9|9.7|90|58.1|31.9|0.03|0.19|43.9334|17.9993
09|00|0|158|2.9|9.7|90|57.4|32.0|0.03|0.19|43.9318|18.5353
09|01|0|90|4.4|9.7|90|57.1|31.9|0.03|0.19|43.9321|17.5973
09|02|0|135|4.4|9.7|90|56.6|32.0|0.03|0.19|43.9329|18.1251
09|03|0|90|1.6|9.7|90|56.7|32.1|0.03|0.19|43.9321|18.1251
09|04|0|135|2.9|9.7|90|56.4|32.1|0.03|0.19|43.9294|18.1251
09|05|0|90|4.4|9.7|90|56.6|32.2|0.03|0.19|43.9313|18.1251
09|06|0|90|1.5|9.7|90|56.2|32.1|0.03|0.19|43.929|18.1251
09|07|0|135|4.4|9.7|90|56.6|32.2|0.04|0.20|43.9273|18.1251
09|08|0|135|4.4|9.7|90|56.4|32.2|0.04|0.20|43.9274|18.1251
09|09|0|135|4.4|9.7|90|56.4|32.2|0.04|0.20|43.9252|18.1251
09|10|0|68|4.8|9.7|90|56.7|32.3|0.04|0.20|43.9253|18.1251
09|11|0|135|4.8|9.7|90|56.5|32.5|0.04|0.20|43.9205|18.1251
09|13|0|90|0.0|9.7|90|56.4|32.7|0.04|0.20|43.9177|18.1251
09|14|0|90|1.5|9.7|90|56.5|32.9|0.04|0.20|43.9161|18.1251
09|15|0|90|5.8|9.7|90|56.1|33.1|0.04|0.20|43.9143|19.0612
09|16|0|90|1.5|9.7|90|55.0|33.2|0.04|0.20|43.9139|18.6425
09|17|0|135|2.9|9.7|90|55.3|33.3|0.04|0.20|43.9158|18.6425
09|18|0|135|6.4|9.7|90|54.7|33.5|0.04|0.20|43.9145|18.2171
09|19|0|135|2.9|9.7|90|54.1|33.6|0.04|0.20|43.9177|18.2171
09|20|0|135|1.5|9.7|90|54.1|33.6|0.04|0.20|43.9192|18.2171
09|21|0|113|2.9|9.7|90|54.4|33.7|0.04|0.20|43.9197|18.2171
09|23|0|90|1.6|9.7|90|54.5|33.8|0.03|0.20|43.9215|18.2171
09|25|0|180|1.6|9.7|90|54.1|34.2|0.02|0.20|43.9227|19.1491
09|26|0|45|1.5|9.7|90|54.2|34.5|0.02|0.20|43.9263|19.1491
09|27|0|45|2.9|9.7|90|52.7|34.5|0.02|0.20|43.9243|18.2729
09|28|0|90|3.2|9.7|90|52.1|34.5|0.02|0.20|43.925|18.2729
09|29|0|45|4.4|9.7|90|51.7|34.1|0.02|0.20|43.9238|17.8235
09|30|0|90|1.6|9.7|90|52.0|34.0|0.02|0.20|43.9242|18.2729
09|31|0|68|4.4|9.7|90|52.5|34.0|0.02|0.20|43.9243|18.2729
09|32|0|135|4.4|9.7|90|52.6|33.9|0.02|0.20|43.9254|17.3447
09|34|0|180|4.4|9.7|90|53.4|34.1|0.02|0.20|43.9266|18.7147
09|35|0|225|1.5|9.7|90|53.5|34.4|0.02|0.20|43.9279|18.7147
09|36|0|135|1.6|9.7|90|52.1|34.4|0.02|0.20|43.9273|18.2729
09|38|0|135|4.4|9.7|90|51.2|34.7|0.02|0.20|43.9259|17.8235
09|41|0|180|2.9|9.7|90|52.0|34.7|0.02|0.20|43.9252|18.2729
09|42|0|135|2.9|9.7|90|51.5|34.8|0.02|0.20|43.9262|17.8235
09|43|0|135|2.9|9.7|90|51.2|34.9|0.02|0.20|43.9215|17.8235
09|44|0|135|1.5|9.7|90|51.2|35.2|0.02|0.20|43.9216|18.7494
09|45|0|45|1.5|9.7|90|51.2|35.4|0.02|0.20|43.9199|18.7494
09|46|0|90|4.4|9.7|90|51.1|35.6|0.02|0.20|43.9156|18.7494
09|47|0|135|3.2|9.7|90|50.6|35.6|0.02|0.20|43.9129|18.2901
09|49|0|135|1.5|9.7|90|50.6|35.7|0.01|0.20|43.9118|18.2901
09|50|0|135|2.9|9.7|90|49.9|35.7|0.01|0.20|43.909|17.8225
09|51|0|135|6.4|9.7|90|49.6|35.8|0.02|0.21|43.9085|17.8225
09|52|0|135|5.8|9.7|90|49.1|35.5|0.02|0.21|43.91|17.8225
09|53|0|135|3.2|9.7|90|49.4|35.5|0.02|0.21|43.9132|17.8225
09|54|0|135|2.9|9.7|90|49.8|35.5|0.02|0.21|43.9108|17.8225
09|56|0|135|2.9|9.7|90|49.0|35.8|0.02|0.21|43.9075|17.8225
09|57|0|135|0.0|9.7|90|48.7|35.9|0.02|0.21|43.9113|17.3463
09|58|0|90|0.0|9.7|90|48.9|36.2|0.02|0.21|43.9095|18.2659
09|59|0|23|0.0|9.7|90|49.1|36.4|0.02|0.21|43.9095|18.7441
10|01|0|45|0.0|9.7|90|48.0|36.6|0.02|0.21|43.9109|18.2659
10|02|0|45|4.4|9.7|90|47.7|36.7|0.02|0.21|43.9099|17.7787
10|03|0|270|1.5|9.7|90|46.9|36.7|0.02|0.21|43.9122|17.2822
10|04|0|315|1.6|9.7|90|46.9|36.8|0.02|0.21|43.9131|17.2822
10|05|0|90|1.5|9.7|90|47.4|37.1|0.02|0.21|43.914|18.6958
10|06|0|135|2.9|9.7|90|46.8|36.7|0.01|0.21|43.9124|17.2822
10|17|0|90|1.6|9.7|90|45.8|38.3|0.01|0.21|43.9107|18.6013
10|19|0|90|2.9|9.7|90|45.5|38.5|0.01|0.21|43.9118|18.6013
10|20|0|45|1.5|9.7|90|44.8|38.7|0.01|0.21|43.9123|18.0804
10|21|0|180|1.5|9.7|90|44.5|38.9|0.01|0.21|43.9116|18.0804
10|22|0|90|4.4|9.7|90|44.9|38.9|0.01|0.21|43.9113|18.0804
10|23|0|45|1.5|9.7|90|44.8|38.9|0.01|0.21|43.9095|18.0804
10|24|0|180|1.5|9.7|90|44.7|39.0|0.01|0.21|43.9108|18.9905
10|25|0|45|1.5|9.7|90|44.4|39.1|0.01|0.21|43.9106|18.9905
10|26|0|180|1.6|9.7|90|44.2|39.1|0.01|0.21|43.9092|18.9905
10|27|0|90|2.9|9.7|90|44.6|39.1|0.01|0.21|43.9066|18.9905
10|28|0|180|4.8|9.7|90|44.8|39.1|0.01|0.21|43.9097|18.9905
10|29|0|135|4.4|9.7|90|44.9|39.0|0.01|0.21|43.9061|18.9905
10|30|0|135|1.5|9.7|90|44.8|38.9|0.01|0.21|43.9081|18.0804
10|31|0|90|1.5|9.7|90|44.6|38.9|0.01|0.21|43.9073|18.0804
10|32|0|135|4.4|9.7|90|44.5|38.7|0.01|0.21|43.9072|18.0804
10|33|0|90|0.0|9.7|90|44.7|38.7|0.01|0.21|43.9046|18.0804
10|34|0|45|1.6|9.7|90|45.0|38.7|0.01|0.21|43.9038|18.6013
10|35|0|45|1.5|9.7|90|45.4|38.6|0.01|0.21|43.9027|18.6013
10|36|0|45|1.5|9.7|90|45.4|38.6|0.01|0.21|43.9019|18.6013
10|37|0|0|3.2|9.7|90|45.6|38.5|0.01|0.21|43.899|18.6013
10|38|0|0|4.4|9.7|90|46.1|38.4|0.01|0.21|43.9003|19.1119
10|40|0|23|4.8|9.7|90|46.6|38.3|0.01|0.21|43.9006|19.1119
10|41|0|0|2.9|9.7|90|47.1|38.1|0.01|0.21|43.8985|19.6128
10|42|0|45|1.5|9.7|90|47.1|38.0|0.01|0.21|43.9002|19.6128
10|43|0|90|5.8|9.7|90|47.2|37.7|0.01|0.21|43.8997|18.6958
10|44|0|90|3.2|9.7|90|47.1|37.4|0.01|0.21|43.9018|18.6958
10|45|0|90|1.5|9.7|90|47.4|37.4|0.01|0.21|43.902|18.6958
10|46|0|90|1.5|9.7|90|47.6|37.3|0.02|0.22|43.9005|18.6958
10|47|0|0|4.4|9.7|90|48.3|37.3|0.02|0.22|43.8987|19.1852
10|48|0|0|1.5|9.7|90|49.2|37.3|0.02|0.22|43.8994|19.6656
10|49|0|0|2.9|9.7|90|49.3|37.3|0.02|0.22|43.8989|19.6656
10|50|0|0|2.9|9.7|90|49.4|37.4|0.01|0.22|43.9002|19.6656
10|51|0|315|1.6|9.7|90|49.2|37.4|0.01|0.22|43.902|19.6656
10|52|0|270|2.9|9.7|90|49.2|37.5|0.01|0.22|43.8996|19.6656
10|53|0|0|4.4|9.7|90|48.7|37.4|0.01|0.22|43.8964|19.1852
10|54|0|315|1.5|9.7|90|48.4|37.5|0.01|0.22|43.8967|19.1852
10|55|0|315|4.4|9.7|90|48.6|37.4|0.01|0.22|43.8954|19.1852
10|57|0|0|4.4|9.7|90|48.7|37.1|0.01|0.22|43.8947|19.1852
10|58|0|270|2.9|9.7|90|49.5|36.8|0.01|0.22|43.8948|18.7441
10|59|0|315|4.8|9.7|90|50.0|36.6|0.01|0.22|43.8926|19.2138
11|00|0|315|2.9|9.7|90|50.0|36.7|0.01|0.22|43.8935|19.2138
11|01|0|270|1.6|9.7|90|49.6|36.8|0.01|0.22|43.892|18.7441
11|02|0|225|3.2|9.7|90|49.2|36.8|0.01|0.22|43.8893|18.7441
11|03|0|203|4.4|9.7|90|49.2|37.0|0.01|0.22|43.8895|19.6656
11|04|0|225|1.6|9.7|90|49.6|37.1|0.01|0.22|43.8895|19.6656
11|05|0|315|1.5|9.7|90|50.3|37.2|0.01|0.22|43.8918|20.1374
11|06|0|0|4.4|9.7|90|51.1|37.3|0.01|0.22|43.8881|20.6008
11|07|0|0|2.9|9.7|90|50.6|37.4|0.02|0.23|43.8865|20.1374
11|08|0|0|3.2|9.7|90|50.0|37.5|0.02|0.23|43.8838|20.1374
11|09|0|0|4.4|9.7|90|49.7|37.6|0.02|0.23|43.8845|19.6656
11|10|0|0|4.8|9.7|90|49.5|37.6|0.02|0.23|43.8853|19.6656
11|11|0|315|2.9|9.7|90|49.1|37.6|0.02|0.23|43.8867|19.6656
11|12|0|0|2.9|9.7|90|49.3|37.6|0.02|0.23|43.885|19.6656
11|13|0|315|5.8|9.7|90|50.5|37.6|0.02|0.23|43.8826|20.1374
11|14|0|315|4.4|9.7|90|51.4|37.6|0.02|0.23|43.8817|20.6008
11|15|0|0|2.9|9.7|90|51.3|37.6|0.02|0.23|43.8824|20.6008
11|17|0|0|2.9|9.7|90|50.5|37.6|0.02|0.23|43.8793|20.1374
11|18|0|0|3.2|9.7|90|49.8|37.6|0.02|0.23|43.8803|19.6656
11|19|0|338|4.4|9.7|90|49.4|37.6|0.02|0.23|43.8805|19.6656
11|20|0|0|4.8|9.7|90|49.1|37.5|0.02|0.23|43.8815|19.6656
11|21|0|0|2.9|9.7|90|48.8|37.6|0.02|0.23|43.8819|19.1852
11|22|0|0|1.6|9.7|90|49.0|37.6|0.02|0.23|43.8804|19.6656
11|23|0|0|2.9|9.7|90|49.8|37.6|0.02|0.23|43.8788|19.6656
11|24|0|270|0.0|9.7|90|49.4|37.6|0.02|0.23|43.8789|19.6656
11|25|0|0|3.2|9.7|90|49.0|37.7|0.02|0.23|43.8776|19.6656
11|26|0|23|1.5|9.7|90|48.7|37.8|0.02|0.23|43.8769|19.1852
11|27|0|315|4.8|9.7|90|48.8|37.8|0.02|0.23|43.8763|19.1852
11|28|0|315|8.7|9.7|90|50.4|37.8|0.02|0.23|43.8725|20.1374
11|29|0|0|4.4|10.2|315|50.3|37.6|0.02|0.23|43.8716|20.1374
11|30|0|0|4.4|10.2|315|50.7|37.6|0.02|0.23|43.871|20.1374
11|32|0|315|4.4|10.2|315|50.3|37.8|0.02|0.23|43.8717|20.1374
11|33|0|0|5.8|10.2|315|49.8|37.8|0.02|0.23|43.8683|19.6656
11|34|0|338|3.2|10.2|315|49.2|38.0|0.02|0.23|43.8703|20.5869
11|35|0|315|4.4|10.2|315|49.8|38.1|0.02|0.23|43.8692|20.5869
11|38|0|315|5.8|10.2|315|50.2|38.0|0.02|0.23|43.8647|21.0608
11|39|0|0|4.4|10.2|315|50.5|37.8|0.02|0.23|43.8624|20.1374
11|40|0|0|4.4|10.2|315|51.3|38.0|0.02|0.23|43.8629|21.5263
11|41|0|0|4.4|10.2|315|50.6|38.0|0.02|0.23|43.8617|21.0608
11|42|0|0|3.2|10.2|315|49.6|38.1|0.02|0.23|43.8605|20.5869
11|43|0|315|4.8|10.2|315|48.8|38.2|0.02|0.23|43.8579|20.1044
11|44|0|0|4.4|10.2|315|49.0|38.2|0.02|0.23|43.8572|20.5869
11|45|0|0|3.2|10.2|315|48.4|38.3|0.02|0.23|43.8573|20.1044
11|46|0|0|2.9|10.2|315|48.2|38.4|0.01|0.23|43.8571|20.1044
11|47|0|0|1.5|10.2|315|47.9|38.6|0.01|0.23|43.8563|19.6128
11|48|0|0|4.4|10.2|315|48.9|38.7|0.01|0.23|43.859|20.1044
11|49|0|45|2.9|10.2|315|48.0|38.7|0.01|0.23|43.8572|20.1044
11|51|0|315|4.4|10.2|315|47.5|39.1|0.01|0.23|43.8592|20.5296
11|52|0|315|5.8|10.2|315|48.1|39.0|0.01|0.23|43.8587|21.0233
11|53|0|315|4.4|10.2|315|48.7|38.7|0.01|0.23|43.8552|20.1044
11|54|0|315|5.8|10.2|315|49.2|38.7|0.01|0.23|43.8576|20.5869
11|55|0|315|7.3|10.2|315|49.4|38.5|0.01|0.23|43.8536|20.5869
11|56|0|315|4.4|10.2|315|48.9|38.4|0.01|0.23|43.8524|20.1044
11|57|0|270|1.6|10.2|315|48.1|38.6|0.01|0.23|43.852|20.1044
11|59|0|315|2.9|10.2|315|48.2|38.7|0.02|0.24|43.8514|20.1044
12|01|0|0|4.8|10.2|315|48.4|38.7|0.02|0.24|43.8512|20.1044
12|02|0|0|2.9|10.2|315|48.4|38.9|0.02|0.24|43.852|20.1044
12|03|0|0|4.4|10.2|315|47.6|38.7|0.02|0.24|43.8497|19.6128
12|04|0|315|4.4|10.2|315|48.7|38.7|0.02|0.24|43.8488|20.1044
12|05|0|0|2.9|10.2|315|48.0|38.9|0.02|0.24|43.8492|20.1044
12|06|0|315|8.1|10.2|315|48.5|39.0|0.02|0.24|43.849|21.0233
12|07|0|315|5.8|10.2|315|48.2|38.9|0.01|0.24|43.8483|20.1044
12|08|0|315|4.4|10.2|315|48.7|39.0|0.01|0.24|43.8469|21.0233
12|09|0|315|2.9|10.2|315|48.4|39.0|0.01|0.24|43.8459|21.0233
12|10|0|315|5.8|10.2|315|49.4|39.1|0.01|0.24|43.8429|21.508
12|11|0|315|4.4|10.2|315|49.2|39.1|0.01|0.24|43.8425|21.508
12|12|0|315|4.4|10.2|315|49.8|39.2|0.01|0.24|43.8417|21.508
12|13|0|315|6.4|10.2|315|49.3|39.2|0.01|0.24|43.8411|21.508
12|14|0|270|4.4|10.2|315|48.8|39.0|0.01|0.24|43.8427|21.0233
12|15|0|315|4.4|10.2|315|48.8|39.0|0.01|0.24|43.84|21.0233
12|16|0|315|8.7|10.2|315|48.6|39.0|0.01|0.24|43.8381|21.0233
12|17|0|270|5.8|10.2|315|48.3|38.9|0.01|0.24|43.8401|20.1044
12|19|0|315|7.3|13.1|270|47.7|38.7|0.01|0.24|43.8384|19.6128
12|20|0|338|8.7|13.1|270|49.6|38.7|0.01|0.24|43.8409|20.5869
12|21|0|0|5.8|13.1|270|49.3|38.7|0.01|0.24|43.8425|20.5869
12|22|0|0|3.2|13.1|270|48.7|38.7|0.01|0.24|43.8392|20.1044
12|23|0|0|4.4|13.1|270|47.9|38.7|0.01|0.24|43.8382|19.6128
12|24|0|315|5.8|13.1|270|48.3|38.6|0.01|0.24|43.8348|20.1044
12|25|0|0|5.8|13.1|270|48.5|38.5|0.01|0.24|43.8339|20.1044
12|26|0|315|4.4|13.1|270|48.3|38.5|0.01|0.24|43.8302|20.1044
12|28|0|315|2.9|13.1|270|48.2|38.7|0.01|0.24|43.8324|20.1044
12|29|0|315|7.3|13.1|270|48.3|38.6|0.01|0.24|43.8313|20.1044
12|30|0|315|5.8|13.1|270|47.4|38.6|0.01|0.24|43.8308|19.6128
12|31|0|0|3.2|13.1|270|47.3|38.6|0.01|0.24|43.828|19.6128
12|32|0|315|4.4|13.1|270|47.2|38.7|0.01|0.24|43.8249|19.6128
12|33|0|315|4.4|13.1|270|46.9|38.9|0.01|0.24|43.8221|19.1119
12|34|0|315|2.9|13.1|270|47.7|39.0|0.02|0.25|43.82|20.5296
12|36|0|315|6.4|13.1|270|48.0|39.1|0.02|0.25|43.8143|21.0233
12|37|0|315|5.8|13.1|270|47.5|39.2|0.02|0.25|43.8125|20.5296
12|38|0|315|6.4|13.1|270|46.8|39.3|0.02|0.25|43.8095|20.0265
12|41|0|23|4.4|13.1|270|47.1|39.4|0.02|0.25|43.8074|20.5296
12|42|0|45|2.9|13.1|270|46.3|39.7|0.02|0.25|43.8052|20.0265
12|43|0|315|10.2|13.1|270|46.1|39.5|0.02|0.25|43.7995|20.0265
12|44|0|315|5.8|13.1|270|45.7|39.5|0.02|0.25|43.8|19.5136
12|46|0|315|4.4|13.1|270|45.3|39.5|0.02|0.25|43.8001|19.5136
12|47|0|315|8.7|13.1|270|46.7|39.7|0.02|0.25|43.7999|20.0265
12|48|0|270|7.3|13.1|270|45.7|39.4|0.02|0.25|43.7964|19.5136
12|49|0|315|7.3|13.1|270|45.0|39.3|0.02|0.25|43.7971|19.5136
12|50|0|315|8.7|13.1|270|45.5|39.3|0.02|0.25|43.796|19.5136
12|51|0|315|3.2|13.1|270|44.6|39.2|0.02|0.25|43.7937|18.9905
12|52|0|315|7.3|13.1|270|44.5|39.0|0.02|0.25|43.792|18.9905
12|53|0|338|4.4|13.1|270|44.7|39.2|0.02|0.25|43.7868|18.9905
12|54|0|315|6.5|13.1|270|44.4|39.4|0.02|0.25|43.788|18.9905
12|55|0|0|5.8|13.1|270|44.5|39.4|0.02|0.25|43.7843|18.9905
12|56|0|0|1.5|13.1|270|44.2|39.5|0.02|0.25|43.7844|18.9905
12|57|0|315|6.4|13.1|270|44.6|39.8|0.01|0.25|43.7836|18.9905
12|58|0|0|7.3|13.1|270|44.8|40.0|0.01|0.25|43.7842|19.9003
12|59|0|338|3.2|13.1|270|44.2|40.2|0.01|0.25|43.7849|19.9003
13|01|0|315|10.2|13.1|270|44.3|40.4|0.01|0.25|43.7794|19.9003
13|02|0|0|11.3|14.5|315|44.1|40.3|0.01|0.25|43.7764|19.9003
13|03|0|270|4.4|14.5|315|42.1|40.2|0.01|0.25|43.7797|18.8168
13|04|0|315|3.2|14.5|315|42.0|40.4|0.01|0.25|43.7788|18.8168
13|05|0|315|8.7|14.5|315|42.5|40.4|0.01|0.25|43.7748|18.8168
13|06|0|315|7.3|14.5|315|44.2|40.5|0.01|0.25|43.7778|19.9003
13|07|0|315|7.3|14.5|315|43.4|40.4|0.01|0.25|43.7746|19.3642
13|08|0|0|5.8|14.5|315|42.9|40.5|0.01|0.25|43.7725|18.8168
13|09|0|315|9.7|14.5|315|42.7|40.7|0.01|0.25|43.7738|18.8168
13|10|0|315|10.2|14.5|315|42.8|40.2|0.01|0.25|43.7733|18.8168
13|11|0|315|4.8|14.5|315|42.7|40.1|0.01|0.25|43.7717|18.8168
13|12|0|0|7.3|14.5|315|42.0|40.1|0.01|0.25|43.7706|18.8168
13|13|0|0|4.8|14.5|315|41.1|40.1|0.01|0.25|43.7754|18.2578
13|15|0|315|2.9|14.5|315|41.9|39.7|0.01|0.25|43.7676|17.3551
13|16|0|315|3.2|14.5|315|41.6|39.7|0.01|0.25|43.7653|17.3551
13|17|0|0|4.4|14.5|315|42.1|39.8|0.01|0.25|43.7656|17.9117
13|18|0|0|8.1|14.5|315|42.0|39.8|0.01|0.25|43.7632|17.9117
13|19|0|0|8.7|14.5|315|41.8|39.8|0.01|0.25|43.7601|17.3551
13|20|0|0|7.3|14.5|315|41.9|39.7|0.01|0.25|43.7613|17.3551
13|21|0|23|4.4|14.5|315|41.2|39.7|0.01|0.25|43.7686|17.3551
13|23|0|315|5.8|14.5|315|41.7|39.7|0.01|0.25|43.7642|17.3551
13|24|0|315|8.7|14.5|315|43.1|39.7|0.01|0.25|43.762|18.4567
13|25|0|315|8.7|14.5|315|43.1|39.5|0.01|0.25|43.7628|18.4567
13|27|0|315|5.8|14.5|315|42.3|39.5|0.01|0.25|43.7601|17.9117
13|28|0|315|7.3|14.5|315|41.7|39.5|0.01|0.25|43.7573|17.3551
13|29|0|315|4.8|14.5|315|41.5|39.7|0.01|0.25|43.7546|17.3551
13|31|0|0|4.8|14.5|315|41.1|40.1|0.02|0.26|43.7509|18.2578
13|32|0|0|2.9|14.5|315|41.3|40.3|0.02|0.26|43.7494|18.2578
13|33|0|315|6.4|14.5|315|42.4|40.3|0.02|0.26|43.7481|18.8168
13|34|0|315|4.4|14.5|315|43.0|40.3|0.01|0.26|43.7472|19.3642
13|35|0|338|4.4|14.5|315|42.9|40.2|0.01|0.26|43.7446|18.8168
13|36|0|315|3.2|14.5|315|42.3|40.3|0.02|0.28|43.743|18.8168
13|37|0|315|4.4|14.5|315|42.3|40.5|0.02|0.28|43.7437|18.8168
13|39|0|0|5.8|14.5|315|42.3|40.7|0.02|0.28|43.7435|18.8168
13|40|0|0|2.9|14.5|315|41.2|40.7|0.02|0.28|43.7436|18.2578
13|41|0|315|4.4|14.5|315|41.2|40.8|0.02|0.28|43.744|18.2578
13|42|0|315|4.4|14.5|315|41.1|40.9|0.02|0.28|43.7424|18.2578
13|45|0|0|1.5|14.5|315|40.0|41.0|0.02|0.28|43.7394|18.5865
13|46|0|0|4.8|14.5|315|39.4|41.1|0.02|0.28|43.7396|17.9998
13|47|0|0|7.3|14.5|315|39.5|40.8|0.02|0.28|43.7411|17.1024
13|49|0|0|5.8|14.5|315|41.4|40.4|0.02|0.28|43.7309|18.2578
13|50|0|315|5.8|14.5|315|41.7|40.5|0.02|0.28|43.7323|18.2578
13|51|0|315|4.4|14.5|315|42.2|40.4|0.02|0.28|43.7284|18.8168
13|52|0|0|4.4|14.5|315|42.3|40.5|0.02|0.28|43.7286|18.8168
13|54|0|315|5.8|14.5|315|42.1|40.5|0.02|0.28|43.7248|18.8168
13|55|0|315|3.2|14.5|315|42.1|40.7|0.02|0.28|43.7233|18.8168
13|56|0|0|4.8|14.5|315|42.1|40.8|0.02|0.28|43.7211|18.8168
13|57|0|0|5.8|14.5|315|40.8|41.0|0.02|0.28|43.7227|18.5865
13|58|0|45|3.2|14.5|315|40.4|41.0|0.02|0.28|43.7195|18.5865
13|59|0|0|5.8|14.5|315|39.8|41.1|0.02|0.28|43.718|17.9998
14|00|0|315|7.3|14.5|315|39.6|41.2|0.02|0.28|43.7171|17.9998
14|02|0|270|4.4|14.5|315|39.9|41.3|0.02|0.28|43.7151|17.9998
14|03|0|315|7.3|14.5|315|40.0|41.5|0.02|0.28|43.7126|18.5865
14|04|0|315|5.8|14.5|315|39.7|41.5|0.02|0.28|43.7145|17.9998
14|05|0|315|5.8|14.5|315|39.4|41.5|0.03|0.29|43.7126|17.9998
14|06|0|315|4.4|14.5|315|40.0|41.6|0.03|0.29|43.714|18.5865
14|07|0|315|3.2|14.5|315|40.1|41.7|0.03|0.29|43.7113|18.5865
14|08|0|0|2.9|14.5|315|39.5|41.8|0.03|0.29|43.7119|17.9998
14|09|0|315|1.6|14.5|315|38.6|42.0|0.03|0.29|43.7086|18.2943
14|10|0|0|4.4|14.5|315|39.7|42.0|0.04|0.30|43.7069|18.897
14|11|0|315|5.8|14.5|315|39.2|42.1|0.04|0.30|43.7064|18.897
14|12|0|315|3.2|14.5|315|39.4|42.2|0.04|0.30|43.7066|18.897
14|13|0|315|2.9|14.5|315|39.5|42.3|0.04|0.30|43.7064|18.897
14|14|0|315|1.6|14.5|315|39.0|42.6|0.04|0.30|43.7073|18.897
14|16|0|270|4.4|14.5|315|37.3|42.7|0.04|0.30|43.7054|17.6773
14|17|0|0|3.2|14.5|315|37.8|42.7|0.04|0.30|43.7057|17.6773
14|18|0|315|5.8|14.5|315|38.9|42.5|0.04|0.30|43.706|18.2943
14|19|0|315|8.1|14.5|315|39.3|42.3|0.04|0.30|43.7004|18.897
14|20|0|315|4.4|14.5|315|39.4|42.3|0.04|0.30|43.7019|18.897
14|23|0|270|4.4|14.5|315|38.5|42.2|0.04|0.30|43.6993|18.2943
14|24|0|315|5.8|14.5|315|38.3|42.0|0.04|0.30|43.698|18.2943
14|25|0|315|5.8|14.5|315|38.8|41.9|0.04|0.30|43.697|17.3997
14|26|0|315|2.9|14.5|315|39.0|41.7|0.04|0.30|43.7011|17.9998
14|27|0|315|2.9|14.5|315|38.9|41.8|0.04|0.30|43.6964|17.3997
14|28|0|0|4.4|14.5|315|38.8|41.7|0.04|0.30|43.691|17.3997
14|29|0|0|4.4|14.5|315|38.1|41.8|0.04|0.30|43.6938|17.3997
14|31|0|270|4.4|14.5|315|37.8|42.0|0.03|0.30|43.6911|17.6773
14|32|0|315|5.8|14.5|315|38.5|41.9|0.03|0.30|43.6866|17.3997
14|33|0|270|3.2|14.5|315|39.8|42.0|0.03|0.30|43.6862|18.897
14|34|0|270|4.4|14.5|315|39.1|42.1|0.03|0.30|43.6855|18.897
14|35|0|315|6.4|14.5|315|38.8|41.9|0.03|0.30|43.6853|17.3997
14|36|0|315|2.9|14.5|315|38.3|41.8|0.03|0.30|43.6852|17.3997
14|37|0|0|5.8|14.5|315|38.8|41.9|0.02|0.30|43.6863|17.3997
14|38|0|0|6.4|14.5|315|39.3|41.8|0.02|0.30|43.6834|17.9998
14|39|0|0|7.3|14.5|315|39.2|41.9|0.02|0.30|43.6834|17.9998
14|40|0|0|1.5|14.5|315|39.1|41.9|0.02|0.30|43.6847|17.9998
14|41|0|315|1.5|14.5|315|39.3|42.1|0.02|0.30|43.6858|18.897
14|42|0|0|2.9|14.5|315|39.7|42.0|0.02|0.30|43.685|18.897
14|44|0|0|5.8|14.5|315|39.9|42.0|0.02|0.30|43.6842|18.897
14|45|0|0|5.8|14.5|315|39.4|42.0|0.02|0.30|43.6853|18.897
14|46|0|315|5.8|14.5|315|38.6|41.9|0.02|0.30|43.6826|17.3997
14|47|0|315|7.3|14.5|315|38.9|41.8|0.02|0.30|43.6818|17.3997
14|48|0|0|5.8|14.5|315|39.2|41.7|0.02|0.30|43.6819|17.9998
14|49|0|0|6.4|14.5|315|38.4|41.7|0.02|0.30|43.6844|17.3997
14|50|0|0|5.8|14.5|315|38.4|41.6|0.02|0.30|43.6841|17.3997
14|51|0|0|4.8|14.5|315|38.0|41.6|0.02|0.30|43.6823|17.3997
14|52|0|0|1.6|14.5|315|38.0|41.5|0.02|0.30|43.6814|17.3997
14|53|0|315|2.9|14.5|315|38.5|41.5|0.02|0.30|43.6788|17.3997
14|54|0|0|3.2|14.5|315|38.9|41.5|0.02|0.30|43.6774|17.3997
14|55|0|0|1.5|14.5|315|38.9|41.6|0.02|0.30|43.678|17.3997
14|56|0|270|5.8|14.5|315|38.8|41.6|0.02|0.30|43.6733|17.3997
14|58|0|0|3.2|14.5|315|40.7|41.5|0.02|0.30|43.6761|18.5865
14|59|0|0|4.8|14.5|315|40.3|41.6|0.02|0.30|43.674|18.5865
15|00|0|0|2.9|14.5|315|39.5|41.7|0.02|0.30|43.6759|17.9998
15|01|0|0|3.2|14.5|315|39.1|41.8|0.02|0.30|43.6771|17.9998
15|02|0|0|2.9|14.5|315|38.3|41.8|0.02|0.30|43.6732|17.3997
15|04|0|315|4.8|14.5|315|38.5|41.9|0.01|0.30|43.6746|17.3997
15|05|0|315|7.3|14.5|315|38.9|41.9|0.01|0.30|43.6721|17.3997
15|07|0|0|4.8|14.5|315|38.5|41.8|0.01|0.30|43.6717|17.3997
15|08|0|315|4.4|14.5|315|38.8|41.9|0.01|0.30|43.6709|17.3997
15|09|0|315|7.3|14.5|315|38.8|41.7|0.01|0.30|43.6681|17.3997
15|10|0|315|4.4|14.5|315|39.0|41.7|0.00|0.30|43.6706|17.9998
15|11|0|225|4.4|14.5|315|38.4|41.8|0.00|0.30|43.6707|17.3997
15|12|0|270|4.4|14.5|315|38.0|41.9|0.00|0.30|43.6723|17.3997
15|13|0|225|1.5|14.5|315|37.8|42.0|0.00|0.30|43.6708|17.6773
15|14|0|270|1.5|14.5|315|37.7|42.2|0.00|0.30|43.672|17.6773
15|15|0|315|1.6|14.5|315|37.7|42.5|0.00|0.30|43.6683|17.6773
15|17|0|315|1.6|14.5|315|37.3|42.8|0.01|0.31|43.6708|17.6773
15|18|0|0|1.5|14.5|315|37.7|42.9|0.01|0.31|43.6706|17.6773
15|19|0|338|5.8|14.5|315|37.9|43.0|0.01|0.31|43.6695|18.569
15|21|0|315|2.9|14.5|315|38.3|43.0|0.01|0.31|43.671|19.1887
15|22|0|270|3.2|14.5|315|37.6|42.9|0.01|0.31|43.6704|17.6773
15|23|0|315|5.8|14.5|315|38.3|42.8|0.01|0.31|43.6695|18.2943
15|25|0|315|5.8|14.5|315|38.1|42.6|0.01|0.31|43.6688|18.2943
15|26|0|225|4.4|14.5|315|38.2|42.5|0.01|0.31|43.6722|18.2943
15|27|0|315|4.4|14.5|315|38.5|42.1|0.01|0.31|43.6741|18.2943
15|28|0|315|2.9|14.5|315|38.0|42.0|0.01|0.31|43.6756|18.2943
15|29|0|315|6.4|14.5|315|38.4|41.8|0.01|0.31|43.6733|17.3997
15|30|0|315|5.8|14.5|315|39.1|41.6|0.01|0.31|43.6699|17.9998
15|31|0|315|5.8|14.5|315|40.1|41.5|0.01|0.31|43.669|18.5865
15|32|0|270|5.8|14.5|315|39.3|41.3|0.01|0.31|43.6676|17.9998
15|33|0|315|2.9|14.5|315|40.1|41.3|0.01|0.31|43.6722|18.5865
15|34|0|270|4.4|14.5|315|40.4|41.5|0.01|0.31|43.6701|18.5865
15|35|0|270|8.1|14.5|315|39.7|41.5|0.01|0.31|43.6649|17.9998
15|36|0|315|4.4|14.5|315|39.7|41.3|0.01|0.31|43.6651|17.9998
15|37|0|315|4.8|14.5|315|39.2|41.2|0.01|0.31|43.6591|17.9998
15|38|0|270|5.8|14.5|315|39.4|41.2|0.01|0.31|43.6594|17.9998
15|39|0|270|4.4|14.5|315|39.1|41.3|0.01|0.31|43.6595|17.9998
15|40|0|315|7.3|14.5|315|38.8|41.5|0.01|0.31|43.6569|17.3997
15|41|0|270|2.9|14.5|315|39.8|41.2|0.01|0.31|43.661|17.9998
15|42|0|270|5.8|14.5|315|40.5|41.1|0.01|0.31|43.6646|18.5865
15|43|0|315|4.4|14.5|315|40.2|40.9|0.01|0.31|43.6651|17.6865
15|45|0|270|5.8|14.5|315|40.9|40.8|0.01|0.31|43.6599|17.6865
15|46|0|315|8.7|14.5|315|41.1|40.7|0.01|0.31|43.656|18.2578
15|48|0|315|5.8|14.5|315|41.5|40.5|0.01|0.31|43.6557|18.2578
15|49|0|0|4.8|14.5|315|41.1|40.7|0.01|0.31|43.6531|18.2578
15|50|0|315|5.8|14.5|315|40.3|40.7|0.01|0.31|43.6501|17.6865
15|51|0|315|3.2|14.5|315|40.5|40.7|0.01|0.31|43.6528|17.6865
15|52|0|315|2.9|14.5|315|40.7|40.8|0.01|0.31|43.6557|17.6865
15|53|0|270|5.8|14.5|315|41.3|40.7|0.01|0.31|43.6507|18.2578
15|54|0|315|4.4|14.5|315|41.0|40.7|0.01|0.31|43.6469|18.2578
15|55|0|315|5.8|14.5|315|42.2|40.7|0.01|0.31|43.6454|18.8168
15|56|0|0|8.7|14.5|315|42.6|40.8|0.01|0.31|43.6418|18.8168
15|57|0|315|5.8|14.5|315|41.3|40.9|0.01|0.31|43.6402|18.2578
15|58|0|0|5.8|14.5|315|41.5|40.9|0.01|0.31|43.639|18.2578
15|59|0|0|4.4|14.5|315|40.6|41.0|0.01|0.31|43.639|18.5865
16|00|0|315|2.9|14.5|315|40.3|41.0|0.02|0.32|43.6398|18.5865
16|02|0|315|4.4|14.5|315|41.0|41.0|0.02|0.32|43.645|19.1602
16|03|0|338|5.8|14.5|315|41.1|40.8|0.02|0.32|43.6474|18.2578
16|04|0|315|5.8|14.5|315|41.2|40.7|0.02|0.32|43.6486|18.2578
16|05|0|315|6.5|14.5|315|41.9|40.4|0.02|0.32|43.6459|18.2578
16|06|0|315|4.4|14.5|315|42.0|40.3|0.02|0.32|43.649|18.8168
16|07|0|315|4.4|14.5|315|42.2|40.2|0.02|0.32|43.6475|18.8168
16|08|0|315|6.4|14.5|315|41.5|40.2|0.02|0.32|43.6477|18.2578
16|10|0|0|10.2|14.5|315|41.1|40.0|0.02|0.32|43.6428|18.2578
16|11|0|0|8.1|14.5|315|41.1|39.9|0.02|0.32|43.6423|17.3551
16|12|0|315|4.4|14.5|315|41.9|39.9|0.02|0.32|43.6424|17.3551
16|13|0|0|6.4|14.5|315|42.4|39.9|0.02|0.32|43.6402|17.9117
16|14|0|0|8.7|14.5|315|41.9|39.9|0.02|0.32|43.6461|17.3551
16|15|0|0|6.4|14.5|315|41.8|39.7|0.02|0.32|43.6443|17.3551
16|16|0|315|2.9|14.5|315|42.0|39.7|0.01|0.32|43.6461|17.9117
16|17|0|0|4.4|14.5|315|42.5|39.7|0.01|0.32|43.6453|17.9117
16|18|0|315|5.8|14.5|315|42.2|39.5|0.01|0.32|43.6437|17.9117
16|19|0|315|4.8|14.5|315|43.0|39.4|0.01|0.32|43.6435|18.4567
16|20|0|315|7.3|14.5|315|43.6|39.3|0.01|0.32|43.6409|18.4567
16|21|0|315|8.0|14.5|315|43.4|39.3|0.01|0.32|43.6407|18.4567
16|23|0|338|4.4|14.5|315|44.1|39.2|0.01|0.32|43.6415|18.9905
16|24|0|315|5.8|14.5|315|43.9|39.2|0.01|0.32|43.6405|18.4567
16|25|0|0|4.4|14.5|315|44.0|39.2|0.01|0.32|43.6409|18.9905
16|26|0|315|4.4|14.5|315|43.8|39.3|0.01|0.32|43.6373|18.4567
16|27|0|315|6.4|14.5|315|43.8|39.3|0.01|0.32|43.6366|18.4567
16|28|0|315|7.3|14.5|315|43.6|39.3|0.01|0.32|43.6366|18.4567
16|29|0|338|4.8|14.5|315|44.3|39.3|0.01|0.32|43.6383|18.9905
16|30|0|315|8.7|14.5|315|44.1|39.3|0.01|0.32|43.6366|18.9905
16|31|0|315|4.4|14.5|315|44.1|39.2|0.01|0.32|43.6379|18.9905
16|32|0|315|4.4|14.5|315|43.9|39.3|0.01|0.32|43.6366|18.4567
16|33|0|315|4.4|14.5|315|43.0|39.3|0.01|0.32|43.6348|18.4567
16|34|0|315|5.8|14.5|315|43.7|39.3|0.01|0.32|43.6338|18.4567
16|35|0|315|4.4|14.5|315|44.6|39.4|0.01|0.32|43.6358|18.9905
16|36|0|315|4.4|14.5|315|44.6|39.4|0.01|0.32|43.6341|18.9905
16|37|0|315|5.8|14.5|315|44.0|39.4|0.01|0.32|43.634|18.9905
16|38|0|270|10.2|14.5|315|43.9|39.3|0.01|0.32|43.6318|18.4567
16|39|0|315|8.7|14.5|315|43.1|39.2|0.01|0.32|43.6295|18.4567
16|40|0|315|2.9|14.5|315|43.0|39.3|0.01|0.32|43.6314|18.4567
16|41|0|315|4.8|14.5|315|43.2|39.4|0.01|0.32|43.6334|18.4567
16|42|0|315|7.3|14.5|315|43.3|39.2|0.01|0.32|43.6324|18.4567
16|45|0|315|7.3|14.5|315|43.6|39.1|0.01|0.32|43.6326|18.4567
16|46|0|315|7.3|14.5|315|43.3|38.9|0.01|0.32|43.6335|17.549
16|47|0|315|2.9|14.5|315|43.4|38.9|0.01|0.32|43.6342|17.549
16|48|0|315|7.3|14.5|315|44.1|38.9|0.01|0.32|43.6319|18.0804
16|49|0|270|3.2|14.5|315|44.2|38.9|0.01|0.32|43.6316|18.0804
16|50|0|315|4.4|14.5|315|44.0|38.7|0.01|0.32|43.6334|18.0804
16|51|0|315|6.4|14.5|315|44.6|38.7|0.01|0.32|43.6318|18.0804
16|52|0|315|5.8|14.5|315|44.4|38.6|0.01|0.32|43.6311|18.0804
16|53|0|270|7.3|14.5|315|44.2|38.6|0.01|0.32|43.6282|18.0804
16|54|0|315|6.4|14.5|315|44.0|38.5|0.01|0.32|43.6289|18.0804
16|55|0|315|2.9|14.5|315|44.4|38.6|0.01|0.32|43.6301|18.0804
16|56|0|315|3.2|14.5|315|45.0|38.6|0.01|0.32|43.6301|18.6013
16|57|0|315|6.4|14.5|315|44.8|38.5|0.01|0.32|43.6305|18.0804
16|58|0|315|4.4|14.5|315|45.1|38.4|0.02|0.33|43.6299|18.6013
16|59|0|270|3.2|14.5|315|45.5|38.4|0.02|0.33|43.6319|18.6013
17|00|0|315|2.9|14.5|315|46.1|38.4|0.01|0.33|43.6324|19.1119
17|01|0|315|2.9|14.5|315|46.1|38.4|0.01|0.33|43.6323|19.1119
17|02|0|0|5.8|14.5|315|46.2|38.3|0.01|0.33|43.6341|19.1119
17|03|0|315|4.4|14.5|315|46.6|38.2|0.01|0.33|43.6338|19.1119
17|04|0|315|7.3|14.5|315|46.3|38.0|0.01|0.33|43.6358|19.1119
17|06|0|315|8.7|14.5|315|45.6|37.7|0.01|0.33|43.6387|17.6887
17|07|0|315|2.9|14.5|315|45.9|37.6|0.01|0.33|43.6396|17.6887
17|09|0|315|5.8|14.5|315|46.2|37.4|0.01|0.33|43.6343|18.1971
17|10|0|315|3.2|14.5|315|46.2|37.5|0.01|0.33|43.6357|18.1971
17|11|0|0|7.3|14.5|315|46.3|37.4|0.01|0.33|43.6314|18.1971
17|12|0|315|8.0|14.5|315|46.3|37.3|0.01|0.33|43.6356|18.1971
17|14|0|338|4.4|14.5|315|46.6|37.2|0.01|0.33|43.6356|18.1971
17|15|0|315|4.4|14.5|315|46.6|37.2|0.01|0.33|43.6332|18.1971
17|16|0|315|7.3|14.5|315|46.8|37.2|0.01|0.33|43.6307|18.1971
17|17|0|315|4.8|14.5|315|46.9|37.2|0.01|0.33|43.6302|18.1971
17|19|0|315|5.8|14.5|315|46.5|37.1|0.01|0.33|43.6295|18.1971
17|20|0|315|4.4|14.5|315|46.6|37.0|0.01|0.33|43.6267|18.1971
17|21|0|315|5.8|14.5|315|47.3|36.8|0.01|0.33|43.627|17.7787
17|22|0|315|4.8|14.5|315|47.3|36.7|0.01|0.33|43.6253|17.7787
17|23|0|315|4.4|14.5|315|47.4|36.6|0.01|0.33|43.6228|17.7787
17|24|0|315|4.4|14.5|315|47.5|36.6|0.01|0.33|43.6218|17.7787
17|25|0|315|4.4|14.5|315|47.4|36.5|0.01|0.33|43.6211|17.7787
17|28|0|315|4.4|14.5|315|47.1|36.4|0.01|0.33|43.6208|17.7787
17|29|0|315|5.8|14.5|315|47.2|36.3|0.01|0.33|43.6229|17.7787
17|30|0|315|4.4|14.5|315|47.2|36.3|0.01|0.33|43.6234|17.7787
17|31|0|315|4.4|14.5|315|47.8|36.3|0.01|0.33|43.6232|17.7787
17|32|0|315|5.8|14.5|315|48.9|36.2|0.01|0.33|43.6267|18.2659
17|33|0|315|3.2|14.5|315|48.7|36.0|0.01|0.33|43.6276|18.2659
17|34|0|315|5.8|14.5|315|48.7|35.9|0.01|0.33|43.6303|17.3463
17|35|0|0|3.2|14.5|315|49.0|35.8|0.01|0.33|43.6311|17.8225
17|36|0|338|2.9|14.5|315|49.6|35.7|0.01|0.33|43.6333|17.8225
17|37|0|338|4.4|14.5|315|49.6|35.6|0.01|0.33|43.6335|17.8225
17|38|0|315|6.4|14.5|315|49.3|35.6|0.01|0.33|43.6351|17.8225
17|39|0|315|5.8|14.5|315|49.0|35.5|0.01|0.33|43.6366|17.8225
17|40|0|315|4.8|14.5|315|49.2|35.4|0.01|0.33|43.6387|17.8225
17|41|0|0|4.4|14.5|315|49.4|35.4|0.01|0.33|43.639|17.8225
17|42|0|315|4.4|14.5|315|49.1|35.4|0.01|0.33|43.6407|17.8225
17|43|0|315|5.8|14.5|315|48.8|35.4|0.01|0.33|43.6393|17.3463
17|44|0|0|5.8|14.5|315|48.3|35.4|0.01|0.33|43.6409|17.3463
17|45|0|315|4.8|14.5|315|48.2|35.4|0.01|0.33|43.6402|17.3463
17|46|0|315|4.4|14.5|315|48.3|35.3|0.01|0.33|43.6374|17.3463
17|47|0|315|4.4|14.5|315|48.1|35.3|0.01|0.33|43.6378|17.3463
17|49|0|315|5.8|14.5|315|48.3|35.3|0.01|0.33|43.6367|17.3463
17|50|0|0|4.4|14.5|315|48.6|35.3|0.01|0.33|43.6376|17.3463
17|51|0|315|5.8|14.5|315|48.6|35.3|0.01|0.33|43.6384|17.3463
17|52|0|315|5.8|14.5|315|48.6|35.3|0.01|0.33|43.638|17.3463
17|55|0|315|4.4|14.5|315|48.6|35.0|0.01|0.33|43.642|17.3463
17|56|0|315|4.4|14.5|315|48.6|34.9|0.01|0.33|43.6403|16.4267
17|57|0|315|8.7|14.5|315|48.6|34.9|0.01|0.33|43.6406|16.4267
17|58|0|315|2.9|14.5|315|48.7|34.8|0.00|0.33|43.6416|16.4267
17|59|0|315|4.4|14.5|315|49.0|34.8|0.00|0.33|43.6413|16.9007
18|00|0|315|4.8|14.5|315|49.4|34.7|0.00|0.33|43.6413|16.9007
18|01|0|0|2.9|14.5|315|49.3|34.6|0.00|0.33|43.6403|16.9007
18|02|0|315|5.8|14.5|315|49.3|34.6|0.00|0.33|43.6426|16.9007
18|03|0|315|2.9|14.5|315|49.0|34.6|0.00|0.33|43.6438|16.9007
18|04|0|315|4.4|14.5|315|49.2|34.5|0.00|0.33|43.6446|16.9007
18|05|0|338|3.2|14.5|315|49.6|34.5|0.00|0.33|43.6445|16.9007
18|06|0|315|2.9|14.5|315|49.5|34.4|0.00|0.33|43.6469|16.9007
18|07|0|315|4.8|14.5|315|49.7|34.4|0.00|0.33|43.6434|16.9007
18|08|0|315|2.9|14.5|315|49.7|34.4|0.00|0.33|43.6478|16.9007
18|10|0|315|2.9|14.5|315|49.7|34.4|0.00|0.33|43.6454|16.9007
18|11|0|315|2.9|14.5|315|49.6|34.2|0.00|0.33|43.6454|16.9007
18|12|0|338|2.9|14.5|315|49.7|34.2|0.00|0.33|43.6426|16.9007
18|13|0|315|2.9|14.5|315|49.8|34.2|0.00|0.33|43.6444|16.9007
18|14|0|315|2.9|14.5|315|49.7|34.2|0.00|0.33|43.6402|16.9007
18|15|0|315|3.2|14.5|315|49.4|34.2|0.00|0.33|43.642|16.9007
18|16|0|315|1.5|14.5|315|49.2|34.2|0.00|0.33|43.6409|16.9007
18|17|0|315|1.6|14.5|315|49.4|34.2|0.00|0.33|43.6407|16.9007
18|18|0|315|1.5|14.5|315|49.6|34.2|0.00|0.33|43.6414|16.9007
18|19|0|270|1.5|14.5|315|49.5|34.2|0.00|0.33|43.6399|16.9007
18|20|0|270|1.6|14.5|315|49.6|34.2|0.00|0.33|43.6379|16.9007
18|21|0|270|1.5|14.5|315|50.0|34.2|0.00|0.33|43.6398|17.3662
18|22|0|180|1.5|14.5|315|50.2|34.2|0.00|0.33|43.6387|17.3662
18|23|0|180|0.0|14.5|315|50.4|34.4|0.00|0.33|43.6415|17.3662
18|25|0|180|1.6|14.5|315|50.7|34.4|0.00|0.33|43.6419|17.3662
18|26|0|180|0.0|14.5|315|50.6|34.4|0.00|0.33|43.6429|17.3662
18|27|0|180|0.0|14.5|315|50.5|34.4|0.01|0.34|43.6452|17.3662
18|28|0|270|1.6|14.5|315|50.4|34.4|0.01|0.34|43.642|17.3662
18|29|0|225|1.5|14.5|315|50.3|34.4|0.01|0.34|43.6431|17.3662
18|32|0|225|1.5|14.5|315|50.3|34.2|0.01|0.34|43.6451|17.3662
18|33|0|225|0.0|14.5|315|50.2|34.4|0.02|0.35|43.646|17.3662
18|34|0|225|0.0|14.5|315|50.1|34.2|0.02|0.35|43.6477|17.3662
18|36|0|270|0.0|14.5|315|49.6|34.2|0.02|0.35|43.6487|16.9007
18|37|0|270|0.0|14.5|315|49.5|34.2|0.02|0.35|43.6505|16.9007
18|39|0|270|0.0|14.5|315|50.0|34.2|0.02|0.35|43.6544|17.3662
18|40|0|270|0.0|14.5|315|49.7|34.1|0.02|0.35|43.6527|16.9007
18|41|0|270|1.5|14.5|315|49.7|34.1|0.02|0.35|43.6556|16.9007
18|42|0|270|1.6|14.5|315|50.0|34.1|0.02|0.35|43.6538|17.3662
18|43|0|270|0.0|14.5|315|50.0|34.1|0.02|0.35|43.6559|17.3662
18|44|0|270|0.0|14.5|315|50.2|34.0|0.02|0.35|43.6547|17.3662
18|45|0|225|1.5|14.5|315|50.5|34.0|0.02|0.35|43.655|17.3662
18|46|0|225|0.0|14.5|315|50.6|33.9|0.02|0.35|43.6565|16.4421
18|48|0|225|0.0|14.5|315|51.1|33.9|0.02|0.35|43.6555|16.8974
18|49|0|225|0.0|14.5|315|51.3|33.8|0.02|0.35|43.6541|16.8974
18|50|0|225|0.0|14.5|315|51.7|33.8|0.02|0.35|43.6541|16.8974
18|51|0|225|0.0|14.5|315|52.0|33.7|0.02|0.35|43.6532|17.3447
18|52|0|225|0.0|14.5|315|52.2|33.7|0.02|0.35|43.6547|17.3447
18|54|0|225|0.0|14.5|315|52.2|33.7|0.02|0.35|43.6564|17.3447
18|56|0|225|0.0|14.5|315|52.3|33.6|0.02|0.35|43.6548|17.3447
18|57|0|225|0.0|14.5|315|52.2|33.6|0.02|0.35|43.6564|17.3447
18|58|0|225|0.0|14.5|315|52.2|33.6|0.02|0.35|43.6572|17.3447
18|59|0|225|0.0|14.5|315|52.1|33.5|0.02|0.35|43.6555|17.3447
19|00|0|225|0.0|14.5|315|51.9|33.5|0.03|0.36|43.6579|16.8974
19|01|0|225|0.0|14.5|315|51.8|33.3|0.03|0.36|43.6592|16.8974
19|02|0|225|0.0|14.5|315|51.7|33.3|0.03|0.36|43.6579|16.8974
19|03|0|225|0.0|14.5|315|51.7|33.2|0.03|0.36|43.6573|16.8974
19|04|0|225|0.0|14.5|315|51.6|33.2|0.03|0.36|43.658|16.8974
19|05|0|225|0.0|14.5|315|51.6|33.2|0.03|0.36|43.6594|16.8974
19|06|0|225|1.5|14.5|315|51.7|33.1|0.03|0.36|43.6606|16.8974
19|07|0|225|0.0|14.5|315|51.8|33.1|0.03|0.36|43.6595|16.8974
19|08|0|225|0.0|14.5|315|51.8|33.1|0.03|0.36|43.6595|16.8974
19|09|0|225|0.0|14.5|315|51.8|33.0|0.03|0.36|43.6589|16.8974
19|10|0|225|0.0|14.5|315|51.9|33.0|0.03|0.36|43.6587|16.8974
19|11|0|225|0.0|14.5|315|51.9|33.0|0.03|0.36|43.6585|16.8974
19|12|0|225|0.0|14.5|315|51.9|33.0|0.03|0.36|43.6617|16.8974
19|13|0|225|0.0|14.5|315|51.8|33.0|0.03|0.36|43.6606|16.8974
19|14|0|225|0.0|14.5|315|51.9|33.0|0.03|0.36|43.6585|16.8974
19|18|0|225|0.0|14.5|315|53.1|32.9|0.03|0.36|43.653|16.8543
19|19|0|225|0.0|14.5|315|53.2|32.9|0.03|0.36|43.6519|16.8543
19|20|0|225|1.5|14.5|315|53.7|32.9|0.03|0.36|43.6494|16.8543
19|21|0|225|1.6|14.5|315|54.0|32.8|0.03|0.36|43.6484|17.2849
19|22|0|225|1.5|14.5|315|54.2|32.8|0.03|0.36|43.6464|17.2849
19|23|0|225|0.0|14.5|315|54.4|32.8|0.03|0.36|43.6478|17.2849
19|24|0|225|0.0|14.5|315|54.3|32.7|0.03|0.36|43.6435|17.2849
19|25|0|225|0.0|14.5|315|54.4|32.7|0.03|0.36|43.6441|17.2849
19|26|0|225|0.0|14.5|315|54.4|32.6|0.03|0.36|43.6431|17.2849
19|27|0|225|0.0|14.5|315|54.3|32.6|0.02|0.36|43.6435|17.2849
19|28|0|225|0.0|14.5|315|54.4|32.6|0.02|0.36|43.6426|17.2849
19|30|0|225|0.0|14.5|315|54.3|32.5|0.02|0.36|43.6464|17.2849
19|31|0|225|0.0|14.5|315|54.1|32.5|0.02|0.36|43.6466|17.2849
19|32|0|225|0.0|14.5|315|53.9|32.5|0.01|0.36|43.6473|16.8543
19|33|0|225|0.0|14.5|315|54.2|32.5|0.01|0.36|43.6478|17.2849
19|34|0|225|0.0|14.5|315|54.4|32.5|0.01|0.36|43.6479|17.2849
19|35|0|225|0.0|14.5|315|54.6|32.3|0.01|0.36|43.6464|17.2849
19|37|0|225|1.5|14.5|315|54.7|32.3|0.01|0.36|43.6458|17.2849
19|38|0|225|0.0|14.5|315|54.8|32.2|0.01|0.36|43.6446|17.2849
19|39|0|225|0.0|14.5|315|54.9|32.2|0.01|0.36|43.6442|17.2849
19|40|0|225|0.0|14.5|315|55.0|32.1|0.01|0.36|43.6413|17.7084
19|41|0|225|1.5|14.5|315|55.1|32.1|0.01|0.36|43.6421|17.7084
19|42|0|225|1.5|14.5|315|55.2|32.0|0.01|0.36|43.6401|17.7084
19|43|0|225|1.5|14.5|315|55.6|32.0|0.01|0.36|43.6398|17.7084
19|44|0|225|1.5|14.5|315|56.2|31.9|0.01|0.36|43.6399|17.189
19|45|0|225|1.6|14.5|315|56.5|31.9|0.01|0.36|43.6411|17.189
19|47|0|225|0.0|14.5|315|57.2|31.7|0.01|0.36|43.6436|17.5973
19|48|0|338|1.5|14.5|315|57.6|31.7|0.01|0.36|43.6441|17.5973
19|49|0|270|1.5|14.5|315|58.1|31.5|0.01|0.36|43.6447|17.9993
19|50|0|270|1.5|14.5|315|58.3|31.4|0.01|0.36|43.6476|17.9993
19|51|0|270|1.6|14.5|315|58.4|31.4|0.01|0.36|43.6468|17.9993
19|52|0|270|1.5|14.5|315|58.4|31.3|0.01|0.36|43.6458|17.9993
19|53|0|270|0.0|14.5|315|58.4|31.3|0.01|0.36|43.6441|17.9993
19|54|0|270|1.5|14.5|315|58.4|31.3|0.01|0.36|43.6445|17.9993
19|56|0|270|0.0|14.5|315|58.5|31.2|0.01|0.36|43.6435|17.9993
19|57|0|270|1.5|14.5|315|58.6|31.2|0.01|0.36|43.6436|17.9993
19|59|0|270|0.0|14.5|315|58.8|31.2|0.01|0.36|43.6446|17.9993
20|00|0|270|0.0|14.5|315|58.8|31.2|0.00|0.36|43.6452|17.9993
20|01|0|270|0.0|14.5|315|58.8|31.2|0.00|0.36|43.6453|17.9993
20|02|0|270|0.0|14.5|315|58.7|31.2|0.00|0.36|43.6453|17.9993
20|03|0|270|0.0|14.5|315|58.7|31.1|0.00|0.36|43.646|17.9993
20|04|0|270|0.0|14.5|315|58.7|31.1|0.00|0.36|43.6464|17.9993
20|05|0|270|0.0|14.5|315|58.8|31.0|0.00|0.36|43.6469|17.9993
20|07|0|270|0.0|14.5|315|59.0|31.0|0.01|0.37|43.6489|18.3953
20|08|0|270|0.0|14.5|315|59.1|31.0|0.01|0.37|43.6511|18.3953
20|09|0|270|0.0|14.5|315|59.2|30.9|0.01|0.37|43.6493|17.4535
20|10|0|270|1.6|14.5|315|59.5|30.8|0.01|0.37|43.65|17.4535
20|11|0|270|1.5|14.5|315|59.7|30.8|0.01|0.37|43.6532|17.4535
20|12|0|270|1.5|14.5|315|59.8|30.8|0.01|0.37|43.654|17.4535
20|13|0|270|1.5|14.5|315|60.0|30.6|0.01|0.37|43.6543|17.8417
20|14|0|270|1.5|14.5|315|59.9|30.6|0.01|0.37|43.6525|17.4535
20|15|0|270|0.0|14.5|315|59.9|30.6|0.01|0.37|43.653|17.4535
20|17|0|270|0.0|14.5|315|59.9|30.5|0.01|0.37|43.6524|17.4535
20|18|0|270|0.0|14.5|315|59.9|30.5|0.01|0.37|43.653|17.4535
20|20|0|270|0.0|14.5|315|60.1|30.6|0.01|0.37|43.6511|17.8417
20|21|0|270|0.0|14.5|315|60.2|30.6|0.01|0.37|43.6498|17.8417
20|22|0|270|0.0|14.5|315|60.4|30.6|0.01|0.37|43.6499|17.8417
20|23|0|270|0.0|14.5|315|60.8|30.5|0.01|0.37|43.6468|17.8417
20|24|0|270|1.5|14.5|315|61.3|30.5|0.01|0.37|43.6484|18.2242
20|25|0|270|0.0|14.5|315|61.6|30.5|0.01|0.37|43.6468|18.2242
20|26|0|270|0.0|14.5|315|61.8|30.5|0.01|0.37|43.6453|18.2242
20|27|0|135|1.5|14.5|315|62.1|30.4|0.01|0.37|43.6451|18.6012
20|28|0|90|1.6|14.5|315|62.6|30.4|0.01|0.37|43.6431|18.6012
20|29|0|90|1.5|14.5|315|63.0|30.3|0.01|0.37|43.6424|18.9728
20|30|0|90|1.5|14.5|315|63.2|30.3|0.01|0.37|43.6403|18.9728
20|32|0|135|1.5|14.5|315|63.5|30.2|0.01|0.37|43.636|18.9728
20|33|0|135|1.5|14.5|315|63.8|30.2|0.01|0.37|43.637|18.9728
20|34|0|180|1.6|14.5|315|64.2|30.2|0.01|0.37|43.6359|19.3393
20|35|0|180|1.5|14.5|315|64.7|30.1|0.01|0.37|43.6372|19.3393
20|37|0|180|1.5|14.5|315|64.9|30.1|0.01|0.37|43.6403|19.3393
20|38|0|180|0.0|14.5|315|64.9|30.1|0.01|0.37|43.6399|19.3393
20|39|0|180|0.0|14.5|315|64.9|30.1|0.01|0.37|43.6406|19.3393
20|40|0|180|0.0|14.5|315|64.8|30.2|0.01|0.37|43.6427|19.3393
20|41|0|23|1.6|14.5|315|64.8|30.2|0.01|0.37|43.6399|19.3393
20|42|0|45|1.6|14.5|315|65.1|30.1|0.01|0.37|43.6382|19.7007
20|43|0|45|1.5|14.5|315|65.6|30.1|0.01|0.37|43.6371|19.7007
20|44|0|45|1.5|14.5|315|65.7|30.1|0.01|0.37|43.6366|19.7007
20|45|0|90|1.5|14.5|315|65.7|30.1|0.02|0.39|43.6367|19.7007
20|46|0|90|1.6|14.5|315|65.6|30.0|0.02|0.39|43.634|19.7007
20|47|0|90|0.0|14.5|315|65.5|30.0|0.02|0.39|43.633|19.7007
20|48|0|90|0.0|14.5|315|65.5|30.0|0.02|0.39|43.6311|19.7007
20|49|0|90|1.5|14.5|315|65.5|30.0|0.02|0.39|43.6296|19.7007
20|50|0|90|1.5|14.5|315|65.4|30.0|0.02|0.39|43.6291|19.7007
20|51|0|135|0.0|14.5|315|65.4|30.0|0.02|0.39|43.6295|19.7007
20|52|0|135|1.5|14.5|315|65.3|30.0|0.02|0.39|43.6293|19.7007
20|53|0|135|0.0|14.5|315|65.4|30.0|0.02|0.39|43.6323|19.7007
20|55|0|135|0.0|14.5|315|65.6|29.9|0.02|0.39|43.6349|18.7485
20|57|0|135|0.0|14.5|315|65.7|29.9|0.02|0.39|43.6366|18.7485
20|58|0|90|1.5|14.5|315|65.8|29.9|0.02|0.39|43.6365|18.7485
20|59|0|90|1.5|14.5|315|65.8|29.7|0.02|0.39|43.6366|18.7485
21|00|0|45|1.6|14.5|315|65.9|29.7|0.02|0.39|43.6406|18.7485
21|01|0|45|1.5|14.5|315|66.1|29.7|0.02|0.39|43.6423|19.1033
21|02|0|45|1.6|14.5|315|66.3|29.6|0.02|0.39|43.6415|19.1033
21|03|0|45|1.6|14.5|315|66.7|29.6|0.02|0.39|43.6399|19.1033
21|04|0|45|0.0|14.5|315|67.4|29.5|0.02|0.39|43.6404|19.4534
21|05|0|45|1.5|14.5|315|67.6|29.5|0.02|0.39|43.6397|19.4534
21|06|0|45|0.0|14.5|315|68.2|29.4|0.01|0.39|43.6383|19.7989
21|07|0|45|1.6|14.5|315|68.4|29.4|0.01|0.39|43.6387|19.7989
21|08|0|45|1.6|14.5|315|68.1|29.4|0.01|0.39|43.6392|19.7989
21|09|0|45|0.0|14.5|315|67.6|29.4|0.01|0.39|43.6396|19.4534
21|10|0|45|1.6|14.5|315|67.1|29.3|0.01|0.39|43.6393|19.4534
21|12|0|45|1.5|14.5|315|66.4|29.2|0.01|0.39|43.6398|19.1033
21|13|0|45|1.5|14.5|315|66.3|29.2|0.01|0.39|43.6426|19.1033
21|14|0|45|0.0|14.5|315|66.4|29.1|0.01|0.39|43.6438|19.1033
21|15|0|45|1.6|14.5|315|66.4|29.1|0.01|0.39|43.6447|19.1033
21|17|0|45|1.5|14.5|315|66.3|29.1|0.01|0.39|43.6464|19.1033
21|18|0|45|1.5|14.5|315|66.3|29.0|0.01|0.39|43.6483|19.1033
21|19|0|45|0.0|14.5|315|66.2|29.0|0.01|0.39|43.6484|19.1033
21|21|0|45|1.5|14.5|315|66.3|28.8|0.01|0.39|43.6469|18.1494
21|22|0|45|1.5|14.5|315|66.4|28.8|0.01|0.39|43.648|18.1494
21|23|0|45|1.6|14.5|315|66.7|28.8|0.01|0.39|43.6466|18.1494
21|24|0|45|1.5|14.5|315|66.9|28.7|0.01|0.39|43.6441|18.1494
21|25|0|45|0.0|14.5|315|67.1|28.7|0.01|0.39|43.6446|18.4979
21|26|0|45|0.0|14.5|315|67.0|28.7|0.01|0.39|43.6443|18.4979
21|27|0|45|0.0|14.5|315|67.0|28.7|0.01|0.39|43.6459|18.4979
21|28|0|45|0.0|14.5|315|66.9|28.7|0.01|0.39|43.6445|18.1494
21|29|0|45|0.0|14.5|315|66.8|28.7|0.01|0.39|43.6466|18.1494
21|30|0|45|0.0|14.5|315|66.8|28.7|0.01|0.39|43.6482|18.1494
21|32|0|45|1.5|14.5|315|66.8|28.6|0.01|0.39|43.6471|18.1494
21|33|0|45|1.6|14.5|315|66.7|28.6|0.01|0.39|43.6502|18.1494
21|34|0|45|1.6|14.5|315|66.6|28.5|0.01|0.39|43.6516|18.1494
21|36|0|45|1.5|14.5|315|66.7|28.5|0.01|0.39|43.6528|18.1494
21|37|0|45|1.6|14.5|315|66.8|28.5|0.01|0.39|43.6537|18.1494
21|39|0|45|1.5|14.5|315|67.0|28.4|0.01|0.39|43.6535|18.4979
21|41|0|45|0.0|14.5|315|67.1|28.3|0.01|0.39|43.6503|18.4979
21|42|0|45|0.0|14.5|315|67.1|28.3|0.01|0.39|43.6462|18.4979
21|43|0|45|0.0|14.5|315|67.1|28.3|0.01|0.39|43.6447|18.4979
21|44|0|45|0.0|14.5|315|67.1|28.3|0.02|0.40|43.6466|18.4979
21|45|0|45|1.6|14.5|315|67.3|28.3|0.01|0.40|43.6469|18.4979
21|46|0|45|0.0|14.5|315|67.4|28.3|0.01|0.40|43.6457|18.4979
21|47|0|45|0.0|14.5|315|67.3|28.3|0.01|0.40|43.6489|18.4979
21|48|0|45|0.0|14.5|315|67.3|28.3|0.01|0.40|43.651|18.4979
21|49|0|45|0.0|14.5|315|67.3|28.3|0.01|0.40|43.6526|18.4979
21|50|0|45|0.0|14.5|315|67.2|28.2|0.01|0.40|43.6519|18.4979
21|52|0|45|0.0|14.5|315|67.2|28.2|0.01|0.40|43.6514|18.4979
21|53|0|45|0.0|14.5|315|67.2|28.2|0.01|0.40|43.6526|18.4979
21|54|0|45|0.0|14.5|315|67.3|28.1|0.01|0.40|43.6553|18.4979
21|55|0|45|0.0|14.5|315|67.5|28.1|0.01|0.40|43.656|18.4979
21|57|0|45|0.0|14.5|315|67.7|28.1|0.01|0.40|43.6595|18.4979
21|58|0|45|0.0|14.5|315|67.7|28.0|0.01|0.40|43.6591|18.4979
21|59|0|45|0.0|14.5|315|67.7|28.0|0.01|0.40|43.6589|18.4979
22|00|0|45|0.0|14.5|315|68.2|28.0|0.01|0.40|43.6598|18.8418
22|01|0|45|1.5|14.5|315|68.9|28.0|0.01|0.40|43.6614|18.8418
22|02|0|45|0.0|14.5|315|69.0|28.0|0.01|0.40|43.661|19.1812
22|03|0|45|1.5|14.5|315|69.1|27.8|0.01|0.40|43.6633|18.2224
22|04|0|45|0.0|14.5|315|69.2|27.8|0.01|0.40|43.663|18.2224
22|05|0|45|1.5|14.5|315|69.3|27.7|0.01|0.40|43.6631|18.2224
22|06|0|45|0.0|14.5|315|69.3|27.7|0.01|0.40|43.6644|18.2224
22|07|0|45|0.0|14.5|315|69.3|27.7|0.01|0.40|43.665|18.2224
22|08|0|45|0.0|14.5|315|69.3|27.7|0.01|0.40|43.6673|18.2224
22|09|0|45|1.5|14.5|315|69.3|27.7|0.01|0.40|43.6678|18.2224
22|10|0|45|0.0|14.5|315|69.2|27.7|0.01|0.40|43.6654|18.2224
22|11|0|45|0.0|14.5|315|69.1|27.7|0.01|0.40|43.6661|18.2224
22|12|0|45|1.6|14.5|315|69.0|27.7|0.01|0.40|43.6663|18.2224
22|13|0|45|0.0|14.5|315|69.0|27.7|0.01|0.40|43.6692|18.2224
22|14|0|45|0.0|14.5|315|69.1|27.6|0.01|0.40|43.6683|18.2224
22|15|0|45|1.5|14.5|315|69.5|27.5|0.01|0.40|43.6688|18.2224
22|17|0|45|1.5|14.5|315|69.4|27.5|0.01|0.40|43.6693|18.2224
22|18|0|45|1.5|14.5|315|69.4|27.4|0.01|0.40|43.669|18.2224
22|20|0|45|1.5|14.5|315|69.6|27.2|0.02|0.41|43.6665|18.2224
22|21|0|45|0.0|14.5|315|69.8|27.0|0.02|0.41|43.6654|18.2224
22|22|0|45|0.0|14.5|315|69.9|27.0|0.02|0.41|43.6656|18.2224
22|23|0|45|0.0|14.5|315|70.1|27.0|0.02|0.41|43.6654|18.556
22|24|0|45|0.0|14.5|315|70.2|26.9|0.02|0.41|43.6653|17.5956
22|25|0|45|0.0|14.5|315|70.2|26.9|0.02|0.41|43.6656|17.5956
22|26|0|45|0.0|14.5|315|70.5|26.9|0.02|0.41|43.6662|17.5956
22|28|0|45|0.0|14.5|315|70.5|26.9|0.02|0.41|43.666|17.5956
22|29|0|45|0.0|14.5|315|70.6|26.9|0.02|0.41|43.6707|17.5956
22|30|0|45|0.0|14.5|315|70.6|26.9|0.02|0.41|43.6729|17.5956
22|31|0|45|0.0|14.5|315|70.6|26.9|0.02|0.41|43.6739|17.5956
22|32|0|90|1.5|14.5|315|70.9|26.9|0.02|0.41|43.6745|17.5956
22|33|0|90|1.5|14.5|315|71.1|26.9|0.02|0.41|43.6778|17.9234
22|34|0|90|1.5|14.5|315|71.5|26.9|0.02|0.41|43.677|17.9234
22|36|0|90|0.0|14.5|315|72.0|26.9|0.02|0.41|43.6783|18.2471
22|37|0|90|1.5|14.5|315|72.4|26.9|0.02|0.41|43.6765|18.2471
22|38|0|90|0.0|14.5|315|72.8|27.0|0.02|0.41|43.6762|19.2106
22|39|0|90|0.0|14.5|315|73.0|27.0|0.02|0.41|43.6785|19.5319
22|40|0|90|1.5|14.5|315|73.1|27.0|0.02|0.41|43.6782|19.5319
22|41|0|90|0.0|14.5|315|73.1|27.2|0.02|0.41|43.6787|19.5319
22|43|0|90|0.0|14.5|315|73.2|27.3|0.02|0.41|43.6824|19.5319
22|44|0|90|1.5|14.5|315|73.2|27.3|0.01|0.41|43.6841|19.5319
22|45|0|179|1.5|14.5|315|73.0|27.3|0.01|0.41|43.6826|19.5319
22|46|0|90|2.9|14.5|315|72.8|27.3|0.01|0.41|43.6847|19.2106
22|47|0|90|0.0|14.5|315|72.7|27.3|0.01|0.41|43.6855|19.2106
22|49|0|90|1.6|14.5|315|72.7|27.4|0.01|0.41|43.6835|19.2106
22|51|0|90|1.5|14.5|315|72.7|27.4|0.01|0.41|43.6849|19.2106
22|52|0|90|0.0|14.5|315|72.5|27.4|0.01|0.41|43.6886|19.2106
22|53|0|90|0.0|14.5|315|72.4|27.4|0.01|0.41|43.6854|19.2106
22|54|0|90|0.0|14.5|315|72.3|27.4|0.01|0.41|43.6872|19.2106
22|56|0|90|0.0|14.5|315|72.2|27.4|0.01|0.41|43.6855|19.2106
22|57|0|90|0.0|14.5|315|72.1|27.4|0.01|0.41|43.685|19.2106
22|58|0|90|0.0|14.5|315|72.2|27.4|0.01|0.41|43.6873|19.2106
22|59|0|90|0.0|14.5|315|72.1|27.4|0.01|0.41|43.6882|19.2106
23|00|0|90|1.5|14.5|315|72.0|27.4|0.01|0.41|43.6879|19.2106
23|01|0|90|0.0|14.5|315|72.0|27.4|0.01|0.41|43.6888|19.2106
23|02|0|90|1.5|14.5|315|71.9|27.4|0.01|0.41|43.6904|18.8854
23|03|0|90|1.6|14.5|315|71.9|27.4|0.01|0.41|43.6915|18.8854
23|04|0|90|1.6|14.5|315|71.7|27.4|0.01|0.41|43.6904|18.8854
23|05|0|90|1.6|14.5|315|71.6|27.4|0.01|0.41|43.6908|18.8854
23|06|0|90|1.6|14.5|315|71.6|27.4|0.02|0.42|43.6877|18.8854
23|07|0|90|0.0|14.5|315|71.6|27.4|0.02|0.42|43.6878|18.8854
23|08|0|90|0.0|14.5|315|71.5|27.4|0.02|0.42|43.6872|18.8854
23|09|0|90|0.0|14.5|315|71.4|27.4|0.02|0.42|43.6885|18.8854
23|10|0|90|0.0|14.5|315|71.3|27.4|0.02|0.42|43.6888|18.8854
23|11|0|90|0.0|14.5|315|71.3|27.4|0.02|0.42|43.6882|18.8854
23|12|0|90|0.0|14.5|315|71.2|27.4|0.02|0.42|43.6886|18.8854
23|13|0|90|0.0|14.5|315|71.2|27.4|0.02|0.42|43.687|18.8854
23|14|0|90|0.0|14.5|315|71.3|27.4|0.02|0.42|43.6888|18.8854
23|16|0|90|0.0|14.5|315|71.4|27.4|0.03|0.43|43.6877|18.8854
23|17|0|90|0.0|14.5|315|71.4|27.3|0.03|0.43|43.6885|18.8854
23|19|0|90|0.0|14.5|315|71.5|27.3|0.03|0.43|43.6891|18.8854
23|20|0|90|0.0|14.5|315|71.6|27.2|0.02|0.43|43.6895|18.8854
23|21|0|90|0.0|14.5|315|71.7|27.2|0.02|0.43|43.6875|18.8854
23|22|0|90|0.0|14.5|315|71.8|27.2|0.02|0.43|43.6882|18.8854
23|23|0|90|0.0|14.5|315|71.7|27.0|0.02|0.43|43.6892|18.8854
23|25|0|90|0.0|14.5|315|71.6|26.9|0.02|0.43|43.6894|17.9234
23|26|0|90|0.0|14.5|315|71.7|26.9|0.02|0.43|43.6902|17.9234
23|27|0|90|0.0|14.5|315|71.9|26.9|0.02|0.43|43.6902|17.9234
23|28|0|90|0.0|14.5|315|72.0|26.8|0.02|0.43|43.6904|18.2471
23|29|0|90|0.0|14.5|315|72.0|26.8|0.02|0.43|43.6895|18.2471
23|31|0|90|1.6|14.5|315|72.4|26.7|0.02|0.43|43.6924|18.2471
23|33|0|90|0.0|14.5|315|72.6|26.7|0.02|0.43|43.694|18.2471
23|34|0|90|0.0|14.5|315|72.6|26.7|0.02|0.43|43.6965|18.2471
23|35|0|90|0.0|14.5|315|72.7|26.7|0.02|0.43|43.6991|18.2471
23|38|0|90|0.0|14.5|315|72.9|26.6|0.02|0.43|43.6977|18.2471
23|39|0|90|0.0|14.5|315|72.8|26.5|0.02|0.43|43.6958|18.2471
23|40|0|90|1.5|14.5|315|72.9|26.5|0.02|0.43|43.693|18.2471
23|41|0|90|1.5|14.5|315|73.1|26.5|0.02|0.43|43.6947|18.5669
23|42|0|90|0.0|14.5|315|73.3|26.5|0.02|0.43|43.693|18.5669
23|43|0|90|0.0|14.5|315|73.3|26.4|0.02|0.43|43.6938|18.5669
23|44|0|90|0.0|14.5|315|73.2|26.4|0.02|0.43|43.694|18.5669
23|45|0|90|0.0|14.5|315|73.3|26.4|0.02|0.43|43.6965|18.5669
23|46|0|90|0.0|14.5|315|73.3|26.4|0.03|0.44|43.6948|18.5669
23|47|0|90|0.0|14.5|315|73.5|26.4|0.03|0.44|43.6952|18.5669
23|48|0|90|1.5|14.5|315|73.7|26.4|0.03|0.44|43.693|18.5669
23|49|0|90|0.0|14.5|315|73.8|26.3|0.03|0.44|43.6922|18.5669
23|50|0|90|0.0|14.5|315|74.0|26.3|0.03|0.44|43.6945|18.8828
23|51|0|90|1.5|14.5|315|74.1|26.3|0.03|0.44|43.6936|18.8828
23|52|0|90|0.0|14.5|315|74.3|26.3|0.03|0.44|43.6937|18.8828
23|53|0|90|0.0|14.5|315|74.4|26.3|0.03|0.44|43.6938|18.8828
23|54|0|90|0.0|14.5|315|74.4|26.3|0.03|0.44|43.6927|18.8828
23|55|0|90|0.0|14.5|315|74.4|26.3|0.03|0.44|43.6961|18.8828
23|56|0|90|0.0|14.5|315|74.3|26.3|0.03|0.44|43.6966|18.8828
23|57|0|90|0.0|14.5|315|74.3|26.3|0.03|0.44|43.6991|18.8828
23|59|0|90|0.0|14.5|315|74.2|26.3|0.03|0.44|43.7|18.8828
