00|00|0|90|1.5|14.5|135|38.7|44.0|0.00|0.09|43.3041|20.0828
00|01|0|90|1.5|14.5|135|38.7|43.9|0.00|0.09|43.3028|19.1887
00|03|0|90|1.5|14.5|135|38.8|43.9|0.00|0.09|43.3028|19.1887
00|04|0|90|1.6|14.5|135|38.9|43.9|0.00|0.09|43.3034|19.1887
00|05|0|90|1.5|14.5|135|38.9|43.8|0.00|0.09|43.303|19.1887
00|06|0|90|1.6|14.5|135|39.0|43.8|0.00|0.09|43.3044|19.794
00|07|0|90|0.0|14.5|135|39.1|43.8|0.00|0.09|43.3037|19.794
00|08|0|45|1.6|14.5|135|39.3|43.8|0.00|0.09|43.304|19.794
00|09|0|45|1.6|14.5|135|40.5|43.8|0.00|0.09|43.3064|20.3858
00|10|0|45|0.0|14.5|135|40.6|43.8|0.00|0.09|43.3053|20.3858
00|11|0|45|0.0|14.5|135|40.3|43.8|0.00|0.09|43.3067|20.3858
00|13|0|45|1.5|14.5|135|40.8|43.8|0.00|0.09|43.3085|20.3858
00|14|0|45|3.2|14.5|135|39.2|43.8|0.00|0.09|43.3092|19.794
00|15|0|45|1.5|14.5|135|38.4|43.8|0.00|0.09|43.3097|19.1887
00|16|0|45|0.0|14.5|135|38.1|43.8|0.00|0.09|43.3083|19.1887
00|17|0|45|1.5|14.5|135|37.8|43.8|0.00|0.09|43.3103|18.569
00|18|0|45|1.5|14.5|135|37.7|43.8|0.00|0.09|43.3095|18.569
00|19|0|90|1.5|14.5|135|37.9|43.9|0.00|0.09|43.3107|18.569
00|20|0|90|1.6|14.5|135|38.2|43.8|0.00|0.09|43.3078|19.1887
00|22|0|90|0.0|14.5|135|37.9|43.9|0.00|0.09|43.3089|18.569
00|23|0|90|0.0|14.5|135|37.8|43.9|0.00|0.09|43.311|18.569
00|24|0|90|0.0|14.5|135|37.6|43.9|0.00|0.09|43.3123|18.569
00|25|0|90|0.0|14.5|135|37.6|44.0|0.00|0.09|43.314|19.4604
00|27|0|90|0.0|14.5|135|37.9|44.0|0.00|0.09|43.3135|19.4604
00|28|0|90|0.0|14.5|135|37.8|44.2|0.00|0.09|43.3135|19.4604
00|29|0|90|0.0|14.5|135|37.5|44.2|0.00|0.09|43.3147|19.4604
00|30|0|90|0.0|14.5|135|37.3|44.2|0.00|0.09|43.3147|19.4604
00|31|0|90|0.0|14.5|135|37.1|44.2|0.00|0.09|43.3138|19.4604
00|32|0|90|0.0|14.5|135|37.1|44.2|0.00|0.09|43.3143|19.4604
00|33|0|90|0.0|14.5|135|37.3|44.2|0.00|0.09|43.3142|19.4604
00|34|0|90|1.5|14.5|135|37.4|44.2|0.00|0.09|43.3154|19.4604
00|35|0|90|1.5|14.5|135|37.4|44.2|0.00|0.09|43.3141|19.4604
00|36|0|90|1.5|14.5|135|37.5|44.2|0.00|0.09|43.3149|19.4604
00|37|0|90|0.0|14.5|135|37.5|44.2|0.00|0.09|43.315|19.4604
00|38|0|90|1.5|14.5|135|37.5|44.3|0.00|0.09|43.3187|19.4604
00|40|0|90|0.0|14.5|135|37.7|44.2|0.00|0.09|43.317|19.4604
00|41|0|90|1.5|14.5|135|37.9|44.2|0.00|0.09|43.3165|19.4604
00|42|0|225|1.5|14.5|135|38.1|44.2|0.00|0.09|43.3205|20.0828
00|43|0|225|1.5|14.5|135|38.2|44.2|0.00|0.09|43.3204|20.0828
00|44|0|225|1.6|14.5|135|38.2|44.2|0.00|0.09|43.3212|20.0828
00|45|0|225|1.5|14.5|135|38.1|44.0|0.00|0.09|43.3201|20.0828
00|46|0|225|1.5|14.5|135|38.2|44.0|0.00|0.09|43.3175|20.0828
00|47|0|180|1.5|14.5|135|38.4|43.9|0.00|0.09|43.3185|19.1887
00|48|0|180|1.5|14.5|135|38.7|43.8|0.00|0.09|43.3186|19.1887
00|49|0|180|1.6|14.5|135|38.9|43.8|0.00|0.09|43.3199|19.1887
00|50|0|225|1.5|14.5|135|39.2|43.7|0.00|0.09|43.3212|19.794
00|51|0|225|1.5|14.5|135|39.2|43.7|0.00|0.09|43.3219|19.794
00|52|0|225|0.0|14.5|135|39.2|43.7|0.00|0.09|43.3211|19.794
00|53|0|225|0.0|14.5|135|39.3|43.6|0.00|0.09|43.3194|19.794
00|54|0|225|0.0|14.5|135|39.5|43.6|0.00|0.09|43.3179|19.794
00|55|0|225|1.6|14.5|135|39.7|43.5|0.00|0.09|43.3189|19.794
00|56|0|225|1.5|14.5|135|39.9|43.5|0.00|0.09|43.3205|19.794
00|57|0|225|0.0|14.5|135|39.9|43.4|0.00|0.09|43.3199|19.794
00|58|0|225|0.0|14.5|135|40.1|43.4|0.00|0.09|43.3191|20.3858
01|00|0|225|1.6|14.5|135|40.4|43.4|0.00|0.09|43.3198|20.3858
01|01|0|135|2.9|14.5|135|40.8|43.2|0.00|0.09|43.3211|20.3858
01|02|0|135|1.5|14.5|135|41.2|43.2|0.00|0.09|43.3211|20.9646
01|03|0|135|2.9|14.5|135|41.4|43.0|0.00|0.09|43.3213|20.9646
01|05|0|135|0.0|14.5|135|41.4|42.9|0.00|0.09|43.3231|20.0625
01|06|0|135|1.6|14.5|135|42.3|42.9|0.00|0.09|43.323|20.6264
01|07|0|135|0.0|14.5|135|42.5|42.8|0.00|0.09|43.3228|20.6264
01|08|0|135|0.0|14.5|135|42.1|42.7|0.00|0.09|43.3228|20.6264
01|09|0|135|0.0|14.5|135|41.8|42.7|0.00|0.09|43.323|20.0625
01|10|0|135|0.0|14.5|135|41.7|42.6|0.00|0.09|43.3231|20.0625
01|11|0|135|0.0|14.5|135|42.0|42.5|0.00|0.09|43.3235|20.6264
01|13|0|135|0.0|14.5|135|42.2|42.3|0.00|0.09|43.3222|20.6264
01|14|0|135|0.0|14.5|135|42.2|42.2|0.00|0.09|43.3217|20.6264
01|15|0|135|0.0|14.5|135|42.2|42.2|0.00|0.09|43.3219|20.6264
01|16|0|135|0.0|14.5|135|42.0|42.2|0.00|0.09|43.3235|20.6264
01|18|0|135|0.0|14.5|135|42.0|42.2|0.00|0.09|43.3233|20.6264
01|19|0|135|0.0|14.5|135|42.1|42.2|0.00|0.09|43.326|20.6264
01|20|0|135|0.0|14.5|135|42.2|42.2|0.00|0.09|43.3241|20.6264
01|21|0|135|0.0|14.5|135|42.5|42.1|0.00|0.09|43.3224|20.6264
01|22|0|135|0.0|14.5|135|42.3|42.1|0.00|0.09|43.3237|20.6264
01|23|0|135|0.0|14.5|135|42.2|42.1|0.00|0.09|43.3244|20.6264
01|24|0|135|0.0|14.5|135|42.3|42.2|0.01|0.10|43.3262|20.6264
01|25|0|135|0.0|14.5|135|42.7|42.1|0.01|0.10|43.325|20.6264
01|26|0|135|0.0|14.5|135|42.9|42.1|0.01|0.10|43.3266|20.6264
01|27|0|135|0.0|14.5|135|42.8|42.1|0.01|0.10|43.3258|20.6264
01|28|0|135|0.0|14.5|135|42.8|42.1|0.01|0.10|43.3265|20.6264
01|29|0|135|0.0|14.5|135|42.9|42.1|0.01|0.10|43.3267|20.6264
01|30|0|135|1.5|14.5|135|42.6|42.1|0.01|0.10|43.3269|20.6264
01|31|0|135|1.5|14.5|135|42.2|42.1|0.01|0.10|43.3275|20.6264
01|32|0|135|0.0|14.5|135|42.7|42.0|0.01|0.10|43.3282|20.6264
01|33|0|135|0.0|14.5|135|42.5|42.0|0.01|0.10|43.3297|20.6264
01|34|0|135|0.0|14.5|135|42.0|42.0|0.01|0.10|43.3296|20.6264
01|36|0|135|0.0|14.5|135|41.7|42.0|0.01|0.10|43.3297|20.0625
01|37|0|135|0.0|14.5|135|41.6|42.0|0.01|0.10|43.3291|20.0625
01|38|0|135|0.0|14.5|135|41.4|42.0|0.01|0.10|43.3299|20.0625
01|39|0|135|0.0|14.5|135|41.3|42.0|0.01|0.10|43.3273|20.0625
01|40|0|135|0.0|14.5|135|41.3|42.0|0.01|0.10|43.3285|20.0625
01|41|0|0|1.5|14.5|135|41.7|42.0|0.01|0.10|43.3272|20.0625
01|42|0|0|1.6|14.5|135|41.8|42.0|0.01|0.10|43.327|20.0625
01|43|0|0|1.5|14.5|135|42.0|42.0|0.01|0.10|43.3282|20.6264
01|44|0|0|0.0|14.5|135|41.9|42.0|0.01|0.10|43.3302|20.0625
01|45|0|0|0.0|14.5|135|41.9|42.0|0.01|0.10|43.3301|20.0625
01|46|0|45|1.5|14.5|135|41.9|42.0|0.01|0.10|43.3318|20.0625
01|48|0|45|1.5|14.5|135|42.0|42.0|0.01|0.10|43.3328|20.6264
01|49|0|45|1.6|14.5|135|44.5|42.0|0.01|0.10|43.3309|21.7194
01|50|0|45|0.0|14.5|135|45.4|42.0|0.01|0.10|43.3315|22.2495
01|51|0|45|0.0|14.5|135|45.1|42.0|0.01|0.10|43.331|22.2495
01|52|0|45|0.0|14.5|135|44.3|42.1|0.01|0.10|43.3314|21.7194
01|53|0|45|0.0|14.5|135|44.1|42.1|0.01|0.10|43.3301|21.7194
01|55|0|45|0.0|14.5|135|44.2|42.1|0.01|0.10|43.3293|21.7194
01|56|0|45|0.0|14.5|135|44.5|42.1|0.01|0.10|43.3314|21.7194
01|57|0|45|1.5|14.5|135|45.0|42.1|0.01|0.10|43.3303|22.2495
01|58|0|45|1.5|14.5|135|45.3|42.1|0.01|0.10|43.3318|22.2495
01|59|0|315|1.5|14.5|135|45.4|42.1|0.01|0.10|43.3344|22.2495
02|00|0|315|0.0|14.5|135|45.3|42.1|0.01|0.10|43.3349|22.2495
02|01|0|315|0.0|14.5|135|45.0|42.0|0.01|0.10|43.3352|22.2495
02|02|0|315|0.0|14.5|135|44.7|42.0|0.01|0.10|43.3349|21.7194
02|03|0|315|1.5|14.5|135|44.7|42.0|0.01|0.10|43.3355|21.7194
02|04|0|315|0.0|14.5|135|44.8|41.9|0.01|0.10|43.3354|20.81
02|05|0|315|1.5|14.5|135|44.8|41.9|0.01|0.10|43.3361|20.81
02|06|0|315|0.0|14.5|135|44.7|41.9|0.01|0.10|43.3366|20.81
02|07|0|315|1.5|14.5|135|44.6|41.9|0.01|0.10|43.3371|20.81
02|08|0|315|1.5|14.5|135|44.5|41.8|0.01|0.10|43.337|20.81
02|09|0|315|0.0|14.5|135|44.5|41.8|0.01|0.10|43.3356|20.81
02|10|0|315|0.0|14.5|135|44.5|41.8|0.01|0.10|43.3349|20.81
02|11|0|315|0.0|14.5|135|44.4|41.8|0.01|0.10|43.3349|20.81
02|12|0|315|1.5|14.5|135|44.5|41.8|0.01|0.10|43.336|20.81
02|14|0|315|1.6|14.5|135|44.8|41.7|0.01|0.10|43.3351|20.81
02|17|0|315|0.0|14.5|135|44.4|41.6|0.02|0.11|43.3339|20.81
02|18|0|315|0.0|14.5|135|44.0|41.6|0.02|0.11|43.3328|20.81
02|19|0|315|0.0|14.5|135|43.6|41.5|0.02|0.11|43.3325|20.2715
02|20|0|315|0.0|14.5|135|43.6|41.5|0.02|0.11|43.3344|20.2715
02|21|0|315|0.0|14.5|135|43.6|41.5|0.02|0.11|43.3342|20.2715
02|22|0|315|0.0|14.5|135|43.7|41.5|0.02|0.11|43.3328|20.2715
02|23|0|315|0.0|14.5|135|43.8|41.5|0.02|0.11|43.3356|20.2715
02|24|0|315|1.5|14.5|135|44.3|41.5|0.01|0.11|43.3335|20.81
02|25|0|315|0.0|14.5|135|44.2|41.5|0.01|0.11|43.3351|20.81
02|27|0|315|0.0|14.5|135|44.4|41.5|0.01|0.11|43.3348|20.81
02|28|0|90|2.9|14.5|135|44.3|41.5|0.01|0.11|43.3339|20.81
02|29|0|90|1.5|14.5|135|44.0|41.5|0.01|0.11|43.3337|20.81
02|30|0|90|0.0|14.5|135|44.1|41.5|0.01|0.11|43.3322|20.81
02|31|0|90|0.0|14.5|135|44.2|41.5|0.01|0.11|43.3341|20.81
02|32|0|90|0.0|14.5|135|44.3|41.5|0.01|0.11|43.3324|20.81
02|33|0|90|0.0|14.5|135|44.2|41.5|0.01|0.11|43.3308|20.81
02|35|0|90|0.0|14.5|135|44.1|41.5|0.01|0.11|43.3305|20.81
02|36|0|90|0.0|14.5|135|44.1|41.6|0.01|0.11|43.3319|20.81
02|37|0|90|0.0|14.5|135|44.3|41.6|0.01|0.11|43.3306|20.81
02|38|0|90|0.0|14.5|135|44.6|41.6|0.01|0.11|43.331|20.81
02|39|0|90|0.0|14.5|135|44.8|41.5|0.01|0.11|43.3281|20.81
02|40|0|90|0.0|14.5|135|44.7|41.5|0.01|0.11|43.3272|20.81
02|41|0|90|1.5|14.5|135|44.7|41.5|0.01|0.11|43.3259|20.81
02|42|0|90|0.0|14.5|135|44.8|41.5|0.01|0.11|43.3277|20.81
02|43|0|90|0.0|14.5|135|44.7|41.5|0.01|0.11|43.3272|20.81
02|44|0|90|0.0|14.5|135|44.7|41.3|0.01|0.11|43.3267|20.81
02|45|0|90|0.0|14.5|135|45.0|41.3|0.01|0.11|43.3268|21.3377
02|46|0|90|0.0|14.5|135|45.0|41.2|0.01|0.11|43.3267|21.3377
02|47|0|90|0.0|14.5|135|45.0|41.2|0.01|0.11|43.3266|21.3377
02|48|0|90|0.0|14.5|135|44.9|41.2|0.01|0.11|43.3269|20.81
02|49|0|90|0.0|14.5|135|44.9|41.1|0.01|0.11|43.3263|20.81
02|50|0|90|0.0|14.5|135|44.9|41.1|0.01|0.11|43.3266|20.81
02|51|0|90|0.0|14.5|135|44.8|41.1|0.01|0.11|43.3273|20.81
02|52|0|90|0.0|14.5|135|44.5|41.0|0.01|0.11|43.3247|20.81
02|53|0|90|0.0|14.5|135|44.6|41.0|0.01|0.11|43.3254|20.81
02|54|0|90|0.0|14.5|135|44.9|41.0|0.01|0.11|43.3234|20.81
02|55|0|90|0.0|14.5|135|45.1|40.9|0.01|0.11|43.3212|20.4257
02|57|0|90|0.0|14.5|135|45.3|40.9|0.01|0.11|43.3211|20.4257
02|58|0|90|0.0|14.5|135|45.2|40.9|0.01|0.11|43.3201|20.4257
02|59|0|90|0.0|14.5|135|45.3|40.9|0.01|0.11|43.3204|20.4257
03|00|0|90|0.0|14.5|135|45.6|40.8|0.01|0.11|43.3203|20.4257
03|01|0|90|0.0|14.5|135|45.9|40.8|0.01|0.11|43.3205|20.4257
03|02|0|90|0.0|14.5|135|46.0|40.8|0.01|0.11|43.3198|20.9409
03|03|0|90|0.0|14.5|135|46.0|40.7|0.01|0.11|43.3184|20.9409
03|04|0|90|1.5|14.5|135|46.1|40.5|0.01|0.11|43.3187|20.9409
03|05|0|90|2.9|14.5|135|46.4|40.4|0.01|0.11|43.3167|20.9409
03|06|0|180|1.5|14.5|135|46.6|40.3|0.01|0.11|43.3155|20.9409
03|07|0|180|0.0|14.5|135|46.7|40.3|0.01|0.11|43.3167|20.9409
03|08|0|180|1.5|14.5|135|46.8|40.2|0.01|0.11|43.3165|20.9409
03|09|0|180|1.6|14.5|135|47.1|40.2|0.01|0.11|43.3159|21.4463
03|10|0|180|1.6|14.5|135|47.2|40.1|0.01|0.11|43.3157|21.4463
03|11|0|180|1.5|14.5|135|47.5|40.0|0.01|0.11|43.3145|21.4463
03|12|0|180|1.5|14.5|135|47.7|40.0|0.01|0.11|43.3133|21.4463
03|13|0|180|1.6|14.5|135|47.8|40.0|0.01|0.11|43.3138|21.4463
03|14|0|90|1.5|14.5|135|47.9|40.0|0.01|0.11|43.3124|21.4463
03|15|0|90|0.0|14.5|135|48.1|40.0|0.00|0.11|43.3136|21.9422
03|17|0|135|1.5|14.5|135|48.0|39.9|0.00|0.11|43.3124|21.0233
03|18|0|135|0.0|14.5|135|48.0|39.9|0.00|0.11|43.3139|21.0233
03|19|0|135|0.0|14.5|135|48.0|39.9|0.00|0.11|43.3126|21.0233
03|20|0|135|0.0|14.5|135|48.0|39.9|0.00|0.11|43.3124|21.0233
03|21|0|135|1.5|14.5|135|48.0|39.9|0.00|0.11|43.3106|21.0233
03|22|0|135|0.0|14.5|135|48.1|39.8|0.00|0.11|43.3094|21.0233
03|23|0|135|0.0|14.5|135|48.2|39.8|0.00|0.11|43.3111|21.0233
03|24|0|135|0.0|14.5|135|48.3|39.8|0.00|0.11|43.3115|21.0233
03|25|0|135|0.0|14.5|135|48.4|39.8|0.00|0.11|43.3112|21.0233
03|26|0|135|1.5|14.5|135|48.5|39.8|0.00|0.11|43.3119|21.0233
03|27|0|135|1.6|14.5|135|48.7|39.8|0.00|0.11|43.3129|21.0233
03|29|0|135|0.0|14.5|135|48.7|39.8|0.00|0.11|43.3133|21.0233
03|30|0|135|0.0|14.5|135|48.8|39.8|0.00|0.11|43.3123|21.0233
03|31|0|135|0.0|14.5|135|48.8|39.7|0.00|0.11|43.3118|21.0233
03|32|0|135|0.0|14.5|135|49.0|39.7|0.00|0.11|43.3118|21.508
03|33|0|135|0.0|14.5|135|49.0|39.7|0.00|0.11|43.3117|21.508
03|34|0|135|1.5|14.5|135|49.2|39.5|0.00|0.11|43.3106|21.508
03|35|0|135|0.0|14.5|135|49.4|39.5|0.00|0.11|43.3126|21.508
03|38|0|135|0.0|14.5|135|49.7|39.4|0.00|0.11|43.3136|21.508
03|39|0|135|0.0|14.5|135|49.7|39.4|0.00|0.11|43.3136|21.508
03|40|0|135|0.0|14.5|135|49.7|39.4|0.00|0.11|43.3152|21.508
03|41|0|135|1.6|14.5|135|49.8|39.3|0.00|0.11|43.3152|21.508
03|42|0|135|0.0|14.5|135|49.9|39.3|0.00|0.11|43.3152|21.508
03|43|0|135|0.0|14.5|135|50.1|39.3|0.00|0.11|43.3164|21.984
03|44|0|135|0.0|14.5|135|50.2|39.3|0.00|0.11|43.3166|21.984
03|45|0|135|1.5|14.5|135|50.1|39.2|0.00|0.11|43.3173|21.984
03|46|0|135|0.0|14.5|135|50.2|39.2|0.00|0.11|43.3166|21.984
03|47|0|135|0.0|14.5|135|50.2|39.2|0.00|0.11|43.3162|21.984
03|48|0|135|0.0|14.5|135|50.1|39.1|0.00|0.11|43.3147|21.984
03|49|0|135|1.5|14.5|135|50.2|39.1|0.00|0.11|43.3164|21.984
03|50|0|135|0.0|14.5|135|50.3|39.1|0.00|0.11|43.3172|21.984
03|51|0|135|0.0|14.5|135|50.3|39.0|0.00|0.11|43.3158|21.984
03|52|0|135|0.0|14.5|135|50.2|39.1|0.00|0.11|43.3181|21.984
03|54|0|135|0.0|14.5|135|50.2|39.0|0.00|0.11|43.3146|21.984
03|55|0|135|0.0|14.5|135|50.1|39.0|0.00|0.11|43.315|21.984
03|56|0|135|0.0|14.5|135|50.2|39.0|0.00|0.11|43.315|21.984
03|57|0|135|0.0|14.5|135|50.1|39.0|0.00|0.11|43.3177|21.984
03|58|0|135|1.5|14.5|135|50.3|39.0|0.00|0.11|43.3172|21.984
03|59|0|90|1.5|14.5|135|50.5|38.9|0.00|0.11|43.3178|21.0608
04|00|0|90|1.6|14.5|135|50.3|38.9|0.00|0.11|43.318|21.0608
04|02|0|90|0.0|14.5|135|50.2|38.9|0.00|0.11|43.3174|21.0608
04|03|0|90|0.0|14.5|135|50.2|38.7|0.00|0.11|43.3177|21.0608
04|04|0|90|0.0|14.5|135|50.2|38.7|0.00|0.11|43.317|21.0608
04|05|0|90|1.6|14.5|135|50.3|38.7|0.00|0.11|43.3189|21.0608
04|06|0|90|1.5|14.5|135|50.5|38.7|0.00|0.11|43.3177|21.0608
04|07|0|90|0.0|14.5|135|50.6|38.6|0.00|0.11|43.3179|21.0608
04|08|0|90|0.0|14.5|135|50.3|38.7|0.00|0.11|43.317|21.0608
04|09|0|90|1.5|14.5|135|50.0|38.7|0.00|0.11|43.3175|21.0608
04|11|0|90|1.5|14.5|135|49.6|38.7|0.00|0.11|43.3188|20.5869
04|12|0|90|0.0|14.5|135|49.4|38.7|0.00|0.11|43.3214|20.5869
04|13|0|90|0.0|14.5|135|49.5|38.7|0.00|0.11|43.3224|20.5869
04|15|0|90|0.0|14.5|135|49.4|38.6|0.00|0.11|43.3227|20.5869
04|16|0|90|0.0|14.5|135|49.3|38.7|0.00|0.11|43.3236|20.5869
04|17|0|90|1.6|14.5|135|49.1|38.6|0.00|0.11|43.3242|20.5869
04|18|0|90|1.5|14.5|135|49.2|38.6|0.00|0.11|43.3243|20.5869
04|19|0|90|1.5|14.5|135|49.6|38.6|0.00|0.11|43.3261|20.5869
04|20|0|90|2.9|14.5|135|50.3|38.5|0.00|0.11|43.3259|21.0608
04|21|0|90|1.5|14.5|135|50.8|38.5|0.00|0.11|43.3253|21.0608
04|22|0|45|1.6|14.5|135|51.0|38.5|0.00|0.11|43.3253|21.5263
04|23|0|45|1.5|14.5|135|50.9|38.5|0.00|0.11|43.3261|21.0608
04|25|0|45|1.5|14.5|135|50.0|38.5|0.00|0.11|43.3278|21.0608
04|26|0|45|1.5|14.5|135|49.5|38.5|0.00|0.11|43.3276|20.5869
04|27|0|45|1.6|14.5|135|48.9|38.5|0.00|0.11|43.3275|20.1044
04|28|0|45|0.0|14.5|135|48.3|38.5|0.00|0.11|43.3286|20.1044
04|30|0|45|0.0|14.5|135|48.6|38.5|0.00|0.11|43.3306|20.1044
04|31|0|45|0.0|14.5|135|49.0|38.5|0.00|0.11|43.3301|20.5869
04|32|0|45|1.5|14.5|135|49.4|38.5|0.00|0.11|43.3296|20.5869
04|33|0|45|1.6|14.5|135|49.6|38.6|0.00|0.11|43.333|20.5869
04|35|0|45|1.5|14.5|135|50.1|38.6|0.00|0.11|43.3364|21.0608
04|36|0|225|0.0|14.5|135|50.1|38.6|0.00|0.11|43.3373|21.0608
04|37|0|225|1.6|14.5|135|50.1|38.6|0.00|0.11|43.3388|21.0608
04|38|0|225|0.0|14.5|135|50.1|38.6|0.00|0.11|43.3414|21.0608
04|39|0|225|0.0|14.5|135|50.1|38.5|0.01|0.12|43.3408|21.0608
04|40|0|270|0.0|14.5|135|50.2|38.5|0.01|0.12|43.3427|21.0608
04|41|0|270|1.5|14.5|135|50.1|38.5|0.01|0.12|43.3427|21.0608
04|43|0|270|0.0|14.5|135|50.1|38.4|0.01|0.12|43.3444|21.0608
04|44|0|270|1.5|14.5|135|50.2|38.4|0.01|0.12|43.3442|21.0608
04|45|0|270|1.5|14.5|135|50.3|38.4|0.01|0.12|43.3452|21.0608
04|46|0|270|0.0|14.5|135|50.4|38.4|0.01|0.12|43.3469|21.0608
04|47|0|270|0.0|14.5|135|50.5|38.3|0.01|0.12|43.3461|21.0608
04|49|0|270|0.0|14.5|135|50.5|38.3|0.01|0.12|43.3477|21.0608
04|50|0|270|0.0|14.5|135|50.3|38.3|0.01|0.12|43.3498|21.0608
04|51|0|270|0.0|14.5|135|50.3|38.2|0.01|0.12|43.3476|21.0608
04|53|0|270|0.0|14.5|135|50.3|38.2|0.01|0.12|43.3521|21.0608
04|54|0|270|1.5|14.5|135|50.6|38.2|0.01|0.12|43.3529|21.0608
04|55|0|270|1.5|14.5|135|51.0|38.1|0.01|0.12|43.3537|21.5263
04|56|0|270|1.5|14.5|135|51.0|38.1|0.01|0.12|43.3536|21.5263
04|57|0|270|1.6|14.5|135|51.0|38.0|0.01|0.12|43.3564|21.5263
04|58|0|270|1.6|14.5|135|51.1|38.0|0.01|0.12|43.3585|21.5263
04|59|0|270|0.0|14.5|135|51.3|37.8|0.01|0.12|43.3573|20.6008
05|00|0|270|1.5|14.5|135|51.3|37.7|0.01|0.12|43.3594|20.6008
05|01|0|270|0.0|14.5|135|51.1|37.7|0.01|0.12|43.3601|20.6008
05|02|0|270|0.0|14.5|135|51.2|37.6|0.01|0.12|43.3608|20.6008
05|03|0|270|1.5|14.5|135|51.4|37.5|0.01|0.12|43.3615|20.6008
05|04|0|270|1.5|14.5|135|51.3|37.5|0.01|0.12|43.3612|20.6008
05|05|0|270|0.0|14.5|135|51.2|37.5|0.01|0.12|43.3641|20.6008
05|06|0|270|0.0|14.5|135|51.2|37.5|0.01|0.12|43.3629|20.6008
05|09|0|270|0.0|14.5|135|51.0|37.5|0.01|0.12|43.3648|20.6008
05|10|0|270|1.6|14.5|135|51.0|37.4|0.01|0.12|43.366|20.6008
05|11|0|270|0.0|14.5|135|51.0|37.4|0.01|0.12|43.3659|20.6008
05|12|0|270|0.0|14.5|135|51.1|37.4|0.01|0.12|43.3678|20.6008
05|13|0|270|0.0|14.5|135|51.0|37.5|0.01|0.12|43.3695|20.6008
05|14|0|270|0.0|14.5|135|51.1|37.5|0.01|0.12|43.3713|20.6008
05|15|0|270|0.0|14.5|135|51.4|37.4|0.01|0.12|43.3705|20.6008
05|16|0|270|0.0|14.5|135|51.4|37.4|0.01|0.12|43.3705|20.6008
05|17|0|270|0.0|14.5|135|51.4|37.5|0.01|0.12|43.3714|20.6008
05|19|0|270|0.0|14.5|135|51.5|37.4|0.01|0.12|43.3722|20.6008
05|20|0|270|0.0|14.5|135|51.5|37.5|0.01|0.12|43.3758|20.6008
05|21|0|270|0.0|14.5|135|51.3|37.5|0.01|0.12|43.3727|20.6008
05|23|0|270|0.0|14.5|135|51.1|37.5|0.01|0.12|43.3773|20.6008
05|24|0|270|0.0|14.5|135|51.1|37.5|0.01|0.12|43.3755|20.6008
05|25|0|270|0.0|14.5|135|51.1|37.5|0.01|0.12|43.3754|20.6008
05|26|0|270|0.0|14.5|135|51.1|37.6|0.01|0.12|43.3787|20.6008
05|27|0|270|1.5|14.5|135|51.1|37.6|0.01|0.12|43.3802|20.6008
05|29|0|270|1.6|14.5|135|51.4|37.6|0.01|0.12|43.3813|20.6008
05|30|0|270|1.5|14.5|135|51.5|37.6|0.01|0.12|43.3824|20.6008
05|31|0|270|0.0|14.5|135|51.5|37.6|0.01|0.12|43.3814|20.6008
05|32|0|270|1.5|1.6|270|51.4|37.6|0.01|0.00|43.3828|20.6008
05|33|0|270|1.5|1.6|270|51.2|37.5|0.01|0.00|43.3821|20.6008
05|35|0|270|0.0|1.6|270|51.0|37.5|0.01|0.00|43.3839|20.6008
05|36|0|270|0.0|1.6|270|51.0|37.5|0.01|0.00|43.385|20.6008
05|37|0|270|1.6|1.6|270|51.1|37.5|0.01|0.00|43.3838|20.6008
05|38|0|270|0.0|2.9|270|51.0|37.5|0.01|0.00|43.3864|20.6008
05|39|0|270|1.5|2.9|270|50.9|37.5|0.01|0.00|43.3851|20.1374
05|40|0|270|1.6|2.9|270|50.8|37.5|0.01|0.00|43.3873|20.1374
05|41|0|270|1.5|2.9|270|50.7|37.5|0.01|0.00|43.3878|20.1374
05|42|0|270|0.0|2.9|270|51.0|37.5|0.01|0.00|43.3914|20.6008
05|43|0|270|0.0|2.9|270|51.0|37.5|0.01|0.00|43.3909|20.6008
05|44|0|270|0.0|2.9|270|50.8|37.5|0.01|0.00|43.3898|20.1374
05|45|0|270|0.0|2.9|270|50.7|37.5|0.01|0.00|43.3898|20.1374
05|47|0|270|0.0|2.9|270|50.5|37.5|0.01|0.00|43.3884|20.1374
05|48|0|270|0.0|2.9|270|50.5|37.5|0.01|0.00|43.3898|20.1374
05|49|0|270|0.0|2.9|270|50.4|37.5|0.01|0.00|43.3918|20.1374
05|51|0|270|0.0|2.9|270|50.8|37.5|0.00|0.00|43.3896|20.1374
05|52|0|270|0.0|2.9|270|50.7|37.6|0.00|0.00|43.3918|20.1374
05|53|0|270|0.0|2.9|270|50.2|37.6|0.00|0.00|43.3937|20.1374
05|54|0|270|0.0|2.9|270|50.3|37.6|0.00|0.00|43.395|20.1374
05|55|0|270|0.0|2.9|270|50.5|37.5|0.00|0.00|43.3928|20.1374
05|56|0|270|0.0|2.9|270|50.6|37.5|0.00|0.00|43.392|20.1374
05|57|0|270|0.0|2.9|270|50.4|37.5|0.00|0.00|43.3932|20.1374
05|58|0|270|0.0|2.9|270|50.4|37.5|0.00|0.00|43.3948|20.1374
05|59|0|270|1.5|2.9|270|50.6|37.5|0.00|0.00|43.3959|20.1374
06|00|0|270|0.0|2.9|270|50.6|37.5|0.00|0.00|43.3959|20.1374
06|01|0|270|0.0|2.9|270|50.6|37.5|0.00|0.00|43.3972|20.1374
06|02|0|270|0.0|2.9|270|50.7|37.5|0.00|0.00|43.3982|20.1374
06|04|0|270|1.5|2.9|270|50.9|37.5|0.00|0.00|43.4001|20.1374
06|05|0|225|1.6|2.9|270|51.1|37.5|0.00|0.00|43.3982|20.6008
06|06|0|225|1.5|2.9|270|51.1|37.5|0.00|0.00|43.3996|20.6008
06|07|0|225|1.5|2.9|270|51.2|37.5|0.00|0.00|43.4006|20.6008
06|08|0|225|0.0|2.9|270|51.4|37.4|0.00|0.00|43.4017|20.6008
06|09|0|225|0.0|2.9|270|51.4|37.3|0.00|0.00|43.4002|20.6008
06|10|0|225|0.0|2.9|270|51.3|37.3|0.00|0.00|43.4025|20.6008
06|11|0|225|0.0|2.9|270|51.2|37.3|0.00|0.00|43.4034|20.6008
06|12|0|225|0.0|2.9|270|51.2|37.2|0.00|0.00|43.4022|20.6008
06|13|0|225|0.0|2.9|270|51.6|37.3|0.00|0.00|43.404|20.6008
06|14|0|225|0.0|2.9|270|52.1|37.2|0.00|0.00|43.4017|21.0563
06|15|0|225|0.0|2.9|270|52.0|37.2|0.00|0.00|43.4037|21.0563
06|16|0|225|0.0|2.9|270|51.8|37.1|0.00|0.00|43.4049|20.6008
06|17|0|225|0.0|2.9|270|51.6|37.0|0.00|0.00|43.4021|20.6008
06|18|0|225|0.0|2.9|270|51.9|37.0|0.00|0.00|43.4052|20.6008
06|19|0|225|0.0|2.9|270|52.0|37.0|0.00|0.00|43.4055|21.0563
06|21|0|225|0.0|2.9|270|52.0|37.0|0.00|0.00|43.408|21.0563
06|22|0|225|0.0|2.9|270|52.0|36.8|0.00|0.00|43.4056|20.1287
06|23|0|225|0.0|2.9|270|52.0|36.8|0.00|0.00|43.4087|20.1287
06|24|0|225|0.0|2.9|270|52.1|36.8|0.00|0.00|43.4079|20.1287
06|25|0|225|0.0|2.9|270|52.3|36.8|0.00|0.00|43.4089|20.1287
06|26|0|225|0.0|2.9|270|52.3|36.7|0.00|0.00|43.405|20.1287
06|27|0|225|0.0|2.9|270|52.1|36.7|0.00|0.00|43.407|20.1287
06|28|0|225|0.0|2.9|270|52.0|36.7|0.00|0.00|43.4065|20.1287
06|29|0|225|0.0|2.9|270|52.3|36.7|0.00|0.00|43.4071|20.1287
06|30|0|225|0.0|2.9|270|52.9|36.6|0.00|0.00|43.4076|20.1287
06|31|0|225|0.0|2.9|270|53.1|36.6|0.00|0.00|43.4101|20.5744
06|32|0|225|0.0|2.9|270|53.2|36.5|0.00|0.00|43.4115|20.5744
06|33|0|225|0.0|2.9|270|53.3|36.5|0.00|0.00|43.414|20.5744
06|34|0|225|0.0|2.9|270|53.6|36.5|0.00|0.00|43.4148|20.5744
06|35|0|225|0.0|2.9|270|53.8|36.5|0.00|0.00|43.414|20.5744
06|36|0|225|0.0|2.9|270|53.9|36.5|0.00|0.00|43.4148|20.5744
06|37|0|225|0.0|2.9|270|54.0|36.5|0.00|0.00|43.4136|21.0128
06|38|0|225|0.0|2.9|270|54.0|36.5|0.00|0.00|43.4139|21.0128
06|39|0|225|0.0|2.9|270|53.9|36.5|0.00|0.00|43.415|20.5744
06|41|0|225|1.5|2.9|270|54.0|36.4|0.00|0.00|43.4135|21.0128
06|42|0|225|1.6|2.9|270|54.4|36.4|0.00|0.00|43.4154|21.0128
06|43|0|225|0.0|2.9|270|54.6|36.4|0.01|0.01|43.4154|21.0128
06|44|0|225|0.0|2.9|270|54.6|36.4|0.01|0.01|43.415|21.0128
06|45|0|225|0.0|2.9|270|54.6|36.4|0.01|0.01|43.4167|21.0128
06|46|0|225|1.6|2.9|270|54.9|36.4|0.01|0.01|43.4161|21.0128
06|47|0|225|1.5|3.2|225|55.4|36.3|0.01|0.01|43.4156|21.444
06|48|0|135|1.5|3.2|225|55.6|36.3|0.01|0.01|43.4151|21.444
06|49|0|135|0.0|3.2|225|55.5|36.3|0.01|0.01|43.416|21.444
06|50|0|135|0.0|3.2|225|55.4|36.3|0.01|0.01|43.4183|21.444
06|51|0|135|0.0|3.2|225|55.4|36.3|0.01|0.01|43.4184|21.444
06|52|0|135|1.5|3.2|225|55.5|36.3|0.01|0.01|43.418|21.444
06|53|0|135|1.5|3.2|225|55.6|36.4|0.01|0.01|43.4185|21.444
06|54|0|135|0.0|3.2|225|55.7|36.4|0.01|0.01|43.4171|21.444
06|55|0|135|0.0|3.2|225|55.5|36.4|0.01|0.01|43.419|21.444
06|56|0|180|1.5|3.2|225|55.5|36.4|0.01|0.01|43.42|21.444
06|57|0|180|2.9|3.2|180|55.9|36.4|0.01|0.01|43.4196|21.444
06|58|0|180|1.5|3.2|180|56.1|36.4|0.01|0.01|43.4215|21.8684
06|59|0|180|0.0|3.2|180|56.1|36.4|0.01|0.01|43.4214|21.8684
07|01|0|180|1.5|3.2|180|56.0|36.5|0.01|0.01|43.4248|21.8684
07|03|0|180|0.0|3.2|180|55.9|36.5|0.01|0.01|43.4245|21.444
07|04|0|180|0.0|3.2|180|55.8|36.5|0.01|0.01|43.427|21.444
07|05|0|180|0.0|3.2|180|55.9|36.5|0.01|0.01|43.4282|21.444
07|06|0|180|0.0|3.2|180|56.0|36.6|0.01|0.01|43.4301|21.8684
07|07|0|180|0.0|3.2|180|56.0|36.6|0.01|0.01|43.4291|21.8684
07|08|0|180|1.5|3.2|180|56.0|36.6|0.01|0.01|43.4279|21.8684
07|09|0|180|0.0|3.2|180|55.8|36.6|0.01|0.01|43.427|21.444
07|10|0|180|1.5|3.2|180|55.8|36.6|0.01|0.01|43.4292|21.444
07|12|0|180|0.0|3.2|180|55.7|36.7|0.01|0.01|43.4316|21.444
07|13|0|180|0.0|3.2|180|55.7|36.7|0.01|0.01|43.4315|21.444
07|15|0|180|1.5|3.2|180|56.0|36.8|0.01|0.01|43.4308|21.8684
07|16|0|180|0.0|3.2|180|56.0|36.8|0.01|0.01|43.4305|21.8684
07|17|0|180|0.0|3.2|180|55.8|37.0|0.01|0.01|43.43|22.3776
07|18|0|180|0.0|3.2|180|55.7|37.0|0.01|0.01|43.4303|22.3776
07|19|0|180|1.5|3.2|180|55.5|37.1|0.01|0.01|43.4319|22.3776
07|20|0|0|1.5|3.2|180|56.0|37.1|0.01|0.01|43.433|22.8038
07|22|0|0|1.6|3.2|180|56.9|37.2|0.01|0.01|43.4342|22.8038
07|23|0|0|1.5|3.2|180|57.3|37.2|0.01|0.01|43.4332|23.2233
07|25|0|0|0.0|3.2|180|56.8|37.3|0.01|0.01|43.4325|22.8038
07|26|0|0|0.0|3.2|180|56.2|37.3|0.01|0.01|43.4336|22.8038
07|27|0|0|1.5|3.2|180|55.9|37.4|0.01|0.01|43.4346|22.3776
07|28|0|0|1.5|3.2|180|55.7|37.4|0.01|0.01|43.4328|22.3776
07|29|0|0|0.0|3.2|180|55.2|37.4|0.01|0.01|43.4319|22.3776
07|30|0|0|0.0|3.2|180|55.1|37.5|0.01|0.01|43.4325|22.3776
07|32|0|0|0.0|3.2|180|55.3|37.7|0.01|0.01|43.4357|22.3776
07|33|0|0|0.0|3.2|180|55.1|37.7|0.01|0.01|43.4357|22.3776
07|34|0|0|0.0|3.2|180|54.9|37.7|0.01|0.01|43.4356|21.9444
07|35|0|0|0.0|3.2|180|54.7|37.8|0.01|0.01|43.4374|21.9444
07|36|0|0|0.0|3.2|180|54.5|38.0|0.01|0.01|43.4404|22.8759
07|37|0|315|1.6|3.2|180|55.0|38.1|0.01|0.01|43.4434|23.311
07|38|0|315|1.6|3.2|180|56.4|38.1|0.01|0.01|43.4436|23.7391
07|40|0|315|0.0|3.2|180|57.0|38.2|0.01|0.01|43.4432|24.1605
07|42|0|315|0.0|3.2|180|56.1|38.3|0.00|0.01|43.4454|23.7391
07|43|0|315|0.0|3.2|180|55.7|38.3|0.00|0.01|43.4469|23.311
07|44|0|315|2.9|3.2|180|55.0|38.3|0.00|0.01|43.4497|23.311
07|45|0|315|2.9|4.4|315|56.2|38.3|0.00|0.01|43.4524|23.7391
07|46|0|315|1.5|4.4|315|57.9|38.3|0.00|0.01|43.4535|24.1605
07|48|0|315|0.0|4.4|315|57.2|38.5|0.00|0.01|43.4535|24.1605
07|49|0|315|1.6|4.4|315|56.3|38.5|0.00|0.01|43.4566|23.7391
07|50|0|315|1.6|4.4|315|57.3|38.6|0.00|0.01|43.4585|24.1605
07|51|0|315|1.5|4.4|315|58.5|38.6|0.00|0.01|43.4597|24.5755
07|52|0|315|1.5|4.4|315|58.7|38.9|0.00|0.01|43.458|24.5755
07|53|0|315|1.5|4.4|315|57.6|39.0|0.00|0.01|43.4585|25.0976
07|55|0|315|2.9|4.4|315|55.5|39.2|0.00|0.01|43.4638|24.2442
07|56|0|315|1.5|4.4|315|54.6|39.4|0.00|0.01|43.4655|23.8072
07|57|0|315|1.5|4.4|315|55.0|39.5|0.00|0.01|43.4651|24.2442
07|58|0|315|3.2|4.4|315|54.5|39.7|0.00|0.01|43.4678|23.8072
08|00|0|315|1.5|4.4|315|54.1|39.9|0.00|0.01|43.4681|23.8072
08|01|0|315|2.9|4.4|315|54.3|40.0|0.00|0.01|43.469|24.7383
08|02|0|315|3.2|4.4|315|55.3|40.1|0.00|0.01|43.4685|25.1773
08|04|0|315|3.2|4.4|315|55.0|40.3|0.00|0.01|43.4727|25.1773
08|06|0|315|2.9|4.8|315|53.7|40.7|0.00|0.01|43.4755|24.2921
08|07|0|270|3.2|4.8|315|53.1|40.9|0.01|0.02|43.476|24.2921
08|08|0|315|1.5|5.8|315|52.3|41.1|0.01|0.02|43.4753|24.7653
08|09|0|315|4.4|5.8|315|51.3|41.3|0.01|0.02|43.4717|24.3017
08|10|0|270|2.9|5.8|315|50.4|41.6|0.01|0.02|43.4709|23.8299
08|11|0|315|4.4|5.8|315|50.1|41.8|0.01|0.02|43.4727|23.8299
08|12|0|315|5.8|7.3|315|48.0|41.9|0.01|0.02|43.4736|22.8608
08|14|0|315|4.4|7.3|315|47.4|42.2|0.01|0.02|43.4746|23.279
08|15|0|315|4.8|7.3|315|47.1|42.5|0.01|0.02|43.4775|23.279
08|16|0|315|3.2|7.3|315|46.4|42.6|0.01|0.02|43.4745|22.7692
08|17|0|315|4.4|7.3|315|45.8|42.7|0.01|0.02|43.4752|22.2495
08|20|0|315|1.5|7.3|315|46.0|43.2|0.01|0.02|43.4714|23.6831
08|21|0|315|4.4|7.3|315|44.6|43.5|0.01|0.02|43.4766|22.6287
08|22|0|270|1.6|7.3|315|43.6|43.7|0.01|0.02|43.4778|22.0855
08|23|0|315|4.4|7.3|315|43.2|43.7|0.01|0.02|43.4768|22.0855
08|24|0|315|2.9|7.3|315|42.7|43.8|0.01|0.02|43.4816|21.5309
08|25|0|315|2.9|7.3|315|42.7|44.0|0.01|0.02|43.4833|22.4352
08|26|0|270|2.9|7.3|315|42.6|44.2|0.01|0.02|43.4818|22.4352
08|27|0|315|3.2|7.3|315|42.4|44.3|0.01|0.02|43.4866|22.4352
08|28|0|315|1.5|7.3|315|42.5|44.4|0.01|0.02|43.4853|22.4352
08|29|0|270|3.2|7.3|315|41.8|44.5|0.01|0.02|43.4858|21.8664
08|31|0|315|1.5|7.3|315|40.7|44.8|0.01|0.02|43.4804|21.2851
08|32|0|270|1.5|7.3|315|40.8|45.0|0.01|0.02|43.4805|22.1842
08|33|0|315|4.4|7.3|315|40.3|45.2|0.01|0.02|43.4764|22.1842
08|34|0|315|4.4|7.3|315|39.4|45.3|0.01|0.02|43.4793|21.5873
08|35|0|315|2.9|7.3|315|39.1|45.4|0.01|0.02|43.4787|21.5873
08|36|0|270|2.9|7.3|315|39.1|45.6|0.01|0.02|43.4797|21.5873
08|37|0|315|1.5|7.3|315|38.9|45.8|0.01|0.02|43.4803|20.9767
08|38|0|0|1.6|7.3|315|39.2|46.1|0.01|0.02|43.4777|22.4837
08|39|0|315|4.4|7.3|315|38.7|46.3|0.01|0.02|43.478|21.8704
08|41|0|315|4.8|7.3|315|38.2|46.4|0.01|0.02|43.4849|21.8704
08|42|0|315|4.4|7.3|315|37.9|46.4|0.01|0.02|43.4838|21.2427
08|43|0|315|2.9|7.3|315|37.7|46.5|0.01|0.02|43.4836|21.2427
08|44|0|315|2.9|7.3|315|38.1|46.6|0.01|0.02|43.4851|21.8704
08|45|0|315|2.9|7.3|315|37.8|46.6|0.01|0.02|43.4841|21.2427
08|46|0|0|4.8|7.3|315|37.4|46.6|0.01|0.02|43.4835|21.2427
08|48|0|0|4.4|8.0|0|36.5|46.8|0.01|0.02|43.4818|20.5997
08|49|0|315|1.5|8.0|0|36.1|46.8|0.01|0.02|43.4829|20.5997
08|50|0|315|3.2|8.0|0|36.1|47.0|0.01|0.02|43.4821|21.4878
08|51|0|0|4.4|8.0|0|35.9|47.1|0.01|0.02|43.4811|20.826
08|52|0|45|2.9|8.0|0|35.9|47.4|0.01|0.02|43.4761|20.826
08|54|0|45|4.4|8.0|0|36.0|48.0|0.01|0.02|43.4746|22.3756
08|55|0|45|2.9|8.1|45|35.8|48.3|0.01|0.02|43.4746|21.711
08|56|0|45|4.4|8.1|45|35.6|48.5|0.01|0.02|43.4733|21.711
08|57|0|45|1.5|8.1|45|35.2|48.8|0.01|0.02|43.4741|21.711
08|59|0|0|2.9|8.1|45|35.2|49.0|0.01|0.02|43.476|22.5957
09|00|0|315|1.5|8.1|45|34.6|49.2|0.01|0.02|43.477|21.9111
09|01|0|45|1.6|8.1|45|33.8|49.4|0.01|0.02|43.4766|21.2084
09|02|0|90|4.4|8.1|45|33.5|49.5|0.01|0.02|43.4826|21.2084
09|03|0|45|4.8|8.1|45|33.5|49.5|0.01|0.02|43.4842|21.2084
09|04|0|45|5.8|8.1|45|33.7|49.4|0.01|0.02|43.4834|21.2084
09|05|0|45|4.8|8.1|45|33.7|49.4|0.01|0.02|43.4828|21.2084
09|06|0|45|3.2|8.1|45|33.7|49.4|0.01|0.02|43.484|21.2084
09|07|0|45|1.5|8.1|45|33.3|49.4|0.00|0.02|43.484|21.2084
09|08|0|45|1.5|8.1|45|33.5|49.5|0.00|0.02|43.4844|21.2084
09|09|0|45|2.9|8.1|45|34.1|49.5|0.00|0.02|43.4812|21.9111
09|10|0|90|4.4|8.1|45|34.0|49.7|0.00|0.02|43.4803|21.9111
09|11|0|90|2.9|8.1|45|33.6|49.7|0.00|0.02|43.4852|21.2084
09|12|0|90|3.2|8.1|45|33.4|49.7|0.00|0.02|43.4822|21.2084
09|13|0|0|1.5|8.1|45|33.5|49.7|0.00|0.02|43.4795|21.2084
09|14|0|90|4.4|8.1|45|34.0|49.9|0.00|0.02|43.4796|21.9111
09|15|0|135|3.2|8.1|45|33.3|49.9|0.00|0.02|43.4747|21.2084
09|17|0|90|1.5|8.1|45|33.0|50.0|0.00|0.02|43.4789|22.087
09|18|0|90|2.9|8.1|45|32.8|50.1|0.01|0.03|43.4801|21.3621
09|19|0|135|1.5|8.1|45|32.6|50.1|0.01|0.03|43.4831|21.3621
09|20|0|113|1.5|8.1|45|32.8|50.2|0.01|0.03|43.4752|21.3621
09|21|0|90|2.9|8.1|45|32.5|50.5|0.01|0.03|43.4756|21.3621
09|22|0|135|4.4|8.1|45|32.2|50.7|0.01|0.03|43.4778|21.3621
09|24|0|68|1.5|8.1|45|31.8|51.1|0.01|0.03|43.4781|21.4891
09|25|0|90|2.9|8.1|45|31.8|51.5|0.01|0.03|43.4836|21.4891
09|26|0|90|1.5|8.1|45|32.0|51.6|0.01|0.03|43.4865|22.2375
09|27|0|90|1.5|8.1|45|31.6|51.8|0.01|0.03|43.4849|21.4891
09|29|0|90|1.5|8.1|45|31.4|52.1|0.01|0.03|43.4838|22.361
09|30|0|113|4.4|8.1|45|31.6|52.2|0.01|0.03|43.4824|22.361
09|31|0|90|2.9|8.1|45|31.1|52.5|0.01|0.03|43.4828|22.361
09|32|0|68|2.9|8.1|45|31.0|52.7|0.01|0.03|43.4809|22.361
09|33|0|90|1.6|8.1|45|31.1|52.8|0.01|0.03|43.4848|22.361
09|34|0|0|2.9|8.1|45|30.5|52.9|0.01|0.03|43.482|21.5877
09|35|0|0|0.0|8.1|45|30.2|53.2|0.01|0.03|43.4826|22.4561
09|36|0|45|4.4|8.1|45|30.1|53.3|0.01|0.03|43.4837|22.4561
09|38|0|45|1.5|8.1|45|29.9|53.3|0.01|0.03|43.4841|21.6562
09|39|0|0|0.0|8.1|45|29.5|53.4|0.01|0.03|43.4835|21.6562
09|40|0|0|0.0|8.1|45|29.6|53.5|0.01|0.03|43.4828|21.6562
09|41|0|0|0.0|8.1|45|29.6|53.7|0.01|0.03|43.4789|21.6562
09|42|0|90|1.5|8.1|45|28.9|53.9|0.01|0.03|43.4749|20.8315
09|43|0|135|1.5|8.1|45|28.6|54.0|0.01|0.03|43.4754|21.6929
09|44|0|45|0.0|8.1|45|28.7|54.2|0.01|0.03|43.4723|21.6929
09|45|0|0|1.5|8.1|45|28.5|54.5|0.01|0.03|43.4713|21.6929
09|46|0|45|1.5|8.1|45|28.4|54.7|0.01|0.03|43.4748|21.6929
09|47|0|180|0.0|8.1|45|28.5|55.1|0.01|0.03|43.476|22.5541
09|48|0|180|1.6|8.1|45|28.0|55.4|0.01|0.03|43.4784|22.5541
09|49|0|135|2.9|8.1|45|27.7|55.8|0.01|0.03|43.4791|21.6957
09|50|0|225|0.0|8.1|45|27.6|56.2|0.01|0.03|43.4817|22.5531
09|51|0|225|1.5|8.1|45|27.5|56.6|0.01|0.03|43.4782|22.5531
09|52|0|315|4.4|8.1|45|26.7|57.0|0.01|0.03|43.4794|22.5158
09|54|0|315|5.8|10.2|315|24.8|57.3|0.01|0.03|43.4787|20.6316
09|56|0|315|5.8|11.6|315|24.1|57.3|0.01|0.03|43.4776|20.6316
09|57|0|315|4.4|11.6|315|23.9|57.0|0.01|0.03|43.4752|19.6366
09|58|0|270|5.8|11.6|315|24.3|57.0|0.01|0.03|43.4743|20.6316
09|59|0|315|4.8|11.6|315|24.4|57.1|0.01|0.03|43.4744|20.6316
10|00|0|315|5.8|11.6|315|24.4|57.1|0.01|0.03|43.4749|20.6316
10|01|0|270|6.5|11.6|315|23.8|56.7|0.01|0.03|43.4706|18.7949
10|02|0|315|11.3|11.6|315|23.5|56.6|0.01|0.03|43.472|18.7949
10|03|0|0|4.4|11.6|315|23.6|56.6|0.01|0.03|43.4722|18.7949
10|07|0|315|10.2|13.1|315|23.9|56.2|0.01|0.03|43.4662|18.7949
10|08|0|270|8.7|13.1|315|23.3|56.3|0.01|0.03|43.4699|18.7949
10|09|0|315|7.3|13.1|315|23.1|56.3|0.01|0.03|43.4689|18.7949
10|10|0|0|9.7|14.5|315|23.0|56.2|0.01|0.03|43.4692|18.7949
10|12|0|315|10.2|16.1|315|22.9|55.7|0.01|0.03|43.4697|16.9271
10|13|0|315|7.3|16.1|315|23.0|56.0|0.01|0.03|43.4695|18.7949
10|14|0|0|10.2|16.1|315|23.2|56.2|0.01|0.03|43.4676|18.7949
10|15|0|270|6.4|16.1|315|23.4|56.2|0.01|0.03|43.467|18.7949
10|17|0|315|8.7|16.1|315|22.9|56.3|0.00|0.03|43.4688|17.765
10|18|0|315|8.7|16.1|315|22.4|56.5|0.00|0.03|43.4698|17.765
10|19|0|315|10.2|16.1|315|22.2|56.4|0.00|0.03|43.4674|17.765
10|21|0|315|4.4|16.1|315|22.5|56.5|0.00|0.03|43.4697|17.765
10|22|0|315|11.6|16.1|315|22.5|56.4|0.00|0.03|43.4683|17.765
10|23|0|315|11.6|18.9|315|23.0|56.5|0.00|0.03|43.469|18.7949
10|24|0|315|7.3|18.9|315|23.3|56.7|0.00|0.03|43.4709|18.7949
10|25|0|0|4.4|18.9|315|22.8|56.9|0.00|0.03|43.4728|17.765
10|26|0|315|8.7|18.9|315|22.6|57.2|0.00|0.03|43.4722|18.6025
10|27|0|0|4.4|18.9|315|22.1|57.4|0.00|0.03|43.4715|18.6025
10|28|0|0|7.3|18.9|315|22.3|57.4|0.00|0.03|43.47|18.6025
10|29|0|315|8.7|18.9|315|22.1|57.7|0.00|0.03|43.4702|18.6025
10|30|0|0|10.2|18.9|315|21.7|57.5|0.00|0.03|43.4684|17.5258
10|31|0|0|7.3|18.9|315|21.7|57.5|0.00|0.03|43.4714|17.5258
10|32|0|338|7.3|18.9|315|22.3|57.5|0.00|0.03|43.4705|18.6025
10|33|0|0|10.2|18.9|315|22.4|57.5|0.00|0.03|43.4698|18.6025
10|34|0|0|8.7|18.9|315|22.1|57.5|0.00|0.03|43.4668|18.6025
10|35|0|315|5.8|18.9|315|21.7|57.4|0.00|0.03|43.4692|17.5258
10|36|0|293|4.4|18.9|315|21.8|57.3|0.00|0.03|43.467|17.5258
10|37|0|315|5.8|18.9|315|22.0|57.3|0.00|0.03|43.4673|18.6025
10|38|0|315|4.4|18.9|315|22.4|57.4|0.00|0.03|43.4676|18.6025
10|39|0|315|5.8|18.9|315|22.6|57.5|0.00|0.03|43.4688|18.6025
10|40|0|315|6.5|18.9|315|22.3|57.5|0.00|0.03|43.4695|18.6025
10|41|0|0|11.6|18.9|315|22.0|57.5|0.00|0.03|43.4682|18.6025
10|43|0|315|3.2|18.9|315|21.7|57.4|0.00|0.03|43.4689|17.5258
10|44|0|0|5.8|18.9|315|22.4|57.4|0.00|0.03|43.4725|18.6025
10|45|0|0|5.8|18.9|315|22.1|57.5|0.00|0.03|43.4697|18.6025
10|46|0|315|5.8|18.9|315|22.2|57.5|0.00|0.03|43.4736|18.6025
10|47|0|315|5.8|18.9|315|21.8|57.5|0.00|0.03|43.4752|17.5258
10|48|0|0|5.8|18.9|315|22.0|57.5|0.00|0.03|43.4739|18.6025
10|49|0|315|4.4|18.9|315|22.2|57.7|0.00|0.03|43.4723|18.6025
10|50|0|315|9.7|18.9|315|22.4|57.5|0.00|0.03|43.4691|18.6025
10|51|0|270|7.3|18.9|315|22.4|57.3|0.00|0.03|43.4714|18.6025
10|52|0|315|4.8|18.9|315|22.3|57.1|0.00|0.03|43.4728|18.6025
10|53|0|315|8.1|18.9|315|22.6|57.0|0.00|0.03|43.4695|18.6025
10|54|0|315|7.3|18.9|315|22.4|57.0|0.00|0.03|43.4702|18.6025
10|57|0|315|4.4|18.9|315|22.7|57.0|0.00|0.03|43.4701|18.6025
10|58|0|270|9.7|18.9|315|22.7|57.1|0.00|0.03|43.4676|18.6025
10|59|0|315|6.4|18.9|315|22.3|57.0|0.00|0.03|43.4668|18.6025
11|00|0|0|5.8|18.9|315|23.0|57.1|0.00|0.03|43.4648|19.6366
11|01|0|0|2.9|18.9|315|22.4|57.3|0.00|0.03|43.4681|18.6025
11|02|0|315|1.5|18.9|315|22.2|57.4|0.00|0.03|43.469|18.6025
11|04|0|0|4.4|18.9|315|22.8|57.4|0.00|0.03|43.4673|18.6025
11|05|0|315|11.6|18.9|315|23.0|57.5|0.00|0.03|43.4666|19.6366
11|06|0|270|7.3|18.9|315|22.6|57.4|0.00|0.03|43.466|18.6025
11|07|0|270|8.0|18.9|315|22.5|57.3|0.00|0.03|43.4669|18.6025
11|08|0|315|11.6|18.9|315|23.2|57.4|0.00|0.03|43.4691|19.6366
11|10|0|270|7.3|18.9|315|22.6|57.3|0.00|0.03|43.4676|18.6025
11|11|0|315|7.3|18.9|315|23.1|57.5|0.00|0.03|43.4649|19.6366
11|13|0|315|4.8|18.9|315|22.1|57.8|0.00|0.03|43.4658|18.6025
11|15|0|0|6.4|18.9|315|22.6|58.2|0.00|0.03|43.4632|19.4397
11|16|0|315|4.4|18.9|315|21.8|58.3|0.00|0.03|43.4621|18.3586
11|17|0|315|9.7|18.9|315|22.1|58.3|0.00|0.03|43.4612|19.4397
11|18|0|0|8.7|18.9|315|22.0|58.4|0.00|0.03|43.4609|19.4397
11|19|0|270|5.8|18.9|315|21.4|58.4|0.00|0.03|43.4613|18.3586
11|20|0|270|6.4|18.9|315|22.1|58.5|0.00|0.03|43.461|19.4397
11|21|0|315|7.3|18.9|315|21.9|58.7|0.00|0.03|43.4598|18.3586
11|22|0|270|5.8|18.9|315|21.8|58.5|0.00|0.03|43.4607|18.3586
11|23|0|315|8.1|18.9|315|22.1|58.8|0.00|0.03|43.4604|19.4397
11|24|0|315|7.3|18.9|315|21.6|58.7|0.00|0.03|43.4593|18.3586
11|25|0|315|7.3|18.9|315|21.3|58.7|0.00|0.03|43.4616|18.3586
11|26|0|315|3.2|18.9|315|21.3|58.8|0.00|0.03|43.463|18.3586
11|28|0|315|7.3|18.9|315|21.6|58.9|0.00|0.03|43.4657|18.3586
11|29|0|315|10.2|18.9|315|22.3|58.9|0.00|0.03|43.463|19.4397
11|30|0|293|8.7|18.9|315|21.9|58.7|0.00|0.03|43.4644|18.3586
11|32|0|315|5.8|18.9|315|21.3|59.0|0.00|0.03|43.4598|19.1912
11|34|0|338|5.8|18.9|315|21.2|59.0|0.00|0.03|43.4575|19.1912
11|35|0|225|4.8|18.9|315|21.4|58.9|0.00|0.03|43.4563|18.3586
11|36|0|270|2.9|18.9|315|21.1|59.2|0.00|0.03|43.4565|19.1912
11|37|0|315|4.4|18.9|315|21.3|59.6|0.00|0.03|43.4614|19.1912
11|38|0|0|4.8|18.9|315|21.1|59.7|0.00|0.03|43.4609|19.1912
11|39|0|45|2.9|18.9|315|21.3|59.9|0.00|0.03|43.4602|19.1912
11|40|0|0|5.8|18.9|315|20.7|60.0|0.00|0.03|43.4621|18.8865
11|41|0|0|13.1|18.9|315|21.2|60.1|0.00|0.03|43.461|20.0234
11|43|0|23|7.3|18.9|315|20.2|60.2|0.00|0.03|43.462|18.8865
11|45|0|0|8.1|18.9|315|19.9|60.2|0.00|0.03|43.4633|17.698
11|46|0|45|5.8|18.9|315|19.8|60.1|0.00|0.03|43.4638|17.698
11|47|0|270|4.8|18.9|315|19.7|60.0|0.00|0.03|43.4626|17.698
11|48|0|315|5.8|18.9|315|20.2|59.8|0.00|0.03|43.4575|18.0588
11|49|0|0|8.1|18.9|315|20.4|59.8|0.00|0.03|43.4602|18.0588
11|50|0|0|7.3|18.9|315|21.2|59.6|0.00|0.03|43.4607|19.1912
11|51|0|0|4.4|18.9|315|20.9|59.7|0.00|0.03|43.4619|18.0588
11|52|0|315|3.2|18.9|315|20.6|60.0|0.00|0.03|43.4625|18.8865
11|54|0|0|8.7|18.9|315|20.3|60.5|0.00|0.03|43.4585|18.8865
11|57|0|315|10.2|18.9|315|20.7|60.6|0.00|0.03|43.462|18.8865
11|58|0|45|4.4|18.9|315|20.4|60.6|0.00|0.03|43.4577|18.8865
11|59|0|0|4.4|18.9|315|20.0|60.7|0.00|0.03|43.4619|18.8865
12|00|0|338|5.8|18.9|315|20.1|60.9|0.00|0.03|43.462|18.8865
12|01|0|315|10.2|18.9|315|20.4|60.6|0.00|0.03|43.4582|18.8865
12|02|0|270|7.3|18.9|315|20.3|60.5|0.00|0.03|43.4622|18.8865
12|03|0|0|5.8|18.9|315|20.2|60.2|0.00|0.03|43.4616|18.8865
12|04|0|338|2.9|18.9|315|20.6|60.3|0.00|0.03|43.4616|18.8865
12|05|0|225|4.8|18.9|315|20.6|60.6|0.00|0.03|43.4572|18.8865
12|06|0|225|2.9|18.9|315|20.1|60.8|0.00|0.03|43.4554|18.8865
12|07|0|270|4.8|18.9|315|19.7|60.8|0.00|0.03|43.4545|17.698
12|08|0|0|4.4|18.9|315|19.6|60.7|0.00|0.03|43.4535|17.698
12|09|0|0|9.7|18.9|315|20.0|60.6|0.00|0.03|43.4508|18.8865
12|10|0|315|7.3|18.9|315|20.2|60.5|0.00|0.03|43.4539|18.8865
12|11|0|225|10.2|18.9|315|20.6|60.3|0.00|0.03|43.4524|18.8865
12|12|0|315|12.9|18.9|315|20.7|60.1|0.00|0.03|43.4503|18.8865
12|13|0|315|8.7|18.9|315|20.4|59.9|0.00|0.03|43.4531|18.0588
12|14|0|315|4.8|18.9|315|20.1|59.8|0.00|0.03|43.4519|18.0588
12|15|0|315|7.3|18.9|315|20.3|59.8|0.00|0.03|43.4531|18.0588
12|17|0|315|8.7|18.9|315|20.7|59.8|0.00|0.03|43.4528|18.0588
12|18|0|270|16.0|18.9|315|20.6|59.9|0.00|0.03|43.4518|18.0588
12|20|0|315|10.2|18.9|315|20.8|60.1|0.00|0.03|43.4522|18.8865
12|21|0|0|2.9|18.9|315|20.2|60.2|0.00|0.03|43.4498|18.8865
12|22|0|315|5.8|18.9|315|20.3|60.5|0.00|0.03|43.4516|18.8865
12|23|0|315|10.2|18.9|315|20.5|60.5|0.00|0.03|43.4489|18.8865
12|24|0|315|11.3|18.9|315|20.4|60.3|0.00|0.03|43.4474|18.8865
12|25|0|0|8.7|18.9|315|20.3|60.1|0.00|0.03|43.4513|18.8865
12|26|0|315|11.6|18.9|315|20.5|60.2|0.00|0.03|43.4498|18.8865
12|27|0|315|11.3|18.9|315|20.3|60.1|0.00|0.03|43.4483|18.8865
12|28|0|315|5.8|18.9|315|20.2|60.0|0.00|0.03|43.452|18.8865
12|29|0|270|6.4|18.9|315|20.2|60.0|0.00|0.03|43.4535|18.8865
12|30|0|225|2.9|18.9|315|19.8|60.1|0.00|0.03|43.4535|17.698
12|32|0|225|5.8|18.9|315|19.4|60.2|0.00|0.03|43.4513|17.698
12|33|0|315|7.3|18.9|315|20.0|60.2|0.00|0.03|43.4491|18.8865
12|34|0|315|11.6|18.9|315|19.9|59.9|0.00|0.03|43.4469|16.875
12|35|0|315|11.6|18.9|315|20.4|59.9|0.00|0.03|43.4458|18.0588
12|37|0|315|10.2|18.9|315|20.3|59.5|0.00|0.03|43.4448|18.0588
12|38|0|315|8.1|18.9|315|20.5|59.6|0.00|0.03|43.446|18.0588
12|39|0|0|8.7|18.9|315|20.3|59.8|0.00|0.03|43.4469|18.0588
12|42|0|315|8.1|18.9|315|20.3|59.9|0.00|0.03|43.4468|18.0588
12|43|0|0|10.2|18.9|315|20.3|60.0|0.00|0.03|43.4452|18.8865
12|44|0|315|8.1|18.9|315|20.8|60.1|0.00|0.03|43.4455|18.8865
12|45|0|0|5.8|18.9|315|20.5|60.2|0.00|0.03|43.4451|18.8865
12|46|0|0|11.3|18.9|315|20.6|60.5|0.00|0.03|43.4441|18.8865
12|47|0|315|4.4|18.9|315|20.2|60.6|0.00|0.03|43.4454|18.8865
12|48|0|315|4.4|18.9|315|20.2|60.8|0.00|0.03|43.4471|18.8865
12|49|0|315|11.3|18.9|315|20.2|60.8|0.00|0.03|43.4455|18.8865
12|50|0|315|2.9|18.9|315|20.0|60.9|0.00|0.03|43.4471|18.8865
12|51|0|0|7.3|18.9|315|20.7|61.2|0.00|0.03|43.4453|19.7138
12|52|0|315|6.4|18.9|315|20.1|61.4|0.00|0.03|43.4426|19.7138
12|54|0|315|11.6|18.9|315|19.5|61.2|0.00|0.03|43.4354|18.5205
12|55|0|0|10.2|18.9|315|19.5|61.1|0.00|0.03|43.4383|18.5205
12|56|0|0|8.1|18.9|315|19.7|61.0|0.00|0.03|43.4446|18.5205
12|57|0|315|10.2|18.9|315|19.6|60.8|0.00|0.03|43.4408|17.698
12|58|0|315|7.3|18.9|315|20.0|60.8|0.00|0.03|43.4383|18.8865
12|59|0|315|4.4|18.9|315|19.5|60.7|0.00|0.03|43.4372|17.698
13|00|0|315|7.3|18.9|315|19.8|60.8|0.00|0.03|43.4349|17.698
13|02|0|270|8.0|18.9|315|19.8|60.8|0.00|0.03|43.4334|17.698
13|04|0|315|5.8|18.9|315|19.9|61.0|0.00|0.03|43.4317|18.5205
13|06|0|315|8.7|18.9|315|19.4|61.0|0.00|0.03|43.4301|18.5205
13|08|0|315|8.7|18.9|315|19.6|61.0|0.00|0.03|43.4301|18.5205
13|09|0|315|5.8|18.9|315|19.5|60.8|0.00|0.03|43.4316|17.698
13|10|0|315|13.1|18.9|315|19.9|60.9|0.00|0.03|43.4291|17.698
13|12|0|315|5.8|18.9|315|19.4|60.8|0.00|0.03|43.4332|17.698
13|13|0|270|2.9|18.9|315|18.9|61.0|0.00|0.03|43.4335|17.2702
13|14|0|315|3.2|18.9|315|19.0|61.0|0.00|0.03|43.4334|18.5205
13|15|0|0|5.8|18.9|315|19.9|61.1|0.00|0.03|43.4308|18.5205
13|16|0|315|5.8|18.9|315|19.6|61.1|0.00|0.03|43.4319|18.5205
13|17|0|338|4.4|18.9|315|18.8|61.5|0.00|0.03|43.4305|17.2702
13|19|0|270|5.8|18.9|315|19.1|61.6|0.00|0.03|43.4248|18.5205
13|20|0|270|5.8|18.9|315|18.6|61.5|0.00|0.03|43.4267|17.2702
13|21|0|270|10.2|18.9|315|19.2|61.2|0.00|0.03|43.4286|18.5205
13|22|0|270|4.4|18.9|315|19.3|61.5|0.00|0.03|43.4267|18.5205
13|23|0|270|2.9|18.9|315|18.9|61.7|0.00|0.03|43.4254|17.2702
13|24|0|315|2.9|18.9|315|18.7|61.8|0.00|0.03|43.424|17.2702
13|25|0|315|9.7|18.9|315|18.3|61.8|0.00|0.03|43.4239|17.2702
13|26|0|338|7.3|18.9|315|18.3|62.0|0.00|0.03|43.4213|18.0874
13|27|0|0|5.8|18.9|315|17.6|62.0|0.00|0.03|43.4191|16.7685
13|28|0|0|1.6|18.9|315|18.0|62.3|0.00|0.03|43.4217|18.0874
13|29|0|315|4.4|18.9|315|17.9|62.4|0.00|0.03|43.4216|16.7685
13|30|0|315|1.5|18.9|315|18.1|62.4|0.00|0.03|43.4248|18.0874
13|31|0|315|3.2|18.9|315|18.1|62.4|0.00|0.03|43.4259|18.0874
13|33|0|315|7.3|18.9|315|17.8|62.3|0.00|0.03|43.4252|16.7685
13|34|0|315|6.4|18.9|315|17.4|62.2|0.00|0.03|43.4247|16.7685
13|35|0|315|10.2|18.9|315|17.8|61.8|0.00|0.03|43.422|15.9565
13|36|0|315|9.7|18.9|315|17.7|61.7|0.00|0.03|43.4281|15.9565
13|39|0|315|6.4|18.9|315|17.4|61.7|0.00|0.03|43.4237|15.9565
13|40|0|270|5.8|18.9|315|17.8|61.7|0.00|0.03|43.4226|15.9565
13|41|0|315|5.8|18.9|315|18.0|61.7|0.00|0.03|43.4227|17.2702
13|42|0|270|11.6|18.9|315|17.6|61.7|0.00|0.03|43.4159|15.9565
13|44|0|225|5.8|20.4|270|16.7|61.9|0.00|0.03|43.4199|14.5722
13|46|0|225|10.2|20.4|270|16.7|62.2|0.00|0.03|43.4191|15.3788
13|47|0|315|2.9|20.4|270|16.6|62.3|0.00|0.03|43.417|15.3788
13|48|0|270|2.9|20.4|270|16.5|62.5|0.00|0.03|43.4123|15.3788
13|49|0|315|7.3|20.4|270|16.7|62.5|0.00|0.03|43.4118|15.3788
13|51|0|270|5.8|20.4|270|16.4|62.3|0.00|0.03|43.4106|15.3788
13|53|0|315|4.4|20.4|270|16.6|62.3|0.00|0.03|43.411|15.3788
13|54|0|270|3.2|20.4|270|16.6|62.5|0.00|0.03|43.4123|15.3788
13|55|0|270|2.9|20.4|270|16.5|62.5|0.00|0.03|43.4129|15.3788
13|56|0|270|17.5|20.4|270|16.6|62.4|0.00|0.03|43.4041|15.3788
13|57|0|315|4.4|20.4|270|16.8|62.5|0.00|0.03|43.4123|15.3788
13|58|0|225|11.6|20.4|270|17.0|62.5|0.00|0.03|43.4106|16.7685
13|59|0|270|10.2|20.4|270|16.7|62.2|0.00|0.03|43.4125|15.3788
14|00|0|315|8.7|20.4|270|16.8|62.3|0.00|0.03|43.4159|15.3788
14|01|0|270|11.3|20.4|270|17.0|62.2|0.00|0.03|43.4147|16.7685
14|02|0|270|4.4|20.4|270|17.1|62.4|0.00|0.03|43.4159|16.7685
14|03|0|270|4.4|20.4|270|16.6|62.6|0.00|0.03|43.4139|15.3788
14|04|0|225|4.8|20.4|270|16.5|62.8|0.00|0.03|43.4172|15.3788
14|05|0|270|5.8|20.4|270|16.6|63.0|0.00|0.03|43.4171|16.1851
14|07|0|315|10.2|20.4|270|16.6|62.9|0.00|0.03|43.4166|15.3788
14|08|0|270|8.1|20.4|270|16.7|62.9|0.00|0.03|43.4187|15.3788
14|09|0|315|8.7|20.4|270|16.6|62.9|0.00|0.03|43.419|15.3788
14|10|0|0|7.3|20.4|270|16.5|62.8|0.00|0.03|43.4181|15.3788
14|11|0|315|7.3|20.4|270|16.6|62.7|0.00|0.03|43.4205|15.3788
14|12|0|315|5.8|20.4|270|16.5|62.7|0.00|0.03|43.4184|15.3788
14|14|0|270|5.8|20.4|270|16.6|62.5|0.00|0.03|43.4173|15.3788
14|15|0|225|7.3|20.4|270|16.4|62.6|0.00|0.03|43.4133|15.3788
14|16|0|225|4.4|20.4|270|16.8|62.8|0.00|0.03|43.4149|15.3788
14|17|0|270|5.8|20.4|270|16.7|63.0|0.00|0.03|43.4134|16.1851
14|18|0|270|5.8|20.4|270|16.4|63.4|0.00|0.03|43.4161|16.1851
14|19|0|315|2.9|20.4|270|16.0|63.3|0.00|0.03|43.426|16.1851
14|20|0|270|5.8|20.4|270|16.0|63.0|0.00|0.03|43.4275|16.1851
14|21|0|315|2.9|20.4|270|16.0|62.9|0.00|0.03|43.426|15.3788
14|22|0|315|9.7|20.4|270|16.4|62.5|0.00|0.03|43.4254|15.3788
14|24|0|0|3.2|20.4|270|16.5|62.2|0.00|0.03|43.4179|15.3788
14|25|0|315|4.4|20.4|270|16.8|62.3|0.00|0.03|43.415|15.3788
14|26|0|0|1.6|20.4|270|17.0|62.3|0.00|0.03|43.4185|16.7685
14|28|0|0|7.3|20.4|270|16.8|62.0|0.00|0.03|43.4233|15.3788
14|29|0|315|5.8|20.4|270|16.7|61.6|0.00|0.03|43.4287|14.5722
14|30|0|270|2.9|20.4|270|16.8|61.5|0.00|0.03|43.4302|14.5722
14|31|0|248|4.4|20.4|270|16.8|61.5|0.00|0.03|43.4286|14.5722
14|32|0|338|4.4|20.4|270|16.9|61.2|0.00|0.03|43.4302|14.5722
14|33|0|315|8.7|20.4|270|17.3|60.9|0.00|0.03|43.4196|15.144
14|34|0|315|7.3|20.4|270|17.5|60.9|0.00|0.03|43.4188|15.144
14|35|0|338|5.8|20.4|270|17.7|60.8|0.00|0.03|43.4295|15.144
14|36|0|270|5.8|20.4|270|18.0|60.7|0.00|0.03|43.4287|16.4525
14|38|0|270|5.8|20.4|270|17.4|60.8|0.00|0.03|43.4217|15.144
14|39|0|315|4.4|20.4|270|17.2|60.7|0.00|0.03|43.4342|15.144
14|40|0|315|2.9|20.4|270|17.2|60.6|0.00|0.03|43.4309|15.144
14|41|0|315|2.9|20.4|270|17.5|60.7|0.00|0.03|43.4213|15.144
14|42|0|270|4.4|20.4|270|17.3|60.9|0.00|0.03|43.4164|15.144
14|43|0|315|3.2|20.4|270|17.1|60.9|0.00|0.03|43.4314|15.144
14|45|0|315|4.4|20.4|270|16.9|60.8|0.00|0.03|43.4208|13.7653
14|46|0|0|1.6|20.4|270|17.0|61.0|0.00|0.03|43.42|15.9565
14|47|0|0|4.4|20.4|270|16.8|61.2|0.00|0.03|43.4185|14.5722
14|48|0|315|4.4|20.4|270|16.6|61.4|0.00|0.03|43.4204|14.5722
14|50|0|270|2.9|20.4|270|17.4|61.5|0.00|0.03|43.4196|15.9565
14|51|0|315|3.2|20.4|270|17.7|61.7|0.00|0.03|43.4216|15.9565
14|52|0|338|5.8|20.4|270|17.6|61.5|0.00|0.03|43.4309|15.9565
14|53|0|315|7.3|20.4|270|17.2|61.5|0.00|0.03|43.4246|15.9565
14|54|0|315|7.3|20.4|270|17.8|61.5|0.00|0.03|43.423|15.9565
14|55|0|315|7.3|20.4|270|17.9|61.7|0.00|0.03|43.4223|15.9565
14|58|0|315|9.7|20.4|270|17.0|61.6|0.00|0.03|43.42|15.9565
14|59|0|315|4.4|20.4|270|16.7|61.6|0.00|0.03|43.4158|14.5722
15|00|0|315|8.7|20.4|270|16.9|61.6|0.00|0.03|43.4152|14.5722
15|01|0|315|11.6|20.4|270|17.6|61.5|0.00|0.03|43.4179|15.9565
15|02|0|0|5.8|20.4|270|17.1|61.6|0.00|0.03|43.4154|15.9565
15|03|0|315|8.1|20.4|270|16.9|61.8|0.00|0.03|43.4182|14.5722
15|04|0|270|7.3|20.4|270|16.9|61.8|0.00|0.03|43.4151|14.5722
15|05|0|270|4.8|20.4|270|16.6|61.9|0.00|0.03|43.4168|14.5722
15|06|0|315|5.8|20.4|270|16.6|61.7|0.00|0.03|43.4168|14.5722
15|07|0|315|8.7|20.4|270|16.8|61.5|0.00|0.03|43.4194|14.5722
15|08|0|270|6.4|20.4|270|16.9|61.7|0.00|0.03|43.4182|14.5722
15|09|0|315|5.8|20.4|270|16.8|61.6|0.00|0.03|43.43|14.5722
15|11|0|315|9.7|20.4|270|16.7|60.9|0.00|0.03|43.4242|13.7653
15|12|0|270|3.2|20.4|270|16.9|60.7|0.00|0.03|43.4292|13.7653
15|13|0|270|7.3|20.4|270|17.2|60.7|0.00|0.03|43.4283|15.144
15|15|0|270|7.3|20.4|270|16.7|60.7|0.00|0.03|43.4238|13.7653
15|16|0|270|6.4|20.4|270|17.1|60.6|0.00|0.03|43.4233|15.144
15|17|0|315|5.8|20.4|270|17.3|60.8|0.00|0.03|43.4224|15.144
15|18|0|270|4.8|20.4|270|16.9|60.9|0.00|0.03|43.4208|13.7653
15|19|0|270|4.4|20.4|270|17.1|61.0|0.00|0.03|43.4207|15.9565
15|20|0|270|8.7|20.4|270|16.9|61.0|0.00|0.03|43.4235|14.5722
15|21|0|225|4.4|20.4|270|16.7|61.4|0.00|0.03|43.4229|14.5722
15|22|0|315|4.4|20.4|270|16.4|61.4|0.00|0.03|43.4283|14.5722
15|24|0|315|8.7|20.4|270|16.3|61.4|0.00|0.03|43.4292|14.5722
15|25|0|270|8.1|20.4|270|16.2|61.2|0.00|0.03|43.4341|14.5722
15|26|0|270|6.4|20.4|270|15.9|61.1|0.00|0.03|43.4331|13.1088
15|27|0|270|2.9|20.4|270|16.5|61.0|0.00|0.03|43.4366|14.5722
15|28|0|270|14.5|20.4|270|16.8|60.9|0.00|0.03|43.4292|13.7653
15|29|0|270|4.4|20.4|270|16.0|60.9|0.00|0.03|43.4402|13.7653
15|30|0|270|4.8|20.4|270|15.9|60.7|0.00|0.03|43.4407|12.3076
15|31|0|270|8.7|20.4|270|16.0|60.6|0.00|0.03|43.442|13.7653
15|32|0|315|5.8|20.4|270|16.1|60.5|0.00|0.03|43.4419|13.7653
15|34|0|315|6.5|20.4|270|16.5|60.3|0.00|0.03|43.4396|13.7653
15|35|0|315|4.4|20.4|270|16.9|60.3|0.00|0.03|43.4397|13.7653
15|36|0|315|8.1|20.4|270|16.9|60.0|0.00|0.03|43.4395|13.7653
15|37|0|315|7.3|20.4|270|17.1|60.0|0.00|0.03|43.4404|15.144
15|38|0|315|9.7|20.4|270|16.4|59.8|0.00|0.03|43.4398|12.9579
15|39|0|0|6.4|20.4|270|16.6|59.5|0.00|0.03|43.4376|12.9579
15|40|0|270|4.4|20.4|270|17.2|59.3|0.00|0.03|43.4398|14.3313
15|41|0|225|4.8|20.4|270|16.8|59.5|0.00|0.03|43.4358|12.9579
15|42|0|270|2.9|20.4|270|16.6|59.7|0.00|0.03|43.436|12.9579
15|43|0|315|4.4|20.4|270|16.4|59.7|0.00|0.03|43.4404|12.9579
15|44|0|270|4.4|20.4|270|16.2|59.7|0.00|0.03|43.441|12.9579
15|45|0|315|2.9|20.4|270|16.0|59.8|0.00|0.03|43.4378|12.9579
15|46|0|315|5.8|20.4|270|16.6|59.8|0.00|0.03|43.4422|12.9579
15|47|0|270|6.4|20.4|270|16.3|59.9|0.00|0.03|43.4367|12.9579
15|48|0|270|5.8|20.4|270|16.2|60.0|0.00|0.03|43.4356|13.7653
15|49|0|315|7.3|20.4|270|16.6|60.1|0.00|0.03|43.4369|13.7653
15|51|0|315|4.8|20.4|270|16.6|60.1|0.00|0.03|43.4388|13.7653
15|52|0|270|5.8|20.4|270|16.8|60.1|0.00|0.03|43.4408|13.7653
15|53|0|315|6.4|20.4|270|16.4|60.0|0.00|0.03|43.4431|13.7653
15|54|0|270|8.7|20.4|270|16.2|59.9|0.00|0.03|43.439|12.9579
15|55|0|315|5.8|20.4|270|16.1|59.9|0.00|0.03|43.4401|12.9579
15|56|0|0|2.9|20.4|270|16.1|60.0|0.00|0.03|43.4412|13.7653
15|57|0|315|2.9|20.4|270|16.1|60.0|0.00|0.03|43.4395|13.7653
15|58|0|315|4.4|20.4|270|16.0|60.1|0.00|0.03|43.4388|13.7653
15|59|0|270|5.8|20.4|270|16.0|60.1|0.00|0.03|43.4363|13.7653
16|00|0|315|4.4|20.4|270|15.7|60.2|0.00|0.03|43.4354|12.3076
16|01|0|315|5.8|20.4|270|16.1|60.2|0.00|0.03|43.4342|13.7653
16|02|0|270|4.4|20.4|270|16.2|60.2|0.00|0.03|43.4358|13.7653
16|03|0|315|6.4|20.4|270|16.5|60.2|0.00|0.03|43.4339|13.7653
16|04|0|315|8.1|20.4|270|16.3|60.2|0.00|0.03|43.4347|13.7653
16|05|0|270|5.8|20.4|270|16.1|60.2|0.00|0.03|43.4334|13.7653
16|06|0|315|4.8|20.4|270|16.5|60.3|0.00|0.03|43.4342|13.7653
16|07|0|0|10.2|20.4|270|16.1|60.3|0.00|0.03|43.4373|13.7653
16|10|0|0|8.1|20.4|270|16.1|60.2|0.00|0.03|43.4369|13.7653
16|11|0|45|5.8|20.4|270|16.3|60.3|0.00|0.03|43.4386|13.7653
16|12|0|0|8.1|20.4|270|17.1|60.3|0.00|0.03|43.4371|15.144
16|14|0|45|8.1|20.4|270|21.5|60.1|0.00|0.03|43.4432|20.0234
16|15|0|45|7.3|20.4|270|21.9|59.9|0.00|0.03|43.443|19.1912
16|16|0|0|4.4|20.4|270|22.1|59.6|0.00|0.03|43.4423|20.2766
16|17|0|45|6.4|20.4|270|22.5|59.5|0.00|0.03|43.4426|20.2766
16|19|0|45|8.7|20.4|270|23.6|59.1|0.00|0.03|43.4422|21.3191
16|20|0|45|11.3|20.4|270|23.7|58.7|0.00|0.03|43.4379|20.478
16|21|0|90|8.7|20.4|270|23.9|58.3|0.00|0.03|43.4414|20.478
16|22|0|45|9.7|20.4|270|24.2|58.1|0.00|0.03|43.4426|21.477
16|23|0|45|7.3|20.4|270|24.4|57.8|0.00|0.03|43.4416|20.6316
16|27|0|45|5.8|20.4|270|25.1|57.3|0.00|0.03|43.442|21.5904
16|28|0|45|8.1|20.4|270|24.7|57.1|0.00|0.03|43.4451|20.6316
16|29|0|45|8.7|20.4|270|24.8|57.0|0.00|0.03|43.4446|20.6316
16|30|0|45|4.4|20.4|270|24.7|56.9|0.00|0.03|43.4461|19.7858
16|32|0|45|5.8|20.4|270|25.3|56.7|0.00|0.03|43.4497|20.7408
16|33|0|90|4.4|20.4|270|25.6|56.7|0.00|0.03|43.4515|20.7408
16|34|0|45|5.8|20.4|270|25.5|56.7|0.00|0.03|43.4507|20.7408
16|35|0|23|8.7|20.4|270|25.5|56.6|0.00|0.03|43.4508|20.7408
16|36|0|45|9.7|20.4|270|25.6|56.9|0.00|0.03|43.453|20.7408
16|37|0|23|5.8|20.4|270|25.7|56.7|0.00|0.03|43.4509|20.7408
16|38|0|90|8.7|20.4|270|25.7|56.6|0.00|0.03|43.4507|20.7408
16|39|0|45|8.7|20.4|270|25.7|56.5|0.00|0.03|43.4502|20.7408
16|41|0|0|7.3|20.4|270|25.9|56.5|0.00|0.03|43.4501|20.7408
16|42|0|0|7.3|20.4|270|26.1|56.5|0.00|0.03|43.4501|21.6624
16|43|0|45|7.3|20.4|270|26.3|56.4|0.00|0.03|43.4513|21.6624
16|44|0|45|7.3|20.4|270|26.3|56.2|0.00|0.03|43.4475|21.6624
16|46|0|90|5.8|20.4|270|26.4|56.1|0.00|0.03|43.4492|21.6624
16|47|0|45|7.3|20.4|270|26.1|56.1|0.00|0.03|43.449|21.6624
16|48|0|45|4.4|20.4|270|25.9|56.0|0.00|0.03|43.4523|20.7408
16|49|0|45|4.4|20.4|270|26.1|56.0|0.00|0.03|43.4489|21.6624
16|50|0|23|4.8|20.4|270|26.6|56.0|0.00|0.03|43.454|21.6624
16|51|0|45|5.8|20.4|270|25.9|55.8|0.00|0.03|43.4548|19.8908
16|52|0|45|8.7|20.4|270|26.0|56.0|0.00|0.03|43.4546|21.6624
16|53|0|0|8.1|20.4|270|26.0|55.8|0.00|0.03|43.4525|20.8087
16|54|0|23|8.7|20.4|270|25.7|55.8|0.00|0.03|43.4568|19.8908
16|55|0|45|8.7|20.4|270|25.3|55.7|0.00|0.03|43.4559|19.8908
16|56|0|45|6.4|20.4|270|25.3|55.7|0.00|0.03|43.4548|19.8908
16|58|0|45|5.8|20.4|270|25.3|55.7|0.00|0.03|43.4536|19.8908
16|59|0|23|5.8|20.4|270|25.2|55.7|0.00|0.03|43.4559|19.8908
17|00|0|45|4.4|20.4|270|25.5|55.8|0.00|0.03|43.4568|19.8908
17|01|0|90|2.9|20.4|270|26.2|56.0|0.00|0.03|43.4538|21.6624
17|02|0|45|7.3|20.4|270|26.2|56.0|0.00|0.03|43.4524|21.6624
17|03|0|90|5.8|20.4|270|25.8|55.8|0.00|0.03|43.4514|19.8908
17|04|0|45|4.4|20.4|270|25.6|56.0|0.00|0.03|43.4532|20.7408
17|05|0|45|7.3|20.4|270|26.2|56.0|0.00|0.03|43.4522|21.6624
17|06|0|45|7.3|20.4|270|26.0|55.8|0.00|0.03|43.4539|20.8087
17|07|0|45|11.6|20.4|270|25.6|55.8|0.00|0.03|43.4528|19.8908
17|08|0|45|7.3|20.4|270|25.4|55.7|0.00|0.03|43.4541|19.8908
17|09|0|45|6.4|20.4|270|25.9|55.6|0.00|0.03|43.4565|19.8908
17|10|0|45|5.8|20.4|270|25.6|55.6|0.00|0.03|43.4574|19.8908
17|11|0|0|5.8|20.4|270|25.5|55.6|0.00|0.03|43.4556|19.8908
17|14|0|45|5.8|20.4|270|25.8|55.7|0.00|0.03|43.4569|19.8908
17|16|0|45|6.4|20.4|270|25.9|55.7|0.00|0.03|43.4577|19.8908
17|17|0|45|7.3|20.4|270|26.0|55.8|0.00|0.03|43.4572|20.8087
17|19|0|23|6.4|20.4|270|26.0|55.8|0.00|0.03|43.4612|20.8087
17|20|0|90|4.4|20.4|270|26.1|55.7|0.00|0.03|43.4634|20.8087
17|21|0|135|3.2|20.4|270|26.4|55.7|0.00|0.03|43.4648|20.8087
17|22|0|45|4.4|20.4|270|27.0|55.6|0.00|0.03|43.463|21.6957
17|23|0|135|13.1|20.4|270|26.6|55.6|0.00|0.03|43.4593|20.8087
17|24|0|45|4.8|20.4|270|26.3|55.5|0.00|0.03|43.4638|20.8087
17|25|0|45|5.8|20.4|270|26.7|55.5|0.00|0.03|43.464|20.8087
17|26|0|45|4.8|20.4|270|27.0|55.4|0.00|0.03|43.4626|21.6957
17|27|0|0|5.8|20.4|270|27.0|55.4|0.00|0.03|43.4623|21.6957
17|28|0|45|5.8|20.4|270|26.9|55.3|0.00|0.03|43.4597|20.8087
17|29|0|45|5.8|20.4|270|27.3|55.3|0.00|0.03|43.4609|21.6957
17|30|0|90|4.4|20.4|270|27.2|55.4|0.00|0.03|43.4625|21.6957
17|31|0|90|5.8|20.4|270|27.7|55.3|0.00|0.03|43.4626|21.6957
17|32|0|45|5.8|20.4|270|27.9|55.3|0.00|0.03|43.4642|21.6957
17|35|0|0|8.1|20.4|270|28.2|55.2|0.00|0.03|43.4593|22.5541
17|36|0|45|4.4|20.4|270|27.7|55.3|0.00|0.03|43.4651|21.6957
17|37|0|45|5.8|20.4|270|27.2|55.2|0.00|0.03|43.4641|21.6957
17|38|0|45|4.8|20.4|270|27.3|55.2|0.00|0.03|43.4627|21.6957
17|39|0|90|2.9|20.4|270|27.5|55.1|0.00|0.03|43.4629|21.6957
17|40|0|45|7.3|20.4|270|27.6|55.0|0.00|0.03|43.4609|21.6957
17|41|0|90|3.2|20.4|270|27.5|54.8|0.00|0.03|43.4617|20.8381
17|42|0|45|5.8|20.4|270|27.6|54.8|0.00|0.03|43.4606|20.8381
17|43|0|45|4.8|20.4|270|27.4|54.7|0.00|0.03|43.4626|20.8381
17|44|0|45|5.8|20.4|270|27.4|54.6|0.00|0.03|43.4617|20.8381
17|45|0|45|5.8|20.4|270|27.7|54.6|0.00|0.03|43.461|20.8381
17|46|0|0|2.9|20.4|270|27.4|54.5|0.00|0.03|43.4603|20.8381
17|47|0|90|4.4|20.4|270|27.4|54.5|0.00|0.03|43.4607|20.8381
17|48|0|45|2.9|20.4|270|27.5|54.4|0.00|0.03|43.4607|20.8381
17|49|0|45|4.4|20.4|270|27.5|54.4|0.00|0.03|43.4619|20.8381
17|50|0|90|2.9|20.4|270|27.9|54.3|0.00|0.03|43.4623|20.8381
17|51|0|45|2.9|20.4|270|27.8|54.2|0.00|0.03|43.4607|20.8381
17|52|0|90|2.9|20.4|270|27.6|54.0|0.00|0.03|43.4635|20.8381
17|54|0|45|1.5|20.4|270|27.9|54.0|0.00|0.03|43.4644|20.8381
17|55|0|45|3.2|20.4|270|27.6|53.9|0.00|0.03|43.467|19.9801
17|56|0|90|2.9|20.4|270|27.5|53.8|0.00|0.03|43.4664|19.9801
17|57|0|45|1.6|20.4|270|27.6|53.7|0.00|0.03|43.4693|19.9801
17|58|0|45|6.4|20.4|270|27.7|53.6|0.00|0.03|43.4728|19.9801
17|59|0|90|7.3|20.4|270|27.7|53.5|0.00|0.03|43.4732|19.9801
18|00|0|90|3.2|20.4|270|27.8|53.5|0.00|0.03|43.4721|19.9801
18|01|0|90|5.8|20.4|270|27.8|53.5|0.00|0.03|43.4753|19.9801
18|02|0|45|4.4|20.4|270|27.8|53.4|0.00|0.03|43.4775|19.9801
18|03|0|90|5.8|20.4|270|27.7|53.4|0.00|0.03|43.4775|19.9801
18|04|0|113|4.4|20.4|270|27.7|53.3|0.00|0.03|43.4789|19.9801
18|05|0|90|6.4|20.4|270|27.6|53.2|0.00|0.03|43.4791|19.9801
18|06|0|90|7.3|20.4|270|27.6|53.2|0.00|0.03|43.4791|19.9801
18|07|0|68|4.8|20.4|270|27.6|53.0|0.00|0.03|43.4815|19.9801
18|08|0|135|5.8|20.4|270|27.6|53.0|0.00|0.03|43.4819|19.9801
18|09|0|90|4.4|20.4|270|27.6|52.9|0.00|0.03|43.4843|19.1219
18|11|0|90|2.9|20.4|270|27.7|52.9|0.00|0.03|43.486|19.1219
18|12|0|90|5.8|20.4|270|27.7|52.9|0.00|0.03|43.487|19.1219
18|13|0|90|2.9|20.4|270|27.8|52.8|0.00|0.03|43.4876|19.1219
18|14|0|90|5.8|20.4|270|27.8|52.8|0.00|0.03|43.4897|19.1219
18|15|0|90|4.4|20.4|270|28.2|52.8|0.00|0.03|43.4899|19.9697
18|16|0|45|3.2|20.4|270|28.2|52.7|0.00|0.03|43.4904|19.9697
18|17|0|90|5.8|20.4|270|28.3|52.6|0.00|0.03|43.4898|19.9697
18|18|0|135|6.4|20.4|270|28.1|52.5|0.00|0.03|43.4923|19.9697
18|19|0|45|5.8|20.4|270|28.0|52.4|0.00|0.03|43.4925|19.9697
18|20|0|90|2.9|20.4|270|28.2|52.4|0.00|0.03|43.493|19.9697
18|21|0|45|4.4|20.4|270|28.6|52.5|0.00|0.03|43.4979|19.9697
18|22|0|45|4.4|20.4|270|29.0|52.4|0.00|0.03|43.4978|20.7911
18|23|0|68|5.8|20.4|270|28.7|52.2|0.00|0.03|43.4984|19.9697
18|25|0|45|4.4|20.4|270|28.4|52.2|0.00|0.03|43.5008|19.9697
18|26|0|45|7.3|20.4|270|28.6|52.2|0.00|0.03|43.5023|19.9697
18|27|0|90|2.9|20.4|270|28.5|52.1|0.00|0.03|43.5011|19.9697
18|28|0|90|3.2|20.4|270|28.8|52.1|0.00|0.03|43.504|19.9697
18|30|0|45|1.5|20.4|270|28.3|52.1|0.00|0.03|43.5031|19.9697
18|31|0|90|4.4|20.4|270|28.2|52.0|0.00|0.03|43.5066|19.9697
18|32|0|90|4.4|20.4|270|28.2|52.0|0.00|0.03|43.5068|19.9697
18|33|0|90|4.8|20.4|270|28.2|52.0|0.00|0.03|43.5063|19.9697
18|34|0|90|1.5|20.4|270|28.3|52.0|0.00|0.03|43.5082|19.9697
18|35|0|45|4.4|20.4|270|28.3|52.0|0.00|0.03|43.5094|19.9697
18|36|0|90|7.3|20.4|270|28.3|51.9|0.00|0.03|43.5089|19.1077
18|37|0|45|3.2|20.4|270|28.3|51.9|0.00|0.03|43.511|19.1077
18|38|0|90|5.8|20.4|270|28.3|51.9|0.00|0.03|43.5088|19.1077
18|39|0|45|2.9|20.4|270|28.3|51.9|0.00|0.03|43.5113|19.1077
18|40|0|90|2.9|20.4|270|28.4|51.9|0.00|0.03|43.5108|19.1077
18|41|0|45|2.9|20.4|270|28.5|51.9|0.00|0.03|43.5111|19.1077
18|42|0|45|1.6|20.4|270|28.8|51.9|0.00|0.03|43.5122|19.1077
18|43|0|90|4.4|20.4|270|29.2|51.8|0.00|0.03|43.5124|19.9257
18|45|0|90|3.2|20.4|270|29.2|51.7|0.00|0.03|43.5108|19.9257
18|46|0|0|4.4|20.4|270|29.9|51.6|0.00|0.03|43.509|19.9257
18|47|0|90|10.2|20.4|270|29.6|51.5|0.00|0.03|43.509|19.9257
18|48|0|90|4.8|20.4|270|29.0|51.3|0.00|0.03|43.511|19.9257
18|49|0|45|8.7|20.4|270|28.8|51.2|0.00|0.03|43.5097|19.1077
18|50|0|45|4.8|20.4|270|29.0|51.2|0.00|0.03|43.5112|19.9257
18|51|0|45|4.4|20.4|270|29.6|51.2|0.00|0.03|43.5137|19.9257
18|52|0|23|2.9|20.4|270|29.7|51.2|0.00|0.03|43.5133|19.9257
18|53|0|45|2.9|20.4|270|30.2|51.1|0.00|0.03|43.5156|20.7189
18|54|0|45|4.8|20.4|270|30.1|51.1|0.00|0.03|43.5144|20.7189
18|55|0|45|5.8|20.4|270|29.4|51.0|0.00|0.03|43.5136|19.9257
18|56|0|45|4.8|20.4|270|29.7|51.0|0.00|0.03|43.5138|19.9257
18|57|0|45|4.8|20.4|270|29.6|51.0|0.00|0.03|43.5143|19.9257
18|58|0|90|5.8|20.4|270|29.6|50.9|0.00|0.03|43.514|19.06
18|59|0|45|1.6|20.4|270|29.4|51.0|0.00|0.03|43.5159|19.9257
19|00|0|23|4.4|20.4|270|29.6|51.0|0.00|0.03|43.5155|19.9257
19|01|0|90|3.2|20.4|270|29.7|51.0|0.00|0.03|43.5152|19.9257
19|02|0|90|2.9|20.4|270|29.5|51.0|0.00|0.03|43.5154|19.9257
19|05|0|45|1.5|20.4|270|29.8|51.0|0.00|0.03|43.5155|19.9257
19|06|0|45|2.9|20.4|270|29.8|51.0|0.00|0.03|43.5169|19.9257
19|07|0|0|4.8|20.4|270|29.4|51.0|0.00|0.03|43.5164|19.9257
19|08|0|45|5.8|20.4|270|29.4|50.9|0.00|0.03|43.5167|19.06
19|09|0|45|6.4|20.4|270|29.7|50.9|0.00|0.03|43.5191|19.06
19|10|0|45|6.4|20.4|270|29.4|50.8|0.00|0.03|43.5201|19.06
19|11|0|45|4.4|20.4|270|29.7|50.8|0.00|0.03|43.5207|19.06
19|12|0|23|4.4|20.4|270|29.8|50.8|0.00|0.03|43.52|19.06
19|13|0|45|3.2|20.4|270|30.2|50.8|0.00|0.03|43.5213|19.8499
19|14|0|45|5.8|20.4|270|29.9|50.7|0.00|0.03|43.52|19.06
19|15|0|45|4.8|20.4|270|30.0|50.7|0.00|0.03|43.5214|19.8499
19|16|0|0|4.4|20.4|270|30.3|50.6|0.00|0.03|43.5226|19.8499
19|17|0|45|5.8|20.4|270|29.9|50.6|0.00|0.03|43.5245|19.06
19|18|0|0|4.4|20.4|270|29.7|50.5|0.00|0.03|43.5275|19.06
19|20|0|45|4.8|20.4|270|29.7|50.3|0.00|0.03|43.5264|19.06
19|22|0|45|3.2|20.4|270|29.8|50.3|0.00|0.03|43.5306|19.06
19|24|0|90|4.4|20.4|270|30.0|50.3|0.00|0.03|43.5299|19.8499
19|25|0|45|4.4|20.4|270|30.0|50.3|0.00|0.03|43.5314|19.8499
19|26|0|0|2.9|20.4|270|30.1|50.3|0.00|0.03|43.5299|19.8499
19|27|0|90|2.9|20.4|270|30.0|50.2|0.00|0.03|43.533|19.8499
19|28|0|90|2.9|20.4|270|30.2|50.3|0.00|0.03|43.5353|19.8499
19|29|0|45|1.5|20.4|270|30.1|50.3|0.00|0.03|43.5355|19.8499
19|30|0|90|6.5|20.4|270|29.8|50.2|0.00|0.03|43.5362|19.06
19|31|0|135|2.9|20.4|270|29.5|50.2|0.00|0.03|43.539|19.06
19|32|0|90|1.6|20.4|270|29.4|50.2|0.00|0.03|43.5398|19.06
19|33|0|135|1.5|20.4|270|29.4|50.2|0.00|0.03|43.5377|19.06
19|34|0|0|2.9|20.4|270|29.4|50.3|0.00|0.03|43.5382|19.06
19|35|0|45|1.5|20.4|270|29.4|50.3|0.00|0.03|43.5383|19.06
19|36|0|45|1.6|20.4|270|29.4|50.3|0.00|0.03|43.5398|19.06
19|37|0|45|1.5|20.4|270|29.6|50.3|0.00|0.03|43.5393|19.06
19|38|0|135|4.8|20.4|270|29.5|50.2|0.00|0.03|43.5379|19.06
19|39|0|90|2.9|20.4|270|29.2|50.1|0.00|0.03|43.5402|19.06
19|41|0|90|4.4|20.4|270|29.2|50.1|0.00|0.03|43.5399|19.06
19|42|0|45|2.9|20.4|270|29.7|50.1|0.00|0.03|43.5425|19.06
19|43|0|45|2.9|20.4|270|29.8|50.1|0.00|0.03|43.5434|19.06
19|44|0|90|3.2|20.4|270|29.9|50.2|0.00|0.03|43.5458|19.06
19|45|0|90|1.5|20.4|270|29.6|50.2|0.00|0.03|43.5456|19.06
19|47|0|90|2.9|20.4|270|29.2|50.2|0.00|0.03|43.5462|19.06
19|49|0|90|0.0|20.4|270|29.1|50.2|0.00|0.03|43.5482|19.06
19|50|0|90|0.0|20.4|270|29.1|50.2|0.00|0.03|43.5493|19.06
19|51|0|225|1.6|20.4|270|29.1|50.2|0.00|0.03|43.5505|19.06
19|52|0|45|4.4|20.4|270|29.1|50.2|0.00|0.03|43.5505|19.06
19|53|0|45|3.2|20.4|270|29.1|50.1|0.00|0.03|43.5508|19.06
19|54|0|0|2.9|20.4|270|29.5|50.1|0.00|0.03|43.5508|19.06
19|56|0|225|1.5|20.4|270|29.9|50.0|0.00|0.03|43.5509|19.06
19|57|0|180|1.5|20.4|270|29.9|50.0|0.00|0.03|43.5482|19.06
19|58|0|90|3.2|20.4|270|29.6|50.0|0.00|0.03|43.5512|19.06
19|59|0|315|1.5|20.4|270|29.5|49.9|0.00|0.03|43.5482|18.194
20|01|0|315|0.0|20.4|270|29.7|49.9|0.00|0.03|43.5486|18.194
20|02|0|225|0.0|20.4|270|29.6|49.9|0.00|0.03|43.5485|18.194
20|03|0|225|0.0|20.4|270|29.5|49.9|0.00|0.03|43.548|18.194
20|05|0|315|3.2|20.4|270|29.6|49.8|0.00|0.03|43.549|18.194
20|06|0|0|4.4|20.4|270|29.7|49.8|0.00|0.03|43.5483|18.194
20|07|0|0|8.7|20.4|270|29.7|49.5|0.00|0.03|43.5503|18.194
20|08|0|45|2.9|20.4|270|29.7|49.5|0.00|0.03|43.5536|18.194
20|10|0|315|1.6|20.4|270|30.0|49.5|0.00|0.03|43.5547|18.9807
20|11|0|315|0.0|20.4|270|30.0|49.5|0.00|0.03|43.554|18.9807
20|12|0|0|0.0|20.4|270|30.1|49.5|0.00|0.03|43.5541|18.9807
20|13|0|45|2.9|20.4|270|30.2|49.5|0.00|0.03|43.5561|18.9807
20|14|0|0|2.9|20.4|270|30.1|49.4|0.00|0.03|43.556|18.9807
20|17|0|0|7.3|20.4|270|30.0|49.3|0.00|0.03|43.5562|18.9807
20|18|0|0|5.8|20.4|270|29.8|49.2|0.00|0.03|43.5584|18.194
20|20|0|315|4.4|20.4|270|29.8|49.1|0.00|0.03|43.5573|18.194
20|21|0|0|1.5|20.4|270|29.6|49.2|0.00|0.03|43.5601|18.194
20|22|0|45|2.9|20.4|270|29.6|49.2|0.00|0.03|43.5594|18.194
20|23|0|23|2.9|20.4|270|29.9|49.2|0.00|0.03|43.5625|18.194
20|24|0|0|8.1|20.4|270|29.9|49.2|0.00|0.03|43.5577|18.194
20|25|0|0|2.9|20.4|270|29.8|49.2|0.00|0.03|43.5579|18.194
20|26|0|0|2.9|20.4|270|29.9|49.2|0.00|0.03|43.5597|18.194
20|27|0|45|2.9|20.4|270|30.3|49.3|0.00|0.03|43.5602|18.9807
20|29|0|90|1.5|20.4|270|30.2|49.3|0.00|0.03|43.5588|18.9807
20|31|0|90|2.9|20.4|270|29.9|49.2|0.00|0.03|43.5582|18.194
20|32|0|45|3.2|20.4|270|29.9|49.2|0.00|0.03|43.5565|18.194
20|33|0|45|4.4|20.4|270|30.2|49.2|0.00|0.03|43.5567|18.9807
20|34|0|45|5.8|20.4|270|30.7|49.1|0.00|0.03|43.5545|18.9807
20|35|0|45|4.4|20.4|270|30.2|49.1|0.00|0.03|43.5545|18.9807
20|37|0|45|8.0|20.4|270|30.2|49.0|0.00|0.03|43.5521|18.9807
20|38|0|45|8.7|20.4|270|30.7|49.0|0.01|0.04|43.5561|18.9807
20|39|0|45|4.8|20.4|270|30.3|48.9|0.01|0.04|43.5544|18.1112
20|40|0|45|4.4|20.4|270|30.3|49.0|0.01|0.04|43.5561|18.9807
20|41|0|0|2.9|20.4|270|30.2|49.0|0.01|0.04|43.5551|18.9807
20|42|0|0|4.4|20.4|270|30.0|49.0|0.02|0.05|43.5563|18.9807
20|43|0|23|2.9|20.4|270|29.9|49.0|0.02|0.05|43.5566|18.194
20|44|0|45|3.2|20.4|270|29.8|49.1|0.02|0.05|43.5601|18.194
20|45|0|23|1.6|20.4|270|29.8|49.1|0.02|0.05|43.5585|18.194
20|46|0|0|2.9|20.4|270|29.8|49.1|0.02|0.05|43.5569|18.194
20|47|0|0|1.6|20.4|270|29.8|49.2|0.02|0.05|43.5581|18.194
20|48|0|45|1.6|20.4|270|30.4|49.2|0.02|0.05|43.5605|18.9807
20|49|0|225|4.4|20.4|270|30.7|49.1|0.02|0.05|43.5558|18.9807
20|50|0|23|5.8|20.4|270|30.5|49.1|0.02|0.05|43.5553|18.9807
20|51|0|0|2.9|20.4|270|30.7|49.0|0.02|0.05|43.5575|18.9807
20|54|0|0|4.8|20.4|270|30.3|48.8|0.02|0.05|43.5672|18.1112
20|55|0|0|2.9|20.4|270|30.3|48.7|0.02|0.05|43.5662|18.1112
20|56|0|45|3.2|20.4|270|30.3|48.5|0.02|0.05|43.5654|18.1112
20|57|0|0|5.8|20.4|270|30.3|48.5|0.02|0.05|43.5669|18.1112
20|58|0|315|4.4|20.4|270|30.3|48.4|0.02|0.05|43.5676|18.1112
20|59|0|0|1.5|20.4|270|30.4|48.4|0.02|0.05|43.5685|18.1112
21|00|0|315|0.0|20.4|270|30.5|48.5|0.02|0.05|43.5716|18.1112
21|01|0|135|1.5|20.4|270|30.5|48.5|0.02|0.05|43.5726|18.1112
21|02|0|225|2.9|20.4|270|30.5|48.5|0.02|0.05|43.5719|18.1112
21|03|0|180|7.3|20.4|270|30.4|48.5|0.02|0.05|43.5712|18.1112
21|04|0|180|2.9|20.4|270|30.4|48.4|0.02|0.05|43.5721|18.1112
21|05|0|225|0.0|20.4|270|30.4|48.5|0.02|0.05|43.5734|18.1112
21|06|0|225|0.0|20.4|270|30.4|48.5|0.02|0.05|43.574|18.1112
21|07|0|225|0.0|20.4|270|30.4|48.7|0.02|0.05|43.5745|18.1112
21|08|0|45|1.6|20.4|270|30.4|48.7|0.02|0.05|43.5759|18.1112
21|09|0|45|0.0|20.4|270|30.3|48.5|0.02|0.05|43.5752|18.1112
21|10|0|315|0.0|20.4|270|30.3|48.5|0.02|0.05|43.5749|18.1112
21|11|0|270|6.4|20.4|270|30.3|48.5|0.02|0.05|43.5717|18.1112
21|13|0|225|1.5|20.4|270|30.4|48.5|0.02|0.05|43.5748|18.1112
21|14|0|0|1.5|20.4|270|30.5|48.4|0.02|0.05|43.5738|18.1112
21|15|0|315|0.0|20.4|270|31.1|48.4|0.02|0.05|43.5738|18.8717
21|17|0|0|0.0|20.4|270|31.6|48.1|0.02|0.05|43.5768|18.8717
21|18|0|0|0.0|20.4|270|31.4|48.0|0.02|0.05|43.5777|18.8717
21|19|0|0|1.5|20.4|270|31.4|47.7|0.02|0.05|43.5806|17.9987
21|20|0|315|1.6|20.4|270|31.5|47.6|0.02|0.05|43.5828|17.9987
21|21|0|293|1.5|20.4|270|31.7|47.4|0.02|0.05|43.5832|17.9987
21|22|0|293|0.0|20.4|270|31.8|47.2|0.02|0.05|43.5825|17.9987
21|23|0|293|1.5|20.4|270|31.9|47.1|0.02|0.05|43.5824|17.9987
21|25|0|135|1.5|20.4|270|31.9|46.8|0.02|0.05|43.5821|17.1254
21|26|0|315|1.5|20.4|270|32.0|46.8|0.02|0.05|43.5846|17.8582
21|27|0|315|1.6|20.4|270|32.6|46.7|0.02|0.05|43.5857|17.8582
21|28|0|315|2.9|20.4|270|32.8|46.6|0.02|0.05|43.5856|17.8582
21|29|0|315|1.6|20.4|270|32.8|46.5|0.02|0.05|43.5868|17.8582
21|30|0|315|0.0|20.4|270|32.7|46.4|0.02|0.05|43.5864|17.8582
21|32|0|315|0.0|20.4|270|32.7|46.4|0.02|0.05|43.5853|17.8582
21|33|0|315|0.0|20.4|270|32.5|46.3|0.02|0.05|43.5845|17.8582
21|34|0|315|0.0|20.4|270|32.7|46.3|0.02|0.05|43.5864|17.8582
21|35|0|90|0.0|20.4|270|32.8|46.3|0.02|0.05|43.5863|17.8582
21|36|0|0|1.6|20.4|270|32.8|46.3|0.02|0.05|43.587|17.8582
21|37|0|0|2.9|20.4|270|33.1|46.3|0.01|0.05|43.5868|18.571
21|38|0|90|0.0|20.4|270|33.4|46.3|0.01|0.05|43.5869|18.571
21|39|0|90|1.5|20.4|270|33.3|46.4|0.01|0.05|43.587|18.571
21|40|0|90|1.5|20.4|270|33.4|46.5|0.01|0.05|43.5871|18.571
21|41|0|90|1.5|20.4|270|33.4|46.5|0.01|0.05|43.5842|18.571
21|42|0|0|1.6|20.4|270|33.4|46.6|0.00|0.05|43.5881|18.571
21|43|0|0|2.9|20.4|270|33.2|46.6|0.00|0.05|43.5876|18.571
21|44|0|0|1.5|20.4|270|33.1|46.7|0.00|0.05|43.5856|18.571
21|45|0|0|1.5|20.4|270|33.1|46.7|0.00|0.05|43.5818|18.571
21|46|0|0|5.8|20.4|270|33.2|46.7|0.00|0.05|43.5806|18.571
21|47|0|0|3.2|20.4|270|33.2|46.7|0.00|0.05|43.5802|18.571
21|49|0|315|2.9|20.4|270|33.2|46.8|0.00|0.05|43.5821|18.571
21|50|0|338|7.3|20.4|270|33.0|46.7|0.01|0.07|43.5795|18.571
21|51|0|0|2.9|20.4|270|32.9|46.8|0.01|0.07|43.5833|17.8582
21|52|0|0|2.9|20.4|270|32.7|47.0|0.01|0.07|43.5821|18.7346
21|53|0|0|2.9|20.4|270|32.8|47.0|0.01|0.07|43.5852|18.7346
21|54|0|270|1.5|20.4|270|32.7|47.1|0.01|0.07|43.5828|18.7346
21|55|0|0|8.1|20.4|270|32.7|47.2|0.01|0.07|43.5835|18.7346
21|56|0|0|2.9|20.4|270|32.5|47.1|0.01|0.07|43.5853|18.7346
21|57|0|315|3.2|20.4|270|32.4|47.2|0.01|0.07|43.5825|18.7346
21|58|0|45|2.9|20.4|270|32.3|47.2|0.01|0.07|43.5837|18.7346
21|59|0|0|1.6|20.4|270|32.2|47.2|0.01|0.07|43.5818|18.7346
22|00|0|315|5.8|20.4|270|32.2|47.2|0.01|0.07|43.582|18.7346
22|01|0|45|4.8|20.4|270|32.3|47.2|0.01|0.07|43.5823|18.7346
22|02|0|0|5.8|20.4|270|32.3|47.2|0.01|0.07|43.5813|18.7346
22|03|0|45|1.5|20.4|270|32.4|47.2|0.01|0.07|43.5824|18.7346
22|04|0|45|1.5|20.4|270|32.6|47.2|0.01|0.07|43.58|18.7346
22|05|0|45|1.5|20.4|270|32.6|47.3|0.01|0.07|43.5808|18.7346
22|06|0|0|5.8|20.4|270|32.3|47.2|0.01|0.07|43.5796|18.7346
22|08|0|45|9.7|20.4|270|32.2|47.2|0.01|0.07|43.5785|18.7346
22|09|0|45|5.8|20.4|270|32.0|47.3|0.01|0.07|43.5808|18.7346
22|10|0|45|2.9|20.4|270|32.1|47.3|0.01|0.07|43.5832|18.7346
22|11|0|315|4.4|20.4|270|32.4|47.3|0.01|0.07|43.5812|18.7346
22|12|0|45|2.9|20.4|270|32.2|47.4|0.01|0.07|43.5861|18.7346
22|13|0|45|1.5|20.4|270|32.0|47.5|0.01|0.07|43.5877|18.7346
22|14|0|45|1.5|20.4|270|32.0|47.5|0.01|0.07|43.5911|18.7346
22|15|0|45|1.6|20.4|270|32.5|47.5|0.01|0.07|43.5902|18.7346
22|16|0|0|2.9|20.4|270|32.2|47.5|0.01|0.07|43.5923|18.7346
22|17|0|270|3.2|20.4|270|32.0|47.4|0.01|0.07|43.5905|18.7346
22|18|0|225|1.5|20.4|270|31.9|47.5|0.01|0.07|43.59|17.9987
22|19|0|225|0.0|20.4|270|31.9|47.5|0.01|0.07|43.592|17.9987
22|20|0|45|0.0|20.4|270|31.8|47.6|0.01|0.07|43.5915|17.9987
22|21|0|23|0.0|20.4|270|31.8|47.6|0.01|0.07|43.5928|17.9987
22|22|0|0|6.4|20.4|270|31.9|47.5|0.01|0.07|43.5919|17.9987
22|23|0|45|2.9|20.4|270|31.8|47.5|0.01|0.07|43.5919|17.9987
22|24|0|135|3.2|20.4|270|31.9|47.5|0.01|0.07|43.5909|17.9987
22|25|0|225|1.5|20.4|270|32.0|47.5|0.01|0.07|43.5933|18.7346
22|28|0|270|6.4|20.4|270|31.5|47.5|0.01|0.07|43.5916|17.9987
22|29|0|270|1.6|20.4|270|31.5|47.5|0.01|0.07|43.5928|17.9987
22|30|0|270|0.0|20.4|270|31.6|47.6|0.01|0.07|43.5947|17.9987
22|31|0|0|2.9|20.4|270|31.6|47.6|0.01|0.07|43.5959|17.9987
22|32|0|315|2.9|20.4|270|32.0|47.5|0.01|0.07|43.5925|18.7346
22|34|0|0|4.4|20.4|270|32.0|47.3|0.01|0.07|43.5911|18.7346
22|36|0|0|1.6|20.4|270|32.1|47.1|0.01|0.07|43.588|18.7346
22|37|0|0|2.9|20.4|270|32.4|47.0|0.01|0.07|43.5878|18.7346
22|38|0|0|1.6|20.4|270|32.5|47.0|0.01|0.07|43.5879|18.7346
22|39|0|315|2.9|20.4|270|32.7|46.8|0.01|0.07|43.5871|17.8582
22|40|0|315|1.5|20.4|270|32.7|46.8|0.01|0.07|43.5869|17.8582
22|41|0|315|0.0|20.4|270|32.6|46.8|0.01|0.07|43.5888|17.8582
22|42|0|315|0.0|20.4|270|32.5|46.7|0.01|0.07|43.5912|17.8582
22|43|0|315|0.0|20.4|270|32.5|46.6|0.01|0.07|43.5884|17.8582
22|44|0|315|0.0|20.4|270|32.5|46.6|0.01|0.07|43.5905|17.8582
22|46|0|315|1.5|20.4|270|32.6|46.5|0.01|0.07|43.5908|17.8582
22|47|0|315|0.0|20.4|270|32.7|46.5|0.01|0.07|43.5906|17.8582
22|48|0|315|0.0|20.4|270|32.7|46.5|0.01|0.07|43.594|17.8582
22|49|0|315|0.0|20.4|270|32.8|46.4|0.00|0.07|43.5952|17.8582
22|50|0|315|0.0|20.4|270|32.9|46.3|0.00|0.07|43.5953|17.8582
22|51|0|315|0.0|20.4|270|32.9|46.3|0.00|0.07|43.5959|17.8582
22|52|0|315|1.5|20.4|270|33.0|46.2|0.00|0.07|43.5933|18.571
22|53|0|270|2.9|20.4|270|33.2|46.1|0.00|0.07|43.5928|18.571
22|54|0|270|2.9|20.4|270|33.3|46.0|0.00|0.07|43.5929|18.571
22|55|0|315|4.4|20.4|270|33.5|45.7|0.00|0.07|43.5904|17.6913
22|56|0|270|1.6|20.4|270|33.7|45.6|0.00|0.07|43.5929|17.6913
22|57|0|270|1.5|20.4|270|33.7|45.6|0.00|0.07|43.5929|17.6913
22|58|0|270|0.0|20.4|270|33.6|45.6|0.01|0.08|43.5935|17.6913
22|59|0|270|0.0|20.4|270|33.6|45.6|0.01|0.08|43.5938|17.6913
23|00|0|225|1.5|20.4|270|33.8|45.5|0.01|0.08|43.5941|17.6913
23|01|0|225|1.5|20.4|270|33.9|45.5|0.01|0.08|43.5958|17.6913
23|02|0|248|1.6|20.4|270|33.9|45.5|0.01|0.08|43.5941|17.6913
23|03|0|270|1.6|20.4|270|33.9|45.5|0.01|0.08|43.5949|17.6913
23|05|0|270|2.9|20.4|270|34.1|45.4|0.01|0.08|43.5955|18.3822
23|06|0|315|1.5|20.4|270|34.5|45.4|0.01|0.08|43.5923|18.3822
23|08|0|315|1.5|20.4|270|34.8|45.2|0.01|0.08|43.5936|18.3822
23|09|0|315|1.6|20.4|270|34.9|44.9|0.01|0.08|43.5927|17.4994
23|10|0|270|1.5|20.4|270|35.0|44.8|0.01|0.08|43.5917|18.1696
23|11|0|270|4.8|20.4|270|35.1|44.7|0.01|0.08|43.5906|18.1696
23|12|0|270|1.6|20.4|270|35.4|44.6|0.01|0.08|43.5917|18.1696
23|13|0|270|2.9|20.4|270|35.5|44.5|0.01|0.08|43.5929|18.1696
23|14|0|315|2.9|20.4|270|35.7|44.5|0.01|0.08|43.5949|18.1696
23|15|0|315|3.2|20.4|270|35.9|44.4|0.01|0.08|43.5952|18.1696
23|17|0|270|0.0|20.4|270|36.0|44.4|0.01|0.08|43.5968|18.823
23|18|0|270|0.0|20.4|270|35.9|44.4|0.01|0.08|43.5968|18.1696
23|19|0|0|1.5|20.4|270|36.7|44.4|0.01|0.08|43.5975|18.823
23|21|0|0|1.5|20.4|270|38.4|44.3|0.01|0.08|43.5975|20.0828
23|23|0|0|2.9|20.4|270|40.4|44.3|0.01|0.08|43.6002|21.2851
23|24|0|0|3.2|20.4|270|43.5|44.2|0.01|0.08|43.598|22.9922
23|25|0|0|1.5|20.4|270|40.5|44.0|0.01|0.08|43.5973|21.2851
23|26|0|0|2.9|20.4|270|40.1|43.9|0.01|0.08|43.5959|20.3858
23|27|0|315|3.2|20.4|270|41.2|43.7|0.01|0.08|43.5933|20.9646
23|28|0|315|1.5|20.4|270|39.2|43.6|0.01|0.08|43.5912|19.794
23|29|0|270|2.9|20.4|270|38.4|43.5|0.01|0.08|43.5928|19.1887
23|30|0|270|1.5|20.4|270|38.3|43.2|0.01|0.08|43.5941|19.1887
23|31|0|248|2.9|20.4|270|38.3|43.1|0.01|0.08|43.5948|19.1887
23|32|0|225|2.9|20.4|270|38.4|42.9|0.01|0.08|43.5948|18.2943
23|33|0|45|1.5|20.4|270|38.5|42.9|0.01|0.08|43.5976|18.2943
23|34|0|0|4.4|20.4|270|39.4|42.7|0.01|0.08|43.5984|18.897
23|35|0|0|3.2|20.4|270|42.1|42.5|0.01|0.08|43.6018|20.6264
23|36|0|315|1.5|20.4|270|42.3|42.2|0.01|0.08|43.6025|20.6264
23|37|0|270|6.4|20.4|270|40.7|42.2|0.01|0.08|43.6007|19.4862
23|38|0|270|6.4|20.4|270|39.4|42.2|0.01|0.08|43.5987|18.897
23|41|0|270|2.9|20.4|270|38.5|42.6|0.01|0.08|43.5987|18.2943
23|42|0|225|2.9|20.4|270|37.9|42.8|0.01|0.08|43.5961|17.6773
23|43|0|45|1.5|20.4|270|37.8|43.0|0.01|0.08|43.5989|18.569
23|44|0|45|1.5|20.4|270|38.0|43.2|0.01|0.08|43.6018|19.1887
23|45|0|225|1.6|20.4|270|37.9|43.4|0.01|0.08|43.5989|18.569
23|46|0|225|1.6|20.4|270|37.6|43.5|0.01|0.08|43.596|18.569
23|47|0|270|1.5|20.4|270|37.3|43.6|0.01|0.08|43.5968|18.569
23|48|0|225|2.9|20.4|270|37.1|43.7|0.01|0.08|43.5965|18.569
23|49|0|225|1.6|20.4|270|37.1|43.8|0.01|0.08|43.5997|18.569
23|50|0|180|1.6|20.4|270|37.1|43.8|0.01|0.08|43.5963|18.569
23|51|0|203|1.6|20.4|270|37.2|43.8|0.01|0.08|43.5964|18.569
23|52|0|225|2.9|20.4|270|37.1|43.8|0.01|0.08|43.5963|18.569
23|53|0|315|1.6|20.4|270|37.0|43.8|0.01|0.08|43.5997|18.569
23|54|0|270|1.5|20.4|270|36.9|43.8|0.01|0.08|43.5997|17.9342
23|55|0|225|0.0|20.4|270|36.9|43.8|0.01|0.08|43.6006|17.9342
23|56|0|225|0.0|20.4|270|36.9|43.7|0.01|0.08|43.5992|17.9342
23|57|0|225|0.0|20.4|270|37.0|43.7|0.00|0.08|43.5997|18.569
23|59|0|135|1.6|20.4|270|37.2|43.6|0.00|0.08|43.5999|18.569
