00|00|0|180|0.0|6.4|45|30.1|58.8|0.00|0.01|43.4383|26.7945
00|01|0|180|0.0|6.4|45|30.1|58.8|0.00|0.01|43.4395|26.7945
00|02|0|270|1.5|6.4|45|30.5|58.8|0.00|0.01|43.4404|26.7945
00|03|0|270|2.9|6.4|45|30.6|58.8|0.00|0.01|43.4404|26.7945
00|05|0|315|1.5|6.4|45|33.0|58.7|0.00|0.01|43.4418|29.1073
00|06|0|315|1.5|6.4|45|37.7|58.7|0.00|0.01|43.4427|31.9173
00|07|0|270|1.5|6.4|45|40.0|58.4|0.00|0.01|43.4448|33.8535
00|09|0|315|1.6|6.4|45|41.4|58.0|0.00|0.01|43.4493|34.4704
00|10|0|270|1.5|6.4|45|41.0|57.7|0.00|0.01|43.4505|33.5715
00|11|0|270|1.6|6.4|45|39.0|57.3|0.00|0.01|43.4543|32.3291
00|12|0|315|1.5|6.4|45|37.0|57.1|0.00|0.01|43.4542|31.029
00|13|0|225|0.0|6.4|45|36.5|56.9|0.00|0.01|43.4528|29.4697
00|16|0|180|1.5|6.4|45|36.0|56.3|0.00|0.01|43.4489|29.4697
00|17|0|180|2.9|6.4|45|33.7|56.2|0.00|0.01|43.4473|27.3537
00|18|0|180|3.2|6.4|45|32.8|56.2|0.00|0.01|43.4477|26.6104
00|19|0|158|1.6|6.4|45|32.4|56.2|0.00|0.01|43.4463|26.6104
00|20|0|180|1.5|6.4|45|32.2|56.3|0.00|0.01|43.4484|26.6104
00|22|0|180|1.5|6.4|45|32.3|56.5|0.00|0.01|43.4515|26.6104
00|23|0|225|1.5|6.4|45|32.3|56.6|0.00|0.01|43.4512|26.6104
00|24|0|225|0.0|6.4|45|32.3|56.9|0.00|0.01|43.4534|26.6104
00|25|0|225|0.0|6.4|45|32.3|57.0|0.00|0.01|43.4534|27.4842
00|28|0|315|1.5|6.4|45|38.8|57.3|0.00|0.01|43.4594|31.6866
00|29|0|315|1.5|6.4|45|38.7|57.3|0.00|0.01|43.4581|31.6866
00|30|0|270|0.0|6.4|45|38.4|57.2|0.00|0.01|43.4574|31.6866
00|31|0|315|1.5|6.4|45|38.3|57.1|0.00|0.01|43.459|31.6866
00|32|0|270|0.0|6.4|45|36.7|56.9|0.00|0.01|43.4577|29.4697
00|33|0|270|1.5|6.4|45|36.2|56.7|0.00|0.01|43.4575|29.4697
00|34|0|270|1.5|6.4|45|36.7|56.6|0.00|0.01|43.4584|29.4697
00|35|0|270|1.5|6.4|45|37.0|56.5|0.00|0.01|43.4555|30.1405
00|39|0|135|0.0|6.4|45|36.4|56.4|0.00|0.01|43.4586|29.4697
00|40|0|135|0.0|6.4|45|36.1|56.4|0.00|0.01|43.4586|29.4697
00|41|0|135|0.0|6.4|45|36.3|56.4|0.00|0.01|43.4586|29.4697
00|43|0|135|0.0|6.4|45|37.2|56.3|0.00|0.01|43.4589|30.1405
00|44|0|135|0.0|6.4|45|36.5|56.3|0.00|0.01|43.4574|29.4697
00|45|0|90|0.0|6.4|45|36.6|56.3|0.00|0.01|43.4591|29.4697
00|46|0|90|0.0|6.4|45|36.6|56.2|0.00|0.01|43.4577|29.4697
00|47|0|0|1.5|6.4|45|38.1|56.3|0.00|0.01|43.4596|30.7953
00|48|0|45|1.5|6.4|45|42.5|56.3|0.00|0.01|43.4586|33.2711
00|49|0|0|1.5|6.4|45|44.9|56.2|0.00|0.01|43.4573|34.4316
00|51|0|0|1.6|6.4|45|42.6|56.1|0.00|0.01|43.4598|33.2711
00|52|0|315|1.5|6.4|45|42.5|56.0|0.00|0.01|43.4598|33.2711
00|54|0|315|0.0|6.4|45|42.0|55.7|0.00|0.01|43.4611|32.3692
00|55|0|315|1.5|6.4|45|41.5|55.6|0.00|0.01|43.4604|31.773
00|56|0|315|0.0|6.4|45|40.9|55.5|0.00|0.01|43.46|31.1638
00|57|0|315|0.0|6.4|45|39.4|55.4|0.00|0.01|43.4601|30.5409
00|58|0|315|0.0|6.4|45|38.8|55.4|0.00|0.01|43.4598|29.9038
00|59|0|315|1.5|6.4|45|38.6|55.3|0.00|0.01|43.4587|29.9038
01|00|0|315|1.5|6.4|45|39.7|55.3|0.00|0.01|43.4611|30.5409
01|01|0|315|1.6|6.4|45|40.0|55.2|0.00|0.01|43.4574|31.1638
01|02|0|315|1.6|6.4|45|41.6|55.2|0.00|0.01|43.4591|31.773
01|04|0|315|1.5|6.4|45|42.7|55.2|0.00|0.01|43.4618|32.3692
01|05|0|315|2.9|6.4|45|42.8|55.0|0.00|0.01|43.4609|32.3692
01|06|0|315|3.2|6.4|45|43.0|54.8|0.00|0.01|43.4596|32.0484
01|07|0|315|1.5|6.4|45|43.6|54.7|0.00|0.01|43.4588|32.0484
01|08|0|270|0.0|6.4|45|42.9|54.6|0.00|0.01|43.4585|31.4671
01|09|0|270|0.0|6.4|45|41.6|54.4|0.00|0.01|43.4557|30.8734
01|10|0|270|1.5|6.4|45|40.6|54.3|0.00|0.01|43.4552|30.2668
01|12|0|315|1.6|6.4|45|39.6|54.2|0.00|0.01|43.4531|29.6466
01|13|0|315|0.0|6.4|45|38.7|54.2|0.00|0.01|43.4508|29.0121
01|14|0|315|0.0|6.4|45|38.6|54.2|0.00|0.01|43.4493|29.0121
01|15|0|315|0.0|6.4|45|38.9|54.3|0.00|0.01|43.4497|29.0121
01|16|0|315|0.0|6.4|45|38.4|54.3|0.00|0.01|43.4515|29.0121
01|17|0|0|0.0|6.4|45|38.3|54.3|0.00|0.01|43.4518|29.0121
01|19|0|0|0.0|6.4|45|40.7|54.4|0.00|0.01|43.4531|30.2668
01|20|0|45|1.6|6.4|45|41.9|54.4|0.00|0.01|43.4526|30.8734
01|21|0|90|1.5|6.4|45|41.0|54.4|0.00|0.01|43.4519|30.8734
01|22|0|90|0.0|6.4|45|41.7|54.4|0.00|0.01|43.452|30.8734
01|23|0|135|1.5|6.4|45|41.7|54.3|0.00|0.01|43.4495|30.8734
01|24|0|135|0.0|6.4|45|42.0|54.4|0.00|0.01|43.4518|31.4671
01|25|0|90|0.0|6.4|45|44.5|54.3|0.00|0.01|43.4502|32.6179
01|26|0|45|0.0|6.4|45|42.4|54.3|0.00|0.01|43.4507|31.4671
01|27|0|45|0.0|6.4|45|41.8|54.3|0.00|0.01|43.4495|30.8734
01|28|0|45|0.0|6.4|45|42.4|54.3|0.00|0.01|43.4516|31.4671
01|29|0|0|1.5|6.4|45|42.8|54.3|0.00|0.01|43.4499|31.4671
01|31|0|0|0.0|6.4|45|43.0|54.3|0.00|0.01|43.451|32.0484
01|32|0|0|0.0|6.4|45|41.8|54.3|0.00|0.01|43.4501|30.8734
01|33|0|225|0.0|6.4|45|41.1|54.3|0.00|0.01|43.4493|30.8734
01|34|0|225|0.0|6.4|45|41.5|54.3|0.00|0.01|43.4525|30.8734
01|35|0|225|0.0|6.4|45|42.8|54.3|0.00|0.01|43.451|31.4671
01|37|0|270|0.0|6.4|45|43.7|54.3|0.00|0.01|43.4495|32.0484
01|39|0|315|1.5|6.4|45|43.6|54.3|0.00|0.01|43.452|32.0484
01|40|0|315|0.0|6.4|45|45.5|54.2|0.00|0.01|43.4508|33.1761
01|41|0|315|1.5|6.4|45|45.3|54.0|0.00|0.01|43.4491|33.1761
01|42|0|315|0.0|6.4|45|44.4|53.9|0.00|0.01|43.4506|31.7108
01|43|0|315|0.0|6.4|45|43.9|53.8|0.00|0.01|43.4492|31.1437
01|44|0|135|1.6|6.4|45|43.4|53.7|0.00|0.01|43.448|31.1437
01|45|0|135|1.6|6.4|45|43.9|53.6|0.00|0.01|43.4507|31.1437
01|46|0|180|1.5|6.4|45|44.1|53.4|0.00|0.01|43.4507|31.7108
01|47|0|135|1.5|6.4|45|44.2|53.3|0.00|0.01|43.4533|31.7108
01|48|0|135|3.2|6.4|45|44.0|53.0|0.00|0.01|43.454|31.7108
01|49|0|180|0.0|6.4|45|43.9|52.9|0.00|0.01|43.457|30.2388
01|50|0|90|0.0|6.4|45|44.0|52.8|0.00|0.01|43.457|30.8034
01|51|0|90|0.0|6.4|45|43.8|52.7|0.00|0.01|43.4557|30.2388
01|52|0|90|0.0|6.4|45|43.4|52.7|0.00|0.01|43.4561|30.2388
01|54|0|90|0.0|6.4|45|42.9|52.6|0.00|0.01|43.4557|29.6623
01|55|0|90|0.0|6.4|45|42.7|52.6|0.00|0.01|43.4558|29.6623
01|56|0|90|0.0|6.4|45|42.7|52.6|0.00|0.01|43.4573|29.6623
01|57|0|180|0.0|6.4|45|42.5|52.5|0.00|0.01|43.4568|29.6623
01|58|0|180|0.0|6.4|45|42.6|52.5|0.00|0.01|43.4572|29.6623
01|59|0|180|0.0|6.4|45|42.4|52.6|0.00|0.01|43.4598|29.6623
02|00|0|180|0.0|6.4|45|42.2|52.5|0.00|0.01|43.4588|29.6623
02|01|0|180|0.0|6.4|45|41.8|52.5|0.00|0.01|43.4556|29.0737
02|02|0|0|0.0|6.4|45|43.6|52.5|0.00|0.01|43.4574|30.2388
02|03|0|45|0.0|6.4|45|45.1|52.5|0.00|0.01|43.4595|31.3569
02|04|0|45|0.0|6.4|45|44.8|52.5|0.00|0.01|43.4601|30.8034
02|06|0|45|0.0|6.4|45|44.0|52.4|0.00|0.01|43.4595|30.8034
02|07|0|45|0.0|6.4|45|44.1|52.2|0.00|0.01|43.4586|30.8034
02|08|0|90|1.5|6.4|45|44.0|52.2|0.00|0.01|43.4603|30.8034
02|09|0|180|0.0|6.4|45|43.5|52.1|0.00|0.01|43.4617|30.2388
02|10|0|45|0.0|6.4|45|42.9|52.1|0.00|0.01|43.4627|29.6623
02|11|0|45|0.0|6.4|45|43.1|52.1|0.00|0.01|43.4634|30.2388
02|12|0|45|0.0|6.4|45|43.8|52.0|0.00|0.01|43.4619|30.2388
02|13|0|90|0.0|6.4|45|43.0|52.0|0.00|0.01|43.4594|30.2388
02|14|0|90|0.0|6.4|45|42.4|52.0|0.00|0.01|43.4603|29.6623
02|15|0|180|0.0|6.4|45|42.6|52.0|0.00|0.01|43.4602|29.6623
02|17|0|180|1.6|6.4|45|43.5|52.0|0.00|0.01|43.4577|30.2388
02|18|0|180|2.9|6.4|45|43.7|51.9|0.00|0.01|43.4573|29.3336
02|20|0|180|1.5|6.4|45|43.8|51.9|0.00|0.01|43.4587|29.3336
02|21|0|180|1.5|6.4|45|43.9|51.9|0.00|0.01|43.4604|29.3336
02|22|0|180|0.0|6.4|45|43.8|51.9|0.00|0.01|43.4596|29.3336
02|23|0|68|0.0|6.4|45|43.2|51.8|0.00|0.01|43.4607|29.3336
02|24|0|0|1.6|6.4|45|44.4|51.8|0.00|0.01|43.4613|29.8959
02|26|0|0|1.6|6.4|45|45.3|51.7|0.00|0.01|43.4633|30.447
02|27|0|90|0.0|6.4|45|44.5|51.7|0.00|0.01|43.4646|29.8959
02|28|0|90|0.0|6.4|45|44.0|51.7|0.00|0.01|43.462|29.8959
02|29|0|135|0.0|6.4|45|44.1|51.7|0.00|0.01|43.4641|29.8959
02|30|0|180|1.5|6.4|45|44.4|51.6|0.00|0.01|43.4635|29.8959
02|31|0|135|0.0|6.4|45|44.6|51.6|0.00|0.01|43.4616|29.8959
02|32|0|135|0.0|6.4|45|44.6|51.6|0.00|0.01|43.4621|29.8959
02|33|0|180|0.0|6.4|45|44.9|51.6|0.00|0.01|43.4616|29.8959
02|34|0|180|0.0|6.4|45|45.2|51.6|0.00|0.01|43.4634|30.447
02|36|0|180|0.0|6.4|45|44.8|51.7|0.00|0.01|43.4645|29.8959
02|39|0|180|0.0|6.4|45|44.9|51.6|0.00|0.01|43.4625|29.8959
02|40|0|180|1.5|6.4|45|44.9|51.6|0.00|0.01|43.4607|29.8959
02|42|0|180|0.0|6.4|45|44.5|51.7|0.00|0.01|43.4616|29.8959
02|43|0|0|0.0|6.4|45|45.7|51.7|0.00|0.01|43.459|30.447
02|44|0|45|1.6|6.4|45|45.8|51.7|0.00|0.01|43.4619|30.447
02|45|0|135|1.5|6.4|45|45.6|51.7|0.00|0.01|43.4617|30.447
02|46|0|135|0.0|6.4|45|45.7|51.6|0.00|0.01|43.4609|30.447
02|47|0|135|1.6|6.4|45|46.0|51.6|0.00|0.01|43.4644|30.9873
02|48|0|135|0.0|6.4|45|46.3|51.6|0.00|0.01|43.4635|30.9873
02|49|0|180|0.0|6.4|45|46.1|51.5|0.00|0.01|43.4606|30.9873
02|50|0|180|1.5|6.4|45|45.7|51.5|0.00|0.01|43.4635|30.447
02|51|0|180|0.0|6.4|45|45.5|51.5|0.00|0.01|43.4643|30.447
02|52|0|180|0.0|6.4|45|45.4|51.5|0.00|0.01|43.4618|30.447
02|55|0|180|0.0|6.4|45|45.1|51.5|0.00|0.01|43.463|30.447
02|56|0|180|0.0|6.4|45|44.9|51.5|0.00|0.01|43.4611|29.8959
02|57|0|180|0.0|6.4|45|44.8|51.5|0.00|0.01|43.4623|29.8959
02|58|0|180|0.0|6.4|45|44.8|51.5|0.00|0.01|43.4646|29.8959
03|01|0|180|1.5|6.4|45|44.4|51.6|0.00|0.01|43.4664|29.8959
03|02|0|180|1.6|6.4|45|44.4|51.6|0.00|0.01|43.467|29.8959
03|03|0|135|2.9|6.4|45|43.9|51.6|0.00|0.01|43.4669|29.3336
03|04|0|180|1.6|6.4|45|43.3|51.7|0.00|0.01|43.4673|29.3336
03|05|0|90|0.0|6.4|45|43.0|51.7|0.00|0.01|43.4676|29.3336
03|06|0|225|0.0|6.4|45|42.7|51.8|0.00|0.01|43.4669|28.7597
03|07|0|90|0.0|6.4|45|42.5|51.9|0.00|0.01|43.4662|28.7597
03|08|0|180|0.0|6.4|45|42.5|51.9|0.00|0.01|43.467|28.7597
03|10|0|180|0.0|6.4|45|42.4|52.0|0.00|0.01|43.4677|29.6623
03|11|0|180|0.0|6.4|45|42.1|52.1|0.00|0.01|43.4674|29.6623
03|12|0|135|0.0|6.4|45|41.6|52.2|0.00|0.01|43.4678|29.0737
03|13|0|90|0.0|6.4|45|41.9|52.4|0.00|0.01|43.4672|29.0737
03|14|0|203|2.9|6.4|45|41.4|52.4|0.00|0.01|43.4672|29.0737
03|15|0|180|0.0|6.4|45|40.7|52.4|0.00|0.01|43.466|28.4721
03|16|0|180|0.0|6.4|45|40.6|52.5|0.00|0.01|43.4649|28.4721
03|17|0|270|0.0|6.4|45|40.5|52.5|0.00|0.01|43.4648|28.4721
03|18|0|180|0.0|6.4|45|40.4|52.6|0.00|0.01|43.4641|28.4721
03|19|0|180|1.5|6.4|45|40.3|52.6|0.00|0.01|43.4635|28.4721
03|20|0|180|1.5|6.4|45|40.2|52.7|0.00|0.01|43.4637|28.4721
03|22|0|180|1.5|6.4|45|38.8|52.7|0.00|0.01|43.4623|27.228
03|23|0|180|0.0|6.4|45|38.6|52.7|0.00|0.01|43.4644|27.228
03|24|0|180|0.0|6.4|45|38.4|52.8|0.00|0.01|43.4643|27.228
03|25|0|180|1.5|6.4|45|38.3|52.8|0.00|0.01|43.4625|27.228
03|26|0|180|1.6|6.4|45|38.1|52.7|0.00|0.01|43.4648|27.228
03|28|0|180|0.0|6.4|45|36.6|52.6|0.00|0.01|43.4641|25.9245
03|29|0|180|1.5|6.4|45|35.4|52.6|0.00|0.01|43.4645|25.2485
03|30|0|180|1.5|6.4|45|34.7|52.5|0.00|0.01|43.4653|24.5552
03|31|0|180|0.0|6.4|45|34.5|52.5|0.00|0.01|43.4681|24.5552
03|33|0|180|0.0|6.4|45|33.6|52.5|0.00|0.01|43.4691|23.8436
03|34|0|180|0.0|6.4|45|33.3|52.4|0.00|0.01|43.4681|23.8436
03|35|0|180|1.6|6.4|45|33.2|52.5|0.00|0.01|43.4708|23.8436
03|37|0|180|0.0|6.4|45|32.7|52.4|0.00|0.01|43.4706|23.1126
03|39|0|180|0.0|6.4|45|32.2|52.2|0.00|0.01|43.4704|23.1126
03|40|0|180|0.0|6.4|45|31.8|52.2|0.00|0.01|43.4705|22.361
03|41|0|180|0.0|6.4|45|32.2|52.2|0.00|0.01|43.4705|23.1126
03|42|0|180|0.0|6.4|45|33.2|52.2|0.00|0.01|43.4714|23.8436
03|43|0|180|0.0|6.4|45|32.9|52.1|0.00|0.01|43.4722|23.1126
03|44|0|180|0.0|6.4|45|32.3|52.1|0.00|0.01|43.4729|23.1126
03|45|0|180|0.0|6.4|45|31.9|52.0|0.00|0.01|43.4724|22.361
03|46|0|180|0.0|6.4|45|31.9|51.9|0.00|0.01|43.4707|21.4891
03|48|0|180|0.0|6.4|45|31.8|51.9|0.00|0.01|43.4722|21.4891
03|49|0|225|1.6|6.4|45|32.0|51.8|0.00|0.01|43.4711|22.2375
03|50|0|180|0.0|6.4|45|33.1|51.8|0.00|0.01|43.4721|22.9654
03|52|0|180|0.0|6.4|45|32.8|51.6|0.00|0.01|43.4734|22.2375
03|53|0|180|1.5|6.4|45|32.9|51.6|0.00|0.01|43.4743|22.2375
03|55|0|180|1.6|6.4|45|32.7|51.5|0.00|0.01|43.4749|22.2375
03|56|0|180|0.0|6.4|45|32.2|51.3|0.00|0.01|43.4729|22.2375
03|58|0|180|0.0|6.4|45|32.3|51.2|0.00|0.01|43.4741|22.2375
03|59|0|180|0.0|6.4|45|31.8|51.1|0.00|0.01|43.4717|21.4891
04|00|0|180|0.0|6.4|45|31.6|51.1|0.00|0.01|43.4711|21.4891
04|01|0|180|0.0|6.4|45|31.8|51.1|0.00|0.01|43.47|21.4891
04|02|0|225|1.5|6.4|45|31.8|51.1|0.00|0.01|43.4717|21.4891
04|03|0|315|1.5|6.4|45|31.5|51.0|0.00|0.01|43.4705|21.4891
04|04|0|45|0.0|6.4|45|30.9|50.9|0.00|0.01|43.4699|19.8499
04|06|0|45|0.0|6.4|45|30.5|50.9|0.00|0.01|43.4688|19.8499
04|07|0|225|0.0|6.4|45|31.1|50.9|0.00|0.01|43.4702|20.6169
04|08|0|225|0.0|6.4|45|31.2|50.8|0.00|0.01|43.4708|20.6169
04|09|0|180|0.0|6.4|45|30.9|50.8|0.00|0.01|43.4702|19.8499
04|10|0|180|1.5|6.4|45|31.3|50.7|0.00|0.01|43.4705|20.6169
04|11|0|225|1.6|6.4|45|31.8|50.6|0.00|0.01|43.4675|20.6169
04|12|0|180|1.5|6.4|45|31.4|50.6|0.00|0.01|43.4694|20.6169
04|13|0|225|0.0|6.4|45|31.2|50.5|0.00|0.01|43.4694|20.6169
04|15|0|180|1.5|6.4|45|31.7|50.5|0.00|0.01|43.4678|20.6169
04|16|0|180|0.0|6.4|45|31.2|50.3|0.00|0.01|43.4655|20.6169
04|17|0|180|0.0|6.4|45|30.9|50.2|0.00|0.01|43.4643|19.8499
04|18|0|180|0.0|6.4|45|31.0|50.3|0.00|0.01|43.4673|20.6169
04|19|0|180|0.0|6.4|45|31.1|50.2|0.00|0.01|43.4652|20.6169
04|20|0|180|0.0|6.4|45|31.4|50.2|0.00|0.01|43.4652|20.6169
04|22|0|180|1.5|6.4|45|30.9|50.1|0.00|0.01|43.4655|19.8499
04|23|0|180|1.5|6.4|45|31.1|50.1|0.00|0.01|43.4688|20.6169
04|25|0|225|1.5|6.4|45|30.7|50.0|0.00|0.01|43.4651|19.8499
04|26|0|180|1.5|6.4|45|30.4|50.0|0.00|0.01|43.4676|19.8499
04|27|0|180|0.0|6.4|45|30.4|50.0|0.00|0.01|43.4665|19.8499
04|28|0|180|0.0|6.4|45|30.5|50.0|0.00|0.01|43.465|19.8499
04|29|0|225|0.0|6.4|45|30.5|50.0|0.00|0.01|43.4688|19.8499
04|30|0|225|0.0|6.4|45|30.6|50.0|0.00|0.01|43.4683|19.8499
04|31|0|180|1.5|6.4|45|30.8|49.9|0.00|0.01|43.4689|18.9807
04|33|0|180|0.0|6.4|45|31.1|49.9|0.00|0.01|43.4702|19.7444
04|34|0|180|0.0|6.4|45|30.9|49.9|0.00|0.01|43.4701|18.9807
04|35|0|180|0.0|6.4|45|30.7|49.8|0.00|0.01|43.471|18.9807
04|36|0|180|0.0|6.4|45|30.7|49.8|0.00|0.01|43.4718|18.9807
04|37|0|180|0.0|6.4|45|31.0|49.8|0.00|0.01|43.4708|19.7444
04|38|0|180|0.0|6.4|45|31.0|49.7|0.00|0.01|43.4725|19.7444
04|39|0|203|1.6|6.4|45|30.8|49.7|0.00|0.01|43.4722|18.9807
04|42|0|180|0.0|6.4|45|31.2|49.5|0.00|0.01|43.4737|19.7444
04|43|0|180|0.0|6.4|45|31.1|49.5|0.00|0.01|43.4744|19.7444
04|44|0|90|0.0|6.4|45|31.0|49.5|0.00|0.01|43.4733|19.7444
04|45|0|90|0.0|6.4|45|31.4|49.4|0.00|0.01|43.4754|19.7444
04|46|0|180|0.0|6.4|45|31.5|49.4|0.00|0.01|43.4743|19.7444
04|47|0|180|0.0|6.4|45|31.5|49.4|0.00|0.01|43.4748|19.7444
04|48|0|180|0.0|6.4|45|32.0|49.3|0.00|0.01|43.4744|20.4865
04|49|0|315|0.0|6.4|45|32.6|49.3|0.00|0.01|43.473|20.4865
04|50|0|315|1.5|6.4|45|32.6|49.3|0.00|0.01|43.4747|20.4865
04|51|0|315|0.0|6.4|45|32.5|49.2|0.00|0.01|43.4732|20.4865
04|52|0|315|0.0|6.4|45|32.1|49.1|0.00|0.01|43.4737|20.4865
04|53|0|315|0.0|6.4|45|32.2|49.0|0.00|0.01|43.471|20.4865
04|54|0|270|1.5|6.4|45|32.3|49.0|0.00|0.01|43.4725|20.4865
04|55|0|270|0.0|6.4|45|32.3|48.9|0.00|0.01|43.4702|19.6107
04|56|0|270|0.0|6.4|45|32.4|48.9|0.00|0.01|43.4728|19.6107
04|57|0|270|0.0|6.4|45|32.6|48.8|0.00|0.01|43.4715|19.6107
04|58|0|270|0.0|6.4|45|32.5|48.8|0.00|0.01|43.4715|19.6107
05|00|0|270|0.0|6.4|45|32.7|48.8|0.00|0.01|43.4701|19.6107
05|01|0|45|0.0|6.4|45|32.7|48.8|0.00|0.01|43.4706|19.6107
05|02|0|90|0.0|6.4|45|32.9|48.7|0.00|0.01|43.4706|19.6107
05|04|0|45|0.0|6.4|45|33.7|48.7|0.00|0.01|43.4714|20.3295
05|05|0|135|0.0|6.4|45|33.8|48.7|0.00|0.01|43.4729|20.3295
05|06|0|180|1.5|6.4|45|33.8|48.7|0.00|0.01|43.4718|20.3295
05|07|0|90|1.5|6.4|45|34.6|48.8|0.00|0.01|43.4746|21.0292
05|09|0|180|1.5|6.4|45|34.1|48.9|0.00|0.01|43.4728|21.0292
05|10|0|135|1.5|6.4|45|33.8|48.9|0.00|0.01|43.474|20.3295
05|11|0|90|1.5|6.4|45|32.7|49.0|0.00|0.01|43.4734|20.4865
05|12|0|45|1.5|6.4|45|32.3|49.1|0.00|0.01|43.4761|20.4865
05|13|0|180|1.6|6.4|45|32.3|49.2|0.00|0.01|43.475|20.4865
05|14|0|135|1.5|6.4|45|32.4|49.3|0.00|0.01|43.4762|20.4865
05|16|0|135|0.0|6.4|45|32.2|49.4|0.00|0.01|43.4755|20.4865
05|17|0|135|0.0|6.4|45|32.3|49.7|0.00|0.01|43.4765|20.4865
05|18|0|135|1.5|6.4|45|32.3|49.7|0.00|0.01|43.476|20.4865
05|19|0|180|3.2|6.4|45|31.9|49.8|0.00|0.01|43.4762|19.7444
05|20|0|180|1.6|6.4|45|30.7|49.8|0.00|0.01|43.4761|18.9807
05|22|0|135|3.2|6.4|45|30.5|49.8|0.00|0.01|43.4744|18.9807
05|23|0|180|2.9|6.4|45|30.0|49.9|0.00|0.01|43.476|18.9807
05|24|0|180|1.6|6.4|45|30.5|49.9|0.00|0.01|43.4747|18.9807
05|25|0|180|1.5|6.4|45|31.2|49.9|0.00|0.01|43.4737|19.7444
05|27|0|180|3.2|6.4|45|31.1|49.9|0.00|0.01|43.4748|19.7444
05|28|0|180|1.5|6.4|45|30.5|49.9|0.00|0.01|43.4739|18.9807
05|29|0|180|1.6|6.4|45|30.1|49.9|0.00|0.01|43.4776|18.9807
05|30|0|180|2.9|6.4|45|29.7|49.8|0.00|0.01|43.4752|18.194
05|33|0|203|1.5|6.4|45|29.3|49.8|0.00|0.01|43.4784|18.194
05|34|0|180|5.8|6.4|45|29.7|49.8|0.00|0.01|43.4781|18.194
05|35|0|180|4.4|8.1|180|30.0|49.8|0.00|0.01|43.4811|18.9807
05|36|0|180|2.9|8.1|180|30.0|49.7|0.00|0.01|43.4804|18.9807
05|37|0|158|1.6|8.1|180|29.7|49.8|0.00|0.01|43.4836|18.194
05|38|0|180|4.4|8.1|180|29.7|49.7|0.00|0.01|43.4835|18.194
05|39|0|180|1.5|8.1|180|29.4|49.8|0.00|0.01|43.4831|18.194
05|40|0|135|1.6|8.1|180|30.4|49.8|0.00|0.01|43.4837|18.9807
05|41|0|113|0.0|8.1|180|31.1|49.9|0.00|0.01|43.4849|19.7444
05|42|0|180|0.0|8.1|180|31.3|49.9|0.00|0.01|43.4836|19.7444
05|43|0|180|1.5|8.1|180|31.0|49.9|0.00|0.01|43.4836|19.7444
05|44|0|135|3.2|8.1|180|31.6|50.0|0.00|0.01|43.4831|20.6169
05|45|0|135|1.5|8.1|180|32.3|50.0|0.00|0.01|43.4853|21.3621
05|46|0|180|2.9|8.1|180|34.7|50.0|0.00|0.01|43.4835|22.7927
05|48|0|135|1.5|8.1|180|34.2|50.0|0.00|0.01|43.4837|22.7927
05|49|0|180|1.5|8.1|180|34.3|50.0|0.00|0.01|43.4829|22.7927
05|50|0|180|1.5|8.1|180|34.3|50.0|0.00|0.01|43.4828|22.7927
05|51|0|68|1.5|8.1|180|34.4|50.0|0.00|0.01|43.4836|22.7927
05|52|0|180|2.9|8.1|180|34.7|50.0|0.00|0.01|43.4845|22.7927
05|53|0|180|2.9|8.1|180|34.9|50.1|0.00|0.01|43.4853|22.7927
05|54|0|158|4.4|8.1|180|34.8|50.1|0.00|0.01|43.4866|22.7927
05|55|0|158|4.4|8.1|180|34.7|50.0|0.00|0.01|43.4856|22.7927
05|56|0|135|1.5|8.1|180|35.0|50.1|0.00|0.01|43.4863|23.4802
05|57|0|90|1.5|8.1|180|34.6|50.1|0.00|0.01|43.4859|22.7927
05|58|0|135|1.5|8.1|180|34.3|50.1|0.00|0.01|43.4842|22.7927
05|59|0|135|4.4|8.1|180|34.6|50.2|0.00|0.01|43.4872|22.7927
06|01|0|135|2.9|8.1|180|33.1|50.2|0.00|0.01|43.4848|22.087
06|02|0|180|4.4|8.1|180|32.7|50.3|0.00|0.01|43.4877|21.3621
06|03|0|158|5.8|8.1|180|31.5|50.2|0.00|0.01|43.4834|20.6169
06|04|0|135|3.2|8.1|180|30.5|50.3|0.00|0.01|43.4858|19.8499
06|05|0|180|2.9|8.1|180|30.8|50.3|0.00|0.01|43.4852|19.8499
06|07|0|135|4.4|8.1|180|30.4|50.3|0.00|0.01|43.4835|19.8499
06|08|0|135|2.9|8.1|180|30.1|50.5|0.00|0.01|43.482|19.8499
06|09|0|158|2.9|8.1|180|29.8|50.5|0.00|0.01|43.4843|19.06
06|10|0|135|1.5|8.1|180|29.9|50.5|0.00|0.01|43.4836|19.06
06|11|0|135|2.9|8.1|180|30.2|50.6|0.00|0.01|43.4838|19.8499
06|13|0|180|4.8|8.1|180|30.1|50.5|0.00|0.01|43.4867|19.8499
06|14|0|135|4.4|8.1|180|29.7|50.5|0.00|0.01|43.4906|19.06
06|15|0|180|4.4|8.1|180|29.7|50.5|0.00|0.01|43.4904|19.06
06|16|0|180|2.9|8.1|180|29.9|50.5|0.00|0.01|43.4919|19.06
06|17|0|180|4.4|8.1|180|30.5|50.6|0.00|0.01|43.4925|19.8499
06|18|0|135|2.9|8.1|180|31.0|50.6|0.00|0.01|43.4919|20.6169
06|19|0|180|1.5|8.1|180|31.6|50.7|0.00|0.01|43.4925|20.6169
06|20|0|180|1.5|8.1|180|31.8|50.7|0.00|0.01|43.4931|20.6169
06|21|0|90|2.9|8.1|180|32.2|50.7|0.00|0.01|43.4942|21.3621
06|22|0|180|4.4|8.1|180|33.1|50.7|0.00|0.01|43.4951|22.087
06|24|0|135|3.2|8.1|180|33.6|50.7|0.00|0.01|43.4929|22.087
06|25|0|180|4.4|9.7|180|33.7|50.7|0.00|0.01|43.4935|22.087
06|26|0|135|4.8|11.6|135|33.7|50.7|0.00|0.01|43.4952|22.087
06|27|0|135|4.4|11.6|135|33.8|50.7|0.00|0.01|43.4936|22.087
06|28|0|158|2.9|11.6|135|34.0|50.8|0.00|0.01|43.4938|22.7927
06|29|0|135|4.4|11.6|135|34.1|50.9|0.00|0.01|43.4951|22.7927
06|30|0|180|11.3|11.6|135|34.0|50.9|0.00|0.01|43.494|22.7927
06|31|0|158|3.2|11.6|135|34.0|51.0|0.00|0.01|43.496|23.6741
06|32|0|135|5.8|11.6|135|34.2|51.1|0.00|0.01|43.4961|23.6741
06|33|0|135|4.4|11.6|135|33.5|51.1|0.00|0.01|43.4969|22.9654
06|34|0|180|4.4|11.6|135|33.1|51.2|0.00|0.01|43.499|22.9654
06|35|0|225|4.4|11.6|135|32.6|51.3|0.00|0.01|43.4992|22.2375
06|36|0|135|4.4|11.6|135|32.0|51.5|0.00|0.01|43.4986|22.2375
06|37|0|180|2.9|11.6|135|31.1|51.5|0.00|0.01|43.5|21.4891
06|38|0|180|2.9|11.6|135|30.8|51.6|0.00|0.01|43.4994|20.7189
06|40|0|180|2.9|11.6|135|30.1|51.8|0.00|0.01|43.501|20.7189
06|41|0|135|2.9|11.6|135|29.9|52.0|0.00|0.01|43.5048|20.7911
06|42|0|180|4.8|11.6|135|29.2|52.0|0.00|0.01|43.5039|20.7911
06|43|0|135|2.9|11.6|135|29.2|52.1|0.00|0.01|43.5042|20.7911
06|44|0|180|5.8|11.6|135|29.1|52.2|0.00|0.01|43.5027|20.7911
06|45|0|135|4.4|11.6|135|28.5|52.4|0.00|0.01|43.5058|19.9697
06|47|0|180|11.6|14.5|135|27.7|52.4|0.00|0.01|43.5067|19.1219
06|48|0|135|4.8|19.3|135|27.6|52.4|0.00|0.01|43.5057|19.1219
06|49|0|135|2.9|19.3|135|27.5|52.5|0.00|0.01|43.5066|19.1219
06|50|0|135|4.4|19.3|135|27.5|52.6|0.00|0.01|43.5052|19.1219
06|51|0|135|4.8|19.3|135|27.4|52.7|0.00|0.01|43.5052|19.1219
06|52|0|180|5.8|19.3|135|27.2|52.7|0.00|0.01|43.5043|19.1219
06|54|0|135|4.8|19.3|135|27.2|52.8|0.00|0.01|43.5057|19.1219
06|55|0|135|6.4|19.3|135|27.5|52.9|0.00|0.01|43.5059|19.1219
06|56|0|135|4.8|19.3|135|26.9|52.9|0.00|0.01|43.5047|18.2458
06|57|0|135|3.2|19.3|135|27.1|53.0|0.00|0.01|43.5067|19.9801
06|58|0|135|7.3|19.3|135|27.0|53.0|0.00|0.01|43.506|19.9801
06|59|0|180|5.8|19.3|135|26.5|53.2|0.01|0.02|43.5078|19.1004
07|00|0|180|4.8|19.3|135|26.4|53.2|0.01|0.02|43.5063|19.1004
07|01|0|135|4.4|19.3|135|27.1|53.3|0.01|0.02|43.5044|19.9801
07|02|0|180|4.4|19.3|135|27.3|53.4|0.01|0.02|43.5074|19.9801
07|03|0|135|2.9|19.3|135|27.1|53.5|0.01|0.02|43.5089|19.9801
07|04|0|135|1.6|19.3|135|27.2|53.6|0.01|0.02|43.5084|19.9801
07|05|0|180|5.8|19.3|135|27.1|53.7|0.01|0.02|43.5105|19.9801
07|06|0|180|2.9|19.3|135|26.8|53.7|0.01|0.02|43.51|19.1004
07|07|0|180|4.4|19.3|135|26.7|53.8|0.01|0.02|43.5103|19.1004
07|08|0|135|5.8|19.3|135|27.1|53.8|0.01|0.02|43.511|19.9801
07|11|0|135|1.5|19.3|135|27.5|54.2|0.01|0.02|43.5133|20.8381
07|12|0|135|3.2|19.3|135|27.9|54.2|0.01|0.02|43.5136|20.8381
07|13|0|225|10.2|19.3|135|27.3|54.2|0.01|0.02|43.5096|20.8381
07|14|0|113|4.4|19.3|135|27.4|54.2|0.01|0.02|43.5131|20.8381
07|15|0|180|6.4|19.3|135|27.1|54.2|0.01|0.02|43.5147|20.8381
07|16|0|180|8.7|19.3|135|26.8|54.2|0.01|0.02|43.5099|19.9547
07|17|0|135|4.8|19.3|135|26.7|54.3|0.01|0.02|43.5099|19.9547
07|18|0|135|2.9|19.3|135|27.0|54.4|0.01|0.02|43.5092|20.8381
07|19|0|225|3.2|19.3|135|27.0|54.5|0.01|0.02|43.5061|20.8381
07|20|0|135|2.9|19.3|135|27.2|54.6|0.01|0.02|43.5068|20.8381
07|21|0|135|6.4|19.3|135|26.7|54.7|0.01|0.02|43.5074|19.9547
07|22|0|135|6.4|19.3|135|27.0|54.7|0.01|0.02|43.5075|20.8381
07|23|0|135|4.4|19.3|135|27.2|55.0|0.01|0.02|43.5078|21.6957
07|24|0|180|4.4|19.3|135|27.7|55.1|0.01|0.02|43.5074|21.6957
07|25|0|180|4.4|19.3|135|27.6|55.3|0.01|0.02|43.5104|21.6957
07|27|0|180|2.9|19.3|135|27.3|55.4|0.01|0.02|43.5113|21.6957
07|28|0|135|4.4|19.3|135|27.0|55.6|0.01|0.02|43.5127|21.6957
07|29|0|135|5.8|19.3|135|26.8|55.7|0.01|0.02|43.513|20.8087
07|30|0|180|5.8|19.3|135|26.9|56.0|0.01|0.02|43.5164|21.6624
07|31|0|135|2.9|19.3|135|27.6|56.2|0.01|0.02|43.52|22.5531
07|32|0|135|4.4|19.3|135|27.4|56.2|0.01|0.02|43.5193|22.5531
07|33|0|135|4.4|19.3|135|26.7|56.3|0.01|0.02|43.5177|21.6624
07|34|0|135|4.4|19.3|135|26.7|56.3|0.01|0.02|43.5186|21.6624
07|35|0|135|4.8|19.3|135|26.3|56.3|0.01|0.02|43.5206|21.6624
07|36|0|135|7.3|19.3|135|26.4|56.3|0.01|0.02|43.5203|21.6624
07|37|0|90|6.4|19.3|135|26.5|56.1|0.01|0.02|43.521|21.6624
07|38|0|180|11.3|19.3|135|27.0|56.1|0.01|0.02|43.5217|22.5531
07|40|0|90|6.4|19.3|135|27.3|56.2|0.01|0.02|43.5245|22.5531
07|41|0|135|6.4|19.3|135|27.6|56.3|0.01|0.02|43.5243|22.5531
07|42|0|135|6.4|19.3|135|27.3|56.2|0.01|0.02|43.5247|22.5531
07|43|0|135|10.2|19.3|135|26.6|56.2|0.01|0.02|43.5245|21.6624
07|45|0|113|12.9|19.3|135|26.1|56.2|0.01|0.02|43.5257|21.6624
07|46|0|135|4.4|19.3|135|25.9|56.3|0.01|0.02|43.5262|20.7408
07|47|0|135|6.4|19.3|135|25.6|56.4|0.01|0.02|43.5264|20.7408
07|48|0|135|7.3|19.3|135|25.3|56.4|0.01|0.02|43.526|20.7408
07|49|0|135|5.8|19.3|135|24.6|56.5|0.01|0.02|43.5249|19.7858
07|50|0|180|5.8|19.3|135|24.5|56.6|0.01|0.02|43.5233|19.7858
07|51|0|113|2.9|19.3|135|24.1|56.7|0.01|0.02|43.5242|19.7858
07|52|0|180|8.1|19.3|135|24.3|56.9|0.01|0.02|43.5247|19.7858
07|53|0|135|6.4|19.3|135|24.8|57.1|0.01|0.02|43.5229|20.6316
07|54|0|135|7.3|19.3|135|24.5|57.3|0.01|0.02|43.5199|20.6316
07|55|0|135|5.8|19.3|135|24.2|57.4|0.01|0.02|43.5191|20.6316
07|57|0|135|10.2|19.3|135|23.8|57.5|0.01|0.02|43.5217|19.6366
07|58|0|90|7.3|19.3|135|23.9|57.7|0.00|0.02|43.5204|19.6366
07|59|0|180|4.4|19.3|135|23.7|57.9|0.00|0.02|43.5234|19.6366
08|00|0|180|11.6|19.3|135|23.3|58.0|0.00|0.02|43.5241|20.478
08|01|0|135|8.1|19.3|135|23.2|58.2|0.00|0.02|43.527|20.478
08|02|0|135|16.1|19.3|135|23.0|58.4|0.00|0.02|43.5255|20.478
08|03|0|180|7.3|19.3|135|22.5|58.5|0.00|0.02|43.5248|19.4397
08|04|0|135|8.7|19.3|135|22.6|58.9|0.00|0.02|43.5273|19.4397
08|05|0|113|10.2|19.3|135|22.4|58.9|0.00|0.02|43.5257|19.4397
08|06|0|180|10.2|19.3|135|22.1|58.9|0.00|0.02|43.5227|19.4397
08|07|0|135|5.8|19.3|135|22.6|59.0|0.00|0.02|43.5229|20.2766
08|09|0|180|5.8|19.3|135|22.5|59.0|0.00|0.02|43.5223|20.2766
08|10|0|180|4.4|19.3|135|22.7|59.1|0.00|0.02|43.5227|20.2766
08|11|0|180|7.3|19.3|135|22.5|59.1|0.00|0.02|43.5213|20.2766
08|12|0|225|7.3|19.3|135|22.4|59.2|0.00|0.02|43.5215|20.2766
08|13|0|180|3.2|19.3|135|22.7|59.2|0.00|0.02|43.5235|20.2766
08|14|0|135|2.9|19.3|135|22.7|59.3|0.00|0.02|43.5222|20.2766
08|15|0|135|4.8|19.3|135|23.6|59.7|0.00|0.02|43.5231|21.3191
08|16|0|135|2.9|19.3|135|24.0|59.7|0.00|0.02|43.5204|22.3222
08|17|0|180|2.9|19.3|135|24.8|59.8|0.00|0.02|43.5193|22.3222
08|18|0|135|4.4|19.3|135|25.5|59.9|0.00|0.02|43.5172|23.2888
08|19|0|135|2.9|19.3|135|26.2|60.1|0.00|0.02|43.5191|25.0743
08|20|0|135|7.3|19.3|135|26.8|60.3|0.00|0.02|43.5172|25.0743
08|21|0|135|2.9|19.3|135|26.9|60.5|0.00|0.02|43.5188|25.0743
08|23|0|180|4.4|19.3|135|27.3|60.6|0.00|0.02|43.5203|25.9797
08|24|0|135|4.8|19.3|135|28.5|60.8|0.00|0.02|43.5241|26.8558
08|25|0|45|5.8|19.3|135|29.5|60.8|0.00|0.02|43.5214|27.7047
08|26|0|90|4.4|19.3|135|30.4|60.8|0.00|0.02|43.5217|28.528
08|27|0|135|10.2|19.3|135|31.0|61.0|0.00|0.02|43.5214|30.197
08|28|0|135|4.4|19.3|135|30.7|61.1|0.00|0.02|43.5246|29.3943
08|29|0|68|5.8|19.3|135|30.6|61.4|0.00|0.02|43.5263|29.3943
08|30|0|90|4.4|19.3|135|30.7|61.6|0.00|0.02|43.5286|29.3943
08|31|0|180|3.2|19.3|135|30.5|61.6|0.00|0.02|43.5256|29.3943
08|32|0|45|4.4|19.3|135|30.6|61.7|0.00|0.02|43.5235|29.3943
08|33|0|90|3.2|19.3|135|29.9|61.8|0.00|0.02|43.5225|28.5676
08|34|0|180|5.8|19.3|135|30.0|62.0|0.00|0.02|43.5238|30.2604
08|35|0|90|2.9|19.3|135|29.9|62.3|0.00|0.02|43.5234|29.4304
08|36|0|135|2.9|19.3|135|29.7|62.4|0.00|0.02|43.5249|29.4304
08|37|0|90|4.8|19.3|135|29.5|62.6|0.00|0.02|43.5231|29.4304
08|38|0|45|7.3|19.3|135|29.2|62.7|0.00|0.02|43.5215|29.4304
08|39|0|90|4.8|19.3|135|29.0|62.8|0.00|0.02|43.5216|29.4304
08|41|0|113|3.2|19.3|135|28.6|62.8|0.00|0.02|43.5207|28.5746
08|42|0|113|2.9|19.3|135|28.7|62.9|0.00|0.02|43.5184|28.5746
08|43|0|135|2.9|19.3|135|28.8|63.2|0.00|0.02|43.5177|29.4336
08|44|0|90|5.8|19.3|135|28.9|63.4|0.00|0.02|43.5245|29.4336
08|45|0|90|4.8|19.3|135|28.5|63.5|0.00|0.02|43.5216|29.4336
08|46|0|90|7.3|19.3|135|28.0|63.4|0.00|0.02|43.5198|29.4336
08|47|0|135|2.9|19.3|135|28.3|63.5|0.00|0.02|43.5174|29.4336
08|48|0|180|1.5|19.3|135|28.0|63.8|0.00|0.02|43.5172|29.4336
08|49|0|135|4.4|19.3|135|27.5|64.1|0.00|0.02|43.5128|29.4018
08|51|0|90|7.3|19.3|135|26.8|64.1|0.00|0.02|43.5182|28.4817
08|52|0|135|4.4|19.3|135|26.7|64.2|0.00|0.02|43.5126|28.4817
08|53|0|135|4.4|19.3|135|25.6|64.2|0.00|0.02|43.5139|27.5297
08|55|0|135|4.4|19.3|135|26.2|64.4|0.00|0.02|43.5108|28.4817
08|57|0|180|5.8|19.3|135|24.6|64.6|0.00|0.02|43.5129|26.5434
08|58|0|180|1.6|19.3|135|24.3|64.7|0.00|0.02|43.5144|26.5434
08|59|0|90|3.2|19.3|135|24.6|65.0|0.00|0.02|43.5146|27.3867
09|00|0|90|3.2|19.3|135|23.1|65.0|0.00|0.02|43.5149|26.3592
09|02|0|90|7.3|19.3|135|23.5|65.2|0.00|0.02|43.5135|26.3592
09|03|0|0|2.9|19.3|135|23.1|65.3|0.00|0.02|43.5083|26.3592
09|04|0|90|7.3|19.3|135|20.3|65.2|0.00|0.02|43.512|23.0199
09|05|0|45|3.2|19.3|135|19.9|65.3|0.00|0.02|43.5126|21.8075
09|06|0|45|8.7|19.3|135|20.4|64.9|0.00|0.02|43.5128|22.1938
09|07|0|90|8.7|19.3|135|20.6|65.0|0.00|0.02|43.5128|23.0199
09|08|0|135|2.9|19.3|135|20.7|65.0|0.00|0.02|43.5127|23.0199
09|09|0|45|4.8|19.3|135|20.7|65.2|0.00|0.02|43.5148|23.0199
09|10|0|90|2.9|19.3|135|19.8|65.2|0.00|0.02|43.5148|21.8075
09|11|0|45|1.5|19.3|135|20.6|65.3|0.00|0.02|43.5139|23.0199
09|12|0|45|1.5|19.3|135|21.2|65.5|0.00|0.02|43.5129|24.1796
09|13|0|135|6.5|19.3|135|21.7|65.6|0.00|0.02|43.5122|24.1796
09|14|0|90|3.2|19.3|135|21.4|65.6|0.00|0.02|43.5137|24.1796
09|16|0|90|5.8|19.3|135|21.1|65.8|0.00|0.02|43.5104|24.1796
09|17|0|90|2.9|19.3|135|20.3|65.9|0.00|0.02|43.5101|23.0199
09|18|0|90|7.3|19.3|135|19.1|65.9|0.00|0.02|43.5085|21.8075
09|19|0|45|4.8|19.3|135|19.9|66.0|0.00|0.02|43.5089|22.6284
09|20|0|45|2.9|19.3|135|20.2|66.0|0.00|0.02|43.51|23.8455
09|21|0|45|4.8|19.3|135|20.7|66.1|0.00|0.02|43.5103|23.8455
09|22|0|135|4.8|19.3|135|21.4|66.2|0.00|0.02|43.5104|25.0099
09|23|0|203|4.8|19.3|135|21.2|66.2|0.00|0.02|43.5092|25.0099
09|24|0|45|3.2|19.3|135|21.9|66.4|0.00|0.02|43.511|25.0099
09|25|0|90|4.4|19.3|135|21.0|66.3|0.00|0.02|43.5074|25.0099
09|27|0|270|1.5|19.3|135|21.9|66.5|0.00|0.02|43.5096|25.0099
09|29|0|180|8.0|19.3|135|23.0|66.9|0.00|0.02|43.5089|27.1982
09|30|0|180|1.6|19.3|135|22.4|67.1|0.00|0.02|43.513|26.9604
09|31|0|135|4.8|19.3|135|22.3|67.2|0.00|0.02|43.5128|26.9604
09|32|0|90|4.4|19.3|135|22.3|67.3|0.00|0.02|43.5146|26.9604
09|33|0|135|6.4|19.3|135|22.2|67.3|0.00|0.02|43.5123|26.9604
09|34|0|90|1.5|19.3|135|21.9|67.4|0.00|0.02|43.5131|25.8398
09|35|0|180|5.8|19.3|135|21.3|67.4|0.00|0.02|43.5137|25.8398
09|37|0|135|2.9|19.3|135|23.0|67.7|0.00|0.02|43.5099|28.0368
09|38|0|135|5.8|19.3|135|22.4|67.8|0.00|0.02|43.5103|26.9604
09|40|0|90|3.2|19.3|135|21.7|67.8|0.00|0.02|43.5105|25.8398
09|41|0|135|8.7|19.3|135|22.4|67.9|0.00|0.02|43.5078|26.9604
09|42|0|135|8.7|19.3|135|21.8|67.8|0.00|0.02|43.5069|25.8398
09|43|0|135|1.5|19.3|135|21.4|67.8|0.00|0.02|43.5075|25.8398
09|44|0|90|7.3|19.3|135|21.7|67.8|0.00|0.02|43.5076|25.8398
09|45|0|135|5.8|19.3|135|21.5|67.7|0.00|0.02|43.5056|25.8398
09|46|0|180|7.3|19.3|135|21.2|67.6|0.00|0.02|43.5032|25.8398
09|47|0|180|7.3|19.3|135|21.7|67.6|0.00|0.02|43.5051|25.8398
09|48|0|135|5.8|19.3|135|22.1|67.7|0.00|0.02|43.5052|26.9604
09|49|0|135|2.9|19.3|135|21.9|67.7|0.00|0.02|43.5034|25.8398
09|51|0|135|2.9|19.3|135|22.6|68.0|0.00|0.02|43.5015|27.7945
09|53|0|90|1.5|19.3|135|23.4|68.2|0.00|0.02|43.4997|28.8752
09|54|0|135|2.9|19.3|135|23.6|68.5|0.00|0.02|43.5016|28.8752
09|55|0|90|10.2|19.3|135|22.7|68.7|0.00|0.02|43.5011|27.7945
09|56|0|135|6.5|19.3|135|23.3|68.7|0.00|0.02|43.5011|28.8752
09|57|0|45|2.9|19.3|135|21.8|68.8|0.00|0.02|43.4997|26.6695
09|58|0|180|3.2|19.3|135|22.4|68.9|0.00|0.02|43.5008|27.7945
09|59|0|180|4.4|19.3|135|21.7|69.0|0.00|0.02|43.5013|27.4988
10|00|0|180|2.9|19.3|135|21.9|69.1|0.00|0.02|43.5011|27.4988
10|01|0|270|2.9|19.3|135|21.7|69.4|0.00|0.02|43.4997|27.4988
10|02|0|180|5.8|19.3|135|20.9|69.4|0.00|0.02|43.4947|26.3207
10|03|0|180|4.4|19.3|135|21.2|69.6|0.00|0.02|43.4925|27.4988
10|05|0|180|4.4|19.3|135|21.1|69.7|0.00|0.02|43.4924|27.4988
10|06|0|135|8.1|19.3|135|20.7|69.8|0.00|0.02|43.4906|26.3207
10|07|0|135|2.9|19.3|135|19.8|69.7|0.00|0.02|43.4919|25.0891
10|09|0|90|4.4|19.3|135|19.9|70.1|0.00|0.02|43.4872|25.9087
10|10|0|135|2.9|19.3|135|19.9|70.4|0.00|0.02|43.4908|25.9087
10|11|0|135|2.9|19.3|135|20.0|70.5|0.00|0.02|43.4866|27.145
10|13|0|135|3.2|19.3|135|20.3|70.7|0.00|0.02|43.4857|27.145
10|14|0|135|7.3|19.3|135|19.9|70.7|0.00|0.02|43.4837|25.9087
10|15|0|90|4.4|19.3|135|19.7|70.8|0.00|0.02|43.4895|25.9087
10|17|0|90|4.4|19.3|135|19.2|71.2|0.00|0.02|43.4904|26.7279
10|18|0|135|4.4|19.3|135|19.6|71.2|0.00|0.02|43.4885|26.7279
10|19|0|113|1.6|19.3|135|19.3|71.2|0.00|0.02|43.4895|26.7279
10|20|0|90|2.9|19.3|135|18.6|71.2|0.00|0.02|43.4902|25.4275
10|21|0|90|6.5|19.3|135|18.7|71.0|0.00|0.02|43.4872|25.4275
10|23|0|90|3.2|19.3|135|18.5|71.0|0.00|0.02|43.4884|25.4275
10|24|0|0|1.5|19.3|135|18.5|71.2|0.00|0.02|43.4867|25.4275
10|25|0|113|2.9|19.3|135|19.6|71.5|0.00|0.02|43.4899|26.7279
10|26|0|90|2.9|19.3|135|18.9|71.6|0.00|0.02|43.4873|25.4275
10|27|0|135|2.9|19.3|135|18.9|71.7|0.00|0.02|43.489|25.4275
10|28|0|135|1.5|19.3|135|18.3|71.8|0.00|0.02|43.4888|25.4275
10|29|0|180|3.2|19.3|135|18.6|72.1|0.00|0.02|43.4893|26.2414
10|30|0|135|3.2|19.3|135|18.7|72.3|0.00|0.02|43.4891|26.2414
10|31|0|158|5.8|19.3|135|18.4|72.4|0.00|0.02|43.4902|26.2414
10|33|0|135|1.6|19.3|135|17.6|72.7|0.00|0.02|43.4912|24.87
10|36|0|0|4.4|19.3|135|17.7|73.1|0.00|0.02|43.4837|25.6782
10|37|0|45|1.5|19.3|135|16.7|73.2|0.00|0.02|43.4844|24.2279
10|38|0|90|2.9|19.3|135|17.5|73.3|0.00|0.02|43.4831|25.6782
10|39|0|113|4.4|19.3|135|17.5|73.5|0.00|0.02|43.4809|25.6782
10|40|0|90|2.9|19.3|135|17.8|73.7|0.00|0.02|43.484|25.6782
10|41|0|90|1.5|19.3|135|16.0|73.7|0.00|0.02|43.4829|24.2279
10|42|0|90|2.9|19.3|135|16.5|74.0|0.00|0.02|43.486|25.0302
10|44|0|90|1.6|19.3|135|16.0|74.1|0.00|0.02|43.4848|25.0302
10|45|0|90|3.2|19.3|135|16.9|74.2|0.00|0.02|43.4854|25.0302
10|46|0|90|3.2|19.3|135|15.9|74.2|0.00|0.02|43.4853|23.4913
10|47|0|180|3.2|19.3|135|15.2|74.4|0.00|0.02|43.4849|23.4913
10|49|0|90|4.4|19.3|135|14.4|74.6|0.00|0.02|43.4857|21.8586
10|50|0|90|1.6|19.3|135|14.4|74.8|0.00|0.02|43.4833|21.8586
10|52|0|225|2.9|19.3|135|15.5|74.9|0.00|0.02|43.4816|23.4913
10|53|0|135|0.0|19.3|135|14.8|75.1|0.00|0.02|43.4835|22.6485
10|54|0|45|2.9|19.3|135|15.7|75.3|0.00|0.02|43.4858|24.2874
10|56|0|45|1.5|19.3|135|17.2|75.4|0.00|0.02|43.4833|27.2936
10|57|0|45|2.9|19.3|135|17.1|75.5|0.00|0.02|43.4799|27.2936
10|58|0|45|1.6|19.3|135|17.0|75.5|0.00|0.02|43.4791|27.2936
10|59|0|45|4.4|19.3|135|16.9|75.8|0.00|0.02|43.4801|25.8321
11|00|0|45|1.5|19.3|135|16.8|75.8|0.00|0.02|43.4779|25.8321
11|01|0|90|0.0|19.3|135|17.9|76.0|0.00|0.02|43.4792|28.1008
11|03|0|180|2.9|19.3|135|15.9|76.3|0.00|0.02|43.478|25.0831
11|04|0|135|1.5|19.3|135|15.6|76.6|0.00|0.02|43.4779|25.0831
11|05|0|90|1.5|19.3|135|14.5|76.7|0.00|0.02|43.4789|23.438
11|07|0|113|2.9|19.3|135|13.8|76.9|0.00|0.02|43.4805|21.6852
11|08|0|180|1.5|19.3|135|15.3|77.2|0.00|0.02|43.4802|25.8784
11|09|0|135|1.5|19.3|135|16.4|77.5|0.00|0.02|43.4799|27.435
11|10|0|90|1.6|19.3|135|15.2|77.8|0.00|0.02|43.481|25.8784
11|11|0|180|2.9|19.3|135|14.1|77.9|0.00|0.02|43.4769|24.2271
11|12|0|90|2.9|19.3|135|13.4|78.2|0.00|0.02|43.4784|23.2498
11|13|0|135|1.6|19.3|135|13.4|78.6|0.00|0.02|43.4804|23.2498
11|14|0|68|2.9|19.3|135|13.6|78.7|0.00|0.02|43.4813|23.2498
11|15|0|158|4.8|19.3|135|12.9|78.8|0.00|0.02|43.4799|21.359
11|16|0|135|3.2|19.3|135|12.4|78.7|0.00|0.02|43.4799|21.359
11|17|0|135|2.9|19.3|135|12.7|78.8|0.00|0.02|43.4777|21.359
11|18|0|113|2.9|19.3|135|13.2|78.9|0.00|0.02|43.4769|23.2498
11|19|0|180|7.3|19.3|135|13.6|79.0|0.00|0.02|43.4721|24.0316
11|21|0|180|0.0|19.3|135|11.9|78.9|0.00|0.02|43.4707|19.3228
11|22|0|45|4.8|19.3|135|12.3|79.1|0.00|0.02|43.465|22.1337
11|23|0|90|1.5|19.3|135|12.8|79.3|0.00|0.02|43.4645|22.1337
11|24|0|180|8.7|19.3|135|12.8|79.4|0.00|0.02|43.4596|22.1337
11|25|0|180|5.8|19.3|135|12.3|79.4|0.00|0.02|43.4625|22.1337
11|27|0|90|3.2|19.3|135|12.4|79.6|0.00|0.02|43.4625|22.1337
11|28|0|68|5.8|19.3|135|12.7|79.7|0.00|0.02|43.4614|22.1337
11|30|0|0|3.2|19.3|135|13.7|79.9|0.00|0.02|43.4596|24.0316
11|31|0|0|1.5|19.3|135|12.8|79.9|0.00|0.02|43.4582|22.1337
11|32|0|45|0.0|19.3|135|12.3|80.2|0.00|0.02|43.4574|22.908
11|33|0|90|1.6|19.3|135|14.0|80.4|0.00|0.02|43.459|26.5923
11|34|0|0|1.5|19.3|135|14.1|80.5|0.00|0.02|43.4586|26.5923
11|35|0|135|2.9|19.3|135|13.3|80.6|0.00|0.02|43.4582|24.813
11|36|0|23|1.5|19.3|135|13.3|80.8|0.00|0.02|43.4596|24.813
11|39|0|45|4.4|19.3|135|14.0|81.1|0.00|0.02|43.46|27.3799
11|40|0|45|7.3|19.3|135|12.3|80.9|0.00|0.02|43.4585|22.908
11|41|0|90|1.5|19.3|135|11.0|80.8|0.00|0.02|43.4555|20.8567
11|42|0|0|1.6|19.3|135|10.8|80.8|0.00|0.02|43.4547|18.6328
11|43|0|315|1.5|19.3|135|10.7|80.7|0.00|0.02|43.4522|18.6328
11|44|0|45|0.0|19.3|135|11.3|80.8|0.00|0.02|43.4539|20.8567
11|45|0|90|1.5|19.3|135|13.1|80.8|0.00|0.02|43.455|24.813
11|46|0|45|0.0|19.3|135|12.7|80.8|0.00|0.02|43.4538|22.908
11|47|0|0|4.4|19.3|135|14.0|80.9|0.00|0.02|43.4554|26.5923
11|50|0|90|4.4|19.3|135|11.8|80.9|0.00|0.02|43.4561|20.8567
11|51|0|45|0.0|19.3|135|11.6|81.2|0.00|0.02|43.4554|21.6231
11|52|0|90|1.6|19.3|135|11.7|81.4|0.00|0.02|43.457|21.6231
11|53|0|135|1.5|19.3|135|12.5|81.7|0.00|0.02|43.46|23.682
11|54|0|180|4.4|19.3|135|12.0|82.1|0.00|0.02|43.4644|24.4555
11|56|0|90|4.4|19.3|135|11.1|82.4|0.00|0.02|43.4616|22.389
11|57|0|135|13.1|19.3|135|13.2|82.6|0.00|0.02|43.4569|26.3746
11|58|0|225|1.5|19.3|135|10.5|82.7|0.00|0.02|43.4612|20.1487
11|59|0|315|2.9|19.3|135|10.3|83.0|0.00|0.02|43.4574|20.906
12|00|0|315|7.3|19.3|135|11.7|83.0|0.00|0.02|43.4626|23.1546
12|02|0|225|1.5|19.3|135|13.3|83.0|0.00|0.02|43.469|27.1548
12|04|0|225|5.8|19.3|135|13.3|83.0|0.00|0.02|43.4691|27.1548
12|05|0|315|4.4|19.3|135|13.3|82.9|0.00|0.02|43.472|26.3746
12|06|0|315|10.2|19.3|135|14.7|82.5|0.00|0.02|43.4716|28.1672
12|07|0|270|7.3|19.3|135|15.4|81.8|0.00|0.02|43.4698|29.0562
12|08|0|315|8.1|19.3|135|14.6|81.2|0.00|0.02|43.4672|27.3799
12|09|0|315|13.1|19.3|135|14.5|80.2|0.00|0.02|43.4589|26.5923
12|10|0|315|2.9|19.3|135|15.5|79.8|0.00|0.02|43.4635|27.4681
12|11|0|315|7.3|19.3|135|18.1|79.6|0.00|0.02|43.4649|31.9288
12|13|0|338|8.7|19.3|135|20.2|79.4|0.00|0.02|43.4621|34.5498
12|14|0|315|8.7|19.3|135|18.3|79.3|0.00|0.02|43.4632|31.9288
12|15|0|315|6.4|19.3|135|16.3|79.1|0.00|0.02|43.462|29.0364
12|16|0|315|7.3|19.3|135|17.8|79.3|0.00|0.02|43.4637|30.5203
12|17|0|315|6.4|19.3|135|18.1|79.4|0.00|0.02|43.4617|31.9288
12|19|0|315|8.7|19.3|135|20.4|79.6|0.00|0.02|43.4644|34.5498
12|20|0|270|5.8|19.3|135|16.9|79.7|0.00|0.02|43.4616|29.0364
12|21|0|0|6.4|19.3|135|17.6|79.8|0.00|0.02|43.4621|30.5203
12|23|0|315|12.9|19.3|135|17.1|79.9|0.00|0.02|43.4588|30.5203
12|24|0|315|11.6|19.3|135|20.4|80.0|0.00|0.02|43.4578|35.371
12|25|0|0|10.2|19.3|135|16.4|79.9|0.00|0.02|43.4572|29.0364
12|26|0|270|8.0|19.3|135|16.8|79.9|0.00|0.02|43.4602|29.0364
12|27|0|315|8.7|19.3|135|15.8|79.9|0.00|0.02|43.4602|27.4681
12|28|0|315|11.6|19.3|135|17.2|79.9|0.00|0.02|43.4597|30.5203
12|29|0|0|7.3|19.3|135|17.4|79.9|0.00|0.02|43.4605|30.5203
12|30|0|315|8.7|19.3|135|17.0|79.8|0.00|0.02|43.458|30.5203
12|32|0|315|5.8|19.3|135|16.5|79.8|0.00|0.02|43.4584|29.0364
12|33|0|0|6.4|19.3|135|18.1|79.9|0.00|0.02|43.4577|31.9288
12|34|0|0|4.4|19.3|135|18.8|79.9|0.00|0.02|43.4577|31.9288
12|35|0|315|11.6|19.3|135|18.6|79.9|0.00|0.02|43.4536|31.9288
12|36|0|315|10.2|19.3|135|16.4|79.8|0.00|0.02|43.4555|29.0364
12|37|0|315|6.4|19.3|135|15.3|79.7|0.00|0.02|43.4554|27.4681
12|38|0|315|7.3|19.3|135|17.3|79.8|0.00|0.02|43.4538|30.5203
12|39|0|315|8.7|19.3|135|17.2|79.9|0.00|0.02|43.4535|30.5203
12|40|0|315|8.1|19.3|135|17.7|80.0|0.00|0.02|43.4557|31.326
12|41|0|315|7.3|19.3|135|17.4|79.9|0.00|0.02|43.4556|30.5203
12|42|0|0|5.8|19.3|135|17.3|80.0|0.00|0.02|43.4556|31.326
12|44|0|0|4.4|19.3|135|17.3|80.0|0.00|0.02|43.4559|31.326
12|45|0|0|7.3|19.3|135|15.5|80.2|0.00|0.02|43.4558|28.2623
12|46|0|315|8.7|19.3|135|16.8|80.0|0.00|0.02|43.4557|29.8366
12|47|0|315|8.7|19.3|135|15.4|79.9|0.00|0.02|43.4524|27.4681
12|48|0|338|7.3|19.3|135|18.2|79.8|0.00|0.02|43.4519|31.9288
12|50|0|0|12.9|19.3|135|17.1|79.7|0.00|0.02|43.4497|30.5203
12|51|0|315|8.1|19.3|135|17.0|79.6|0.00|0.02|43.4552|30.5203
12|52|0|315|5.8|19.3|135|16.0|79.6|0.00|0.02|43.4534|29.0364
12|53|0|315|5.8|19.3|135|18.1|79.8|0.00|0.02|43.4555|31.9288
12|54|0|315|7.3|19.3|135|17.4|79.8|0.00|0.02|43.4543|30.5203
12|55|0|315|9.7|19.3|135|20.0|79.9|0.00|0.02|43.4532|34.5498
12|57|0|315|7.3|19.3|135|15.7|79.9|0.00|0.02|43.4506|27.4681
12|58|0|315|4.4|19.3|135|15.8|79.9|0.00|0.02|43.4497|27.4681
12|59|0|0|7.3|19.3|135|17.7|79.9|0.00|0.02|43.4508|30.5203
13|00|0|315|7.3|19.3|135|18.0|80.0|0.00|0.02|43.4519|32.74
13|01|0|225|4.4|19.3|135|15.1|79.9|0.00|0.02|43.4519|27.4681
13|02|0|315|7.3|19.3|135|17.5|80.0|0.00|0.02|43.4514|31.326
13|03|0|315|8.7|19.3|135|16.5|80.0|0.00|0.02|43.4489|29.8366
13|04|0|315|9.7|19.3|135|16.3|80.2|0.00|0.02|43.4491|29.8366
13|05|0|315|5.8|19.3|135|16.1|80.3|0.00|0.02|43.4505|29.8366
13|06|0|0|4.4|19.3|135|18.0|80.4|0.00|0.02|43.451|32.74
13|07|0|0|11.6|19.3|135|17.2|80.5|0.00|0.02|43.4487|31.326
13|10|0|0|4.4|19.3|135|15.3|80.6|0.00|0.02|43.4508|28.2623
13|11|0|0|4.8|19.3|135|18.5|80.8|0.00|0.02|43.4556|32.74
13|12|0|315|4.4|19.3|135|15.3|80.8|0.00|0.02|43.4545|28.2623
13|13|0|0|2.9|19.3|135|17.6|80.9|0.00|0.02|43.4572|31.326
13|14|0|270|5.8|19.3|135|16.6|81.2|0.00|0.02|43.4559|30.6364
13|15|0|315|11.3|19.3|135|17.3|81.3|0.00|0.02|43.4555|32.1315
13|17|0|0|4.8|19.3|135|16.6|81.4|0.00|0.02|43.4573|30.6364
13|18|0|0|9.7|20.9|0|15.9|81.2|0.00|0.02|43.453|29.0562
13|20|0|315|11.3|20.9|0|18.1|81.1|0.00|0.02|43.4517|33.5508
13|22|0|315|5.8|20.9|0|15.1|80.9|0.00|0.02|43.4523|28.2623
13|25|0|315|11.6|20.9|0|19.7|81.1|0.00|0.02|43.452|34.902
13|26|0|315|7.3|20.9|0|17.0|81.1|0.00|0.02|43.4528|32.1315
13|27|0|0|9.7|20.9|0|15.5|80.9|0.00|0.02|43.4497|28.2623
13|28|0|0|6.4|20.9|0|16.5|81.1|0.00|0.02|43.4516|30.6364
13|29|0|315|7.3|20.9|0|16.6|81.3|0.00|0.02|43.4517|30.6364
13|30|0|315|4.4|20.9|0|16.6|81.4|0.00|0.02|43.4533|30.6364
13|31|0|0|2.9|20.9|0|16.1|81.4|0.00|0.02|43.4547|30.6364
13|32|0|315|7.3|20.9|0|18.2|81.7|0.00|0.02|43.4568|33.5508
13|33|0|315|6.4|20.9|0|15.4|81.7|0.00|0.02|43.4558|29.0562
13|34|0|0|6.5|20.9|0|14.8|81.8|0.00|0.02|43.4578|27.3799
13|35|0|315|5.8|20.9|0|15.6|81.8|0.00|0.02|43.4579|29.0562
13|37|0|0|3.2|20.9|0|15.8|82.1|0.00|0.02|43.4594|29.8497
13|38|0|315|10.2|20.9|0|16.3|81.8|0.00|0.02|43.4561|30.6364
13|39|0|0|5.8|20.9|0|15.9|82.0|0.00|0.02|43.4597|29.8497
13|40|0|315|6.5|20.9|0|16.6|82.0|0.00|0.02|43.4575|31.4358
13|41|0|315|6.4|20.9|0|16.7|81.8|0.00|0.02|43.4572|30.6364
13|43|0|0|5.8|20.9|0|15.7|81.8|0.00|0.02|43.4566|29.0562
13|45|0|315|7.3|20.9|0|16.8|82.0|0.00|0.02|43.4572|31.4358
13|46|0|0|7.3|20.9|0|16.3|82.0|0.00|0.02|43.4558|31.4358
13|48|0|0|5.8|20.9|0|15.6|81.8|0.00|0.02|43.4541|29.0562
13|49|0|0|3.2|20.9|0|15.8|81.8|0.00|0.02|43.4524|29.0562
13|50|0|0|2.9|20.9|0|14.3|82.0|0.00|0.02|43.4535|28.1672
13|52|0|315|8.1|20.9|0|14.5|82.0|0.00|0.02|43.4523|28.1672
13|53|0|315|7.3|20.9|0|13.3|81.6|0.00|0.02|43.448|25.594
13|54|0|315|5.8|20.9|0|16.6|81.6|0.00|0.02|43.4484|30.6364
13|55|0|0|4.4|20.9|0|17.2|81.7|0.00|0.02|43.4487|32.1315
13|56|0|0|8.1|20.9|0|16.3|81.8|0.00|0.02|43.4499|30.6364
13|57|0|0|4.4|20.9|0|15.7|82.0|0.00|0.02|43.4528|29.8497
13|58|0|0|4.4|20.9|0|14.6|82.2|0.00|0.02|43.4523|28.1672
13|59|0|315|11.3|20.9|0|15.3|82.3|0.00|0.02|43.448|29.8497
14|00|0|270|11.6|20.9|0|16.7|82.3|0.00|0.02|43.45|31.4358
14|01|0|315|5.8|20.9|0|15.7|82.3|0.00|0.02|43.4519|29.8497
14|02|0|270|1.5|20.9|0|13.2|82.4|0.00|0.02|43.4489|26.3746
14|03|0|315|4.4|20.9|0|12.2|82.6|0.00|0.02|43.4457|24.4555
14|04|0|315|7.3|20.9|0|15.2|82.5|0.00|0.02|43.4489|29.8497
14|05|0|315|4.4|20.9|0|15.8|82.5|0.00|0.02|43.4493|29.8497
14|07|0|0|5.8|20.9|0|15.9|82.5|0.00|0.02|43.4482|29.8497
14|08|0|0|8.7|20.9|0|13.3|82.3|0.00|0.02|43.4487|26.3746
14|09|0|0|5.8|20.9|0|12.2|82.3|0.00|0.02|43.4503|24.4555
14|10|0|0|7.3|20.9|0|16.0|82.3|0.00|0.02|43.4512|31.4358
14|11|0|315|5.8|20.9|0|14.9|82.2|0.00|0.02|43.4497|28.1672
14|12|0|315|3.2|20.9|0|13.4|82.0|0.00|0.02|43.4505|26.3746
14|13|0|315|7.3|20.9|0|14.2|82.0|0.00|0.02|43.4497|28.1672
14|14|0|0|4.4|20.9|0|15.3|81.8|0.00|0.02|43.4497|29.0562
14|15|0|338|2.9|20.9|0|13.6|82.0|0.00|0.02|43.4498|26.3746
14|16|0|23|4.4|20.9|0|14.6|82.1|0.00|0.02|43.4493|28.1672
14|17|0|0|1.5|20.9|0|12.7|82.2|0.00|0.02|43.4469|24.4555
14|18|0|45|2.9|20.9|0|13.7|82.3|0.00|0.02|43.4455|26.3746
14|19|0|0|11.3|20.9|0|14.5|82.2|0.00|0.02|43.4408|28.1672
14|21|0|0|14.5|20.9|0|14.2|82.1|0.00|0.02|43.4405|28.1672
14|22|0|0|4.8|20.9|0|14.3|82.0|0.00|0.02|43.4438|28.1672
14|23|0|0|2.9|20.9|0|14.4|82.2|0.00|0.02|43.4421|28.1672
14|24|0|315|5.8|20.9|0|16.0|82.2|0.00|0.02|43.4419|31.4358
14|25|0|0|6.4|20.9|0|13.4|81.8|0.00|0.02|43.4422|25.594
14|26|0|45|7.3|20.9|0|13.3|81.8|0.00|0.02|43.4395|25.594
14|27|0|0|4.4|20.9|0|15.1|82.0|0.00|0.02|43.4411|29.8497
14|28|0|0|3.2|20.9|0|13.6|82.0|0.00|0.02|43.4391|26.3746
14|29|0|0|11.3|20.9|0|13.1|81.7|0.00|0.02|43.446|25.594
14|30|0|45|1.6|20.9|0|14.1|81.6|0.00|0.02|43.4395|27.3799
14|32|0|315|8.7|20.9|0|14.0|81.6|0.00|0.02|43.4353|27.3799
14|34|0|0|7.3|20.9|0|14.4|81.6|0.00|0.02|43.4362|27.3799
14|35|0|0|6.5|20.9|0|13.5|81.6|0.00|0.02|43.4364|25.594
14|36|0|0|4.4|20.9|0|12.3|81.6|0.00|0.02|43.4358|23.682
14|37|0|0|0.0|20.9|0|11.9|81.8|0.00|0.02|43.4357|21.6231
14|38|0|0|13.1|20.9|0|15.0|82.0|0.00|0.02|43.4334|29.8497
14|39|0|0|11.6|20.9|0|14.5|81.7|0.00|0.02|43.4317|27.3799
14|40|0|0|5.8|20.9|0|12.4|81.7|0.00|0.02|43.4327|23.682
14|41|0|0|4.4|20.9|0|12.8|81.6|0.00|0.02|43.4331|23.682
14|42|0|0|8.7|20.9|0|14.8|81.5|0.00|0.02|43.4293|27.3799
14|43|0|315|4.8|20.9|0|14.0|81.6|0.00|0.02|43.4296|27.3799
14|44|0|315|8.1|20.9|0|14.5|81.6|0.00|0.02|43.4318|27.3799
14|46|0|315|7.3|20.9|0|14.1|81.8|0.00|0.02|43.4304|27.3799
14|47|0|270|8.7|20.9|0|17.3|81.8|0.00|0.02|43.4323|32.1315
14|48|0|315|7.3|20.9|0|15.6|81.8|0.00|0.02|43.4314|29.0562
14|51|0|0|4.4|20.9|0|16.1|82.1|0.00|0.02|43.4319|31.4358
14|52|0|0|2.9|20.9|0|14.1|82.3|0.00|0.02|43.4239|28.1672
14|53|0|45|1.5|20.9|0|12.6|82.4|0.00|0.02|43.4194|24.4555
14|54|0|315|16.0|20.9|0|14.0|82.4|0.00|0.02|43.4131|28.1672
14|55|0|0|5.8|20.9|0|15.4|82.4|0.00|0.02|43.4189|29.8497
14|56|0|315|5.8|20.9|0|14.9|82.5|0.00|0.02|43.42|28.1672
14|57|0|315|8.7|20.9|0|14.9|82.6|0.00|0.02|43.4181|28.1672
14|59|0|315|7.3|20.9|0|13.8|82.5|0.00|0.02|43.4184|26.3746
15|00|0|315|10.2|20.9|0|15.0|82.5|0.00|0.02|43.4183|29.8497
15|01|0|0|7.3|20.9|0|14.1|82.3|0.00|0.02|43.4213|28.1672
15|02|0|0|11.6|20.9|0|15.4|82.2|0.00|0.02|43.42|29.8497
15|04|0|0|8.7|20.9|0|12.7|82.1|0.00|0.02|43.4175|24.4555
15|05|0|0|8.1|20.9|0|13.8|82.0|0.00|0.02|43.4217|26.3746
15|07|0|315|7.3|20.9|0|14.8|81.8|0.00|0.02|43.4194|27.3799
15|08|0|0|8.1|20.9|0|14.2|81.6|0.00|0.02|43.4227|27.3799
15|09|0|0|5.8|20.9|0|16.0|81.6|0.00|0.02|43.4243|30.6364
15|10|0|45|8.7|20.9|0|14.1|81.7|0.00|0.02|43.4208|27.3799
15|11|0|0|5.8|20.9|0|12.9|81.7|0.00|0.02|43.4236|23.682
15|12|0|0|7.3|20.9|0|15.3|81.7|0.00|0.02|43.4193|29.0562
15|13|0|315|8.1|20.9|0|14.9|81.6|0.00|0.02|43.4206|27.3799
15|14|0|315|13.1|20.9|0|13.2|81.5|0.00|0.02|43.4226|25.594
15|15|0|338|7.3|20.9|0|15.5|81.6|0.00|0.02|43.4249|29.0562
15|17|0|338|6.4|20.9|0|13.3|81.6|0.00|0.02|43.4232|25.594
15|18|0|315|10.2|20.9|0|13.2|81.7|0.00|0.02|43.4197|25.594
15|19|0|315|4.8|20.9|0|13.0|81.8|0.00|0.02|43.421|25.594
15|20|0|0|4.8|20.9|0|12.7|82.0|0.00|0.02|43.4163|24.4555
15|21|0|0|9.7|20.9|0|15.5|82.0|0.00|0.02|43.4197|29.8497
15|22|0|0|11.6|20.9|0|12.6|82.0|0.00|0.02|43.4166|24.4555
15|23|0|0|13.1|20.9|0|12.5|81.8|0.00|0.02|43.4183|23.682
15|24|0|315|5.8|20.9|0|12.8|81.8|0.00|0.02|43.4197|23.682
15|25|0|0|7.3|20.9|0|12.8|81.7|0.00|0.02|43.4189|23.682
15|26|0|0|7.3|20.9|0|13.3|81.6|0.00|0.02|43.4177|25.594
15|27|0|0|7.3|20.9|0|13.9|81.6|0.00|0.02|43.4182|25.594
15|28|0|315|5.8|20.9|0|13.0|81.5|0.00|0.02|43.4189|25.594
15|29|0|315|11.3|20.9|0|13.1|81.4|0.00|0.02|43.4165|25.594
15|32|0|0|6.4|20.9|0|13.9|81.7|0.00|0.02|43.4123|25.594
15|33|0|0|6.4|20.9|0|16.3|82.1|0.00|0.02|43.4122|31.4358
15|34|0|45|5.8|20.9|0|14.0|82.1|0.00|0.02|43.4052|28.1672
15|35|0|0|7.3|20.9|0|14.3|82.3|0.00|0.02|43.4052|28.1672
15|36|0|0|8.7|20.9|0|14.4|82.4|0.00|0.02|43.4063|28.1672
15|37|0|338|7.3|20.9|0|16.1|82.5|0.00|0.02|43.4065|31.4358
15|38|0|315|8.1|20.9|0|14.4|82.5|0.00|0.02|43.407|28.1672
15|39|0|315|10.2|20.9|0|14.1|82.5|0.00|0.02|43.4058|28.1672
15|40|0|0|7.3|20.9|0|15.0|82.6|0.00|0.02|43.4061|29.8497
15|41|0|0|12.9|20.9|0|15.7|82.6|0.00|0.02|43.4069|29.8497
15|42|0|315|5.8|20.9|0|13.1|82.5|0.00|0.02|43.4093|26.3746
15|43|0|0|7.3|20.9|0|13.1|82.5|0.00|0.02|43.4076|26.3746
15|45|0|315|5.8|20.9|0|15.5|82.5|0.00|0.02|43.4065|29.8497
15|46|0|315|6.4|20.9|0|16.2|82.7|0.00|0.02|43.4053|31.4358
15|48|0|315|10.2|20.9|0|15.9|83.1|0.00|0.02|43.4083|30.6429
15|49|0|315|4.8|20.9|0|14.1|83.2|0.00|0.02|43.4067|28.9541
15|50|0|315|5.8|20.9|0|12.9|83.2|0.00|0.02|43.4048|25.2286
15|51|0|0|8.7|20.9|0|13.1|83.2|0.00|0.02|43.4036|27.1548
15|52|0|315|5.8|20.9|0|12.4|83.2|0.00|0.02|43.404|25.2286
15|53|0|315|7.3|20.9|0|15.5|83.2|0.00|0.02|43.4031|30.6429
15|54|0|315|6.5|20.9|0|14.2|83.1|0.00|0.02|43.404|28.9541
15|56|0|0|7.3|20.9|0|13.5|83.2|0.00|0.02|43.4039|27.1548
15|57|0|0|8.7|20.9|0|12.6|83.0|0.00|0.02|43.402|25.2286
15|59|0|0|7.3|20.9|0|12.1|82.9|0.00|0.02|43.4008|24.4555
16|00|0|0|7.3|20.9|0|13.7|82.9|0.00|0.02|43.403|26.3746
16|01|0|315|4.4|20.9|0|13.7|82.7|0.00|0.02|43.4011|26.3746
16|02|0|0|7.3|20.9|0|12.7|82.6|0.00|0.02|43.3981|24.4555
16|04|0|0|8.7|20.9|0|13.3|82.4|0.00|0.02|43.3992|26.3746
16|05|0|0|4.4|20.9|0|12.9|82.4|0.00|0.02|43.4014|24.4555
16|06|0|0|7.3|20.9|0|12.8|82.4|0.00|0.02|43.4016|24.4555
16|07|0|338|2.9|20.9|0|13.3|82.4|0.00|0.02|43.3996|26.3746
16|08|0|315|4.4|20.9|0|14.9|82.4|0.00|0.02|43.4002|28.1672
16|09|0|0|5.8|20.9|0|14.2|82.5|0.00|0.02|43.3986|28.1672
16|10|0|0|13.1|20.9|0|14.3|82.5|0.00|0.02|43.3977|28.1672
16|12|0|0|5.8|20.9|0|12.4|82.4|0.00|0.02|43.3992|24.4555
16|13|0|315|8.1|20.9|0|13.6|82.3|0.00|0.02|43.3975|26.3746
16|14|0|315|11.6|20.9|0|14.6|82.2|0.00|0.02|43.3977|28.1672
16|15|0|315|8.7|20.9|0|13.9|82.2|0.00|0.02|43.3975|26.3746
16|16|0|270|4.4|20.9|0|13.8|82.2|0.00|0.02|43.3996|26.3746
16|17|0|315|5.8|20.9|0|13.0|82.2|0.00|0.02|43.3993|26.3746
16|18|0|0|2.9|20.9|0|15.3|82.4|0.00|0.02|43.4|29.8497
16|19|0|315|4.4|20.9|0|14.0|82.5|0.00|0.02|43.3988|28.1672
16|20|0|0|4.4|20.9|0|12.7|82.6|0.00|0.02|43.3981|24.4555
16|21|0|315|7.3|20.9|0|13.8|82.6|0.00|0.02|43.393|26.3746
16|22|0|315|4.8|20.9|0|11.9|82.6|0.00|0.02|43.3938|22.389
16|23|0|0|7.3|20.9|0|12.2|82.7|0.00|0.02|43.3928|24.4555
16|24|0|338|7.3|20.9|0|13.8|82.6|0.00|0.02|43.3945|26.3746
16|28|0|0|6.4|20.9|0|15.2|82.5|0.00|0.02|43.3957|29.8497
16|29|0|315|3.2|20.9|0|12.9|82.6|0.00|0.02|43.3925|24.4555
16|30|0|0|2.9|20.9|0|12.8|82.7|0.00|0.02|43.3936|24.4555
16|32|0|315|7.3|20.9|0|14.1|83.1|0.00|0.02|43.3943|28.9541
16|35|0|0|2.9|20.9|0|13.5|83.3|0.00|0.02|43.395|27.1548
16|36|0|315|4.4|20.9|0|13.4|83.4|0.00|0.02|43.3928|27.1548
16|37|0|338|5.8|20.9|0|12.9|83.5|0.00|0.02|43.3959|25.2286
16|39|0|315|5.8|20.9|0|13.3|83.5|0.00|0.02|43.3928|27.1548
16|40|0|0|10.2|20.9|0|13.1|83.5|0.00|0.02|43.3914|27.1548
16|42|0|0|5.8|20.9|0|12.3|83.3|0.00|0.02|43.3909|25.2286
16|43|0|315|11.6|20.9|0|12.9|83.2|0.00|0.02|43.3898|25.2286
16|44|0|315|5.8|20.9|0|13.7|83.1|0.00|0.02|43.389|27.1548
16|45|0|315|8.7|20.9|0|12.3|82.7|0.00|0.02|43.3863|24.4555
16|46|0|315|5.8|20.9|0|12.9|82.6|0.00|0.02|43.3872|24.4555
16|47|0|315|5.8|20.9|0|13.2|82.5|0.00|0.02|43.3858|26.3746
16|48|0|0|6.5|20.9|0|14.5|82.6|0.00|0.02|43.388|28.1672
16|49|0|0|5.8|20.9|0|14.4|82.6|0.00|0.02|43.3887|28.1672
16|51|0|270|6.4|20.9|0|12.5|82.6|0.00|0.02|43.3877|24.4555
16|52|0|270|1.5|20.9|0|11.1|82.7|0.00|0.02|43.3854|22.389
16|54|0|315|4.4|20.9|0|13.5|83.0|0.00|0.02|43.3875|27.1548
16|55|0|0|7.3|20.9|0|13.9|83.0|0.00|0.02|43.3865|27.1548
16|56|0|0|8.7|20.9|0|15.1|83.0|0.00|0.02|43.3881|30.6429
16|57|0|315|2.9|20.9|0|13.7|83.0|0.00|0.02|43.3856|27.1548
16|58|0|0|11.3|20.9|0|14.6|83.1|0.00|0.02|43.3841|28.9541
16|59|0|0|7.3|20.9|0|11.8|82.9|0.00|0.02|43.3818|22.389
17|00|0|0|10.2|20.9|0|12.2|82.7|0.00|0.02|43.3807|24.4555
17|01|0|0|8.7|20.9|0|13.8|82.5|0.00|0.02|43.3805|26.3746
17|02|0|0|7.3|20.9|0|12.4|82.3|0.00|0.02|43.3785|24.4555
17|03|0|0|7.3|20.9|0|12.4|82.2|0.00|0.02|43.3805|24.4555
17|04|0|0|4.4|20.9|0|12.8|82.1|0.00|0.02|43.3797|24.4555
17|06|0|270|4.4|20.9|0|14.0|82.2|0.00|0.02|43.3808|28.1672
17|07|0|338|3.2|20.9|0|13.1|82.3|0.00|0.02|43.3802|26.3746
17|08|0|315|5.8|20.9|0|15.4|82.3|0.00|0.02|43.3787|29.8497
17|10|0|0|4.4|20.9|0|13.9|82.4|0.00|0.02|43.3787|26.3746
17|11|0|179|8.7|20.9|0|14.9|82.5|0.00|0.02|43.3792|28.1672
17|12|0|315|6.4|20.9|0|12.5|82.5|0.00|0.02|43.3792|24.4555
17|13|0|315|5.8|20.9|0|11.9|82.6|0.00|0.02|43.38|22.389
17|14|0|0|4.8|20.9|0|14.0|82.7|0.00|0.02|43.3812|28.1672
17|15|0|0|4.4|20.9|0|13.5|82.7|0.00|0.02|43.3813|26.3746
17|16|0|0|5.8|20.9|0|14.0|82.7|0.00|0.02|43.3818|28.1672
17|17|0|315|5.8|20.9|0|14.3|82.6|0.00|0.02|43.3785|28.1672
17|18|0|315|5.8|20.9|0|15.7|82.7|0.00|0.02|43.3823|29.8497
17|19|0|270|5.8|20.9|0|13.7|82.6|0.00|0.02|43.3829|26.3746
17|20|0|315|6.4|20.9|0|14.8|82.7|0.00|0.02|43.3818|28.1672
17|21|0|315|2.9|20.9|0|13.7|82.9|0.00|0.02|43.3846|26.3746
17|22|0|0|9.7|20.9|0|14.6|82.9|0.00|0.02|43.3831|28.1672
17|24|0|270|5.8|20.9|0|12.1|82.9|0.00|0.02|43.3824|24.4555
17|25|0|338|3.2|20.9|0|10.4|82.9|0.00|0.02|43.3828|20.1487
17|26|0|0|4.4|20.9|0|11.7|83.1|0.00|0.02|43.3845|23.1546
17|27|0|315|1.6|20.9|0|12.6|83.0|0.00|0.02|43.3832|25.2286
17|28|0|0|4.8|20.9|0|12.0|83.1|0.00|0.02|43.3836|25.2286
17|29|0|0|3.2|20.9|0|12.8|83.2|0.00|0.02|43.3839|25.2286
17|30|0|0|5.8|20.9|0|14.3|83.3|0.00|0.02|43.3849|28.9541
17|31|0|0|3.2|20.9|0|12.2|83.2|0.00|0.02|43.3822|25.2286
17|35|0|0|8.1|20.9|0|12.9|83.1|0.00|0.02|43.3816|25.2286
17|37|0|0|6.4|20.9|0|11.9|83.0|0.00|0.02|43.3805|23.1546
17|38|0|0|5.8|20.9|0|12.1|82.9|0.00|0.02|43.3793|24.4555
17|39|0|0|7.3|20.9|0|12.4|82.7|0.00|0.02|43.377|24.4555
17|40|0|0|9.7|20.9|0|12.1|82.5|0.00|0.02|43.3746|24.4555
17|41|0|0|7.3|20.9|0|13.3|82.4|0.00|0.02|43.3751|26.3746
17|43|0|270|7.3|20.9|0|15.7|82.3|0.00|0.02|43.3767|29.8497
17|44|0|338|4.4|20.9|0|14.3|82.2|0.00|0.02|43.3779|28.1672
17|45|0|315|4.4|20.9|0|13.8|82.2|0.00|0.02|43.3789|26.3746
17|46|0|315|4.4|20.9|0|13.1|82.3|0.00|0.02|43.3792|26.3746
17|47|0|315|2.9|20.9|0|15.8|82.4|0.00|0.02|43.3799|29.8497
17|48|0|315|4.4|20.9|0|13.0|82.5|0.00|0.02|43.3797|26.3746
17|50|0|315|3.2|20.9|0|14.0|82.6|0.00|0.02|43.3792|28.1672
17|53|0|315|4.4|20.9|0|12.3|83.1|0.00|0.02|43.3816|25.2286
17|54|0|315|2.9|20.9|0|11.9|83.2|0.00|0.02|43.3825|23.1546
17|55|0|315|2.9|20.9|0|12.5|83.3|0.00|0.02|43.3814|25.2286
17|56|0|315|2.9|20.9|0|12.2|83.3|0.00|0.02|43.3817|25.2286
17|57|0|315|2.9|20.9|0|12.5|83.3|0.00|0.02|43.381|25.2286
17|58|0|315|4.4|20.9|0|14.9|83.3|0.00|0.02|43.3816|28.9541
17|59|0|270|2.9|20.9|0|11.3|83.2|0.00|0.02|43.3802|23.1546
18|00|0|225|2.9|20.9|0|11.1|83.3|0.00|0.02|43.3794|23.1546
18|02|0|315|2.9|20.9|0|10.8|83.4|0.00|0.02|43.3807|20.906
18|03|0|270|1.5|20.9|0|10.6|83.5|0.00|0.02|43.3814|20.906
18|04|0|315|4.8|20.9|0|14.2|83.5|0.00|0.02|43.3812|28.9541
18|05|0|0|5.8|20.9|0|11.6|83.5|0.00|0.02|43.38|23.1546
18|06|0|0|4.8|20.9|0|11.7|83.4|0.00|0.02|43.3809|23.1546
18|07|0|0|4.4|20.9|0|11.7|83.3|0.00|0.02|43.3822|23.1546
18|08|0|45|1.5|20.9|0|11.0|83.4|0.00|0.02|43.3806|23.1546
18|09|0|0|1.6|20.9|0|11.1|83.4|0.00|0.02|43.3817|23.1546
18|10|0|0|1.5|20.9|0|12.1|83.3|0.00|0.02|43.3862|25.2286
18|11|0|315|4.8|20.9|0|12.9|83.3|0.00|0.02|43.3793|25.2286
18|12|0|0|4.4|20.9|0|13.5|83.2|0.00|0.02|43.381|27.1548
18|13|0|338|3.2|20.9|0|12.4|83.1|0.00|0.02|43.3798|25.2286
18|14|0|315|2.9|20.9|0|12.3|83.0|0.00|0.02|43.3856|25.2286
18|17|0|315|2.9|20.9|0|14.2|82.5|0.00|0.02|43.3817|28.1672
18|18|0|179|2.9|20.9|0|13.2|82.2|0.00|0.02|43.3846|26.3746
18|19|0|0|2.9|20.9|0|11.2|82.0|0.00|0.02|43.3735|22.389
18|20|0|315|2.9|20.9|0|10.3|81.8|0.00|0.02|43.376|19.3909
18|21|0|315|1.6|20.9|0|12.0|82.0|0.00|0.02|43.3739|24.4555
18|22|0|315|2.9|20.9|0|14.3|82.0|0.00|0.02|43.3742|28.1672
18|23|0|23|4.4|20.9|0|11.7|82.0|0.00|0.02|43.3761|22.389
18|24|0|315|2.9|20.9|0|12.8|82.0|0.00|0.02|43.3762|24.4555
18|25|0|315|7.3|20.9|0|13.7|82.0|0.00|0.02|43.3753|26.3746
18|26|0|0|4.4|20.9|0|12.4|81.8|0.00|0.02|43.3745|23.682
18|27|0|315|3.2|20.9|0|13.1|81.8|0.00|0.02|43.3773|25.594
18|28|0|0|4.4|20.9|0|14.5|81.8|0.00|0.02|43.3751|27.3799
18|30|0|338|7.3|20.9|0|12.5|81.7|0.00|0.02|43.3766|23.682
18|31|0|315|4.4|20.9|0|12.1|81.5|0.00|0.02|43.3745|23.682
18|33|0|0|4.4|20.9|0|13.4|81.6|0.00|0.02|43.38|25.594
18|34|0|315|2.9|20.9|0|14.2|81.6|0.00|0.02|43.3764|27.3799
18|35|0|0|5.8|20.9|0|13.3|81.5|0.00|0.02|43.3754|25.594
18|36|0|0|5.8|20.9|0|11.3|81.5|0.00|0.02|43.3776|21.6231
18|37|0|0|5.8|20.9|0|13.1|81.6|0.00|0.02|43.3775|25.594
18|38|0|315|2.9|20.9|0|13.3|81.6|0.00|0.02|43.3771|25.594
18|39|0|0|2.9|20.9|0|14.4|81.7|0.00|0.02|43.3792|27.3799
18|40|0|315|4.4|20.9|0|14.8|81.7|0.00|0.02|43.3778|27.3799
18|41|0|315|4.8|20.9|0|16.0|81.7|0.00|0.02|43.3763|30.6364
18|42|0|0|4.4|20.9|0|15.9|81.7|0.00|0.02|43.3809|29.0562
18|43|0|315|2.9|20.9|0|15.7|81.7|0.00|0.02|43.3778|29.0562
18|44|0|0|2.9|20.9|0|15.5|81.7|0.00|0.02|43.3786|29.0562
18|46|0|0|2.9|20.9|0|17.0|81.7|0.00|0.02|43.3806|32.1315
18|47|0|0|2.9|20.9|0|15.7|81.7|0.00|0.02|43.3792|29.0562
18|48|0|0|2.9|20.9|0|14.5|81.6|0.00|0.02|43.3813|27.3799
18|49|0|338|6.5|20.9|0|13.0|81.6|0.00|0.02|43.3791|25.594
18|50|0|315|5.8|20.9|0|14.0|81.4|0.00|0.02|43.3831|27.3799
18|51|0|315|4.4|20.9|0|16.0|81.3|0.00|0.02|43.3836|30.6364
18|52|0|315|1.5|20.9|0|13.8|81.2|0.00|0.02|43.383|25.594
18|53|0|0|5.8|20.9|0|13.7|81.1|0.00|0.02|43.3855|25.594
18|55|0|0|8.1|20.9|0|12.7|80.7|0.00|0.02|43.3839|22.908
18|57|0|0|4.4|20.9|0|12.7|80.4|0.00|0.02|43.3803|22.908
19|00|0|0|5.8|20.9|0|13.3|80.2|0.00|0.02|43.3794|24.813
19|01|0|0|5.8|20.9|0|13.6|80.0|0.00|0.02|43.3802|24.813
19|03|0|315|5.8|20.9|0|15.2|79.8|0.00|0.02|43.3807|27.4681
19|04|0|0|2.9|20.9|0|15.4|79.8|0.00|0.02|43.3813|27.4681
19|05|0|0|4.4|20.9|0|13.3|79.7|0.00|0.02|43.3814|24.0316
19|07|0|338|8.7|20.9|0|13.1|79.6|0.00|0.02|43.3789|24.0316
19|09|0|0|8.1|20.9|0|13.1|79.5|0.00|0.02|43.3799|24.0316
19|10|0|0|7.3|20.9|0|13.7|79.5|0.00|0.02|43.3783|24.0316
19|11|0|315|8.1|20.9|0|13.2|79.4|0.00|0.02|43.3791|24.0316
19|12|0|0|10.2|20.9|0|13.6|79.1|0.00|0.02|43.3761|24.0316
19|13|0|0|10.2|20.9|0|13.3|79.0|0.00|0.02|43.3768|24.0316
19|14|0|0|6.4|20.9|0|14.1|79.0|0.00|0.02|43.3797|25.8042
19|15|0|0|4.4|20.9|0|13.1|78.9|0.00|0.02|43.377|23.2498
19|16|0|315|14.5|20.9|0|13.1|78.8|0.00|0.02|43.3766|23.2498
19|18|0|45|13.1|20.9|0|13.2|78.7|0.00|0.02|43.3761|23.2498
19|19|0|0|7.3|20.9|0|13.3|78.6|0.00|0.02|43.3791|23.2498
19|21|0|0|5.8|20.9|0|13.9|78.6|0.00|0.02|43.3792|23.2498
19|22|0|0|7.3|20.9|0|13.5|78.5|0.00|0.02|43.3779|23.2498
19|23|0|315|6.4|20.9|0|13.5|78.4|0.00|0.02|43.3785|23.2498
19|24|0|0|7.3|20.9|0|14.6|78.4|0.00|0.02|43.3809|25.0159
19|25|0|0|5.8|20.9|0|15.1|78.2|0.00|0.02|43.3812|26.6734
19|26|0|0|4.8|20.9|0|15.8|78.1|0.00|0.02|43.3848|26.6734
19|27|0|315|4.8|20.9|0|16.9|78.1|0.00|0.02|43.3841|28.2359
19|28|0|0|5.8|20.9|0|15.5|77.9|0.00|0.02|43.385|25.8784
19|29|0|0|7.3|20.9|0|14.4|77.9|0.00|0.02|43.3873|24.2271
19|30|0|0|6.4|6.4|0|14.8|77.8|0.00|0.00|43.3873|24.2271
19|32|0|0|5.8|8.1|315|15.0|77.8|0.00|0.00|43.3903|25.8784
19|33|0|0|8.7|18.9|0|14.6|77.6|0.00|0.00|43.3906|24.2271
19|34|0|315|8.7|18.9|0|14.9|77.5|0.00|0.00|43.3946|24.2271
19|35|0|0|2.9|18.9|0|14.7|77.2|0.00|0.00|43.3984|24.2271
19|36|0|0|7.3|18.9|0|15.6|77.1|0.00|0.00|43.4005|25.8784
19|37|0|315|8.7|18.9|0|16.1|76.9|0.00|0.00|43.3977|26.6337
19|38|0|338|4.8|18.9|0|16.5|76.7|0.00|0.00|43.3983|26.6337
19|39|0|315|2.9|18.9|0|18.4|76.6|0.00|0.00|43.3985|29.4934
19|40|0|315|2.9|18.9|0|17.6|76.3|0.00|0.00|43.4004|28.1008
19|41|0|0|8.7|18.9|0|16.2|76.1|0.00|0.00|43.3979|26.6337
19|43|0|0|5.8|18.9|0|16.6|75.9|0.00|0.00|43.3979|25.8321
19|44|0|315|8.1|18.9|0|15.9|75.8|0.00|0.00|43.3989|24.2874
19|45|0|315|4.4|18.9|0|15.8|75.7|0.00|0.00|43.4011|24.2874
19|46|0|338|3.2|18.9|0|16.3|75.4|0.00|0.00|43.3997|25.8321
19|47|0|315|4.4|18.9|0|16.5|75.3|0.00|0.00|43.4007|25.8321
19|49|0|0|4.8|18.9|0|16.3|75.3|0.00|0.00|43.4004|25.8321
19|50|0|0|3.2|18.9|0|16.1|75.1|0.00|0.00|43.3978|25.8321
19|52|0|338|2.9|18.9|0|16.8|75.0|0.00|0.00|43.4032|25.8321
19|54|0|0|4.8|18.9|0|17.4|74.9|0.00|0.00|43.4027|26.4861
19|55|0|315|5.8|18.9|0|17.8|74.8|0.00|0.00|43.4045|26.4861
19|56|0|0|4.8|18.9|0|17.5|74.6|0.00|0.00|43.4043|26.4861
19|57|0|0|4.4|18.9|0|17.1|74.5|0.00|0.00|43.4049|26.4861
19|58|0|0|7.3|18.9|0|17.8|74.4|0.00|0.00|43.4052|26.4861
19|59|0|0|4.4|18.9|0|17.4|74.2|0.00|0.00|43.4056|26.4861
20|00|0|315|5.8|18.9|0|16.6|74.1|0.00|0.00|43.4065|25.0302
20|01|0|315|4.4|18.9|0|16.9|74.0|0.00|0.00|43.4074|25.0302
20|02|0|338|4.4|18.9|0|16.7|73.9|0.00|0.00|43.4087|24.2279
20|03|0|0|5.8|18.9|0|16.7|73.9|0.00|0.00|43.4081|24.2279
20|05|0|0|5.8|18.9|0|16.6|73.7|0.00|0.00|43.4086|24.2279
20|06|0|0|4.8|18.9|0|17.0|73.7|0.00|0.00|43.4089|25.6782
20|07|0|0|4.8|18.9|0|17.1|73.6|0.00|0.00|43.4085|25.6782
20|08|0|0|3.2|18.9|0|16.7|73.6|0.00|0.00|43.4094|24.2279
20|11|0|315|4.4|18.9|0|17.7|73.4|0.00|0.00|43.4101|25.6782
20|12|0|315|2.9|18.9|0|17.7|73.4|0.00|0.00|43.411|25.6782
20|13|0|315|8.0|18.9|0|17.6|73.3|0.00|0.00|43.4092|25.6782
20|15|0|315|2.9|18.9|0|17.7|73.1|0.00|0.00|43.4113|25.6782
20|16|0|338|4.4|18.9|0|18.9|73.0|0.00|0.00|43.4112|27.0549
20|17|0|0|3.2|18.9|0|18.8|72.8|0.00|0.00|43.4102|26.2414
20|19|0|315|4.4|18.9|0|19.1|72.7|0.00|0.00|43.4122|27.5468
20|20|0|0|2.9|18.9|0|18.1|72.5|0.00|0.00|43.4128|26.2414
20|21|0|0|3.2|18.9|0|19.5|72.4|0.00|0.00|43.4115|27.5468
20|22|0|315|4.4|18.9|0|20.3|72.3|0.00|0.00|43.4119|28.7928
20|23|0|0|4.4|18.9|0|19.2|72.1|0.00|0.00|43.4133|27.5468
20|24|0|315|4.4|18.9|0|19.5|71.8|0.00|0.00|43.416|26.7279
20|26|0|315|4.4|18.9|0|18.5|71.7|0.00|0.00|43.4194|25.4275
20|27|0|0|2.9|18.9|0|20.4|71.7|0.00|0.00|43.4215|27.9691
20|28|0|0|4.8|18.9|0|19.9|71.6|0.00|0.00|43.4217|26.7279
20|29|0|315|4.4|18.9|0|19.7|71.6|0.00|0.00|43.424|26.7279
20|30|0|0|2.9|18.9|0|19.4|71.4|0.00|0.00|43.4236|26.7279
20|31|0|315|2.9|18.9|0|20.0|71.3|0.00|0.00|43.4242|27.9691
20|32|0|270|1.5|18.9|0|20.2|71.2|0.00|0.00|43.4238|27.9691
20|33|0|315|3.2|18.9|0|20.0|70.9|0.00|0.00|43.4216|27.145
20|34|0|315|2.9|18.9|0|20.0|70.8|0.00|0.00|43.4237|27.145
20|35|0|270|3.2|18.9|0|20.3|70.6|0.00|0.00|43.4216|27.145
20|37|0|315|4.4|18.9|0|19.7|70.5|0.00|0.00|43.4216|25.9087
20|38|0|315|2.9|18.9|0|19.9|70.4|0.00|0.00|43.4204|25.9087
20|40|0|315|4.4|18.9|0|19.3|70.1|0.00|0.00|43.4215|25.9087
20|41|0|0|3.2|18.9|0|19.0|70.0|0.00|0.00|43.4198|25.9087
20|42|0|315|1.6|18.9|0|19.7|70.0|0.00|0.00|43.4235|25.9087
20|43|0|315|4.4|18.9|0|20.1|70.0|0.00|0.00|43.4219|27.145
20|44|0|315|2.9|18.9|0|20.5|69.9|0.00|0.00|43.4228|26.3207
20|46|0|315|4.4|18.9|0|20.0|69.8|0.00|0.00|43.4231|26.3207
20|48|0|270|1.6|18.9|0|20.3|69.8|0.00|0.00|43.4246|26.3207
20|49|0|315|4.4|18.9|0|19.8|69.7|0.00|0.00|43.4231|25.0891
20|50|0|270|4.4|18.9|0|20.3|69.7|0.00|0.00|43.4245|26.3207
20|52|0|270|1.5|18.9|0|21.9|69.7|0.00|0.00|43.4259|27.4988
20|53|0|315|1.6|18.9|0|20.9|69.6|0.00|0.00|43.4245|26.3207
20|54|0|315|1.6|18.9|0|20.6|69.5|0.00|0.00|43.426|26.3207
20|57|0|315|2.9|18.9|0|21.1|69.4|0.00|0.00|43.4271|27.4988
20|58|0|315|2.9|18.9|0|20.9|69.2|0.00|0.00|43.4263|26.3207
20|59|0|315|1.5|18.9|0|21.1|69.2|0.00|0.00|43.4286|27.4988
21|01|0|270|0.0|18.9|0|21.4|69.0|0.00|0.00|43.4299|27.4988
21|02|0|315|1.5|18.9|0|20.7|68.9|0.00|0.00|43.4309|25.496
21|03|0|270|1.5|18.9|0|21.0|68.9|0.00|0.00|43.4327|26.6695
21|04|0|315|1.5|18.9|0|20.0|68.8|0.00|0.00|43.4328|25.496
21|05|0|315|1.6|18.9|0|20.1|68.8|0.00|0.00|43.4347|25.496
21|06|0|315|1.5|18.9|0|20.1|68.8|0.00|0.00|43.4358|25.496
21|07|0|270|1.6|18.9|0|20.5|68.8|0.00|0.00|43.4374|25.496
21|08|0|0|1.5|18.9|0|20.2|68.7|0.00|0.00|43.4373|25.496
21|10|0|315|2.9|18.9|0|20.7|68.7|0.00|0.00|43.4382|25.496
21|11|0|315|4.4|18.9|0|20.8|68.6|0.00|0.00|43.4379|25.496
21|12|0|270|1.5|18.9|0|20.5|68.6|0.00|0.00|43.436|25.496
21|13|0|270|1.5|18.9|0|19.8|68.6|0.00|0.00|43.4367|24.2692
21|14|0|315|1.5|18.9|0|20.1|68.6|0.00|0.00|43.438|25.496
21|15|0|315|1.5|18.9|0|20.3|68.6|0.00|0.00|43.4401|25.496
21|16|0|270|1.5|18.9|0|19.9|68.6|0.00|0.00|43.4407|24.2692
21|17|0|270|0.0|18.9|0|19.7|68.6|0.00|0.00|43.4416|24.2692
21|18|0|225|1.5|18.9|0|20.0|68.6|0.00|0.00|43.4421|25.496
21|19|0|225|1.5|18.9|0|20.4|68.5|0.00|0.00|43.4447|25.496
21|22|0|270|1.5|18.9|0|20.2|68.5|0.00|0.00|43.4462|25.496
21|23|0|270|1.5|18.9|0|19.9|68.5|0.00|0.00|43.4458|24.2692
21|24|0|270|0.0|18.9|0|19.8|68.5|0.00|0.00|43.4469|24.2692
21|25|0|225|0.0|18.9|0|20.0|68.5|0.00|0.00|43.4502|25.496
21|26|0|225|0.0|18.9|0|20.2|68.5|0.00|0.00|43.4485|25.496
21|27|0|225|1.6|18.9|0|20.9|68.5|0.00|0.00|43.4519|25.496
21|29|0|180|1.5|18.9|0|21.5|68.3|0.00|0.00|43.4529|26.6695
21|30|0|225|1.6|18.9|0|21.2|68.5|0.00|0.00|43.4563|26.6695
21|31|0|158|1.5|18.9|0|19.9|68.3|0.00|0.00|43.4542|24.2692
21|32|0|270|0.0|18.9|0|20.2|68.2|0.00|0.00|43.4555|25.496
21|33|0|270|1.6|18.9|0|19.8|68.2|0.00|0.00|43.4586|24.2692
21|35|0|225|0.0|18.9|0|19.2|68.2|0.00|0.00|43.4586|24.2692
21|36|0|270|0.0|18.9|0|19.4|68.1|0.00|0.00|43.4593|24.2692
21|39|0|225|0.0|18.9|0|19.6|68.0|0.00|0.00|43.4603|24.2692
21|40|0|0|3.2|18.9|0|18.9|68.0|0.00|0.00|43.4603|22.9839
21|41|0|270|1.6|18.9|0|18.4|67.9|0.00|0.00|43.4604|22.1687
21|42|0|315|1.5|18.9|0|18.4|67.9|0.00|0.00|43.4621|22.1687
21|43|0|0|1.5|18.9|0|19.7|67.8|0.00|0.00|43.4607|23.449
21|44|0|315|0.0|18.9|0|19.4|67.8|0.00|0.00|43.461|23.449
21|45|0|315|1.5|18.9|0|19.1|67.7|0.00|0.00|43.46|23.449
21|46|0|315|0.0|18.9|0|18.9|67.7|0.00|0.00|43.4609|22.1687
21|47|0|315|0.0|18.9|0|18.9|67.6|0.00|0.00|43.4604|22.1687
21|49|0|0|1.5|18.9|0|20.1|67.6|0.00|0.00|43.4609|24.6709
21|50|0|0|0.0|18.9|0|21.5|67.4|0.00|0.00|43.462|25.8398
21|51|0|0|2.9|18.9|0|21.4|67.3|0.00|0.00|43.4614|25.8398
21|52|0|0|0.0|18.9|0|21.1|67.2|0.00|0.00|43.4641|25.8398
21|53|0|270|0.0|18.9|0|19.4|67.1|0.00|0.00|43.466|23.449
21|54|0|270|0.0|18.9|0|18.8|67.0|0.00|0.00|43.4652|22.1687
21|55|0|270|0.0|18.9|0|18.6|66.9|0.00|0.00|43.4652|21.3531
21|56|0|45|0.0|18.9|0|18.5|66.9|0.00|0.00|43.4676|21.3531
21|57|0|45|1.6|18.9|0|18.3|66.8|0.00|0.00|43.4672|21.3531
21|58|0|45|0.0|18.9|0|18.3|66.7|0.00|0.00|43.4701|21.3531
21|59|0|45|2.9|18.9|0|18.8|66.7|0.00|0.00|43.4715|21.3531
22|01|0|45|0.0|18.9|0|18.9|66.5|0.00|0.00|43.4722|21.3531
22|02|0|45|0.0|18.9|0|18.6|66.5|0.00|0.00|43.4721|21.3531
22|03|0|90|1.5|18.9|0|18.4|66.4|0.00|0.00|43.4728|21.3531
22|04|0|135|0.0|18.9|0|19.0|66.4|0.00|0.00|43.4718|22.6284
22|05|0|135|0.0|18.9|0|19.6|66.3|0.00|0.00|43.4747|22.6284
22|06|0|135|0.0|18.9|0|20.2|66.3|0.00|0.00|43.4736|23.8455
22|07|0|135|0.0|18.9|0|20.5|66.2|0.00|0.00|43.4747|23.8455
22|08|0|45|1.5|18.9|0|21.4|66.2|0.00|0.00|43.4757|25.0099
22|09|0|45|1.6|18.9|0|22.4|66.1|0.00|0.00|43.4754|26.1261
22|10|0|45|1.5|18.9|0|22.3|66.0|0.00|0.00|43.4753|26.1261
22|13|0|90|1.6|18.9|0|21.5|65.9|0.00|0.00|43.4753|24.1796
22|14|0|90|0.0|18.9|0|20.9|65.8|0.00|0.00|43.4756|23.0199
22|16|0|90|0.0|18.9|0|21.1|65.5|0.00|0.00|43.4732|24.1796
22|17|0|90|1.5|18.9|0|21.4|65.4|0.00|0.00|43.4738|24.1796
22|18|0|90|0.0|18.9|0|21.5|65.3|0.00|0.00|43.4731|24.1796
22|19|0|45|0.0|18.9|0|21.6|65.2|0.00|0.00|43.4746|24.1796
22|20|0|45|0.0|18.9|0|21.9|65.1|0.00|0.00|43.4733|24.1796
22|21|0|45|0.0|18.9|0|22.6|65.0|0.00|0.00|43.477|25.2914
22|22|0|90|1.5|18.9|0|22.7|64.9|0.00|0.00|43.4788|24.4564
22|23|0|135|1.6|18.9|0|22.8|64.7|0.00|0.00|43.4815|24.4564
22|24|0|135|0.0|18.9|0|23.8|64.5|0.00|0.00|43.4799|25.52
22|25|0|0|1.5|18.9|0|23.7|64.5|0.00|0.00|43.4832|25.52
22|26|0|45|0.0|18.9|0|23.8|64.3|0.00|0.00|43.4809|25.52
22|27|0|135|1.5|18.9|0|23.8|64.2|0.00|0.00|43.4813|25.52
22|29|0|180|1.6|18.9|0|24.4|64.1|0.00|0.00|43.4829|26.5434
22|30|0|180|0.0|18.9|0|24.2|64.0|0.00|0.00|43.4819|26.5434
22|31|0|180|0.0|18.9|0|24.2|64.0|0.00|0.00|43.4831|26.5434
22|32|0|180|2.9|18.9|0|24.6|63.8|0.00|0.00|43.4825|25.6997
22|33|0|135|1.6|18.9|0|24.7|63.7|0.00|0.00|43.481|25.6997
22|34|0|135|0.0|18.9|0|24.1|63.6|0.00|0.00|43.4853|25.6997
22|35|0|90|2.9|18.9|0|23.7|63.6|0.00|0.00|43.4847|24.6804
22|36|0|90|2.9|18.9|0|23.8|63.5|0.00|0.00|43.4844|24.6804
22|37|0|90|1.5|18.9|0|23.9|63.5|0.00|0.00|43.4837|24.6804
22|39|0|135|1.5|18.9|0|23.9|63.4|0.00|0.00|43.486|24.6804
22|40|0|135|0.0|18.9|0|24.2|63.4|0.00|0.00|43.4849|25.6997
22|42|0|135|0.0|18.9|0|25.0|63.4|0.00|0.00|43.4883|26.6821
22|44|0|90|1.5|18.9|0|25.5|63.2|0.00|0.00|43.4867|26.6821
22|46|0|90|1.5|18.9|0|25.2|63.2|0.00|0.00|43.4898|26.6821
22|47|0|90|0.0|18.9|0|25.0|63.0|0.00|0.00|43.4886|26.6821
22|48|0|90|1.5|18.9|0|25.3|62.9|0.00|0.00|43.4915|25.8342
22|50|0|180|1.5|18.9|0|25.4|62.9|0.00|0.00|43.4911|25.8342
22|51|0|180|0.0|18.9|0|25.9|62.8|0.00|0.00|43.4922|25.8342
22|52|0|180|0.0|18.9|0|26.3|62.7|0.00|0.00|43.4935|26.7786
22|53|0|180|0.0|18.9|0|26.3|62.5|0.00|0.00|43.4925|26.7786
22|54|0|135|1.5|18.9|0|26.1|62.4|0.00|0.00|43.4941|26.7786
22|55|0|135|0.0|18.9|0|26.1|62.4|0.00|0.00|43.4946|26.7786
22|56|0|135|1.6|18.9|0|26.1|62.3|0.00|0.00|43.4964|26.7786
22|57|0|135|0.0|18.9|0|26.3|62.2|0.00|0.00|43.4968|26.7786
22|58|0|135|0.0|18.9|0|26.4|62.0|0.00|0.00|43.4984|26.7786
22|59|0|135|0.0|18.9|0|26.4|61.9|0.00|0.00|43.4995|25.9266
23|00|0|315|0.0|18.9|0|26.6|61.9|0.00|0.00|43.5003|25.9266
23|02|0|90|1.6|18.9|0|29.1|61.8|0.00|0.00|43.5|28.5676
23|03|0|90|1.5|18.9|0|27.8|61.7|0.00|0.00|43.4996|26.8356
23|05|0|90|1.5|18.9|0|27.9|61.5|0.00|0.00|43.4976|26.8356
23|06|0|90|1.6|18.9|0|28.1|61.4|0.00|0.00|43.4981|27.7153
23|07|0|90|2.9|18.9|0|29.3|61.2|0.00|0.00|43.4981|28.5676
23|08|0|180|1.6|18.9|0|28.8|61.1|0.00|0.00|43.5004|27.7153
23|09|0|180|1.5|18.9|0|28.8|61.0|0.00|0.00|43.4992|27.7153
23|10|0|180|0.0|18.9|0|28.6|60.9|0.00|0.00|43.4985|26.8558
23|11|0|180|1.6|18.9|0|28.5|60.8|0.00|0.00|43.4971|26.8558
23|13|0|180|1.5|18.9|0|28.1|60.7|0.00|0.00|43.4978|26.8558
23|14|0|180|0.0|18.9|0|28.0|60.7|0.00|0.00|43.4967|26.8558
23|15|0|180|0.0|18.9|0|28.1|60.7|0.00|0.00|43.4974|26.8558
23|16|0|0|1.5|18.9|0|30.7|60.6|0.00|0.00|43.4979|28.528
23|17|0|0|1.5|18.9|0|32.6|60.6|0.00|0.00|43.4969|30.1042
23|18|0|0|0.0|18.9|0|32.4|60.5|0.00|0.00|43.4954|30.1042
23|19|0|90|1.5|18.9|0|32.4|60.3|0.00|0.00|43.4962|30.1042
23|21|0|90|1.5|18.9|0|32.5|60.2|0.00|0.00|43.4956|30.1042
23|22|0|90|0.0|18.9|0|30.2|60.1|0.00|0.00|43.4935|28.528
23|23|0|135|1.5|18.9|0|29.2|60.1|0.00|0.00|43.4941|27.7047
23|24|0|180|0.0|18.9|0|30.7|60.0|0.00|0.00|43.4941|28.528
23|25|0|180|1.5|18.9|0|31.9|59.9|0.00|0.00|43.4953|28.4575
23|27|0|180|1.5|18.9|0|29.7|59.9|0.00|0.00|43.4984|26.8414
23|28|0|135|1.5|18.9|0|29.1|59.9|0.00|0.00|43.4963|26.8414
23|29|0|90|2.9|18.9|0|28.4|59.9|0.00|0.00|43.4931|25.996
23|31|0|315|0.0|18.9|0|29.0|59.8|0.00|0.00|43.4929|26.8414
23|32|0|0|1.5|18.9|0|33.1|59.8|0.00|0.00|43.4935|29.9837
23|34|0|0|0.0|18.9|0|34.3|59.7|0.00|0.00|43.4935|30.7164
23|35|0|0|0.0|18.9|0|32.4|59.6|0.00|0.00|43.4927|29.2311
23|36|0|90|1.5|18.9|0|30.4|59.6|0.00|0.00|43.4914|27.6614
23|37|0|90|0.0|18.9|0|29.6|59.5|0.00|0.00|43.4914|26.8414
23|38|0|90|0.0|18.9|0|29.9|59.5|0.00|0.00|43.4889|26.8414
23|40|0|315|0.0|18.9|0|30.4|59.3|0.00|0.00|43.4924|27.6614
23|41|0|315|0.0|18.9|0|30.4|59.5|0.00|0.00|43.4956|27.6614
23|42|0|225|0.0|18.9|0|30.8|59.3|0.00|0.00|43.4942|27.6614
23|43|0|315|0.0|18.9|0|31.3|59.3|0.00|0.00|43.4925|28.4575
23|44|0|45|1.5|18.9|0|32.2|59.3|0.00|0.00|43.4915|29.2311
23|45|0|45|1.6|18.9|0|32.9|59.3|0.00|0.00|43.4902|29.2311
23|46|0|90|4.4|18.9|0|35.3|59.2|0.00|0.00|43.4911|31.4302
23|48|0|45|0.0|18.9|0|38.6|58.9|0.00|0.00|43.4919|32.5777
23|49|0|45|0.0|18.9|0|39.4|58.8|0.00|0.00|43.4931|33.2228
23|51|0|270|0.0|18.9|0|39.5|58.7|0.00|0.00|43.4928|33.2228
23|52|0|225|2.9|18.9|0|39.5|58.5|0.00|0.00|43.4952|33.2228
23|53|0|0|0.0|18.9|0|38.0|58.3|0.00|0.00|43.4954|32.5777
23|54|0|315|0.0|18.9|0|35.6|58.2|0.00|0.00|43.5001|30.5478
23|55|0|180|1.5|18.9|0|35.6|58.1|0.00|0.00|43.5033|30.5478
23|56|0|135|1.6|18.9|0|36.1|58.0|0.00|0.00|43.5023|31.241
23|57|0|45|0.0|18.9|0|35.2|57.9|0.00|0.00|43.5003|29.6652
23|58|0|45|0.0|18.9|0|35.5|57.8|0.00|0.00|43.4994|29.6652
23|59|0|23|0.0|18.9|0|35.5|57.8|0.00|0.00|43.4994|29.6652
