00|00|0|270|1.5|7.3|270|90.7|36.8|0.02|0.08|43.1812|33.3613
00|00|0|270|0.0|7.3|270|90.7|36.8|0.02|0.08|43.1789|33.3613
00|02|0|270|1.5|7.3|270|90.8|36.8|0.02|0.08|43.1778|33.3613
00|03|0|315|1.5|7.3|270|90.8|36.7|0.02|0.08|43.1762|33.3613
00|04|0|315|2.9|7.3|270|90.8|36.7|0.02|0.08|43.175|33.3613
00|06|0|270|1.5|7.3|270|90.8|36.7|0.02|0.08|43.1695|33.3613
00|06|0|270|2.9|7.3|270|90.8|36.7|0.02|0.08|43.1701|33.3613
00|07|0|270|1.6|7.3|270|90.9|36.6|0.02|0.08|43.1685|33.3613
00|08|0|270|0.0|7.3|270|90.9|36.7|0.02|0.08|43.1695|33.3613
00|09|0|270|1.5|7.3|270|90.8|36.6|0.02|0.08|43.1651|33.3613
00|10|0|45|1.5|7.3|270|90.9|36.6|0.02|0.08|43.1631|33.3613
00|11|0|45|1.5|7.3|270|90.9|36.7|0.02|0.08|43.165|33.3613
00|14|0|225|4.8|8.1|225|90.9|36.6|0.02|0.08|43.1737|33.3613
00|14|0|225|2.9|8.1|225|90.9|36.6|0.01|0.08|43.177|33.3613
00|16|0|180|1.6|8.1|225|91.1|36.6|0.01|0.08|43.1757|33.6365
00|17|0|225|0.0|8.1|225|91.1|36.6|0.01|0.08|43.1698|33.6365
00|18|0|0|1.5|8.1|225|91.1|36.6|0.01|0.08|43.1679|33.6365
00|19|0|0|0.0|8.1|225|91.1|36.6|0.01|0.08|43.1704|33.6365
00|20|0|270|1.6|8.1|225|91.0|36.7|0.01|0.08|43.1742|33.6365
00|21|0|225|1.5|8.1|225|90.9|36.7|0.01|0.08|43.175|33.3613
00|23|0|45|1.6|8.1|225|90.8|36.7|0.01|0.08|43.1719|33.3613
00|24|0|90|1.6|8.1|225|90.7|36.7|0.01|0.08|43.1683|33.3613
00|24|0|0|1.5|8.1|225|90.7|36.6|0.01|0.08|43.1639|33.3613
00|25|0|270|1.6|8.1|225|90.6|36.6|0.01|0.08|43.1713|33.3613
00|27|0|225|1.5|8.1|225|90.5|36.6|0.01|0.08|43.1746|33.3613
00|28|0|180|1.5|8.1|225|90.5|36.6|0.00|0.08|43.1765|33.3613
00|29|0|180|1.6|8.1|225|90.5|36.6|0.00|0.08|43.1734|33.3613
00|29|0|180|1.5|8.1|225|90.5|36.5|0.00|0.08|43.169|33.3613
00|31|0|0|2.9|8.1|225|90.5|36.5|0.00|0.08|43.1656|33.3613
00|31|0|23|3.2|8.1|225|90.6|36.4|0.00|0.08|43.1602|33.3613
00|32|0|45|1.5|8.1|225|90.6|36.4|0.00|0.08|43.1626|33.3613
00|33|0|180|0.0|8.1|225|90.6|36.4|0.00|0.08|43.1678|33.3613
00|34|0|225|1.5|8.1|225|90.5|36.4|0.00|0.08|43.1676|33.3613
00|36|0|0|2.9|8.1|225|90.5|36.3|0.00|0.08|43.1617|33.3613
00|37|0|0|2.9|8.1|225|90.6|36.3|0.00|0.08|43.1592|33.3613
00|38|0|0|1.6|8.1|225|90.6|36.2|0.00|0.08|43.1575|33.3613
00|40|0|180|1.5|8.1|225|90.5|36.2|0.00|0.08|43.1614|33.3613
00|40|0|180|4.4|8.1|225|90.5|36.0|0.00|0.08|43.1611|33.3613
00|41|0|180|1.6|8.1|225|90.7|36.0|0.00|0.08|43.1571|33.3613
00|42|0|315|1.5|8.1|225|90.8|36.0|0.00|0.08|43.1476|33.3613
00|43|0|338|2.9|8.1|225|91.0|35.9|0.00|0.08|43.1411|32.6475
00|44|0|315|2.9|8.1|225|91.0|35.8|0.00|0.08|43.1364|32.6475
00|45|0|270|1.6|8.1|225|90.8|35.7|0.00|0.08|43.1388|32.3735
00|47|0|225|4.4|8.1|225|90.6|35.7|0.00|0.08|43.1449|32.3735
00|47|0|180|4.4|8.1|225|90.6|35.7|0.00|0.08|43.1545|32.3735
00|48|0|180|2.9|8.1|225|91.1|35.6|0.00|0.08|43.1572|32.6475
00|49|0|225|1.5|8.1|225|91.5|35.6|0.00|0.08|43.1524|32.6475
00|51|0|0|1.5|8.1|225|91.5|35.6|0.00|0.08|43.1455|32.6475
00|52|0|315|1.5|8.1|225|91.6|35.7|0.00|0.08|43.1398|32.6475
00|53|0|270|2.9|8.1|225|91.7|35.7|0.00|0.08|43.1366|32.6475
00|54|0|270|1.5|8.1|225|91.8|35.7|0.00|0.08|43.1382|32.6475
00|56|0|270|2.9|8.1|225|91.9|35.7|0.00|0.08|43.1371|32.6475
00|57|0|270|1.6|8.1|225|92.0|35.7|0.00|0.08|43.1398|32.9188
00|57|0|270|3.2|8.1|225|92.1|35.7|0.00|0.08|43.1413|32.9188
00|58|0|225|4.4|8.1|225|92.2|35.7|0.00|0.08|43.1428|32.9188
00|59|0|270|1.5|8.1|225|92.3|35.7|0.00|0.08|43.1433|32.9188
01|00|0|315|2.9|8.1|225|92.3|35.7|0.00|0.08|43.1412|32.9188
01|01|0|315|1.5|8.1|225|92.3|35.7|0.00|0.08|43.1429|32.9188
01|02|0|270|1.6|8.1|225|92.3|35.7|0.00|0.08|43.1411|32.9188
01|03|0|270|2.9|8.1|225|92.2|35.7|0.00|0.08|43.1426|32.9188
01|04|0|315|1.5|8.1|225|92.1|35.7|0.00|0.08|43.1424|32.9188
01|10|0|315|0.0|8.1|225|91.7|35.8|0.00|0.08|43.138|32.6475
01|12|0|315|0.0|8.1|225|91.6|35.8|0.00|0.08|43.1361|32.6475
01|14|0|315|0.0|8.1|225|91.6|35.8|0.00|0.08|43.1354|32.6475
01|15|0|315|1.5|8.1|225|91.5|35.8|0.00|0.08|43.1348|32.6475
01|16|0|315|1.5|8.1|225|91.5|35.8|0.00|0.08|43.1392|32.6475
01|16|0|315|1.5|8.1|225|91.5|35.8|0.00|0.08|43.1384|32.6475
01|19|0|315|0.0|8.1|225|91.4|35.7|0.00|0.08|43.1332|32.6475
01|19|0|315|1.5|8.1|225|91.2|35.7|0.00|0.08|43.1319|32.6475
01|21|0|315|1.6|8.1|225|91.1|35.7|0.00|0.08|43.1299|32.6475
01|21|0|315|0.0|8.1|225|90.9|35.7|0.00|0.08|43.1294|32.3735
01|22|0|315|0.0|8.1|225|90.8|35.7|0.00|0.08|43.1306|32.3735
01|23|0|315|0.0|8.1|225|90.8|35.7|0.00|0.08|43.1326|32.3735
01|24|0|315|0.0|8.1|225|90.7|35.6|0.00|0.08|43.1297|32.3735
01|25|0|315|0.0|8.1|225|90.7|35.6|0.00|0.08|43.1263|32.3735
01|26|0|315|1.5|8.1|225|90.7|35.6|0.00|0.08|43.1238|32.3735
01|27|0|315|2.9|8.1|225|90.8|35.5|0.00|0.08|43.1212|32.3735
01|29|0|315|2.9|8.1|225|90.9|35.5|0.01|0.09|43.1217|32.3735
01|30|0|0|2.9|8.1|225|91.0|35.4|0.01|0.09|43.1203|32.6475
01|32|0|0|0.0|8.1|225|91.2|35.4|0.01|0.09|43.1223|32.6475
01|32|0|0|1.5|8.1|225|91.3|35.4|0.01|0.09|43.1188|32.6475
01|33|0|0|1.5|8.1|225|91.4|35.3|0.01|0.09|43.1172|32.6475
01|36|0|0|1.5|8.1|225|91.7|35.3|0.01|0.09|43.1178|32.6475
01|36|0|0|1.6|8.1|225|91.7|35.2|0.01|0.09|43.1197|32.6475
01|37|0|270|1.5|8.1|225|91.6|35.2|0.01|0.09|43.1247|32.6475
01|38|0|270|1.5|8.1|225|91.5|35.2|0.01|0.09|43.1268|32.6475
01|39|0|270|0.0|8.1|225|91.6|35.2|0.01|0.09|43.1246|32.6475
01|40|0|270|0.0|8.1|225|91.6|35.2|0.01|0.09|43.1193|32.6475
01|42|0|270|0.0|8.1|225|91.5|35.2|0.01|0.09|43.1131|32.6475
01|44|0|270|0.0|8.1|225|91.5|35.2|0.01|0.09|43.1101|32.6475
01|45|0|0|1.6|8.1|225|91.6|35.2|0.01|0.09|43.111|32.6475
01|47|0|0|0.0|8.1|225|91.6|35.3|0.01|0.09|43.1109|32.6475
01|48|0|0|0.0|8.1|225|91.6|35.3|0.01|0.09|43.1111|32.6475
01|50|0|225|1.5|8.1|225|91.6|35.3|0.01|0.09|43.1113|32.6475
01|51|0|225|0.0|8.1|225|91.6|35.3|0.01|0.09|43.1072|32.6475
01|52|0|225|0.0|8.1|225|91.6|35.3|0.01|0.09|43.1041|32.6475
01|53|0|225|1.6|8.1|225|91.6|35.3|0.01|0.09|43.1037|32.6475
01|55|0|135|1.5|8.1|225|91.6|35.3|0.01|0.09|43.107|32.6475
01|56|0|135|1.6|8.1|225|91.7|35.3|0.01|0.09|43.1054|32.6475
01|57|0|135|0.0|8.1|225|91.7|35.2|0.01|0.09|43.1012|32.6475
01|59|0|135|1.5|8.1|225|91.8|35.2|0.01|0.09|43.1006|32.6475
01|59|0|90|2.9|8.1|225|91.9|35.2|0.01|0.09|43.1015|32.6475
02|00|0|90|1.5|8.1|225|92.0|35.2|0.01|0.09|43.1014|32.9188
02|03|0|90|0.0|8.1|225|92.1|35.2|0.01|0.09|43.1|32.9188
02|04|0|0|0.0|8.1|225|92.1|35.2|0.01|0.09|43.1001|32.9188
02|05|0|0|0.0|8.1|225|92.1|35.2|0.01|0.09|43.1032|32.9188
02|06|0|135|2.9|8.1|225|92.1|35.2|0.01|0.09|43.1041|32.9188
02|07|0|135|0.0|8.1|225|92.1|35.2|0.01|0.09|43.1057|32.9188
02|07|0|45|1.6|8.1|225|92.1|35.2|0.02|0.10|43.1032|32.9188
02|08|0|45|1.5|8.1|225|92.2|35.2|0.02|0.10|43.1028|32.9188
02|09|0|45|2.9|8.1|225|92.3|35.0|0.02|0.10|43.1014|32.9188
02|11|0|45|1.6|8.1|225|92.3|35.0|0.02|0.10|43.1035|32.9188
02|13|0|45|1.5|8.1|225|92.3|35.0|0.02|0.10|43.1046|32.9188
02|13|0|45|2.9|8.1|225|92.3|35.0|0.02|0.10|43.1045|32.9188
02|14|0|90|2.9|8.1|225|92.3|35.0|0.02|0.10|43.1024|32.9188
02|15|0|45|1.5|8.1|225|92.4|35.0|0.02|0.10|43.0965|32.9188
02|16|0|45|1.6|8.1|225|92.5|35.0|0.02|0.10|43.0941|32.9188
02|17|0|90|1.5|8.1|225|92.5|35.0|0.02|0.10|43.0954|32.9188
02|19|0|90|0.0|8.1|225|92.6|35.0|0.02|0.10|43.0972|32.9188
02|19|0|90|0.0|8.1|225|92.6|35.0|0.02|0.10|43.0972|32.9188
02|21|0|90|0.0|8.1|225|92.6|35.0|0.02|0.10|43.0992|32.9188
02|21|0|90|1.5|8.1|225|92.6|35.2|0.02|0.10|43.0986|32.9188
02|22|0|90|1.5|8.1|225|92.7|35.2|0.02|0.10|43.0968|32.9188
02|24|0|90|1.5|8.1|225|92.7|35.2|0.02|0.10|43.0973|32.9188
02|24|0|90|1.5|8.1|225|92.8|35.2|0.02|0.10|43.0967|32.9188
02|25|0|135|0.0|8.1|225|92.8|35.2|0.02|0.10|43.0984|32.9188
02|27|0|90|1.5|8.1|225|92.8|35.2|0.02|0.10|43.0985|32.9188
02|27|0|90|1.6|8.1|225|92.9|35.3|0.02|0.10|43.0975|32.9188
02|29|0|90|1.5|8.1|225|92.9|35.3|0.01|0.10|43.0993|32.9188
02|29|0|90|1.6|8.1|225|92.9|35.3|0.01|0.10|43.0983|32.9188
02|30|0|90|1.6|8.1|225|92.9|35.3|0.01|0.10|43.0986|32.9188
02|33|0|113|1.5|8.1|225|92.9|35.3|0.01|0.10|43.0972|32.9188
02|34|0|90|1.5|8.1|225|92.9|35.4|0.01|0.10|43.0948|32.9188
02|36|0|90|1.6|8.1|225|92.8|35.4|0.01|0.10|43.0945|32.9188
02|36|0|90|1.5|8.1|225|92.7|35.4|0.01|0.10|43.0952|32.9188
02|37|0|45|3.2|8.1|225|92.7|35.4|0.01|0.10|43.0924|32.9188
02|39|0|135|1.6|8.1|225|92.7|35.3|0.02|0.11|43.0955|32.9188
02|39|0|135|2.9|8.1|225|92.7|35.3|0.02|0.11|43.0953|32.9188
02|41|0|135|1.6|8.1|225|92.8|35.3|0.02|0.11|43.0955|32.9188
02|41|0|113|1.5|8.1|225|92.8|35.3|0.02|0.11|43.0924|32.9188
02|43|0|90|1.5|8.1|225|92.8|35.3|0.02|0.11|43.0918|32.9188
02|43|0|135|1.5|8.1|225|92.8|35.3|0.02|0.11|43.0931|32.9188
02|45|0|90|2.9|8.1|225|92.9|35.3|0.02|0.11|43.0912|32.9188
02|45|0|135|1.5|8.1|225|92.9|35.3|0.02|0.11|43.0928|32.9188
02|46|0|135|4.4|8.1|225|92.9|35.3|0.02|0.11|43.0953|32.9188
02|47|0|135|1.5|8.1|225|92.9|35.3|0.02|0.11|43.0936|32.9188
02|49|0|90|1.5|8.1|225|92.9|35.3|0.02|0.11|43.0918|32.9188
02|49|0|135|2.9|8.1|225|92.9|35.3|0.02|0.11|43.0951|32.9188
02|50|0|135|3.2|8.1|225|92.9|35.2|0.02|0.11|43.0927|32.9188
02|51|0|90|1.6|8.1|225|92.9|35.3|0.02|0.11|43.0927|32.9188
02|52|0|113|1.5|8.1|225|92.8|35.3|0.02|0.11|43.0938|32.9188
02|53|0|135|1.5|8.1|225|92.8|35.2|0.02|0.11|43.0928|32.9188
02|55|0|135|1.5|8.1|225|92.8|35.3|0.02|0.11|43.0965|32.9188
02|57|0|135|4.4|8.1|225|92.9|35.2|0.02|0.11|43.099|32.9188
02|57|0|135|1.6|8.1|225|93.0|35.2|0.02|0.11|43.0954|33.1875
02|58|0|135|2.9|8.1|225|93.0|35.2|0.02|0.11|43.0946|33.1875
02|59|0|135|1.5|8.1|225|93.0|35.2|0.02|0.11|43.0955|33.1875
03|01|0|90|3.2|8.1|225|93.1|35.2|0.02|0.11|43.0937|33.1875
03|01|0|90|1.5|8.1|225|93.2|35.2|0.02|0.11|43.0909|33.1875
03|02|0|90|2.9|8.1|225|93.2|35.2|0.02|0.11|43.089|33.1875
03|04|0|90|1.6|8.1|225|93.2|35.2|0.02|0.11|43.0905|33.1875
03|04|0|90|1.6|8.1|225|93.2|35.2|0.02|0.11|43.0883|33.1875
03|05|0|90|3.2|8.1|225|93.3|35.2|0.02|0.11|43.0893|33.1875
03|07|0|90|4.4|8.1|225|93.4|35.2|0.01|0.11|43.0885|33.1875
03|09|0|90|2.9|8.1|225|93.7|35.2|0.01|0.11|43.0873|33.1875
03|10|0|90|2.9|8.1|225|93.8|35.2|0.01|0.11|43.0882|33.1875
03|11|0|45|1.5|8.1|225|93.8|35.3|0.01|0.11|43.0893|33.1875
03|12|0|90|1.6|8.1|225|93.9|35.3|0.01|0.11|43.0929|33.1875
03|13|0|90|1.5|8.1|225|93.8|35.3|0.01|0.11|43.0959|33.1875
03|15|0|90|1.6|8.1|225|93.8|35.4|0.02|0.12|43.0991|33.1875
03|17|0|90|0.0|8.1|225|93.8|35.4|0.02|0.12|43.1006|33.1875
03|17|0|90|1.6|8.1|225|93.7|35.5|0.02|0.12|43.1014|33.1875
03|19|0|90|1.5|8.1|225|93.7|35.5|0.02|0.12|43.1022|33.1875
03|19|0|0|1.6|8.1|225|93.7|35.5|0.02|0.12|43.1028|33.1875
03|20|0|0|2.9|8.1|225|93.7|35.5|0.02|0.12|43.1039|33.1875
03|22|0|0|2.9|8.1|225|93.8|35.6|0.02|0.12|43.1055|33.1875
03|22|0|315|3.2|8.1|225|93.8|35.6|0.02|0.12|43.1074|33.1875
03|23|0|315|2.9|8.1|225|93.8|35.5|0.02|0.12|43.1074|33.1875
03|24|0|315|3.2|8.1|225|93.8|35.5|0.02|0.12|43.109|33.1875
03|25|0|315|2.9|8.1|225|93.7|35.5|0.02|0.12|43.1068|33.1875
03|26|0|315|2.9|8.1|225|93.6|35.5|0.02|0.12|43.1055|33.1875
03|27|0|315|1.5|8.1|225|93.6|35.6|0.02|0.12|43.1069|33.1875
03|29|0|270|1.5|8.1|225|93.4|35.6|0.02|0.12|43.1083|33.1875
03|30|0|315|1.5|8.1|225|93.4|35.6|0.02|0.12|43.1085|33.1875
03|33|0|293|3.2|8.1|225|93.6|35.5|0.02|0.12|43.1055|33.1875
03|34|0|315|4.4|8.1|225|93.6|35.5|0.02|0.12|43.106|33.1875
03|35|0|315|4.4|8.1|225|93.7|35.5|0.02|0.12|43.1064|33.1875
03|36|0|315|3.2|8.1|225|93.9|35.5|0.02|0.12|43.1033|33.1875
03|37|0|315|2.9|8.1|225|94.0|35.5|0.01|0.12|43.103|33.4536
03|39|0|315|3.2|8.1|225|94.0|35.5|0.01|0.12|43.1018|33.4536
03|40|0|315|2.9|8.1|225|94.1|35.5|0.01|0.12|43.0985|33.4536
03|42|0|315|4.4|8.1|225|94.2|35.5|0.01|0.12|43.0974|33.4536
03|43|0|315|4.4|8.1|225|94.3|35.6|0.01|0.12|43.0983|33.4536
03|43|0|270|7.3|8.1|225|94.3|35.6|0.01|0.12|43.0984|33.4536
03|45|0|315|5.8|8.8|315|94.1|35.5|0.01|0.12|43.0977|33.4536
03|46|0|315|5.8|8.8|315|93.7|35.5|0.01|0.12|43.0974|33.1875
03|47|0|315|4.8|8.8|315|93.4|35.4|0.01|0.12|43.0975|33.1875
03|48|0|315|5.8|8.8|315|93.1|35.4|0.01|0.12|43.0977|33.1875
03|49|0|315|6.4|8.8|315|92.8|35.3|0.01|0.12|43.0954|32.9188
03|51|0|315|8.7|9.7|315|92.8|34.9|0.01|0.12|43.0906|31.9284
03|52|0|315|4.8|9.7|315|93.0|34.9|0.02|0.13|43.0943|32.1959
03|53|0|315|7.3|9.7|315|93.2|34.8|0.02|0.13|43.093|32.1959
03|54|0|338|6.4|9.7|315|93.3|34.7|0.02|0.13|43.0927|32.1959
03|56|0|315|4.4|9.7|315|93.4|34.6|0.02|0.13|43.0924|32.1959
03|56|0|315|7.3|9.7|315|93.5|34.6|0.02|0.13|43.0976|32.1959
03|57|0|315|6.4|9.7|315|93.6|34.5|0.02|0.13|43.097|32.1959
03|58|0|315|4.4|9.7|315|93.8|34.4|0.02|0.13|43.0986|32.1959
03|59|0|315|4.4|9.7|315|94.0|34.4|0.02|0.13|43.0982|32.4608
04|01|0|315|5.8|9.7|315|94.1|34.2|0.02|0.13|43.0983|32.4608
04|02|0|315|7.3|9.7|315|94.2|34.2|0.02|0.13|43.0984|32.4608
04|04|0|270|2.9|10.2|315|94.5|34.1|0.02|0.13|43.0994|32.4608
04|05|0|315|5.8|10.2|315|94.5|34.1|0.02|0.13|43.1021|32.4608
04|05|0|315|3.2|10.2|315|94.6|34.1|0.02|0.13|43.1013|32.4608
04|06|0|315|7.3|10.2|315|94.6|34.0|0.02|0.13|43.099|32.4608
04|08|0|315|4.4|10.2|315|94.7|34.0|0.02|0.13|43.0992|32.4608
04|08|0|315|4.8|10.2|315|94.8|34.0|0.02|0.13|43.0986|32.4608
04|09|0|315|5.8|10.2|315|94.9|34.0|0.02|0.13|43.0985|32.4608
04|11|0|270|3.2|10.2|315|95.0|33.9|0.02|0.13|43.0992|31.7292
04|11|0|270|2.9|10.2|315|95.0|33.9|0.02|0.13|43.1007|31.7292
04|12|0|315|3.2|10.2|315|95.0|33.9|0.02|0.13|43.0993|31.7292
04|13|0|315|5.8|10.2|315|94.9|33.9|0.01|0.13|43.0974|31.468
04|15|0|315|4.4|10.2|315|95.0|33.9|0.01|0.13|43.0975|31.7292
04|16|0|315|4.8|10.2|315|95.0|33.9|0.01|0.13|43.0968|31.7292
04|18|0|315|7.3|10.2|315|95.0|33.8|0.01|0.13|43.0964|31.7292
04|19|0|315|6.4|10.2|315|95.1|33.9|0.01|0.13|43.0984|31.7292
04|19|0|315|7.3|11.6|315|95.2|33.8|0.01|0.13|43.099|31.7292
04|21|0|315|5.8|11.6|315|95.4|33.8|0.01|0.13|43.0931|31.7292
04|22|0|315|5.8|11.6|315|95.4|33.8|0.01|0.13|43.0919|31.7292
04|24|0|270|5.8|11.6|315|95.5|33.8|0.01|0.13|43.0896|31.7292
04|25|0|315|3.2|11.6|315|95.5|33.8|0.01|0.13|43.0893|31.7292
04|26|0|315|4.4|11.6|315|95.5|33.8|0.01|0.13|43.0894|31.7292
04|27|0|315|3.2|11.6|315|95.5|33.9|0.01|0.13|43.0876|31.7292
04|29|0|315|4.4|11.6|315|95.5|33.9|0.01|0.13|43.0858|31.7292
04|29|0|315|4.8|11.6|315|95.6|33.8|0.01|0.13|43.084|31.7292
04|30|0|315|4.4|11.6|315|95.6|33.9|0.01|0.13|43.0859|31.7292
04|32|0|315|4.8|11.6|315|95.7|33.9|0.01|0.13|43.0854|31.7292
04|33|0|270|2.9|11.6|315|95.7|33.9|0.01|0.13|43.0862|31.7292
04|33|0|270|2.9|11.6|315|95.7|34.0|0.01|0.13|43.0904|32.7233
04|35|0|270|2.9|11.6|315|95.6|34.0|0.01|0.13|43.0911|32.7233
04|37|0|270|1.5|11.6|315|95.6|34.1|0.01|0.13|43.0898|32.7233
04|37|0|270|4.4|11.6|315|95.5|34.1|0.01|0.13|43.0894|32.7233
04|38|0|270|2.9|11.6|315|95.4|34.1|0.01|0.13|43.0858|32.7233
04|39|0|315|1.5|11.6|315|95.3|34.2|0.01|0.13|43.0874|32.7233
04|40|0|225|4.4|11.6|315|95.3|34.2|0.01|0.13|43.0846|32.7233
04|41|0|270|4.4|11.6|315|95.2|34.2|0.01|0.13|43.087|32.7233
04|43|0|270|2.9|11.6|315|95.1|34.4|0.01|0.13|43.0891|32.7233
04|45|0|270|2.9|11.6|315|95.1|34.4|0.01|0.13|43.0883|32.7233
04|45|0|270|1.5|11.6|315|95.0|34.4|0.01|0.13|43.0876|32.7233
04|47|0|315|3.2|11.6|315|94.9|34.4|0.01|0.13|43.0855|32.4608
04|49|0|270|7.3|11.6|315|94.9|34.4|0.01|0.13|43.0808|32.4608
04|50|0|270|2.9|11.6|315|94.9|34.4|0.01|0.13|43.0843|32.4608
04|51|0|315|4.4|11.6|315|95.0|34.4|0.00|0.13|43.0822|32.7233
04|52|0|270|7.3|11.6|315|95.0|34.4|0.00|0.13|43.0812|32.7233
04|53|0|270|3.2|11.6|315|95.0|34.2|0.00|0.13|43.0787|32.7233
04|55|0|315|4.4|11.6|315|95.0|34.4|0.00|0.13|43.0785|32.7233
04|57|0|315|4.4|11.6|315|95.0|34.4|0.00|0.13|43.0787|32.7233
04|57|0|270|2.9|11.6|315|95.0|34.4|0.00|0.13|43.0803|32.7233
04|58|0|315|2.9|11.6|315|95.0|34.4|0.00|0.13|43.0824|32.7233
05|00|0|315|3.2|11.6|315|95.0|34.4|0.00|0.13|43.0843|32.7233
05|00|0|270|2.9|11.6|315|94.9|34.4|0.00|0.13|43.0834|32.4608
05|01|0|270|4.4|11.6|315|94.9|34.4|0.00|0.13|43.0845|32.4608
05|02|0|270|6.4|11.6|315|95.0|34.4|0.00|0.13|43.0834|32.7233
05|05|0|315|2.9|11.6|315|95.0|34.5|0.00|0.13|43.0858|32.7233
05|06|0|315|1.6|11.6|315|94.9|34.5|0.00|0.13|43.0861|32.4608
05|06|0|270|2.9|11.6|315|94.9|34.6|0.00|0.13|43.0848|32.4608
05|10|0|270|5.8|11.6|315|94.9|34.6|0.00|0.13|43.0791|32.4608
05|12|0|270|3.2|11.6|315|95.0|34.6|0.00|0.13|43.0771|32.7233
05|12|0|270|3.2|11.6|315|95.1|34.6|0.00|0.13|43.076|32.7233
05|13|0|315|1.5|11.6|315|95.0|34.6|0.00|0.13|43.0748|32.7233
05|14|0|270|5.8|11.6|315|95.0|34.6|0.00|0.13|43.0721|32.7233
05|16|0|315|5.8|11.6|315|95.4|34.6|0.00|0.13|43.07|32.7233
05|17|0|315|5.8|11.6|315|95.5|34.6|0.00|0.13|43.0701|32.7233
05|18|0|270|1.6|11.6|315|95.6|34.6|0.00|0.13|43.0723|32.7233
05|20|0|270|4.4|11.6|315|95.6|34.7|0.00|0.13|43.0714|32.7233
05|21|0|270|1.6|11.6|315|95.5|34.7|0.00|0.13|43.0722|32.7233
05|22|0|270|4.4|11.6|315|95.4|34.8|0.00|0.13|43.0717|32.7233
05|24|0|315|5.8|11.6|315|95.4|34.8|0.00|0.13|43.0708|32.7233
05|24|0|315|5.8|11.6|315|95.4|34.8|0.00|0.13|43.069|32.7233
05|26|0|315|5.8|11.6|315|95.4|34.8|0.00|0.13|43.0695|32.7233
05|27|0|315|10.2|11.6|315|95.3|34.8|0.00|0.13|43.0656|32.7233
05|29|0|315|5.8|11.6|315|95.2|34.8|0.00|0.13|43.0686|32.7233
05|30|0|315|5.8|11.6|315|95.1|34.7|0.00|0.13|43.0665|32.7233
05|30|0|315|5.8|11.6|315|95.0|34.7|0.00|0.13|43.0675|32.7233
05|31|0|315|5.8|11.6|315|94.9|34.7|0.00|0.13|43.0684|32.4608
05|32|0|315|5.8|11.6|315|94.8|34.7|0.00|0.13|43.0706|32.4608
05|33|0|315|7.3|11.6|315|94.8|34.7|0.00|0.13|43.0721|32.4608
05|35|0|315|5.8|11.6|315|94.6|34.7|0.00|0.13|43.0725|32.4608
05|38|0|315|3.2|11.6|315|94.5|34.6|0.00|0.13|43.0736|32.4608
05|39|0|315|4.4|11.6|315|94.5|34.7|0.00|0.13|43.0762|32.4608
05|40|0|315|4.8|11.6|315|94.4|34.6|0.00|0.13|43.0752|32.4608
05|41|0|270|2.9|11.6|315|94.4|34.7|0.00|0.13|43.0767|32.4608
05|43|0|270|2.9|11.6|315|94.4|34.7|0.00|0.13|43.0773|32.4608
05|43|0|315|2.9|11.6|315|94.3|34.7|0.01|0.14|43.0769|32.4608
05|44|0|315|2.9|11.6|315|94.2|34.7|0.01|0.14|43.0753|32.4608
05|45|0|270|2.9|11.6|315|94.2|34.7|0.01|0.14|43.0764|32.4608
05|47|0|315|7.3|11.6|315|94.2|34.6|0.01|0.14|43.0724|32.4608
05|47|0|315|2.9|11.6|315|94.2|34.6|0.01|0.14|43.0729|32.4608
05|48|0|315|3.2|11.6|315|94.3|34.6|0.01|0.14|43.0744|32.4608
05|49|0|0|1.5|11.6|315|94.2|34.7|0.01|0.14|43.075|32.4608
05|50|0|0|5.8|11.6|315|94.1|34.7|0.01|0.14|43.0739|32.4608
05|52|0|0|4.4|11.6|315|94.1|34.7|0.01|0.14|43.073|32.4608
05|52|0|0|1.6|11.6|315|94.1|34.7|0.01|0.14|43.072|32.4608
05|53|0|0|2.9|11.6|315|94.1|34.7|0.01|0.14|43.0686|32.4608
05|54|0|0|4.8|11.6|315|94.1|34.7|0.01|0.14|43.0673|32.4608
05|57|0|0|4.4|11.6|315|94.1|34.7|0.01|0.14|43.065|32.4608
05|57|0|0|1.5|11.6|315|94.0|34.8|0.01|0.14|43.0652|32.4608
05|58|0|45|1.6|11.6|315|94.0|34.7|0.01|0.14|43.0632|32.4608
05|59|0|0|0.0|11.6|315|93.9|34.8|0.01|0.14|43.0657|32.1959
06|00|0|45|1.6|11.6|315|93.9|34.8|0.01|0.14|43.0664|32.1959
06|01|0|0|1.5|11.6|315|93.8|34.8|0.01|0.14|43.064|32.1959
06|02|0|315|4.4|11.6|315|93.8|34.8|0.01|0.14|43.0644|32.1959
06|04|0|315|2.9|11.6|315|93.8|34.8|0.01|0.14|43.0637|32.1959
06|04|0|315|2.9|11.6|315|93.8|34.8|0.01|0.14|43.0657|32.1959
06|05|0|0|1.6|11.6|315|93.7|34.7|0.01|0.14|43.0665|32.1959
06|06|0|0|1.5|11.6|315|93.7|34.8|0.01|0.14|43.0665|32.1959
06|08|0|0|1.5|11.6|315|93.7|34.8|0.01|0.14|43.0673|32.1959
06|08|0|0|1.5|11.6|315|93.6|34.8|0.01|0.14|43.0686|32.1959
06|09|0|0|0.0|11.6|315|93.6|34.8|0.01|0.14|43.0676|32.1959
06|10|0|0|1.5|11.6|315|93.5|34.8|0.01|0.14|43.0659|32.1959
06|11|0|0|0.0|11.6|315|93.5|34.8|0.01|0.14|43.0675|32.1959
06|13|0|0|1.5|11.6|315|93.5|34.8|0.01|0.14|43.0682|32.1959
06|13|0|0|1.6|11.6|315|93.4|34.9|0.01|0.14|43.069|32.1959
06|14|0|0|0.0|11.6|315|93.5|34.8|0.01|0.14|43.0677|32.1959
06|16|0|0|1.5|11.6|315|93.4|34.9|0.01|0.14|43.07|32.1959
06|18|0|0|0.0|11.6|315|93.4|34.9|0.02|0.15|43.0708|32.1959
06|19|0|0|0.0|11.6|315|93.3|34.9|0.02|0.15|43.0698|32.1959
06|21|0|0|0.0|11.6|315|93.3|34.9|0.02|0.15|43.0719|32.1959
06|21|0|0|0.0|11.6|315|93.3|35.0|0.02|0.15|43.0713|33.1875
06|22|0|0|0.0|11.6|315|93.2|35.0|0.02|0.15|43.0708|33.1875
06|23|0|0|0.0|11.6|315|93.2|35.0|0.02|0.15|43.0722|33.1875
06|24|0|0|0.0|11.6|315|93.1|35.0|0.02|0.15|43.0709|33.1875
06|25|0|0|0.0|11.6|315|93.1|35.2|0.02|0.15|43.0709|33.1875
06|26|0|0|1.6|11.6|315|93.1|35.2|0.02|0.15|43.0683|33.1875
06|28|0|0|0.0|11.6|315|93.0|35.2|0.02|0.15|43.0653|33.1875
06|30|0|0|1.5|11.6|315|93.0|35.3|0.02|0.15|43.0677|33.1875
06|30|0|0|1.5|11.6|315|93.0|35.3|0.02|0.15|43.0672|33.1875
06|32|0|0|0.0|11.6|315|92.9|35.3|0.02|0.15|43.0682|32.9188
06|32|0|0|0.0|11.6|315|92.9|35.3|0.02|0.15|43.0659|32.9188
06|33|0|0|0.0|11.6|315|92.9|35.3|0.02|0.15|43.0673|32.9188
06|34|0|0|1.6|11.6|315|92.8|35.3|0.02|0.15|43.0672|32.9188
06|36|0|0|0.0|11.6|315|92.8|35.4|0.02|0.15|43.0681|32.9188
06|38|0|0|0.0|11.6|315|92.8|35.3|0.02|0.15|43.0665|32.9188
06|38|0|0|0.0|11.6|315|92.8|35.3|0.02|0.15|43.0668|32.9188
06|39|0|0|0.0|11.6|315|92.7|35.4|0.02|0.15|43.0668|32.9188
06|41|0|0|0.0|11.6|315|92.7|35.3|0.02|0.15|43.0649|32.9188
06|42|0|0|0.0|11.6|315|92.7|35.3|0.01|0.15|43.0665|32.9188
06|44|0|0|0.0|11.6|315|92.6|35.3|0.01|0.15|43.066|32.9188
06|45|0|0|0.0|11.6|315|92.5|35.4|0.01|0.15|43.0699|32.9188
06|46|0|0|0.0|11.6|315|92.4|35.4|0.02|0.17|43.0716|32.9188
06|46|0|0|0.0|11.6|315|92.4|35.3|0.02|0.17|43.0705|32.9188
06|47|0|0|0.0|11.6|315|92.3|35.3|0.02|0.17|43.0692|32.9188
06|48|0|0|1.5|11.6|315|92.3|35.3|0.02|0.17|43.0705|32.9188
06|50|0|0|1.5|11.6|315|92.3|35.3|0.02|0.17|43.0701|32.9188
06|51|0|0|1.5|11.6|315|92.3|35.3|0.02|0.17|43.0703|32.9188
06|52|0|0|1.5|11.6|315|92.2|35.3|0.02|0.17|43.0706|32.9188
06|52|0|0|1.5|11.6|315|92.2|35.3|0.02|0.17|43.0708|32.9188
06|53|0|0|0.0|11.6|315|92.2|35.3|0.02|0.17|43.0715|32.9188
06|54|0|0|1.5|11.6|315|92.2|35.3|0.02|0.17|43.0699|32.9188
06|58|0|0|0.0|11.6|315|92.2|35.3|0.02|0.17|43.072|32.9188
06|58|0|0|0.0|11.6|315|92.2|35.3|0.02|0.17|43.0695|32.9188
06|59|0|0|0.0|11.6|315|92.2|35.3|0.02|0.17|43.0709|32.9188
07|00|0|0|0.0|11.6|315|92.2|35.3|0.02|0.17|43.0696|32.9188
07|02|0|0|0.0|11.6|315|92.2|35.3|0.02|0.17|43.071|32.9188
07|02|0|0|0.0|11.6|315|92.2|35.3|0.02|0.17|43.0698|32.9188
07|04|0|0|0.0|11.6|315|92.2|35.3|0.02|0.17|43.0706|32.9188
07|05|0|0|0.0|11.6|315|92.2|35.3|0.02|0.17|43.0684|32.9188
07|06|0|0|1.5|11.6|315|92.2|35.3|0.02|0.17|43.071|32.9188
07|08|0|0|0.0|11.6|315|92.2|35.3|0.02|0.17|43.0698|32.9188
07|08|0|0|0.0|11.6|315|92.2|35.3|0.02|0.17|43.0699|32.9188
07|10|0|0|0.0|11.6|315|92.2|35.3|0.02|0.17|43.0696|32.9188
07|10|0|0|0.0|11.6|315|92.2|35.3|0.02|0.17|43.0684|32.9188
07|11|0|0|0.0|11.6|315|92.2|35.3|0.02|0.17|43.0677|32.9188
07|13|0|0|0.0|11.6|315|92.2|35.3|0.02|0.17|43.0651|32.9188
07|14|0|0|0.0|11.6|315|92.1|35.3|0.02|0.17|43.0663|32.9188
07|15|0|0|0.0|11.6|315|92.0|35.3|0.02|0.17|43.065|32.9188
07|16|0|0|0.0|11.6|315|92.1|35.3|0.02|0.17|43.0638|32.9188
07|17|0|0|0.0|11.6|315|92.0|35.3|0.01|0.17|43.0612|32.9188
07|19|0|0|0.0|11.6|315|92.1|35.3|0.01|0.17|43.0594|32.9188
07|20|0|0|0.0|11.6|315|92.0|35.3|0.01|0.17|43.0593|32.9188
07|21|0|0|0.0|11.6|315|92.0|35.3|0.01|0.17|43.0598|32.9188
07|23|0|0|1.5|11.6|315|92.1|35.3|0.01|0.17|43.0638|32.9188
07|24|0|0|0.0|11.6|315|92.1|35.3|0.01|0.17|43.0648|32.9188
07|25|0|0|1.5|11.6|315|92.1|35.3|0.01|0.17|43.0658|32.9188
07|26|0|0|1.6|11.6|315|92.2|35.2|0.01|0.17|43.0648|32.9188
07|27|0|0|1.5|11.6|315|92.2|35.2|0.01|0.17|43.063|32.9188
07|28|0|0|1.5|11.6|315|92.2|35.2|0.01|0.17|43.0607|32.9188
07|29|0|0|1.6|11.6|315|92.3|35.2|0.01|0.17|43.0611|32.9188
07|30|0|0|0.0|11.6|315|92.3|35.2|0.01|0.17|43.0625|32.9188
07|31|0|0|0.0|11.6|315|92.3|35.2|0.01|0.17|43.0626|32.9188
07|32|0|90|1.5|11.6|315|92.2|35.2|0.01|0.17|43.0626|32.9188
07|33|0|90|0.0|11.6|315|92.3|35.0|0.01|0.17|43.0617|32.9188
07|34|0|90|1.5|11.6|315|92.3|35.2|0.01|0.17|43.0626|32.9188
07|35|0|90|1.5|11.6|315|92.3|35.0|0.01|0.17|43.0625|32.9188
07|36|0|90|0.0|11.6|315|92.4|35.0|0.01|0.17|43.061|32.9188
07|37|0|23|0.0|11.6|315|92.5|35.0|0.01|0.17|43.0598|32.9188
07|38|0|45|1.6|11.6|315|92.5|35.0|0.02|0.18|43.0587|32.9188
07|40|0|45|1.5|11.6|315|92.7|35.0|0.02|0.18|43.0596|32.9188
07|41|0|45|0.0|11.6|315|92.8|35.0|0.02|0.18|43.0593|32.9188
07|42|0|45|1.5|11.6|315|92.9|35.2|0.02|0.18|43.0578|32.9188
07|43|0|45|1.5|11.6|315|92.9|35.2|0.02|0.18|43.0585|32.9188
07|44|0|45|1.6|11.6|315|93.0|35.2|0.01|0.18|43.0577|33.1875
07|45|0|45|1.5|11.6|315|93.0|35.2|0.01|0.18|43.0566|33.1875
07|46|0|45|1.5|11.6|315|92.9|35.3|0.01|0.18|43.0594|32.9188
07|47|0|45|1.5|11.6|315|93.0|35.3|0.01|0.18|43.0593|33.1875
07|48|0|45|2.9|11.6|315|93.0|35.3|0.01|0.18|43.0582|33.1875
07|49|0|45|1.5|11.6|315|93.0|35.3|0.01|0.18|43.0554|33.1875
07|50|0|45|1.5|11.6|315|93.0|35.3|0.01|0.18|43.0531|33.1875
07|51|0|45|0.0|11.6|315|93.0|35.3|0.01|0.18|43.054|33.1875
07|52|0|45|1.5|11.6|315|93.0|35.4|0.01|0.18|43.0508|33.1875
07|53|0|45|2.9|11.6|315|93.0|35.4|0.01|0.18|43.0506|33.1875
07|54|0|45|1.5|11.6|315|93.0|35.4|0.01|0.18|43.0483|33.1875
07|55|0|90|1.5|11.6|315|92.9|35.5|0.01|0.18|43.0498|32.9188
07|56|0|90|1.5|11.6|315|92.9|35.5|0.01|0.18|43.0518|32.9188
07|58|0|90|1.5|11.6|315|92.9|35.6|0.01|0.18|43.0494|32.9188
07|58|0|90|0.0|11.6|315|92.9|35.6|0.01|0.18|43.0514|32.9188
07|59|0|135|0.0|11.6|315|92.8|35.7|0.01|0.18|43.0506|32.9188
08|01|0|23|1.5|11.6|315|92.8|35.7|0.01|0.18|43.05|32.9188
08|02|0|0|1.6|11.6|315|92.8|35.8|0.01|0.18|43.0497|32.9188
08|03|0|45|0.0|11.6|315|92.8|35.8|0.01|0.18|43.0493|32.9188
08|05|0|90|1.5|11.6|315|92.5|35.9|0.01|0.18|43.0524|32.9188
08|06|0|90|0.0|11.6|315|92.5|36.0|0.01|0.18|43.0531|33.9091
08|07|0|135|1.5|11.6|315|92.5|36.0|0.01|0.18|43.0525|33.9091
08|08|0|90|1.5|11.6|315|92.5|36.2|0.01|0.18|43.0531|33.9091
08|09|0|90|0.0|11.6|315|92.4|36.2|0.01|0.18|43.0546|33.9091
08|10|0|90|0.0|11.6|315|92.2|36.3|0.01|0.18|43.0551|33.9091
08|11|0|90|1.5|11.6|315|92.1|36.3|0.01|0.18|43.0555|33.9091
08|12|0|90|0.0|11.6|315|92.1|36.3|0.01|0.18|43.0569|33.9091
08|13|0|90|0.0|11.6|315|92.1|36.4|0.01|0.18|43.0582|33.9091
08|14|0|135|1.6|11.6|315|92.1|36.5|0.01|0.18|43.0596|33.9091
08|15|0|90|1.5|11.6|315|92.0|36.5|0.01|0.18|43.058|33.9091
08|16|0|90|2.9|11.6|315|91.9|36.5|0.01|0.18|43.0565|33.6365
08|17|0|90|2.9|11.6|315|91.7|36.5|0.01|0.18|43.0562|33.6365
08|18|0|135|4.4|11.6|315|91.6|36.5|0.01|0.18|43.0543|33.6365
08|19|0|90|1.6|11.6|315|91.6|36.6|0.01|0.18|43.0551|33.6365
08|21|0|90|1.5|11.6|315|91.7|36.6|0.01|0.18|43.0554|33.6365
08|22|0|90|1.6|11.6|315|91.7|36.6|0.01|0.18|43.0571|33.6365
08|24|0|45|0.0|11.6|315|91.7|36.6|0.01|0.18|43.0547|33.6365
08|24|0|45|1.5|11.6|315|91.6|36.6|0.01|0.18|43.0529|33.6365
08|25|0|45|1.5|11.6|315|91.5|36.7|0.01|0.18|43.0524|33.6365
08|26|0|45|0.0|11.6|315|91.5|36.7|0.01|0.18|43.053|33.6365
08|27|0|45|0.0|11.6|315|91.4|36.7|0.01|0.18|43.0546|33.6365
08|28|0|135|1.6|11.6|315|91.4|36.8|0.02|0.19|43.0542|33.6365
08|29|0|135|1.5|11.6|315|91.3|36.7|0.02|0.19|43.0547|33.6365
08|30|0|135|0.0|11.6|315|91.2|36.7|0.02|0.19|43.0538|33.6365
08|31|0|135|0.0|11.6|315|91.2|36.7|0.02|0.19|43.0546|33.6365
08|32|0|135|1.5|11.6|315|91.2|36.7|0.02|0.19|43.0533|33.6365
08|33|0|135|1.5|11.6|315|91.2|36.8|0.02|0.19|43.0535|33.6365
08|34|0|135|0.0|11.6|315|91.1|36.7|0.02|0.19|43.0523|33.6365
08|36|0|135|1.6|11.6|315|91.0|36.8|0.02|0.19|43.0546|33.6365
08|37|0|135|1.6|11.6|315|91.0|36.7|0.01|0.19|43.0537|33.6365
08|38|0|135|1.5|11.6|315|91.0|36.8|0.01|0.19|43.0545|33.6365
08|40|0|135|0.0|11.6|315|91.1|36.8|0.01|0.19|43.0554|33.6365
08|41|0|135|0.0|11.6|315|91.1|36.8|0.01|0.19|43.0549|33.6365
08|43|0|135|2.9|11.6|315|91.0|37.0|0.01|0.19|43.0563|34.6256
08|44|0|135|1.5|11.6|315|90.9|37.0|0.01|0.19|43.0553|34.3491
08|45|0|135|1.6|11.6|315|90.9|37.0|0.01|0.19|43.0556|34.3491
08|46|0|135|1.5|11.6|315|91.0|37.0|0.01|0.19|43.0557|34.6256
08|47|0|135|0.0|11.6|315|91.0|37.0|0.01|0.19|43.0571|34.6256
08|48|0|135|1.5|11.6|315|91.0|37.0|0.01|0.19|43.0566|34.6256
08|49|0|135|0.0|11.6|315|91.0|37.0|0.01|0.19|43.0588|34.6256
08|51|0|135|1.6|11.6|315|91.0|37.0|0.01|0.19|43.0598|34.6256
08|52|0|180|2.9|11.6|315|90.9|37.0|0.01|0.19|43.0598|34.3491
08|53|0|180|0.0|11.6|315|90.9|37.0|0.01|0.19|43.0577|34.3491
08|54|0|180|1.6|11.6|315|90.9|37.0|0.01|0.19|43.0601|34.3491
08|55|0|180|0.0|11.6|315|90.9|37.1|0.01|0.19|43.0602|34.3491
08|56|0|180|1.5|11.6|315|90.8|37.1|0.01|0.19|43.061|34.3491
08|57|0|180|0.0|11.6|315|90.8|37.1|0.01|0.19|43.0624|34.3491
08|58|0|180|0.0|11.6|315|90.8|37.2|0.01|0.19|43.065|34.3491
09|01|0|180|0.0|11.6|315|90.8|37.2|0.01|0.19|43.0628|34.3491
09|02|0|180|0.0|11.6|315|90.8|37.2|0.01|0.19|43.0616|34.3491
09|03|0|180|0.0|11.6|315|90.8|37.3|0.01|0.19|43.0611|34.3491
09|04|0|180|0.0|11.6|315|90.8|37.3|0.01|0.19|43.0619|34.3491
09|05|0|180|0.0|11.6|315|90.8|37.3|0.01|0.19|43.0624|34.3491
09|06|0|180|0.0|11.6|315|90.6|37.3|0.01|0.19|43.0617|34.3491
09|07|0|180|0.0|11.6|315|90.4|37.4|0.01|0.19|43.0652|34.3491
09|08|0|270|2.9|11.6|315|90.4|37.4|0.01|0.19|43.0667|34.3491
09|09|0|270|2.9|11.6|315|90.2|37.4|0.01|0.19|43.065|34.3491
09|10|0|270|0.0|11.6|315|90.2|37.4|0.01|0.19|43.0666|34.3491
09|11|0|270|1.5|11.6|315|90.2|37.4|0.01|0.19|43.0681|34.3491
09|12|0|270|0.0|11.6|315|90.2|37.4|0.01|0.19|43.069|34.3491
09|13|0|270|3.2|11.6|315|90.2|37.3|0.01|0.19|43.0689|34.3491
09|14|0|270|1.5|11.6|315|90.3|37.3|0.01|0.19|43.068|34.3491
09|15|0|270|1.6|11.6|315|90.4|37.3|0.01|0.19|43.0682|34.3491
09|16|0|270|0.0|11.6|315|90.5|37.4|0.01|0.19|43.0672|34.3491
09|18|0|270|2.9|11.6|315|90.5|37.4|0.01|0.19|43.0679|34.3491
09|19|0|270|1.6|11.6|315|90.6|37.4|0.01|0.19|43.0675|34.3491
09|20|0|270|1.5|11.6|315|90.5|37.4|0.01|0.19|43.0653|34.3491
09|22|0|315|1.6|11.6|315|90.5|37.4|0.01|0.19|43.0667|34.3491
09|23|0|315|1.5|11.6|315|90.5|37.4|0.01|0.19|43.0666|34.3491
09|24|0|315|1.6|11.6|315|90.4|37.3|0.01|0.19|43.0686|34.3491
09|25|0|270|0.0|11.6|315|90.5|37.3|0.01|0.19|43.0693|34.3491
09|26|0|315|1.6|11.6|315|90.5|37.3|0.01|0.19|43.0701|34.3491
09|27|0|315|0.0|11.6|315|90.4|37.3|0.01|0.19|43.0714|34.3491
09|28|0|270|2.9|11.6|315|90.4|37.4|0.00|0.19|43.0737|34.3491
09|29|0|270|3.2|11.6|315|90.5|37.3|0.00|0.19|43.0746|34.3491
09|30|0|270|1.5|11.6|315|90.6|37.3|0.00|0.19|43.0767|34.3491
09|31|0|315|1.6|11.6|315|90.7|37.3|0.00|0.19|43.077|34.3491
09|32|0|270|2.9|11.6|315|90.6|37.3|0.00|0.19|43.0768|34.3491
09|33|0|270|1.5|11.6|315|90.5|37.3|0.00|0.19|43.078|34.3491
09|34|0|270|2.9|11.6|315|90.6|37.2|0.00|0.19|43.0789|34.3491
09|36|0|315|2.9|11.6|315|90.6|37.2|0.00|0.19|43.0792|34.3491
09|38|0|270|1.5|11.6|315|90.7|37.2|0.00|0.19|43.0801|34.3491
09|39|0|270|1.6|11.6|315|90.7|37.2|0.00|0.19|43.0813|34.3491
09|40|0|270|4.4|11.6|315|90.8|37.2|0.00|0.19|43.0823|34.3491
09|41|0|315|1.5|11.6|315|90.9|37.2|0.00|0.19|43.0827|34.3491
09|42|0|315|1.5|11.6|315|91.0|37.2|0.00|0.19|43.0824|34.6256
09|43|0|315|1.6|11.6|315|91.1|37.2|0.00|0.19|43.0839|34.6256
09|44|0|315|4.4|11.6|315|91.3|37.2|0.00|0.19|43.0829|34.6256
09|45|0|315|3.2|11.6|315|91.4|37.1|0.00|0.19|43.0816|34.6256
09|46|0|315|2.9|11.6|315|91.4|37.1|0.00|0.19|43.0812|34.6256
09|47|0|315|4.4|11.6|315|91.5|37.0|0.00|0.19|43.0823|34.6256
09|48|0|315|4.4|11.6|315|91.5|36.8|0.00|0.19|43.0818|33.6365
09|49|0|270|2.9|11.6|315|91.7|36.8|0.00|0.19|43.084|33.6365
09|50|0|315|1.6|11.6|315|91.8|37.0|0.00|0.19|43.0856|34.6256
09|52|0|315|2.9|11.6|315|92.0|36.8|0.00|0.19|43.0875|33.9091
09|53|0|315|5.8|11.6|315|92.2|36.8|0.00|0.19|43.0863|33.9091
09|54|0|315|2.9|11.6|315|92.4|36.7|0.00|0.19|43.0862|33.9091
09|55|0|315|4.4|11.6|315|92.6|36.6|0.00|0.19|43.087|33.9091
09|56|0|315|2.9|11.6|315|92.8|36.6|0.00|0.19|43.0856|33.9091
09|59|0|315|4.4|11.6|315|93.1|36.4|0.00|0.19|43.0865|34.1791
10|01|0|315|6.4|11.6|315|93.6|36.4|0.01|0.20|43.0893|34.1791
10|02|0|315|4.4|11.6|315|93.7|36.3|0.01|0.20|43.0871|34.1791
10|03|0|315|1.6|11.6|315|93.8|36.3|0.02|0.21|43.0896|34.1791
10|04|0|315|1.5|11.6|315|93.8|36.4|0.02|0.21|43.0903|34.1791
10|05|0|270|5.8|11.6|315|93.8|36.4|0.02|0.21|43.0917|34.1791
10|06|0|315|4.4|11.6|315|93.6|36.4|0.02|0.21|43.0903|34.1791
10|07|0|315|2.9|11.6|315|93.6|36.4|0.02|0.21|43.0895|34.1791
10|08|0|315|4.4|11.6|315|93.6|36.3|0.02|0.21|43.0901|34.1791
10|09|0|315|7.3|11.6|315|93.7|36.3|0.02|0.21|43.0922|34.1791
10|10|0|315|5.8|11.6|315|93.8|36.2|0.02|0.21|43.0906|34.1791
10|12|0|315|6.4|11.6|315|94.0|36.2|0.03|0.22|43.0899|34.4465
10|13|0|315|5.8|11.6|315|94.1|36.0|0.03|0.22|43.0914|34.4465
10|14|0|315|4.4|11.6|315|94.3|36.0|0.03|0.22|43.0942|34.4465
10|15|0|315|4.8|11.6|315|94.5|36.0|0.03|0.22|43.0931|34.4465
10|16|0|315|4.4|11.6|315|94.6|36.0|0.03|0.22|43.0957|34.4465
10|17|0|315|6.4|11.6|315|94.7|35.9|0.03|0.22|43.0954|33.4536
10|18|0|315|7.3|11.6|315|94.7|35.9|0.04|0.23|43.0945|33.4536
10|19|0|315|4.8|11.6|315|94.7|35.9|0.04|0.23|43.0944|33.4536
10|21|0|315|4.4|11.6|315|94.9|35.9|0.04|0.23|43.0933|33.4536
10|23|0|315|4.4|11.6|315|95.0|35.8|0.04|0.23|43.0949|33.7173
10|24|0|315|4.4|11.6|315|95.1|35.8|0.04|0.23|43.0957|33.7173
10|25|0|315|4.4|11.6|315|95.2|35.8|0.04|0.23|43.0974|33.7173
10|26|0|315|5.8|11.6|315|95.3|35.8|0.04|0.23|43.0978|33.7173
10|27|0|315|6.5|11.6|315|95.4|35.8|0.05|0.24|43.0984|33.7173
10|29|0|315|5.8|11.6|315|95.4|35.8|0.05|0.24|43.0997|33.7173
10|30|0|315|5.8|11.6|315|95.4|35.7|0.05|0.24|43.0988|33.7173
10|31|0|315|5.8|11.6|315|95.4|35.8|0.05|0.24|43.1|33.7173
10|32|0|0|4.4|11.6|315|95.5|35.8|0.05|0.24|43.0985|33.7173
10|34|0|315|2.9|11.6|315|95.4|35.7|0.05|0.24|43.0983|33.7173
10|35|0|315|4.4|11.6|315|95.4|35.8|0.05|0.24|43.0984|33.7173
10|36|0|315|6.4|11.6|315|95.5|35.8|0.05|0.24|43.0983|33.7173
10|37|0|315|4.4|11.6|315|95.5|35.8|0.05|0.24|43.0988|33.7173
10|38|0|0|2.9|11.6|315|95.5|35.8|0.05|0.24|43.0964|33.7173
10|41|0|0|2.9|11.6|315|95.5|35.9|0.05|0.24|43.0928|33.7173
10|42|0|0|3.2|11.6|315|95.5|35.9|0.05|0.24|43.0934|33.7173
10|43|0|315|2.9|11.6|315|95.5|35.9|0.05|0.24|43.0944|33.7173
10|44|0|338|3.2|11.6|315|95.4|35.9|0.05|0.24|43.0949|33.7173
10|45|0|315|1.6|11.6|315|95.4|35.9|0.05|0.24|43.0944|33.7173
10|46|0|315|1.5|11.6|315|95.4|35.9|0.05|0.24|43.0942|33.7173
10|47|0|315|4.8|11.6|315|95.3|35.9|0.07|0.25|43.0959|33.7173
10|48|0|0|2.9|11.6|315|95.2|35.8|0.07|0.25|43.097|33.7173
10|49|0|315|4.8|11.6|315|95.2|35.8|0.07|0.25|43.0967|33.7173
10|50|0|315|2.9|11.6|315|95.2|35.8|0.07|0.25|43.0951|33.7173
10|51|0|315|4.4|11.6|315|95.3|35.8|0.07|0.25|43.0946|33.7173
10|52|0|315|3.2|11.6|315|95.2|35.8|0.07|0.25|43.0929|33.7173
10|53|0|315|2.9|11.6|315|95.2|35.8|0.07|0.25|43.0933|33.7173
10|55|0|315|2.9|11.6|315|95.2|35.8|0.07|0.25|43.0915|33.7173
10|56|0|315|2.9|11.6|315|95.2|35.9|0.07|0.25|43.0934|33.7173
10|57|0|315|2.9|11.6|315|95.2|35.9|0.07|0.25|43.0915|33.7173
10|58|0|315|2.9|11.6|315|95.3|35.9|0.07|0.25|43.0913|33.7173
10|59|0|315|4.4|11.6|315|95.3|35.9|0.05|0.25|43.0908|33.7173
11|00|0|315|2.9|11.6|315|95.3|35.9|0.05|0.25|43.0902|33.7173
11|01|0|315|3.2|11.6|315|95.3|35.9|0.05|0.25|43.0887|33.7173
11|02|0|270|3.2|11.6|315|95.3|36.0|0.04|0.25|43.0876|34.7113
11|03|0|270|1.5|11.6|315|95.3|36.2|0.04|0.25|43.0882|34.7113
11|05|0|270|3.2|11.6|315|95.2|36.2|0.04|0.25|43.0885|34.7113
11|05|0|315|1.5|11.6|315|95.2|36.3|0.04|0.25|43.0873|34.7113
11|06|0|315|1.5|11.6|315|95.1|36.3|0.04|0.25|43.0868|34.7113
11|07|0|315|2.9|11.6|315|95.1|36.4|0.04|0.25|43.0864|34.7113
11|08|0|315|2.9|11.6|315|95.0|36.4|0.04|0.25|43.0847|34.7113
11|09|0|315|2.9|11.6|315|95.0|36.4|0.04|0.25|43.0862|34.7113
11|11|0|270|2.9|11.6|315|94.9|36.4|0.04|0.25|43.0867|34.4465
11|12|0|315|1.6|11.6|315|95.0|36.5|0.03|0.25|43.0886|34.7113
11|13|0|315|4.4|11.6|315|95.0|36.4|0.03|0.25|43.0868|34.7113
11|15|0|315|2.9|11.6|315|95.0|36.5|0.03|0.25|43.0898|34.7113
11|16|0|270|2.9|11.6|315|95.0|36.6|0.03|0.25|43.0888|34.7113
11|17|0|315|2.9|11.6|315|95.0|36.6|0.02|0.25|43.0911|34.7113
11|18|0|315|4.4|11.6|315|95.0|36.6|0.02|0.25|43.0905|34.7113
11|19|0|270|1.6|11.6|315|95.1|36.6|0.02|0.25|43.0894|34.7113
11|20|0|315|5.8|11.6|315|95.1|36.7|0.02|0.25|43.089|34.7113
11|22|0|315|5.8|11.6|315|94.9|36.7|0.02|0.25|43.0905|34.4465
11|23|0|315|2.9|11.6|315|94.7|36.8|0.02|0.25|43.0905|34.4465
11|24|0|315|4.4|11.6|315|94.6|36.8|0.02|0.25|43.0909|34.4465
11|25|0|315|2.9|11.6|315|94.5|37.0|0.02|0.25|43.0865|35.4393
11|26|0|315|4.8|11.6|315|94.4|37.1|0.01|0.25|43.0862|35.4393
11|28|0|315|2.9|11.6|315|94.3|37.1|0.01|0.25|43.0856|35.4393
11|29|0|315|7.3|11.6|315|94.4|37.2|0.01|0.25|43.0847|35.4393
11|31|0|315|4.8|11.6|315|94.2|37.2|0.01|0.25|43.0851|35.4393
11|32|0|315|5.8|11.6|315|94.0|37.2|0.01|0.25|43.0826|35.4393
11|33|0|0|4.4|11.6|315|93.9|37.3|0.01|0.25|43.0822|35.1706
11|34|0|315|5.8|11.6|315|93.9|37.3|0.01|0.25|43.081|35.1706
11|35|0|315|4.4|11.6|315|93.8|37.3|0.01|0.25|43.0799|35.1706
11|36|0|270|2.9|11.6|315|93.7|37.3|0.01|0.25|43.0801|35.1706
11|37|0|315|1.5|11.6|315|93.6|37.4|0.01|0.25|43.0793|35.1706
11|38|0|315|1.5|11.6|315|93.5|37.5|0.01|0.25|43.0778|35.1706
11|39|0|270|6.4|11.6|315|93.3|37.5|0.01|0.25|43.0785|35.1706
11|40|0|270|0.0|11.6|315|93.0|37.5|0.01|0.25|43.078|35.1706
11|41|0|270|1.6|11.6|315|93.0|37.6|0.01|0.25|43.0786|35.1706
11|43|0|270|1.5|11.6|315|93.0|37.7|0.01|0.25|43.0764|35.1706
11|44|0|315|3.2|11.6|315|93.0|37.7|0.01|0.25|43.0725|35.1706
11|46|0|0|1.5|11.6|315|92.9|37.7|0.00|0.25|43.0698|34.8994
11|47|0|270|4.8|11.6|315|92.7|37.7|0.00|0.25|43.0733|34.8994
11|48|0|270|2.9|11.6|315|92.6|37.8|0.00|0.25|43.0716|34.8994
11|49|0|315|1.5|11.6|315|92.4|37.8|0.00|0.25|43.0701|34.8994
11|50|0|293|1.6|11.6|315|92.2|38.0|0.00|0.25|43.0732|35.8897
11|51|0|270|2.9|11.6|315|92.2|38.0|0.00|0.25|43.0715|35.8897
11|53|0|270|3.2|11.6|315|92.1|38.0|0.00|0.25|43.0733|35.8897
11|54|0|270|5.8|11.6|315|92.1|38.0|0.00|0.25|43.0708|35.8897
11|55|0|270|2.9|11.6|315|92.0|38.0|0.00|0.25|43.0709|35.8897
11|56|0|225|3.2|11.6|315|92.0|38.0|0.00|0.25|43.0689|35.8897
11|58|0|270|2.9|11.6|315|91.9|38.0|0.00|0.25|43.0695|35.6146
12|00|0|270|4.4|11.6|315|91.8|38.0|0.01|0.26|43.0666|35.6146
12|01|0|270|4.4|11.6|315|91.6|38.0|0.01|0.26|43.0666|35.6146
12|02|0|315|2.9|11.6|315|91.4|38.0|0.01|0.26|43.0657|35.6146
12|03|0|270|1.5|11.6|315|91.5|38.0|0.01|0.26|43.0658|35.6146
12|04|0|315|1.6|11.6|315|91.5|38.0|0.01|0.26|43.0656|35.6146
12|05|0|270|2.9|11.6|315|91.6|38.0|0.01|0.26|43.0651|35.6146
12|07|0|270|3.2|11.6|315|91.7|38.0|0.01|0.26|43.0654|35.6146
12|08|0|270|1.5|11.6|315|91.7|38.0|0.01|0.26|43.063|35.6146
12|09|0|270|1.5|11.6|315|91.8|38.1|0.01|0.26|43.0641|35.6146
12|10|0|315|3.2|11.6|315|91.8|38.1|0.01|0.26|43.0649|35.6146
12|11|0|270|4.4|11.6|315|91.7|38.0|0.01|0.26|43.061|35.6146
12|12|0|315|1.5|11.6|315|91.6|38.1|0.01|0.26|43.0609|35.6146
12|13|0|270|4.4|11.6|315|91.6|38.1|0.01|0.26|43.0613|35.6146
12|14|0|315|1.5|11.6|315|91.4|38.1|0.01|0.26|43.0617|35.6146
12|16|0|270|5.8|11.6|315|91.2|38.1|0.01|0.26|43.0607|35.6146
12|17|0|270|4.4|11.6|315|90.9|38.1|0.01|0.26|43.0587|35.3369
12|18|0|315|4.4|11.6|315|91.0|38.0|0.01|0.26|43.0589|35.6146
12|19|0|270|1.5|11.6|315|90.9|38.0|0.01|0.26|43.0582|35.3369
12|20|0|270|1.5|11.6|315|90.9|38.0|0.01|0.26|43.0573|35.3369
12|21|0|270|1.5|11.6|315|91.0|38.1|0.01|0.26|43.0567|35.6146
12|22|0|315|2.9|11.6|315|91.2|38.1|0.01|0.26|43.0571|35.6146
12|23|0|270|1.5|11.6|315|91.0|38.1|0.01|0.26|43.0548|35.6146
12|24|0|315|0.0|11.6|315|90.9|38.1|0.01|0.26|43.0557|35.3369
12|26|0|315|1.5|11.6|315|90.7|38.1|0.01|0.26|43.0542|35.3369
12|26|0|315|3.2|11.6|315|90.4|38.1|0.01|0.26|43.055|35.3369
12|28|0|315|1.5|11.6|315|90.4|38.1|0.01|0.26|43.0542|35.3369
12|29|0|270|1.5|11.6|315|90.5|38.1|0.01|0.26|43.054|35.3369
12|30|0|315|3.2|11.6|315|90.6|38.1|0.01|0.26|43.053|35.3369
12|31|0|270|1.5|11.6|315|90.6|38.1|0.01|0.26|43.0521|35.3369
12|32|0|270|4.4|11.6|315|90.6|38.1|0.01|0.26|43.0534|35.3369
12|33|0|248|4.4|11.6|315|90.5|38.1|0.01|0.26|43.0533|35.3369
12|34|0|315|1.5|11.6|315|90.5|38.1|0.01|0.26|43.0542|35.3369
12|35|0|270|3.2|11.6|315|90.6|38.1|0.01|0.26|43.0541|35.3369
12|36|0|270|4.4|11.6|315|90.4|38.1|0.01|0.26|43.0541|35.3369
12|37|0|315|8.7|11.6|315|90.3|38.1|0.01|0.26|43.0523|35.3369
12|38|0|225|2.9|11.6|315|90.0|38.1|0.01|0.26|43.0527|35.3369
12|39|0|270|1.5|11.6|315|90.1|38.1|0.01|0.26|43.0529|35.3369
12|40|0|315|4.8|11.6|315|90.3|38.1|0.01|0.26|43.0522|35.3369
12|41|0|270|2.9|11.6|315|90.1|38.1|0.01|0.26|43.051|35.3369
12|42|0|315|1.6|11.6|315|90.0|38.1|0.01|0.26|43.0516|35.3369
12|43|0|315|2.9|11.6|315|89.9|38.2|0.01|0.26|43.052|35.0564
12|44|0|315|4.4|11.6|315|89.9|38.2|0.01|0.26|43.0514|35.0564
12|45|0|270|3.2|11.6|315|89.7|38.2|0.01|0.26|43.0508|35.0564
12|46|0|0|7.3|11.6|315|89.7|38.2|0.01|0.26|43.0515|35.0564
12|47|0|315|6.4|11.6|315|90.2|38.2|0.01|0.26|43.0511|35.3369
12|49|0|315|1.6|11.6|315|90.0|38.3|0.01|0.26|43.0534|35.3369
12|50|0|0|4.4|11.6|315|89.9|38.2|0.01|0.26|43.0525|35.0564
12|51|0|0|8.1|11.6|315|89.0|38.2|0.01|0.26|43.0537|35.0564
12|52|0|0|2.9|11.6|315|89.7|38.2|0.01|0.26|43.0523|35.0564
12|53|0|315|4.4|11.6|315|90.2|38.3|0.02|0.28|43.0526|35.3369
12|54|0|315|4.8|11.6|315|90.0|38.2|0.02|0.28|43.0504|35.3369
12|55|0|315|5.8|11.6|315|90.0|38.3|0.02|0.28|43.0497|35.3369
12|56|0|315|3.2|11.6|315|90.1|38.3|0.02|0.28|43.0497|35.3369
12|57|0|315|1.5|11.6|315|90.2|38.3|0.02|0.28|43.0502|35.3369
12|58|0|315|4.8|11.6|315|89.9|38.3|0.03|0.29|43.0493|35.0564
12|59|0|315|5.8|11.6|315|89.9|38.2|0.03|0.29|43.0488|35.0564
13|00|0|315|4.4|11.6|315|89.6|38.2|0.02|0.29|43.0491|35.0564
13|01|0|315|4.8|11.6|315|89.7|38.2|0.02|0.29|43.0482|35.0564
13|03|0|315|4.8|11.6|315|89.9|38.2|0.02|0.29|43.0498|35.0564
13|04|0|315|4.8|11.6|315|89.4|38.2|0.02|0.29|43.0467|35.0564
13|05|0|270|2.9|11.6|315|89.3|38.2|0.02|0.29|43.0473|35.0564
13|07|0|270|2.9|11.6|315|88.9|38.2|0.02|0.29|43.0468|34.7731
13|09|0|293|4.4|11.6|315|89.1|38.3|0.02|0.29|43.0457|35.0564
13|10|0|315|2.9|11.6|315|89.4|38.3|0.02|0.29|43.0443|35.0564
13|11|0|270|5.8|11.6|315|89.4|38.3|0.02|0.29|43.0443|35.0564
13|13|0|0|2.9|11.6|315|90.3|38.4|0.02|0.29|43.0441|35.3369
13|15|0|315|4.4|11.6|315|90.0|38.4|0.02|0.29|43.0422|35.3369
13|16|0|270|2.9|11.6|315|90.1|38.5|0.02|0.29|43.0427|35.3369
13|18|0|315|4.4|11.6|315|89.7|38.5|0.02|0.29|43.0412|35.0564
13|19|0|315|3.2|11.6|315|89.9|38.6|0.02|0.29|43.0405|35.0564
13|21|0|315|2.9|11.6|315|89.2|38.7|0.02|0.29|43.0383|35.0564
13|22|0|315|6.4|11.6|315|88.7|38.7|0.02|0.29|43.0396|34.7731
13|23|0|315|4.4|11.6|315|88.5|38.7|0.02|0.29|43.0405|34.7731
13|25|0|315|4.4|11.6|315|88.9|38.7|0.02|0.29|43.0399|34.7731
13|26|0|225|2.9|11.6|315|88.9|38.7|0.02|0.29|43.0384|34.7731
13|28|0|315|3.2|11.6|315|88.6|38.9|0.02|0.29|43.0397|34.7731
13|29|0|315|7.3|11.6|315|88.4|38.9|0.02|0.29|43.0399|34.7731
13|30|0|315|3.2|11.6|315|87.5|38.9|0.02|0.29|43.0389|34.4869
13|31|0|315|5.8|11.6|315|88.1|38.9|0.02|0.29|43.0404|34.7731
13|32|0|315|8.7|11.6|315|88.6|38.9|0.02|0.29|43.0411|34.7731
13|33|0|0|1.6|11.6|315|88.2|38.7|0.02|0.29|43.0397|34.7731
13|34|0|315|4.4|11.6|315|87.6|38.7|0.02|0.29|43.0403|34.4869
13|36|0|315|2.9|11.6|315|87.4|38.7|0.02|0.29|43.0389|34.4869
13|37|0|315|4.4|11.6|315|87.0|38.7|0.02|0.29|43.0396|34.4869
13|38|0|270|2.9|11.6|315|87.0|38.7|0.02|0.29|43.0406|34.4869
13|39|0|270|4.4|11.6|315|87.1|38.9|0.02|0.29|43.041|34.4869
13|40|0|270|2.9|11.6|315|86.9|38.9|0.02|0.29|43.0413|34.1978
13|41|0|315|1.5|11.6|315|87.3|38.9|0.02|0.29|43.042|34.4869
13|42|0|270|1.5|11.6|315|87.7|38.9|0.02|0.29|43.0412|34.4869
13|43|0|270|1.6|11.6|315|88.0|39.0|0.02|0.29|43.0429|35.7582
13|45|0|270|1.5|11.6|315|88.0|39.0|0.02|0.29|43.0406|35.7582
13|46|0|270|1.6|11.6|315|87.5|39.1|0.02|0.29|43.0411|35.4707
13|47|0|270|1.5|11.6|315|87.4|39.1|0.02|0.29|43.0412|35.4707
13|48|0|315|3.2|11.6|315|87.5|39.2|0.02|0.29|43.0421|35.4707
13|50|0|270|1.5|11.6|315|87.5|39.2|0.02|0.29|43.0411|35.4707
13|51|0|225|1.5|11.6|315|87.6|39.2|0.02|0.29|43.0435|35.4707
13|52|0|270|0.0|11.6|315|87.7|39.3|0.01|0.29|43.0429|35.4707
13|53|0|315|1.5|11.6|315|87.9|39.3|0.01|0.29|43.042|35.4707
13|54|0|225|1.5|11.6|315|88.2|39.3|0.01|0.29|43.0418|35.7582
13|55|0|270|1.5|11.6|315|88.3|39.4|0.01|0.29|43.0437|35.7582
13|56|0|270|1.5|11.6|315|88.3|39.4|0.01|0.29|43.0407|35.7582
13|57|0|225|1.6|11.6|315|88.2|39.4|0.01|0.29|43.0396|35.7582
13|58|0|225|2.9|11.6|315|88.2|39.4|0.00|0.29|43.0412|35.7582
13|59|0|270|2.9|11.6|315|88.0|39.4|0.00|0.29|43.0411|35.7582
14|00|0|225|3.2|11.6|315|87.8|39.4|0.00|0.29|43.042|35.4707
14|01|0|225|2.9|11.6|315|87.8|39.4|0.00|0.29|43.0396|35.4707
14|02|0|225|1.6|11.6|315|87.9|39.4|0.00|0.29|43.0413|35.4707
14|03|0|270|2.9|11.6|315|88.0|39.4|0.00|0.29|43.039|35.7582
14|04|0|270|1.5|11.6|315|87.7|39.4|0.00|0.29|43.0415|35.4707
14|05|0|270|1.6|11.6|315|87.7|39.4|0.00|0.29|43.0415|35.4707
14|06|0|270|2.9|11.6|315|87.8|39.4|0.00|0.29|43.0444|35.4707
14|07|0|270|1.5|11.6|315|87.4|39.4|0.00|0.29|43.0455|35.4707
14|08|0|270|3.2|11.6|315|87.4|39.4|0.00|0.29|43.0455|35.4707
14|09|0|225|1.5|11.6|315|87.4|39.4|0.00|0.29|43.0451|35.4707
14|11|0|270|1.5|11.6|315|87.5|39.3|0.00|0.29|43.0454|35.4707
14|12|0|270|2.9|11.6|315|87.2|39.3|0.00|0.29|43.045|35.4707
14|13|0|270|1.6|11.6|315|87.2|39.3|0.00|0.29|43.0439|35.4707
14|14|0|270|2.9|11.6|315|87.3|39.2|0.00|0.29|43.0431|35.4707
14|15|0|225|1.5|11.6|315|87.4|39.2|0.00|0.29|43.044|35.4707
14|17|0|270|1.5|11.6|315|87.7|39.2|0.00|0.29|43.0459|35.4707
14|18|0|270|1.5|11.6|315|87.8|39.2|0.00|0.29|43.0462|35.4707
14|19|0|270|2.9|11.6|315|88.0|39.2|0.00|0.29|43.0461|35.7582
14|20|0|225|0.0|11.6|315|88.2|39.2|0.00|0.29|43.0487|35.7582
14|21|0|270|0.0|11.6|315|88.4|39.2|0.00|0.29|43.0474|35.7582
14|22|0|225|0.0|11.6|315|88.4|39.2|0.00|0.29|43.0484|35.7582
14|23|0|225|1.6|11.6|315|88.5|39.2|0.00|0.29|43.0477|35.7582
14|24|0|225|0.0|11.6|315|88.6|39.2|0.00|0.29|43.0476|35.7582
14|25|0|270|1.5|11.6|315|88.7|39.2|0.00|0.29|43.0466|35.7582
14|26|0|270|1.6|11.6|315|88.8|39.2|0.00|0.29|43.0501|35.7582
14|27|0|270|1.5|11.6|315|88.9|39.2|0.00|0.29|43.0484|35.7582
14|29|0|270|1.5|11.6|315|88.9|39.2|0.00|0.29|43.0501|35.7582
14|29|0|270|0.0|11.6|315|88.9|39.2|0.00|0.29|43.0494|35.7582
14|32|0|270|1.5|11.6|315|88.7|39.1|0.00|0.29|43.0521|35.7582
14|33|0|270|4.8|11.6|315|88.6|39.1|0.00|0.29|43.0555|35.7582
14|34|0|270|2.9|11.6|315|88.4|39.0|0.00|0.29|43.0555|35.7582
14|35|0|270|2.9|11.6|315|88.4|39.0|0.00|0.29|43.056|35.7582
14|36|0|270|3.2|11.6|315|88.5|38.9|0.00|0.29|43.0594|34.7731
14|37|0|270|1.5|11.6|315|88.6|39.0|0.00|0.29|43.062|35.7582
14|38|0|225|1.5|11.6|315|88.7|38.9|0.00|0.29|43.0611|34.7731
14|40|0|270|4.4|11.6|315|89.1|38.9|0.00|0.29|43.0688|35.0564
14|41|0|315|4.8|11.6|315|89.0|38.7|0.00|0.29|43.0742|35.0564
14|42|0|315|4.4|11.6|315|89.2|38.5|0.00|0.29|43.0773|35.0564
14|43|0|315|4.4|11.6|315|89.6|38.5|0.01|0.30|43.0819|35.0564
14|46|0|315|8.1|11.6|315|89.6|38.2|0.01|0.30|43.0823|35.0564
14|47|0|315|7.3|11.6|315|89.5|38.2|0.01|0.30|43.0852|35.0564
14|48|0|315|7.3|11.6|315|89.8|38.1|0.02|0.31|43.0839|35.0564
14|49|0|315|4.8|11.6|315|90.1|38.1|0.02|0.31|43.0839|35.3369
14|50|0|315|5.8|11.6|315|90.1|38.1|0.02|0.31|43.0841|35.3369
14|52|0|315|4.4|11.6|315|90.2|38.1|0.02|0.31|43.0831|35.3369
14|53|0|315|5.8|11.6|315|90.3|38.1|0.03|0.32|43.085|35.3369
14|55|0|0|2.9|11.6|315|90.3|38.1|0.03|0.32|43.0885|35.3369
14|56|0|315|2.9|11.6|315|90.6|38.0|0.03|0.32|43.0879|35.3369
14|57|0|0|4.8|11.6|315|90.8|38.0|0.03|0.32|43.0883|35.3369
14|58|0|315|5.8|11.6|315|90.7|38.0|0.03|0.32|43.0864|35.3369
14|59|0|315|2.9|11.6|315|90.6|38.0|0.03|0.32|43.0809|35.3369
15|00|0|315|4.4|11.6|315|90.7|38.0|0.03|0.32|43.0851|35.3369
15|01|0|315|5.8|11.6|315|90.9|37.8|0.03|0.32|43.0872|34.3491
15|02|0|315|5.8|11.6|315|90.8|37.8|0.04|0.33|43.0921|34.3491
15|03|0|315|4.8|11.6|315|91.1|37.8|0.04|0.33|43.0904|34.6256
15|04|0|315|1.6|11.6|315|91.4|37.8|0.04|0.33|43.0906|34.6256
15|05|0|315|2.9|11.6|315|91.5|37.8|0.04|0.33|43.085|34.6256
15|07|0|315|0.0|11.6|315|91.4|38.0|0.05|0.34|43.0808|35.6146
15|08|0|315|1.6|11.6|315|91.4|38.0|0.05|0.34|43.0807|35.6146
15|09|0|248|2.9|11.6|315|91.3|38.0|0.05|0.34|43.0792|35.6146
15|10|0|270|1.5|11.6|315|91.3|38.1|0.05|0.34|43.0786|35.6146
15|11|0|270|1.6|11.6|315|91.3|38.1|0.05|0.34|43.0758|35.6146
15|12|0|270|1.5|11.6|315|91.2|38.2|0.05|0.34|43.0751|35.6146
15|13|0|270|0.0|11.6|315|91.2|38.2|0.05|0.34|43.0721|35.6146
15|14|0|180|1.5|11.6|315|91.2|38.2|0.05|0.34|43.0722|35.6146
15|17|0|180|1.5|11.6|315|91.4|38.2|0.05|0.34|43.0723|35.6146
15|19|0|180|1.5|11.6|315|91.5|38.2|0.05|0.34|43.0779|35.6146
15|20|0|315|1.5|11.6|315|91.6|38.2|0.05|0.34|43.0813|35.6146
15|21|0|315|2.9|11.6|315|91.8|38.2|0.07|0.35|43.0845|35.6146
15|22|0|315|2.9|11.6|315|92.0|38.2|0.07|0.35|43.0857|35.8897
15|23|0|315|0.0|11.6|315|91.9|38.2|0.07|0.35|43.0818|35.6146
15|24|0|315|0.0|11.6|315|91.8|38.3|0.07|0.35|43.0816|35.6146
15|25|0|315|1.5|11.6|315|91.8|38.3|0.07|0.35|43.0873|35.6146
15|26|0|315|1.6|11.6|315|91.9|38.3|0.07|0.35|43.0803|35.6146
15|27|0|135|1.6|11.6|315|91.9|38.3|0.07|0.35|43.0759|35.6146
15|28|0|135|0.0|11.6|315|92.0|38.3|0.07|0.35|43.0819|35.8897
15|30|0|135|1.5|11.6|315|92.0|38.3|0.07|0.35|43.0875|35.8897
15|31|0|0|1.5|11.6|315|92.1|38.3|0.07|0.35|43.0908|35.8897
15|32|0|0|1.5|11.6|315|92.2|38.3|0.07|0.35|43.0927|35.8897
15|34|0|0|1.6|11.6|315|92.3|38.3|0.07|0.35|43.0929|35.8897
15|35|0|0|0.0|11.6|315|92.2|38.3|0.07|0.35|43.0938|35.8897
15|36|0|0|0.0|11.6|315|92.2|38.3|0.07|0.35|43.095|35.8897
15|38|0|0|1.5|11.6|315|92.0|38.3|0.07|0.35|43.0988|35.8897
15|39|0|0|0.0|11.6|315|91.9|38.3|0.07|0.35|43.1|35.6146
15|40|0|0|0.0|11.6|315|91.8|38.3|0.07|0.35|43.0999|35.6146
15|41|0|0|0.0|11.6|315|91.8|38.3|0.07|0.35|43.0978|35.6146
15|42|0|0|0.0|11.6|315|91.7|38.3|0.07|0.35|43.0981|35.6146
15|43|0|0|0.0|11.6|315|91.6|38.3|0.05|0.35|43.0959|35.6146
15|44|0|0|1.5|11.6|315|91.5|38.4|0.05|0.35|43.0967|35.6146
15|45|0|45|1.6|11.6|315|91.4|38.4|0.05|0.35|43.0951|35.6146
15|47|0|45|1.5|11.6|315|91.4|38.4|0.05|0.35|43.0994|35.6146
15|48|0|45|0.0|11.6|315|91.4|38.4|0.04|0.35|43.0986|35.6146
15|49|0|45|0.0|11.6|315|91.5|38.4|0.04|0.35|43.1025|35.6146
15|50|0|45|1.5|11.6|315|91.5|38.4|0.04|0.35|43.1009|35.6146
15|51|0|45|1.6|11.6|315|91.6|38.4|0.04|0.35|43.1013|35.6146
15|52|0|45|1.5|11.6|315|91.6|38.4|0.03|0.35|43.103|35.6146
15|53|0|45|1.5|11.6|315|91.7|38.4|0.03|0.35|43.1047|35.6146
15|54|0|45|0.0|11.6|315|91.7|38.3|0.03|0.35|43.1057|35.6146
15|55|0|0|2.9|11.6|315|91.7|38.3|0.03|0.35|43.1083|35.6146
15|56|0|0|1.5|11.6|315|91.9|38.3|0.03|0.35|43.1146|35.6146
15|58|0|0|1.5|11.6|315|92.1|38.3|0.04|0.36|43.1131|35.8897
16|00|0|0|1.5|11.6|315|92.2|38.3|0.04|0.36|43.1083|35.8897
16|01|0|0|0.0|11.6|315|92.2|38.4|0.03|0.36|43.1094|35.8897
16|02|0|45|1.5|11.6|315|92.1|38.4|0.03|0.36|43.1115|35.8897
16|03|0|0|2.9|11.6|315|91.9|38.3|0.03|0.36|43.1141|35.6146
16|05|0|0|2.9|11.6|315|91.8|38.3|0.03|0.36|43.1175|35.6146
16|06|0|0|3.2|11.6|315|91.8|38.3|0.03|0.36|43.1167|35.6146
16|07|0|0|2.9|11.6|315|91.8|38.3|0.02|0.36|43.1166|35.6146
16|10|0|0|1.6|11.6|315|91.8|38.4|0.02|0.36|43.1168|35.6146
16|11|0|0|1.5|11.6|315|91.8|38.3|0.02|0.36|43.1166|35.6146
16|12|0|0|1.5|11.6|315|91.7|38.4|0.02|0.36|43.1183|35.6146
16|13|0|0|1.5|11.6|315|91.8|38.4|0.02|0.36|43.1202|35.6146
16|14|0|0|1.5|11.6|315|91.9|38.5|0.02|0.36|43.119|35.6146
16|15|0|0|1.5|11.6|315|91.9|38.5|0.02|0.36|43.121|35.6146
16|16|0|0|0.0|11.6|315|91.8|38.6|0.02|0.36|43.1198|35.6146
16|18|0|0|0.0|11.6|315|91.6|38.7|0.02|0.36|43.1221|35.6146
16|19|0|0|0.0|11.6|315|91.5|38.7|0.02|0.36|43.1229|35.6146
16|20|0|0|0.0|11.6|315|91.4|38.7|0.01|0.36|43.1243|35.6146
16|21|0|0|0.0|11.6|315|91.3|38.7|0.01|0.36|43.1224|35.6146
16|24|0|0|0.0|11.6|315|91.2|38.7|0.01|0.36|43.1224|35.6146
16|25|0|0|0.0|11.6|315|91.2|38.7|0.01|0.36|43.1233|35.6146
16|26|0|0|1.5|11.6|315|91.1|38.7|0.01|0.36|43.1249|35.6146
16|27|0|0|0.0|11.6|315|91.0|38.7|0.01|0.36|43.1274|35.6146
16|29|0|0|0.0|11.6|315|90.8|38.9|0.01|0.36|43.129|35.3369
16|30|0|0|0.0|11.6|315|90.9|38.9|0.01|0.36|43.1307|35.3369
16|31|0|0|0.0|11.6|315|90.9|38.9|0.01|0.36|43.1301|35.3369
16|32|0|0|0.0|11.6|315|90.9|38.9|0.01|0.36|43.131|35.3369
16|34|0|0|0.0|11.6|315|91.0|38.9|0.01|0.36|43.1317|35.6146
16|35|0|0|1.5|11.6|315|91.0|38.9|0.01|0.36|43.1306|35.6146
16|36|0|0|0.0|11.6|315|91.0|39.0|0.01|0.36|43.1313|36.6036
16|37|0|0|0.0|11.6|315|91.0|39.0|0.02|0.37|43.1309|36.6036
16|38|0|0|0.0|11.6|315|91.0|39.0|0.02|0.37|43.1305|36.6036
16|39|0|0|0.0|11.6|315|90.9|39.0|0.02|0.37|43.1319|36.3246
16|40|0|0|0.0|11.6|315|90.9|39.1|0.02|0.37|43.1346|36.3246
16|41|0|0|0.0|11.6|315|90.9|39.1|0.02|0.37|43.1339|36.3246
16|43|0|0|0.0|11.6|315|90.9|39.1|0.02|0.37|43.1369|36.3246
16|44|0|0|0.0|11.6|315|90.9|39.1|0.03|0.39|43.1394|36.3246
16|45|0|0|0.0|11.6|315|91.0|39.1|0.03|0.39|43.1399|36.6036
16|46|0|0|0.0|11.6|315|91.0|39.1|0.03|0.39|43.1424|36.6036
16|47|0|0|0.0|11.6|315|91.0|39.1|0.03|0.39|43.142|36.6036
16|48|0|0|0.0|11.6|315|91.0|39.1|0.03|0.39|43.1403|36.6036
16|49|0|0|0.0|11.6|315|91.0|39.1|0.03|0.39|43.1419|36.6036
16|50|0|0|0.0|11.6|315|91.0|39.2|0.03|0.39|43.1453|36.6036
16|51|0|0|0.0|11.6|315|91.1|39.1|0.03|0.39|43.1438|36.6036
16|52|0|0|0.0|11.6|315|91.1|39.2|0.03|0.39|43.1451|36.6036
16|53|0|0|0.0|11.6|315|91.1|39.2|0.03|0.39|43.1457|36.6036
16|54|0|0|1.5|11.6|315|91.2|39.2|0.03|0.39|43.146|36.6036
16|55|0|0|0.0|11.6|315|91.2|39.2|0.03|0.39|43.149|36.6036
16|57|0|0|0.0|11.6|315|91.3|39.2|0.03|0.39|43.1536|36.6036
16|58|0|0|1.5|11.6|315|91.2|39.2|0.02|0.39|43.1574|36.6036
16|59|0|0|0.0|11.6|315|91.2|39.1|0.02|0.39|43.1579|36.6036
17|00|0|0|1.5|11.6|315|91.1|39.1|0.02|0.39|43.1596|36.6036
17|01|0|0|1.5|11.6|315|91.0|39.1|0.02|0.39|43.1608|36.6036
17|02|0|0|1.6|11.6|315|91.0|39.0|0.02|0.39|43.1603|36.6036
17|03|0|0|0.0|11.6|315|91.0|39.0|0.02|0.39|43.1612|36.6036
17|05|0|270|1.6|11.6|315|91.0|39.0|0.02|0.39|43.1635|36.6036
17|06|0|270|1.5|11.6|315|91.0|39.0|0.02|0.39|43.1644|36.6036
17|07|0|270|1.5|11.6|315|91.0|38.9|0.02|0.39|43.1657|35.6146
17|08|0|270|0.0|11.6|315|90.9|38.9|0.02|0.39|43.1662|35.3369
17|09|0|270|1.5|11.6|315|91.0|38.9|0.02|0.39|43.1671|35.6146
17|10|0|270|0.0|11.6|315|91.1|38.9|0.02|0.39|43.1656|35.6146
17|11|0|225|1.6|11.6|315|91.2|38.9|0.02|0.39|43.1655|35.6146
17|12|0|225|2.9|11.6|315|91.4|38.9|0.02|0.39|43.1682|35.6146
17|13|0|225|0.0|11.6|315|91.4|38.9|0.02|0.39|43.1699|35.6146
17|14|0|225|1.5|11.6|315|91.5|38.9|0.02|0.39|43.1732|35.6146
17|15|0|225|1.5|11.6|315|91.5|38.7|0.02|0.39|43.1725|35.6146
17|16|0|225|0.0|11.6|315|91.6|38.7|0.02|0.39|43.1721|35.6146
17|17|0|225|0.0|11.6|315|91.6|38.7|0.02|0.39|43.1716|35.6146
17|18|0|225|0.0|11.6|315|91.7|38.9|0.03|0.40|43.1758|35.6146
17|19|0|225|0.0|11.6|315|91.7|38.9|0.03|0.40|43.1739|35.6146
17|20|0|225|1.5|11.6|315|91.6|38.7|0.03|0.40|43.1739|35.6146
17|21|0|225|1.6|11.6|315|91.6|38.7|0.03|0.40|43.1749|35.6146
17|22|0|225|1.6|11.6|315|91.6|38.7|0.03|0.40|43.1776|35.6146
17|23|0|225|0.0|11.6|315|91.6|38.7|0.03|0.40|43.1792|35.6146
17|24|0|225|1.5|11.6|315|91.6|38.7|0.03|0.40|43.1809|35.6146
17|25|0|225|0.0|11.6|315|91.6|38.7|0.03|0.40|43.1806|35.6146
17|27|0|225|0.0|11.6|315|91.6|38.7|0.03|0.40|43.1822|35.6146
17|28|0|225|0.0|11.6|315|91.6|38.7|0.03|0.40|43.1818|35.6146
17|30|0|225|0.0|11.6|315|91.5|38.7|0.03|0.40|43.1825|35.6146
17|31|0|225|0.0|11.6|315|91.5|38.7|0.03|0.40|43.1853|35.6146
17|32|0|225|1.5|11.6|315|91.5|38.7|0.03|0.40|43.185|35.6146
17|33|0|225|0.0|11.6|315|91.5|38.7|0.03|0.40|43.1855|35.6146
17|34|0|225|0.0|11.6|315|91.5|38.7|0.03|0.40|43.1856|35.6146
17|36|0|270|1.5|11.6|315|91.5|38.7|0.03|0.40|43.1872|35.6146
17|36|0|270|1.5|11.6|315|91.5|38.7|0.03|0.40|43.1873|35.6146
17|37|0|270|1.6|11.6|315|91.5|38.7|0.02|0.40|43.1885|35.6146
17|38|0|270|0.0|11.6|315|91.5|38.7|0.02|0.40|43.1881|35.6146
17|39|0|270|0.0|11.6|315|91.5|38.6|0.02|0.40|43.1863|35.6146
17|41|0|270|0.0|11.6|315|91.5|38.6|0.02|0.40|43.1884|35.6146
17|42|0|270|1.5|11.6|315|91.4|38.6|0.02|0.40|43.188|35.6146
17|43|0|270|1.6|11.6|315|91.4|38.6|0.01|0.40|43.1879|35.6146
17|44|0|270|0.0|11.6|315|91.4|38.6|0.01|0.40|43.1908|35.6146
17|45|0|270|1.6|11.6|315|91.4|38.5|0.01|0.40|43.1892|35.6146
17|46|0|270|0.0|11.6|315|91.4|38.5|0.01|0.40|43.1904|35.6146
17|48|0|270|0.0|11.6|315|91.4|38.5|0.01|0.40|43.1911|35.6146
17|49|0|270|0.0|11.6|315|91.3|38.5|0.01|0.40|43.1925|35.6146
17|51|0|270|0.0|11.6|315|91.2|38.5|0.01|0.40|43.1926|35.6146
17|52|0|270|1.5|11.6|315|91.3|38.4|0.01|0.40|43.1942|35.6146
17|53|0|270|0.0|11.6|315|91.3|38.4|0.01|0.40|43.1939|35.6146
17|54|0|270|1.5|11.6|315|91.4|38.3|0.01|0.40|43.1933|35.6146
17|55|0|270|0.0|11.6|315|91.5|38.3|0.01|0.40|43.1948|35.6146
17|56|0|270|1.6|11.6|315|91.6|38.3|0.02|0.41|43.1956|35.6146
17|57|0|270|0.0|11.6|315|91.7|38.3|0.02|0.41|43.1953|35.6146
18|00|0|270|0.0|11.6|315|91.8|38.2|0.02|0.41|43.1984|35.6146
18|01|0|270|2.9|11.6|315|91.9|38.2|0.02|0.41|43.1999|35.6146
18|02|0|270|1.5|11.6|315|91.9|38.2|0.02|0.41|43.198|35.6146
18|03|0|270|1.5|11.6|315|92.0|38.2|0.02|0.41|43.1992|35.8897
18|04|0|270|2.9|11.6|315|92.0|38.2|0.02|0.41|43.1986|35.8897
18|05|0|270|1.5|11.6|315|92.1|38.2|0.02|0.41|43.1984|35.8897
18|06|0|270|1.5|11.6|315|92.1|38.2|0.02|0.41|43.2013|35.8897
18|07|0|270|1.6|11.6|315|92.1|38.2|0.02|0.41|43.2019|35.8897
18|09|0|270|1.5|11.6|315|92.1|38.2|0.02|0.41|43.2007|35.8897
18|10|0|270|1.5|11.6|315|92.1|38.2|0.02|0.41|43.2025|35.8897
18|11|0|270|4.8|11.6|315|92.1|38.2|0.02|0.41|43.2025|35.8897
18|12|0|315|2.9|11.6|315|92.0|38.1|0.02|0.41|43.2034|35.8897
18|13|0|270|2.9|11.6|315|92.0|38.1|0.02|0.41|43.2051|35.8897
18|15|0|270|1.5|11.6|315|91.9|38.1|0.02|0.41|43.2067|35.6146
18|16|0|270|1.5|11.6|315|91.9|38.1|0.02|0.41|43.2082|35.6146
18|18|0|270|1.5|11.6|315|91.8|38.1|0.01|0.41|43.2094|35.6146
18|18|0|270|2.9|11.6|315|91.9|38.0|0.01|0.41|43.2098|35.6146
18|19|0|270|2.9|11.6|315|91.8|38.0|0.01|0.41|43.2101|35.6146
18|20|0|315|1.5|11.6|315|91.8|38.0|0.01|0.41|43.2123|35.6146
18|21|0|270|2.9|11.6|315|91.8|38.0|0.01|0.41|43.2138|35.6146
18|22|0|270|1.6|11.6|315|91.8|37.8|0.01|0.41|43.2146|34.6256
18|23|0|315|2.9|11.6|315|91.8|37.8|0.01|0.41|43.2151|34.6256
18|25|0|270|1.6|11.6|315|91.8|37.8|0.01|0.41|43.2154|34.6256
18|25|0|270|1.5|11.6|315|91.8|37.8|0.01|0.41|43.2184|34.6256
18|26|0|270|2.9|11.6|315|91.9|37.7|0.01|0.41|43.2188|34.6256
18|27|0|270|3.2|11.6|315|92.0|37.7|0.01|0.41|43.2206|34.8994
18|30|0|270|2.9|11.6|315|92.1|37.7|0.01|0.41|43.2221|34.8994
18|31|0|270|1.5|11.6|315|92.2|37.6|0.01|0.41|43.2204|34.8994
18|32|0|270|1.6|11.6|315|92.2|37.6|0.01|0.41|43.2216|34.8994
18|34|0|270|1.5|11.6|315|92.2|37.6|0.01|0.41|43.2244|34.8994
18|36|0|270|2.9|11.6|315|92.3|37.5|0.01|0.41|43.2251|34.8994
18|37|0|270|4.4|11.6|315|92.3|37.5|0.01|0.41|43.2263|34.8994
18|38|0|270|2.9|11.6|315|92.3|37.5|0.01|0.41|43.2273|34.8994
18|39|0|270|1.5|11.6|315|92.2|37.4|0.01|0.41|43.2261|34.8994
18|40|0|270|1.6|11.6|315|92.1|37.4|0.01|0.41|43.2253|34.8994
18|41|0|270|4.4|11.6|315|92.1|37.4|0.01|0.41|43.2261|34.8994
18|42|0|315|2.9|11.6|315|92.1|37.4|0.01|0.41|43.2274|34.8994
18|43|0|270|1.6|11.6|315|92.1|37.3|0.01|0.41|43.2266|34.8994
18|44|0|270|4.4|11.6|315|92.1|37.3|0.01|0.41|43.2273|34.8994
18|47|0|270|0.0|11.6|315|92.1|37.3|0.01|0.41|43.2302|34.8994
18|47|0|270|1.5|11.6|315|92.1|37.2|0.01|0.41|43.2301|34.8994
18|48|0|270|4.4|11.6|315|92.1|37.2|0.01|0.41|43.2321|34.8994
18|49|0|248|2.9|11.6|315|92.2|37.2|0.01|0.41|43.233|34.8994
18|51|0|270|2.9|11.6|315|92.3|37.1|0.01|0.41|43.2349|34.8994
18|52|0|225|2.9|11.6|315|92.4|37.1|0.01|0.41|43.2349|34.8994
18|53|0|270|1.6|11.6|315|92.5|37.1|0.01|0.41|43.2332|34.8994
18|54|0|248|2.9|11.6|315|92.5|37.1|0.01|0.41|43.2342|34.8994
18|55|0|225|1.5|11.6|315|92.6|37.0|0.01|0.41|43.234|34.8994
18|57|0|270|1.5|11.6|315|92.6|37.1|0.00|0.41|43.2379|34.8994
18|57|0|270|2.9|11.6|315|92.6|37.1|0.00|0.41|43.24|34.8994
18|58|0|270|2.9|11.6|315|92.6|37.0|0.00|0.41|43.2409|34.8994
18|59|0|315|1.6|11.6|315|92.4|37.0|0.00|0.41|43.2458|34.8994
19|00|0|315|2.9|11.6|315|92.3|37.0|0.00|0.41|43.2471|34.8994
19|01|0|315|2.9|11.6|315|92.1|36.8|0.00|0.41|43.2462|33.9091
19|02|0|315|3.2|11.6|315|92.1|36.8|0.00|0.41|43.2488|33.9091
19|04|0|315|2.9|11.6|315|92.3|36.7|0.00|0.41|43.2491|33.9091
19|04|0|315|3.2|11.6|315|92.4|36.7|0.00|0.41|43.2506|33.9091
19|05|0|315|4.4|11.6|315|92.3|36.6|0.00|0.41|43.2497|33.9091
19|06|0|315|4.4|11.6|315|92.4|36.5|0.00|0.41|43.2514|33.9091
19|08|0|315|4.4|11.6|315|92.5|36.5|0.00|0.41|43.2526|33.9091
19|09|0|315|4.4|11.6|315|92.7|36.5|0.00|0.41|43.2534|33.9091
19|11|0|315|2.9|11.6|315|92.7|36.5|0.00|0.41|43.2531|33.9091
19|11|0|315|2.9|4.8|315|92.9|36.5|0.00|0.00|43.2544|33.9091
19|12|0|315|1.6|4.8|315|92.9|36.5|0.00|0.00|43.2547|33.9091
19|13|0|315|4.4|4.8|315|92.9|36.4|0.00|0.00|43.2555|33.9091
19|14|0|315|4.4|5.8|315|93.1|36.4|0.00|0.00|43.2562|34.1791
19|15|0|315|3.2|5.8|315|93.2|36.4|0.00|0.00|43.2575|34.1791
19|16|0|315|5.8|8.7|315|93.3|36.4|0.00|0.00|43.2582|34.1791
19|19|0|315|4.4|8.7|315|93.5|36.5|0.00|0.00|43.2583|34.1791
19|20|0|315|4.4|8.7|315|93.5|36.5|0.00|0.00|43.2569|34.1791
19|21|0|315|4.4|8.7|315|93.4|36.5|0.00|0.00|43.2581|34.1791
19|22|0|270|4.8|8.7|315|93.2|36.5|0.00|0.00|43.2568|34.1791
19|24|0|293|5.8|8.7|315|93.3|36.5|0.00|0.00|43.2582|34.1791
19|24|0|315|4.4|8.7|315|93.5|36.5|0.00|0.00|43.2578|34.1791
19|26|0|315|5.8|8.7|315|93.3|36.5|0.00|0.00|43.2579|34.1791
19|27|0|315|5.8|8.7|315|93.3|36.5|0.00|0.00|43.257|34.1791
19|28|0|315|4.8|8.7|315|93.3|36.5|0.00|0.00|43.2575|34.1791
19|29|0|315|5.8|8.7|315|93.5|36.5|0.00|0.00|43.2563|34.1791
19|30|0|315|5.8|8.7|315|93.5|36.6|0.00|0.00|43.2565|34.1791
19|32|0|315|2.9|8.7|315|93.3|36.6|0.00|0.00|43.2572|34.1791
19|34|0|315|4.4|8.7|315|93.2|36.6|0.00|0.00|43.2593|34.1791
19|35|0|270|6.4|8.7|315|93.3|36.6|0.00|0.00|43.2601|34.1791
19|36|0|315|4.4|8.7|315|93.4|36.6|0.00|0.00|43.2594|34.1791
19|37|0|315|4.4|9.7|315|93.4|36.7|0.00|0.00|43.2631|34.1791
19|39|0|270|5.8|9.7|315|93.3|36.8|0.00|0.00|43.2609|34.1791
19|40|0|315|8.7|9.7|315|93.3|36.8|0.00|0.00|43.2634|34.1791
19|41|0|315|5.8|10.2|315|93.2|37.0|0.00|0.00|43.2656|35.1706
19|42|0|315|6.4|10.2|315|93.1|37.0|0.00|0.00|43.2664|35.1706
19|45|0|315|4.4|10.2|315|92.9|37.1|0.00|0.00|43.2686|34.8994
19|46|0|315|5.8|10.2|315|92.9|37.1|0.00|0.00|43.2692|34.8994
19|47|0|315|5.8|10.2|315|92.9|37.1|0.00|0.00|43.269|34.8994
19|48|0|315|4.8|10.2|315|92.8|37.1|0.00|0.00|43.2688|34.8994
19|49|0|315|4.4|11.3|315|92.7|37.1|0.00|0.00|43.2686|34.8994
19|50|0|315|4.8|11.3|315|92.6|37.2|0.00|0.00|43.271|34.8994
19|51|0|315|7.3|11.3|315|92.5|37.2|0.00|0.00|43.2723|34.8994
19|52|0|315|5.8|11.3|315|92.5|37.2|0.00|0.00|43.2728|34.8994
19|53|0|315|4.8|11.3|315|92.4|37.2|0.00|0.00|43.2734|34.8994
19|54|0|315|7.3|11.3|315|92.4|37.2|0.00|0.00|43.273|34.8994
19|56|0|315|4.4|11.3|315|92.2|37.3|0.00|0.00|43.2765|34.8994
19|57|0|315|7.3|11.3|315|92.2|37.3|0.00|0.00|43.2773|34.8994
19|59|0|315|5.8|11.3|315|92.1|37.3|0.00|0.00|43.2798|34.8994
20|00|0|315|5.8|11.3|315|92.1|37.3|0.00|0.00|43.2785|34.8994
20|02|0|315|6.4|11.3|315|92.0|37.3|0.00|0.00|43.2844|34.8994
20|04|0|315|4.8|11.3|315|92.0|37.3|0.00|0.00|43.2862|34.8994
20|05|0|315|4.4|11.3|315|92.0|37.3|0.00|0.00|43.291|34.8994
20|06|0|0|4.8|11.3|315|92.0|37.3|0.00|0.00|43.2887|34.8994
20|07|0|315|5.8|11.3|315|92.1|37.3|0.00|0.00|43.2913|34.8994
20|08|0|315|5.8|11.3|315|92.1|37.2|0.00|0.00|43.292|34.8994
20|09|0|338|4.8|11.3|315|92.2|37.2|0.00|0.00|43.2944|34.8994
20|11|0|315|4.4|11.3|315|92.4|37.2|0.00|0.00|43.2975|34.8994
20|12|0|315|4.4|11.3|315|92.4|37.2|0.00|0.00|43.2982|34.8994
20|13|0|315|4.4|11.3|315|92.4|37.2|0.00|0.00|43.2988|34.8994
20|16|0|315|1.5|11.3|315|92.4|37.2|0.00|0.00|43.3002|34.8994
20|17|0|315|2.9|11.3|315|92.4|37.3|0.00|0.00|43.2999|34.8994
20|20|0|315|4.8|11.3|315|92.2|37.2|0.00|0.00|43.2971|34.8994
20|21|0|315|4.4|11.3|315|92.2|37.2|0.00|0.00|43.2994|34.8994
20|22|0|315|3.2|11.3|315|92.2|37.2|0.00|0.00|43.2992|34.8994
20|24|0|315|2.9|11.3|315|92.1|37.2|0.00|0.00|43.2973|34.8994
20|25|0|315|4.8|11.3|315|92.0|37.2|0.00|0.00|43.3021|34.8994
20|26|0|315|2.9|11.3|315|92.0|37.2|0.00|0.00|43.3046|34.8994
20|27|0|315|4.8|11.3|315|92.0|37.1|0.00|0.00|43.3043|34.8994
20|28|0|315|5.8|11.3|315|92.0|37.1|0.00|0.00|43.306|34.8994
20|29|0|315|4.4|11.3|315|92.0|37.1|0.00|0.00|43.307|34.8994
20|30|0|315|8.7|11.3|315|92.1|37.0|0.00|0.00|43.3054|34.8994
20|31|0|315|8.7|11.3|315|92.1|37.0|0.00|0.00|43.3067|34.8994
20|32|0|315|4.8|11.3|315|92.2|37.0|0.00|0.00|43.3059|34.8994
20|33|0|315|5.8|11.3|315|92.2|37.0|0.00|0.00|43.305|34.8994
20|34|0|315|2.9|11.3|315|92.3|37.0|0.00|0.00|43.3052|34.8994
20|35|0|270|2.9|11.3|315|92.2|37.0|0.00|0.00|43.3047|34.8994
20|36|0|315|5.8|11.3|315|92.2|37.0|0.00|0.00|43.3039|34.8994
20|38|0|270|5.8|11.3|315|92.2|37.0|0.00|0.00|43.3043|34.8994
20|40|0|270|2.9|11.3|315|92.3|37.0|0.00|0.00|43.3051|34.8994
20|41|0|315|8.7|11.3|315|92.3|36.8|0.00|0.00|43.3063|33.9091
20|42|0|315|4.4|11.3|315|92.3|36.8|0.00|0.00|43.3072|33.9091
20|44|0|315|7.3|11.3|315|92.5|36.7|0.00|0.00|43.3078|33.9091
20|45|0|315|6.4|11.3|315|92.5|36.7|0.00|0.00|43.3093|33.9091
20|46|0|315|4.4|11.3|315|92.5|36.7|0.00|0.00|43.3126|33.9091
20|47|0|315|4.8|11.3|315|92.5|36.7|0.00|0.00|43.3097|33.9091
20|48|0|315|4.4|11.3|315|92.5|36.7|0.00|0.00|43.3117|33.9091
20|49|0|293|4.4|11.3|315|92.5|36.7|0.00|0.00|43.314|33.9091
20|50|0|315|4.8|11.3|315|92.6|36.7|0.00|0.00|43.3155|33.9091
20|51|0|315|4.4|11.3|315|92.7|36.7|0.00|0.00|43.3161|33.9091
20|52|0|315|6.5|11.3|315|92.7|36.6|0.01|0.01|43.3149|33.9091
20|53|0|315|8.7|11.3|315|92.8|36.6|0.01|0.01|43.3145|33.9091
20|54|0|0|8.7|11.3|315|92.8|36.6|0.02|0.02|43.3166|33.9091
20|55|0|315|5.8|11.3|315|92.9|36.6|0.02|0.02|43.3185|33.9091
20|56|0|0|5.8|11.3|315|92.8|36.7|0.02|0.02|43.3192|33.9091
20|57|0|315|6.4|11.3|315|92.8|36.6|0.02|0.02|43.3195|33.9091
20|58|0|315|8.7|11.3|315|92.8|36.6|0.02|0.02|43.3191|33.9091
20|59|0|315|6.4|11.3|315|92.9|36.6|0.03|0.03|43.3192|33.9091
21|00|0|315|7.3|11.3|315|92.9|36.6|0.03|0.03|43.3179|33.9091
21|02|0|315|4.8|11.3|315|92.9|36.6|0.03|0.03|43.3185|33.9091
21|03|0|315|4.4|11.3|315|92.9|36.6|0.03|0.03|43.3177|33.9091
21|04|0|315|8.1|11.3|315|93.0|36.6|0.03|0.03|43.3172|34.1791
21|05|0|315|6.4|11.3|315|93.0|36.6|0.03|0.03|43.3196|34.1791
21|07|0|315|6.4|11.3|315|93.1|36.6|0.03|0.03|43.3197|34.1791
21|08|0|315|4.4|11.3|315|93.1|36.5|0.03|0.03|43.3185|34.1791
21|09|0|315|9.7|11.3|315|93.1|36.5|0.03|0.03|43.3205|34.1791
21|10|0|315|4.4|11.3|315|93.1|36.5|0.03|0.03|43.3241|34.1791
21|11|0|315|5.8|11.3|315|93.2|36.5|0.03|0.03|43.3231|34.1791
21|12|0|315|6.5|11.3|315|93.3|36.5|0.03|0.03|43.324|34.1791
21|13|0|315|4.4|11.3|315|93.3|36.5|0.03|0.03|43.3259|34.1791
21|16|0|315|7.3|11.3|315|93.4|36.5|0.03|0.03|43.3244|34.1791
21|17|0|315|8.0|11.3|315|93.5|36.5|0.03|0.03|43.323|34.1791
21|18|0|315|7.3|11.3|315|93.6|36.5|0.03|0.03|43.3258|34.1791
21|19|0|315|5.8|11.6|315|93.5|36.5|0.03|0.03|43.3254|34.1791
21|20|0|315|5.8|11.6|315|93.5|36.5|0.03|0.03|43.3243|34.1791
21|21|0|270|4.4|11.6|315|93.5|36.5|0.03|0.03|43.3275|34.1791
21|23|0|315|8.7|11.6|315|93.5|36.5|0.03|0.03|43.3256|34.1791
21|24|0|270|7.3|11.6|315|93.5|36.5|0.03|0.03|43.3284|34.1791
21|25|0|315|5.8|11.6|315|93.4|36.5|0.03|0.03|43.3299|34.1791
21|26|0|315|7.3|11.6|315|93.4|36.5|0.03|0.03|43.3317|34.1791
21|27|0|315|5.8|11.6|315|93.4|36.5|0.03|0.03|43.3319|34.1791
21|28|0|315|5.8|11.6|315|93.4|36.5|0.03|0.03|43.3318|34.1791
21|29|0|315|7.3|11.6|315|93.4|36.6|0.03|0.03|43.3353|34.1791
21|30|0|315|4.8|11.6|315|93.3|36.5|0.03|0.03|43.3349|34.1791
21|31|0|315|7.3|11.6|315|93.3|36.6|0.03|0.03|43.3368|34.1791
21|32|0|315|6.5|11.6|315|93.3|36.5|0.03|0.03|43.3368|34.1791
21|33|0|315|10.2|13.1|315|93.2|36.6|0.03|0.03|43.3382|34.1791
21|34|0|315|7.3|13.1|315|93.2|36.6|0.03|0.03|43.3377|34.1791
21|35|0|315|5.8|13.1|315|93.1|36.6|0.03|0.03|43.3405|34.1791
21|37|0|0|4.4|13.1|315|93.1|36.6|0.03|0.03|43.3394|34.1791
21|37|0|315|3.2|13.1|315|93.1|36.6|0.03|0.03|43.3405|34.1791
21|38|0|315|5.8|13.1|315|93.0|36.6|0.03|0.03|43.3402|34.1791
21|39|0|315|8.1|13.1|315|92.9|36.6|0.03|0.03|43.3403|33.9091
21|40|0|315|7.3|13.1|315|92.8|36.7|0.03|0.03|43.3439|33.9091
21|42|0|315|8.1|13.1|315|92.6|36.7|0.03|0.03|43.3436|33.9091
21|42|0|315|4.8|13.1|315|92.2|36.6|0.03|0.03|43.3441|33.9091
21|44|0|315|5.8|13.1|315|91.9|36.7|0.03|0.03|43.3453|33.6365
21|45|0|315|4.4|13.1|315|91.6|36.7|0.03|0.03|43.3473|33.6365
21|46|0|315|8.7|13.1|315|91.4|36.8|0.03|0.03|43.3474|33.6365
21|47|0|315|8.7|13.1|315|91.0|36.8|0.03|0.03|43.3495|33.6365
21|48|0|315|4.4|13.1|315|90.9|36.8|0.03|0.03|43.3518|33.3613
21|49|0|315|4.8|13.1|315|90.6|37.0|0.03|0.03|43.3547|34.3491
21|50|0|0|2.9|13.1|315|90.4|37.0|0.03|0.03|43.3559|34.3491
21|51|0|0|5.8|13.1|315|90.2|37.1|0.03|0.03|43.3581|34.3491
21|52|0|0|4.4|13.1|315|90.0|37.1|0.02|0.03|43.3588|34.3491
21|53|0|0|4.4|13.1|315|89.7|37.1|0.01|0.03|43.3603|34.0699
21|54|0|0|4.4|13.1|315|89.5|37.1|0.01|0.03|43.3604|34.0699
21|55|0|0|5.8|13.1|315|89.4|37.2|0.01|0.03|43.3619|34.0699
21|56|0|0|3.2|13.1|315|89.2|37.2|0.01|0.03|43.3617|34.0699
21|57|0|0|4.4|13.1|315|89.3|37.3|0.01|0.03|43.3645|34.0699
21|58|0|0|2.9|13.1|315|89.3|37.3|0.01|0.03|43.3647|34.0699
21|59|0|45|2.9|13.1|315|89.3|37.4|0.00|0.03|43.3656|34.0699
22|00|0|45|4.4|13.1|315|89.3|37.3|0.00|0.03|43.3646|34.0699
22|01|0|45|3.2|13.1|315|89.4|37.4|0.00|0.03|43.3668|34.0699
22|02|0|0|2.9|13.1|315|89.3|37.4|0.00|0.03|43.3674|34.0699
22|03|0|45|3.2|13.1|315|89.4|37.3|0.01|0.04|43.3674|34.0699
22|04|0|45|2.9|13.1|315|89.4|37.3|0.01|0.04|43.3683|34.0699
22|06|0|23|4.4|13.1|315|89.4|37.3|0.01|0.04|43.3702|34.0699
22|07|0|45|2.9|13.1|315|89.3|37.3|0.01|0.04|43.3707|34.0699
22|08|0|45|4.4|13.1|315|89.5|37.3|0.01|0.04|43.3737|34.0699
22|09|0|0|5.8|13.1|315|89.7|37.2|0.01|0.04|43.3762|34.0699
22|10|0|0|5.8|13.1|315|89.8|37.1|0.01|0.04|43.3771|34.0699
22|11|0|45|2.9|13.1|315|89.9|37.0|0.01|0.04|43.377|34.0699
22|12|0|23|1.5|13.1|315|90.0|37.0|0.01|0.04|43.38|34.3491
22|13|0|45|4.4|13.1|315|90.1|37.0|0.01|0.04|43.3809|34.3491
22|14|0|45|4.8|13.1|315|90.1|36.8|0.01|0.04|43.3784|33.3613
22|15|0|45|4.4|13.1|315|89.7|36.7|0.01|0.04|43.3806|33.0834
22|16|0|45|4.8|13.1|315|89.5|36.7|0.01|0.04|43.3818|33.0834
22|17|0|68|4.4|13.1|315|88.9|36.7|0.01|0.04|43.3797|32.8027
22|18|0|45|5.8|13.1|315|87.9|36.7|0.01|0.04|43.3809|32.5191
22|19|0|23|4.8|13.1|315|87.4|36.7|0.01|0.04|43.3829|32.5191
22|20|0|45|5.8|13.1|315|86.9|36.7|0.01|0.04|43.3826|32.2327
22|21|0|45|4.8|13.1|315|85.7|36.8|0.01|0.04|43.3844|31.9433
22|22|0|23|4.4|13.1|315|84.9|37.0|0.01|0.04|43.3856|32.6308
22|23|0|45|4.4|13.1|315|83.5|37.0|0.02|0.05|43.3859|32.3339
22|25|0|45|4.4|13.1|315|83.6|37.1|0.02|0.05|43.3893|32.3339
22|26|0|45|2.9|13.1|315|84.5|37.2|0.02|0.05|43.3895|32.6308
22|27|0|0|3.2|13.1|315|84.8|37.2|0.02|0.05|43.3913|32.6308
22|29|0|0|5.8|13.1|315|84.0|37.3|0.02|0.05|43.3932|32.6308
22|30|0|0|4.4|13.1|315|82.6|37.3|0.02|0.05|43.393|32.0339
22|31|0|0|4.4|13.1|315|81.0|37.3|0.02|0.05|43.393|31.7305
22|32|0|0|4.4|13.1|315|79.4|37.4|0.02|0.05|43.392|31.1139
22|33|0|0|2.9|13.1|315|78.2|37.4|0.02|0.05|43.3934|30.8003
22|34|0|45|2.9|13.1|315|77.2|37.5|0.02|0.05|43.3938|30.4832
22|36|0|45|5.8|13.1|315|76.8|37.6|0.03|0.07|43.3969|30.1624
22|36|0|45|3.2|13.1|315|79.2|37.6|0.03|0.07|43.3974|31.1139
22|38|0|45|3.2|13.1|315|81.8|37.7|0.03|0.07|43.3984|31.7305
22|38|0|45|4.4|13.1|315|83.0|37.6|0.03|0.07|43.3984|32.3339
22|41|0|45|5.8|13.1|315|84.0|37.5|0.03|0.07|43.402|32.6308
22|42|0|45|4.4|13.1|315|84.0|37.4|0.04|0.08|43.4034|32.6308
22|43|0|68|4.8|13.1|315|84.1|37.3|0.04|0.08|43.404|32.6308
22|44|0|45|1.5|13.1|315|84.5|37.3|0.04|0.08|43.4034|32.6308
22|45|0|45|1.6|13.1|315|83.1|37.2|0.04|0.08|43.4036|32.3339
22|46|0|45|4.4|13.1|315|82.9|37.2|0.04|0.08|43.4052|32.0339
22|47|0|45|4.4|13.1|315|82.1|37.1|0.04|0.08|43.4083|32.0339
22|48|0|45|3.2|13.1|315|81.5|37.1|0.04|0.08|43.4089|31.7305
22|49|0|90|2.9|13.1|315|81.3|37.1|0.04|0.08|43.4093|31.7305
22|50|0|45|3.2|13.1|315|81.7|37.1|0.04|0.08|43.4118|31.7305
22|51|0|90|4.4|13.1|315|82.0|37.1|0.04|0.08|43.4106|32.0339
22|52|0|90|4.8|13.1|315|80.7|37.1|0.04|0.08|43.4122|31.4239
22|53|0|45|2.9|13.1|315|79.6|37.1|0.04|0.08|43.415|31.1139
22|54|0|45|4.4|13.1|315|79.0|37.1|0.04|0.08|43.4182|31.1139
22|56|0|45|2.9|13.1|315|79.1|37.2|0.04|0.08|43.4174|31.1139
22|57|0|45|3.2|13.1|315|78.4|37.1|0.04|0.08|43.418|30.8003
22|59|0|0|4.4|13.1|315|78.4|37.1|0.04|0.08|43.4182|30.8003
22|59|0|0|4.4|13.1|315|78.7|37.1|0.04|0.08|43.4174|30.8003
23|01|0|0|2.9|13.1|315|77.6|37.1|0.04|0.08|43.4207|30.4832
23|03|0|315|4.4|13.1|315|78.0|37.0|0.03|0.08|43.4183|30.8003
23|04|0|315|4.8|13.1|315|78.6|37.0|0.03|0.08|43.4208|30.8003
23|06|0|315|3.2|13.1|315|78.3|36.8|0.03|0.08|43.4268|29.8288
23|07|0|315|4.4|13.1|315|78.3|36.7|0.03|0.08|43.4282|29.8288
23|08|0|315|5.8|13.1|315|79.2|36.7|0.03|0.08|43.4279|30.1409
23|09|0|315|2.9|13.1|315|78.5|36.6|0.03|0.08|43.4276|29.8288
23|10|0|315|1.5|13.1|315|78.9|36.6|0.03|0.08|43.4272|29.8288
23|11|0|315|4.4|13.1|315|78.8|36.5|0.03|0.08|43.426|29.8288
23|12|0|270|1.5|13.1|315|78.1|36.4|0.03|0.08|43.4264|29.8288
23|13|0|270|2.9|13.1|315|78.3|36.5|0.03|0.08|43.4262|29.8288
23|14|0|270|1.5|13.1|315|77.4|36.5|0.03|0.08|43.4253|29.5131
23|15|0|225|2.9|13.1|315|77.8|36.5|0.03|0.08|43.4251|29.5131
23|16|0|225|3.2|13.1|315|78.6|36.5|0.03|0.08|43.4252|29.8288
23|18|0|225|1.5|13.1|315|78.8|36.5|0.03|0.08|43.4249|29.8288
23|18|0|225|1.5|13.1|315|78.7|36.5|0.03|0.08|43.4238|29.8288
23|20|0|225|0.0|13.1|315|78.9|36.5|0.03|0.08|43.4254|29.8288
23|21|0|270|1.5|13.1|315|79.2|36.5|0.03|0.08|43.4248|30.1409
23|23|0|270|1.5|13.1|315|79.1|36.6|0.02|0.08|43.4255|30.1409
23|25|0|270|3.2|13.1|315|78.1|36.6|0.02|0.08|43.4278|29.8288
23|26|0|315|2.9|13.1|315|78.0|36.6|0.02|0.08|43.43|29.8288
23|27|0|270|5.8|13.1|315|77.8|36.5|0.02|0.08|43.4296|29.5131
23|28|0|270|2.9|13.1|315|77.4|36.5|0.02|0.08|43.4327|29.5131
23|29|0|293|3.2|13.1|315|77.5|36.5|0.02|0.08|43.4348|29.5131
23|30|0|270|4.4|13.1|315|77.7|36.5|0.02|0.08|43.4349|29.5131
23|31|0|270|3.2|13.1|315|77.4|36.4|0.02|0.08|43.4342|29.5131
23|32|0|270|2.9|13.1|315|77.3|36.5|0.02|0.08|43.4392|29.5131
23|33|0|270|2.9|13.1|315|77.5|36.5|0.02|0.08|43.4388|29.5131
23|34|0|225|4.8|13.1|315|77.3|36.5|0.02|0.08|43.4385|29.5131
23|36|0|270|4.4|13.1|315|77.2|36.5|0.01|0.08|43.4398|29.5131
23|36|0|315|2.9|13.1|315|77.0|36.5|0.01|0.08|43.4411|29.5131
23|38|0|315|1.5|13.1|315|77.1|36.5|0.01|0.08|43.443|29.5131
23|40|0|293|1.5|13.1|315|76.9|36.5|0.01|0.08|43.4455|29.1938
23|41|0|315|4.4|13.1|315|77.1|36.5|0.00|0.08|43.446|29.5131
23|42|0|315|5.8|13.1|315|77.2|36.4|0.00|0.08|43.4464|29.5131
23|43|0|315|4.4|13.1|315|77.4|36.4|0.00|0.08|43.4458|29.5131
23|44|0|315|2.9|13.1|315|77.9|36.4|0.00|0.08|43.4466|29.5131
23|45|0|315|3.2|13.1|315|78.2|36.4|0.00|0.08|43.4457|29.8288
23|46|0|315|4.4|13.1|315|78.4|36.3|0.00|0.08|43.446|29.8288
23|47|0|315|5.8|13.1|315|78.5|36.3|0.00|0.08|43.4462|29.8288
23|48|0|315|4.4|13.1|315|78.5|36.3|0.00|0.08|43.4501|29.8288
23|49|0|315|2.9|13.1|315|78.8|36.3|0.00|0.08|43.4502|29.8288
23|50|0|315|2.9|13.1|315|79.3|36.3|0.00|0.08|43.4516|30.1409
23|52|0|315|3.2|13.1|315|79.4|36.3|0.00|0.08|43.4499|30.1409
23|52|0|315|2.9|13.1|315|79.9|36.3|0.00|0.08|43.4508|30.1409
23|53|0|315|3.2|13.1|315|80.0|36.2|0.00|0.08|43.452|30.4495
23|54|0|315|1.5|13.1|315|80.2|36.2|0.00|0.08|43.452|30.4495
23|55|0|315|2.9|13.1|315|80.5|36.0|0.00|0.08|43.4509|30.4495
23|56|0|315|2.9|13.1|315|80.7|36.0|0.00|0.08|43.4522|30.4495
23|57|0|315|2.9|13.1|315|81.0|35.9|0.00|0.08|43.4513|29.7789
23|59|0|315|3.2|13.1|315|80.9|35.9|0.00|0.08|43.4523|29.4751
